pt_graph coeff
365 0.5
365 0.5
365 0.5
365 0.5
365 0.5
365 0.5
365 0.05
365 0.05
365 0.05
365 0.5
365 0.5
365 0.5
365 0.5
365 0.5
366 0.5
366 0.5
366 0.5
366 0.5
366 0.5
366 0.5
366 0.05
366 0.05
366 0.05
366 0.5
366 0.5
366 0.5
366 0.5
366 0.5
367 0.5
367 0.5
367 0.5
367 0.5
367 0.5
367 0.5
367 0.05
367 0.05
367 0.05
367 0.5
367 0.5
367 0.5
367 0.5
367 0.5
368 0.5
368 0.5
368 0.5
368 0.5
368 0.5
368 0.5
368 0.05
368 0.05
368 0.05
368 0.5
368 0.5
368 0.5
368 0.5
368 0.5
429 0.5
429 0.5
429 0.5
429 0.5
429 0.5
429 0.5
429 0.05
429 0.05
429 0.05
429 0.5
429 0.5
429 0.5
429 0.5
429 0.5
430 0.5
430 0.5
430 0.5
430 0.5
430 0.5
430 0.5
430 0.05
430 0.05
430 0.05
430 0.5
430 0.5
430 0.5
430 0.5
430 0.5
431 0.5
431 0.5
431 0.5
431 0.5
431 0.5
431 0.5
431 0.05
431 0.05
431 0.05
431 0.5
431 0.5
431 0.5
431 0.5
431 0.5
432 0.5
432 0.5
432 0.5
432 0.5
432 0.5
432 0.5
432 0.05
432 0.05
432 0.05
432 0.5
432 0.5
432 0.5
432 0.5
432 0.5
433 0.5
433 0.5
433 0.5
433 0.5
433 0.5
433 0.5
433 0.05
433 0.05
433 0.05
433 0.5
433 0.5
433 0.5
433 0.5
433 0.5
434 0.5
434 0.5
434 0.5
434 0.5
434 0.5
434 0.5
434 0.05
434 0.05
434 0.05
434 0.5
434 0.5
434 0.5
434 0.5
434 0.5
435 0.5
435 0.5
435 0.5
435 0.5
435 0.5
435 0.5
435 0.05
435 0.05
435 0.05
435 0.5
435 0.5
435 0.5
435 0.5
435 0.5
498 0.5
498 0.5
498 0.5
498 0.5
498 0.5
498 0.5
498 0.05
498 0.05
498 0.05
498 0.5
498 0.5
498 0.5
498 0.5
498 0.5
499 0.5
499 0.5
499 0.5
499 0.5
499 0.5
499 0.5
499 0.05
499 0.05
499 0.05
499 0.5
499 0.5
499 0.5
499 0.5
499 0.5
500 0.5
500 0.5
500 0.5
500 0.5
500 0.5
500 0.5
500 0.05
500 0.05
500 0.05
500 0.5
500 0.5
500 0.5
500 0.5
500 0.5
501 0.5
501 0.5
501 0.5
501 0.5
501 0.5
501 0.5
501 0.05
501 0.05
501 0.05
501 0.5
501 0.5
501 0.5
501 0.5
501 0.5
502 0.5
502 0.5
502 0.5
502 0.5
502 0.5
502 0.5
502 0.05
502 0.05
502 0.05
502 0.5
502 0.5
502 0.5
502 0.5
502 0.5
503 0.5
503 0.5
503 0.5
503 0.5
503 0.5
503 0.5
503 0.05
503 0.05
503 0.05
503 0.5
503 0.5
503 0.5
503 0.5
503 0.5
504 0.5
504 0.5
504 0.5
504 0.5
504 0.5
504 0.5
504 0.05
504 0.05
504 0.05
504 0.5
504 0.5
504 0.5
504 0.5
504 0.5
505 0.5
505 0.5
505 0.5
505 0.5
505 0.5
505 0.5
505 0.05
505 0.05
505 0.05
505 0.5
505 0.5
505 0.5
505 0.5
505 0.5
506 0.5
506 0.5
506 0.5
506 0.5
506 0.5
506 0.5
506 0.05
506 0.05
506 0.05
506 0.5
506 0.5
506 0.5
506 0.5
506 0.5
507 0.5
507 0.5
507 0.5
507 0.5
507 0.5
507 0.5
507 0.05
507 0.05
507 0.05
507 0.5
507 0.5
507 0.5
507 0.5
507 0.5
508 0.5
508 0.5
508 0.5
508 0.5
508 0.5
508 0.5
508 0.05
508 0.05
508 0.05
508 0.5
508 0.5
508 0.5
508 0.5
508 0.5
578 0.5
578 0.5
578 0.5
578 0.5
578 0.5
578 0.5
578 0.05
578 0.05
578 0.05
578 0.5
578 0.5
578 0.5
578 0.5
578 0.5
579 0.5
579 0.5
579 0.5
579 0.5
579 0.5
579 0.5
579 0.05
579 0.05
579 0.05
579 0.5
579 0.5
579 0.5
579 0.5
579 0.5
580 0.5
580 0.5
580 0.5
580 0.5
580 0.5
580 0.5
580 0.05
580 0.05
580 0.05
580 0.5
580 0.5
580 0.5
580 0.5
580 0.5
581 0.5
581 0.5
581 0.5
581 0.5
581 0.5
581 0.5
581 0.05
581 0.05
581 0.05
581 0.5
581 0.5
581 0.5
581 0.5
581 0.5
582 0.5
582 0.5
582 0.5
582 0.5
582 0.5
582 0.5
582 0.05
582 0.05
582 0.05
582 0.5
582 0.5
582 0.5
582 0.5
582 0.5
583 0.5
583 0.5
583 0.5
583 0.5
583 0.5
583 0.5
583 0.05
583 0.05
583 0.05
583 0.5
583 0.5
583 0.5
583 0.5
583 0.5
584 0.5
584 0.5
584 0.5
584 0.5
584 0.5
584 0.5
584 0.05
584 0.05
584 0.05
584 0.5
584 0.5
584 0.5
584 0.5
584 0.5
585 0.5
585 0.5
585 0.5
585 0.5
585 0.5
585 0.5
585 0.05
585 0.05
585 0.05
585 0.5
585 0.5
585 0.5
585 0.5
585 0.5
586 0.5
586 0.5
586 0.5
586 0.5
586 0.5
586 0.5
586 0.05
586 0.05
586 0.05
586 0.5
586 0.5
586 0.5
586 0.5
586 0.5
587 0.5
587 0.5
587 0.5
587 0.5
587 0.5
587 0.5
587 0.05
587 0.05
587 0.05
587 0.5
587 0.5
587 0.5
587 0.5
587 0.5
656 0.5
656 0.5
656 0.5
656 0.5
656 0.5
656 0.5
656 0.05
656 0.05
656 0.05
656 0.5
656 0.5
656 0.5
656 0.5
656 0.5
657 0.5
657 0.5
657 0.5
657 0.5
657 0.5
657 0.5
657 0.05
657 0.05
657 0.05
657 0.5
657 0.5
657 0.5
657 0.5
657 0.5
658 0.5
658 0.5
658 0.5
658 0.5
658 0.5
658 0.5
658 0.05
658 0.05
658 0.05
658 0.5
658 0.5
658 0.5
658 0.5
658 0.5
659 0.5
659 0.5
659 0.5
659 0.5
659 0.5
659 0.5
659 0.05
659 0.05
659 0.05
659 0.5
659 0.5
659 0.5
659 0.5
659 0.5
660 0.5
660 0.5
660 0.5
660 0.5
660 0.5
660 0.5
660 0.05
660 0.05
660 0.05
660 0.5
660 0.5
660 0.5
660 0.5
660 0.5
661 0.5
661 0.5
661 0.5
661 0.5
661 0.5
661 0.5
661 0.05
661 0.05
661 0.05
661 0.5
661 0.5
661 0.5
661 0.5
661 0.5
662 0.5
662 0.5
662 0.5
662 0.5
662 0.5
662 0.5
662 0.05
662 0.05
662 0.05
662 0.5
662 0.5
662 0.5
662 0.5
662 0.5
663 0.5
663 0.5
663 0.5
663 0.5
663 0.5
663 0.5
663 0.05
663 0.05
663 0.05
663 0.5
663 0.5
663 0.5
663 0.5
663 0.5
664 0.5
664 0.5
664 0.5
664 0.5
664 0.5
664 0.5
664 0.05
664 0.05
664 0.05
664 0.5
664 0.5
664 0.5
664 0.5
664 0.5
738 0.5
738 0.5
738 0.5
738 0.5
738 0.5
738 0.5
738 0.05
738 0.05
738 0.05
738 0.5
738 0.5
738 0.5
738 0.5
738 0.5
739 0.5
739 0.5
739 0.5
739 0.5
739 0.5
739 0.5
739 0.05
739 0.05
739 0.05
739 0.5
739 0.5
739 0.5
739 0.5
739 0.5
740 0.5
740 0.5
740 0.5
740 0.5
740 0.5
740 0.5
740 0.05
740 0.05
740 0.05
740 0.5
740 0.5
740 0.5
740 0.5
740 0.5
741 0.5
741 0.5
741 0.5
741 0.5
741 0.5
741 0.5
741 0.05
741 0.05
741 0.05
741 0.5
741 0.5
741 0.5
741 0.5
741 0.5
742 0.5
742 0.5
742 0.5
742 0.5
742 0.5
742 0.5
742 0.05
742 0.05
742 0.05
742 0.5
742 0.5
742 0.5
742 0.5
742 0.5
743 0.5
743 0.5
743 0.5
743 0.5
743 0.5
743 0.5
743 0.05
743 0.05
743 0.05
743 0.5
743 0.5
743 0.5
743 0.5
743 0.5
744 0.5
744 0.5
744 0.5
744 0.5
744 0.5
744 0.5
744 0.05
744 0.05
744 0.05
744 0.5
744 0.5
744 0.5
744 0.5
744 0.5
745 0.5
745 0.5
745 0.5
745 0.5
745 0.5
745 0.5
745 0.05
745 0.05
745 0.05
745 0.5
745 0.5
745 0.5
745 0.5
745 0.5
819 0.5
819 0.5
819 0.5
819 0.5
819 0.5
819 0.5
819 0.05
819 0.05
819 0.05
819 0.5
819 0.5
819 0.5
819 0.5
819 0.5
820 0.5
820 0.5
820 0.5
820 0.5
820 0.5
820 0.5
820 0.05
820 0.05
820 0.05
820 0.5
820 0.5
820 0.5
820 0.5
820 0.5
821 0.5
821 0.5
821 0.5
821 0.5
821 0.5
821 0.5
821 0.05
821 0.05
821 0.05
821 0.5
821 0.5
821 0.5
821 0.5
821 0.5
822 0.5
822 0.5
822 0.5
822 0.5
822 0.5
822 0.5
822 0.05
822 0.05
822 0.05
822 0.5
822 0.5
822 0.5
822 0.5
822 0.5
823 0.5
823 0.5
823 0.5
823 0.5
823 0.5
823 0.5
823 0.05
823 0.05
823 0.05
823 0.5
823 0.5
823 0.5
823 0.5
823 0.5
824 0.5
824 0.5
824 0.5
824 0.5
824 0.5
824 0.5
824 0.05
824 0.05
824 0.05
824 0.5
824 0.5
824 0.5
824 0.5
824 0.5
825 0.5
825 0.5
825 0.5
825 0.5
825 0.5
825 0.5
825 0.05
825 0.05
825 0.05
825 0.5
825 0.5
825 0.5
825 0.5
825 0.5
826 0.5
826 0.5
826 0.5
826 0.5
826 0.5
826 0.5
826 0.05
826 0.05
826 0.05
826 0.5
826 0.5
826 0.5
826 0.5
826 0.5
827 0.5
827 0.5
827 0.5
827 0.5
827 0.5
827 0.5
827 0.05
827 0.05
827 0.05
827 0.5
827 0.5
827 0.5
827 0.5
827 0.5
828 0.5
828 0.5
828 0.5
828 0.5
828 0.5
828 0.5
828 0.05
828 0.05
828 0.05
828 0.5
828 0.5
828 0.5
828 0.5
828 0.5
829 0.5
829 0.5
829 0.5
829 0.5
829 0.5
829 0.5
829 0.05
829 0.05
829 0.05
829 0.5
829 0.5
829 0.5
829 0.5
829 0.5
901 0.5
901 0.5
901 0.5
901 0.5
901 0.5
901 0.5
901 0.05
901 0.05
901 0.05
901 0.5
901 0.5
901 0.5
901 0.5
901 0.5
902 0.5
902 0.5
902 0.5
902 0.5
902 0.5
902 0.5
902 0.05
902 0.05
902 0.05
902 0.5
902 0.5
902 0.5
902 0.5
902 0.5
903 0.5
903 0.5
903 0.5
903 0.5
903 0.5
903 0.5
903 0.05
903 0.05
903 0.05
903 0.5
903 0.5
903 0.5
903 0.5
903 0.5
904 0.5
904 0.5
904 0.5
904 0.5
904 0.5
904 0.5
904 0.05
904 0.05
904 0.05
904 0.5
904 0.5
904 0.5
904 0.5
904 0.5
905 0.5
905 0.5
905 0.5
905 0.5
905 0.5
905 0.5
905 0.05
905 0.05
905 0.05
905 0.5
905 0.5
905 0.5
905 0.5
905 0.5
906 0.5
906 0.5
906 0.5
906 0.5
906 0.5
906 0.5
906 0.05
906 0.05
906 0.05
906 0.5
906 0.5
906 0.5
906 0.5
906 0.5
907 0.1
907 0.1
907 0.1
907 0.1
907 0.1
907 0.1
907 0.05
907 0.05
907 0.05
907 0.5
907 0.5
907 0.5
907 0.5
907 0.5
908 0.1
908 0.1
908 0.1
908 0.1
908 0.1
908 0.1
908 0.05
908 0.05
908 0.05
908 0.5
908 0.5
908 0.5
908 0.5
908 0.5
909 0.1
909 0.1
909 0.1
909 0.1
909 0.1
909 0.1
909 0.05
909 0.05
909 0.05
909 0.5
909 0.5
909 0.5
909 0.5
909 0.5
910 0.5
910 0.5
910 0.5
910 0.5
910 0.5
910 0.5
910 0.05
910 0.05
910 0.05
910 0.5
910 0.5
910 0.5
910 0.5
910 0.5
979 0.5
979 0.5
979 0.5
979 0.5
979 0.5
979 0.5
979 0.05
979 0.05
979 0.05
979 0.5
979 0.5
979 0.5
979 0.5
979 0.5
980 0.5
980 0.5
980 0.5
980 0.5
980 0.5
980 0.5
980 0.05
980 0.05
980 0.05
980 0.5
980 0.5
980 0.5
980 0.5
980 0.5
981 0.5
981 0.5
981 0.5
981 0.5
981 0.5
981 0.5
981 0.05
981 0.05
981 0.05
981 0.5
981 0.5
981 0.5
981 0.5
981 0.5
982 0.5
982 0.5
982 0.5
982 0.5
982 0.5
982 0.5
982 0.05
982 0.05
982 0.05
982 0.5
982 0.5
982 0.5
982 0.5
982 0.5
983 0.5
983 0.5
983 0.5
983 0.5
983 0.5
983 0.5
983 0.05
983 0.05
983 0.05
983 0.5
983 0.5
983 0.5
983 0.5
983 0.5
984 0.5
984 0.5
984 0.5
984 0.5
984 0.5
984 0.5
984 0.05
984 0.05
984 0.05
984 0.5
984 0.5
984 0.5
984 0.5
984 0.5
985 0.1
985 0.1
985 0.1
985 0.1
985 0.1
985 0.1
985 0.05
985 0.05
985 0.05
985 0.5
985 0.5
985 0.5
985 0.5
985 0.5
986 0.1
986 0.1
986 0.1
986 0.1
986 0.1
986 0.1
986 0.05
986 0.05
986 0.05
986 0.5
986 0.5
986 0.5
986 0.5
986 0.5
987 0.1
987 0.1
987 0.1
987 0.1
987 0.1
987 0.1
987 0.05
987 0.05
987 0.05
987 0.5
987 0.5
987 0.5
987 0.5
987 0.5
988 0.1
988 0.1
988 0.1
988 0.1
988 0.1
988 0.1
988 0.05
988 0.05
988 0.05
988 0.5
988 0.5
988 0.5
988 0.5
988 0.5
989 0.1
989 0.1
989 0.1
989 0.1
989 0.1
989 0.1
989 0.05
989 0.05
989 0.05
989 0.5
989 0.5
989 0.5
989 0.5
989 0.5
990 0.5
990 0.5
990 0.5
990 0.5
990 0.5
990 0.5
990 0.05
990 0.05
990 0.05
990 0.5
990 0.5
990 0.5
990 0.5
990 0.5
1063 0.5
1063 0.5
1063 0.5
1063 0.5
1063 0.5
1063 0.5
1063 0.05
1063 0.05
1063 0.05
1063 0.5
1063 0.5
1063 0.5
1063 0.5
1063 0.5
1064 0.5
1064 0.5
1064 0.5
1064 0.5
1064 0.5
1064 0.5
1064 0.05
1064 0.05
1064 0.05
1064 0.5
1064 0.5
1064 0.5
1064 0.5
1064 0.5
1065 0.5
1065 0.5
1065 0.5
1065 0.5
1065 0.5
1065 0.5
1065 0.05
1065 0.05
1065 0.05
1065 0.5
1065 0.5
1065 0.5
1065 0.5
1065 0.5
1066 0.1
1066 0.1
1066 0.1
1066 0.1
1066 0.1
1066 0.1
1066 0.05
1066 0.05
1066 0.05
1066 0.5
1066 0.5
1066 0.5
1066 0.5
1066 0.5
1067 0.1
1067 0.1
1067 0.1
1067 0.1
1067 0.1
1067 0.1
1067 0.05
1067 0.05
1067 0.05
1067 0.5
1067 0.5
1067 0.5
1067 0.5
1067 0.5
1068 0.1
1068 0.1
1068 0.1
1068 0.1
1068 0.1
1068 0.1
1068 0.05
1068 0.05
1068 0.05
1068 0.5
1068 0.5
1068 0.5
1068 0.5
1068 0.5
1069 0.1
1069 0.1
1069 0.1
1069 0.1
1069 0.1
1069 0.1
1069 0.05
1069 0.05
1069 0.05
1069 0.5
1069 0.5
1069 0.5
1069 0.5
1069 0.5
1070 0.1
1070 0.1
1070 0.1
1070 0.1
1070 0.1
1070 0.1
1070 0.05
1070 0.05
1070 0.05
1070 0.5
1070 0.5
1070 0.5
1070 0.5
1070 0.5
1071 0.1
1071 0.1
1071 0.1
1071 0.1
1071 0.1
1071 0.1
1071 0.05
1071 0.05
1071 0.05
1071 0.5
1071 0.5
1071 0.5
1071 0.5
1071 0.5
1072 0.1
1072 0.1
1072 0.1
1072 0.1
1072 0.1
1072 0.1
1072 0.05
1072 0.05
1072 0.05
1072 0.5
1072 0.5
1072 0.5
1072 0.5
1072 0.5
1073 0.5
1073 0.5
1073 0.5
1073 0.5
1073 0.5
1073 0.5
1073 0.05
1073 0.05
1073 0.05
1073 0.5
1073 0.5
1073 0.5
1073 0.5
1073 0.5
1146 0.5
1146 0.5
1146 0.5
1146 0.5
1146 0.5
1146 0.5
1146 0.05
1146 0.05
1146 0.05
1146 0.5
1146 0.5
1146 0.5
1146 0.5
1146 0.5
1147 0.5
1147 0.5
1147 0.5
1147 0.5
1147 0.5
1147 0.5
1147 0.05
1147 0.05
1147 0.05
1147 0.5
1147 0.5
1147 0.5
1147 0.5
1147 0.5
1148 0.5
1148 0.5
1148 0.5
1148 0.5
1148 0.5
1148 0.5
1148 0.05
1148 0.05
1148 0.05
1148 0.5
1148 0.5
1148 0.5
1148 0.5
1148 0.5
1149 0.5
1149 0.5
1149 0.5
1149 0.5
1149 0.5
1149 0.5
1149 0.05
1149 0.05
1149 0.05
1149 0.5
1149 0.5
1149 0.5
1149 0.5
1149 0.5
1150 0.1
1150 0.1
1150 0.1
1150 0.1
1150 0.1
1150 0.1
1150 0.05
1150 0.05
1150 0.05
1150 0.5
1150 0.5
1150 0.5
1150 0.5
1150 0.5
1151 0.1
1151 0.1
1151 0.1
1151 0.1
1151 0.1
1151 0.1
1151 0.05
1151 0.05
1151 0.05
1151 0.5
1151 0.5
1151 0.5
1151 0.5
1151 0.5
1152 0.1
1152 0.1
1152 0.1
1152 0.1
1152 0.1
1152 0.1
1152 0.05
1152 0.05
1152 0.05
1152 0.5
1152 0.5
1152 0.5
1152 0.5
1152 0.5
1153 0.1
1153 0.1
1153 0.1
1153 0.1
1153 0.1
1153 0.1
1153 0.05
1153 0.05
1153 0.05
1153 0.5
1153 0.5
1153 0.5
1153 0.5
1153 0.5
1154 0.1
1154 0.1
1154 0.1
1154 0.1
1154 0.1
1154 0.1
1154 0.05
1154 0.05
1154 0.05
1154 0.05
1154 0.05
1154 0.05
1154 0.05
1154 0.05
1155 0.1
1155 0.1
1155 0.1
1155 0.1
1155 0.1
1155 0.1
1155 0.05
1155 0.05
1155 0.05
1155 0.5
1155 0.5
1155 0.5
1155 0.5
1155 0.5
1156 0.1
1156 0.1
1156 0.1
1156 0.1
1156 0.1
1156 0.1
1156 0.05
1156 0.05
1156 0.05
1156 0.5
1156 0.5
1156 0.5
1156 0.5
1156 0.5
1157 0.5
1157 0.5
1157 0.5
1157 0.5
1157 0.5
1157 0.5
1157 0.05
1157 0.05
1157 0.05
1157 0.5
1157 0.5
1157 0.5
1157 0.5
1157 0.5
1229 0.5
1229 0.5
1229 0.5
1229 0.5
1229 0.5
1229 0.5
1229 0.05
1229 0.05
1229 0.05
1229 0.5
1229 0.5
1229 0.5
1229 0.5
1229 0.5
1230 0.5
1230 0.5
1230 0.5
1230 0.5
1230 0.5
1230 0.5
1230 0.05
1230 0.05
1230 0.05
1230 0.5
1230 0.5
1230 0.5
1230 0.5
1230 0.5
1231 0.5
1231 0.5
1231 0.5
1231 0.5
1231 0.5
1231 0.5
1231 0.05
1231 0.05
1231 0.05
1231 0.5
1231 0.5
1231 0.5
1231 0.5
1231 0.5
1232 0.1
1232 0.1
1232 0.1
1232 0.1
1232 0.1
1232 0.1
1232 0.05
1232 0.05
1232 0.05
1232 0.5
1232 0.5
1232 0.5
1232 0.5
1232 0.5
1233 0.1
1233 0.1
1233 0.1
1233 0.1
1233 0.1
1233 0.1
1233 0.05
1233 0.05
1233 0.05
1233 0.5
1233 0.5
1233 0.5
1233 0.5
1233 0.5
1234 0.1
1234 0.1
1234 0.1
1234 0.1
1234 0.1
1234 0.1
1234 0.05
1234 0.05
1234 0.05
1234 0.05
1234 0.05
1234 0.05
1234 0.05
1234 0.05
1235 0.1
1235 0.1
1235 0.1
1235 0.1
1235 0.1
1235 0.1
1235 0.05
1235 0.05
1235 0.05
1235 0.05
1235 0.05
1235 0.05
1235 0.05
1235 0.05
1236 0.1
1236 0.1
1236 0.1
1236 0.1
1236 0.1
1236 0.1
1236 0.05
1236 0.05
1236 0.05
1236 0.5
1236 0.5
1236 0.5
1236 0.5
1236 0.5
1237 0.5
1237 0.5
1237 0.5
1237 0.5
1237 0.5
1237 0.5
1237 0.05
1237 0.05
1237 0.05
1237 0.5
1237 0.5
1237 0.5
1237 0.5
1237 0.5
1313 0.5
1313 0.5
1313 0.5
1313 0.5
1313 0.5
1313 0.5
1313 0.05
1313 0.05
1313 0.05
1313 0.5
1313 0.5
1313 0.5
1313 0.5
1313 0.5
1314 0.5
1314 0.5
1314 0.5
1314 0.5
1314 0.5
1314 0.5
1314 0.05
1314 0.05
1314 0.05
1314 0.5
1314 0.5
1314 0.5
1314 0.5
1314 0.5
1315 0.5
1315 0.5
1315 0.5
1315 0.5
1315 0.5
1315 0.5
1315 0.05
1315 0.05
1315 0.05
1315 0.5
1315 0.5
1315 0.5
1315 0.5
1315 0.5
1316 0.1
1316 0.1
1316 0.1
1316 0.1
1316 0.1
1316 0.1
1316 0.05
1316 0.05
1316 0.05
1316 0.5
1316 0.5
1316 0.5
1316 0.5
1316 0.5
1317 0.1
1317 0.1
1317 0.1
1317 0.1
1317 0.1
1317 0.1
1317 0.05
1317 0.05
1317 0.05
1317 0.5
1317 0.5
1317 0.5
1317 0.5
1317 0.5
1318 0.1
1318 0.1
1318 0.1
1318 0.1
1318 0.1
1318 0.1
1318 0.05
1318 0.05
1318 0.05
1318 0.05
1318 0.05
1318 0.05
1318 0.05
1318 0.05
1319 0.05
1319 0.05
1319 0.05
1319 0.05
1319 0.05
1319 0.05
1319 0.05
1319 0.05
1319 0.05
1319 0.05
1319 0.05
1319 0.05
1319 0.05
1319 0.05
1393 0.5
1393 0.5
1393 0.5
1393 0.5
1393 0.5
1393 0.5
1393 0.05
1393 0.05
1393 0.05
1393 0.5
1393 0.5
1393 0.5
1393 0.5
1393 0.5
1394 0.1
1394 0.1
1394 0.1
1394 0.1
1394 0.1
1394 0.1
1394 0.05
1394 0.05
1394 0.05
1394 0.5
1394 0.5
1394 0.5
1394 0.5
1394 0.5
1395 0.1
1395 0.1
1395 0.1
1395 0.1
1395 0.1
1395 0.1
1395 0.05
1395 0.05
1395 0.05
1395 0.5
1395 0.5
1395 0.5
1395 0.5
1395 0.5
1396 0.1
1396 0.1
1396 0.1
1396 0.1
1396 0.1
1396 0.1
1396 0.05
1396 0.05
1396 0.05
1396 0.5
1396 0.5
1396 0.5
1396 0.5
1396 0.5
1397 0.1
1397 0.1
1397 0.1
1397 0.1
1397 0.1
1397 0.1
1397 0.05
1397 0.05
1397 0.05
1397 0.05
1397 0.05
1397 0.05
1397 0.05
1397 0.05
1462 0.1
1462 0.1
1462 0.1
1462 0.1
1462 0.1
1462 0.1
1462 0.05
1462 0.05
1462 0.05
1462 0.5
1462 0.5
1462 0.5
1462 0.5
1462 0.5
1463 0.1
1463 0.1
1463 0.1
1463 0.1
1463 0.1
1463 0.1
1463 0.05
1463 0.05
1463 0.05
1463 0.5
1463 0.5
1463 0.5
1463 0.5
1463 0.5
1464 0.1
1464 0.1
1464 0.1
1464 0.1
1464 0.1
1464 0.1
1464 0.05
1464 0.05
1464 0.05
1464 0.5
1464 0.5
1464 0.5
1464 0.5
1464 0.5
1526 0.1
1526 0.1
1526 0.1
1526 0.1
1526 0.1
1526 0.1
1526 0.5
1526 0.5
1526 0.5
1526 0.5
1526 0.5
1526 0.5
1526 0.5
1526 0.5
1527 0.5
1527 0.5
1527 0.5
1527 0.5
1527 0.5
1527 0.5
1527 0.05
1527 0.05
1527 0.05
1527 0.5
1527 0.5
1527 0.5
1527 0.5
1527 0.5
1528 0.1
1528 0.1
1528 0.1
1528 0.1
1528 0.1
1528 0.1
1528 0.05
1528 0.05
1528 0.05
1528 0.5
1528 0.5
1528 0.5
1528 0.5
1528 0.5
1529 0.1
1529 0.1
1529 0.1
1529 0.1
1529 0.1
1529 0.1
1529 0.05
1529 0.05
1529 0.05
1529 0.5
1529 0.5
1529 0.5
1529 0.5
1529 0.5
1532 0.5
1532 0.5
1532 0.5
1532 0.5
1532 0.5
1532 0.5
1532 0.05
1532 0.05
1532 0.05
1532 0.5
1532 0.5
1532 0.5
1532 0.5
1532 0.5
1533 0.5
1533 0.5
1533 0.5
1533 0.5
1533 0.5
1533 0.5
1533 0.05
1533 0.05
1533 0.05
1533 0.5
1533 0.5
1533 0.5
1533 0.5
1533 0.5
1534 0.5
1534 0.5
1534 0.5
1534 0.5
1534 0.5
1534 0.5
1534 0.05
1534 0.05
1534 0.05
1534 0.5
1534 0.5
1534 0.5
1534 0.5
1534 0.5
1535 0.5
1535 0.5
1535 0.5
1535 0.5
1535 0.5
1535 0.5
1535 0.05
1535 0.05
1535 0.05
1535 0.5
1535 0.5
1535 0.5
1535 0.5
1535 0.5
1590 0.1
1590 0.1
1590 0.1
1590 0.1
1590 0.1
1590 0.1
1590 0.5
1590 0.5
1590 0.5
1590 0.5
1590 0.5
1590 0.5
1590 0.5
1590 0.5
1595 0.5
1595 0.5
1595 0.5
1595 0.5
1595 0.5
1595 0.5
1595 0.05
1595 0.05
1595 0.05
1595 0.5
1595 0.5
1595 0.5
1595 0.5
1595 0.5
1596 0.5
1596 0.5
1596 0.5
1596 0.5
1596 0.5
1596 0.5
1596 0.05
1596 0.05
1596 0.05
1596 0.5
1596 0.5
1596 0.5
1596 0.5
1596 0.5
1597 0.5
1597 0.5
1597 0.5
1597 0.5
1597 0.5
1597 0.5
1597 0.05
1597 0.05
1597 0.05
1597 0.5
1597 0.5
1597 0.5
1597 0.5
1597 0.5
1598 0.5
1598 0.5
1598 0.5
1598 0.5
1598 0.5
1598 0.5
1598 0.05
1598 0.05
1598 0.05
1598 0.5
1598 0.5
1598 0.5
1598 0.5
1598 0.5
1599 0.5
1599 0.5
1599 0.5
1599 0.5
1599 0.5
1599 0.5
1599 0.05
1599 0.05
1599 0.05
1599 0.5
1599 0.5
1599 0.5
1599 0.5
1599 0.5
1655 0.1
1655 0.1
1655 0.1
1655 0.1
1655 0.1
1655 0.1
1655 0.5
1655 0.5
1655 0.5
1655 0.5
1655 0.5
1655 0.5
1655 0.5
1655 0.5
1658 0.5
1658 0.5
1658 0.5
1658 0.5
1658 0.5
1658 0.5
1658 0.05
1658 0.05
1658 0.05
1658 0.5
1658 0.5
1658 0.5
1658 0.5
1658 0.5
1659 0.5
1659 0.5
1659 0.5
1659 0.5
1659 0.5
1659 0.5
1659 0.05
1659 0.05
1659 0.05
1659 0.5
1659 0.5
1659 0.5
1659 0.5
1659 0.5
1660 0.5
1660 0.5
1660 0.5
1660 0.5
1660 0.5
1660 0.5
1660 0.05
1660 0.05
1660 0.05
1660 0.05
1660 0.05
1660 0.05
1660 0.05
1660 0.05
1661 0.5
1661 0.5
1661 0.5
1661 0.5
1661 0.5
1661 0.5
1661 0.05
1661 0.05
1661 0.05
1661 0.5
1661 0.5
1661 0.5
1661 0.5
1661 0.5
1662 0.5
1662 0.5
1662 0.5
1662 0.5
1662 0.5
1662 0.5
1662 0.05
1662 0.05
1662 0.05
1662 0.5
1662 0.5
1662 0.5
1662 0.5
1662 0.5
1716 0.1
1716 0.1
1716 0.1
1716 0.1
1716 0.1
1716 0.1
1716 0.5
1716 0.5
1716 0.5
1716 0.5
1716 0.5
1716 0.5
1716 0.5
1716 0.5
1717 0.1
1717 0.1
1717 0.1
1717 0.1
1717 0.1
1717 0.1
1717 0.5
1717 0.5
1717 0.5
1717 0.5
1717 0.5
1717 0.5
1717 0.5
1717 0.5
1720 0.5
1720 0.5
1720 0.5
1720 0.5
1720 0.5
1720 0.5
1720 0.05
1720 0.05
1720 0.05
1720 0.05
1720 0.05
1720 0.05
1720 0.05
1720 0.05
1721 0.5
1721 0.5
1721 0.5
1721 0.5
1721 0.5
1721 0.5
1721 0.05
1721 0.05
1721 0.05
1721 0.05
1721 0.05
1721 0.05
1721 0.05
1721 0.05
1722 0.5
1722 0.5
1722 0.5
1722 0.5
1722 0.5
1722 0.5
1722 0.05
1722 0.05
1722 0.05
1722 0.05
1722 0.05
1722 0.05
1722 0.05
1722 0.05
1723 0.5
1723 0.5
1723 0.5
1723 0.5
1723 0.5
1723 0.5
1723 0.05
1723 0.05
1723 0.05
1723 0.5
1723 0.5
1723 0.5
1723 0.5
1723 0.5
1780 0.1
1780 0.1
1780 0.1
1780 0.1
1780 0.1
1780 0.1
1780 0.5
1780 0.5
1780 0.5
1780 0.5
1780 0.5
1780 0.5
1780 0.5
1780 0.5
1781 0.1
1781 0.1
1781 0.1
1781 0.1
1781 0.1
1781 0.1
1781 0.5
1781 0.5
1781 0.5
1781 0.5
1781 0.5
1781 0.5
1781 0.5
1781 0.5
1782 0.1
1782 0.1
1782 0.1
1782 0.1
1782 0.1
1782 0.1
1782 0.5
1782 0.5
1782 0.5
1782 0.5
1782 0.5
1782 0.5
1782 0.5
1782 0.5
1783 0.1
1783 0.1
1783 0.1
1783 0.1
1783 0.1
1783 0.1
1783 0.5
1783 0.5
1783 0.5
1783 0.5
1783 0.5
1783 0.5
1783 0.5
1783 0.5
1786 0.5
1786 0.5
1786 0.5
1786 0.5
1786 0.5
1786 0.5
1786 0.05
1786 0.05
1786 0.05
1786 0.05
1786 0.05
1786 0.05
1786 0.05
1786 0.05
1787 0.5
1787 0.5
1787 0.5
1787 0.5
1787 0.5
1787 0.5
1787 0.05
1787 0.05
1787 0.05
1787 0.05
1787 0.05
1787 0.05
1787 0.05
1787 0.05
1788 0.5
1788 0.5
1788 0.5
1788 0.5
1788 0.5
1788 0.5
1788 0.05
1788 0.05
1788 0.05
1788 0.05
1788 0.05
1788 0.05
1788 0.05
1788 0.05
1847 0.1
1847 0.1
1847 0.1
1847 0.1
1847 0.1
1847 0.1
1847 0.5
1847 0.5
1847 0.5
1847 0.5
1847 0.5
1847 0.5
1847 0.5
1847 0.5
1848 0.1
1848 0.1
1848 0.1
1848 0.1
1848 0.1
1848 0.1
1848 0.5
1848 0.5
1848 0.5
1848 0.5
1848 0.5
1848 0.5
1848 0.5
1848 0.5
1849 0.1
1849 0.1
1849 0.1
1849 0.1
1849 0.1
1849 0.1
1849 0.5
1849 0.5
1849 0.5
1849 0.5
1849 0.5
1849 0.5
1849 0.5
1849 0.5
1850 0.1
1850 0.1
1850 0.1
1850 0.1
1850 0.1
1850 0.1
1850 0.5
1850 0.5
1850 0.5
1850 0.5
1850 0.5
1850 0.5
1850 0.5
1850 0.5
1851 0.1
1851 0.1
1851 0.1
1851 0.1
1851 0.1
1851 0.1
1851 0.5
1851 0.5
1851 0.5
1851 0.5
1851 0.5
1851 0.5
1851 0.5
1851 0.5
1854 0.5
1854 0.5
1854 0.5
1854 0.5
1854 0.5
1854 0.5
1854 0.05
1854 0.05
1854 0.05
1854 0.5
1854 0.5
1854 0.5
1854 0.5
1854 0.5
1855 0.5
1855 0.5
1855 0.5
1855 0.5
1855 0.5
1855 0.5
1855 0.05
1855 0.05
1855 0.05
1855 0.05
1855 0.05
1855 0.05
1855 0.05
1855 0.05
1856 0.5
1856 0.5
1856 0.5
1856 0.5
1856 0.5
1856 0.5
1856 0.05
1856 0.05
1856 0.05
1856 0.05
1856 0.05
1856 0.05
1856 0.05
1856 0.05
1915 0.1
1915 0.1
1915 0.1
1915 0.1
1915 0.1
1915 0.1
1915 0.5
1915 0.5
1915 0.5
1915 0.5
1915 0.5
1915 0.5
1915 0.5
1915 0.5
1916 0.1
1916 0.1
1916 0.1
1916 0.1
1916 0.1
1916 0.1
1916 0.5
1916 0.5
1916 0.5
1916 0.5
1916 0.5
1916 0.5
1916 0.5
1916 0.5
1917 0.1
1917 0.1
1917 0.1
1917 0.1
1917 0.1
1917 0.1
1917 0.5
1917 0.5
1917 0.5
1917 0.5
1917 0.5
1917 0.5
1917 0.5
1917 0.5
1918 0.1
1918 0.1
1918 0.1
1918 0.1
1918 0.1
1918 0.1
1918 0.5
1918 0.5
1918 0.5
1918 0.5
1918 0.5
1918 0.5
1918 0.5
1918 0.5
1919 0.1
1919 0.1
1919 0.1
1919 0.1
1919 0.1
1919 0.1
1919 0.5
1919 0.5
1919 0.5
1919 0.5
1919 0.5
1919 0.5
1919 0.5
1919 0.5
1920 0.1
1920 0.1
1920 0.1
1920 0.1
1920 0.1
1920 0.1
1920 0.5
1920 0.5
1920 0.5
1920 0.5
1920 0.5
1920 0.5
1920 0.5
1920 0.5
1923 0.5
1923 0.5
1923 0.5
1923 0.5
1923 0.5
1923 0.5
1923 0.5
1923 0.5
1923 0.5
1923 0.5
1923 0.5
1923 0.5
1923 0.5
1923 0.5
1924 0.5
1924 0.5
1924 0.5
1924 0.5
1924 0.5
1924 0.5
1924 0.05
1924 0.05
1924 0.05
1924 0.05
1924 0.05
1924 0.05
1924 0.05
1924 0.05
1925 0.5
1925 0.5
1925 0.5
1925 0.5
1925 0.5
1925 0.5
1925 0.05
1925 0.05
1925 0.05
1925 0.05
1925 0.05
1925 0.05
1925 0.05
1925 0.05
1981 0.1
1981 0.1
1981 0.1
1981 0.1
1981 0.1
1981 0.1
1981 0.5
1981 0.5
1981 0.5
1981 0.5
1981 0.5
1981 0.5
1981 0.5
1981 0.5
1982 0.1
1982 0.1
1982 0.1
1982 0.1
1982 0.1
1982 0.1
1982 0.5
1982 0.5
1982 0.5
1982 0.5
1982 0.5
1982 0.5
1982 0.5
1982 0.5
1983 0.1
1983 0.1
1983 0.1
1983 0.1
1983 0.1
1983 0.1
1983 0.5
1983 0.5
1983 0.5
1983 0.5
1983 0.5
1983 0.5
1983 0.5
1983 0.5
1984 0.1
1984 0.1
1984 0.1
1984 0.1
1984 0.1
1984 0.1
1984 0.5
1984 0.5
1984 0.5
1984 0.5
1984 0.5
1984 0.5
1984 0.5
1984 0.5
1985 0.1
1985 0.1
1985 0.1
1985 0.1
1985 0.1
1985 0.1
1985 0.5
1985 0.5
1985 0.5
1985 0.5
1985 0.5
1985 0.5
1985 0.5
1985 0.5
1986 0.1
1986 0.1
1986 0.1
1986 0.1
1986 0.1
1986 0.1
1986 0.5
1986 0.5
1986 0.5
1986 0.5
1986 0.5
1986 0.5
1986 0.5
1986 0.5
1987 0.1
1987 0.1
1987 0.1
1987 0.1
1987 0.1
1987 0.1
1987 0.5
1987 0.5
1987 0.5
1987 0.5
1987 0.5
1987 0.5
1987 0.5
1987 0.5
1988 0.1
1988 0.1
1988 0.1
1988 0.1
1988 0.1
1988 0.1
1988 0.5
1988 0.5
1988 0.5
1988 0.5
1988 0.5
1988 0.5
1988 0.5
1988 0.5
1990 0.5
1990 0.5
1990 0.5
1990 0.5
1990 0.5
1990 0.5
1990 0.5
1990 0.5
1990 0.5
1990 0.5
1990 0.5
1990 0.5
1990 0.5
1990 0.5
1991 0.5
1991 0.5
1991 0.5
1991 0.5
1991 0.5
1991 0.5
1991 0.5
1991 0.5
1991 0.5
1991 0.5
1991 0.5
1991 0.5
1991 0.5
1991 0.5
1992 0.5
1992 0.5
1992 0.5
1992 0.5
1992 0.5
1992 0.5
1992 0.05
1992 0.05
1992 0.05
1992 0.05
1992 0.05
1992 0.05
1992 0.05
1992 0.05
2045 0.1
2045 0.1
2045 0.1
2045 0.1
2045 0.1
2045 0.1
2045 0.5
2045 0.5
2045 0.5
2045 0.5
2045 0.5
2045 0.5
2045 0.5
2045 0.5
2046 0.1
2046 0.1
2046 0.1
2046 0.1
2046 0.1
2046 0.1
2046 0.5
2046 0.5
2046 0.5
2046 0.5
2046 0.5
2046 0.5
2046 0.5
2046 0.5
2047 0.1
2047 0.1
2047 0.1
2047 0.1
2047 0.1
2047 0.1
2047 0.5
2047 0.5
2047 0.5
2047 0.5
2047 0.5
2047 0.5
2047 0.5
2047 0.5
2048 0.1
2048 0.1
2048 0.1
2048 0.1
2048 0.1
2048 0.1
2048 0.5
2048 0.5
2048 0.5
2048 0.5
2048 0.5
2048 0.5
2048 0.5
2048 0.5
2049 0.1
2049 0.1
2049 0.1
2049 0.1
2049 0.1
2049 0.1
2049 0.5
2049 0.5
2049 0.5
2049 0.5
2049 0.5
2049 0.5
2049 0.5
2049 0.5
2050 0.1
2050 0.1
2050 0.1
2050 0.1
2050 0.1
2050 0.1
2050 0.5
2050 0.5
2050 0.5
2050 0.5
2050 0.5
2050 0.5
2050 0.5
2050 0.5
2051 0.1
2051 0.1
2051 0.1
2051 0.1
2051 0.1
2051 0.1
2051 0.5
2051 0.5
2051 0.5
2051 0.5
2051 0.5
2051 0.5
2051 0.5
2051 0.5
2052 0.1
2052 0.1
2052 0.1
2052 0.1
2052 0.1
2052 0.1
2052 0.5
2052 0.5
2052 0.5
2052 0.5
2052 0.5
2052 0.5
2052 0.5
2052 0.5
2054 0.5
2054 0.5
2054 0.5
2054 0.5
2054 0.5
2054 0.5
2054 0.5
2054 0.5
2054 0.5
2054 0.5
2054 0.5
2054 0.5
2054 0.5
2054 0.5
2055 0.5
2055 0.5
2055 0.5
2055 0.5
2055 0.5
2055 0.5
2055 0.05
2055 0.05
2055 0.05
2055 0.05
2055 0.05
2055 0.05
2055 0.05
2055 0.05
2056 0.5
2056 0.5
2056 0.5
2056 0.5
2056 0.5
2056 0.5
2056 0.05
2056 0.05
2056 0.05
2056 0.05
2056 0.05
2056 0.05
2056 0.05
2056 0.05
2107 0.1
2107 0.1
2107 0.1
2107 0.1
2107 0.1
2107 0.1
2107 0.5
2107 0.5
2107 0.5
2107 0.5
2107 0.5
2107 0.5
2107 0.5
2107 0.5
2108 0.1
2108 0.1
2108 0.1
2108 0.1
2108 0.1
2108 0.1
2108 0.5
2108 0.5
2108 0.5
2108 0.5
2108 0.5
2108 0.5
2108 0.5
2108 0.5
2109 0.1
2109 0.1
2109 0.1
2109 0.1
2109 0.1
2109 0.1
2109 0.5
2109 0.5
2109 0.5
2109 0.5
2109 0.5
2109 0.5
2109 0.5
2109 0.5
2110 0.1
2110 0.1
2110 0.1
2110 0.1
2110 0.1
2110 0.1
2110 0.5
2110 0.5
2110 0.5
2110 0.5
2110 0.5
2110 0.5
2110 0.5
2110 0.5
2111 0.1
2111 0.1
2111 0.1
2111 0.1
2111 0.1
2111 0.1
2111 0.5
2111 0.5
2111 0.5
2111 0.5
2111 0.5
2111 0.5
2111 0.5
2111 0.5
2112 0.1
2112 0.1
2112 0.1
2112 0.1
2112 0.1
2112 0.1
2112 0.5
2112 0.5
2112 0.5
2112 0.5
2112 0.5
2112 0.5
2112 0.5
2112 0.5
2113 0.1
2113 0.1
2113 0.1
2113 0.1
2113 0.1
2113 0.1
2113 0.5
2113 0.5
2113 0.5
2113 0.5
2113 0.5
2113 0.5
2113 0.5
2113 0.5
2114 0.1
2114 0.1
2114 0.1
2114 0.1
2114 0.1
2114 0.1
2114 0.5
2114 0.5
2114 0.5
2114 0.5
2114 0.5
2114 0.5
2114 0.5
2114 0.5
2115 0.1
2115 0.1
2115 0.1
2115 0.1
2115 0.1
2115 0.1
2115 0.5
2115 0.5
2115 0.5
2115 0.5
2115 0.5
2115 0.5
2115 0.5
2115 0.5
2116 0.1
2116 0.1
2116 0.1
2116 0.1
2116 0.1
2116 0.1
2116 0.5
2116 0.5
2116 0.5
2116 0.5
2116 0.5
2116 0.5
2116 0.5
2116 0.5
2119 0.5
2119 0.5
2119 0.5
2119 0.5
2119 0.5
2119 0.5
2119 0.5
2119 0.5
2119 0.5
2119 0.5
2119 0.5
2119 0.5
2119 0.5
2119 0.5
2120 0.5
2120 0.5
2120 0.5
2120 0.5
2120 0.5
2120 0.5
2120 0.05
2120 0.05
2120 0.05
2120 0.05
2120 0.05
2120 0.05
2120 0.05
2120 0.05
2166 0.1
2166 0.1
2166 0.1
2166 0.1
2166 0.1
2166 0.1
2166 0.5
2166 0.5
2166 0.5
2166 0.5
2166 0.5
2166 0.5
2166 0.5
2166 0.5
2167 0.1
2167 0.1
2167 0.1
2167 0.1
2167 0.1
2167 0.1
2167 0.5
2167 0.5
2167 0.5
2167 0.5
2167 0.5
2167 0.5
2167 0.5
2167 0.5
2168 0.1
2168 0.1
2168 0.1
2168 0.1
2168 0.1
2168 0.1
2168 0.5
2168 0.5
2168 0.5
2168 0.5
2168 0.5
2168 0.5
2168 0.5
2168 0.5
2169 0.1
2169 0.1
2169 0.1
2169 0.1
2169 0.1
2169 0.1
2169 0.5
2169 0.5
2169 0.5
2169 0.5
2169 0.5
2169 0.5
2169 0.5
2169 0.5
2170 0.1
2170 0.1
2170 0.1
2170 0.1
2170 0.1
2170 0.1
2170 0.5
2170 0.5
2170 0.5
2170 0.5
2170 0.5
2170 0.5
2170 0.5
2170 0.5
2171 0.1
2171 0.1
2171 0.1
2171 0.1
2171 0.1
2171 0.1
2171 0.5
2171 0.5
2171 0.5
2171 0.5
2171 0.5
2171 0.5
2171 0.5
2171 0.5
2172 0.1
2172 0.1
2172 0.1
2172 0.1
2172 0.1
2172 0.1
2172 0.5
2172 0.5
2172 0.5
2172 0.5
2172 0.5
2172 0.5
2172 0.5
2172 0.5
2173 0.1
2173 0.1
2173 0.1
2173 0.1
2173 0.1
2173 0.1
2173 0.5
2173 0.5
2173 0.5
2173 0.5
2173 0.5
2173 0.5
2173 0.5
2173 0.5
2174 0.1
2174 0.1
2174 0.1
2174 0.1
2174 0.1
2174 0.1
2174 0.5
2174 0.5
2174 0.5
2174 0.5
2174 0.5
2174 0.5
2174 0.5
2174 0.5
2177 0.5
2177 0.5
2177 0.5
2177 0.5
2177 0.5
2177 0.5
2177 0.5
2177 0.5
2177 0.5
2177 0.5
2177 0.5
2177 0.5
2177 0.5
2177 0.5
2178 0.5
2178 0.5
2178 0.5
2178 0.5
2178 0.5
2178 0.5
2178 0.5
2178 0.5
2178 0.5
2178 0.5
2178 0.5
2178 0.5
2178 0.5
2178 0.5
2179 0.5
2179 0.5
2179 0.5
2179 0.5
2179 0.5
2179 0.5
2179 0.5
2179 0.5
2179 0.5
2179 0.5
2179 0.5
2179 0.5
2179 0.5
2179 0.5
2180 0.5
2180 0.5
2180 0.5
2180 0.5
2180 0.5
2180 0.5
2180 0.5
2180 0.5
2180 0.5
2180 0.5
2180 0.5
2180 0.5
2180 0.5
2180 0.5
2218 0.1
2218 0.1
2218 0.1
2218 0.1
2218 0.1
2218 0.1
2218 0.5
2218 0.5
2218 0.5
2218 0.5
2218 0.5
2218 0.5
2218 0.5
2218 0.5
2219 0.1
2219 0.1
2219 0.1
2219 0.1
2219 0.1
2219 0.1
2219 0.5
2219 0.5
2219 0.5
2219 0.5
2219 0.5
2219 0.5
2219 0.5
2219 0.5
2220 0.1
2220 0.1
2220 0.1
2220 0.1
2220 0.1
2220 0.1
2220 0.5
2220 0.5
2220 0.5
2220 0.5
2220 0.5
2220 0.5
2220 0.5
2220 0.5
2221 0.1
2221 0.1
2221 0.1
2221 0.1
2221 0.1
2221 0.1
2221 0.5
2221 0.5
2221 0.5
2221 0.5
2221 0.5
2221 0.5
2221 0.5
2221 0.5
2222 0.1
2222 0.1
2222 0.1
2222 0.1
2222 0.1
2222 0.1
2222 0.5
2222 0.5
2222 0.5
2222 0.5
2222 0.5
2222 0.5
2222 0.5
2222 0.5
2223 0.1
2223 0.1
2223 0.1
2223 0.1
2223 0.1
2223 0.1
2223 0.5
2223 0.5
2223 0.5
2223 0.5
2223 0.5
2223 0.5
2223 0.5
2223 0.5
2224 0.1
2224 0.1
2224 0.1
2224 0.1
2224 0.1
2224 0.1
2224 0.5
2224 0.5
2224 0.5
2224 0.5
2224 0.5
2224 0.5
2224 0.5
2224 0.5
2225 0.1
2225 0.1
2225 0.1
2225 0.1
2225 0.1
2225 0.1
2225 0.5
2225 0.5
2225 0.5
2225 0.5
2225 0.5
2225 0.5
2225 0.5
2225 0.5
2226 0.1
2226 0.1
2226 0.1
2226 0.1
2226 0.1
2226 0.1
2226 0.5
2226 0.5
2226 0.5
2226 0.5
2226 0.5
2226 0.5
2226 0.5
2226 0.5
2230 0.5
2230 0.5
2230 0.5
2230 0.5
2230 0.5
2230 0.5
2230 0.5
2230 0.5
2230 0.5
2230 0.5
2230 0.5
2230 0.5
2230 0.5
2230 0.5
2231 0.5
2231 0.5
2231 0.5
2231 0.5
2231 0.5
2231 0.5
2231 0.5
2231 0.5
2231 0.5
2231 0.5
2231 0.5
2231 0.5
2231 0.5
2231 0.5
2232 0.5
2232 0.5
2232 0.5
2232 0.5
2232 0.5
2232 0.5
2232 0.5
2232 0.5
2232 0.5
2232 0.5
2232 0.5
2232 0.5
2232 0.5
2232 0.5
2233 0.5
2233 0.5
2233 0.5
2233 0.5
2233 0.5
2233 0.5
2233 0.5
2233 0.5
2233 0.5
2233 0.5
2233 0.5
2233 0.5
2233 0.5
2233 0.5
2234 0.5
2234 0.5
2234 0.5
2234 0.5
2234 0.5
2234 0.5
2234 0.5
2234 0.5
2234 0.5
2234 0.5
2234 0.5
2234 0.5
2234 0.5
2234 0.5
2235 0.5
2235 0.5
2235 0.5
2235 0.5
2235 0.5
2235 0.5
2235 0.5
2235 0.5
2235 0.5
2235 0.5
2235 0.5
2235 0.5
2235 0.5
2235 0.5
2273 0.1
2273 0.1
2273 0.1
2273 0.1
2273 0.1
2273 0.1
2273 0.5
2273 0.5
2273 0.5
2273 0.5
2273 0.5
2273 0.5
2273 0.5
2273 0.5
2274 0.1
2274 0.1
2274 0.1
2274 0.1
2274 0.1
2274 0.1
2274 0.5
2274 0.5
2274 0.5
2274 0.5
2274 0.5
2274 0.5
2274 0.5
2274 0.5
2275 0.1
2275 0.1
2275 0.1
2275 0.1
2275 0.1
2275 0.1
2275 0.5
2275 0.5
2275 0.5
2275 0.5
2275 0.5
2275 0.5
2275 0.5
2275 0.5
2276 0.1
2276 0.1
2276 0.1
2276 0.1
2276 0.1
2276 0.1
2276 0.5
2276 0.5
2276 0.5
2276 0.5
2276 0.5
2276 0.5
2276 0.5
2276 0.5
2277 0.1
2277 0.1
2277 0.1
2277 0.1
2277 0.1
2277 0.1
2277 0.5
2277 0.5
2277 0.5
2277 0.5
2277 0.5
2277 0.5
2277 0.5
2277 0.5
2278 0.1
2278 0.1
2278 0.1
2278 0.1
2278 0.1
2278 0.1
2278 0.5
2278 0.5
2278 0.5
2278 0.5
2278 0.5
2278 0.5
2278 0.5
2278 0.5
2279 0.1
2279 0.1
2279 0.1
2279 0.1
2279 0.1
2279 0.1
2279 0.5
2279 0.5
2279 0.5
2279 0.5
2279 0.5
2279 0.5
2279 0.5
2279 0.5
2280 0.1
2280 0.1
2280 0.1
2280 0.1
2280 0.1
2280 0.1
2280 0.5
2280 0.5
2280 0.5
2280 0.5
2280 0.5
2280 0.5
2280 0.5
2280 0.5
2285 0.5
2285 0.5
2285 0.5
2285 0.5
2285 0.5
2285 0.5
2285 0.5
2285 0.5
2285 0.5
2285 0.5
2285 0.5
2285 0.5
2285 0.5
2285 0.5
2286 0.5
2286 0.5
2286 0.5
2286 0.5
2286 0.5
2286 0.5
2286 0.5
2286 0.5
2286 0.5
2286 0.5
2286 0.5
2286 0.5
2286 0.5
2286 0.5
2287 0.5
2287 0.5
2287 0.5
2287 0.5
2287 0.5
2287 0.5
2287 0.5
2287 0.5
2287 0.5
2287 0.5
2287 0.5
2287 0.5
2287 0.5
2287 0.5
2288 0.5
2288 0.5
2288 0.5
2288 0.5
2288 0.5
2288 0.5
2288 0.5
2288 0.5
2288 0.5
2288 0.5
2288 0.5
2288 0.5
2288 0.5
2288 0.5
2289 0.5
2289 0.5
2289 0.5
2289 0.5
2289 0.5
2289 0.5
2289 0.5
2289 0.5
2289 0.5
2289 0.5
2289 0.5
2289 0.5
2289 0.5
2289 0.5
2290 0.5
2290 0.5
2290 0.5
2290 0.5
2290 0.5
2290 0.5
2290 0.5
2290 0.5
2290 0.5
2290 0.5
2290 0.5
2290 0.5
2290 0.5
2290 0.5
2329 0.1
2329 0.1
2329 0.1
2329 0.1
2329 0.1
2329 0.1
2329 0.5
2329 0.5
2329 0.5
2329 0.5
2329 0.5
2329 0.5
2329 0.5
2329 0.5
2330 0.05
2330 0.05
2330 0.05
2330 0.05
2330 0.05
2330 0.05
2330 0.5
2330 0.5
2330 0.5
2330 0.5
2330 0.5
2330 0.5
2330 0.5
2330 0.5
2331 0.1
2331 0.1
2331 0.1
2331 0.1
2331 0.1
2331 0.1
2331 0.5
2331 0.5
2331 0.5
2331 0.5
2331 0.5
2331 0.5
2331 0.5
2331 0.5
2332 0.1
2332 0.1
2332 0.1
2332 0.1
2332 0.1
2332 0.1
2332 0.5
2332 0.5
2332 0.5
2332 0.5
2332 0.5
2332 0.5
2332 0.5
2332 0.5
2333 0.1
2333 0.1
2333 0.1
2333 0.1
2333 0.1
2333 0.1
2333 0.5
2333 0.5
2333 0.5
2333 0.5
2333 0.5
2333 0.5
2333 0.5
2333 0.5
2334 0.1
2334 0.1
2334 0.1
2334 0.1
2334 0.1
2334 0.1
2334 0.5
2334 0.5
2334 0.5
2334 0.5
2334 0.5
2334 0.5
2334 0.5
2334 0.5
2340 0.5
2340 0.5
2340 0.5
2340 0.5
2340 0.5
2340 0.5
2340 0.5
2340 0.5
2340 0.5
2340 0.5
2340 0.5
2340 0.5
2340 0.5
2340 0.5
2341 0.5
2341 0.5
2341 0.5
2341 0.5
2341 0.5
2341 0.5
2341 0.5
2341 0.5
2341 0.5
2341 0.5
2341 0.5
2341 0.5
2341 0.5
2341 0.5
2342 0.5
2342 0.5
2342 0.5
2342 0.5
2342 0.5
2342 0.5
2342 0.5
2342 0.5
2342 0.5
2342 0.5
2342 0.5
2342 0.5
2342 0.5
2342 0.5
2343 0.5
2343 0.5
2343 0.5
2343 0.5
2343 0.5
2343 0.5
2343 0.5
2343 0.5
2343 0.5
2343 0.5
2343 0.5
2343 0.5
2343 0.5
2343 0.5
2344 0.5
2344 0.5
2344 0.5
2344 0.5
2344 0.5
2344 0.5
2344 0.5
2344 0.5
2344 0.5
2344 0.5
2344 0.5
2344 0.5
2344 0.5
2344 0.5
2345 0.5
2345 0.5
2345 0.5
2345 0.5
2345 0.5
2345 0.5
2345 0.5
2345 0.5
2345 0.5
2345 0.5
2345 0.5
2345 0.5
2345 0.5
2345 0.5
2383 0.05
2383 0.05
2383 0.05
2383 0.05
2383 0.05
2383 0.05
2383 0.5
2383 0.5
2383 0.5
2383 0.5
2383 0.5
2383 0.5
2383 0.5
2383 0.5
2384 0.05
2384 0.05
2384 0.05
2384 0.05
2384 0.05
2384 0.05
2384 0.5
2384 0.5
2384 0.5
2384 0.5
2384 0.5
2384 0.5
2384 0.5
2384 0.5
2385 0.1
2385 0.1
2385 0.1
2385 0.1
2385 0.1
2385 0.1
2385 0.5
2385 0.5
2385 0.5
2385 0.5
2385 0.5
2385 0.5
2385 0.5
2385 0.5
2386 0.1
2386 0.1
2386 0.1
2386 0.1
2386 0.1
2386 0.1
2386 0.5
2386 0.5
2386 0.5
2386 0.5
2386 0.5
2386 0.5
2386 0.5
2386 0.5
2387 0.1
2387 0.1
2387 0.1
2387 0.1
2387 0.1
2387 0.1
2387 0.5
2387 0.5
2387 0.5
2387 0.5
2387 0.5
2387 0.5
2387 0.5
2387 0.5
2388 0.1
2388 0.1
2388 0.1
2388 0.1
2388 0.1
2388 0.1
2388 0.5
2388 0.5
2388 0.5
2388 0.5
2388 0.5
2388 0.5
2388 0.5
2388 0.5
2396 0.5
2396 0.5
2396 0.5
2396 0.5
2396 0.5
2396 0.5
2396 0.5
2396 0.5
2396 0.5
2396 0.5
2396 0.5
2396 0.5
2396 0.5
2396 0.5
2397 0.5
2397 0.5
2397 0.5
2397 0.5
2397 0.5
2397 0.5
2397 0.5
2397 0.5
2397 0.5
2397 0.5
2397 0.5
2397 0.5
2397 0.5
2397 0.5
2398 0.5
2398 0.5
2398 0.5
2398 0.5
2398 0.5
2398 0.5
2398 0.5
2398 0.5
2398 0.5
2398 0.5
2398 0.5
2398 0.5
2398 0.5
2398 0.5
2436 0.1
2436 0.1
2436 0.1
2436 0.1
2436 0.1
2436 0.1
2436 0.5
2436 0.5
2436 0.5
2436 0.5
2436 0.5
2436 0.5
2436 0.5
2436 0.5
2437 0.1
2437 0.1
2437 0.1
2437 0.1
2437 0.1
2437 0.1
2437 0.5
2437 0.5
2437 0.5
2437 0.5
2437 0.5
2437 0.5
2437 0.5
2437 0.5
2438 0.1
2438 0.1
2438 0.1
2438 0.1
2438 0.1
2438 0.1
2438 0.5
2438 0.5
2438 0.5
2438 0.5
2438 0.5
2438 0.5
2438 0.5
2438 0.5
2439 0.1
2439 0.1
2439 0.1
2439 0.1
2439 0.1
2439 0.1
2439 0.5
2439 0.5
2439 0.5
2439 0.5
2439 0.5
2439 0.5
2439 0.5
2439 0.5
2485 0.1
2485 0.1
2485 0.1
2485 0.1
2485 0.1
2485 0.1
2485 0.5
2485 0.5
2485 0.5
2485 0.5
2485 0.5
2485 0.5
2485 0.5
2485 0.5
2486 0.1
2486 0.1
2486 0.1
2486 0.1
2486 0.1
2486 0.1
2486 0.5
2486 0.5
2486 0.5
2486 0.5
2486 0.5
2486 0.5
2486 0.5
2486 0.5
2536 0.1
2536 0.1
2536 0.1
2536 0.1
2536 0.1
2536 0.1
2536 0.5
2536 0.5
2536 0.5
2536 0.5
2536 0.5
2536 0.5
2536 0.5
2536 0.5
2585 0.1
2585 0.1
2585 0.1
2585 0.1
2585 0.1
2585 0.1
2585 0.5
2585 0.5
2585 0.5
2585 0.5
2585 0.5
2585 0.5
2585 0.5
2585 0.5
2637 0.1
2637 0.1
2637 0.1
2637 0.1
2637 0.1
2637 0.1
2637 0.5
2637 0.5
2637 0.5
2637 0.5
2637 0.5
2637 0.5
2637 0.5
2637 0.5
2638 0.1
2638 0.1
2638 0.1
2638 0.1
2638 0.1
2638 0.1
2638 0.5
2638 0.5
2638 0.5
2638 0.5
2638 0.5
2638 0.5
2638 0.5
2638 0.5
3120 0.1
3120 0.1
3120 0.1
3120 0.1
3120 0.1
3120 0.1
3120 0.5
3120 0.5
3120 0.5
3120 0.5
3120 0.5
3120 0.5
3120 0.5
3120 0.5
3174 0.1
3174 0.1
3174 0.1
3174 0.1
3174 0.1
3174 0.1
3174 0.5
3174 0.5
3174 0.5
3174 0.5
3174 0.5
3174 0.5
3174 0.5
3174 0.5
3175 0.1
3175 0.1
3175 0.1
3175 0.1
3175 0.1
3175 0.1
3175 0.5
3175 0.5
3175 0.5
3175 0.5
3175 0.5
3175 0.5
3175 0.5
3175 0.5
3176 0.1
3176 0.1
3176 0.1
3176 0.1
3176 0.1
3176 0.1
3176 0.5
3176 0.5
3176 0.5
3176 0.5
3176 0.5
3176 0.5
3176 0.5
3176 0.5
3177 0.1
3177 0.1
3177 0.1
3177 0.1
3177 0.1
3177 0.1
3177 0.5
3177 0.5
3177 0.5
3177 0.5
3177 0.5
3177 0.5
3177 0.5
3177 0.5
3178 0.1
3178 0.1
3178 0.1
3178 0.1
3178 0.1
3178 0.1
3178 0.5
3178 0.5
3178 0.5
3178 0.5
3178 0.5
3178 0.5
3178 0.5
3178 0.5
3179 0.1
3179 0.1
3179 0.1
3179 0.1
3179 0.1
3179 0.1
3179 0.5
3179 0.5
3179 0.5
3179 0.5
3179 0.5
3179 0.5
3179 0.5
3179 0.5
3229 0.1
3229 0.1
3229 0.1
3229 0.1
3229 0.1
3229 0.1
3229 0.5
3229 0.5
3229 0.5
3229 0.5
3229 0.5
3229 0.5
3229 0.5
3229 0.5
3230 0.1
3230 0.1
3230 0.1
3230 0.1
3230 0.1
3230 0.1
3230 0.5
3230 0.5
3230 0.5
3230 0.5
3230 0.5
3230 0.5
3230 0.5
3230 0.5
3231 0.1
3231 0.1
3231 0.1
3231 0.1
3231 0.1
3231 0.1
3231 0.5
3231 0.5
3231 0.5
3231 0.5
3231 0.5
3231 0.5
3231 0.5
3231 0.5
3232 0.1
3232 0.1
3232 0.1
3232 0.1
3232 0.1
3232 0.1
3232 0.5
3232 0.5
3232 0.5
3232 0.5
3232 0.5
3232 0.5
3232 0.5
3232 0.5
3233 0.1
3233 0.1
3233 0.1
3233 0.1
3233 0.1
3233 0.1
3233 0.5
3233 0.5
3233 0.5
3233 0.5
3233 0.5
3233 0.5
3233 0.5
3233 0.5
3234 0.1
3234 0.1
3234 0.1
3234 0.1
3234 0.1
3234 0.1
3234 0.5
3234 0.5
3234 0.5
3234 0.5
3234 0.5
3234 0.5
3234 0.5
3234 0.5
3235 0.1
3235 0.1
3235 0.1
3235 0.1
3235 0.1
3235 0.1
3235 0.5
3235 0.5
3235 0.5
3235 0.5
3235 0.5
3235 0.5
3235 0.5
3235 0.5
3286 0.1
3286 0.1
3286 0.1
3286 0.1
3286 0.1
3286 0.1
3286 0.5
3286 0.5
3286 0.5
3286 0.5
3286 0.5
3286 0.5
3286 0.5
3286 0.5
3287 0.05
3287 0.05
3287 0.05
3287 0.05
3287 0.05
3287 0.05
3287 0.5
3287 0.5
3287 0.5
3287 0.5
3287 0.5
3287 0.5
3287 0.5
3287 0.5
3288 0.05
3288 0.05
3288 0.05
3288 0.05
3288 0.05
3288 0.05
3288 0.5
3288 0.5
3288 0.5
3288 0.5
3288 0.5
3288 0.5
3288 0.5
3288 0.5
3289 0.1
3289 0.1
3289 0.1
3289 0.1
3289 0.1
3289 0.1
3289 0.5
3289 0.5
3289 0.5
3289 0.5
3289 0.5
3289 0.5
3289 0.5
3289 0.5
3290 0.1
3290 0.1
3290 0.1
3290 0.1
3290 0.1
3290 0.1
3290 0.5
3290 0.5
3290 0.5
3290 0.5
3290 0.5
3290 0.5
3290 0.5
3290 0.5
3291 0.1
3291 0.1
3291 0.1
3291 0.1
3291 0.1
3291 0.1
3291 0.5
3291 0.5
3291 0.5
3291 0.5
3291 0.5
3291 0.5
3291 0.5
3291 0.5
3292 0.1
3292 0.1
3292 0.1
3292 0.1
3292 0.1
3292 0.1
3292 0.5
3292 0.5
3292 0.5
3292 0.5
3292 0.5
3292 0.5
3292 0.5
3292 0.5
3345 0.05
3345 0.05
3345 0.05
3345 0.05
3345 0.05
3345 0.05
3345 0.5
3345 0.5
3345 0.5
3345 0.5
3345 0.5
3345 0.5
3345 0.5
3345 0.5
3346 0.05
3346 0.05
3346 0.05
3346 0.05
3346 0.05
3346 0.05
3346 0.5
3346 0.5
3346 0.5
3346 0.5
3346 0.5
3346 0.5
3346 0.5
3346 0.5
3347 0.05
3347 0.05
3347 0.05
3347 0.05
3347 0.05
3347 0.05
3347 0.5
3347 0.5
3347 0.5
3347 0.5
3347 0.5
3347 0.5
3347 0.5
3347 0.5
3348 0.05
3348 0.05
3348 0.05
3348 0.05
3348 0.05
3348 0.05
3348 0.5
3348 0.5
3348 0.5
3348 0.5
3348 0.5
3348 0.5
3348 0.5
3348 0.5
3349 0.1
3349 0.1
3349 0.1
3349 0.1
3349 0.1
3349 0.1
3349 0.5
3349 0.5
3349 0.5
3349 0.5
3349 0.5
3349 0.5
3349 0.5
3349 0.5
3350 0.1
3350 0.1
3350 0.1
3350 0.1
3350 0.1
3350 0.1
3350 0.5
3350 0.5
3350 0.5
3350 0.5
3350 0.5
3350 0.5
3350 0.5
3350 0.5
3351 0.1
3351 0.1
3351 0.1
3351 0.1
3351 0.1
3351 0.1
3351 0.5
3351 0.5
3351 0.5
3351 0.5
3351 0.5
3351 0.5
3351 0.5
3351 0.5
3352 0.1
3352 0.1
3352 0.1
3352 0.1
3352 0.1
3352 0.1
3352 0.5
3352 0.5
3352 0.5
3352 0.5
3352 0.5
3352 0.5
3352 0.5
3352 0.5
3410 0.05
3410 0.05
3410 0.05
3410 0.05
3410 0.05
3410 0.05
3410 0.5
3410 0.5
3410 0.5
3410 0.5
3410 0.5
3410 0.5
3410 0.5
3410 0.5
3411 0.05
3411 0.05
3411 0.05
3411 0.05
3411 0.05
3411 0.05
3411 0.5
3411 0.5
3411 0.5
3411 0.5
3411 0.5
3411 0.5
3411 0.5
3411 0.5
3412 0.05
3412 0.05
3412 0.05
3412 0.05
3412 0.05
3412 0.05
3412 0.5
3412 0.5
3412 0.5
3412 0.5
3412 0.5
3412 0.5
3412 0.5
3412 0.5
3413 0.05
3413 0.05
3413 0.05
3413 0.05
3413 0.05
3413 0.05
3413 0.5
3413 0.5
3413 0.5
3413 0.5
3413 0.5
3413 0.5
3413 0.5
3413 0.5
3414 0.1
3414 0.1
3414 0.1
3414 0.1
3414 0.1
3414 0.1
3414 0.5
3414 0.5
3414 0.5
3414 0.5
3414 0.5
3414 0.5
3414 0.5
3414 0.5
3415 0.1
3415 0.1
3415 0.1
3415 0.1
3415 0.1
3415 0.1
3415 0.5
3415 0.5
3415 0.5
3415 0.5
3415 0.5
3415 0.5
3415 0.5
3415 0.5
3416 0.1
3416 0.1
3416 0.1
3416 0.1
3416 0.1
3416 0.1
3416 0.5
3416 0.5
3416 0.5
3416 0.5
3416 0.5
3416 0.5
3416 0.5
3416 0.5
3417 0.1
3417 0.1
3417 0.1
3417 0.1
3417 0.1
3417 0.1
3417 0.5
3417 0.5
3417 0.5
3417 0.5
3417 0.5
3417 0.5
3417 0.5
3417 0.5
3478 0.05
3478 0.05
3478 0.05
3478 0.05
3478 0.05
3478 0.05
3478 0.5
3478 0.5
3478 0.5
3478 0.5
3478 0.5
3478 0.5
3478 0.5
3478 0.5
3479 0.05
3479 0.05
3479 0.05
3479 0.05
3479 0.05
3479 0.05
3479 0.5
3479 0.5
3479 0.5
3479 0.5
3479 0.5
3479 0.5
3479 0.5
3479 0.5
3480 0.05
3480 0.05
3480 0.05
3480 0.05
3480 0.05
3480 0.05
3480 0.5
3480 0.5
3480 0.5
3480 0.5
3480 0.5
3480 0.5
3480 0.5
3480 0.5
3481 0.1
3481 0.1
3481 0.1
3481 0.1
3481 0.1
3481 0.1
3481 0.5
3481 0.5
3481 0.5
3481 0.5
3481 0.5
3481 0.5
3481 0.5
3481 0.5
3482 0.1
3482 0.1
3482 0.1
3482 0.1
3482 0.1
3482 0.1
3482 0.5
3482 0.5
3482 0.5
3482 0.5
3482 0.5
3482 0.5
3482 0.5
3482 0.5
3483 0.1
3483 0.1
3483 0.1
3483 0.1
3483 0.1
3483 0.1
3483 0.5
3483 0.5
3483 0.5
3483 0.5
3483 0.5
3483 0.5
3483 0.5
3483 0.5
3484 0.1
3484 0.1
3484 0.1
3484 0.1
3484 0.1
3484 0.1
3484 0.5
3484 0.5
3484 0.5
3484 0.5
3484 0.5
3484 0.5
3484 0.5
3484 0.5
3544 0.05
3544 0.05
3544 0.05
3544 0.05
3544 0.05
3544 0.05
3544 0.5
3544 0.5
3544 0.5
3544 0.5
3544 0.5
3544 0.5
3544 0.5
3544 0.5
3545 0.05
3545 0.05
3545 0.05
3545 0.05
3545 0.05
3545 0.05
3545 0.5
3545 0.5
3545 0.5
3545 0.5
3545 0.5
3545 0.5
3545 0.5
3545 0.5
3546 0.05
3546 0.05
3546 0.05
3546 0.05
3546 0.05
3546 0.05
3546 0.5
3546 0.5
3546 0.5
3546 0.5
3546 0.5
3546 0.5
3546 0.5
3546 0.5
3547 0.1
3547 0.1
3547 0.1
3547 0.1
3547 0.1
3547 0.1
3547 0.5
3547 0.5
3547 0.5
3547 0.5
3547 0.5
3547 0.5
3547 0.5
3547 0.5
3548 0.1
3548 0.1
3548 0.1
3548 0.1
3548 0.1
3548 0.1
3548 0.5
3548 0.5
3548 0.5
3548 0.5
3548 0.5
3548 0.5
3548 0.5
3548 0.5
3549 0.1
3549 0.1
3549 0.1
3549 0.1
3549 0.1
3549 0.1
3549 0.5
3549 0.5
3549 0.5
3549 0.5
3549 0.5
3549 0.5
3549 0.5
3549 0.5
3614 0.1
3614 0.1
3614 0.1
3614 0.1
3614 0.1
3614 0.1
3614 0.5
3614 0.5
3614 0.5
3614 0.5
3614 0.5
3614 0.5
3614 0.5
3614 0.5
3615 0.05
3615 0.05
3615 0.05
3615 0.05
3615 0.05
3615 0.05
3615 0.5
3615 0.5
3615 0.5
3615 0.5
3615 0.5
3615 0.5
3615 0.5
3615 0.5
3616 0.05
3616 0.05
3616 0.05
3616 0.05
3616 0.05
3616 0.05
3616 0.5
3616 0.5
3616 0.5
3616 0.5
3616 0.5
3616 0.5
3616 0.5
3616 0.5
3617 0.1
3617 0.1
3617 0.1
3617 0.1
3617 0.1
3617 0.1
3617 0.5
3617 0.5
3617 0.5
3617 0.5
3617 0.5
3617 0.5
3617 0.5
3617 0.5
3618 0.1
3618 0.1
3618 0.1
3618 0.1
3618 0.1
3618 0.1
3618 0.5
3618 0.5
3618 0.5
3618 0.5
3618 0.5
3618 0.5
3618 0.5
3618 0.5
3619 0.1
3619 0.1
3619 0.1
3619 0.1
3619 0.1
3619 0.1
3619 0.5
3619 0.5
3619 0.5
3619 0.5
3619 0.5
3619 0.5
3619 0.5
3619 0.5
3686 0.1
3686 0.1
3686 0.1
3686 0.1
3686 0.1
3686 0.1
3686 0.5
3686 0.5
3686 0.5
3686 0.5
3686 0.5
3686 0.5
3686 0.5
3686 0.5
3687 0.1
3687 0.1
3687 0.1
3687 0.1
3687 0.1
3687 0.1
3687 0.5
3687 0.5
3687 0.5
3687 0.5
3687 0.5
3687 0.5
3687 0.5
3687 0.5
3688 0.1
3688 0.1
3688 0.1
3688 0.1
3688 0.1
3688 0.1
3688 0.5
3688 0.5
3688 0.5
3688 0.5
3688 0.5
3688 0.5
3688 0.5
3688 0.5
3757 0.1
3757 0.1
3757 0.1
3757 0.1
3757 0.1
3757 0.1
3757 0.5
3757 0.5
3757 0.5
3757 0.5
3757 0.5
3757 0.5
3757 0.5
3757 0.5
3758 0.1
3758 0.1
3758 0.1
3758 0.1
3758 0.1
3758 0.1
3758 0.5
3758 0.5
3758 0.5
3758 0.5
3758 0.5
3758 0.5
3758 0.5
3758 0.5
7940 0.5
7940 0.5
7940 0.5
7940 0.5
7940 0.5
7940 0.5
7940 0.05
7940 0.05
7940 0.05
7940 0.5
7940 0.5
7940 0.5
7940 0.5
7940 0.5
7947 0.5
7947 0.5
7947 0.5
7947 0.5
7947 0.5
7947 0.5
7947 0.05
7947 0.05
7947 0.05
7947 0.5
7947 0.5
7947 0.5
7947 0.5
7947 0.5
7948 0.5
7948 0.5
7948 0.5
7948 0.5
7948 0.5
7948 0.5
7948 0.05
7948 0.05
7948 0.05
7948 0.5
7948 0.5
7948 0.5
7948 0.5
7948 0.5
7956 0.5
7956 0.5
7956 0.5
7956 0.5
7956 0.5
7956 0.5
7956 0.05
7956 0.05
7956 0.05
7956 0.5
7956 0.5
7956 0.5
7956 0.5
7956 0.5
7960 0.5
7960 0.5
7960 0.5
7960 0.5
7960 0.5
7960 0.5
7960 0.05
7960 0.05
7960 0.05
7960 0.5
7960 0.5
7960 0.5
7960 0.5
7960 0.5
7979 0.1
7979 0.1
7979 0.1
7979 0.1
7979 0.1
7979 0.1
7979 0.05
7979 0.05
7979 0.05
7979 0.5
7979 0.5
7979 0.5
7979 0.5
7979 0.5
7987 0.5
7987 0.5
7987 0.5
7987 0.5
7987 0.5
7987 0.5
7987 0.05
7987 0.05
7987 0.05
7987 0.5
7987 0.5
7987 0.5
7987 0.5
7987 0.5
7990 0.5
7990 0.5
7990 0.5
7990 0.5
7990 0.5
7990 0.5
7990 0.05
7990 0.05
7990 0.05
7990 0.5
7990 0.5
7990 0.5
7990 0.5
7990 0.5
7998 0.5
7998 0.5
7998 0.5
7998 0.5
7998 0.5
7998 0.5
7998 0.05
7998 0.05
7998 0.05
7998 0.5
7998 0.5
7998 0.5
7998 0.5
7998 0.5
8000 0.1
8000 0.1
8000 0.1
8000 0.1
8000 0.1
8000 0.1
8000 0.05
8000 0.05
8000 0.05
8000 0.05
8000 0.05
8000 0.05
8000 0.05
8000 0.05
8003 0.1
8003 0.1
8003 0.1
8003 0.1
8003 0.1
8003 0.1
8003 0.5
8003 0.5
8003 0.5
8003 0.5
8003 0.5
8003 0.5
8003 0.5
8003 0.5
8006 0.5
8006 0.5
8006 0.5
8006 0.5
8006 0.5
8006 0.5
8006 0.5
8006 0.5
8006 0.5
8006 0.05
8006 0.05
8006 0.05
8006 0.05
8006 0.05
8009 0.1
8009 0.1
8009 0.1
8009 0.1
8009 0.1
8009 0.1
8009 0.5
8009 0.5
8009 0.5
8009 0.5
8009 0.5
8009 0.5
8009 0.5
8009 0.5
8011 0.5
8011 0.5
8011 0.5
8011 0.5
8011 0.5
8011 0.5
8011 0.05
8011 0.05
8011 0.05
8011 0.5
8011 0.5
8011 0.5
8011 0.5
8011 0.5
8012 0.5
8012 0.5
8012 0.5
8012 0.5
8012 0.5
8012 0.5
8012 0.5
8012 0.5
8012 0.5
8012 0.5
8012 0.5
8012 0.5
8012 0.5
8012 0.5
8017 0.5
8017 0.5
8017 0.5
8017 0.5
8017 0.5
8017 0.5
8017 0.05
8017 0.05
8017 0.05
8017 0.5
8017 0.5
8017 0.5
8017 0.5
8017 0.5
8019 0.1
8019 0.1
8019 0.1
8019 0.1
8019 0.1
8019 0.1
8019 0.05
8019 0.05
8019 0.05
8019 0.5
8019 0.5
8019 0.5
8019 0.5
8019 0.5
8020 0.5
8020 0.5
8020 0.5
8020 0.5
8020 0.5
8020 0.5
8020 0.05
8020 0.05
8020 0.05
8020 0.5
8020 0.5
8020 0.5
8020 0.5
8020 0.5
8022 0.1
8022 0.1
8022 0.1
8022 0.1
8022 0.1
8022 0.1
8022 0.05
8022 0.05
8022 0.05
8022 0.5
8022 0.5
8022 0.5
8022 0.5
8022 0.5
8023 0.1
8023 0.1
8023 0.1
8023 0.1
8023 0.1
8023 0.1
8023 0.5
8023 0.5
8023 0.5
8023 0.5
8023 0.5
8023 0.5
8023 0.5
8023 0.5
8024 0.1
8024 0.1
8024 0.1
8024 0.1
8024 0.1
8024 0.1
8024 0.05
8024 0.05
8024 0.05
8024 0.5
8024 0.5
8024 0.5
8024 0.5
8024 0.5
8025 0.1
8025 0.1
8025 0.1
8025 0.1
8025 0.1
8025 0.1
8025 0.05
8025 0.05
8025 0.05
8025 0.5
8025 0.5
8025 0.5
8025 0.5
8025 0.5
8031 0.5
8031 0.5
8031 0.5
8031 0.5
8031 0.5
8031 0.5
8031 0.05
8031 0.05
8031 0.05
8031 0.5
8031 0.5
8031 0.5
8031 0.5
8031 0.5
8036 0.1
8036 0.1
8036 0.1
8036 0.1
8036 0.1
8036 0.1
8036 0.5
8036 0.5
8036 0.5
8036 0.5
8036 0.5
8036 0.5
8036 0.5
8036 0.5
8040 0.5
8040 0.5
8040 0.5
8040 0.5
8040 0.5
8040 0.5
8040 0.05
8040 0.05
8040 0.05
8040 0.5
8040 0.5
8040 0.5
8040 0.5
8040 0.5
8042 0.5
8042 0.5
8042 0.5
8042 0.5
8042 0.5
8042 0.5
8042 0.05
8042 0.05
8042 0.05
8042 0.05
8042 0.05
8042 0.05
8042 0.05
8042 0.05
8044 0.5
8044 0.5
8044 0.5
8044 0.5
8044 0.5
8044 0.5
8044 0.05
8044 0.05
8044 0.05
8044 0.5
8044 0.5
8044 0.5
8044 0.5
8044 0.5
8046 0.5
8046 0.5
8046 0.5
8046 0.5
8046 0.5
8046 0.5
8046 0.05
8046 0.05
8046 0.05
8046 0.5
8046 0.5
8046 0.5
8046 0.5
8046 0.5
8050 0.5
8050 0.5
8050 0.5
8050 0.5
8050 0.5
8050 0.5
8050 0.5
8050 0.5
8050 0.5
8050 0.05
8050 0.05
8050 0.05
8050 0.05
8050 0.05
8053 0.5
8053 0.5
8053 0.5
8053 0.5
8053 0.5
8053 0.5
8053 0.05
8053 0.05
8053 0.05
8053 0.5
8053 0.5
8053 0.5
8053 0.5
8053 0.5
8054 0.1
8054 0.1
8054 0.1
8054 0.1
8054 0.1
8054 0.1
8054 0.05
8054 0.05
8054 0.05
8054 0.5
8054 0.5
8054 0.5
8054 0.5
8054 0.5
8055 0.1
8055 0.1
8055 0.1
8055 0.1
8055 0.1
8055 0.1
8055 0.05
8055 0.05
8055 0.05
8055 0.5
8055 0.5
8055 0.5
8055 0.5
8055 0.5
8056 0.1
8056 0.1
8056 0.1
8056 0.1
8056 0.1
8056 0.1
8056 0.05
8056 0.05
8056 0.05
8056 0.5
8056 0.5
8056 0.5
8056 0.5
8056 0.5
8062 0.05
8062 0.05
8062 0.05
8062 0.05
8062 0.05
8062 0.05
8062 0.5
8062 0.5
8062 0.5
8062 0.5
8062 0.5
8062 0.5
8062 0.5
8062 0.5
8064 0.5
8064 0.5
8064 0.5
8064 0.5
8064 0.5
8064 0.5
8064 0.05
8064 0.05
8064 0.05
8064 0.5
8064 0.5
8064 0.5
8064 0.5
8064 0.5
8065 0.1
8065 0.1
8065 0.1
8065 0.1
8065 0.1
8065 0.1
8065 0.5
8065 0.5
8065 0.5
8065 0.5
8065 0.5
8065 0.5
8065 0.5
8065 0.5
8068 0.5
8068 0.5
8068 0.5
8068 0.5
8068 0.5
8068 0.5
8068 0.5
8068 0.5
8068 0.5
8068 0.5
8068 0.5
8068 0.5
8068 0.5
8068 0.5
8069 0.5
8069 0.5
8069 0.5
8069 0.5
8069 0.5
8069 0.5
8069 0.5
8069 0.5
8069 0.5
8069 0.5
8069 0.5
8069 0.5
8069 0.5
8069 0.5
8070 0.5
8070 0.5
8070 0.5
8070 0.5
8070 0.5
8070 0.5
8070 0.5
8070 0.5
8070 0.5
8070 0.5
8070 0.5
8070 0.5
8070 0.5
8070 0.5
8074 0.5
8074 0.5
8074 0.5
8074 0.5
8074 0.5
8074 0.5
8074 0.05
8074 0.05
8074 0.05
8074 0.5
8074 0.5
8074 0.5
8074 0.5
8074 0.5
8076 0.1
8076 0.1
8076 0.1
8076 0.1
8076 0.1
8076 0.1
8076 0.5
8076 0.5
8076 0.5
8076 0.5
8076 0.5
8076 0.5
8076 0.5
8076 0.5
8088 0.5
8088 0.5
8088 0.5
8088 0.5
8088 0.5
8088 0.5
8088 0.05
8088 0.05
8088 0.05
8088 0.5
8088 0.5
8088 0.5
8088 0.5
8088 0.5
8095 0.5
8095 0.5
8095 0.5
8095 0.5
8095 0.5
8095 0.5
8095 0.05
8095 0.05
8095 0.05
8095 0.5
8095 0.5
8095 0.5
8095 0.5
8095 0.5
8096 0.5
8096 0.5
8096 0.5
8096 0.5
8096 0.5
8096 0.5
8096 0.5
8096 0.5
8096 0.5
8096 0.05
8096 0.05
8096 0.05
8096 0.05
8096 0.05
8100 0.1
8100 0.1
8100 0.1
8100 0.1
8100 0.1
8100 0.1
8100 0.05
8100 0.05
8100 0.05
8100 0.5
8100 0.5
8100 0.5
8100 0.5
8100 0.5
8102 0.5
8102 0.5
8102 0.5
8102 0.5
8102 0.5
8102 0.5
8102 0.5
8102 0.5
8102 0.5
8102 0.5
8102 0.5
8102 0.5
8102 0.5
8102 0.5
8103 0.5
8103 0.5
8103 0.5
8103 0.5
8103 0.5
8103 0.5
8103 0.05
8103 0.05
8103 0.05
8103 0.5
8103 0.5
8103 0.5
8103 0.5
8103 0.5
8105 0.5
8105 0.5
8105 0.5
8105 0.5
8105 0.5
8105 0.5
8105 0.05
8105 0.05
8105 0.05
8105 0.5
8105 0.5
8105 0.5
8105 0.5
8105 0.5
8108 0.1
8108 0.1
8108 0.1
8108 0.1
8108 0.1
8108 0.1
8108 0.05
8108 0.05
8108 0.05
8108 0.5
8108 0.5
8108 0.5
8108 0.5
8108 0.5
8112 0.5
8112 0.5
8112 0.5
8112 0.5
8112 0.5
8112 0.5
8112 0.5
8112 0.5
8112 0.5
8112 0.05
8112 0.05
8112 0.05
8112 0.05
8112 0.05
8114 0.5
8114 0.5
8114 0.5
8114 0.5
8114 0.5
8114 0.5
8114 0.5
8114 0.5
8114 0.5
8114 0.5
8114 0.5
8114 0.5
8114 0.5
8114 0.5
8116 0.5
8116 0.5
8116 0.5
8116 0.5
8116 0.5
8116 0.5
8116 0.5
8116 0.5
8116 0.5
8116 0.5
8116 0.5
8116 0.5
8116 0.5
8116 0.5
8121 0.5
8121 0.5
8121 0.5
8121 0.5
8121 0.5
8121 0.5
8121 0.05
8121 0.05
8121 0.05
8121 0.5
8121 0.5
8121 0.5
8121 0.5
8121 0.5
8122 0.1
8122 0.1
8122 0.1
8122 0.1
8122 0.1
8122 0.1
8122 0.5
8122 0.5
8122 0.5
8122 0.5
8122 0.5
8122 0.5
8122 0.5
8122 0.5
8125 0.5
8125 0.5
8125 0.5
8125 0.5
8125 0.5
8125 0.5
8125 0.05
8125 0.05
8125 0.05
8125 0.5
8125 0.5
8125 0.5
8125 0.5
8125 0.5
8126 0.5
8126 0.5
8126 0.5
8126 0.5
8126 0.5
8126 0.5
8126 0.05
8126 0.05
8126 0.05
8126 0.05
8126 0.05
8126 0.05
8126 0.05
8126 0.05
8127 0.1
8127 0.1
8127 0.1
8127 0.1
8127 0.1
8127 0.1
8127 0.05
8127 0.05
8127 0.05
8127 0.5
8127 0.5
8127 0.5
8127 0.5
8127 0.5
8128 0.5
8128 0.5
8128 0.5
8128 0.5
8128 0.5
8128 0.5
8128 0.05
8128 0.05
8128 0.05
8128 0.5
8128 0.5
8128 0.5
8128 0.5
8128 0.5
8130 0.1
8130 0.1
8130 0.1
8130 0.1
8130 0.1
8130 0.1
8130 0.5
8130 0.5
8130 0.5
8130 0.5
8130 0.5
8130 0.5
8130 0.5
8130 0.5
8134 0.1
8134 0.1
8134 0.1
8134 0.1
8134 0.1
8134 0.1
8134 0.5
8134 0.5
8134 0.5
8134 0.5
8134 0.5
8134 0.5
8134 0.5
8134 0.5
8136 0.5
8136 0.5
8136 0.5
8136 0.5
8136 0.5
8136 0.5
8136 0.05
8136 0.05
8136 0.05
8136 0.05
8136 0.05
8136 0.05
8136 0.05
8136 0.05
8140 0.1
8140 0.1
8140 0.1
8140 0.1
8140 0.1
8140 0.1
8140 0.5
8140 0.5
8140 0.5
8140 0.5
8140 0.5
8140 0.5
8140 0.5
8140 0.5
8141 0.5
8141 0.5
8141 0.5
8141 0.5
8141 0.5
8141 0.5
8141 0.05
8141 0.05
8141 0.05
8141 0.5
8141 0.5
8141 0.5
8141 0.5
8141 0.5
8142 0.1
8142 0.1
8142 0.1
8142 0.1
8142 0.1
8142 0.1
8142 0.5
8142 0.5
8142 0.5
8142 0.5
8142 0.5
8142 0.5
8142 0.5
8142 0.5
8143 0.1
8143 0.1
8143 0.1
8143 0.1
8143 0.1
8143 0.1
8143 0.05
8143 0.05
8143 0.05
8143 0.5
8143 0.5
8143 0.5
8143 0.5
8143 0.5
8144 0.1
8144 0.1
8144 0.1
8144 0.1
8144 0.1
8144 0.1
8144 0.05
8144 0.05
8144 0.05
8144 0.5
8144 0.5
8144 0.5
8144 0.5
8144 0.5
8145 0.5
8145 0.5
8145 0.5
8145 0.5
8145 0.5
8145 0.5
8145 0.05
8145 0.05
8145 0.05
8145 0.5
8145 0.5
8145 0.5
8145 0.5
8145 0.5
8146 0.5
8146 0.5
8146 0.5
8146 0.5
8146 0.5
8146 0.5
8146 0.5
8146 0.5
8146 0.5
8146 0.5
8146 0.5
8146 0.5
8146 0.5
8146 0.5
8147 0.5
8147 0.5
8147 0.5
8147 0.5
8147 0.5
8147 0.5
8147 0.05
8147 0.05
8147 0.05
8147 0.5
8147 0.5
8147 0.5
8147 0.5
8147 0.5
8148 0.1
8148 0.1
8148 0.1
8148 0.1
8148 0.1
8148 0.1
8148 0.5
8148 0.5
8148 0.5
8148 0.5
8148 0.5
8148 0.5
8148 0.5
8148 0.5
8152 0.1
8152 0.1
8152 0.1
8152 0.1
8152 0.1
8152 0.1
8152 0.05
8152 0.05
8152 0.05
8152 0.5
8152 0.5
8152 0.5
8152 0.5
8152 0.5
8156 0.1
8156 0.1
8156 0.1
8156 0.1
8156 0.1
8156 0.1
8156 0.05
8156 0.05
8156 0.05
8156 0.5
8156 0.5
8156 0.5
8156 0.5
8156 0.5
8158 0.5
8158 0.5
8158 0.5
8158 0.5
8158 0.5
8158 0.5
8158 0.5
8158 0.5
8158 0.5
8158 0.5
8158 0.5
8158 0.5
8158 0.5
8158 0.5
8159 0.5
8159 0.5
8159 0.5
8159 0.5
8159 0.5
8159 0.5
8159 0.05
8159 0.05
8159 0.05
8159 0.5
8159 0.5
8159 0.5
8159 0.5
8159 0.5
8160 0.1
8160 0.1
8160 0.1
8160 0.1
8160 0.1
8160 0.1
8160 0.5
8160 0.5
8160 0.5
8160 0.5
8160 0.5
8160 0.5
8160 0.5
8160 0.5
8163 0.1
8163 0.1
8163 0.1
8163 0.1
8163 0.1
8163 0.1
8163 0.5
8163 0.5
8163 0.5
8163 0.5
8163 0.5
8163 0.5
8163 0.5
8163 0.5
8164 0.5
8164 0.5
8164 0.5
8164 0.5
8164 0.5
8164 0.5
8164 0.05
8164 0.05
8164 0.05
8164 0.5
8164 0.5
8164 0.5
8164 0.5
8164 0.5
8165 0.5
8165 0.5
8165 0.5
8165 0.5
8165 0.5
8165 0.5
8165 0.05
8165 0.05
8165 0.05
8165 0.5
8165 0.5
8165 0.5
8165 0.5
8165 0.5
8169 0.5
8169 0.5
8169 0.5
8169 0.5
8169 0.5
8169 0.5
8169 0.05
8169 0.05
8169 0.05
8169 0.5
8169 0.5
8169 0.5
8169 0.5
8169 0.5
8170 0.1
8170 0.1
8170 0.1
8170 0.1
8170 0.1
8170 0.1
8170 0.5
8170 0.5
8170 0.5
8170 0.5
8170 0.5
8170 0.5
8170 0.5
8170 0.5
8171 0.5
8171 0.5
8171 0.5
8171 0.5
8171 0.5
8171 0.5
8171 0.5
8171 0.5
8171 0.5
8171 0.5
8171 0.5
8171 0.5
8171 0.5
8171 0.5
8174 0.5
8174 0.5
8174 0.5
8174 0.5
8174 0.5
8174 0.5
8174 0.5
8174 0.5
8174 0.5
8174 0.5
8174 0.5
8174 0.5
8174 0.5
8174 0.5
8176 0.1
8176 0.1
8176 0.1
8176 0.1
8176 0.1
8176 0.1
8176 0.05
8176 0.05
8176 0.05
8176 0.5
8176 0.5
8176 0.5
8176 0.5
8176 0.5
8179 0.1
8179 0.1
8179 0.1
8179 0.1
8179 0.1
8179 0.1
8179 0.5
8179 0.5
8179 0.5
8179 0.5
8179 0.5
8179 0.5
8179 0.5
8179 0.5
8184 0.1
8184 0.1
8184 0.1
8184 0.1
8184 0.1
8184 0.1
8184 0.5
8184 0.5
8184 0.5
8184 0.5
8184 0.5
8184 0.5
8184 0.5
8184 0.5
8188 0.5
8188 0.5
8188 0.5
8188 0.5
8188 0.5
8188 0.5
8188 0.05
8188 0.05
8188 0.05
8188 0.5
8188 0.5
8188 0.5
8188 0.5
8188 0.5
8189 0.1
8189 0.1
8189 0.1
8189 0.1
8189 0.1
8189 0.1
8189 0.05
8189 0.05
8189 0.05
8189 0.05
8189 0.05
8189 0.05
8189 0.05
8189 0.05
8190 0.1
8190 0.1
8190 0.1
8190 0.1
8190 0.1
8190 0.1
8190 0.05
8190 0.05
8190 0.05
8190 0.5
8190 0.5
8190 0.5
8190 0.5
8190 0.5
8193 0.05
8193 0.05
8193 0.05
8193 0.05
8193 0.05
8193 0.05
8193 0.5
8193 0.5
8193 0.5
8193 0.5
8193 0.5
8193 0.5
8193 0.5
8193 0.5
8194 0.1
8194 0.1
8194 0.1
8194 0.1
8194 0.1
8194 0.1
8194 0.05
8194 0.05
8194 0.05
8194 0.5
8194 0.5
8194 0.5
8194 0.5
8194 0.5
8195 0.5
8195 0.5
8195 0.5
8195 0.5
8195 0.5
8195 0.5
8195 0.5
8195 0.5
8195 0.5
8195 0.5
8195 0.5
8195 0.5
8195 0.5
8195 0.5
8202 0.5
8202 0.5
8202 0.5
8202 0.5
8202 0.5
8202 0.5
8202 0.05
8202 0.05
8202 0.05
8202 0.5
8202 0.5
8202 0.5
8202 0.5
8202 0.5
8204 0.5
8204 0.5
8204 0.5
8204 0.5
8204 0.5
8204 0.5
8204 0.05
8204 0.05
8204 0.05
8204 0.5
8204 0.5
8204 0.5
8204 0.5
8204 0.5
8209 0.05
8209 0.05
8209 0.05
8209 0.05
8209 0.05
8209 0.05
8209 0.5
8209 0.5
8209 0.5
8209 0.5
8209 0.5
8209 0.5
8209 0.5
8209 0.5
8211 0.1
8211 0.1
8211 0.1
8211 0.1
8211 0.1
8211 0.1
8211 0.5
8211 0.5
8211 0.5
8211 0.5
8211 0.5
8211 0.5
8211 0.5
8211 0.5
8212 0.1
8212 0.1
8212 0.1
8212 0.1
8212 0.1
8212 0.1
8212 0.05
8212 0.05
8212 0.05
8212 0.5
8212 0.5
8212 0.5
8212 0.5
8212 0.5
8213 0.5
8213 0.5
8213 0.5
8213 0.5
8213 0.5
8213 0.5
8213 0.05
8213 0.05
8213 0.05
8213 0.05
8213 0.05
8213 0.05
8213 0.05
8213 0.05
8216 0.05
8216 0.05
8216 0.05
8216 0.05
8216 0.05
8216 0.05
8216 0.5
8216 0.5
8216 0.5
8216 0.5
8216 0.5
8216 0.5
8216 0.5
8216 0.5
8217 0.1
8217 0.1
8217 0.1
8217 0.1
8217 0.1
8217 0.1
8217 0.5
8217 0.5
8217 0.5
8217 0.5
8217 0.5
8217 0.5
8217 0.5
8217 0.5
8218 0.5
8218 0.5
8218 0.5
8218 0.5
8218 0.5
8218 0.5
8218 0.05
8218 0.05
8218 0.05
8218 0.5
8218 0.5
8218 0.5
8218 0.5
8218 0.5
8222 0.1
8222 0.1
8222 0.1
8222 0.1
8222 0.1
8222 0.1
8222 0.5
8222 0.5
8222 0.5
8222 0.5
8222 0.5
8222 0.5
8222 0.5
8222 0.5
8223 0.1
8223 0.1
8223 0.1
8223 0.1
8223 0.1
8223 0.1
8223 0.05
8223 0.05
8223 0.05
8223 0.05
8223 0.05
8223 0.05
8223 0.05
8223 0.05
8227 0.1
8227 0.1
8227 0.1
8227 0.1
8227 0.1
8227 0.1
8227 0.05
8227 0.05
8227 0.05
8227 0.05
8227 0.05
8227 0.05
8227 0.05
8227 0.05
8229 0.1
8229 0.1
8229 0.1
8229 0.1
8229 0.1
8229 0.1
8229 0.5
8229 0.5
8229 0.5
8229 0.5
8229 0.5
8229 0.5
8229 0.5
8229 0.5
8231 0.1
8231 0.1
8231 0.1
8231 0.1
8231 0.1
8231 0.1
8231 0.05
8231 0.05
8231 0.05
8231 0.5
8231 0.5
8231 0.5
8231 0.5
8231 0.5
8232 0.5
8232 0.5
8232 0.5
8232 0.5
8232 0.5
8232 0.5
8232 0.5
8232 0.5
8232 0.5
8232 0.5
8232 0.5
8232 0.5
8232 0.5
8232 0.5
8235 0.5
8235 0.5
8235 0.5
8235 0.5
8235 0.5
8235 0.5
8235 0.05
8235 0.05
8235 0.05
8235 0.05
8235 0.05
8235 0.05
8235 0.05
8235 0.05
8236 0.05
8236 0.05
8236 0.05
8236 0.05
8236 0.05
8236 0.05
8236 0.5
8236 0.5
8236 0.5
8236 0.5
8236 0.5
8236 0.5
8236 0.5
8236 0.5
8237 0.5
8237 0.5
8237 0.5
8237 0.5
8237 0.5
8237 0.5
8237 0.05
8237 0.05
8237 0.05
8237 0.05
8237 0.05
8237 0.05
8237 0.05
8237 0.05
8239 0.5
8239 0.5
8239 0.5
8239 0.5
8239 0.5
8239 0.5
8239 0.05
8239 0.05
8239 0.05
8239 0.05
8239 0.05
8239 0.05
8239 0.05
8239 0.05
8240 0.5
8240 0.5
8240 0.5
8240 0.5
8240 0.5
8240 0.5
8240 0.5
8240 0.5
8240 0.5
8240 0.5
8240 0.5
8240 0.5
8240 0.5
8240 0.5
8241 0.5
8241 0.5
8241 0.5
8241 0.5
8241 0.5
8241 0.5
8241 0.5
8241 0.5
8241 0.5
8241 0.05
8241 0.05
8241 0.05
8241 0.05
8241 0.05
8244 0.5
8244 0.5
8244 0.5
8244 0.5
8244 0.5
8244 0.5
8244 0.5
8244 0.5
8244 0.5
8244 0.05
8244 0.05
8244 0.05
8244 0.05
8244 0.05
8247 0.5
8247 0.5
8247 0.5
8247 0.5
8247 0.5
8247 0.5
8247 0.05
8247 0.05
8247 0.05
8247 0.5
8247 0.5
8247 0.5
8247 0.5
8247 0.5
8250 0.5
8250 0.5
8250 0.5
8250 0.5
8250 0.5
8250 0.5
8250 0.05
8250 0.05
8250 0.05
8250 0.5
8250 0.5
8250 0.5
8250 0.5
8250 0.5
8253 0.1
8253 0.1
8253 0.1
8253 0.1
8253 0.1
8253 0.1
8253 0.05
8253 0.05
8253 0.05
8253 0.5
8253 0.5
8253 0.5
8253 0.5
8253 0.5
8255 0.1
8255 0.1
8255 0.1
8255 0.1
8255 0.1
8255 0.1
8255 0.05
8255 0.05
8255 0.05
8255 0.5
8255 0.5
8255 0.5
8255 0.5
8255 0.5
8262 0.1
8262 0.1
8262 0.1
8262 0.1
8262 0.1
8262 0.1
8262 0.05
8262 0.05
8262 0.05
8262 0.5
8262 0.5
8262 0.5
8262 0.5
8262 0.5
8263 0.05
8263 0.05
8263 0.05
8263 0.05
8263 0.05
8263 0.05
8263 0.5
8263 0.5
8263 0.5
8263 0.5
8263 0.5
8263 0.5
8263 0.5
8263 0.5
8267 0.1
8267 0.1
8267 0.1
8267 0.1
8267 0.1
8267 0.1
8267 0.05
8267 0.05
8267 0.05
8267 0.5
8267 0.5
8267 0.5
8267 0.5
8267 0.5
8268 0.05
8268 0.05
8268 0.05
8268 0.05
8268 0.05
8268 0.05
8268 0.5
8268 0.5
8268 0.5
8268 0.5
8268 0.5
8268 0.5
8268 0.5
8268 0.5
8269 0.05
8269 0.05
8269 0.05
8269 0.05
8269 0.05
8269 0.05
8269 0.5
8269 0.5
8269 0.5
8269 0.5
8269 0.5
8269 0.5
8269 0.5
8269 0.5
8273 0.1
8273 0.1
8273 0.1
8273 0.1
8273 0.1
8273 0.1
8273 0.05
8273 0.05
8273 0.05
8273 0.5
8273 0.5
8273 0.5
8273 0.5
8273 0.5
8277 0.5
8277 0.5
8277 0.5
8277 0.5
8277 0.5
8277 0.5
8277 0.05
8277 0.05
8277 0.05
8277 0.05
8277 0.05
8277 0.05
8277 0.05
8277 0.05
8278 0.1
8278 0.1
8278 0.1
8278 0.1
8278 0.1
8278 0.1
8278 0.05
8278 0.05
8278 0.05
8278 0.5
8278 0.5
8278 0.5
8278 0.5
8278 0.5
8282 0.1
8282 0.1
8282 0.1
8282 0.1
8282 0.1
8282 0.1
8282 0.05
8282 0.05
8282 0.05
8282 0.5
8282 0.5
8282 0.5
8282 0.5
8282 0.5
8284 0.1
8284 0.1
8284 0.1
8284 0.1
8284 0.1
8284 0.1
8284 0.5
8284 0.5
8284 0.5
8284 0.5
8284 0.5
8284 0.5
8284 0.5
8284 0.5
8287 0.1
8287 0.1
8287 0.1
8287 0.1
8287 0.1
8287 0.1
8287 0.05
8287 0.05
8287 0.05
8287 0.5
8287 0.5
8287 0.5
8287 0.5
8287 0.5
8288 0.5
8288 0.5
8288 0.5
8288 0.5
8288 0.5
8288 0.5
8288 0.05
8288 0.05
8288 0.05
8288 0.5
8288 0.5
8288 0.5
8288 0.5
8288 0.5
8289 0.1
8289 0.1
8289 0.1
8289 0.1
8289 0.1
8289 0.1
8289 0.05
8289 0.05
8289 0.05
8289 0.5
8289 0.5
8289 0.5
8289 0.5
8289 0.5
8292 0.1
8292 0.1
8292 0.1
8292 0.1
8292 0.1
8292 0.1
8292 0.05
8292 0.05
8292 0.05
8292 0.5
8292 0.5
8292 0.5
8292 0.5
8292 0.5
8297 0.5
8297 0.5
8297 0.5
8297 0.5
8297 0.5
8297 0.5
8297 0.05
8297 0.05
8297 0.05
8297 0.05
8297 0.05
8297 0.05
8297 0.05
8297 0.05
8300 0.1
8300 0.1
8300 0.1
8300 0.1
8300 0.1
8300 0.1
8300 0.05
8300 0.05
8300 0.05
8300 0.5
8300 0.5
8300 0.5
8300 0.5
8300 0.5
8302 0.05
8302 0.05
8302 0.05
8302 0.05
8302 0.05
8302 0.05
8302 0.5
8302 0.5
8302 0.5
8302 0.5
8302 0.5
8302 0.5
8302 0.5
8302 0.5
8539 0.5
8539 0.5
8539 0.5
8539 0.5
8539 0.5
8539 0.5
8539 0.05
8539 0.05
8539 0.05
8539 0.5
8539 0.5
8539 0.5
8539 0.5
8539 0.5
8546 0.5
8546 0.5
8546 0.5
8546 0.5
8546 0.5
8546 0.5
8546 0.05
8546 0.05
8546 0.05
8546 0.5
8546 0.5
8546 0.5
8546 0.5
8546 0.5
8551 0.5
8551 0.5
8551 0.5
8551 0.5
8551 0.5
8551 0.5
8551 0.05
8551 0.05
8551 0.05
8551 0.5
8551 0.5
8551 0.5
8551 0.5
8551 0.5
8553 0.5
8553 0.5
8553 0.5
8553 0.5
8553 0.5
8553 0.5
8553 0.05
8553 0.05
8553 0.05
8553 0.5
8553 0.5
8553 0.5
8553 0.5
8553 0.5
8555 0.5
8555 0.5
8555 0.5
8555 0.5
8555 0.5
8555 0.5
8555 0.05
8555 0.05
8555 0.05
8555 0.5
8555 0.5
8555 0.5
8555 0.5
8555 0.5
8557 0.5
8557 0.5
8557 0.5
8557 0.5
8557 0.5
8557 0.5
8557 0.05
8557 0.05
8557 0.05
8557 0.5
8557 0.5
8557 0.5
8557 0.5
8557 0.5
8559 0.5
8559 0.5
8559 0.5
8559 0.5
8559 0.5
8559 0.5
8559 0.05
8559 0.05
8559 0.05
8559 0.5
8559 0.5
8559 0.5
8559 0.5
8559 0.5
8567 0.5
8567 0.5
8567 0.5
8567 0.5
8567 0.5
8567 0.5
8567 0.05
8567 0.05
8567 0.05
8567 0.5
8567 0.5
8567 0.5
8567 0.5
8567 0.5
8569 0.5
8569 0.5
8569 0.5
8569 0.5
8569 0.5
8569 0.5
8569 0.05
8569 0.05
8569 0.05
8569 0.5
8569 0.5
8569 0.5
8569 0.5
8569 0.5
8575 0.5
8575 0.5
8575 0.5
8575 0.5
8575 0.5
8575 0.5
8575 0.05
8575 0.05
8575 0.05
8575 0.5
8575 0.5
8575 0.5
8575 0.5
8575 0.5
8577 0.1
8577 0.1
8577 0.1
8577 0.1
8577 0.1
8577 0.1
8577 0.05
8577 0.05
8577 0.05
8577 0.5
8577 0.5
8577 0.5
8577 0.5
8577 0.5
8586 0.1
8586 0.1
8586 0.1
8586 0.1
8586 0.1
8586 0.1
8586 0.5
8586 0.5
8586 0.5
8586 0.5
8586 0.5
8586 0.5
8586 0.5
8586 0.5
8589 0.5
8589 0.5
8589 0.5
8589 0.5
8589 0.5
8589 0.5
8589 0.5
8589 0.5
8589 0.5
8589 0.05
8589 0.05
8589 0.05
8589 0.05
8589 0.05
8594 0.5
8594 0.5
8594 0.5
8594 0.5
8594 0.5
8594 0.5
8594 0.05
8594 0.05
8594 0.05
8594 0.5
8594 0.5
8594 0.5
8594 0.5
8594 0.5
8597 0.5
8597 0.5
8597 0.5
8597 0.5
8597 0.5
8597 0.5
8597 0.05
8597 0.05
8597 0.05
8597 0.05
8597 0.05
8597 0.05
8597 0.05
8597 0.05
8600 0.5
8600 0.5
8600 0.5
8600 0.5
8600 0.5
8600 0.5
8600 0.05
8600 0.05
8600 0.05
8600 0.5
8600 0.5
8600 0.5
8600 0.5
8600 0.5
8602 0.5
8602 0.5
8602 0.5
8602 0.5
8602 0.5
8602 0.5
8602 0.5
8602 0.5
8602 0.5
8602 0.05
8602 0.05
8602 0.05
8602 0.05
8602 0.05
8603 0.5
8603 0.5
8603 0.5
8603 0.5
8603 0.5
8603 0.5
8603 0.5
8603 0.5
8603 0.5
8603 0.05
8603 0.05
8603 0.05
8603 0.05
8603 0.05
8604 0.5
8604 0.5
8604 0.5
8604 0.5
8604 0.5
8604 0.5
8604 0.05
8604 0.05
8604 0.05
8604 0.5
8604 0.5
8604 0.5
8604 0.5
8604 0.5
8607 0.5
8607 0.5
8607 0.5
8607 0.5
8607 0.5
8607 0.5
8607 0.5
8607 0.5
8607 0.5
8607 0.5
8607 0.5
8607 0.5
8607 0.5
8607 0.5
8608 0.1
8608 0.1
8608 0.1
8608 0.1
8608 0.1
8608 0.1
8608 0.5
8608 0.5
8608 0.5
8608 0.5
8608 0.5
8608 0.5
8608 0.5
8608 0.5
8610 0.5
8610 0.5
8610 0.5
8610 0.5
8610 0.5
8610 0.5
8610 0.5
8610 0.5
8610 0.5
8610 0.05
8610 0.05
8610 0.05
8610 0.05
8610 0.05
8611 0.5
8611 0.5
8611 0.5
8611 0.5
8611 0.5
8611 0.5
8611 0.5
8611 0.5
8611 0.5
8611 0.5
8611 0.5
8611 0.5
8611 0.5
8611 0.5
8613 0.5
8613 0.5
8613 0.5
8613 0.5
8613 0.5
8613 0.5
8613 0.5
8613 0.5
8613 0.5
8613 0.5
8613 0.5
8613 0.5
8613 0.5
8613 0.5
8614 0.5
8614 0.5
8614 0.5
8614 0.5
8614 0.5
8614 0.5
8614 0.5
8614 0.5
8614 0.5
8614 0.5
8614 0.5
8614 0.5
8614 0.5
8614 0.5
8615 0.5
8615 0.5
8615 0.5
8615 0.5
8615 0.5
8615 0.5
8615 0.05
8615 0.05
8615 0.05
8615 0.5
8615 0.5
8615 0.5
8615 0.5
8615 0.5
8618 0.1
8618 0.1
8618 0.1
8618 0.1
8618 0.1
8618 0.1
8618 0.5
8618 0.5
8618 0.5
8618 0.5
8618 0.5
8618 0.5
8618 0.5
8618 0.5
8619 0.5
8619 0.5
8619 0.5
8619 0.5
8619 0.5
8619 0.5
8619 0.05
8619 0.05
8619 0.05
8619 0.5
8619 0.5
8619 0.5
8619 0.5
8619 0.5
8620 0.1
8620 0.1
8620 0.1
8620 0.1
8620 0.1
8620 0.1
8620 0.5
8620 0.5
8620 0.5
8620 0.5
8620 0.5
8620 0.5
8620 0.5
8620 0.5
8622 0.5
8622 0.5
8622 0.5
8622 0.5
8622 0.5
8622 0.5
8622 0.5
8622 0.5
8622 0.5
8622 0.5
8622 0.5
8622 0.5
8622 0.5
8622 0.5
8624 0.1
8624 0.1
8624 0.1
8624 0.1
8624 0.1
8624 0.1
8624 0.05
8624 0.05
8624 0.05
8624 0.5
8624 0.5
8624 0.5
8624 0.5
8624 0.5
8625 0.1
8625 0.1
8625 0.1
8625 0.1
8625 0.1
8625 0.1
8625 0.5
8625 0.5
8625 0.5
8625 0.5
8625 0.5
8625 0.5
8625 0.5
8625 0.5
8628 0.5
8628 0.5
8628 0.5
8628 0.5
8628 0.5
8628 0.5
8628 0.5
8628 0.5
8628 0.5
8628 0.05
8628 0.05
8628 0.05
8628 0.05
8628 0.05
8639 0.5
8639 0.5
8639 0.5
8639 0.5
8639 0.5
8639 0.5
8639 0.05
8639 0.05
8639 0.05
8639 0.05
8639 0.05
8639 0.05
8639 0.05
8639 0.05
8640 0.05
8640 0.05
8640 0.05
8640 0.05
8640 0.05
8640 0.05
8640 0.5
8640 0.5
8640 0.5
8640 0.5
8640 0.5
8640 0.5
8640 0.5
8640 0.5
8641 0.5
8641 0.5
8641 0.5
8641 0.5
8641 0.5
8641 0.5
8641 0.5
8641 0.5
8641 0.5
8641 0.5
8641 0.5
8641 0.5
8641 0.5
8641 0.5
8644 0.1
8644 0.1
8644 0.1
8644 0.1
8644 0.1
8644 0.1
8644 0.05
8644 0.05
8644 0.05
8644 0.5
8644 0.5
8644 0.5
8644 0.5
8644 0.5
8645 0.1
8645 0.1
8645 0.1
8645 0.1
8645 0.1
8645 0.1
8645 0.05
8645 0.05
8645 0.05
8645 0.5
8645 0.5
8645 0.5
8645 0.5
8645 0.5
8646 0.5
8646 0.5
8646 0.5
8646 0.5
8646 0.5
8646 0.5
8646 0.05
8646 0.05
8646 0.05
8646 0.05
8646 0.05
8646 0.05
8646 0.05
8646 0.05
8673 0.5
8673 0.5
8673 0.5
8673 0.5
8673 0.5
8673 0.5
8673 0.05
8673 0.05
8673 0.05
8673 0.05
8673 0.05
8673 0.05
8673 0.05
8673 0.05
8675 0.5
8675 0.5
8675 0.5
8675 0.5
8675 0.5
8675 0.5
8675 0.05
8675 0.05
8675 0.05
8675 0.5
8675 0.5
8675 0.5
8675 0.5
8675 0.5
8693 0.5
8693 0.5
8693 0.5
8693 0.5
8693 0.5
8693 0.5
8693 0.5
8693 0.5
8693 0.5
8693 0.5
8693 0.5
8693 0.5
8693 0.5
8693 0.5
8700 0.5
8700 0.5
8700 0.5
8700 0.5
8700 0.5
8700 0.5
8700 0.05
8700 0.05
8700 0.05
8700 0.5
8700 0.5
8700 0.5
8700 0.5
8700 0.5
8707 0.5
8707 0.5
8707 0.5
8707 0.5
8707 0.5
8707 0.5
8707 0.05
8707 0.05
8707 0.05
8707 0.05
8707 0.05
8707 0.05
8707 0.05
8707 0.05
8708 0.5
8708 0.5
8708 0.5
8708 0.5
8708 0.5
8708 0.5
8708 0.05
8708 0.05
8708 0.05
8708 0.5
8708 0.5
8708 0.5
8708 0.5
8708 0.5
8712 0.5
8712 0.5
8712 0.5
8712 0.5
8712 0.5
8712 0.5
8712 0.05
8712 0.05
8712 0.05
8712 0.5
8712 0.5
8712 0.5
8712 0.5
8712 0.5
8716 0.5
8716 0.5
8716 0.5
8716 0.5
8716 0.5
8716 0.5
8716 0.5
8716 0.5
8716 0.5
8716 0.5
8716 0.5
8716 0.5
8716 0.5
8716 0.5
8718 0.5
8718 0.5
8718 0.5
8718 0.5
8718 0.5
8718 0.5
8718 0.05
8718 0.05
8718 0.05
8718 0.5
8718 0.5
8718 0.5
8718 0.5
8718 0.5
8777 0.5
8777 0.5
8777 0.5
8777 0.5
8777 0.5
8777 0.5
8777 0.05
8777 0.05
8777 0.05
8777 0.5
8777 0.5
8777 0.5
8777 0.5
8777 0.5
8778 0.1
8778 0.1
8778 0.1
8778 0.1
8778 0.1
8778 0.1
8778 0.5
8778 0.5
8778 0.5
8778 0.5
8778 0.5
8778 0.5
8778 0.5
8778 0.5
8787 0.5
8787 0.5
8787 0.5
8787 0.5
8787 0.5
8787 0.5
8787 0.05
8787 0.05
8787 0.05
8787 0.5
8787 0.5
8787 0.5
8787 0.5
8787 0.5
8789 0.5
8789 0.5
8789 0.5
8789 0.5
8789 0.5
8789 0.5
8789 0.05
8789 0.05
8789 0.05
8789 0.05
8789 0.05
8789 0.05
8789 0.05
8789 0.05
8790 0.5
8790 0.5
8790 0.5
8790 0.5
8790 0.5
8790 0.5
8790 0.05
8790 0.05
8790 0.05
8790 0.05
8790 0.05
8790 0.05
8790 0.05
8790 0.05
8847 0.5
8847 0.5
8847 0.5
8847 0.5
8847 0.5
8847 0.5
8847 0.05
8847 0.05
8847 0.05
8847 0.5
8847 0.5
8847 0.5
8847 0.5
8847 0.5
8848 0.5
8848 0.5
8848 0.5
8848 0.5
8848 0.5
8848 0.5
8848 0.05
8848 0.05
8848 0.05
8848 0.5
8848 0.5
8848 0.5
8848 0.5
8848 0.5
8849 0.5
8849 0.5
8849 0.5
8849 0.5
8849 0.5
8849 0.5
8849 0.05
8849 0.05
8849 0.05
8849 0.5
8849 0.5
8849 0.5
8849 0.5
8849 0.5
8851 0.5
8851 0.5
8851 0.5
8851 0.5
8851 0.5
8851 0.5
8851 0.05
8851 0.05
8851 0.05
8851 0.5
8851 0.5
8851 0.5
8851 0.5
8851 0.5
8852 0.5
8852 0.5
8852 0.5
8852 0.5
8852 0.5
8852 0.5
8852 0.05
8852 0.05
8852 0.05
8852 0.5
8852 0.5
8852 0.5
8852 0.5
8852 0.5
8854 0.5
8854 0.5
8854 0.5
8854 0.5
8854 0.5
8854 0.5
8854 0.05
8854 0.05
8854 0.05
8854 0.5
8854 0.5
8854 0.5
8854 0.5
8854 0.5
8855 0.5
8855 0.5
8855 0.5
8855 0.5
8855 0.5
8855 0.5
8855 0.05
8855 0.05
8855 0.05
8855 0.5
8855 0.5
8855 0.5
8855 0.5
8855 0.5
8856 0.5
8856 0.5
8856 0.5
8856 0.5
8856 0.5
8856 0.5
8856 0.05
8856 0.05
8856 0.05
8856 0.5
8856 0.5
8856 0.5
8856 0.5
8856 0.5
8857 0.1
8857 0.1
8857 0.1
8857 0.1
8857 0.1
8857 0.1
8857 0.05
8857 0.05
8857 0.05
8857 0.5
8857 0.5
8857 0.5
8857 0.5
8857 0.5
8858 0.5
8858 0.5
8858 0.5
8858 0.5
8858 0.5
8858 0.5
8858 0.05
8858 0.05
8858 0.05
8858 0.5
8858 0.5
8858 0.5
8858 0.5
8858 0.5
8859 0.1
8859 0.1
8859 0.1
8859 0.1
8859 0.1
8859 0.1
8859 0.05
8859 0.05
8859 0.05
8859 0.5
8859 0.5
8859 0.5
8859 0.5
8859 0.5
8860 0.5
8860 0.5
8860 0.5
8860 0.5
8860 0.5
8860 0.5
8860 0.05
8860 0.05
8860 0.05
8860 0.5
8860 0.5
8860 0.5
8860 0.5
8860 0.5
8861 0.5
8861 0.5
8861 0.5
8861 0.5
8861 0.5
8861 0.5
8861 0.05
8861 0.05
8861 0.05
8861 0.5
8861 0.5
8861 0.5
8861 0.5
8861 0.5
8862 0.1
8862 0.1
8862 0.1
8862 0.1
8862 0.1
8862 0.1
8862 0.05
8862 0.05
8862 0.05
8862 0.5
8862 0.5
8862 0.5
8862 0.5
8862 0.5
8863 0.1
8863 0.1
8863 0.1
8863 0.1
8863 0.1
8863 0.1
8863 0.05
8863 0.05
8863 0.05
8863 0.5
8863 0.5
8863 0.5
8863 0.5
8863 0.5
8864 0.5
8864 0.5
8864 0.5
8864 0.5
8864 0.5
8864 0.5
8864 0.05
8864 0.05
8864 0.05
8864 0.5
8864 0.5
8864 0.5
8864 0.5
8864 0.5
8865 0.5
8865 0.5
8865 0.5
8865 0.5
8865 0.5
8865 0.5
8865 0.05
8865 0.05
8865 0.05
8865 0.5
8865 0.5
8865 0.5
8865 0.5
8865 0.5
8866 0.5
8866 0.5
8866 0.5
8866 0.5
8866 0.5
8866 0.5
8866 0.05
8866 0.05
8866 0.05
8866 0.5
8866 0.5
8866 0.5
8866 0.5
8866 0.5
8867 0.5
8867 0.5
8867 0.5
8867 0.5
8867 0.5
8867 0.5
8867 0.05
8867 0.05
8867 0.05
8867 0.5
8867 0.5
8867 0.5
8867 0.5
8867 0.5
8868 0.1
8868 0.1
8868 0.1
8868 0.1
8868 0.1
8868 0.1
8868 0.05
8868 0.05
8868 0.05
8868 0.5
8868 0.5
8868 0.5
8868 0.5
8868 0.5
8869 0.1
8869 0.1
8869 0.1
8869 0.1
8869 0.1
8869 0.1
8869 0.05
8869 0.05
8869 0.05
8869 0.05
8869 0.05
8869 0.05
8869 0.05
8869 0.05
8870 0.1
8870 0.1
8870 0.1
8870 0.1
8870 0.1
8870 0.1
8870 0.05
8870 0.05
8870 0.05
8870 0.5
8870 0.5
8870 0.5
8870 0.5
8870 0.5
8871 0.05
8871 0.05
8871 0.05
8871 0.05
8871 0.05
8871 0.05
8871 0.05
8871 0.05
8871 0.05
8871 0.05
8871 0.05
8871 0.05
8871 0.05
8871 0.05
8876 0.1
8876 0.1
8876 0.1
8876 0.1
8876 0.1
8876 0.1
8876 0.05
8876 0.05
8876 0.05
8876 0.5
8876 0.5
8876 0.5
8876 0.5
8876 0.5
8886 0.1
8886 0.1
8886 0.1
8886 0.1
8886 0.1
8886 0.1
8886 0.5
8886 0.5
8886 0.5
8886 0.5
8886 0.5
8886 0.5
8886 0.5
8886 0.5
8888 0.1
8888 0.1
8888 0.1
8888 0.1
8888 0.1
8888 0.1
8888 0.5
8888 0.5
8888 0.5
8888 0.5
8888 0.5
8888 0.5
8888 0.5
8888 0.5
8889 0.1
8889 0.1
8889 0.1
8889 0.1
8889 0.1
8889 0.1
8889 0.5
8889 0.5
8889 0.5
8889 0.5
8889 0.5
8889 0.5
8889 0.5
8889 0.5
8890 0.1
8890 0.1
8890 0.1
8890 0.1
8890 0.1
8890 0.1
8890 0.5
8890 0.5
8890 0.5
8890 0.5
8890 0.5
8890 0.5
8890 0.5
8890 0.5
8891 0.1
8891 0.1
8891 0.1
8891 0.1
8891 0.1
8891 0.1
8891 0.5
8891 0.5
8891 0.5
8891 0.5
8891 0.5
8891 0.5
8891 0.5
8891 0.5
8893 0.05
8893 0.05
8893 0.05
8893 0.05
8893 0.05
8893 0.05
8893 0.5
8893 0.5
8893 0.5
8893 0.5
8893 0.5
8893 0.5
8893 0.5
8893 0.5
8894 0.1
8894 0.1
8894 0.1
8894 0.1
8894 0.1
8894 0.1
8894 0.5
8894 0.5
8894 0.5
8894 0.5
8894 0.5
8894 0.5
8894 0.5
8894 0.5
8914 0.05
8914 0.05
8914 0.05
8914 0.05
8914 0.05
8914 0.05
8914 0.5
8914 0.5
8914 0.5
8914 0.5
8914 0.5
8914 0.5
8914 0.5
8914 0.5
8916 0.1
8916 0.1
8916 0.1
8916 0.1
8916 0.1
8916 0.1
8916 0.5
8916 0.5
8916 0.5
8916 0.5
8916 0.5
8916 0.5
8916 0.5
8916 0.5
8929 0.5
8929 0.5
8929 0.5
8929 0.5
8929 0.5
8929 0.5
8929 0.05
8929 0.05
8929 0.05
8929 0.5
8929 0.5
8929 0.5
8929 0.5
8929 0.5
8930 0.5
8930 0.5
8930 0.5
8930 0.5
8930 0.5
8930 0.5
8930 0.05
8930 0.05
8930 0.05
8930 0.5
8930 0.5
8930 0.5
8930 0.5
8930 0.5
8931 0.1
8931 0.1
8931 0.1
8931 0.1
8931 0.1
8931 0.1
8931 0.05
8931 0.05
8931 0.05
8931 0.5
8931 0.5
8931 0.5
8931 0.5
8931 0.5
8932 0.1
8932 0.1
8932 0.1
8932 0.1
8932 0.1
8932 0.1
8932 0.05
8932 0.05
8932 0.05
8932 0.5
8932 0.5
8932 0.5
8932 0.5
8932 0.5
8933 0.1
8933 0.1
8933 0.1
8933 0.1
8933 0.1
8933 0.1
8933 0.05
8933 0.05
8933 0.05
8933 0.5
8933 0.5
8933 0.5
8933 0.5
8933 0.5
8940 0.1
8940 0.1
8940 0.1
8940 0.1
8940 0.1
8940 0.1
8940 0.05
8940 0.05
8940 0.05
8940 0.05
8940 0.05
8940 0.05
8940 0.05
8940 0.05
8945 0.5
8945 0.5
8945 0.5
8945 0.5
8945 0.5
8945 0.5
8945 0.05
8945 0.05
8945 0.05
8945 0.05
8945 0.05
8945 0.05
8945 0.05
8945 0.05
8946 0.5
8946 0.5
8946 0.5
8946 0.5
8946 0.5
8946 0.5
8946 0.05
8946 0.05
8946 0.05
8946 0.5
8946 0.5
8946 0.5
8946 0.5
8946 0.5
8947 0.5
8947 0.5
8947 0.5
8947 0.5
8947 0.5
8947 0.5
8947 0.05
8947 0.05
8947 0.05
8947 0.5
8947 0.5
8947 0.5
8947 0.5
8947 0.5
8948 0.5
8948 0.5
8948 0.5
8948 0.5
8948 0.5
8948 0.5
8948 0.05
8948 0.05
8948 0.05
8948 0.05
8948 0.05
8948 0.05
8948 0.05
8948 0.05
8949 0.5
8949 0.5
8949 0.5
8949 0.5
8949 0.5
8949 0.5
8949 0.05
8949 0.05
8949 0.05
8949 0.05
8949 0.05
8949 0.05
8949 0.05
8949 0.05
8953 0.5
8953 0.5
8953 0.5
8953 0.5
8953 0.5
8953 0.5
8953 0.5
8953 0.5
8953 0.5
8953 0.5
8953 0.5
8953 0.5
8953 0.5
8953 0.5
8954 0.5
8954 0.5
8954 0.5
8954 0.5
8954 0.5
8954 0.5
8954 0.05
8954 0.05
8954 0.05
8954 0.05
8954 0.05
8954 0.05
8954 0.05
8954 0.05
8956 0.5
8956 0.5
8956 0.5
8956 0.5
8956 0.5
8956 0.5
8956 0.5
8956 0.5
8956 0.5
8956 0.5
8956 0.5
8956 0.5
8956 0.5
8956 0.5
8957 0.1
8957 0.1
8957 0.1
8957 0.1
8957 0.1
8957 0.1
8957 0.5
8957 0.5
8957 0.5
8957 0.5
8957 0.5
8957 0.5
8957 0.5
8957 0.5
8958 0.5
8958 0.5
8958 0.5
8958 0.5
8958 0.5
8958 0.5
8958 0.5
8958 0.5
8958 0.5
8958 0.05
8958 0.05
8958 0.05
8958 0.05
8958 0.05
8960 0.5
8960 0.5
8960 0.5
8960 0.5
8960 0.5
8960 0.5
8960 0.05
8960 0.05
8960 0.05
8960 0.05
8960 0.05
8960 0.05
8960 0.05
8960 0.05
8965 0.5
8965 0.5
8965 0.5
8965 0.5
8965 0.5
8965 0.5
8965 0.5
8965 0.5
8965 0.5
8965 0.5
8965 0.5
8965 0.5
8965 0.5
8965 0.5
8979 0.05
8979 0.05
8979 0.05
8979 0.05
8979 0.05
8979 0.05
8979 0.5
8979 0.5
8979 0.5
8979 0.5
8979 0.5
8979 0.5
8979 0.5
8979 0.5
