pt_graph coeff
0 0.5
0 0.5
0 0.5
0 0.5
0 0.5
0 0.5
0 0.5
0 0.5
0 0.5
0 0.5
0 0.5
0 0.5
0 0.5
0 0.5
32 0.1
32 0.1
32 0.1
32 0.1
32 0.1
32 0.5
32 0.5
32 0.5
32 0.5
32 0.5
32 0.5
32 0.5
32 0.5
32 0.5
49 0.5
49 0.5
49 0.5
49 0.5
49 0.5
49 0.5
49 0.5
49 0.5
49 0.5
49 0.5
49 0.5
49 0.5
49 0.5
49 0.5
50 0.1
50 0.1
50 0.1
50 0.1
50 0.1
50 0.5
50 0.5
50 0.5
50 0.5
50 0.5
50 0.5
50 0.5
50 0.5
50 0.5
51 0.1
51 0.1
51 0.1
51 0.1
51 0.1
51 0.5
51 0.5
51 0.5
51 0.5
51 0.5
51 0.5
51 0.5
51 0.5
51 0.5
52 0.1
52 0.1
52 0.1
52 0.1
52 0.1
52 0.5
52 0.5
52 0.5
52 0.5
52 0.5
52 0.5
52 0.5
52 0.5
52 0.5
53 0.1
53 0.1
53 0.1
53 0.1
53 0.1
53 0.5
53 0.5
53 0.5
53 0.5
53 0.5
53 0.5
53 0.5
53 0.5
53 0.5
77 0.5
77 0.5
77 0.5
77 0.5
77 0.5
77 0.5
77 0.5
77 0.5
77 0.5
77 0.5
77 0.5
77 0.5
77 0.5
77 0.5
78 0.5
78 0.5
78 0.5
78 0.5
78 0.5
78 0.5
78 0.5
78 0.5
78 0.5
78 0.5
78 0.5
78 0.5
78 0.5
78 0.5
79 0.1
79 0.1
79 0.1
79 0.1
79 0.1
79 0.5
79 0.5
79 0.5
79 0.5
79 0.5
79 0.5
79 0.5
79 0.5
79 0.5
80 0.1
80 0.1
80 0.1
80 0.1
80 0.1
80 0.5
80 0.5
80 0.5
80 0.5
80 0.5
80 0.5
80 0.5
80 0.5
80 0.5
81 0.1
81 0.1
81 0.1
81 0.1
81 0.1
81 0.5
81 0.5
81 0.5
81 0.5
81 0.5
81 0.5
81 0.5
81 0.5
81 0.5
82 0.1
82 0.1
82 0.1
82 0.1
82 0.1
82 0.5
82 0.5
82 0.5
82 0.5
82 0.5
82 0.5
82 0.5
82 0.5
82 0.5
83 0.1
83 0.1
83 0.1
83 0.1
83 0.1
83 0.5
83 0.5
83 0.5
83 0.5
83 0.5
83 0.5
83 0.5
83 0.5
83 0.5
114 0.1
114 0.1
114 0.1
114 0.1
114 0.1
114 0.5
114 0.5
114 0.5
114 0.5
114 0.5
114 0.5
114 0.5
114 0.5
114 0.5
115 0.1
115 0.1
115 0.1
115 0.1
115 0.1
115 0.5
115 0.5
115 0.5
115 0.5
115 0.5
115 0.5
115 0.5
115 0.5
115 0.5
116 0.1
116 0.1
116 0.1
116 0.1
116 0.1
116 0.5
116 0.5
116 0.5
116 0.5
116 0.5
116 0.5
116 0.5
116 0.5
116 0.5
117 0.1
117 0.1
117 0.1
117 0.1
117 0.1
117 0.5
117 0.5
117 0.5
117 0.5
117 0.5
117 0.5
117 0.5
117 0.5
117 0.5
118 0.1
118 0.1
118 0.1
118 0.1
118 0.1
118 0.5
118 0.5
118 0.5
118 0.5
118 0.5
118 0.5
118 0.5
118 0.5
118 0.5
119 0.1
119 0.1
119 0.1
119 0.1
119 0.1
119 0.5
119 0.5
119 0.5
119 0.5
119 0.5
119 0.5
119 0.5
119 0.5
119 0.5
120 0.1
120 0.1
120 0.1
120 0.1
120 0.1
120 0.5
120 0.5
120 0.5
120 0.5
120 0.5
120 0.5
120 0.5
120 0.5
120 0.5
121 0.1
121 0.1
121 0.1
121 0.1
121 0.1
121 0.5
121 0.5
121 0.5
121 0.5
121 0.5
121 0.5
121 0.5
121 0.5
121 0.5
122 0.1
122 0.1
122 0.1
122 0.1
122 0.1
122 0.5
122 0.5
122 0.5
122 0.5
122 0.5
122 0.5
122 0.5
122 0.5
122 0.5
158 0.1
158 0.1
158 0.1
158 0.1
158 0.1
158 0.5
158 0.5
158 0.5
158 0.5
158 0.5
158 0.5
158 0.5
158 0.5
158 0.5
159 0.1
159 0.1
159 0.1
159 0.1
159 0.1
159 0.5
159 0.5
159 0.5
159 0.5
159 0.5
159 0.5
159 0.5
159 0.5
159 0.5
160 0.1
160 0.1
160 0.1
160 0.1
160 0.1
160 0.5
160 0.5
160 0.5
160 0.5
160 0.5
160 0.5
160 0.5
160 0.5
160 0.5
161 0.1
161 0.1
161 0.1
161 0.1
161 0.1
161 0.5
161 0.5
161 0.5
161 0.5
161 0.5
161 0.5
161 0.5
161 0.5
161 0.5
162 0.1
162 0.1
162 0.1
162 0.1
162 0.1
162 0.5
162 0.5
162 0.5
162 0.5
162 0.5
162 0.5
162 0.5
162 0.5
162 0.5
163 0.1
163 0.1
163 0.1
163 0.1
163 0.1
163 0.5
163 0.5
163 0.5
163 0.5
163 0.5
163 0.5
163 0.5
163 0.5
163 0.5
164 0.1
164 0.1
164 0.1
164 0.1
164 0.1
164 0.5
164 0.5
164 0.5
164 0.5
164 0.5
164 0.5
164 0.5
164 0.5
164 0.5
165 0.1
165 0.1
165 0.1
165 0.1
165 0.1
165 0.5
165 0.5
165 0.5
165 0.5
165 0.5
165 0.5
165 0.5
165 0.5
165 0.5
201 0.1
201 0.1
201 0.1
201 0.1
201 0.1
201 0.5
201 0.5
201 0.5
201 0.5
201 0.5
201 0.5
201 0.5
201 0.5
201 0.5
202 0.1
202 0.1
202 0.1
202 0.1
202 0.1
202 0.5
202 0.5
202 0.5
202 0.5
202 0.5
202 0.5
202 0.5
202 0.5
202 0.5
203 0.1
203 0.1
203 0.1
203 0.1
203 0.1
203 0.5
203 0.5
203 0.5
203 0.5
203 0.5
203 0.5
203 0.5
203 0.5
203 0.5
204 0.1
204 0.1
204 0.1
204 0.1
204 0.1
204 0.5
204 0.5
204 0.5
204 0.5
204 0.5
204 0.5
204 0.5
204 0.5
204 0.5
205 0.1
205 0.1
205 0.1
205 0.1
205 0.1
205 0.5
205 0.5
205 0.5
205 0.5
205 0.5
205 0.5
205 0.5
205 0.5
205 0.5
206 0.1
206 0.1
206 0.1
206 0.1
206 0.1
206 0.5
206 0.5
206 0.5
206 0.5
206 0.5
206 0.5
206 0.5
206 0.5
206 0.5
207 0.1
207 0.1
207 0.1
207 0.1
207 0.1
207 0.5
207 0.5
207 0.5
207 0.5
207 0.5
207 0.5
207 0.5
207 0.5
207 0.5
208 0.1
208 0.1
208 0.1
208 0.1
208 0.1
208 0.5
208 0.5
208 0.5
208 0.5
208 0.5
208 0.5
208 0.5
208 0.5
208 0.5
209 0.1
209 0.1
209 0.1
209 0.1
209 0.1
209 0.5
209 0.5
209 0.5
209 0.5
209 0.5
209 0.5
209 0.5
209 0.5
209 0.5
249 0.1
249 0.1
249 0.1
249 0.1
249 0.1
249 0.5
249 0.5
249 0.5
249 0.5
249 0.5
249 0.5
249 0.5
249 0.5
249 0.5
250 0.1
250 0.1
250 0.1
250 0.1
250 0.1
250 0.5
250 0.5
250 0.5
250 0.5
250 0.5
250 0.5
250 0.5
250 0.5
250 0.5
251 0.1
251 0.1
251 0.1
251 0.1
251 0.1
251 0.5
251 0.5
251 0.5
251 0.5
251 0.5
251 0.5
251 0.5
251 0.5
251 0.5
252 0.1
252 0.1
252 0.1
252 0.1
252 0.1
252 0.5
252 0.5
252 0.5
252 0.5
252 0.5
252 0.5
252 0.5
252 0.5
252 0.5
253 0.1
253 0.1
253 0.1
253 0.1
253 0.1
253 0.5
253 0.5
253 0.5
253 0.5
253 0.5
253 0.5
253 0.5
253 0.5
253 0.5
254 0.1
254 0.1
254 0.1
254 0.1
254 0.1
254 0.5
254 0.5
254 0.5
254 0.5
254 0.5
254 0.5
254 0.5
254 0.5
254 0.5
255 0.1
255 0.1
255 0.1
255 0.1
255 0.1
255 0.5
255 0.5
255 0.5
255 0.5
255 0.5
255 0.5
255 0.5
255 0.5
255 0.5
256 0.1
256 0.1
256 0.1
256 0.1
256 0.1
256 0.5
256 0.5
256 0.5
256 0.5
256 0.5
256 0.5
256 0.5
256 0.5
256 0.5
257 0.1
257 0.1
257 0.1
257 0.1
257 0.1
257 0.5
257 0.5
257 0.5
257 0.5
257 0.5
257 0.5
257 0.5
257 0.5
257 0.5
258 0.1
258 0.1
258 0.1
258 0.1
258 0.1
258 0.5
258 0.5
258 0.5
258 0.5
258 0.5
258 0.5
258 0.5
258 0.5
258 0.5
302 0.5
302 0.5
302 0.5
302 0.5
302 0.5
302 0.5
302 0.5
302 0.5
302 0.5
302 0.5
302 0.5
302 0.5
302 0.5
302 0.5
303 0.5
303 0.5
303 0.5
303 0.5
303 0.5
303 0.5
303 0.5
303 0.5
303 0.5
303 0.5
303 0.5
303 0.5
303 0.5
303 0.5
304 0.1
304 0.1
304 0.1
304 0.1
304 0.1
304 0.5
304 0.5
304 0.5
304 0.5
304 0.5
304 0.5
304 0.5
304 0.5
304 0.5
305 0.1
305 0.1
305 0.1
305 0.1
305 0.1
305 0.5
305 0.5
305 0.5
305 0.5
305 0.5
305 0.5
305 0.5
305 0.5
305 0.5
306 0.1
306 0.1
306 0.1
306 0.1
306 0.1
306 0.5
306 0.5
306 0.5
306 0.5
306 0.5
306 0.5
306 0.5
306 0.5
306 0.5
307 0.1
307 0.1
307 0.1
307 0.1
307 0.1
307 0.5
307 0.5
307 0.5
307 0.5
307 0.5
307 0.5
307 0.5
307 0.5
307 0.5
308 0.1
308 0.1
308 0.1
308 0.1
308 0.1
308 0.5
308 0.5
308 0.5
308 0.5
308 0.5
308 0.5
308 0.5
308 0.5
308 0.5
309 0.1
309 0.1
309 0.1
309 0.1
309 0.1
309 0.5
309 0.5
309 0.5
309 0.5
309 0.5
309 0.5
309 0.5
309 0.5
309 0.5
310 0.1
310 0.1
310 0.1
310 0.1
310 0.1
310 0.5
310 0.5
310 0.5
310 0.5
310 0.5
310 0.5
310 0.5
310 0.5
310 0.5
311 0.1
311 0.1
311 0.1
311 0.1
311 0.1
311 0.5
311 0.5
311 0.5
311 0.5
311 0.5
311 0.5
311 0.5
311 0.5
311 0.5
312 0.05
312 0.05
312 0.05
312 0.05
312 0.05
312 0.5
312 0.5
312 0.5
312 0.5
312 0.5
312 0.5
312 0.5
312 0.5
312 0.5
313 0.1
313 0.1
313 0.1
313 0.1
313 0.1
313 0.5
313 0.5
313 0.5
313 0.5
313 0.5
313 0.5
313 0.5
313 0.5
313 0.5
314 0.1
314 0.1
314 0.1
314 0.1
314 0.1
314 0.5
314 0.5
314 0.5
314 0.5
314 0.5
314 0.5
314 0.5
314 0.5
314 0.5
315 0.1
315 0.1
315 0.1
315 0.1
315 0.1
315 0.5
315 0.5
315 0.5
315 0.5
315 0.5
315 0.5
315 0.5
315 0.5
315 0.5
365 0.5
365 0.5
365 0.5
365 0.5
365 0.5
365 0.5
365 0.5
365 0.5
365 0.5
365 0.5
365 0.5
365 0.5
365 0.5
365 0.5
366 0.5
366 0.5
366 0.5
366 0.5
366 0.5
366 0.5
366 0.5
366 0.5
366 0.5
366 0.5
366 0.5
366 0.5
366 0.5
366 0.5
367 0.1
367 0.1
367 0.1
367 0.1
367 0.1
367 0.5
367 0.5
367 0.5
367 0.5
367 0.5
367 0.5
367 0.5
367 0.5
367 0.5
368 0.1
368 0.1
368 0.1
368 0.1
368 0.1
368 0.5
368 0.5
368 0.5
368 0.5
368 0.5
368 0.5
368 0.5
368 0.5
368 0.5
369 0.1
369 0.1
369 0.1
369 0.1
369 0.1
369 0.5
369 0.5
369 0.5
369 0.5
369 0.5
369 0.5
369 0.5
369 0.5
369 0.5
370 0.1
370 0.1
370 0.1
370 0.1
370 0.1
370 0.5
370 0.5
370 0.5
370 0.5
370 0.5
370 0.5
370 0.5
370 0.5
370 0.5
371 0.1
371 0.1
371 0.1
371 0.1
371 0.1
371 0.5
371 0.5
371 0.5
371 0.5
371 0.5
371 0.5
371 0.5
371 0.5
371 0.5
372 0.1
372 0.1
372 0.1
372 0.1
372 0.1
372 0.5
372 0.5
372 0.5
372 0.5
372 0.5
372 0.5
372 0.5
372 0.5
372 0.5
373 0.05
373 0.05
373 0.05
373 0.05
373 0.05
373 0.5
373 0.5
373 0.5
373 0.5
373 0.5
373 0.5
373 0.5
373 0.5
373 0.5
374 0.05
374 0.05
374 0.05
374 0.05
374 0.05
374 0.5
374 0.5
374 0.5
374 0.5
374 0.5
374 0.5
374 0.5
374 0.5
374 0.5
375 0.05
375 0.05
375 0.05
375 0.05
375 0.05
375 0.5
375 0.5
375 0.5
375 0.5
375 0.5
375 0.5
375 0.5
375 0.5
375 0.5
376 0.1
376 0.1
376 0.1
376 0.1
376 0.1
376 0.5
376 0.5
376 0.5
376 0.5
376 0.5
376 0.5
376 0.5
376 0.5
376 0.5
377 0.1
377 0.1
377 0.1
377 0.1
377 0.1
377 0.5
377 0.5
377 0.5
377 0.5
377 0.5
377 0.5
377 0.5
377 0.5
377 0.5
429 0.5
429 0.5
429 0.5
429 0.5
429 0.5
429 0.5
429 0.5
429 0.5
429 0.5
429 0.5
429 0.5
429 0.5
429 0.5
429 0.5
430 0.5
430 0.5
430 0.5
430 0.5
430 0.5
430 0.5
430 0.5
430 0.5
430 0.5
430 0.5
430 0.5
430 0.5
430 0.5
430 0.5
431 0.1
431 0.1
431 0.1
431 0.1
431 0.1
431 0.5
431 0.5
431 0.5
431 0.5
431 0.5
431 0.5
431 0.5
431 0.5
431 0.5
432 0.1
432 0.1
432 0.1
432 0.1
432 0.1
432 0.5
432 0.5
432 0.5
432 0.5
432 0.5
432 0.5
432 0.5
432 0.5
432 0.5
433 0.1
433 0.1
433 0.1
433 0.1
433 0.1
433 0.5
433 0.5
433 0.5
433 0.5
433 0.5
433 0.5
433 0.5
433 0.5
433 0.5
434 0.1
434 0.1
434 0.1
434 0.1
434 0.1
434 0.5
434 0.5
434 0.5
434 0.5
434 0.5
434 0.5
434 0.5
434 0.5
434 0.5
435 0.1
435 0.1
435 0.1
435 0.1
435 0.1
435 0.5
435 0.5
435 0.5
435 0.5
435 0.5
435 0.5
435 0.5
435 0.5
435 0.5
436 0.1
436 0.1
436 0.1
436 0.1
436 0.1
436 0.5
436 0.5
436 0.5
436 0.5
436 0.5
436 0.5
436 0.5
436 0.5
436 0.5
437 0.05
437 0.05
437 0.05
437 0.05
437 0.05
437 0.5
437 0.5
437 0.5
437 0.5
437 0.5
437 0.5
437 0.5
437 0.5
437 0.5
438 0.05
438 0.05
438 0.05
438 0.05
438 0.05
438 0.5
438 0.5
438 0.5
438 0.5
438 0.5
438 0.5
438 0.5
438 0.5
438 0.5
439 0.05
439 0.05
439 0.05
439 0.05
439 0.05
439 0.5
439 0.5
439 0.5
439 0.5
439 0.5
439 0.5
439 0.5
439 0.5
439 0.5
440 0.05
440 0.05
440 0.05
440 0.05
440 0.05
440 0.5
440 0.5
440 0.5
440 0.5
440 0.5
440 0.5
440 0.5
440 0.5
440 0.5
441 0.1
441 0.1
441 0.1
441 0.1
441 0.1
441 0.5
441 0.5
441 0.5
441 0.5
441 0.5
441 0.5
441 0.5
441 0.5
441 0.5
442 0.1
442 0.1
442 0.1
442 0.1
442 0.1
442 0.5
442 0.5
442 0.5
442 0.5
442 0.5
442 0.5
442 0.5
442 0.5
442 0.5
443 0.1
443 0.1
443 0.1
443 0.1
443 0.1
443 0.5
443 0.5
443 0.5
443 0.5
443 0.5
443 0.5
443 0.5
443 0.5
443 0.5
498 0.5
498 0.5
498 0.5
498 0.5
498 0.5
498 0.5
498 0.5
498 0.5
498 0.5
498 0.5
498 0.5
498 0.5
498 0.5
498 0.5
499 0.5
499 0.5
499 0.5
499 0.5
499 0.5
499 0.5
499 0.5
499 0.5
499 0.5
499 0.5
499 0.5
499 0.5
499 0.5
499 0.5
500 0.5
500 0.5
500 0.5
500 0.5
500 0.5
500 0.05
500 0.05
500 0.05
500 0.05
500 0.5
500 0.5
500 0.5
500 0.5
500 0.5
501 0.1
501 0.1
501 0.1
501 0.1
501 0.1
501 0.05
501 0.05
501 0.05
501 0.05
501 0.5
501 0.5
501 0.5
501 0.5
501 0.5
502 0.1
502 0.1
502 0.1
502 0.1
502 0.1
502 0.05
502 0.05
502 0.05
502 0.05
502 0.5
502 0.5
502 0.5
502 0.5
502 0.5
503 0.1
503 0.1
503 0.1
503 0.1
503 0.1
503 0.05
503 0.05
503 0.05
503 0.05
503 0.5
503 0.5
503 0.5
503 0.5
503 0.5
504 0.1
504 0.1
504 0.1
504 0.1
504 0.1
504 0.5
504 0.5
504 0.5
504 0.5
504 0.5
504 0.5
504 0.5
504 0.5
504 0.5
505 0.1
505 0.1
505 0.1
505 0.1
505 0.1
505 0.5
505 0.5
505 0.5
505 0.5
505 0.5
505 0.5
505 0.5
505 0.5
505 0.5
506 0.1
506 0.1
506 0.1
506 0.1
506 0.1
506 0.5
506 0.5
506 0.5
506 0.5
506 0.5
506 0.5
506 0.5
506 0.5
506 0.5
507 0.1
507 0.1
507 0.1
507 0.1
507 0.1
507 0.5
507 0.5
507 0.5
507 0.5
507 0.5
507 0.5
507 0.5
507 0.5
507 0.5
508 0.1
508 0.1
508 0.1
508 0.1
508 0.1
508 0.5
508 0.5
508 0.5
508 0.5
508 0.5
508 0.5
508 0.5
508 0.5
508 0.5
509 0.1
509 0.1
509 0.1
509 0.1
509 0.1
509 0.5
509 0.5
509 0.5
509 0.5
509 0.5
509 0.5
509 0.5
509 0.5
509 0.5
510 0.05
510 0.05
510 0.05
510 0.05
510 0.05
510 0.5
510 0.5
510 0.5
510 0.5
510 0.5
510 0.5
510 0.5
510 0.5
510 0.5
511 0.05
511 0.05
511 0.05
511 0.05
511 0.05
511 0.5
511 0.5
511 0.5
511 0.5
511 0.5
511 0.5
511 0.5
511 0.5
511 0.5
512 0.05
512 0.05
512 0.05
512 0.05
512 0.05
512 0.5
512 0.5
512 0.5
512 0.5
512 0.5
512 0.5
512 0.5
512 0.5
512 0.5
513 0.05
513 0.05
513 0.05
513 0.05
513 0.05
513 0.5
513 0.5
513 0.5
513 0.5
513 0.5
513 0.5
513 0.5
513 0.5
513 0.5
514 0.1
514 0.1
514 0.1
514 0.1
514 0.1
514 0.5
514 0.5
514 0.5
514 0.5
514 0.5
514 0.5
514 0.5
514 0.5
514 0.5
515 0.1
515 0.1
515 0.1
515 0.1
515 0.1
515 0.5
515 0.5
515 0.5
515 0.5
515 0.5
515 0.5
515 0.5
515 0.5
515 0.5
578 0.5
578 0.5
578 0.5
578 0.5
578 0.5
578 0.5
578 0.5
578 0.5
578 0.5
578 0.5
578 0.5
578 0.5
578 0.5
578 0.5
579 0.5
579 0.5
579 0.5
579 0.5
579 0.5
579 0.05
579 0.05
579 0.05
579 0.05
579 0.5
579 0.5
579 0.5
579 0.5
579 0.5
580 0.1
580 0.1
580 0.1
580 0.1
580 0.1
580 0.05
580 0.05
580 0.05
580 0.05
580 0.5
580 0.5
580 0.5
580 0.5
580 0.5
581 0.1
581 0.1
581 0.1
581 0.1
581 0.1
581 0.05
581 0.05
581 0.05
581 0.05
581 0.5
581 0.5
581 0.5
581 0.5
581 0.5
582 0.1
582 0.1
582 0.1
582 0.1
582 0.1
582 0.05
582 0.05
582 0.05
582 0.05
582 0.5
582 0.5
582 0.5
582 0.5
582 0.5
583 0.1
583 0.1
583 0.1
583 0.1
583 0.1
583 0.05
583 0.05
583 0.05
583 0.05
583 0.5
583 0.5
583 0.5
583 0.5
583 0.5
584 0.1
584 0.1
584 0.1
584 0.1
584 0.1
584 0.5
584 0.5
584 0.5
584 0.5
584 0.5
584 0.5
584 0.5
584 0.5
584 0.5
585 0.1
585 0.1
585 0.1
585 0.1
585 0.1
585 0.5
585 0.5
585 0.5
585 0.5
585 0.5
585 0.5
585 0.5
585 0.5
585 0.5
586 0.1
586 0.1
586 0.1
586 0.1
586 0.1
586 0.5
586 0.5
586 0.5
586 0.5
586 0.5
586 0.5
586 0.5
586 0.5
586 0.5
587 0.1
587 0.1
587 0.1
587 0.1
587 0.1
587 0.5
587 0.5
587 0.5
587 0.5
587 0.5
587 0.5
587 0.5
587 0.5
587 0.5
588 0.1
588 0.1
588 0.1
588 0.1
588 0.1
588 0.5
588 0.5
588 0.5
588 0.5
588 0.5
588 0.5
588 0.5
588 0.5
588 0.5
589 0.1
589 0.1
589 0.1
589 0.1
589 0.1
589 0.5
589 0.5
589 0.5
589 0.5
589 0.5
589 0.5
589 0.5
589 0.5
589 0.5
590 0.1
590 0.1
590 0.1
590 0.1
590 0.1
590 0.5
590 0.5
590 0.5
590 0.5
590 0.5
590 0.5
590 0.5
590 0.5
590 0.5
656 0.5
656 0.5
656 0.5
656 0.5
656 0.5
656 0.5
656 0.5
656 0.5
656 0.5
656 0.5
656 0.5
656 0.5
656 0.5
656 0.5
657 0.1
657 0.1
657 0.1
657 0.1
657 0.1
657 0.05
657 0.05
657 0.05
657 0.05
657 0.5
657 0.5
657 0.5
657 0.5
657 0.5
658 0.1
658 0.1
658 0.1
658 0.1
658 0.1
658 0.05
658 0.05
658 0.05
658 0.05
658 0.5
658 0.5
658 0.5
658 0.5
658 0.5
659 0.1
659 0.1
659 0.1
659 0.1
659 0.1
659 0.05
659 0.05
659 0.05
659 0.05
659 0.5
659 0.5
659 0.5
659 0.5
659 0.5
660 0.1
660 0.1
660 0.1
660 0.1
660 0.1
660 0.05
660 0.05
660 0.05
660 0.05
660 0.5
660 0.5
660 0.5
660 0.5
660 0.5
661 0.1
661 0.1
661 0.1
661 0.1
661 0.1
661 0.05
661 0.05
661 0.05
661 0.05
661 0.5
661 0.5
661 0.5
661 0.5
661 0.5
662 0.1
662 0.1
662 0.1
662 0.1
662 0.1
662 0.5
662 0.5
662 0.5
662 0.5
662 0.5
662 0.5
662 0.5
662 0.5
662 0.5
663 0.1
663 0.1
663 0.1
663 0.1
663 0.1
663 0.5
663 0.5
663 0.5
663 0.5
663 0.5
663 0.5
663 0.5
663 0.5
663 0.5
664 0.1
664 0.1
664 0.1
664 0.1
664 0.1
664 0.5
664 0.5
664 0.5
664 0.5
664 0.5
664 0.5
664 0.5
664 0.5
664 0.5
665 0.1
665 0.1
665 0.1
665 0.1
665 0.1
665 0.5
665 0.5
665 0.5
665 0.5
665 0.5
665 0.5
665 0.5
665 0.5
665 0.5
666 0.1
666 0.1
666 0.1
666 0.1
666 0.1
666 0.5
666 0.5
666 0.5
666 0.5
666 0.5
666 0.5
666 0.5
666 0.5
666 0.5
738 0.5
738 0.5
738 0.5
738 0.5
738 0.5
738 0.5
738 0.5
738 0.5
738 0.5
738 0.5
738 0.5
738 0.5
738 0.5
738 0.5
739 0.1
739 0.1
739 0.1
739 0.1
739 0.1
739 0.05
739 0.05
739 0.05
739 0.05
739 0.5
739 0.5
739 0.5
739 0.5
739 0.5
740 0.1
740 0.1
740 0.1
740 0.1
740 0.1
740 0.05
740 0.05
740 0.05
740 0.05
740 0.5
740 0.5
740 0.5
740 0.5
740 0.5
741 0.1
741 0.1
741 0.1
741 0.1
741 0.1
741 0.05
741 0.05
741 0.05
741 0.05
741 0.5
741 0.5
741 0.5
741 0.5
741 0.5
742 0.1
742 0.1
742 0.1
742 0.1
742 0.1
742 0.05
742 0.05
742 0.05
742 0.05
742 0.5
742 0.5
742 0.5
742 0.5
742 0.5
743 0.1
743 0.1
743 0.1
743 0.1
743 0.1
743 0.05
743 0.05
743 0.05
743 0.05
743 0.5
743 0.5
743 0.5
743 0.5
743 0.5
744 0.1
744 0.1
744 0.1
744 0.1
744 0.1
744 0.5
744 0.5
744 0.5
744 0.5
744 0.5
744 0.5
744 0.5
744 0.5
744 0.5
745 0.1
745 0.1
745 0.1
745 0.1
745 0.1
745 0.5
745 0.5
745 0.5
745 0.5
745 0.5
745 0.5
745 0.5
745 0.5
745 0.5
746 0.05
746 0.05
746 0.05
746 0.05
746 0.05
746 0.5
746 0.5
746 0.5
746 0.5
746 0.5
746 0.5
746 0.5
746 0.5
746 0.5
819 0.5
819 0.5
819 0.5
819 0.5
819 0.5
819 0.5
819 0.5
819 0.5
819 0.5
819 0.5
819 0.5
819 0.5
819 0.5
819 0.5
820 0.1
820 0.1
820 0.1
820 0.1
820 0.1
820 0.5
820 0.5
820 0.5
820 0.5
820 0.5
820 0.5
820 0.5
820 0.5
820 0.5
821 0.1
821 0.1
821 0.1
821 0.1
821 0.1
821 0.05
821 0.05
821 0.05
821 0.05
821 0.5
821 0.5
821 0.5
821 0.5
821 0.5
822 0.1
822 0.1
822 0.1
822 0.1
822 0.1
822 0.05
822 0.05
822 0.05
822 0.05
822 0.5
822 0.5
822 0.5
822 0.5
822 0.5
823 0.1
823 0.1
823 0.1
823 0.1
823 0.1
823 0.05
823 0.05
823 0.05
823 0.05
823 0.5
823 0.5
823 0.5
823 0.5
823 0.5
824 0.1
824 0.1
824 0.1
824 0.1
824 0.1
824 0.05
824 0.05
824 0.05
824 0.05
824 0.5
824 0.5
824 0.5
824 0.5
824 0.5
825 0.1
825 0.1
825 0.1
825 0.1
825 0.1
825 0.5
825 0.5
825 0.5
825 0.5
825 0.5
825 0.5
825 0.5
825 0.5
825 0.5
826 0.1
826 0.1
826 0.1
826 0.1
826 0.1
826 0.5
826 0.5
826 0.5
826 0.5
826 0.5
826 0.5
826 0.5
826 0.5
826 0.5
827 0.1
827 0.1
827 0.1
827 0.1
827 0.1
827 0.5
827 0.5
827 0.5
827 0.5
827 0.5
827 0.5
827 0.5
827 0.5
827 0.5
828 0.05
828 0.05
828 0.05
828 0.05
828 0.05
828 0.5
828 0.5
828 0.5
828 0.5
828 0.5
828 0.5
828 0.5
828 0.5
828 0.5
829 0.05
829 0.05
829 0.05
829 0.05
829 0.05
829 0.5
829 0.5
829 0.5
829 0.5
829 0.5
829 0.5
829 0.5
829 0.5
829 0.5
830 0.1
830 0.1
830 0.1
830 0.1
830 0.1
830 0.5
830 0.5
830 0.5
830 0.5
830 0.5
830 0.5
830 0.5
830 0.5
830 0.5
901 0.5
901 0.5
901 0.5
901 0.5
901 0.5
901 0.5
901 0.5
901 0.5
901 0.5
901 0.5
901 0.5
901 0.5
901 0.5
901 0.5
902 0.5
902 0.5
902 0.5
902 0.5
902 0.5
902 0.5
902 0.5
902 0.5
902 0.5
902 0.5
902 0.5
902 0.5
902 0.5
902 0.5
903 0.1
903 0.1
903 0.1
903 0.1
903 0.1
903 0.5
903 0.5
903 0.5
903 0.5
903 0.5
903 0.5
903 0.5
903 0.5
903 0.5
904 0.1
904 0.1
904 0.1
904 0.1
904 0.1
904 0.05
904 0.05
904 0.05
904 0.05
904 0.5
904 0.5
904 0.5
904 0.5
904 0.5
905 0.1
905 0.1
905 0.1
905 0.1
905 0.1
905 0.05
905 0.05
905 0.05
905 0.05
905 0.5
905 0.5
905 0.5
905 0.5
905 0.5
906 0.1
906 0.1
906 0.1
906 0.1
906 0.1
906 0.05
906 0.05
906 0.05
906 0.05
906 0.5
906 0.5
906 0.5
906 0.5
906 0.5
907 0.1
907 0.1
907 0.1
907 0.1
907 0.1
907 0.5
907 0.5
907 0.5
907 0.5
907 0.5
907 0.5
907 0.5
907 0.5
907 0.5
908 0.1
908 0.1
908 0.1
908 0.1
908 0.1
908 0.5
908 0.5
908 0.5
908 0.5
908 0.5
908 0.5
908 0.5
908 0.5
908 0.5
909 0.1
909 0.1
909 0.1
909 0.1
909 0.1
909 0.5
909 0.5
909 0.5
909 0.5
909 0.5
909 0.5
909 0.5
909 0.5
909 0.5
910 0.1
910 0.1
910 0.1
910 0.1
910 0.1
910 0.5
910 0.5
910 0.5
910 0.5
910 0.5
910 0.5
910 0.5
910 0.5
910 0.5
911 0.1
911 0.1
911 0.1
911 0.1
911 0.1
911 0.5
911 0.5
911 0.5
911 0.5
911 0.5
911 0.5
911 0.5
911 0.5
911 0.5
912 0.1
912 0.1
912 0.1
912 0.1
912 0.1
912 0.5
912 0.5
912 0.5
912 0.5
912 0.5
912 0.5
912 0.5
912 0.5
912 0.5
980 0.5
980 0.5
980 0.5
980 0.5
980 0.5
980 0.5
980 0.5
980 0.5
980 0.5
980 0.5
980 0.5
980 0.5
980 0.5
980 0.5
981 0.1
981 0.1
981 0.1
981 0.1
981 0.1
981 0.5
981 0.5
981 0.5
981 0.5
981 0.5
981 0.5
981 0.5
981 0.5
981 0.5
982 0.1
982 0.1
982 0.1
982 0.1
982 0.1
982 0.05
982 0.05
982 0.05
982 0.05
982 0.5
982 0.5
982 0.5
982 0.5
982 0.5
983 0.1
983 0.1
983 0.1
983 0.1
983 0.1
983 0.05
983 0.05
983 0.05
983 0.05
983 0.5
983 0.5
983 0.5
983 0.5
983 0.5
984 0.1
984 0.1
984 0.1
984 0.1
984 0.1
984 0.05
984 0.05
984 0.05
984 0.05
984 0.5
984 0.5
984 0.5
984 0.5
984 0.5
985 0.1
985 0.1
985 0.1
985 0.1
985 0.1
985 0.5
985 0.5
985 0.5
985 0.5
985 0.5
985 0.5
985 0.5
985 0.5
985 0.5
986 0.1
986 0.1
986 0.1
986 0.1
986 0.1
986 0.5
986 0.5
986 0.5
986 0.5
986 0.5
986 0.5
986 0.5
986 0.5
986 0.5
987 0.1
987 0.1
987 0.1
987 0.1
987 0.1
987 0.5
987 0.5
987 0.5
987 0.5
987 0.5
987 0.5
987 0.5
987 0.5
987 0.5
988 0.1
988 0.1
988 0.1
988 0.1
988 0.1
988 0.5
988 0.5
988 0.5
988 0.5
988 0.5
988 0.5
988 0.5
988 0.5
988 0.5
989 0.1
989 0.1
989 0.1
989 0.1
989 0.1
989 0.5
989 0.5
989 0.5
989 0.5
989 0.5
989 0.5
989 0.5
989 0.5
989 0.5
990 0.1
990 0.1
990 0.1
990 0.1
990 0.1
990 0.5
990 0.5
990 0.5
990 0.5
990 0.5
990 0.5
990 0.5
990 0.5
990 0.5
991 0.1
991 0.1
991 0.1
991 0.1
991 0.1
991 0.5
991 0.5
991 0.5
991 0.5
991 0.5
991 0.5
991 0.5
991 0.5
991 0.5
992 0.1
992 0.1
992 0.1
992 0.1
992 0.1
992 0.5
992 0.5
992 0.5
992 0.5
992 0.5
992 0.5
992 0.5
992 0.5
992 0.5
993 0.1
993 0.1
993 0.1
993 0.1
993 0.1
993 0.5
993 0.5
993 0.5
993 0.5
993 0.5
993 0.5
993 0.5
993 0.5
993 0.5
994 0.1
994 0.1
994 0.1
994 0.1
994 0.1
994 0.5
994 0.5
994 0.5
994 0.5
994 0.5
994 0.5
994 0.5
994 0.5
994 0.5
1063 0.1
1063 0.1
1063 0.1
1063 0.1
1063 0.1
1063 0.5
1063 0.5
1063 0.5
1063 0.5
1063 0.5
1063 0.5
1063 0.5
1063 0.5
1063 0.5
1064 0.1
1064 0.1
1064 0.1
1064 0.1
1064 0.1
1064 0.05
1064 0.05
1064 0.05
1064 0.05
1064 0.5
1064 0.5
1064 0.5
1064 0.5
1064 0.5
1065 0.1
1065 0.1
1065 0.1
1065 0.1
1065 0.1
1065 0.05
1065 0.05
1065 0.05
1065 0.05
1065 0.5
1065 0.5
1065 0.5
1065 0.5
1065 0.5
1066 0.1
1066 0.1
1066 0.1
1066 0.1
1066 0.1
1066 0.05
1066 0.05
1066 0.05
1066 0.05
1066 0.5
1066 0.5
1066 0.5
1066 0.5
1066 0.5
1067 0.1
1067 0.1
1067 0.1
1067 0.1
1067 0.1
1067 0.5
1067 0.5
1067 0.5
1067 0.5
1067 0.5
1067 0.5
1067 0.5
1067 0.5
1067 0.5
1068 0.1
1068 0.1
1068 0.1
1068 0.1
1068 0.1
1068 0.5
1068 0.5
1068 0.5
1068 0.5
1068 0.5
1068 0.5
1068 0.5
1068 0.5
1068 0.5
1069 0.1
1069 0.1
1069 0.1
1069 0.1
1069 0.1
1069 0.5
1069 0.5
1069 0.5
1069 0.5
1069 0.5
1069 0.5
1069 0.5
1069 0.5
1069 0.5
1070 0.1
1070 0.1
1070 0.1
1070 0.1
1070 0.1
1070 0.5
1070 0.5
1070 0.5
1070 0.5
1070 0.5
1070 0.5
1070 0.5
1070 0.5
1070 0.5
1071 0.1
1071 0.1
1071 0.1
1071 0.1
1071 0.1
1071 0.5
1071 0.5
1071 0.5
1071 0.5
1071 0.5
1071 0.5
1071 0.5
1071 0.5
1071 0.5
1072 0.1
1072 0.1
1072 0.1
1072 0.1
1072 0.1
1072 0.5
1072 0.5
1072 0.5
1072 0.5
1072 0.5
1072 0.5
1072 0.5
1072 0.5
1072 0.5
1073 0.1
1073 0.1
1073 0.1
1073 0.1
1073 0.1
1073 0.5
1073 0.5
1073 0.5
1073 0.5
1073 0.5
1073 0.5
1073 0.5
1073 0.5
1073 0.5
1074 0.1
1074 0.1
1074 0.1
1074 0.1
1074 0.1
1074 0.5
1074 0.5
1074 0.5
1074 0.5
1074 0.5
1074 0.5
1074 0.5
1074 0.5
1074 0.5
1075 0.1
1075 0.1
1075 0.1
1075 0.1
1075 0.1
1075 0.5
1075 0.5
1075 0.5
1075 0.5
1075 0.5
1075 0.5
1075 0.5
1075 0.5
1075 0.5
1076 0.1
1076 0.1
1076 0.1
1076 0.1
1076 0.1
1076 0.5
1076 0.5
1076 0.5
1076 0.5
1076 0.5
1076 0.5
1076 0.5
1076 0.5
1076 0.5
1147 0.1
1147 0.1
1147 0.1
1147 0.1
1147 0.1
1147 0.5
1147 0.5
1147 0.5
1147 0.5
1147 0.5
1147 0.5
1147 0.5
1147 0.5
1147 0.5
1148 0.1
1148 0.1
1148 0.1
1148 0.1
1148 0.1
1148 0.5
1148 0.5
1148 0.5
1148 0.5
1148 0.5
1148 0.5
1148 0.5
1148 0.5
1148 0.5
1149 0.1
1149 0.1
1149 0.1
1149 0.1
1149 0.1
1149 0.5
1149 0.5
1149 0.5
1149 0.5
1149 0.5
1149 0.5
1149 0.5
1149 0.5
1149 0.5
1150 0.1
1150 0.1
1150 0.1
1150 0.1
1150 0.1
1150 0.5
1150 0.5
1150 0.5
1150 0.5
1150 0.5
1150 0.5
1150 0.5
1150 0.5
1150 0.5
1151 0.1
1151 0.1
1151 0.1
1151 0.1
1151 0.1
1151 0.5
1151 0.5
1151 0.5
1151 0.5
1151 0.5
1151 0.5
1151 0.5
1151 0.5
1151 0.5
1152 0.1
1152 0.1
1152 0.1
1152 0.1
1152 0.1
1152 0.5
1152 0.5
1152 0.5
1152 0.5
1152 0.5
1152 0.5
1152 0.5
1152 0.5
1152 0.5
1153 0.1
1153 0.1
1153 0.1
1153 0.1
1153 0.1
1153 0.5
1153 0.5
1153 0.5
1153 0.5
1153 0.5
1153 0.5
1153 0.5
1153 0.5
1153 0.5
1154 0.1
1154 0.1
1154 0.1
1154 0.1
1154 0.1
1154 0.5
1154 0.5
1154 0.5
1154 0.5
1154 0.5
1154 0.5
1154 0.5
1154 0.5
1154 0.5
1155 0.1
1155 0.1
1155 0.1
1155 0.1
1155 0.1
1155 0.5
1155 0.5
1155 0.5
1155 0.5
1155 0.5
1155 0.5
1155 0.5
1155 0.5
1155 0.5
1156 0.1
1156 0.1
1156 0.1
1156 0.1
1156 0.1
1156 0.5
1156 0.5
1156 0.5
1156 0.5
1156 0.5
1156 0.5
1156 0.5
1156 0.5
1156 0.5
1157 0.1
1157 0.1
1157 0.1
1157 0.1
1157 0.1
1157 0.5
1157 0.5
1157 0.5
1157 0.5
1157 0.5
1157 0.5
1157 0.5
1157 0.5
1157 0.5
1229 0.1
1229 0.1
1229 0.1
1229 0.1
1229 0.1
1229 0.5
1229 0.5
1229 0.5
1229 0.5
1229 0.5
1229 0.5
1229 0.5
1229 0.5
1229 0.5
1230 0.1
1230 0.1
1230 0.1
1230 0.1
1230 0.1
1230 0.5
1230 0.5
1230 0.5
1230 0.5
1230 0.5
1230 0.5
1230 0.5
1230 0.5
1230 0.5
1231 0.1
1231 0.1
1231 0.1
1231 0.1
1231 0.1
1231 0.5
1231 0.5
1231 0.5
1231 0.5
1231 0.5
1231 0.5
1231 0.5
1231 0.5
1231 0.5
1232 0.1
1232 0.1
1232 0.1
1232 0.1
1232 0.1
1232 0.5
1232 0.5
1232 0.5
1232 0.5
1232 0.5
1232 0.5
1232 0.5
1232 0.5
1232 0.5
1233 0.1
1233 0.1
1233 0.1
1233 0.1
1233 0.1
1233 0.5
1233 0.5
1233 0.5
1233 0.5
1233 0.5
1233 0.5
1233 0.5
1233 0.5
1233 0.5
1234 0.1
1234 0.1
1234 0.1
1234 0.1
1234 0.1
1234 0.5
1234 0.5
1234 0.5
1234 0.5
1234 0.5
1234 0.5
1234 0.5
1234 0.5
1234 0.5
1235 0.1
1235 0.1
1235 0.1
1235 0.1
1235 0.1
1235 0.5
1235 0.5
1235 0.5
1235 0.5
1235 0.5
1235 0.5
1235 0.5
1235 0.5
1235 0.5
1236 0.1
1236 0.1
1236 0.1
1236 0.1
1236 0.1
1236 0.5
1236 0.5
1236 0.5
1236 0.5
1236 0.5
1236 0.5
1236 0.5
1236 0.5
1236 0.5
1237 0.1
1237 0.1
1237 0.1
1237 0.1
1237 0.1
1237 0.5
1237 0.5
1237 0.5
1237 0.5
1237 0.5
1237 0.5
1237 0.5
1237 0.5
1237 0.5
1238 0.1
1238 0.1
1238 0.1
1238 0.1
1238 0.1
1238 0.5
1238 0.5
1238 0.5
1238 0.5
1238 0.5
1238 0.5
1238 0.5
1238 0.5
1238 0.5
1313 0.1
1313 0.1
1313 0.1
1313 0.1
1313 0.1
1313 0.5
1313 0.5
1313 0.5
1313 0.5
1313 0.5
1313 0.5
1313 0.5
1313 0.5
1313 0.5
1314 0.1
1314 0.1
1314 0.1
1314 0.1
1314 0.1
1314 0.5
1314 0.5
1314 0.5
1314 0.5
1314 0.5
1314 0.5
1314 0.5
1314 0.5
1314 0.5
1315 0.1
1315 0.1
1315 0.1
1315 0.1
1315 0.1
1315 0.5
1315 0.5
1315 0.5
1315 0.5
1315 0.5
1315 0.5
1315 0.5
1315 0.5
1315 0.5
1316 0.1
1316 0.1
1316 0.1
1316 0.1
1316 0.1
1316 0.5
1316 0.5
1316 0.5
1316 0.5
1316 0.5
1316 0.5
1316 0.5
1316 0.5
1316 0.5
1317 0.1
1317 0.1
1317 0.1
1317 0.1
1317 0.1
1317 0.5
1317 0.5
1317 0.5
1317 0.5
1317 0.5
1317 0.5
1317 0.5
1317 0.5
1317 0.5
1318 0.1
1318 0.1
1318 0.1
1318 0.1
1318 0.1
1318 0.5
1318 0.5
1318 0.5
1318 0.5
1318 0.5
1318 0.5
1318 0.5
1318 0.5
1318 0.5
1319 0.1
1319 0.1
1319 0.1
1319 0.1
1319 0.1
1319 0.05
1319 0.05
1319 0.05
1319 0.05
1319 0.5
1319 0.5
1319 0.5
1319 0.5
1319 0.5
1393 0.1
1393 0.1
1393 0.1
1393 0.1
1393 0.1
1393 0.5
1393 0.5
1393 0.5
1393 0.5
1393 0.5
1393 0.5
1393 0.5
1393 0.5
1393 0.5
1394 0.1
1394 0.1
1394 0.1
1394 0.1
1394 0.1
1394 0.5
1394 0.5
1394 0.5
1394 0.5
1394 0.5
1394 0.5
1394 0.5
1394 0.5
1394 0.5
1395 0.1
1395 0.1
1395 0.1
1395 0.1
1395 0.1
1395 0.5
1395 0.5
1395 0.5
1395 0.5
1395 0.5
1395 0.5
1395 0.5
1395 0.5
1395 0.5
1396 0.1
1396 0.1
1396 0.1
1396 0.1
1396 0.1
1396 0.5
1396 0.5
1396 0.5
1396 0.5
1396 0.5
1396 0.5
1396 0.5
1396 0.5
1396 0.5
1397 0.05
1397 0.05
1397 0.05
1397 0.05
1397 0.05
1397 0.05
1397 0.05
1397 0.05
1397 0.05
1397 0.5
1397 0.5
1397 0.5
1397 0.5
1397 0.5
1461 0.1
1461 0.1
1461 0.1
1461 0.1
1461 0.1
1461 0.5
1461 0.5
1461 0.5
1461 0.5
1461 0.5
1461 0.5
1461 0.5
1461 0.5
1461 0.5
1462 0.1
1462 0.1
1462 0.1
1462 0.1
1462 0.1
1462 0.5
1462 0.5
1462 0.5
1462 0.5
1462 0.5
1462 0.5
1462 0.5
1462 0.5
1462 0.5
1463 0.1
1463 0.1
1463 0.1
1463 0.1
1463 0.1
1463 0.5
1463 0.5
1463 0.5
1463 0.5
1463 0.5
1463 0.5
1463 0.5
1463 0.5
1463 0.5
1464 0.1
1464 0.1
1464 0.1
1464 0.1
1464 0.1
1464 0.5
1464 0.5
1464 0.5
1464 0.5
1464 0.5
1464 0.5
1464 0.5
1464 0.5
1464 0.5
1526 0.1
1526 0.1
1526 0.1
1526 0.1
1526 0.1
1526 0.5
1526 0.5
1526 0.5
1526 0.5
1526 0.5
1526 0.5
1526 0.5
1526 0.5
1526 0.5
1527 0.1
1527 0.1
1527 0.1
1527 0.1
1527 0.1
1527 0.5
1527 0.5
1527 0.5
1527 0.5
1527 0.5
1527 0.5
1527 0.5
1527 0.5
1527 0.5
1528 0.1
1528 0.1
1528 0.1
1528 0.1
1528 0.1
1528 0.5
1528 0.5
1528 0.5
1528 0.5
1528 0.5
1528 0.5
1528 0.5
1528 0.5
1528 0.5
1529 0.1
1529 0.1
1529 0.1
1529 0.1
1529 0.1
1529 0.5
1529 0.5
1529 0.5
1529 0.5
1529 0.5
1529 0.5
1529 0.5
1529 0.5
1529 0.5
1533 0.5
1533 0.5
1533 0.5
1533 0.5
1533 0.5
1533 0.5
1533 0.5
1533 0.5
1533 0.5
1533 0.5
1533 0.5
1533 0.5
1533 0.5
1533 0.5
1534 0.5
1534 0.5
1534 0.5
1534 0.5
1534 0.5
1534 0.5
1534 0.5
1534 0.5
1534 0.5
1534 0.5
1534 0.5
1534 0.5
1534 0.5
1534 0.5
1535 0.5
1535 0.5
1535 0.5
1535 0.5
1535 0.5
1535 0.5
1535 0.5
1535 0.5
1535 0.5
1535 0.5
1535 0.5
1535 0.5
1535 0.5
1535 0.5
1590 0.05
1590 0.05
1590 0.05
1590 0.05
1590 0.05
1590 0.5
1590 0.5
1590 0.5
1590 0.5
1590 0.5
1590 0.5
1590 0.5
1590 0.5
1590 0.5
1591 0.05
1591 0.05
1591 0.05
1591 0.05
1591 0.05
1591 0.5
1591 0.5
1591 0.5
1591 0.5
1591 0.5
1591 0.5
1591 0.5
1591 0.5
1591 0.5
1592 0.1
1592 0.1
1592 0.1
1592 0.1
1592 0.1
1592 0.5
1592 0.5
1592 0.5
1592 0.5
1592 0.5
1592 0.5
1592 0.5
1592 0.5
1592 0.5
1593 0.1
1593 0.1
1593 0.1
1593 0.1
1593 0.1
1593 0.5
1593 0.5
1593 0.5
1593 0.5
1593 0.5
1593 0.5
1593 0.5
1593 0.5
1593 0.5
1596 0.5
1596 0.5
1596 0.5
1596 0.5
1596 0.5
1596 0.5
1596 0.5
1596 0.5
1596 0.5
1596 0.5
1596 0.5
1596 0.5
1596 0.5
1596 0.5
1597 0.5
1597 0.5
1597 0.5
1597 0.5
1597 0.5
1597 0.5
1597 0.5
1597 0.5
1597 0.5
1597 0.5
1597 0.5
1597 0.5
1597 0.5
1597 0.5
1598 0.5
1598 0.5
1598 0.5
1598 0.5
1598 0.5
1598 0.5
1598 0.5
1598 0.5
1598 0.5
1598 0.5
1598 0.5
1598 0.5
1598 0.5
1598 0.5
1599 0.5
1599 0.5
1599 0.5
1599 0.5
1599 0.5
1599 0.5
1599 0.5
1599 0.5
1599 0.5
1599 0.5
1599 0.5
1599 0.5
1599 0.5
1599 0.5
1654 0.1
1654 0.1
1654 0.1
1654 0.1
1654 0.1
1654 0.5
1654 0.5
1654 0.5
1654 0.5
1654 0.5
1654 0.5
1654 0.5
1654 0.5
1654 0.5
1655 0.05
1655 0.05
1655 0.05
1655 0.05
1655 0.05
1655 0.5
1655 0.5
1655 0.5
1655 0.5
1655 0.5
1655 0.5
1655 0.5
1655 0.5
1655 0.5
1656 0.05
1656 0.05
1656 0.05
1656 0.05
1656 0.05
1656 0.5
1656 0.5
1656 0.5
1656 0.5
1656 0.5
1656 0.5
1656 0.5
1656 0.5
1656 0.5
1657 0.05
1657 0.05
1657 0.05
1657 0.05
1657 0.05
1657 0.5
1657 0.5
1657 0.5
1657 0.5
1657 0.5
1657 0.5
1657 0.5
1657 0.5
1657 0.5
1658 0.5
1658 0.5
1658 0.5
1658 0.5
1658 0.5
1658 0.5
1658 0.5
1658 0.5
1658 0.5
1658 0.5
1658 0.5
1658 0.5
1658 0.5
1658 0.5
1659 0.5
1659 0.5
1659 0.5
1659 0.5
1659 0.5
1659 0.5
1659 0.5
1659 0.5
1659 0.5
1659 0.5
1659 0.5
1659 0.5
1659 0.5
1659 0.5
1660 0.1
1660 0.1
1660 0.1
1660 0.1
1660 0.1
1660 0.05
1660 0.05
1660 0.05
1660 0.05
1660 0.5
1660 0.5
1660 0.5
1660 0.5
1660 0.5
1661 0.1
1661 0.1
1661 0.1
1661 0.1
1661 0.1
1661 0.5
1661 0.5
1661 0.5
1661 0.5
1661 0.5
1661 0.5
1661 0.5
1661 0.5
1661 0.5
1662 0.5
1662 0.5
1662 0.5
1662 0.5
1662 0.5
1662 0.5
1662 0.5
1662 0.5
1662 0.5
1662 0.5
1662 0.5
1662 0.5
1662 0.5
1662 0.5
1667 0.5
1667 0.5
1667 0.5
1667 0.5
1667 0.5
1667 0.5
1667 0.5
1667 0.5
1667 0.5
1667 0.5
1667 0.5
1667 0.5
1667 0.5
1667 0.5
1668 0.5
1668 0.5
1668 0.5
1668 0.5
1668 0.5
1668 0.5
1668 0.5
1668 0.5
1668 0.5
1668 0.5
1668 0.5
1668 0.5
1668 0.5
1668 0.5
1669 0.5
1669 0.5
1669 0.5
1669 0.5
1669 0.5
1669 0.5
1669 0.5
1669 0.5
1669 0.5
1669 0.5
1669 0.5
1669 0.5
1669 0.5
1669 0.5
1670 0.5
1670 0.5
1670 0.5
1670 0.5
1670 0.5
1670 0.5
1670 0.5
1670 0.5
1670 0.5
1670 0.5
1670 0.5
1670 0.5
1670 0.5
1670 0.5
1671 0.5
1671 0.5
1671 0.5
1671 0.5
1671 0.5
1671 0.5
1671 0.5
1671 0.5
1671 0.5
1671 0.5
1671 0.5
1671 0.5
1671 0.5
1671 0.5
1672 0.5
1672 0.5
1672 0.5
1672 0.5
1672 0.5
1672 0.5
1672 0.5
1672 0.5
1672 0.5
1672 0.5
1672 0.5
1672 0.5
1672 0.5
1672 0.5
1673 0.5
1673 0.5
1673 0.5
1673 0.5
1673 0.5
1673 0.5
1673 0.5
1673 0.5
1673 0.5
1673 0.5
1673 0.5
1673 0.5
1673 0.5
1673 0.5
1716 0.05
1716 0.05
1716 0.05
1716 0.05
1716 0.05
1716 0.5
1716 0.5
1716 0.5
1716 0.5
1716 0.5
1716 0.5
1716 0.5
1716 0.5
1716 0.5
1717 0.05
1717 0.05
1717 0.05
1717 0.05
1717 0.05
1717 0.5
1717 0.5
1717 0.5
1717 0.5
1717 0.5
1717 0.5
1717 0.5
1717 0.5
1717 0.5
1718 0.05
1718 0.05
1718 0.05
1718 0.05
1718 0.05
1718 0.5
1718 0.5
1718 0.5
1718 0.5
1718 0.5
1718 0.5
1718 0.5
1718 0.5
1718 0.5
1719 0.05
1719 0.05
1719 0.05
1719 0.05
1719 0.05
1719 0.5
1719 0.5
1719 0.5
1719 0.5
1719 0.5
1719 0.5
1719 0.5
1719 0.5
1719 0.5
1720 0.1
1720 0.1
1720 0.1
1720 0.1
1720 0.1
1720 0.05
1720 0.05
1720 0.05
1720 0.05
1720 0.5
1720 0.5
1720 0.5
1720 0.5
1720 0.5
1721 0.1
1721 0.1
1721 0.1
1721 0.1
1721 0.1
1721 0.05
1721 0.05
1721 0.05
1721 0.05
1721 0.5
1721 0.5
1721 0.5
1721 0.5
1721 0.5
1722 0.1
1722 0.1
1722 0.1
1722 0.1
1722 0.1
1722 0.5
1722 0.5
1722 0.5
1722 0.5
1722 0.5
1722 0.5
1722 0.5
1722 0.5
1722 0.5
1723 0.5
1723 0.5
1723 0.5
1723 0.5
1723 0.5
1723 0.5
1723 0.5
1723 0.5
1723 0.5
1723 0.5
1723 0.5
1723 0.5
1723 0.5
1723 0.5
1728 0.5
1728 0.5
1728 0.5
1728 0.5
1728 0.5
1728 0.5
1728 0.5
1728 0.5
1728 0.5
1728 0.5
1728 0.5
1728 0.5
1728 0.5
1728 0.5
1729 0.5
1729 0.5
1729 0.5
1729 0.5
1729 0.5
1729 0.5
1729 0.5
1729 0.5
1729 0.5
1729 0.5
1729 0.5
1729 0.5
1729 0.5
1729 0.5
1730 0.5
1730 0.5
1730 0.5
1730 0.5
1730 0.5
1730 0.5
1730 0.5
1730 0.5
1730 0.5
1730 0.5
1730 0.5
1730 0.5
1730 0.5
1730 0.5
1731 0.5
1731 0.5
1731 0.5
1731 0.5
1731 0.5
1731 0.5
1731 0.5
1731 0.5
1731 0.5
1731 0.5
1731 0.5
1731 0.5
1731 0.5
1731 0.5
1732 0.5
1732 0.5
1732 0.5
1732 0.5
1732 0.5
1732 0.5
1732 0.5
1732 0.5
1732 0.5
1732 0.5
1732 0.5
1732 0.5
1732 0.5
1732 0.5
1733 0.5
1733 0.5
1733 0.5
1733 0.5
1733 0.5
1733 0.5
1733 0.5
1733 0.5
1733 0.5
1733 0.5
1733 0.5
1733 0.5
1733 0.5
1733 0.5
1734 0.5
1734 0.5
1734 0.5
1734 0.5
1734 0.5
1734 0.5
1734 0.5
1734 0.5
1734 0.5
1734 0.5
1734 0.5
1734 0.5
1734 0.5
1734 0.5
1735 0.5
1735 0.5
1735 0.5
1735 0.5
1735 0.5
1735 0.5
1735 0.5
1735 0.5
1735 0.5
1735 0.5
1735 0.5
1735 0.5
1735 0.5
1735 0.5
1779 0.1
1779 0.1
1779 0.1
1779 0.1
1779 0.1
1779 0.5
1779 0.5
1779 0.5
1779 0.5
1779 0.5
1779 0.5
1779 0.5
1779 0.5
1779 0.5
1780 0.05
1780 0.05
1780 0.05
1780 0.05
1780 0.05
1780 0.5
1780 0.5
1780 0.5
1780 0.5
1780 0.5
1780 0.5
1780 0.5
1780 0.5
1780 0.5
1781 0.05
1781 0.05
1781 0.05
1781 0.05
1781 0.05
1781 0.5
1781 0.5
1781 0.5
1781 0.5
1781 0.5
1781 0.5
1781 0.5
1781 0.5
1781 0.5
1782 0.05
1782 0.05
1782 0.05
1782 0.05
1782 0.05
1782 0.5
1782 0.5
1782 0.5
1782 0.5
1782 0.5
1782 0.5
1782 0.5
1782 0.5
1782 0.5
1783 0.05
1783 0.05
1783 0.05
1783 0.05
1783 0.05
1783 0.5
1783 0.5
1783 0.5
1783 0.5
1783 0.5
1783 0.5
1783 0.5
1783 0.5
1783 0.5
1784 0.05
1784 0.05
1784 0.05
1784 0.05
1784 0.05
1784 0.5
1784 0.5
1784 0.5
1784 0.5
1784 0.5
1784 0.5
1784 0.5
1784 0.5
1784 0.5
1785 0.05
1785 0.05
1785 0.05
1785 0.05
1785 0.05
1785 0.5
1785 0.5
1785 0.5
1785 0.5
1785 0.5
1785 0.5
1785 0.5
1785 0.5
1785 0.5
1786 0.1
1786 0.1
1786 0.1
1786 0.1
1786 0.1
1786 0.5
1786 0.5
1786 0.5
1786 0.5
1786 0.5
1786 0.5
1786 0.5
1786 0.5
1786 0.5
1787 0.1
1787 0.1
1787 0.1
1787 0.1
1787 0.1
1787 0.05
1787 0.05
1787 0.05
1787 0.05
1787 0.5
1787 0.5
1787 0.5
1787 0.5
1787 0.5
1788 0.1
1788 0.1
1788 0.1
1788 0.1
1788 0.1
1788 0.5
1788 0.5
1788 0.5
1788 0.5
1788 0.5
1788 0.5
1788 0.5
1788 0.5
1788 0.5
1793 0.5
1793 0.5
1793 0.5
1793 0.5
1793 0.5
1793 0.5
1793 0.5
1793 0.5
1793 0.5
1793 0.5
1793 0.5
1793 0.5
1793 0.5
1793 0.5
1794 0.5
1794 0.5
1794 0.5
1794 0.5
1794 0.5
1794 0.5
1794 0.5
1794 0.5
1794 0.5
1794 0.5
1794 0.5
1794 0.5
1794 0.5
1794 0.5
1795 0.5
1795 0.5
1795 0.5
1795 0.5
1795 0.5
1795 0.5
1795 0.5
1795 0.5
1795 0.5
1795 0.5
1795 0.5
1795 0.5
1795 0.5
1795 0.5
1796 0.5
1796 0.5
1796 0.5
1796 0.5
1796 0.5
1796 0.5
1796 0.5
1796 0.5
1796 0.5
1796 0.5
1796 0.5
1796 0.5
1796 0.5
1796 0.5
1797 0.5
1797 0.5
1797 0.5
1797 0.5
1797 0.5
1797 0.5
1797 0.5
1797 0.5
1797 0.5
1797 0.5
1797 0.5
1797 0.5
1797 0.5
1797 0.5
1798 0.5
1798 0.5
1798 0.5
1798 0.5
1798 0.5
1798 0.5
1798 0.5
1798 0.5
1798 0.5
1798 0.5
1798 0.5
1798 0.5
1798 0.5
1798 0.5
1799 0.5
1799 0.5
1799 0.5
1799 0.5
1799 0.5
1799 0.5
1799 0.5
1799 0.5
1799 0.5
1799 0.5
1799 0.5
1799 0.5
1799 0.5
1799 0.5
1800 0.5
1800 0.5
1800 0.5
1800 0.5
1800 0.5
1800 0.5
1800 0.5
1800 0.5
1800 0.5
1800 0.5
1800 0.5
1800 0.5
1800 0.5
1800 0.5
1801 0.5
1801 0.5
1801 0.5
1801 0.5
1801 0.5
1801 0.5
1801 0.5
1801 0.5
1801 0.5
1801 0.5
1801 0.5
1801 0.5
1801 0.5
1801 0.5
1843 0.05
1843 0.05
1843 0.05
1843 0.05
1843 0.05
1843 0.5
1843 0.5
1843 0.5
1843 0.5
1843 0.5
1843 0.5
1843 0.5
1843 0.5
1843 0.5
1844 0.05
1844 0.05
1844 0.05
1844 0.05
1844 0.05
1844 0.5
1844 0.5
1844 0.5
1844 0.5
1844 0.5
1844 0.5
1844 0.5
1844 0.5
1844 0.5
1845 0.05
1845 0.05
1845 0.05
1845 0.05
1845 0.05
1845 0.5
1845 0.5
1845 0.5
1845 0.5
1845 0.5
1845 0.5
1845 0.5
1845 0.5
1845 0.5
1846 0.05
1846 0.05
1846 0.05
1846 0.05
1846 0.05
1846 0.5
1846 0.5
1846 0.5
1846 0.5
1846 0.5
1846 0.5
1846 0.5
1846 0.5
1846 0.5
1847 0.05
1847 0.05
1847 0.05
1847 0.05
1847 0.05
1847 0.5
1847 0.5
1847 0.5
1847 0.5
1847 0.5
1847 0.5
1847 0.5
1847 0.5
1847 0.5
1848 0.05
1848 0.05
1848 0.05
1848 0.05
1848 0.05
1848 0.5
1848 0.5
1848 0.5
1848 0.5
1848 0.5
1848 0.5
1848 0.5
1848 0.5
1848 0.5
1849 0.05
1849 0.05
1849 0.05
1849 0.05
1849 0.05
1849 0.5
1849 0.5
1849 0.5
1849 0.5
1849 0.5
1849 0.5
1849 0.5
1849 0.5
1849 0.5
1850 0.05
1850 0.05
1850 0.05
1850 0.05
1850 0.05
1850 0.5
1850 0.5
1850 0.5
1850 0.5
1850 0.5
1850 0.5
1850 0.5
1850 0.5
1850 0.5
1851 0.05
1851 0.05
1851 0.05
1851 0.05
1851 0.05
1851 0.5
1851 0.5
1851 0.5
1851 0.5
1851 0.5
1851 0.5
1851 0.5
1851 0.5
1851 0.5
1852 0.05
1852 0.05
1852 0.05
1852 0.05
1852 0.05
1852 0.5
1852 0.5
1852 0.5
1852 0.5
1852 0.5
1852 0.5
1852 0.5
1852 0.5
1852 0.5
1854 0.1
1854 0.1
1854 0.1
1854 0.1
1854 0.1
1854 0.5
1854 0.5
1854 0.5
1854 0.5
1854 0.5
1854 0.5
1854 0.5
1854 0.5
1854 0.5
1855 0.1
1855 0.1
1855 0.1
1855 0.1
1855 0.1
1855 0.5
1855 0.5
1855 0.5
1855 0.5
1855 0.5
1855 0.5
1855 0.5
1855 0.5
1855 0.5
1856 0.5
1856 0.5
1856 0.5
1856 0.5
1856 0.5
1856 0.5
1856 0.5
1856 0.5
1856 0.5
1856 0.5
1856 0.5
1856 0.5
1856 0.5
1856 0.5
1860 0.5
1860 0.5
1860 0.5
1860 0.5
1860 0.5
1860 0.5
1860 0.5
1860 0.5
1860 0.5
1860 0.5
1860 0.5
1860 0.5
1860 0.5
1860 0.5
1861 0.5
1861 0.5
1861 0.5
1861 0.5
1861 0.5
1861 0.5
1861 0.5
1861 0.5
1861 0.5
1861 0.5
1861 0.5
1861 0.5
1861 0.5
1861 0.5
1862 0.5
1862 0.5
1862 0.5
1862 0.5
1862 0.5
1862 0.5
1862 0.5
1862 0.5
1862 0.5
1862 0.5
1862 0.5
1862 0.5
1862 0.5
1862 0.5
1863 0.5
1863 0.5
1863 0.5
1863 0.5
1863 0.5
1863 0.5
1863 0.5
1863 0.5
1863 0.5
1863 0.5
1863 0.5
1863 0.5
1863 0.5
1863 0.5
1864 0.5
1864 0.5
1864 0.5
1864 0.5
1864 0.5
1864 0.5
1864 0.5
1864 0.5
1864 0.5
1864 0.5
1864 0.5
1864 0.5
1864 0.5
1864 0.5
1865 0.5
1865 0.5
1865 0.5
1865 0.5
1865 0.5
1865 0.5
1865 0.5
1865 0.5
1865 0.5
1865 0.5
1865 0.5
1865 0.5
1865 0.5
1865 0.5
1866 0.5
1866 0.5
1866 0.5
1866 0.5
1866 0.5
1866 0.5
1866 0.5
1866 0.5
1866 0.5
1866 0.5
1866 0.5
1866 0.5
1866 0.5
1866 0.5
1867 0.5
1867 0.5
1867 0.5
1867 0.5
1867 0.5
1867 0.5
1867 0.5
1867 0.5
1867 0.5
1867 0.5
1867 0.5
1867 0.5
1867 0.5
1867 0.5
1868 0.5
1868 0.5
1868 0.5
1868 0.5
1868 0.5
1868 0.5
1868 0.5
1868 0.5
1868 0.5
1868 0.5
1868 0.5
1868 0.5
1868 0.5
1868 0.5
1869 0.5
1869 0.5
1869 0.5
1869 0.5
1869 0.5
1869 0.5
1869 0.5
1869 0.5
1869 0.5
1869 0.5
1869 0.5
1869 0.5
1869 0.5
1869 0.5
1910 0.05
1910 0.05
1910 0.05
1910 0.05
1910 0.05
1910 0.5
1910 0.5
1910 0.5
1910 0.5
1910 0.5
1910 0.5
1910 0.5
1910 0.5
1910 0.5
1911 0.05
1911 0.05
1911 0.05
1911 0.05
1911 0.05
1911 0.5
1911 0.5
1911 0.5
1911 0.5
1911 0.5
1911 0.5
1911 0.5
1911 0.5
1911 0.5
1912 0.05
1912 0.05
1912 0.05
1912 0.05
1912 0.05
1912 0.5
1912 0.5
1912 0.5
1912 0.5
1912 0.5
1912 0.5
1912 0.5
1912 0.5
1912 0.5
1913 0.05
1913 0.05
1913 0.05
1913 0.05
1913 0.05
1913 0.5
1913 0.5
1913 0.5
1913 0.5
1913 0.5
1913 0.5
1913 0.5
1913 0.5
1913 0.5
1914 0.05
1914 0.05
1914 0.05
1914 0.05
1914 0.05
1914 0.5
1914 0.5
1914 0.5
1914 0.5
1914 0.5
1914 0.5
1914 0.5
1914 0.5
1914 0.5
1915 0.05
1915 0.05
1915 0.05
1915 0.05
1915 0.05
1915 0.5
1915 0.5
1915 0.5
1915 0.5
1915 0.5
1915 0.5
1915 0.5
1915 0.5
1915 0.5
1916 0.05
1916 0.05
1916 0.05
1916 0.05
1916 0.05
1916 0.5
1916 0.5
1916 0.5
1916 0.5
1916 0.5
1916 0.5
1916 0.5
1916 0.5
1916 0.5
1917 0.05
1917 0.05
1917 0.05
1917 0.05
1917 0.05
1917 0.5
1917 0.5
1917 0.5
1917 0.5
1917 0.5
1917 0.5
1917 0.5
1917 0.5
1917 0.5
1918 0.05
1918 0.05
1918 0.05
1918 0.05
1918 0.05
1918 0.5
1918 0.5
1918 0.5
1918 0.5
1918 0.5
1918 0.5
1918 0.5
1918 0.5
1918 0.5
1919 0.05
1919 0.05
1919 0.05
1919 0.05
1919 0.05
1919 0.5
1919 0.5
1919 0.5
1919 0.5
1919 0.5
1919 0.5
1919 0.5
1919 0.5
1919 0.5
1920 0.05
1920 0.05
1920 0.05
1920 0.05
1920 0.05
1920 0.5
1920 0.5
1920 0.5
1920 0.5
1920 0.5
1920 0.5
1920 0.5
1920 0.5
1920 0.5
1921 0.05
1921 0.05
1921 0.05
1921 0.05
1921 0.05
1921 0.5
1921 0.5
1921 0.5
1921 0.5
1921 0.5
1921 0.5
1921 0.5
1921 0.5
1921 0.5
1924 0.1
1924 0.1
1924 0.1
1924 0.1
1924 0.1
1924 0.5
1924 0.5
1924 0.5
1924 0.5
1924 0.5
1924 0.5
1924 0.5
1924 0.5
1924 0.5
1925 0.1
1925 0.1
1925 0.1
1925 0.1
1925 0.1
1925 0.5
1925 0.5
1925 0.5
1925 0.5
1925 0.5
1925 0.5
1925 0.5
1925 0.5
1925 0.5
1928 0.5
1928 0.5
1928 0.5
1928 0.5
1928 0.5
1928 0.5
1928 0.5
1928 0.5
1928 0.5
1928 0.5
1928 0.5
1928 0.5
1928 0.5
1928 0.5
1929 0.5
1929 0.5
1929 0.5
1929 0.5
1929 0.5
1929 0.5
1929 0.5
1929 0.5
1929 0.5
1929 0.5
1929 0.5
1929 0.5
1929 0.5
1929 0.5
1930 0.5
1930 0.5
1930 0.5
1930 0.5
1930 0.5
1930 0.5
1930 0.5
1930 0.5
1930 0.5
1930 0.5
1930 0.5
1930 0.5
1930 0.5
1930 0.5
1931 0.5
1931 0.5
1931 0.5
1931 0.5
1931 0.5
1931 0.5
1931 0.5
1931 0.5
1931 0.5
1931 0.5
1931 0.5
1931 0.5
1931 0.5
1931 0.5
1932 0.5
1932 0.5
1932 0.5
1932 0.5
1932 0.5
1932 0.5
1932 0.5
1932 0.5
1932 0.5
1932 0.5
1932 0.5
1932 0.5
1932 0.5
1932 0.5
1933 0.5
1933 0.5
1933 0.5
1933 0.5
1933 0.5
1933 0.5
1933 0.5
1933 0.5
1933 0.5
1933 0.5
1933 0.5
1933 0.5
1933 0.5
1933 0.5
1934 0.5
1934 0.5
1934 0.5
1934 0.5
1934 0.5
1934 0.5
1934 0.5
1934 0.5
1934 0.5
1934 0.5
1934 0.5
1934 0.5
1934 0.5
1934 0.5
1935 0.5
1935 0.5
1935 0.5
1935 0.5
1935 0.5
1935 0.5
1935 0.5
1935 0.5
1935 0.5
1935 0.5
1935 0.5
1935 0.5
1935 0.5
1935 0.5
1936 0.5
1936 0.5
1936 0.5
1936 0.5
1936 0.5
1936 0.5
1936 0.5
1936 0.5
1936 0.5
1936 0.5
1936 0.5
1936 0.5
1936 0.5
1936 0.5
1937 0.5
1937 0.5
1937 0.5
1937 0.5
1937 0.5
1937 0.5
1937 0.5
1937 0.5
1937 0.5
1937 0.5
1937 0.5
1937 0.5
1937 0.5
1937 0.5
1979 0.05
1979 0.05
1979 0.05
1979 0.05
1979 0.05
1979 0.5
1979 0.5
1979 0.5
1979 0.5
1979 0.5
1979 0.5
1979 0.5
1979 0.5
1979 0.5
1980 0.05
1980 0.05
1980 0.05
1980 0.05
1980 0.05
1980 0.5
1980 0.5
1980 0.5
1980 0.5
1980 0.5
1980 0.5
1980 0.5
1980 0.5
1980 0.5
1981 0.05
1981 0.05
1981 0.05
1981 0.05
1981 0.05
1981 0.5
1981 0.5
1981 0.5
1981 0.5
1981 0.5
1981 0.5
1981 0.5
1981 0.5
1981 0.5
1982 0.05
1982 0.05
1982 0.05
1982 0.05
1982 0.05
1982 0.5
1982 0.5
1982 0.5
1982 0.5
1982 0.5
1982 0.5
1982 0.5
1982 0.5
1982 0.5
1983 0.05
1983 0.05
1983 0.05
1983 0.05
1983 0.05
1983 0.5
1983 0.5
1983 0.5
1983 0.5
1983 0.5
1983 0.5
1983 0.5
1983 0.5
1983 0.5
1984 0.05
1984 0.05
1984 0.05
1984 0.05
1984 0.05
1984 0.5
1984 0.5
1984 0.5
1984 0.5
1984 0.5
1984 0.5
1984 0.5
1984 0.5
1984 0.5
1985 0.05
1985 0.05
1985 0.05
1985 0.05
1985 0.05
1985 0.5
1985 0.5
1985 0.5
1985 0.5
1985 0.5
1985 0.5
1985 0.5
1985 0.5
1985 0.5
1986 0.05
1986 0.05
1986 0.05
1986 0.05
1986 0.05
1986 0.5
1986 0.5
1986 0.5
1986 0.5
1986 0.5
1986 0.5
1986 0.5
1986 0.5
1986 0.5
1987 0.05
1987 0.05
1987 0.05
1987 0.05
1987 0.05
1987 0.5
1987 0.5
1987 0.5
1987 0.5
1987 0.5
1987 0.5
1987 0.5
1987 0.5
1987 0.5
1988 0.05
1988 0.05
1988 0.05
1988 0.05
1988 0.05
1988 0.5
1988 0.5
1988 0.5
1988 0.5
1988 0.5
1988 0.5
1988 0.5
1988 0.5
1988 0.5
1989 0.05
1989 0.05
1989 0.05
1989 0.05
1989 0.05
1989 0.5
1989 0.5
1989 0.5
1989 0.5
1989 0.5
1989 0.5
1989 0.5
1989 0.5
1989 0.5
1992 0.1
1992 0.1
1992 0.1
1992 0.1
1992 0.1
1992 0.5
1992 0.5
1992 0.5
1992 0.5
1992 0.5
1992 0.5
1992 0.5
1992 0.5
1992 0.5
1994 0.5
1994 0.5
1994 0.5
1994 0.5
1994 0.5
1994 0.5
1994 0.5
1994 0.5
1994 0.5
1994 0.5
1994 0.5
1994 0.5
1994 0.5
1994 0.5
1995 0.5
1995 0.5
1995 0.5
1995 0.5
1995 0.5
1995 0.05
1995 0.05
1995 0.05
1995 0.05
1995 0.5
1995 0.5
1995 0.5
1995 0.5
1995 0.5
1996 0.5
1996 0.5
1996 0.5
1996 0.5
1996 0.5
1996 0.05
1996 0.05
1996 0.05
1996 0.05
1996 0.5
1996 0.5
1996 0.5
1996 0.5
1996 0.5
1997 0.5
1997 0.5
1997 0.5
1997 0.5
1997 0.5
1997 0.05
1997 0.05
1997 0.05
1997 0.05
1997 0.5
1997 0.5
1997 0.5
1997 0.5
1997 0.5
1998 0.5
1998 0.5
1998 0.5
1998 0.5
1998 0.5
1998 0.5
1998 0.5
1998 0.5
1998 0.5
1998 0.5
1998 0.5
1998 0.5
1998 0.5
1998 0.5
1999 0.5
1999 0.5
1999 0.5
1999 0.5
1999 0.5
1999 0.5
1999 0.5
1999 0.5
1999 0.5
1999 0.5
1999 0.5
1999 0.5
1999 0.5
1999 0.5
2000 0.5
2000 0.5
2000 0.5
2000 0.5
2000 0.5
2000 0.5
2000 0.5
2000 0.5
2000 0.5
2000 0.5
2000 0.5
2000 0.5
2000 0.5
2000 0.5
2001 0.5
2001 0.5
2001 0.5
2001 0.5
2001 0.5
2001 0.5
2001 0.5
2001 0.5
2001 0.5
2001 0.5
2001 0.5
2001 0.5
2001 0.5
2001 0.5
2043 0.05
2043 0.05
2043 0.05
2043 0.05
2043 0.05
2043 0.5
2043 0.5
2043 0.5
2043 0.5
2043 0.5
2043 0.5
2043 0.5
2043 0.5
2043 0.5
2044 0.05
2044 0.05
2044 0.05
2044 0.05
2044 0.05
2044 0.5
2044 0.5
2044 0.5
2044 0.5
2044 0.5
2044 0.5
2044 0.5
2044 0.5
2044 0.5
2045 0.05
2045 0.05
2045 0.05
2045 0.05
2045 0.05
2045 0.5
2045 0.5
2045 0.5
2045 0.5
2045 0.5
2045 0.5
2045 0.5
2045 0.5
2045 0.5
2046 0.05
2046 0.05
2046 0.05
2046 0.05
2046 0.05
2046 0.5
2046 0.5
2046 0.5
2046 0.5
2046 0.5
2046 0.5
2046 0.5
2046 0.5
2046 0.5
2047 0.05
2047 0.05
2047 0.05
2047 0.05
2047 0.05
2047 0.5
2047 0.5
2047 0.5
2047 0.5
2047 0.5
2047 0.5
2047 0.5
2047 0.5
2047 0.5
2048 0.05
2048 0.05
2048 0.05
2048 0.05
2048 0.05
2048 0.5
2048 0.5
2048 0.5
2048 0.5
2048 0.5
2048 0.5
2048 0.5
2048 0.5
2048 0.5
2049 0.05
2049 0.05
2049 0.05
2049 0.05
2049 0.05
2049 0.5
2049 0.5
2049 0.5
2049 0.5
2049 0.5
2049 0.5
2049 0.5
2049 0.5
2049 0.5
2050 0.05
2050 0.05
2050 0.05
2050 0.05
2050 0.05
2050 0.5
2050 0.5
2050 0.5
2050 0.5
2050 0.5
2050 0.5
2050 0.5
2050 0.5
2050 0.5
2051 0.05
2051 0.05
2051 0.05
2051 0.05
2051 0.05
2051 0.5
2051 0.5
2051 0.5
2051 0.5
2051 0.5
2051 0.5
2051 0.5
2051 0.5
2051 0.5
2052 0.05
2052 0.05
2052 0.05
2052 0.05
2052 0.05
2052 0.5
2052 0.5
2052 0.5
2052 0.5
2052 0.5
2052 0.5
2052 0.5
2052 0.5
2052 0.5
2053 0.1
2053 0.1
2053 0.1
2053 0.1
2053 0.1
2053 0.5
2053 0.5
2053 0.5
2053 0.5
2053 0.5
2053 0.5
2053 0.5
2053 0.5
2053 0.5
2055 0.1
2055 0.1
2055 0.1
2055 0.1
2055 0.1
2055 0.5
2055 0.5
2055 0.5
2055 0.5
2055 0.5
2055 0.5
2055 0.5
2055 0.5
2055 0.5
2056 0.1
2056 0.1
2056 0.1
2056 0.1
2056 0.1
2056 0.5
2056 0.5
2056 0.5
2056 0.5
2056 0.5
2056 0.5
2056 0.5
2056 0.5
2056 0.5
2057 0.5
2057 0.5
2057 0.5
2057 0.5
2057 0.5
2057 0.05
2057 0.05
2057 0.05
2057 0.05
2057 0.5
2057 0.5
2057 0.5
2057 0.5
2057 0.5
2058 0.5
2058 0.5
2058 0.5
2058 0.5
2058 0.5
2058 0.05
2058 0.05
2058 0.05
2058 0.05
2058 0.5
2058 0.5
2058 0.5
2058 0.5
2058 0.5
2059 0.5
2059 0.5
2059 0.5
2059 0.5
2059 0.5
2059 0.05
2059 0.05
2059 0.05
2059 0.05
2059 0.5
2059 0.5
2059 0.5
2059 0.5
2059 0.5
2060 0.5
2060 0.5
2060 0.5
2060 0.5
2060 0.5
2060 0.05
2060 0.05
2060 0.05
2060 0.05
2060 0.5
2060 0.5
2060 0.5
2060 0.5
2060 0.5
2061 0.5
2061 0.5
2061 0.5
2061 0.5
2061 0.5
2061 0.5
2061 0.5
2061 0.5
2061 0.5
2061 0.5
2061 0.5
2061 0.5
2061 0.5
2061 0.5
2062 0.5
2062 0.5
2062 0.5
2062 0.5
2062 0.5
2062 0.5
2062 0.5
2062 0.5
2062 0.5
2062 0.5
2062 0.5
2062 0.5
2062 0.5
2062 0.5
2063 0.5
2063 0.5
2063 0.5
2063 0.5
2063 0.5
2063 0.5
2063 0.5
2063 0.5
2063 0.5
2063 0.5
2063 0.5
2063 0.5
2063 0.5
2063 0.5
2064 0.5
2064 0.5
2064 0.5
2064 0.5
2064 0.5
2064 0.5
2064 0.5
2064 0.5
2064 0.5
2064 0.5
2064 0.5
2064 0.5
2064 0.5
2064 0.5
2105 0.1
2105 0.1
2105 0.1
2105 0.1
2105 0.1
2105 0.5
2105 0.5
2105 0.5
2105 0.5
2105 0.5
2105 0.5
2105 0.5
2105 0.5
2105 0.5
2106 0.1
2106 0.1
2106 0.1
2106 0.1
2106 0.1
2106 0.5
2106 0.5
2106 0.5
2106 0.5
2106 0.5
2106 0.5
2106 0.5
2106 0.5
2106 0.5
2107 0.05
2107 0.05
2107 0.05
2107 0.05
2107 0.05
2107 0.5
2107 0.5
2107 0.5
2107 0.5
2107 0.5
2107 0.5
2107 0.5
2107 0.5
2107 0.5
2108 0.05
2108 0.05
2108 0.05
2108 0.05
2108 0.05
2108 0.5
2108 0.5
2108 0.5
2108 0.5
2108 0.5
2108 0.5
2108 0.5
2108 0.5
2108 0.5
2109 0.05
2109 0.05
2109 0.05
2109 0.05
2109 0.05
2109 0.5
2109 0.5
2109 0.5
2109 0.5
2109 0.5
2109 0.5
2109 0.5
2109 0.5
2109 0.5
2110 0.05
2110 0.05
2110 0.05
2110 0.05
2110 0.05
2110 0.5
2110 0.5
2110 0.5
2110 0.5
2110 0.5
2110 0.5
2110 0.5
2110 0.5
2110 0.5
2111 0.05
2111 0.05
2111 0.05
2111 0.05
2111 0.05
2111 0.5
2111 0.5
2111 0.5
2111 0.5
2111 0.5
2111 0.5
2111 0.5
2111 0.5
2111 0.5
2112 0.05
2112 0.05
2112 0.05
2112 0.05
2112 0.05
2112 0.5
2112 0.5
2112 0.5
2112 0.5
2112 0.5
2112 0.5
2112 0.5
2112 0.5
2112 0.5
2113 0.05
2113 0.05
2113 0.05
2113 0.05
2113 0.05
2113 0.5
2113 0.5
2113 0.5
2113 0.5
2113 0.5
2113 0.5
2113 0.5
2113 0.5
2113 0.5
2114 0.05
2114 0.05
2114 0.05
2114 0.05
2114 0.05
2114 0.5
2114 0.5
2114 0.5
2114 0.5
2114 0.5
2114 0.5
2114 0.5
2114 0.5
2114 0.5
2115 0.05
2115 0.05
2115 0.05
2115 0.05
2115 0.05
2115 0.5
2115 0.5
2115 0.5
2115 0.5
2115 0.5
2115 0.5
2115 0.5
2115 0.5
2115 0.5
2116 0.1
2116 0.1
2116 0.1
2116 0.1
2116 0.1
2116 0.5
2116 0.5
2116 0.5
2116 0.5
2116 0.5
2116 0.5
2116 0.5
2116 0.5
2116 0.5
2120 0.1
2120 0.1
2120 0.1
2120 0.1
2120 0.1
2120 0.5
2120 0.5
2120 0.5
2120 0.5
2120 0.5
2120 0.5
2120 0.5
2120 0.5
2120 0.5
2121 0.5
2121 0.5
2121 0.5
2121 0.5
2121 0.5
2121 0.05
2121 0.05
2121 0.05
2121 0.05
2121 0.5
2121 0.5
2121 0.5
2121 0.5
2121 0.5
2122 0.5
2122 0.5
2122 0.5
2122 0.5
2122 0.5
2122 0.05
2122 0.05
2122 0.05
2122 0.05
2122 0.5
2122 0.5
2122 0.5
2122 0.5
2122 0.5
2123 0.5
2123 0.5
2123 0.5
2123 0.5
2123 0.5
2123 0.05
2123 0.05
2123 0.05
2123 0.05
2123 0.5
2123 0.5
2123 0.5
2123 0.5
2123 0.5
2124 0.5
2124 0.5
2124 0.5
2124 0.5
2124 0.5
2124 0.05
2124 0.05
2124 0.05
2124 0.05
2124 0.5
2124 0.5
2124 0.5
2124 0.5
2124 0.5
2125 0.5
2125 0.5
2125 0.5
2125 0.5
2125 0.5
2125 0.5
2125 0.5
2125 0.5
2125 0.5
2125 0.5
2125 0.5
2125 0.5
2125 0.5
2125 0.5
2166 0.05
2166 0.05
2166 0.05
2166 0.05
2166 0.05
2166 0.5
2166 0.5
2166 0.5
2166 0.5
2166 0.5
2166 0.5
2166 0.5
2166 0.5
2166 0.5
2167 0.05
2167 0.05
2167 0.05
2167 0.05
2167 0.05
2167 0.5
2167 0.5
2167 0.5
2167 0.5
2167 0.5
2167 0.5
2167 0.5
2167 0.5
2167 0.5
2168 0.05
2168 0.05
2168 0.05
2168 0.05
2168 0.05
2168 0.5
2168 0.5
2168 0.5
2168 0.5
2168 0.5
2168 0.5
2168 0.5
2168 0.5
2168 0.5
2169 0.05
2169 0.05
2169 0.05
2169 0.05
2169 0.05
2169 0.5
2169 0.5
2169 0.5
2169 0.5
2169 0.5
2169 0.5
2169 0.5
2169 0.5
2169 0.5
2170 0.05
2170 0.05
2170 0.05
2170 0.05
2170 0.05
2170 0.5
2170 0.5
2170 0.5
2170 0.5
2170 0.5
2170 0.5
2170 0.5
2170 0.5
2170 0.5
2171 0.05
2171 0.05
2171 0.05
2171 0.05
2171 0.05
2171 0.5
2171 0.5
2171 0.5
2171 0.5
2171 0.5
2171 0.5
2171 0.5
2171 0.5
2171 0.5
2172 0.05
2172 0.05
2172 0.05
2172 0.05
2172 0.05
2172 0.5
2172 0.5
2172 0.5
2172 0.5
2172 0.5
2172 0.5
2172 0.5
2172 0.5
2172 0.5
2173 0.05
2173 0.05
2173 0.05
2173 0.05
2173 0.05
2173 0.5
2173 0.5
2173 0.5
2173 0.5
2173 0.5
2173 0.5
2173 0.5
2173 0.5
2173 0.5
2174 0.1
2174 0.1
2174 0.1
2174 0.1
2174 0.1
2174 0.5
2174 0.5
2174 0.5
2174 0.5
2174 0.5
2174 0.5
2174 0.5
2174 0.5
2174 0.5
2218 0.05
2218 0.05
2218 0.05
2218 0.05
2218 0.05
2218 0.5
2218 0.5
2218 0.5
2218 0.5
2218 0.5
2218 0.5
2218 0.5
2218 0.5
2218 0.5
2219 0.05
2219 0.05
2219 0.05
2219 0.05
2219 0.05
2219 0.5
2219 0.5
2219 0.5
2219 0.5
2219 0.5
2219 0.5
2219 0.5
2219 0.5
2219 0.5
2220 0.05
2220 0.05
2220 0.05
2220 0.05
2220 0.05
2220 0.5
2220 0.5
2220 0.5
2220 0.5
2220 0.5
2220 0.5
2220 0.5
2220 0.5
2220 0.5
2221 0.05
2221 0.05
2221 0.05
2221 0.05
2221 0.05
2221 0.5
2221 0.5
2221 0.5
2221 0.5
2221 0.5
2221 0.5
2221 0.5
2221 0.5
2221 0.5
2222 0.05
2222 0.05
2222 0.05
2222 0.05
2222 0.05
2222 0.5
2222 0.5
2222 0.5
2222 0.5
2222 0.5
2222 0.5
2222 0.5
2222 0.5
2222 0.5
2223 0.05
2223 0.05
2223 0.05
2223 0.05
2223 0.05
2223 0.5
2223 0.5
2223 0.5
2223 0.5
2223 0.5
2223 0.5
2223 0.5
2223 0.5
2223 0.5
2224 0.1
2224 0.1
2224 0.1
2224 0.1
2224 0.1
2224 0.5
2224 0.5
2224 0.5
2224 0.5
2224 0.5
2224 0.5
2224 0.5
2224 0.5
2224 0.5
2225 0.1
2225 0.1
2225 0.1
2225 0.1
2225 0.1
2225 0.5
2225 0.5
2225 0.5
2225 0.5
2225 0.5
2225 0.5
2225 0.5
2225 0.5
2225 0.5
2226 0.1
2226 0.1
2226 0.1
2226 0.1
2226 0.1
2226 0.5
2226 0.5
2226 0.5
2226 0.5
2226 0.5
2226 0.5
2226 0.5
2226 0.5
2226 0.5
2273 0.05
2273 0.05
2273 0.05
2273 0.05
2273 0.05
2273 0.5
2273 0.5
2273 0.5
2273 0.5
2273 0.5
2273 0.5
2273 0.5
2273 0.5
2273 0.5
2274 0.05
2274 0.05
2274 0.05
2274 0.05
2274 0.05
2274 0.5
2274 0.5
2274 0.5
2274 0.5
2274 0.5
2274 0.5
2274 0.5
2274 0.5
2274 0.5
2275 0.05
2275 0.05
2275 0.05
2275 0.05
2275 0.05
2275 0.5
2275 0.5
2275 0.5
2275 0.5
2275 0.5
2275 0.5
2275 0.5
2275 0.5
2275 0.5
2276 0.05
2276 0.05
2276 0.05
2276 0.05
2276 0.05
2276 0.5
2276 0.5
2276 0.5
2276 0.5
2276 0.5
2276 0.5
2276 0.5
2276 0.5
2276 0.5
2277 0.1
2277 0.1
2277 0.1
2277 0.1
2277 0.1
2277 0.5
2277 0.5
2277 0.5
2277 0.5
2277 0.5
2277 0.5
2277 0.5
2277 0.5
2277 0.5
2278 0.1
2278 0.1
2278 0.1
2278 0.1
2278 0.1
2278 0.5
2278 0.5
2278 0.5
2278 0.5
2278 0.5
2278 0.5
2278 0.5
2278 0.5
2278 0.5
2279 0.1
2279 0.1
2279 0.1
2279 0.1
2279 0.1
2279 0.5
2279 0.5
2279 0.5
2279 0.5
2279 0.5
2279 0.5
2279 0.5
2279 0.5
2279 0.5
2280 0.1
2280 0.1
2280 0.1
2280 0.1
2280 0.1
2280 0.5
2280 0.5
2280 0.5
2280 0.5
2280 0.5
2280 0.5
2280 0.5
2280 0.5
2280 0.5
2329 0.05
2329 0.05
2329 0.05
2329 0.05
2329 0.05
2329 0.5
2329 0.5
2329 0.5
2329 0.5
2329 0.5
2329 0.5
2329 0.5
2329 0.5
2329 0.5
2330 0.05
2330 0.05
2330 0.05
2330 0.05
2330 0.05
2330 0.5
2330 0.5
2330 0.5
2330 0.5
2330 0.5
2330 0.5
2330 0.5
2330 0.5
2330 0.5
2331 0.1
2331 0.1
2331 0.1
2331 0.1
2331 0.1
2331 0.5
2331 0.5
2331 0.5
2331 0.5
2331 0.5
2331 0.5
2331 0.5
2331 0.5
2331 0.5
2383 0.05
2383 0.05
2383 0.05
2383 0.05
2383 0.05
2383 0.5
2383 0.5
2383 0.5
2383 0.5
2383 0.5
2383 0.5
2383 0.5
2383 0.5
2383 0.5
2384 0.05
2384 0.05
2384 0.05
2384 0.05
2384 0.05
2384 0.5
2384 0.5
2384 0.5
2384 0.5
2384 0.5
2384 0.5
2384 0.5
2384 0.5
2384 0.5
2385 0.05
2385 0.05
2385 0.05
2385 0.05
2385 0.05
2385 0.5
2385 0.5
2385 0.5
2385 0.5
2385 0.5
2385 0.5
2385 0.5
2385 0.5
2385 0.5
2436 0.05
2436 0.05
2436 0.05
2436 0.05
2436 0.05
2436 0.5
2436 0.5
2436 0.5
2436 0.5
2436 0.5
2436 0.5
2436 0.5
2436 0.5
2436 0.5
7940 0.5
7940 0.5
7940 0.5
7940 0.5
7940 0.5
7940 0.5
7940 0.5
7940 0.5
7940 0.5
7940 0.5
7940 0.5
7940 0.5
7940 0.5
7940 0.5
7947 0.1
7947 0.1
7947 0.1
7947 0.1
7947 0.1
7947 0.5
7947 0.5
7947 0.5
7947 0.5
7947 0.5
7947 0.5
7947 0.5
7947 0.5
7947 0.5
7948 0.5
7948 0.5
7948 0.5
7948 0.5
7948 0.5
7948 0.5
7948 0.5
7948 0.5
7948 0.5
7948 0.5
7948 0.5
7948 0.5
7948 0.5
7948 0.5
7956 0.5
7956 0.5
7956 0.5
7956 0.5
7956 0.5
7956 0.5
7956 0.5
7956 0.5
7956 0.5
7956 0.5
7956 0.5
7956 0.5
7956 0.5
7956 0.5
7960 0.5
7960 0.5
7960 0.5
7960 0.5
7960 0.5
7960 0.5
7960 0.5
7960 0.5
7960 0.5
7960 0.5
7960 0.5
7960 0.5
7960 0.5
7960 0.5
7975 0.1
7975 0.1
7975 0.1
7975 0.1
7975 0.1
7975 0.5
7975 0.5
7975 0.5
7975 0.5
7975 0.5
7975 0.5
7975 0.5
7975 0.5
7975 0.5
7977 0.1
7977 0.1
7977 0.1
7977 0.1
7977 0.1
7977 0.5
7977 0.5
7977 0.5
7977 0.5
7977 0.5
7977 0.5
7977 0.5
7977 0.5
7977 0.5
7979 0.1
7979 0.1
7979 0.1
7979 0.1
7979 0.1
7979 0.5
7979 0.5
7979 0.5
7979 0.5
7979 0.5
7979 0.5
7979 0.5
7979 0.5
7979 0.5
7987 0.5
7987 0.5
7987 0.5
7987 0.5
7987 0.5
7987 0.5
7987 0.5
7987 0.5
7987 0.5
7987 0.5
7987 0.5
7987 0.5
7987 0.5
7987 0.5
7990 0.5
7990 0.5
7990 0.5
7990 0.5
7990 0.5
7990 0.5
7990 0.5
7990 0.5
7990 0.5
7990 0.5
7990 0.5
7990 0.5
7990 0.5
7990 0.5
7998 0.1
7998 0.1
7998 0.1
7998 0.1
7998 0.1
7998 0.5
7998 0.5
7998 0.5
7998 0.5
7998 0.5
7998 0.5
7998 0.5
7998 0.5
7998 0.5
8000 0.1
8000 0.1
8000 0.1
8000 0.1
8000 0.1
8000 0.05
8000 0.05
8000 0.05
8000 0.05
8000 0.5
8000 0.5
8000 0.5
8000 0.5
8000 0.5
8003 0.05
8003 0.05
8003 0.05
8003 0.05
8003 0.05
8003 0.5
8003 0.5
8003 0.5
8003 0.5
8003 0.5
8003 0.5
8003 0.5
8003 0.5
8003 0.5
8005 0.05
8005 0.05
8005 0.05
8005 0.05
8005 0.05
8005 0.5
8005 0.5
8005 0.5
8005 0.5
8005 0.5
8005 0.5
8005 0.5
8005 0.5
8005 0.5
8009 0.1
8009 0.1
8009 0.1
8009 0.1
8009 0.1
8009 0.5
8009 0.5
8009 0.5
8009 0.5
8009 0.5
8009 0.5
8009 0.5
8009 0.5
8009 0.5
8011 0.1
8011 0.1
8011 0.1
8011 0.1
8011 0.1
8011 0.5
8011 0.5
8011 0.5
8011 0.5
8011 0.5
8011 0.5
8011 0.5
8011 0.5
8011 0.5
8014 0.1
8014 0.1
8014 0.1
8014 0.1
8014 0.1
8014 0.5
8014 0.5
8014 0.5
8014 0.5
8014 0.5
8014 0.5
8014 0.5
8014 0.5
8014 0.5
8015 0.1
8015 0.1
8015 0.1
8015 0.1
8015 0.1
8015 0.5
8015 0.5
8015 0.5
8015 0.5
8015 0.5
8015 0.5
8015 0.5
8015 0.5
8015 0.5
8016 0.1
8016 0.1
8016 0.1
8016 0.1
8016 0.1
8016 0.5
8016 0.5
8016 0.5
8016 0.5
8016 0.5
8016 0.5
8016 0.5
8016 0.5
8016 0.5
8017 0.1
8017 0.1
8017 0.1
8017 0.1
8017 0.1
8017 0.05
8017 0.05
8017 0.05
8017 0.05
8017 0.5
8017 0.5
8017 0.5
8017 0.5
8017 0.5
8018 0.1
8018 0.1
8018 0.1
8018 0.1
8018 0.1
8018 0.5
8018 0.5
8018 0.5
8018 0.5
8018 0.5
8018 0.5
8018 0.5
8018 0.5
8018 0.5
8019 0.1
8019 0.1
8019 0.1
8019 0.1
8019 0.1
8019 0.5
8019 0.5
8019 0.5
8019 0.5
8019 0.5
8019 0.5
8019 0.5
8019 0.5
8019 0.5
8020 0.05
8020 0.05
8020 0.05
8020 0.05
8020 0.05
8020 0.5
8020 0.5
8020 0.5
8020 0.5
8020 0.5
8020 0.5
8020 0.5
8020 0.5
8020 0.5
8021 0.1
8021 0.1
8021 0.1
8021 0.1
8021 0.1
8021 0.5
8021 0.5
8021 0.5
8021 0.5
8021 0.5
8021 0.5
8021 0.5
8021 0.5
8021 0.5
8022 0.1
8022 0.1
8022 0.1
8022 0.1
8022 0.1
8022 0.5
8022 0.5
8022 0.5
8022 0.5
8022 0.5
8022 0.5
8022 0.5
8022 0.5
8022 0.5
8023 0.05
8023 0.05
8023 0.05
8023 0.05
8023 0.05
8023 0.5
8023 0.5
8023 0.5
8023 0.5
8023 0.5
8023 0.5
8023 0.5
8023 0.5
8023 0.5
8024 0.1
8024 0.1
8024 0.1
8024 0.1
8024 0.1
8024 0.05
8024 0.05
8024 0.05
8024 0.05
8024 0.5
8024 0.5
8024 0.5
8024 0.5
8024 0.5
8025 0.1
8025 0.1
8025 0.1
8025 0.1
8025 0.1
8025 0.5
8025 0.5
8025 0.5
8025 0.5
8025 0.5
8025 0.5
8025 0.5
8025 0.5
8025 0.5
8028 0.1
8028 0.1
8028 0.1
8028 0.1
8028 0.1
8028 0.5
8028 0.5
8028 0.5
8028 0.5
8028 0.5
8028 0.5
8028 0.5
8028 0.5
8028 0.5
8029 0.1
8029 0.1
8029 0.1
8029 0.1
8029 0.1
8029 0.5
8029 0.5
8029 0.5
8029 0.5
8029 0.5
8029 0.5
8029 0.5
8029 0.5
8029 0.5
8030 0.1
8030 0.1
8030 0.1
8030 0.1
8030 0.1
8030 0.5
8030 0.5
8030 0.5
8030 0.5
8030 0.5
8030 0.5
8030 0.5
8030 0.5
8030 0.5
8031 0.1
8031 0.1
8031 0.1
8031 0.1
8031 0.1
8031 0.5
8031 0.5
8031 0.5
8031 0.5
8031 0.5
8031 0.5
8031 0.5
8031 0.5
8031 0.5
8036 0.05
8036 0.05
8036 0.05
8036 0.05
8036 0.05
8036 0.5
8036 0.5
8036 0.5
8036 0.5
8036 0.5
8036 0.5
8036 0.5
8036 0.5
8036 0.5
8037 0.1
8037 0.1
8037 0.1
8037 0.1
8037 0.1
8037 0.5
8037 0.5
8037 0.5
8037 0.5
8037 0.5
8037 0.5
8037 0.5
8037 0.5
8037 0.5
8038 0.1
8038 0.1
8038 0.1
8038 0.1
8038 0.1
8038 0.5
8038 0.5
8038 0.5
8038 0.5
8038 0.5
8038 0.5
8038 0.5
8038 0.5
8038 0.5
8042 0.1
8042 0.1
8042 0.1
8042 0.1
8042 0.1
8042 0.05
8042 0.05
8042 0.05
8042 0.05
8042 0.5
8042 0.5
8042 0.5
8042 0.5
8042 0.5
8044 0.1
8044 0.1
8044 0.1
8044 0.1
8044 0.1
8044 0.5
8044 0.5
8044 0.5
8044 0.5
8044 0.5
8044 0.5
8044 0.5
8044 0.5
8044 0.5
8045 0.05
8045 0.05
8045 0.05
8045 0.05
8045 0.05
8045 0.5
8045 0.5
8045 0.5
8045 0.5
8045 0.5
8045 0.5
8045 0.5
8045 0.5
8045 0.5
8049 0.05
8049 0.05
8049 0.05
8049 0.05
8049 0.05
8049 0.5
8049 0.5
8049 0.5
8049 0.5
8049 0.5
8049 0.5
8049 0.5
8049 0.5
8049 0.5
8050 0.1
8050 0.1
8050 0.1
8050 0.1
8050 0.1
8050 0.5
8050 0.5
8050 0.5
8050 0.5
8050 0.5
8050 0.5
8050 0.5
8050 0.5
8050 0.5
8051 0.1
8051 0.1
8051 0.1
8051 0.1
8051 0.1
8051 0.5
8051 0.5
8051 0.5
8051 0.5
8051 0.5
8051 0.5
8051 0.5
8051 0.5
8051 0.5
8053 0.1
8053 0.1
8053 0.1
8053 0.1
8053 0.1
8053 0.5
8053 0.5
8053 0.5
8053 0.5
8053 0.5
8053 0.5
8053 0.5
8053 0.5
8053 0.5
8054 0.1
8054 0.1
8054 0.1
8054 0.1
8054 0.1
8054 0.5
8054 0.5
8054 0.5
8054 0.5
8054 0.5
8054 0.5
8054 0.5
8054 0.5
8054 0.5
8055 0.1
8055 0.1
8055 0.1
8055 0.1
8055 0.1
8055 0.5
8055 0.5
8055 0.5
8055 0.5
8055 0.5
8055 0.5
8055 0.5
8055 0.5
8055 0.5
8056 0.1
8056 0.1
8056 0.1
8056 0.1
8056 0.1
8056 0.5
8056 0.5
8056 0.5
8056 0.5
8056 0.5
8056 0.5
8056 0.5
8056 0.5
8056 0.5
8059 0.1
8059 0.1
8059 0.1
8059 0.1
8059 0.1
8059 0.5
8059 0.5
8059 0.5
8059 0.5
8059 0.5
8059 0.5
8059 0.5
8059 0.5
8059 0.5
8060 0.1
8060 0.1
8060 0.1
8060 0.1
8060 0.1
8060 0.5
8060 0.5
8060 0.5
8060 0.5
8060 0.5
8060 0.5
8060 0.5
8060 0.5
8060 0.5
8061 0.1
8061 0.1
8061 0.1
8061 0.1
8061 0.1
8061 0.5
8061 0.5
8061 0.5
8061 0.5
8061 0.5
8061 0.5
8061 0.5
8061 0.5
8061 0.5
8063 0.05
8063 0.05
8063 0.05
8063 0.05
8063 0.05
8063 0.5
8063 0.5
8063 0.5
8063 0.5
8063 0.5
8063 0.5
8063 0.5
8063 0.5
8063 0.5
8064 0.1
8064 0.1
8064 0.1
8064 0.1
8064 0.1
8064 0.5
8064 0.5
8064 0.5
8064 0.5
8064 0.5
8064 0.5
8064 0.5
8064 0.5
8064 0.5
8065 0.05
8065 0.05
8065 0.05
8065 0.05
8065 0.05
8065 0.5
8065 0.5
8065 0.5
8065 0.5
8065 0.5
8065 0.5
8065 0.5
8065 0.5
8065 0.5
8067 0.05
8067 0.05
8067 0.05
8067 0.05
8067 0.05
8067 0.5
8067 0.5
8067 0.5
8067 0.5
8067 0.5
8067 0.5
8067 0.5
8067 0.5
8067 0.5
8077 0.1
8077 0.1
8077 0.1
8077 0.1
8077 0.1
8077 0.5
8077 0.5
8077 0.5
8077 0.5
8077 0.5
8077 0.5
8077 0.5
8077 0.5
8077 0.5
8079 0.1
8079 0.1
8079 0.1
8079 0.1
8079 0.1
8079 0.5
8079 0.5
8079 0.5
8079 0.5
8079 0.5
8079 0.5
8079 0.5
8079 0.5
8079 0.5
8085 0.05
8085 0.05
8085 0.05
8085 0.05
8085 0.05
8085 0.5
8085 0.5
8085 0.5
8085 0.5
8085 0.5
8085 0.5
8085 0.5
8085 0.5
8085 0.5
8087 0.1
8087 0.1
8087 0.1
8087 0.1
8087 0.1
8087 0.5
8087 0.5
8087 0.5
8087 0.5
8087 0.5
8087 0.5
8087 0.5
8087 0.5
8087 0.5
8091 0.05
8091 0.05
8091 0.05
8091 0.05
8091 0.05
8091 0.5
8091 0.5
8091 0.5
8091 0.5
8091 0.5
8091 0.5
8091 0.5
8091 0.5
8091 0.5
8092 0.05
8092 0.05
8092 0.05
8092 0.05
8092 0.05
8092 0.5
8092 0.5
8092 0.5
8092 0.5
8092 0.5
8092 0.5
8092 0.5
8092 0.5
8092 0.5
8095 0.1
8095 0.1
8095 0.1
8095 0.1
8095 0.1
8095 0.5
8095 0.5
8095 0.5
8095 0.5
8095 0.5
8095 0.5
8095 0.5
8095 0.5
8095 0.5
8096 0.1
8096 0.1
8096 0.1
8096 0.1
8096 0.1
8096 0.5
8096 0.5
8096 0.5
8096 0.5
8096 0.5
8096 0.5
8096 0.5
8096 0.5
8096 0.5
8097 0.1
8097 0.1
8097 0.1
8097 0.1
8097 0.1
8097 0.5
8097 0.5
8097 0.5
8097 0.5
8097 0.5
8097 0.5
8097 0.5
8097 0.5
8097 0.5
8100 0.1
8100 0.1
8100 0.1
8100 0.1
8100 0.1
8100 0.05
8100 0.05
8100 0.05
8100 0.05
8100 0.5
8100 0.5
8100 0.5
8100 0.5
8100 0.5
8103 0.1
8103 0.1
8103 0.1
8103 0.1
8103 0.1
8103 0.5
8103 0.5
8103 0.5
8103 0.5
8103 0.5
8103 0.5
8103 0.5
8103 0.5
8103 0.5
8104 0.1
8104 0.1
8104 0.1
8104 0.1
8104 0.1
8104 0.5
8104 0.5
8104 0.5
8104 0.5
8104 0.5
8104 0.5
8104 0.5
8104 0.5
8104 0.5
8105 0.5
8105 0.5
8105 0.5
8105 0.5
8105 0.5
8105 0.5
8105 0.5
8105 0.5
8105 0.5
8105 0.5
8105 0.5
8105 0.5
8105 0.5
8105 0.5
8106 0.05
8106 0.05
8106 0.05
8106 0.05
8106 0.05
8106 0.5
8106 0.5
8106 0.5
8106 0.5
8106 0.5
8106 0.5
8106 0.5
8106 0.5
8106 0.5
8108 0.1
8108 0.1
8108 0.1
8108 0.1
8108 0.1
8108 0.5
8108 0.5
8108 0.5
8108 0.5
8108 0.5
8108 0.5
8108 0.5
8108 0.5
8108 0.5
8109 0.05
8109 0.05
8109 0.05
8109 0.05
8109 0.05
8109 0.5
8109 0.5
8109 0.5
8109 0.5
8109 0.5
8109 0.5
8109 0.5
8109 0.5
8109 0.5
8110 0.05
8110 0.05
8110 0.05
8110 0.05
8110 0.05
8110 0.5
8110 0.5
8110 0.5
8110 0.5
8110 0.5
8110 0.5
8110 0.5
8110 0.5
8110 0.5
8112 0.1
8112 0.1
8112 0.1
8112 0.1
8112 0.1
8112 0.5
8112 0.5
8112 0.5
8112 0.5
8112 0.5
8112 0.5
8112 0.5
8112 0.5
8112 0.5
8118 0.05
8118 0.05
8118 0.05
8118 0.05
8118 0.05
8118 0.5
8118 0.5
8118 0.5
8118 0.5
8118 0.5
8118 0.5
8118 0.5
8118 0.5
8118 0.5
8122 0.05
8122 0.05
8122 0.05
8122 0.05
8122 0.05
8122 0.5
8122 0.5
8122 0.5
8122 0.5
8122 0.5
8122 0.5
8122 0.5
8122 0.5
8122 0.5
8123 0.1
8123 0.1
8123 0.1
8123 0.1
8123 0.1
8123 0.5
8123 0.5
8123 0.5
8123 0.5
8123 0.5
8123 0.5
8123 0.5
8123 0.5
8123 0.5
8125 0.1
8125 0.1
8125 0.1
8125 0.1
8125 0.1
8125 0.5
8125 0.5
8125 0.5
8125 0.5
8125 0.5
8125 0.5
8125 0.5
8125 0.5
8125 0.5
8126 0.1
8126 0.1
8126 0.1
8126 0.1
8126 0.1
8126 0.05
8126 0.05
8126 0.05
8126 0.05
8126 0.5
8126 0.5
8126 0.5
8126 0.5
8126 0.5
8127 0.05
8127 0.05
8127 0.05
8127 0.05
8127 0.05
8127 0.5
8127 0.5
8127 0.5
8127 0.5
8127 0.5
8127 0.5
8127 0.5
8127 0.5
8127 0.5
8128 0.1
8128 0.1
8128 0.1
8128 0.1
8128 0.1
8128 0.5
8128 0.5
8128 0.5
8128 0.5
8128 0.5
8128 0.5
8128 0.5
8128 0.5
8128 0.5
8129 0.1
8129 0.1
8129 0.1
8129 0.1
8129 0.1
8129 0.5
8129 0.5
8129 0.5
8129 0.5
8129 0.5
8129 0.5
8129 0.5
8129 0.5
8129 0.5
8130 0.1
8130 0.1
8130 0.1
8130 0.1
8130 0.1
8130 0.5
8130 0.5
8130 0.5
8130 0.5
8130 0.5
8130 0.5
8130 0.5
8130 0.5
8130 0.5
8133 0.1
8133 0.1
8133 0.1
8133 0.1
8133 0.1
8133 0.5
8133 0.5
8133 0.5
8133 0.5
8133 0.5
8133 0.5
8133 0.5
8133 0.5
8133 0.5
8134 0.05
8134 0.05
8134 0.05
8134 0.05
8134 0.05
8134 0.5
8134 0.5
8134 0.5
8134 0.5
8134 0.5
8134 0.5
8134 0.5
8134 0.5
8134 0.5
8136 0.1
8136 0.1
8136 0.1
8136 0.1
8136 0.1
8136 0.05
8136 0.05
8136 0.05
8136 0.05
8136 0.5
8136 0.5
8136 0.5
8136 0.5
8136 0.5
8140 0.05
8140 0.05
8140 0.05
8140 0.05
8140 0.05
8140 0.5
8140 0.5
8140 0.5
8140 0.5
8140 0.5
8140 0.5
8140 0.5
8140 0.5
8140 0.5
8141 0.1
8141 0.1
8141 0.1
8141 0.1
8141 0.1
8141 0.5
8141 0.5
8141 0.5
8141 0.5
8141 0.5
8141 0.5
8141 0.5
8141 0.5
8141 0.5
8142 0.05
8142 0.05
8142 0.05
8142 0.05
8142 0.05
8142 0.5
8142 0.5
8142 0.5
8142 0.5
8142 0.5
8142 0.5
8142 0.5
8142 0.5
8142 0.5
8143 0.1
8143 0.1
8143 0.1
8143 0.1
8143 0.1
8143 0.5
8143 0.5
8143 0.5
8143 0.5
8143 0.5
8143 0.5
8143 0.5
8143 0.5
8143 0.5
8144 0.1
8144 0.1
8144 0.1
8144 0.1
8144 0.1
8144 0.5
8144 0.5
8144 0.5
8144 0.5
8144 0.5
8144 0.5
8144 0.5
8144 0.5
8144 0.5
8145 0.1
8145 0.1
8145 0.1
8145 0.1
8145 0.1
8145 0.5
8145 0.5
8145 0.5
8145 0.5
8145 0.5
8145 0.5
8145 0.5
8145 0.5
8145 0.5
8147 0.1
8147 0.1
8147 0.1
8147 0.1
8147 0.1
8147 0.5
8147 0.5
8147 0.5
8147 0.5
8147 0.5
8147 0.5
8147 0.5
8147 0.5
8147 0.5
8148 0.05
8148 0.05
8148 0.05
8148 0.05
8148 0.05
8148 0.5
8148 0.5
8148 0.5
8148 0.5
8148 0.5
8148 0.5
8148 0.5
8148 0.5
8148 0.5
8152 0.1
8152 0.1
8152 0.1
8152 0.1
8152 0.1
8152 0.5
8152 0.5
8152 0.5
8152 0.5
8152 0.5
8152 0.5
8152 0.5
8152 0.5
8152 0.5
8156 0.1
8156 0.1
8156 0.1
8156 0.1
8156 0.1
8156 0.5
8156 0.5
8156 0.5
8156 0.5
8156 0.5
8156 0.5
8156 0.5
8156 0.5
8156 0.5
8157 0.05
8157 0.05
8157 0.05
8157 0.05
8157 0.05
8157 0.5
8157 0.5
8157 0.5
8157 0.5
8157 0.5
8157 0.5
8157 0.5
8157 0.5
8157 0.5
8159 0.1
8159 0.1
8159 0.1
8159 0.1
8159 0.1
8159 0.05
8159 0.05
8159 0.05
8159 0.05
8159 0.5
8159 0.5
8159 0.5
8159 0.5
8159 0.5
8160 0.05
8160 0.05
8160 0.05
8160 0.05
8160 0.05
8160 0.5
8160 0.5
8160 0.5
8160 0.5
8160 0.5
8160 0.5
8160 0.5
8160 0.5
8160 0.5
8162 0.1
8162 0.1
8162 0.1
8162 0.1
8162 0.1
8162 0.5
8162 0.5
8162 0.5
8162 0.5
8162 0.5
8162 0.5
8162 0.5
8162 0.5
8162 0.5
8163 0.05
8163 0.05
8163 0.05
8163 0.05
8163 0.05
8163 0.5
8163 0.5
8163 0.5
8163 0.5
8163 0.5
8163 0.5
8163 0.5
8163 0.5
8163 0.5
8164 0.1
8164 0.1
8164 0.1
8164 0.1
8164 0.1
8164 0.5
8164 0.5
8164 0.5
8164 0.5
8164 0.5
8164 0.5
8164 0.5
8164 0.5
8164 0.5
8169 0.1
8169 0.1
8169 0.1
8169 0.1
8169 0.1
8169 0.5
8169 0.5
8169 0.5
8169 0.5
8169 0.5
8169 0.5
8169 0.5
8169 0.5
8169 0.5
8170 0.05
8170 0.05
8170 0.05
8170 0.05
8170 0.05
8170 0.5
8170 0.5
8170 0.5
8170 0.5
8170 0.5
8170 0.5
8170 0.5
8170 0.5
8170 0.5
8176 0.1
8176 0.1
8176 0.1
8176 0.1
8176 0.1
8176 0.5
8176 0.5
8176 0.5
8176 0.5
8176 0.5
8176 0.5
8176 0.5
8176 0.5
8176 0.5
8179 0.05
8179 0.05
8179 0.05
8179 0.05
8179 0.05
8179 0.5
8179 0.5
8179 0.5
8179 0.5
8179 0.5
8179 0.5
8179 0.5
8179 0.5
8179 0.5
8180 0.1
8180 0.1
8180 0.1
8180 0.1
8180 0.1
8180 0.5
8180 0.5
8180 0.5
8180 0.5
8180 0.5
8180 0.5
8180 0.5
8180 0.5
8180 0.5
8181 0.05
8181 0.05
8181 0.05
8181 0.05
8181 0.05
8181 0.5
8181 0.5
8181 0.5
8181 0.5
8181 0.5
8181 0.5
8181 0.5
8181 0.5
8181 0.5
8182 0.1
8182 0.1
8182 0.1
8182 0.1
8182 0.1
8182 0.5
8182 0.5
8182 0.5
8182 0.5
8182 0.5
8182 0.5
8182 0.5
8182 0.5
8182 0.5
8183 0.05
8183 0.05
8183 0.05
8183 0.05
8183 0.05
8183 0.5
8183 0.5
8183 0.5
8183 0.5
8183 0.5
8183 0.5
8183 0.5
8183 0.5
8183 0.5
8184 0.1
8184 0.1
8184 0.1
8184 0.1
8184 0.1
8184 0.5
8184 0.5
8184 0.5
8184 0.5
8184 0.5
8184 0.5
8184 0.5
8184 0.5
8184 0.5
8187 0.1
8187 0.1
8187 0.1
8187 0.1
8187 0.1
8187 0.5
8187 0.5
8187 0.5
8187 0.5
8187 0.5
8187 0.5
8187 0.5
8187 0.5
8187 0.5
8188 0.1
8188 0.1
8188 0.1
8188 0.1
8188 0.1
8188 0.05
8188 0.05
8188 0.05
8188 0.05
8188 0.5
8188 0.5
8188 0.5
8188 0.5
8188 0.5
8189 0.1
8189 0.1
8189 0.1
8189 0.1
8189 0.1
8189 0.5
8189 0.5
8189 0.5
8189 0.5
8189 0.5
8189 0.5
8189 0.5
8189 0.5
8189 0.5
8190 0.1
8190 0.1
8190 0.1
8190 0.1
8190 0.1
8190 0.5
8190 0.5
8190 0.5
8190 0.5
8190 0.5
8190 0.5
8190 0.5
8190 0.5
8190 0.5
8194 0.1
8194 0.1
8194 0.1
8194 0.1
8194 0.1
8194 0.5
8194 0.5
8194 0.5
8194 0.5
8194 0.5
8194 0.5
8194 0.5
8194 0.5
8194 0.5
8200 0.1
8200 0.1
8200 0.1
8200 0.1
8200 0.1
8200 0.5
8200 0.5
8200 0.5
8200 0.5
8200 0.5
8200 0.5
8200 0.5
8200 0.5
8200 0.5
8201 0.05
8201 0.05
8201 0.05
8201 0.05
8201 0.05
8201 0.5
8201 0.5
8201 0.5
8201 0.5
8201 0.5
8201 0.5
8201 0.5
8201 0.5
8201 0.5
8202 0.1
8202 0.1
8202 0.1
8202 0.1
8202 0.1
8202 0.5
8202 0.5
8202 0.5
8202 0.5
8202 0.5
8202 0.5
8202 0.5
8202 0.5
8202 0.5
8204 0.1
8204 0.1
8204 0.1
8204 0.1
8204 0.1
8204 0.05
8204 0.05
8204 0.05
8204 0.05
8204 0.5
8204 0.5
8204 0.5
8204 0.5
8204 0.5
8211 0.05
8211 0.05
8211 0.05
8211 0.05
8211 0.05
8211 0.5
8211 0.5
8211 0.5
8211 0.5
8211 0.5
8211 0.5
8211 0.5
8211 0.5
8211 0.5
8212 0.1
8212 0.1
8212 0.1
8212 0.1
8212 0.1
8212 0.5
8212 0.5
8212 0.5
8212 0.5
8212 0.5
8212 0.5
8212 0.5
8212 0.5
8212 0.5
8213 0.1
8213 0.1
8213 0.1
8213 0.1
8213 0.1
8213 0.5
8213 0.5
8213 0.5
8213 0.5
8213 0.5
8213 0.5
8213 0.5
8213 0.5
8213 0.5
8215 0.1
8215 0.1
8215 0.1
8215 0.1
8215 0.1
8215 0.5
8215 0.5
8215 0.5
8215 0.5
8215 0.5
8215 0.5
8215 0.5
8215 0.5
8215 0.5
8217 0.05
8217 0.05
8217 0.05
8217 0.05
8217 0.05
8217 0.5
8217 0.5
8217 0.5
8217 0.5
8217 0.5
8217 0.5
8217 0.5
8217 0.5
8217 0.5
8220 0.1
8220 0.1
8220 0.1
8220 0.1
8220 0.1
8220 0.5
8220 0.5
8220 0.5
8220 0.5
8220 0.5
8220 0.5
8220 0.5
8220 0.5
8220 0.5
8222 0.05
8222 0.05
8222 0.05
8222 0.05
8222 0.05
8222 0.5
8222 0.5
8222 0.5
8222 0.5
8222 0.5
8222 0.5
8222 0.5
8222 0.5
8222 0.5
8223 0.1
8223 0.1
8223 0.1
8223 0.1
8223 0.1
8223 0.05
8223 0.05
8223 0.05
8223 0.05
8223 0.5
8223 0.5
8223 0.5
8223 0.5
8223 0.5
8227 0.05
8227 0.05
8227 0.05
8227 0.05
8227 0.05
8227 0.05
8227 0.05
8227 0.05
8227 0.05
8227 0.5
8227 0.5
8227 0.5
8227 0.5
8227 0.5
8231 0.1
8231 0.1
8231 0.1
8231 0.1
8231 0.1
8231 0.5
8231 0.5
8231 0.5
8231 0.5
8231 0.5
8231 0.5
8231 0.5
8231 0.5
8231 0.5
8235 0.1
8235 0.1
8235 0.1
8235 0.1
8235 0.1
8235 0.5
8235 0.5
8235 0.5
8235 0.5
8235 0.5
8235 0.5
8235 0.5
8235 0.5
8235 0.5
8236 0.05
8236 0.05
8236 0.05
8236 0.05
8236 0.05
8236 0.5
8236 0.5
8236 0.5
8236 0.5
8236 0.5
8236 0.5
8236 0.5
8236 0.5
8236 0.5
8237 0.1
8237 0.1
8237 0.1
8237 0.1
8237 0.1
8237 0.5
8237 0.5
8237 0.5
8237 0.5
8237 0.5
8237 0.5
8237 0.5
8237 0.5
8237 0.5
8239 0.1
8239 0.1
8239 0.1
8239 0.1
8239 0.1
8239 0.5
8239 0.5
8239 0.5
8239 0.5
8239 0.5
8239 0.5
8239 0.5
8239 0.5
8239 0.5
8241 0.1
8241 0.1
8241 0.1
8241 0.1
8241 0.1
8241 0.5
8241 0.5
8241 0.5
8241 0.5
8241 0.5
8241 0.5
8241 0.5
8241 0.5
8241 0.5
8243 0.05
8243 0.05
8243 0.05
8243 0.05
8243 0.05
8243 0.5
8243 0.5
8243 0.5
8243 0.5
8243 0.5
8243 0.5
8243 0.5
8243 0.5
8243 0.5
8244 0.1
8244 0.1
8244 0.1
8244 0.1
8244 0.1
8244 0.5
8244 0.5
8244 0.5
8244 0.5
8244 0.5
8244 0.5
8244 0.5
8244 0.5
8244 0.5
8246 0.1
8246 0.1
8246 0.1
8246 0.1
8246 0.1
8246 0.5
8246 0.5
8246 0.5
8246 0.5
8246 0.5
8246 0.5
8246 0.5
8246 0.5
8246 0.5
8247 0.1
8247 0.1
8247 0.1
8247 0.1
8247 0.1
8247 0.05
8247 0.05
8247 0.05
8247 0.05
8247 0.5
8247 0.5
8247 0.5
8247 0.5
8247 0.5
8249 0.1
8249 0.1
8249 0.1
8249 0.1
8249 0.1
8249 0.5
8249 0.5
8249 0.5
8249 0.5
8249 0.5
8249 0.5
8249 0.5
8249 0.5
8249 0.5
8250 0.5
8250 0.5
8250 0.5
8250 0.5
8250 0.5
8250 0.5
8250 0.5
8250 0.5
8250 0.5
8250 0.5
8250 0.5
8250 0.5
8250 0.5
8250 0.5
8251 0.1
8251 0.1
8251 0.1
8251 0.1
8251 0.1
8251 0.5
8251 0.5
8251 0.5
8251 0.5
8251 0.5
8251 0.5
8251 0.5
8251 0.5
8251 0.5
8252 0.05
8252 0.05
8252 0.05
8252 0.05
8252 0.05
8252 0.5
8252 0.5
8252 0.5
8252 0.5
8252 0.5
8252 0.5
8252 0.5
8252 0.5
8252 0.5
8253 0.1
8253 0.1
8253 0.1
8253 0.1
8253 0.1
8253 0.05
8253 0.05
8253 0.05
8253 0.05
8253 0.5
8253 0.5
8253 0.5
8253 0.5
8253 0.5
8254 0.1
8254 0.1
8254 0.1
8254 0.1
8254 0.1
8254 0.5
8254 0.5
8254 0.5
8254 0.5
8254 0.5
8254 0.5
8254 0.5
8254 0.5
8254 0.5
8255 0.1
8255 0.1
8255 0.1
8255 0.1
8255 0.1
8255 0.5
8255 0.5
8255 0.5
8255 0.5
8255 0.5
8255 0.5
8255 0.5
8255 0.5
8255 0.5
8256 0.05
8256 0.05
8256 0.05
8256 0.05
8256 0.05
8256 0.5
8256 0.5
8256 0.5
8256 0.5
8256 0.5
8256 0.5
8256 0.5
8256 0.5
8256 0.5
8257 0.1
8257 0.1
8257 0.1
8257 0.1
8257 0.1
8257 0.5
8257 0.5
8257 0.5
8257 0.5
8257 0.5
8257 0.5
8257 0.5
8257 0.5
8257 0.5
8258 0.1
8258 0.1
8258 0.1
8258 0.1
8258 0.1
8258 0.5
8258 0.5
8258 0.5
8258 0.5
8258 0.5
8258 0.5
8258 0.5
8258 0.5
8258 0.5
8260 0.1
8260 0.1
8260 0.1
8260 0.1
8260 0.1
8260 0.5
8260 0.5
8260 0.5
8260 0.5
8260 0.5
8260 0.5
8260 0.5
8260 0.5
8260 0.5
8261 0.1
8261 0.1
8261 0.1
8261 0.1
8261 0.1
8261 0.5
8261 0.5
8261 0.5
8261 0.5
8261 0.5
8261 0.5
8261 0.5
8261 0.5
8261 0.5
8262 0.1
8262 0.1
8262 0.1
8262 0.1
8262 0.1
8262 0.5
8262 0.5
8262 0.5
8262 0.5
8262 0.5
8262 0.5
8262 0.5
8262 0.5
8262 0.5
8264 0.1
8264 0.1
8264 0.1
8264 0.1
8264 0.1
8264 0.5
8264 0.5
8264 0.5
8264 0.5
8264 0.5
8264 0.5
8264 0.5
8264 0.5
8264 0.5
8267 0.1
8267 0.1
8267 0.1
8267 0.1
8267 0.1
8267 0.05
8267 0.05
8267 0.05
8267 0.05
8267 0.5
8267 0.5
8267 0.5
8267 0.5
8267 0.5
8268 0.05
8268 0.05
8268 0.05
8268 0.05
8268 0.05
8268 0.5
8268 0.5
8268 0.5
8268 0.5
8268 0.5
8268 0.5
8268 0.5
8268 0.5
8268 0.5
8269 0.05
8269 0.05
8269 0.05
8269 0.05
8269 0.05
8269 0.5
8269 0.5
8269 0.5
8269 0.5
8269 0.5
8269 0.5
8269 0.5
8269 0.5
8269 0.5
8271 0.05
8271 0.05
8271 0.05
8271 0.05
8271 0.05
8271 0.5
8271 0.5
8271 0.5
8271 0.5
8271 0.5
8271 0.5
8271 0.5
8271 0.5
8271 0.5
8273 0.1
8273 0.1
8273 0.1
8273 0.1
8273 0.1
8273 0.5
8273 0.5
8273 0.5
8273 0.5
8273 0.5
8273 0.5
8273 0.5
8273 0.5
8273 0.5
8274 0.1
8274 0.1
8274 0.1
8274 0.1
8274 0.1
8274 0.5
8274 0.5
8274 0.5
8274 0.5
8274 0.5
8274 0.5
8274 0.5
8274 0.5
8274 0.5
8277 0.1
8277 0.1
8277 0.1
8277 0.1
8277 0.1
8277 0.5
8277 0.5
8277 0.5
8277 0.5
8277 0.5
8277 0.5
8277 0.5
8277 0.5
8277 0.5
8278 0.1
8278 0.1
8278 0.1
8278 0.1
8278 0.1
8278 0.5
8278 0.5
8278 0.5
8278 0.5
8278 0.5
8278 0.5
8278 0.5
8278 0.5
8278 0.5
8282 0.1
8282 0.1
8282 0.1
8282 0.1
8282 0.1
8282 0.5
8282 0.5
8282 0.5
8282 0.5
8282 0.5
8282 0.5
8282 0.5
8282 0.5
8282 0.5
8286 0.1
8286 0.1
8286 0.1
8286 0.1
8286 0.1
8286 0.5
8286 0.5
8286 0.5
8286 0.5
8286 0.5
8286 0.5
8286 0.5
8286 0.5
8286 0.5
8287 0.1
8287 0.1
8287 0.1
8287 0.1
8287 0.1
8287 0.5
8287 0.5
8287 0.5
8287 0.5
8287 0.5
8287 0.5
8287 0.5
8287 0.5
8287 0.5
8288 0.1
8288 0.1
8288 0.1
8288 0.1
8288 0.1
8288 0.05
8288 0.05
8288 0.05
8288 0.05
8288 0.5
8288 0.5
8288 0.5
8288 0.5
8288 0.5
8289 0.1
8289 0.1
8289 0.1
8289 0.1
8289 0.1
8289 0.05
8289 0.05
8289 0.05
8289 0.05
8289 0.5
8289 0.5
8289 0.5
8289 0.5
8289 0.5
8292 0.1
8292 0.1
8292 0.1
8292 0.1
8292 0.1
8292 0.5
8292 0.5
8292 0.5
8292 0.5
8292 0.5
8292 0.5
8292 0.5
8292 0.5
8292 0.5
8293 0.1
8293 0.1
8293 0.1
8293 0.1
8293 0.1
8293 0.5
8293 0.5
8293 0.5
8293 0.5
8293 0.5
8293 0.5
8293 0.5
8293 0.5
8293 0.5
8296 0.1
8296 0.1
8296 0.1
8296 0.1
8296 0.1
8296 0.5
8296 0.5
8296 0.5
8296 0.5
8296 0.5
8296 0.5
8296 0.5
8296 0.5
8296 0.5
8297 0.1
8297 0.1
8297 0.1
8297 0.1
8297 0.1
8297 0.5
8297 0.5
8297 0.5
8297 0.5
8297 0.5
8297 0.5
8297 0.5
8297 0.5
8297 0.5
8298 0.1
8298 0.1
8298 0.1
8298 0.1
8298 0.1
8298 0.5
8298 0.5
8298 0.5
8298 0.5
8298 0.5
8298 0.5
8298 0.5
8298 0.5
8298 0.5
8300 0.1
8300 0.1
8300 0.1
8300 0.1
8300 0.1
8300 0.5
8300 0.5
8300 0.5
8300 0.5
8300 0.5
8300 0.5
8300 0.5
8300 0.5
8300 0.5
8539 0.5
8539 0.5
8539 0.5
8539 0.5
8539 0.5
8539 0.5
8539 0.5
8539 0.5
8539 0.5
8539 0.5
8539 0.5
8539 0.5
8539 0.5
8539 0.5
8546 0.5
8546 0.5
8546 0.5
8546 0.5
8546 0.5
8546 0.5
8546 0.5
8546 0.5
8546 0.5
8546 0.5
8546 0.5
8546 0.5
8546 0.5
8546 0.5
8551 0.1
8551 0.1
8551 0.1
8551 0.1
8551 0.1
8551 0.5
8551 0.5
8551 0.5
8551 0.5
8551 0.5
8551 0.5
8551 0.5
8551 0.5
8551 0.5
8553 0.5
8553 0.5
8553 0.5
8553 0.5
8553 0.5
8553 0.5
8553 0.5
8553 0.5
8553 0.5
8553 0.5
8553 0.5
8553 0.5
8553 0.5
8553 0.5
8554 0.1
8554 0.1
8554 0.1
8554 0.1
8554 0.1
8554 0.5
8554 0.5
8554 0.5
8554 0.5
8554 0.5
8554 0.5
8554 0.5
8554 0.5
8554 0.5
8555 0.5
8555 0.5
8555 0.5
8555 0.5
8555 0.5
8555 0.5
8555 0.5
8555 0.5
8555 0.5
8555 0.5
8555 0.5
8555 0.5
8555 0.5
8555 0.5
8557 0.5
8557 0.5
8557 0.5
8557 0.5
8557 0.5
8557 0.5
8557 0.5
8557 0.5
8557 0.5
8557 0.5
8557 0.5
8557 0.5
8557 0.5
8557 0.5
8559 0.5
8559 0.5
8559 0.5
8559 0.5
8559 0.5
8559 0.5
8559 0.5
8559 0.5
8559 0.5
8559 0.5
8559 0.5
8559 0.5
8559 0.5
8559 0.5
8564 0.5
8564 0.5
8564 0.5
8564 0.5
8564 0.5
8564 0.5
8564 0.5
8564 0.5
8564 0.5
8564 0.5
8564 0.5
8564 0.5
8564 0.5
8564 0.5
8567 0.1
8567 0.1
8567 0.1
8567 0.1
8567 0.1
8567 0.5
8567 0.5
8567 0.5
8567 0.5
8567 0.5
8567 0.5
8567 0.5
8567 0.5
8567 0.5
8569 0.1
8569 0.1
8569 0.1
8569 0.1
8569 0.1
8569 0.5
8569 0.5
8569 0.5
8569 0.5
8569 0.5
8569 0.5
8569 0.5
8569 0.5
8569 0.5
8575 0.5
8575 0.5
8575 0.5
8575 0.5
8575 0.5
8575 0.5
8575 0.5
8575 0.5
8575 0.5
8575 0.5
8575 0.5
8575 0.5
8575 0.5
8575 0.5
8577 0.1
8577 0.1
8577 0.1
8577 0.1
8577 0.1
8577 0.5
8577 0.5
8577 0.5
8577 0.5
8577 0.5
8577 0.5
8577 0.5
8577 0.5
8577 0.5
8586 0.1
8586 0.1
8586 0.1
8586 0.1
8586 0.1
8586 0.5
8586 0.5
8586 0.5
8586 0.5
8586 0.5
8586 0.5
8586 0.5
8586 0.5
8586 0.5
8591 0.1
8591 0.1
8591 0.1
8591 0.1
8591 0.1
8591 0.5
8591 0.5
8591 0.5
8591 0.5
8591 0.5
8591 0.5
8591 0.5
8591 0.5
8591 0.5
8592 0.1
8592 0.1
8592 0.1
8592 0.1
8592 0.1
8592 0.5
8592 0.5
8592 0.5
8592 0.5
8592 0.5
8592 0.5
8592 0.5
8592 0.5
8592 0.5
8594 0.1
8594 0.1
8594 0.1
8594 0.1
8594 0.1
8594 0.5
8594 0.5
8594 0.5
8594 0.5
8594 0.5
8594 0.5
8594 0.5
8594 0.5
8594 0.5
8597 0.1
8597 0.1
8597 0.1
8597 0.1
8597 0.1
8597 0.05
8597 0.05
8597 0.05
8597 0.05
8597 0.5
8597 0.5
8597 0.5
8597 0.5
8597 0.5
8601 0.05
8601 0.05
8601 0.05
8601 0.05
8601 0.05
8601 0.5
8601 0.5
8601 0.5
8601 0.5
8601 0.5
8601 0.5
8601 0.5
8601 0.5
8601 0.5
8602 0.1
8602 0.1
8602 0.1
8602 0.1
8602 0.1
8602 0.5
8602 0.5
8602 0.5
8602 0.5
8602 0.5
8602 0.5
8602 0.5
8602 0.5
8602 0.5
8604 0.1
8604 0.1
8604 0.1
8604 0.1
8604 0.1
8604 0.5
8604 0.5
8604 0.5
8604 0.5
8604 0.5
8604 0.5
8604 0.5
8604 0.5
8604 0.5
8605 0.1
8605 0.1
8605 0.1
8605 0.1
8605 0.1
8605 0.5
8605 0.5
8605 0.5
8605 0.5
8605 0.5
8605 0.5
8605 0.5
8605 0.5
8605 0.5
8610 0.1
8610 0.1
8610 0.1
8610 0.1
8610 0.1
8610 0.5
8610 0.5
8610 0.5
8610 0.5
8610 0.5
8610 0.5
8610 0.5
8610 0.5
8610 0.5
8617 0.1
8617 0.1
8617 0.1
8617 0.1
8617 0.1
8617 0.5
8617 0.5
8617 0.5
8617 0.5
8617 0.5
8617 0.5
8617 0.5
8617 0.5
8617 0.5
8618 0.1
8618 0.1
8618 0.1
8618 0.1
8618 0.1
8618 0.5
8618 0.5
8618 0.5
8618 0.5
8618 0.5
8618 0.5
8618 0.5
8618 0.5
8618 0.5
8619 0.1
8619 0.1
8619 0.1
8619 0.1
8619 0.1
8619 0.5
8619 0.5
8619 0.5
8619 0.5
8619 0.5
8619 0.5
8619 0.5
8619 0.5
8619 0.5
8620 0.05
8620 0.05
8620 0.05
8620 0.05
8620 0.05
8620 0.5
8620 0.5
8620 0.5
8620 0.5
8620 0.5
8620 0.5
8620 0.5
8620 0.5
8620 0.5
8624 0.1
8624 0.1
8624 0.1
8624 0.1
8624 0.1
8624 0.5
8624 0.5
8624 0.5
8624 0.5
8624 0.5
8624 0.5
8624 0.5
8624 0.5
8624 0.5
8625 0.05
8625 0.05
8625 0.05
8625 0.05
8625 0.05
8625 0.5
8625 0.5
8625 0.5
8625 0.5
8625 0.5
8625 0.5
8625 0.5
8625 0.5
8625 0.5
8630 0.05
8630 0.05
8630 0.05
8630 0.05
8630 0.05
8630 0.5
8630 0.5
8630 0.5
8630 0.5
8630 0.5
8630 0.5
8630 0.5
8630 0.5
8630 0.5
8633 0.1
8633 0.1
8633 0.1
8633 0.1
8633 0.1
8633 0.5
8633 0.5
8633 0.5
8633 0.5
8633 0.5
8633 0.5
8633 0.5
8633 0.5
8633 0.5
8638 0.1
8638 0.1
8638 0.1
8638 0.1
8638 0.1
8638 0.5
8638 0.5
8638 0.5
8638 0.5
8638 0.5
8638 0.5
8638 0.5
8638 0.5
8638 0.5
8639 0.1
8639 0.1
8639 0.1
8639 0.1
8639 0.1
8639 0.5
8639 0.5
8639 0.5
8639 0.5
8639 0.5
8639 0.5
8639 0.5
8639 0.5
8639 0.5
8644 0.1
8644 0.1
8644 0.1
8644 0.1
8644 0.1
8644 0.5
8644 0.5
8644 0.5
8644 0.5
8644 0.5
8644 0.5
8644 0.5
8644 0.5
8644 0.5
8645 0.1
8645 0.1
8645 0.1
8645 0.1
8645 0.1
8645 0.5
8645 0.5
8645 0.5
8645 0.5
8645 0.5
8645 0.5
8645 0.5
8645 0.5
8645 0.5
8646 0.1
8646 0.1
8646 0.1
8646 0.1
8646 0.1
8646 0.5
8646 0.5
8646 0.5
8646 0.5
8646 0.5
8646 0.5
8646 0.5
8646 0.5
8646 0.5
8673 0.5
8673 0.5
8673 0.5
8673 0.5
8673 0.5
8673 0.5
8673 0.5
8673 0.5
8673 0.5
8673 0.5
8673 0.5
8673 0.5
8673 0.5
8673 0.5
8675 0.5
8675 0.5
8675 0.5
8675 0.5
8675 0.5
8675 0.5
8675 0.5
8675 0.5
8675 0.5
8675 0.5
8675 0.5
8675 0.5
8675 0.5
8675 0.5
8697 0.5
8697 0.5
8697 0.5
8697 0.5
8697 0.5
8697 0.5
8697 0.5
8697 0.5
8697 0.5
8697 0.5
8697 0.5
8697 0.5
8697 0.5
8697 0.5
8698 0.5
8698 0.5
8698 0.5
8698 0.5
8698 0.5
8698 0.05
8698 0.05
8698 0.05
8698 0.05
8698 0.5
8698 0.5
8698 0.5
8698 0.5
8698 0.5
8700 0.5
8700 0.5
8700 0.5
8700 0.5
8700 0.5
8700 0.5
8700 0.5
8700 0.5
8700 0.5
8700 0.5
8700 0.5
8700 0.5
8700 0.5
8700 0.5
8707 0.1
8707 0.1
8707 0.1
8707 0.1
8707 0.1
8707 0.5
8707 0.5
8707 0.5
8707 0.5
8707 0.5
8707 0.5
8707 0.5
8707 0.5
8707 0.5
8708 0.5
8708 0.5
8708 0.5
8708 0.5
8708 0.5
8708 0.5
8708 0.5
8708 0.5
8708 0.5
8708 0.5
8708 0.5
8708 0.5
8708 0.5
8708 0.5
8712 0.5
8712 0.5
8712 0.5
8712 0.5
8712 0.5
8712 0.5
8712 0.5
8712 0.5
8712 0.5
8712 0.5
8712 0.5
8712 0.5
8712 0.5
8712 0.5
8718 0.5
8718 0.5
8718 0.5
8718 0.5
8718 0.5
8718 0.5
8718 0.5
8718 0.5
8718 0.5
8718 0.5
8718 0.5
8718 0.5
8718 0.5
8718 0.5
8726 0.5
8726 0.5
8726 0.5
8726 0.5
8726 0.5
8726 0.5
8726 0.5
8726 0.5
8726 0.5
8726 0.5
8726 0.5
8726 0.5
8726 0.5
8726 0.5
8736 0.5
8736 0.5
8736 0.5
8736 0.5
8736 0.5
8736 0.5
8736 0.5
8736 0.5
8736 0.5
8736 0.5
8736 0.5
8736 0.5
8736 0.5
8736 0.5
8751 0.5
8751 0.5
8751 0.5
8751 0.5
8751 0.5
8751 0.5
8751 0.5
8751 0.5
8751 0.5
8751 0.5
8751 0.5
8751 0.5
8751 0.5
8751 0.5
8762 0.5
8762 0.5
8762 0.5
8762 0.5
8762 0.5
8762 0.5
8762 0.5
8762 0.5
8762 0.5
8762 0.5
8762 0.5
8762 0.5
8762 0.5
8762 0.5
8777 0.5
8777 0.5
8777 0.5
8777 0.5
8777 0.5
8777 0.5
8777 0.5
8777 0.5
8777 0.5
8777 0.5
8777 0.5
8777 0.5
8777 0.5
8777 0.5
8778 0.05
8778 0.05
8778 0.05
8778 0.05
8778 0.05
8778 0.5
8778 0.5
8778 0.5
8778 0.5
8778 0.5
8778 0.5
8778 0.5
8778 0.5
8778 0.5
8779 0.1
8779 0.1
8779 0.1
8779 0.1
8779 0.1
8779 0.5
8779 0.5
8779 0.5
8779 0.5
8779 0.5
8779 0.5
8779 0.5
8779 0.5
8779 0.5
8787 0.5
8787 0.5
8787 0.5
8787 0.5
8787 0.5
8787 0.5
8787 0.5
8787 0.5
8787 0.5
8787 0.5
8787 0.5
8787 0.5
8787 0.5
8787 0.5
8788 0.5
8788 0.5
8788 0.5
8788 0.5
8788 0.5
8788 0.5
8788 0.5
8788 0.5
8788 0.5
8788 0.5
8788 0.5
8788 0.5
8788 0.5
8788 0.5
8789 0.1
8789 0.1
8789 0.1
8789 0.1
8789 0.1
8789 0.5
8789 0.5
8789 0.5
8789 0.5
8789 0.5
8789 0.5
8789 0.5
8789 0.5
8789 0.5
8790 0.1
8790 0.1
8790 0.1
8790 0.1
8790 0.1
8790 0.5
8790 0.5
8790 0.5
8790 0.5
8790 0.5
8790 0.5
8790 0.5
8790 0.5
8790 0.5
8841 0.5
8841 0.5
8841 0.5
8841 0.5
8841 0.5
8841 0.5
8841 0.5
8841 0.5
8841 0.5
8841 0.5
8841 0.5
8841 0.5
8841 0.5
8841 0.5
8848 0.1
8848 0.1
8848 0.1
8848 0.1
8848 0.1
8848 0.5
8848 0.5
8848 0.5
8848 0.5
8848 0.5
8848 0.5
8848 0.5
8848 0.5
8848 0.5
8849 0.1
8849 0.1
8849 0.1
8849 0.1
8849 0.1
8849 0.5
8849 0.5
8849 0.5
8849 0.5
8849 0.5
8849 0.5
8849 0.5
8849 0.5
8849 0.5
8851 0.1
8851 0.1
8851 0.1
8851 0.1
8851 0.1
8851 0.5
8851 0.5
8851 0.5
8851 0.5
8851 0.5
8851 0.5
8851 0.5
8851 0.5
8851 0.5
8852 0.1
8852 0.1
8852 0.1
8852 0.1
8852 0.1
8852 0.05
8852 0.05
8852 0.05
8852 0.05
8852 0.5
8852 0.5
8852 0.5
8852 0.5
8852 0.5
8855 0.1
8855 0.1
8855 0.1
8855 0.1
8855 0.1
8855 0.5
8855 0.5
8855 0.5
8855 0.5
8855 0.5
8855 0.5
8855 0.5
8855 0.5
8855 0.5
8856 0.1
8856 0.1
8856 0.1
8856 0.1
8856 0.1
8856 0.05
8856 0.05
8856 0.05
8856 0.05
8856 0.5
8856 0.5
8856 0.5
8856 0.5
8856 0.5
8857 0.1
8857 0.1
8857 0.1
8857 0.1
8857 0.1
8857 0.5
8857 0.5
8857 0.5
8857 0.5
8857 0.5
8857 0.5
8857 0.5
8857 0.5
8857 0.5
8858 0.1
8858 0.1
8858 0.1
8858 0.1
8858 0.1
8858 0.05
8858 0.05
8858 0.05
8858 0.05
8858 0.5
8858 0.5
8858 0.5
8858 0.5
8858 0.5
8859 0.1
8859 0.1
8859 0.1
8859 0.1
8859 0.1
8859 0.05
8859 0.05
8859 0.05
8859 0.05
8859 0.5
8859 0.5
8859 0.5
8859 0.5
8859 0.5
8860 0.5
8860 0.5
8860 0.5
8860 0.5
8860 0.5
8860 0.5
8860 0.5
8860 0.5
8860 0.5
8860 0.5
8860 0.5
8860 0.5
8860 0.5
8860 0.5
8861 0.1
8861 0.1
8861 0.1
8861 0.1
8861 0.1
8861 0.5
8861 0.5
8861 0.5
8861 0.5
8861 0.5
8861 0.5
8861 0.5
8861 0.5
8861 0.5
8862 0.1
8862 0.1
8862 0.1
8862 0.1
8862 0.1
8862 0.5
8862 0.5
8862 0.5
8862 0.5
8862 0.5
8862 0.5
8862 0.5
8862 0.5
8862 0.5
8863 0.1
8863 0.1
8863 0.1
8863 0.1
8863 0.1
8863 0.5
8863 0.5
8863 0.5
8863 0.5
8863 0.5
8863 0.5
8863 0.5
8863 0.5
8863 0.5
8864 0.1
8864 0.1
8864 0.1
8864 0.1
8864 0.1
8864 0.05
8864 0.05
8864 0.05
8864 0.05
8864 0.5
8864 0.5
8864 0.5
8864 0.5
8864 0.5
8865 0.1
8865 0.1
8865 0.1
8865 0.1
8865 0.1
8865 0.5
8865 0.5
8865 0.5
8865 0.5
8865 0.5
8865 0.5
8865 0.5
8865 0.5
8865 0.5
8866 0.1
8866 0.1
8866 0.1
8866 0.1
8866 0.1
8866 0.5
8866 0.5
8866 0.5
8866 0.5
8866 0.5
8866 0.5
8866 0.5
8866 0.5
8866 0.5
8867 0.1
8867 0.1
8867 0.1
8867 0.1
8867 0.1
8867 0.5
8867 0.5
8867 0.5
8867 0.5
8867 0.5
8867 0.5
8867 0.5
8867 0.5
8867 0.5
8868 0.1
8868 0.1
8868 0.1
8868 0.1
8868 0.1
8868 0.5
8868 0.5
8868 0.5
8868 0.5
8868 0.5
8868 0.5
8868 0.5
8868 0.5
8868 0.5
8869 0.1
8869 0.1
8869 0.1
8869 0.1
8869 0.1
8869 0.5
8869 0.5
8869 0.5
8869 0.5
8869 0.5
8869 0.5
8869 0.5
8869 0.5
8869 0.5
8870 0.1
8870 0.1
8870 0.1
8870 0.1
8870 0.1
8870 0.5
8870 0.5
8870 0.5
8870 0.5
8870 0.5
8870 0.5
8870 0.5
8870 0.5
8870 0.5
8871 0.1
8871 0.1
8871 0.1
8871 0.1
8871 0.1
8871 0.05
8871 0.05
8871 0.05
8871 0.05
8871 0.5
8871 0.5
8871 0.5
8871 0.5
8871 0.5
8873 0.1
8873 0.1
8873 0.1
8873 0.1
8873 0.1
8873 0.5
8873 0.5
8873 0.5
8873 0.5
8873 0.5
8873 0.5
8873 0.5
8873 0.5
8873 0.5
8874 0.1
8874 0.1
8874 0.1
8874 0.1
8874 0.1
8874 0.5
8874 0.5
8874 0.5
8874 0.5
8874 0.5
8874 0.5
8874 0.5
8874 0.5
8874 0.5
8875 0.1
8875 0.1
8875 0.1
8875 0.1
8875 0.1
8875 0.5
8875 0.5
8875 0.5
8875 0.5
8875 0.5
8875 0.5
8875 0.5
8875 0.5
8875 0.5
8876 0.1
8876 0.1
8876 0.1
8876 0.1
8876 0.1
8876 0.5
8876 0.5
8876 0.5
8876 0.5
8876 0.5
8876 0.5
8876 0.5
8876 0.5
8876 0.5
8877 0.1
8877 0.1
8877 0.1
8877 0.1
8877 0.1
8877 0.5
8877 0.5
8877 0.5
8877 0.5
8877 0.5
8877 0.5
8877 0.5
8877 0.5
8877 0.5
8879 0.1
8879 0.1
8879 0.1
8879 0.1
8879 0.1
8879 0.5
8879 0.5
8879 0.5
8879 0.5
8879 0.5
8879 0.5
8879 0.5
8879 0.5
8879 0.5
8881 0.1
8881 0.1
8881 0.1
8881 0.1
8881 0.1
8881 0.5
8881 0.5
8881 0.5
8881 0.5
8881 0.5
8881 0.5
8881 0.5
8881 0.5
8881 0.5
8882 0.1
8882 0.1
8882 0.1
8882 0.1
8882 0.1
8882 0.5
8882 0.5
8882 0.5
8882 0.5
8882 0.5
8882 0.5
8882 0.5
8882 0.5
8882 0.5
8883 0.05
8883 0.05
8883 0.05
8883 0.05
8883 0.05
8883 0.5
8883 0.5
8883 0.5
8883 0.5
8883 0.5
8883 0.5
8883 0.5
8883 0.5
8883 0.5
8885 0.05
8885 0.05
8885 0.05
8885 0.05
8885 0.05
8885 0.5
8885 0.5
8885 0.5
8885 0.5
8885 0.5
8885 0.5
8885 0.5
8885 0.5
8885 0.5
8886 0.05
8886 0.05
8886 0.05
8886 0.05
8886 0.05
8886 0.5
8886 0.5
8886 0.5
8886 0.5
8886 0.5
8886 0.5
8886 0.5
8886 0.5
8886 0.5
8887 0.1
8887 0.1
8887 0.1
8887 0.1
8887 0.1
8887 0.5
8887 0.5
8887 0.5
8887 0.5
8887 0.5
8887 0.5
8887 0.5
8887 0.5
8887 0.5
8888 0.05
8888 0.05
8888 0.05
8888 0.05
8888 0.05
8888 0.5
8888 0.5
8888 0.5
8888 0.5
8888 0.5
8888 0.5
8888 0.5
8888 0.5
8888 0.5
8889 0.05
8889 0.05
8889 0.05
8889 0.05
8889 0.05
8889 0.5
8889 0.5
8889 0.5
8889 0.5
8889 0.5
8889 0.5
8889 0.5
8889 0.5
8889 0.5
8890 0.05
8890 0.05
8890 0.05
8890 0.05
8890 0.05
8890 0.5
8890 0.5
8890 0.5
8890 0.5
8890 0.5
8890 0.5
8890 0.5
8890 0.5
8890 0.5
8891 0.1
8891 0.1
8891 0.1
8891 0.1
8891 0.1
8891 0.5
8891 0.5
8891 0.5
8891 0.5
8891 0.5
8891 0.5
8891 0.5
8891 0.5
8891 0.5
8892 0.05
8892 0.05
8892 0.05
8892 0.05
8892 0.05
8892 0.5
8892 0.5
8892 0.5
8892 0.5
8892 0.5
8892 0.5
8892 0.5
8892 0.5
8892 0.5
8893 0.05
8893 0.05
8893 0.05
8893 0.05
8893 0.05
8893 0.5
8893 0.5
8893 0.5
8893 0.5
8893 0.5
8893 0.5
8893 0.5
8893 0.5
8893 0.5
8924 0.05
8924 0.05
8924 0.05
8924 0.05
8924 0.05
8924 0.5
8924 0.5
8924 0.5
8924 0.5
8924 0.5
8924 0.5
8924 0.5
8924 0.5
8924 0.5
8927 0.05
8927 0.05
8927 0.05
8927 0.05
8927 0.05
8927 0.5
8927 0.5
8927 0.5
8927 0.5
8927 0.5
8927 0.5
8927 0.5
8927 0.5
8927 0.5
8929 0.05
8929 0.05
8929 0.05
8929 0.05
8929 0.05
8929 0.5
8929 0.5
8929 0.5
8929 0.5
8929 0.5
8929 0.5
8929 0.5
8929 0.5
8929 0.5
8930 0.05
8930 0.05
8930 0.05
8930 0.05
8930 0.05
8930 0.5
8930 0.5
8930 0.5
8930 0.5
8930 0.5
8930 0.5
8930 0.5
8930 0.5
8930 0.5
8931 0.1
8931 0.1
8931 0.1
8931 0.1
8931 0.1
8931 0.5
8931 0.5
8931 0.5
8931 0.5
8931 0.5
8931 0.5
8931 0.5
8931 0.5
8931 0.5
8932 0.1
8932 0.1
8932 0.1
8932 0.1
8932 0.1
8932 0.5
8932 0.5
8932 0.5
8932 0.5
8932 0.5
8932 0.5
8932 0.5
8932 0.5
8932 0.5
8933 0.1
8933 0.1
8933 0.1
8933 0.1
8933 0.1
8933 0.5
8933 0.5
8933 0.5
8933 0.5
8933 0.5
8933 0.5
8933 0.5
8933 0.5
8933 0.5
8940 0.05
8940 0.05
8940 0.05
8940 0.05
8940 0.05
8940 0.05
8940 0.05
8940 0.05
8940 0.05
8940 0.5
8940 0.5
8940 0.5
8940 0.5
8940 0.5
8945 0.1
8945 0.1
8945 0.1
8945 0.1
8945 0.1
8945 0.05
8945 0.05
8945 0.05
8945 0.05
8945 0.5
8945 0.5
8945 0.5
8945 0.5
8945 0.5
8946 0.5
8946 0.5
8946 0.5
8946 0.5
8946 0.5
8946 0.5
8946 0.5
8946 0.5
8946 0.5
8946 0.5
8946 0.5
8946 0.5
8946 0.5
8946 0.5
8947 0.5
8947 0.5
8947 0.5
8947 0.5
8947 0.5
8947 0.5
8947 0.5
8947 0.5
8947 0.5
8947 0.5
8947 0.5
8947 0.5
8947 0.5
8947 0.5
8948 0.1
8948 0.1
8948 0.1
8948 0.1
8948 0.1
8948 0.05
8948 0.05
8948 0.05
8948 0.05
8948 0.5
8948 0.5
8948 0.5
8948 0.5
8948 0.5
8949 0.1
8949 0.1
8949 0.1
8949 0.1
8949 0.1
8949 0.05
8949 0.05
8949 0.05
8949 0.05
8949 0.5
8949 0.5
8949 0.5
8949 0.5
8949 0.5
8952 0.05
8952 0.05
8952 0.05
8952 0.05
8952 0.05
8952 0.5
8952 0.5
8952 0.5
8952 0.5
8952 0.5
8952 0.5
8952 0.5
8952 0.5
8952 0.5
8954 0.1
8954 0.1
8954 0.1
8954 0.1
8954 0.1
8954 0.5
8954 0.5
8954 0.5
8954 0.5
8954 0.5
8954 0.5
8954 0.5
8954 0.5
8954 0.5
8957 0.05
8957 0.05
8957 0.05
8957 0.05
8957 0.05
8957 0.5
8957 0.5
8957 0.5
8957 0.5
8957 0.5
8957 0.5
8957 0.5
8957 0.5
8957 0.5
8958 0.1
8958 0.1
8958 0.1
8958 0.1
8958 0.1
8958 0.5
8958 0.5
8958 0.5
8958 0.5
8958 0.5
8958 0.5
8958 0.5
8958 0.5
8958 0.5
8960 0.1
8960 0.1
8960 0.1
8960 0.1
8960 0.1
8960 0.5
8960 0.5
8960 0.5
8960 0.5
8960 0.5
8960 0.5
8960 0.5
8960 0.5
8960 0.5
8961 0.5
8961 0.5
8961 0.5
8961 0.5
8961 0.5
8961 0.5
8961 0.5
8961 0.5
8961 0.5
8961 0.5
8961 0.5
8961 0.5
8961 0.5
8961 0.5
8962 0.5
8962 0.5
8962 0.5
8962 0.5
8962 0.5
8962 0.5
8962 0.5
8962 0.5
8962 0.5
8962 0.5
8962 0.5
8962 0.5
8962 0.5
8962 0.5
8963 0.5
8963 0.5
8963 0.5
8963 0.5
8963 0.5
8963 0.05
8963 0.05
8963 0.05
8963 0.05
8963 0.5
8963 0.5
8963 0.5
8963 0.5
8963 0.5
8964 0.5
8964 0.5
8964 0.5
8964 0.5
8964 0.5
8964 0.5
8964 0.5
8964 0.5
8964 0.5
8964 0.5
8964 0.5
8964 0.5
8964 0.5
8964 0.5
9151 0.5
9151 0.5
9151 0.5
9151 0.5
9151 0.5
9151 0.05
9151 0.05
9151 0.05
9151 0.05
9151 0.5
9151 0.5
9151 0.5
9151 0.5
9151 0.5
