pt_graph shape
4804 1
4804 1
4804 1
4804 1
4804 1
4804 1
4804 1
4804 1
4804 1
4804 1
4804 1
4804 1
4804 1
4804 1
4804 1
4804 1
4804 1
4804 1
4804 1
4804 1
4804 1
4841 1
4841 1
4841 1
4841 1
4841 1
4841 1
4841 1
4841 1
4841 1
4841 1
4841 1
4841 1
4841 1
4841 1
4841 1
4841 1
4841 1
4841 1
4841 1
4841 1
4841 1
4884 1
4884 1
4884 1
4884 1
4884 1
4884 1
4884 1
4884 1
4884 1
4884 1
4884 1
4884 1
4884 1
4884 1
4884 1
4884 1
4884 1
4884 1
4884 1
4884 1
4884 1
4928 1
4928 1
4928 1
4928 1
4928 1
4928 1
4928 1
4928 1
4928 1
4928 1
4928 1
4928 1
4928 1
4928 1
4928 1
4928 1
4928 1
4928 1
4928 1
4928 1
4928 1
4973 1
4973 1
4973 1
4973 1
4973 1
4973 1
4973 1
4973 1
4973 1
4973 1
4973 1
4973 1
4973 1
4973 1
4973 1
4973 1
4973 1
4973 1
4973 1
4973 1
4973 1
2438 1
2438 1
2438 1
2438 1
2438 1
2438 1
2438 1
2438 1
2438 1
2438 1
2438 1
2438 1
2438 1
2438 1
2438 1
2438 1
2438 1
2438 1
2438 1
2438 1
2438 1
4805 1
4805 1
4805 1
4805 1
4805 1
4805 1
4805 1
4805 1
4805 1
4805 1
4805 1
4805 1
4805 1
4805 1
4805 1
4805 1
4805 1
4805 1
4805 1
4805 1
4805 1
4842 1
4842 1
4842 1
4842 1
4842 1
4842 1
4842 1
4842 1
4842 1
4842 1
4842 1
4842 1
4842 1
4842 1
4842 1
4842 1
4842 1
4842 1
4842 1
4842 1
4842 1
4885 1
4885 1
4885 1
4885 1
4885 1
4885 1
4885 1
4885 1
4885 1
4885 1
4885 1
4885 1
4885 1
4885 1
4885 1
4885 1
4885 1
4885 1
4885 1
4885 1
4885 1
4974 1
4974 1
4974 1
4974 1
4974 1
4974 1
4974 1
4974 1
4974 1
4974 1
4974 1
4974 1
4974 1
4974 1
4974 1
4974 1
4974 1
4974 1
4974 1
4974 1
4974 1
2258 1
2258 1
2258 1
2258 1
2258 1
2258 1
2258 1
2258 1
2258 1
2258 1
2258 1
2258 1
2258 1
2258 1
2258 1
2258 1
2258 1
2258 1
2258 1
2258 1
2258 1
2349 1
2349 1
2349 1
2349 1
2349 1
2349 1
2349 1
2349 1
2349 1
2349 1
2349 1
2349 1
2349 1
2349 1
2349 1
2349 1
2349 1
2349 1
2349 1
2349 1
2349 1
4769 1
4769 1
4769 1
4769 1
4769 1
4769 1
4769 1
4769 1
4769 1
4769 1
4769 1
4769 1
4769 1
4769 1
4769 1
4769 1
4769 1
4769 1
4769 1
4769 1
4769 1
4806 1
4806 1
4806 1
4806 1
4806 1
4806 1
4806 1
4806 1
4806 1
4806 1
4806 1
4806 1
4806 1
4806 1
4806 1
4806 1
4806 1
4806 1
4806 1
4806 1
4806 1
4843 1
4843 1
4843 1
4843 1
4843 1
4843 1
4843 1
4843 1
4843 1
4843 1
4843 1
4843 1
4843 1
4843 1
4843 1
4843 1
4843 1
4843 1
4843 1
4843 1
4843 1
4886 1
4886 1
4886 1
4886 1
4886 1
4886 1
4886 1
4886 1
4886 1
4886 1
4886 1
4886 1
4886 1
4886 1
4886 1
4886 1
4886 1
4886 1
4886 1
4886 1
4886 1
4930 1
4930 1
4930 1
4930 1
4930 1
4930 1
4930 1
4930 1
4930 1
4930 1
4930 1
4930 1
4930 1
4930 1
4930 1
4930 1
4930 1
4930 1
4930 1
4930 1
4930 1
4975 1
4975 1
4975 1
4975 1
4975 1
4975 1
4975 1
4975 1
4975 1
4975 1
4975 1
4975 1
4975 1
4975 1
4975 1
4975 1
4975 1
4975 1
4975 1
4975 1
4975 1
2522 1
2522 1
2522 1
2522 1
2522 1
2522 1
2522 1
2522 1
2522 1
2522 1
2522 1
2522 1
2522 1
2522 1
2522 1
2522 1
2522 1
2522 1
2522 1
2522 1
2522 1
2672 1
2672 1
2672 1
2672 1
2672 1
2672 1
2672 1
2672 1
2672 1
2672 1
2672 1
2672 1
2672 1
2672 1
2672 1
2672 1
2672 1
2672 1
2672 1
2672 1
2672 1
2742 1
2742 1
2742 1
2742 1
2742 1
2742 1
2742 1
2742 1
2742 1
2742 1
2742 1
2742 1
2742 1
2742 1
2742 1
2742 1
2742 1
2742 1
2742 1
2742 1
2742 1
2816 1
2816 1
2816 1
2816 1
2816 1
2816 1
2816 1
2816 1
2816 1
2816 1
2816 1
2816 1
2816 1
2816 1
2816 1
2816 1
2816 1
2816 1
2816 1
2816 1
2816 1
4648 1
4648 1
4648 1
4648 1
4648 1
4648 1
4648 1
4648 1
4648 1
4648 1
4648 1
4648 1
4648 1
4648 1
4648 1
4648 1
4648 1
4648 1
4648 1
4648 1
4648 1
4976 1
4976 1
4976 1
4976 1
4976 1
4976 1
4976 1
4976 1
4976 1
4976 1
4976 1
4976 1
4976 1
4976 1
4976 1
4976 1
4976 1
4976 1
4976 1
4976 1
4976 1
2673 1
2673 1
2673 1
2673 1
2673 1
2673 1
2673 1
2673 1
2673 1
2673 1
2673 1
2673 1
2673 1
2673 1
2673 1
2673 1
2673 1
2673 1
2673 1
2673 1
2673 1
2947 1
2947 1
2947 1
2947 1
2947 1
2947 1
2947 1
2947 1
2947 1
2947 1
2947 1
2947 1
2947 1
2947 1
2947 1
2947 1
2947 1
2947 1
2947 1
2947 1
2947 1
3006 1
3006 1
3006 1
3006 1
3006 1
3006 1
3006 1
3006 1
3006 1
3006 1
3006 1
3006 1
3006 1
3006 1
3006 1
3006 1
3006 1
3006 1
3006 1
3006 1
3006 1
3065 1
3065 1
3065 1
3065 1
3065 1
3065 1
3065 1
3065 1
3065 1
3065 1
3065 1
3065 1
3065 1
3065 1
3065 1
3065 1
3065 1
3065 1
3065 1
3065 1
3065 1
3175 1
3175 1
3175 1
3175 1
3175 1
3175 1
3175 1
3175 1
3175 1
3175 1
3175 1
3175 1
3175 1
3175 1
3175 1
3175 1
3175 1
3175 1
3175 1
3175 1
3175 1
4649 1
4649 1
4649 1
4649 1
4649 1
4649 1
4649 1
4649 1
4649 1
4649 1
4649 1
4649 1
4649 1
4649 1
4649 1
4649 1
4649 1
4649 1
4649 1
4649 1
4649 1
4845 1
4845 1
4845 1
4845 1
4845 1
4845 1
4845 1
4845 1
4845 1
4845 1
4845 1
4845 1
4845 1
4845 1
4845 1
4845 1
4845 1
4845 1
4845 1
4845 1
4845 1
5023 1
5023 1
5023 1
5023 1
5023 1
5023 1
5023 1
5023 1
5023 1
5023 1
5023 1
5023 1
5023 1
5023 1
5023 1
5023 1
5023 1
5023 1
5023 1
5023 1
5023 1
5613 1
5613 1
5613 1
5613 1
5613 1
5613 1
5613 1
5613 1
5613 1
5613 1
5613 1
5613 1
5613 1
5613 1
5613 1
5613 1
5613 1
5613 1
5613 1
5613 1
5613 1
3590 1
3590 1
3590 1
3590 1
3590 1
3590 1
3590 1
3590 1
3590 1
3590 1
3590 1
3590 1
3590 1
3590 1
3590 1
3590 1
3590 1
3590 1
3590 1
3590 1
3590 1
5495 1
5495 1
5495 1
5495 1
5495 1
5495 1
5495 1
5495 1
5495 1
5495 1
5495 1
5495 1
5495 1
5495 1
5495 1
5495 1
5495 1
5495 1
5495 1
5495 1
5495 1
5534 1
5534 1
5534 1
5534 1
5534 1
5534 1
5534 1
5534 1
5534 1
5534 1
5534 1
5534 1
5534 1
5534 1
5534 1
5534 1
5534 1
5534 1
5534 1
5534 1
5534 1
5614 1
5614 1
5614 1
5614 1
5614 1
5614 1
5614 1
5614 1
5614 1
5614 1
5614 1
5614 1
5614 1
5614 1
5614 1
5614 1
5614 1
5614 1
5614 1
5614 1
5614 1
5457 1
5457 1
5457 1
5457 1
5457 1
5457 1
5457 1
5457 1
5457 1
5457 1
5457 1
5457 1
5457 1
5457 1
5457 1
5457 1
5457 1
5457 1
5457 1
5457 1
5457 1
5735 1
5735 1
5735 1
5735 1
5735 1
5735 1
5735 1
5735 1
5735 1
5735 1
5735 1
5735 1
5735 1
5735 1
5735 1
5735 1
5735 1
5735 1
5735 1
5735 1
5735 1
5893 1
5893 1
5893 1
5893 1
5893 1
5893 1
5893 1
5893 1
5893 1
5893 1
5893 1
5893 1
5893 1
5893 1
5893 1
5893 1
5893 1
5893 1
5893 1
5893 1
5893 1
1459 1
1459 1
1459 1
1459 1
1459 1
1459 1
1459 1
1459 1
1459 1
1459 1
1459 1
1459 1
1459 1
1459 1
1459 1
1459 1
1459 1
1459 1
1459 1
1459 1
1459 1
4506 1
4506 1
4506 1
4506 1
4506 1
4506 1
4506 1
4506 1
4506 1
4506 1
4506 1
4506 1
4506 1
4506 1
4506 1
4506 1
4506 1
4506 1
4506 1
4506 1
4506 1
5856 1
5856 1
5856 1
5856 1
5856 1
5856 1
5856 1
5856 1
5856 1
5856 1
5856 1
5856 1
5856 1
5856 1
5856 1
5856 1
5856 1
5856 1
5856 1
5856 1
5856 1
5895 1
5895 1
5895 1
5895 1
5895 1
5895 1
5895 1
5895 1
5895 1
5895 1
5895 1
5895 1
5895 1
5895 1
5895 1
5895 1
5895 1
5895 1
5895 1
5895 1
5895 1
1547 1
1547 1
1547 1
1547 1
1547 1
1547 1
1547 1
1547 1
1547 1
1547 1
1547 1
1547 1
1547 1
1547 1
1547 1
1547 1
1547 1
1547 1
1547 1
1547 1
1547 1
5347 1
5347 1
5347 1
5347 1
5347 1
5347 1
5347 1
5347 1
5347 1
5347 1
5347 1
5347 1
5347 1
5347 1
5347 1
5347 1
5347 1
5347 1
5347 1
5347 1
5347 1
5819 1
5819 1
5819 1
5819 1
5819 1
5819 1
5819 1
5819 1
5819 1
5819 1
5819 1
5819 1
5819 1
5819 1
5819 1
5819 1
5819 1
5819 1
5819 1
5819 1
5819 1
5896 1
5896 1
5896 1
5896 1
5896 1
5896 1
5896 1
5896 1
5896 1
5896 1
5896 1
5896 1
5896 1
5896 1
5896 1
5896 1
5896 1
5896 1
5896 1
5896 1
5896 1
915 1
915 1
915 1
915 1
915 1
915 1
915 1
915 1
915 1
915 1
915 1
915 1
915 1
915 1
915 1
915 1
915 1
915 1
915 1
915 1
915 1
1548 1
1548 1
1548 1
1548 1
1548 1
1548 1
1548 1
1548 1
1548 1
1548 1
1548 1
1548 1
1548 1
1548 1
1548 1
1548 1
1548 1
1548 1
1548 1
1548 1
1548 1
1627 1
1627 1
1627 1
1627 1
1627 1
1627 1
1627 1
1627 1
1627 1
1627 1
1627 1
1627 1
1627 1
1627 1
1627 1
1627 1
1627 1
1627 1
1627 1
1627 1
1627 1
5235 1
5235 1
5235 1
5235 1
5235 1
5235 1
5235 1
5235 1
5235 1
5235 1
5235 1
5235 1
5235 1
5235 1
5235 1
5235 1
5235 1
5235 1
5235 1
5235 1
5235 1
5739 1
5739 1
5739 1
5739 1
5739 1
5739 1
5739 1
5739 1
5739 1
5739 1
5739 1
5739 1
5739 1
5739 1
5739 1
5739 1
5739 1
5739 1
5739 1
5739 1
5739 1
5780 1
5780 1
5780 1
5780 1
5780 1
5780 1
5780 1
5780 1
5780 1
5780 1
5780 1
5780 1
5780 1
5780 1
5780 1
5780 1
5780 1
5780 1
5780 1
5780 1
5780 1
5820 1
5820 1
5820 1
5820 1
5820 1
5820 1
5820 1
5820 1
5820 1
5820 1
5820 1
5820 1
5820 1
5820 1
5820 1
5820 1
5820 1
5820 1
5820 1
5820 1
5820 1
5858 1
5858 1
5858 1
5858 1
5858 1
5858 1
5858 1
5858 1
5858 1
5858 1
5858 1
5858 1
5858 1
5858 1
5858 1
5858 1
5858 1
5858 1
5858 1
5858 1
5858 1
5897 1
5897 1
5897 1
5897 1
5897 1
5897 1
5897 1
5897 1
5897 1
5897 1
5897 1
5897 1
5897 1
5897 1
5897 1
5897 1
5897 1
5897 1
5897 1
5897 1
5897 1
820 1
820 1
820 1
820 1
820 1
820 1
820 1
820 1
820 1
820 1
820 1
820 1
820 1
820 1
820 1
820 1
820 1
820 1
820 1
820 1
820 1
1549 1
1549 1
1549 1
1549 1
1549 1
1549 1
1549 1
1549 1
1549 1
1549 1
1549 1
1549 1
1549 1
1549 1
1549 1
1549 1
1549 1
1549 1
1549 1
1549 1
1549 1
5156 1
5156 1
5156 1
5156 1
5156 1
5156 1
5156 1
5156 1
5156 1
5156 1
5156 1
5156 1
5156 1
5156 1
5156 1
5156 1
5156 1
5156 1
5156 1
5156 1
5156 1
5620 1
5620 1
5620 1
5620 1
5620 1
5620 1
5620 1
5620 1
5620 1
5620 1
5620 1
5620 1
5620 1
5620 1
5620 1
5620 1
5620 1
5620 1
5620 1
5620 1
5620 1
5898 1
5898 1
5898 1
5898 1
5898 1
5898 1
5898 1
5898 1
5898 1
5898 1
5898 1
5898 1
5898 1
5898 1
5898 1
5898 1
5898 1
5898 1
5898 1
5898 1
5898 1
1024 1
1024 1
1024 1
1024 1
1024 1
1024 1
1024 1
1024 1
1024 1
1024 1
1024 1
1024 1
1024 1
1024 1
1024 1
1024 1
1024 1
1024 1
1024 1
1024 1
1024 1
1082 1
1082 1
1082 1
1082 1
1082 1
1082 1
1082 1
1082 1
1082 1
1082 1
1082 1
1082 1
1082 1
1082 1
1082 1
1082 1
1082 1
1082 1
1082 1
1082 1
1082 1
1150 1
1150 1
1150 1
1150 1
1150 1
1150 1
1150 1
1150 1
1150 1
1150 1
1150 1
1150 1
1150 1
1150 1
1150 1
1150 1
1150 1
1150 1
1150 1
1150 1
1150 1
1219 1
1219 1
1219 1
1219 1
1219 1
1219 1
1219 1
1219 1
1219 1
1219 1
1219 1
1219 1
1219 1
1219 1
1219 1
1219 1
1219 1
1219 1
1219 1
1219 1
1219 1
1296 1
1296 1
1296 1
1296 1
1296 1
1296 1
1296 1
1296 1
1296 1
1296 1
1296 1
1296 1
1296 1
1296 1
1296 1
1296 1
1296 1
1296 1
1296 1
1296 1
1296 1
4986 1
4986 1
4986 1
4986 1
4986 1
4986 1
4986 1
4986 1
4986 1
4986 1
4986 1
4986 1
4986 1
4986 1
4986 1
4986 1
4986 1
4986 1
4986 1
4986 1
4986 1
5157 1
5157 1
5157 1
5157 1
5157 1
5157 1
5157 1
5157 1
5157 1
5157 1
5157 1
5157 1
5157 1
5157 1
5157 1
5157 1
5157 1
5157 1
5157 1
5157 1
5157 1
5237 1
5237 1
5237 1
5237 1
5237 1
5237 1
5237 1
5237 1
5237 1
5237 1
5237 1
5237 1
5237 1
5237 1
5237 1
5237 1
5237 1
5237 1
5237 1
5237 1
5237 1
5621 1
5621 1
5621 1
5621 1
5621 1
5621 1
5621 1
5621 1
5621 1
5621 1
5621 1
5621 1
5621 1
5621 1
5621 1
5621 1
5621 1
5621 1
5621 1
5621 1
5621 1
5661 1
5661 1
5661 1
5661 1
5661 1
5661 1
5661 1
5661 1
5661 1
5661 1
5661 1
5661 1
5661 1
5661 1
5661 1
5661 1
5661 1
5661 1
5661 1
5661 1
5661 1
5701 1
5701 1
5701 1
5701 1
5701 1
5701 1
5701 1
5701 1
5701 1
5701 1
5701 1
5701 1
5701 1
5701 1
5701 1
5701 1
5701 1
5701 1
5701 1
5701 1
5701 1
5782 1
5782 1
5782 1
5782 1
5782 1
5782 1
5782 1
5782 1
5782 1
5782 1
5782 1
5782 1
5782 1
5782 1
5782 1
5782 1
5782 1
5782 1
5782 1
5782 1
5782 1
918 1
918 1
918 1
918 1
918 1
918 1
918 1
918 1
918 1
918 1
918 1
918 1
918 1
918 1
918 1
918 1
918 1
918 1
918 1
918 1
918 1
968 1
968 1
968 1
968 1
968 1
968 1
968 1
968 1
968 1
968 1
968 1
968 1
968 1
968 1
968 1
968 1
968 1
968 1
968 1
968 1
968 1
5158 1
5158 1
5158 1
5158 1
5158 1
5158 1
5158 1
5158 1
5158 1
5158 1
5158 1
5158 1
5158 1
5158 1
5158 1
5158 1
5158 1
5158 1
5158 1
5158 1
5158 1
5238 1
5238 1
5238 1
5238 1
5238 1
5238 1
5238 1
5238 1
5238 1
5238 1
5238 1
5238 1
5238 1
5238 1
5238 1
5238 1
5238 1
5238 1
5238 1
5238 1
5238 1
5313 1
5313 1
5313 1
5313 1
5313 1
5313 1
5313 1
5313 1
5313 1
5313 1
5313 1
5313 1
5313 1
5313 1
5313 1
5313 1
5313 1
5313 1
5313 1
5313 1
5313 1
5503 1
5503 1
5503 1
5503 1
5503 1
5503 1
5503 1
5503 1
5503 1
5503 1
5503 1
5503 1
5503 1
5503 1
5503 1
5503 1
5503 1
5503 1
5503 1
5503 1
5503 1
5622 1
5622 1
5622 1
5622 1
5622 1
5622 1
5622 1
5622 1
5622 1
5622 1
5622 1
5622 1
5622 1
5622 1
5622 1
5622 1
5622 1
5622 1
5622 1
5622 1
5622 1
5662 1
5662 1
5662 1
5662 1
5662 1
5662 1
5662 1
5662 1
5662 1
5662 1
5662 1
5662 1
5662 1
5662 1
5662 1
5662 1
5662 1
5662 1
5662 1
5662 1
5662 1
5702 1
5702 1
5702 1
5702 1
5702 1
5702 1
5702 1
5702 1
5702 1
5702 1
5702 1
5702 1
5702 1
5702 1
5702 1
5702 1
5702 1
5702 1
5702 1
5702 1
5702 1
5823 1
5823 1
5823 1
5823 1
5823 1
5823 1
5823 1
5823 1
5823 1
5823 1
5823 1
5823 1
5823 1
5823 1
5823 1
5823 1
5823 1
5823 1
5823 1
5823 1
5823 1
5861 1
5861 1
5861 1
5861 1
5861 1
5861 1
5861 1
5861 1
5861 1
5861 1
5861 1
5861 1
5861 1
5861 1
5861 1
5861 1
5861 1
5861 1
5861 1
5861 1
5861 1
919 1
919 1
919 1
919 1
919 1
919 1
919 1
919 1
919 1
919 1
919 1
919 1
919 1
919 1
919 1
919 1
919 1
919 1
919 1
919 1
919 1
1221 1
1221 1
1221 1
1221 1
1221 1
1221 1
1221 1
1221 1
1221 1
1221 1
1221 1
1221 1
1221 1
1221 1
1221 1
1221 1
1221 1
1221 1
1221 1
1221 1
1221 1
5314 1
5314 1
5314 1
5314 1
5314 1
5314 1
5314 1
5314 1
5314 1
5314 1
5314 1
5314 1
5314 1
5314 1
5314 1
5314 1
5314 1
5314 1
5314 1
5314 1
5314 1
5390 1
5390 1
5390 1
5390 1
5390 1
5390 1
5390 1
5390 1
5390 1
5390 1
5390 1
5390 1
5390 1
5390 1
5390 1
5390 1
5390 1
5390 1
5390 1
5390 1
5390 1
5427 1
5427 1
5427 1
5427 1
5427 1
5427 1
5427 1
5427 1
5427 1
5427 1
5427 1
5427 1
5427 1
5427 1
5427 1
5427 1
5427 1
5427 1
5427 1
5427 1
5427 1
5465 1
5465 1
5465 1
5465 1
5465 1
5465 1
5465 1
5465 1
5465 1
5465 1
5465 1
5465 1
5465 1
5465 1
5465 1
5465 1
5465 1
5465 1
5465 1
5465 1
5465 1
5504 1
5504 1
5504 1
5504 1
5504 1
5504 1
5504 1
5504 1
5504 1
5504 1
5504 1
5504 1
5504 1
5504 1
5504 1
5504 1
5504 1
5504 1
5504 1
5504 1
5504 1
5543 1
5543 1
5543 1
5543 1
5543 1
5543 1
5543 1
5543 1
5543 1
5543 1
5543 1
5543 1
5543 1
5543 1
5543 1
5543 1
5543 1
5543 1
5543 1
5543 1
5543 1
5583 1
5583 1
5583 1
5583 1
5583 1
5583 1
5583 1
5583 1
5583 1
5583 1
5583 1
5583 1
5583 1
5583 1
5583 1
5583 1
5583 1
5583 1
5583 1
5583 1
5583 1
5623 1
5623 1
5623 1
5623 1
5623 1
5623 1
5623 1
5623 1
5623 1
5623 1
5623 1
5623 1
5623 1
5623 1
5623 1
5623 1
5623 1
5623 1
5623 1
5623 1
5623 1
5663 1
5663 1
5663 1
5663 1
5663 1
5663 1
5663 1
5663 1
5663 1
5663 1
5663 1
5663 1
5663 1
5663 1
5663 1
5663 1
5663 1
5663 1
5663 1
5663 1
5663 1
5743 1
5743 1
5743 1
5743 1
5743 1
5743 1
5743 1
5743 1
5743 1
5743 1
5743 1
5743 1
5743 1
5743 1
5743 1
5743 1
5743 1
5743 1
5743 1
5743 1
5743 1
5784 1
5784 1
5784 1
5784 1
5784 1
5784 1
5784 1
5784 1
5784 1
5784 1
5784 1
5784 1
5784 1
5784 1
5784 1
5784 1
5784 1
5784 1
5784 1
5784 1
5784 1
5824 1
5824 1
5824 1
5824 1
5824 1
5824 1
5824 1
5824 1
5824 1
5824 1
5824 1
5824 1
5824 1
5824 1
5824 1
5824 1
5824 1
5824 1
5824 1
5824 1
5824 1
873 1
873 1
873 1
873 1
873 1
873 1
873 1
873 1
873 1
873 1
873 1
873 1
873 1
873 1
873 1
873 1
873 1
873 1
873 1
873 1
873 1
920 1
920 1
920 1
920 1
920 1
920 1
920 1
920 1
920 1
920 1
920 1
920 1
920 1
920 1
920 1
920 1
920 1
920 1
920 1
920 1
920 1
970 1
970 1
970 1
970 1
970 1
970 1
970 1
970 1
970 1
970 1
970 1
970 1
970 1
970 1
970 1
970 1
970 1
970 1
970 1
970 1
970 1
4488 1
4488 1
4488 1
4488 1
4488 1
4488 1
4488 1
4488 1
4488 1
4488 1
4488 1
4488 1
4488 1
4488 1
4488 1
4488 1
4488 1
4488 1
4488 1
4488 1
4488 1
4514 1
4514 1
4514 1
4514 1
4514 1
4514 1
4514 1
4514 1
4514 1
4514 1
4514 1
4514 1
4514 1
4514 1
4514 1
4514 1
4514 1
4514 1
4514 1
4514 1
4514 1
4541 1
4541 1
4541 1
4541 1
4541 1
4541 1
4541 1
4541 1
4541 1
4541 1
4541 1
4541 1
4541 1
4541 1
4541 1
4541 1
4541 1
4541 1
4541 1
4541 1
4541 1
4570 1
4570 1
4570 1
4570 1
4570 1
4570 1
4570 1
4570 1
4570 1
4570 1
4570 1
4570 1
4570 1
4570 1
4570 1
4570 1
4570 1
4570 1
4570 1
4570 1
4570 1
4631 1
4631 1
4631 1
4631 1
4631 1
4631 1
4631 1
4631 1
4631 1
4631 1
4631 1
4631 1
4631 1
4631 1
4631 1
4631 1
4631 1
4631 1
4631 1
4631 1
4631 1
5466 1
5466 1
5466 1
5466 1
5466 1
5466 1
5466 1
5466 1
5466 1
5466 1
5466 1
5466 1
5466 1
5466 1
5466 1
5466 1
5466 1
5466 1
5466 1
5466 1
5466 1
5544 1
5544 1
5544 1
5544 1
5544 1
5544 1
5544 1
5544 1
5544 1
5544 1
5544 1
5544 1
5544 1
5544 1
5544 1
5544 1
5544 1
5544 1
5544 1
5544 1
5544 1
5584 1
5584 1
5584 1
5584 1
5584 1
5584 1
5584 1
5584 1
5584 1
5584 1
5584 1
5584 1
5584 1
5584 1
5584 1
5584 1
5584 1
5584 1
5584 1
5584 1
5584 1
5624 1
5624 1
5624 1
5624 1
5624 1
5624 1
5624 1
5624 1
5624 1
5624 1
5624 1
5624 1
5624 1
5624 1
5624 1
5624 1
5624 1
5624 1
5624 1
5624 1
5624 1
5664 1
5664 1
5664 1
5664 1
5664 1
5664 1
5664 1
5664 1
5664 1
5664 1
5664 1
5664 1
5664 1
5664 1
5664 1
5664 1
5664 1
5664 1
5664 1
5664 1
5664 1
5704 1
5704 1
5704 1
5704 1
5704 1
5704 1
5704 1
5704 1
5704 1
5704 1
5704 1
5704 1
5704 1
5704 1
5704 1
5704 1
5704 1
5704 1
5704 1
5704 1
5704 1
5744 1
5744 1
5744 1
5744 1
5744 1
5744 1
5744 1
5744 1
5744 1
5744 1
5744 1
5744 1
5744 1
5744 1
5744 1
5744 1
5744 1
5744 1
5744 1
5744 1
5744 1
5785 1
5785 1
5785 1
5785 1
5785 1
5785 1
5785 1
5785 1
5785 1
5785 1
5785 1
5785 1
5785 1
5785 1
5785 1
5785 1
5785 1
5785 1
5785 1
5785 1
5785 1
5825 1
5825 1
5825 1
5825 1
5825 1
5825 1
5825 1
5825 1
5825 1
5825 1
5825 1
5825 1
5825 1
5825 1
5825 1
5825 1
5825 1
5825 1
5825 1
5825 1
5825 1
5863 1
5863 1
5863 1
5863 1
5863 1
5863 1
5863 1
5863 1
5863 1
5863 1
5863 1
5863 1
5863 1
5863 1
5863 1
5863 1
5863 1
5863 1
5863 1
5863 1
5863 1
874 1
874 1
874 1
874 1
874 1
874 1
874 1
874 1
874 1
874 1
874 1
874 1
874 1
874 1
874 1
874 1
874 1
874 1
874 1
874 1
874 1
921 1
921 1
921 1
921 1
921 1
921 1
921 1
921 1
921 1
921 1
921 1
921 1
921 1
921 1
921 1
921 1
921 1
921 1
921 1
921 1
921 1
3906 1
3906 1
3906 1
3906 1
3906 1
3906 1
3906 1
3906 1
3906 1
3906 1
3906 1
3906 1
3906 1
3906 1
3906 1
3906 1
3906 1
3906 1
3906 1
3906 1
3906 1
4465 1
4465 1
4465 1
4465 1
4465 1
4465 1
4465 1
4465 1
4465 1
4465 1
4465 1
4465 1
4465 1
4465 1
4465 1
4465 1
4465 1
4465 1
4465 1
4465 1
4465 1
4515 1
4515 1
4515 1
4515 1
4515 1
4515 1
4515 1
4515 1
4515 1
4515 1
4515 1
4515 1
4515 1
4515 1
4515 1
4515 1
4515 1
4515 1
4515 1
4515 1
4515 1
4542 1
4542 1
4542 1
4542 1
4542 1
4542 1
4542 1
4542 1
4542 1
4542 1
4542 1
4542 1
4542 1
4542 1
4542 1
4542 1
4542 1
4542 1
4542 1
4542 1
4542 1
4600 1
4600 1
4600 1
4600 1
4600 1
4600 1
4600 1
4600 1
4600 1
4600 1
4600 1
4600 1
4600 1
4600 1
4600 1
4600 1
4600 1
4600 1
4600 1
4600 1
4600 1
4632 1
4632 1
4632 1
4632 1
4632 1
4632 1
4632 1
4632 1
4632 1
4632 1
4632 1
4632 1
4632 1
4632 1
4632 1
4632 1
4632 1
4632 1
4632 1
4632 1
4632 1
4662 1
4662 1
4662 1
4662 1
4662 1
4662 1
4662 1
4662 1
4662 1
4662 1
4662 1
4662 1
4662 1
4662 1
4662 1
4662 1
4662 1
4662 1
4662 1
4662 1
4662 1
5585 1
5585 1
5585 1
5585 1
5585 1
5585 1
5585 1
5585 1
5585 1
5585 1
5585 1
5585 1
5585 1
5585 1
5585 1
5585 1
5585 1
5585 1
5585 1
5585 1
5585 1
5705 1
5705 1
5705 1
5705 1
5705 1
5705 1
5705 1
5705 1
5705 1
5705 1
5705 1
5705 1
5705 1
5705 1
5705 1
5705 1
5705 1
5705 1
5705 1
5705 1
5705 1
5745 1
5745 1
5745 1
5745 1
5745 1
5745 1
5745 1
5745 1
5745 1
5745 1
5745 1
5745 1
5745 1
5745 1
5745 1
5745 1
5745 1
5745 1
5745 1
5745 1
5745 1
5786 1
5786 1
5786 1
5786 1
5786 1
5786 1
5786 1
5786 1
5786 1
5786 1
5786 1
5786 1
5786 1
5786 1
5786 1
5786 1
5786 1
5786 1
5786 1
5786 1
5786 1
5826 1
5826 1
5826 1
5826 1
5826 1
5826 1
5826 1
5826 1
5826 1
5826 1
5826 1
5826 1
5826 1
5826 1
5826 1
5826 1
5826 1
5826 1
5826 1
5826 1
5826 1
5864 1
5864 1
5864 1
5864 1
5864 1
5864 1
5864 1
5864 1
5864 1
5864 1
5864 1
5864 1
5864 1
5864 1
5864 1
5864 1
5864 1
5864 1
5864 1
5864 1
5864 1
826 1
826 1
826 1
826 1
826 1
826 1
826 1
826 1
826 1
826 1
826 1
826 1
826 1
826 1
826 1
826 1
826 1
826 1
826 1
826 1
826 1
4236 1
4236 1
4236 1
4236 1
4236 1
4236 1
4236 1
4236 1
4236 1
4236 1
4236 1
4236 1
4236 1
4236 1
4236 1
4236 1
4236 1
4236 1
4236 1
4236 1
4236 1
4292 1
4292 1
4292 1
4292 1
4292 1
4292 1
4292 1
4292 1
4292 1
4292 1
4292 1
4292 1
4292 1
4292 1
4292 1
4292 1
4292 1
4292 1
4292 1
4292 1
4292 1
4490 1
4490 1
4490 1
4490 1
4490 1
4490 1
4490 1
4490 1
4490 1
4490 1
4490 1
4490 1
4490 1
4490 1
4490 1
4490 1
4490 1
4490 1
4490 1
4490 1
4490 1
4601 1
4601 1
4601 1
4601 1
4601 1
4601 1
4601 1
4601 1
4601 1
4601 1
4601 1
4601 1
4601 1
4601 1
4601 1
4601 1
4601 1
4601 1
4601 1
4601 1
4601 1
4633 1
4633 1
4633 1
4633 1
4633 1
4633 1
4633 1
4633 1
4633 1
4633 1
4633 1
4633 1
4633 1
4633 1
4633 1
4633 1
4633 1
4633 1
4633 1
4633 1
4633 1
5666 1
5666 1
5666 1
5666 1
5666 1
5666 1
5666 1
5666 1
5666 1
5666 1
5666 1
5666 1
5666 1
5666 1
5666 1
5666 1
5666 1
5666 1
5666 1
5666 1
5666 1
5746 1
5746 1
5746 1
5746 1
5746 1
5746 1
5746 1
5746 1
5746 1
5746 1
5746 1
5746 1
5746 1
5746 1
5746 1
5746 1
5746 1
5746 1
5746 1
5746 1
5746 1
5787 1
5787 1
5787 1
5787 1
5787 1
5787 1
5787 1
5787 1
5787 1
5787 1
5787 1
5787 1
5787 1
5787 1
5787 1
5787 1
5787 1
5787 1
5787 1
5787 1
5787 1
5827 1
5827 1
5827 1
5827 1
5827 1
5827 1
5827 1
5827 1
5827 1
5827 1
5827 1
5827 1
5827 1
5827 1
5827 1
5827 1
5827 1
5827 1
5827 1
5827 1
5827 1
5865 1
5865 1
5865 1
5865 1
5865 1
5865 1
5865 1
5865 1
5865 1
5865 1
5865 1
5865 1
5865 1
5865 1
5865 1
5865 1
5865 1
5865 1
5865 1
5865 1
5865 1
4491 1
4491 1
4491 1
4491 1
4491 1
4491 1
4491 1
4491 1
4491 1
4491 1
4491 1
4491 1
4491 1
4491 1
4491 1
4491 1
4491 1
4491 1
4491 1
4491 1
4491 1
4694 1
4694 1
4694 1
4694 1
4694 1
4694 1
4694 1
4694 1
4694 1
4694 1
4694 1
4694 1
4694 1
4694 1
4694 1
4694 1
4694 1
4694 1
4694 1
4694 1
4694 1
5788 1
5788 1
5788 1
5788 1
5788 1
5788 1
5788 1
5788 1
5788 1
5788 1
5788 1
5788 1
5788 1
5788 1
5788 1
5788 1
5788 1
5788 1
5788 1
5788 1
5788 1
5828 1
5828 1
5828 1
5828 1
5828 1
5828 1
5828 1
5828 1
5828 1
5828 1
5828 1
5828 1
5828 1
5828 1
5828 1
5828 1
5828 1
5828 1
5828 1
5828 1
5828 1
4825 1
4825 1
4825 1
4825 1
4825 1
4825 1
4825 1
4825 1
4825 1
4825 1
4825 1
4825 1
4825 1
4825 1
4825 1
4825 1
4825 1
4825 1
4825 1
4825 1
4825 1
5830 1
5830 1
5830 1
5830 1
5830 1
5830 1
5830 1
5830 1
5830 1
5830 1
5830 1
5830 1
5830 1
5830 1
5830 1
5830 1
5830 1
5830 1
5830 1
5830 1
5830 1
4137 1
4137 1
4137 1
4137 1
4137 1
4137 1
4137 1
4137 1
4137 1
4137 1
4137 1
4137 1
4137 1
4137 1
4137 1
4137 1
4137 1
4137 1
4137 1
4137 1
4137 1
4547 1
4547 1
4547 1
4547 1
4547 1
4547 1
4547 1
4547 1
4547 1
4547 1
4547 1
4547 1
4547 1
4547 1
4547 1
4547 1
4547 1
4547 1
4547 1
4547 1
4547 1
4727 1
4727 1
4727 1
4727 1
4727 1
4727 1
4727 1
4727 1
4727 1
4727 1
4727 1
4727 1
4727 1
4727 1
4727 1
4727 1
4727 1
4727 1
4727 1
4727 1
4727 1
4758 1
4758 1
4758 1
4758 1
4758 1
4758 1
4758 1
4758 1
4758 1
4758 1
4758 1
4758 1
4758 1
4758 1
4758 1
4758 1
4758 1
4758 1
4758 1
4758 1
4758 1
4789 1
4789 1
4789 1
4789 1
4789 1
4789 1
4789 1
4789 1
4789 1
4789 1
4789 1
4789 1
4789 1
4789 1
4789 1
4789 1
4789 1
4789 1
4789 1
4789 1
4789 1
4826 1
4826 1
4826 1
4826 1
4826 1
4826 1
4826 1
4826 1
4826 1
4826 1
4826 1
4826 1
4826 1
4826 1
4826 1
4826 1
4826 1
4826 1
4826 1
4826 1
4826 1
5084 1
5084 1
5084 1
5084 1
5084 1
5084 1
5084 1
5084 1
5084 1
5084 1
5084 1
5084 1
5084 1
5084 1
5084 1
5084 1
5084 1
5084 1
5084 1
5084 1
5084 1
4668 1
4668 1
4668 1
4668 1
4668 1
4668 1
4668 1
4668 1
4668 1
4668 1
4668 1
4668 1
4668 1
4668 1
4668 1
4668 1
4668 1
4668 1
4668 1
4668 1
4668 1
5042 1
5042 1
5042 1
5042 1
5042 1
5042 1
5042 1
5042 1
5042 1
5042 1
5042 1
5042 1
5042 1
5042 1
5042 1
5042 1
5042 1
5042 1
5042 1
5042 1
5042 1
5085 1
5085 1
5085 1
5085 1
5085 1
5085 1
5085 1
5085 1
5085 1
5085 1
5085 1
5085 1
5085 1
5085 1
5085 1
5085 1
5085 1
5085 1
5085 1
5085 1
5085 1
5751 1
5751 1
5751 1
5751 1
5751 1
5751 1
5751 1
5751 1
5751 1
5751 1
5751 1
5751 1
5751 1
5751 1
5751 1
5751 1
5751 1
5751 1
5751 1
5751 1
5751 1
4699 1
4699 1
4699 1
4699 1
4699 1
4699 1
4699 1
4699 1
4699 1
4699 1
4699 1
4699 1
4699 1
4699 1
4699 1
4699 1
4699 1
4699 1
4699 1
4699 1
4699 1
4828 1
4828 1
4828 1
4828 1
4828 1
4828 1
4828 1
4828 1
4828 1
4828 1
4828 1
4828 1
4828 1
4828 1
4828 1
4828 1
4828 1
4828 1
4828 1
4828 1
4828 1
5086 1
5086 1
5086 1
5086 1
5086 1
5086 1
5086 1
5086 1
5086 1
5086 1
5086 1
5086 1
5086 1
5086 1
5086 1
5086 1
5086 1
5086 1
5086 1
5086 1
5086 1
2184 1
2184 1
2184 1
2184 1
2184 1
2184 1
2184 1
2184 1
2184 1
2184 1
2184 1
2184 1
2184 1
2184 1
2184 1
2184 1
2184 1
2184 1
2184 1
2184 1
2184 1
2273 1
2273 1
2273 1
2273 1
2273 1
2273 1
2273 1
2273 1
2273 1
2273 1
2273 1
2273 1
2273 1
2273 1
2273 1
2273 1
2273 1
2273 1
2273 1
2273 1
2273 1
4640 1
4640 1
4640 1
4640 1
4640 1
4640 1
4640 1
4640 1
4640 1
4640 1
4640 1
4640 1
4640 1
4640 1
4640 1
4640 1
4640 1
4640 1
4640 1
4640 1
4640 1
1903 1
1903 1
1903 1
1903 1
1903 1
1903 1
1903 1
1903 1
1903 1
1903 1
1903 1
1903 1
1903 1
1903 1
1903 1
1903 1
1903 1
1903 1
1903 1
1903 1
1903 1
2090 1
2090 1
2090 1
2090 1
2090 1
2090 1
2090 1
2090 1
2090 1
2090 1
2090 1
2090 1
2090 1
2090 1
2090 1
2090 1
2090 1
2090 1
2090 1
2090 1
2090 1
2186 1
2186 1
2186 1
2186 1
2186 1
2186 1
2186 1
2186 1
2186 1
2186 1
2186 1
2186 1
2186 1
2186 1
2186 1
2186 1
2186 1
2186 1
2186 1
2186 1
2186 1
5046 1
5046 1
5046 1
5046 1
5046 1
5046 1
5046 1
5046 1
5046 1
5046 1
5046 1
5046 1
5046 1
5046 1
5046 1
5046 1
5046 1
5046 1
5046 1
5046 1
5046 1
1997 1
1997 1
1997 1
1997 1
1997 1
1997 1
1997 1
1997 1
1997 1
1997 1
1997 1
1997 1
1997 1
1997 1
1997 1
1997 1
1997 1
1997 1
1997 1
1997 1
1997 1
2091 1
2091 1
2091 1
2091 1
2091 1
2091 1
2091 1
2091 1
2091 1
2091 1
2091 1
2091 1
2091 1
2091 1
2091 1
2091 1
2091 1
2091 1
2091 1
2091 1
2091 1
5090 1
5090 1
5090 1
5090 1
5090 1
5090 1
5090 1
5090 1
5090 1
5090 1
5090 1
5090 1
5090 1
5090 1
5090 1
5090 1
5090 1
5090 1
5090 1
5090 1
5090 1
5172 1
5172 1
5172 1
5172 1
5172 1
5172 1
5172 1
5172 1
5172 1
5172 1
5172 1
5172 1
5172 1
5172 1
5172 1
5172 1
5172 1
5172 1
5172 1
5172 1
5172 1
5247 1
5247 1
5247 1
5247 1
5247 1
5247 1
5247 1
5247 1
5247 1
5247 1
5247 1
5247 1
5247 1
5247 1
5247 1
5247 1
5247 1
5247 1
5247 1
5247 1
5247 1
1905 1
1905 1
1905 1
1905 1
1905 1
1905 1
1905 1
1905 1
1905 1
1905 1
1905 1
1905 1
1905 1
1905 1
1905 1
1905 1
1905 1
1905 1
1905 1
1905 1
1905 1
5133 1
5133 1
5133 1
5133 1
5133 1
5133 1
5133 1
5133 1
5133 1
5133 1
5133 1
5133 1
5133 1
5133 1
5133 1
5133 1
5133 1
5133 1
5133 1
5133 1
5133 1
5173 1
5173 1
5173 1
5173 1
5173 1
5173 1
5173 1
5173 1
5173 1
5173 1
5173 1
5173 1
5173 1
5173 1
5173 1
5173 1
5173 1
5173 1
5173 1
5173 1
5173 1
5210 1
5210 1
5210 1
5210 1
5210 1
5210 1
5210 1
5210 1
5210 1
5210 1
5210 1
5210 1
5210 1
5210 1
5210 1
5210 1
5210 1
5210 1
5210 1
5210 1
5210 1
5362 1
5362 1
5362 1
5362 1
5362 1
5362 1
5362 1
5362 1
5362 1
5362 1
5362 1
5362 1
5362 1
5362 1
5362 1
5362 1
5362 1
5362 1
5362 1
5362 1
5362 1
5327 1
5327 1
5327 1
5327 1
5327 1
5327 1
5327 1
5327 1
5327 1
5327 1
5327 1
5327 1
5327 1
5327 1
5327 1
5327 1
5327 1
5327 1
5327 1
5327 1
5327 1
5366 1
5366 1
5366 1
5366 1
5366 1
5366 1
5366 1
5366 1
5366 1
5366 1
5366 1
5366 1
5366 1
5366 1
5366 1
5366 1
5366 1
5366 1
5366 1
5366 1
5366 1
5442 1
5442 1
5442 1
5442 1
5442 1
5442 1
5442 1
5442 1
5442 1
5442 1
5442 1
5442 1
5442 1
5442 1
5442 1
5442 1
5442 1
5442 1
5442 1
5442 1
5442 1
5217 1
5217 1
5217 1
5217 1
5217 1
5217 1
5217 1
5217 1
5217 1
5217 1
5217 1
5217 1
5217 1
5217 1
5217 1
5217 1
5217 1
5217 1
5217 1
5217 1
5217 1
1829 1
1829 1
1829 1
1829 1
1829 1
1829 1
1829 1
1829 1
1829 1
1829 1
1829 1
1829 1
1829 1
1829 1
1829 1
1829 1
1829 1
1829 1
1829 1
1829 1
1829 1
1920 1
1920 1
1920 1
1920 1
1920 1
1920 1
1920 1
1920 1
1920 1
1920 1
1920 1
1920 1
1920 1
1920 1
1920 1
1920 1
1920 1
1920 1
1920 1
1920 1
1920 1
3362 1
3362 1
3362 1
3362 1
3362 1
3362 1
3362 1
3362 1
3362 1
3362 1
3362 1
3362 1
3362 1
3362 1
3362 1
3362 1
3362 1
3362 1
3362 1
3362 1
3362 1
3407 1
3407 1
3407 1
3407 1
3407 1
3407 1
3407 1
3407 1
3407 1
3407 1
3407 1
3407 1
3407 1
3407 1
3407 1
3407 1
3407 1
3407 1
3407 1
3407 1
3407 1
3089 1
3089 1
3089 1
3089 1
3089 1
3089 1
3089 1
3089 1
3089 1
3089 1
3089 1
3089 1
3089 1
3089 1
3089 1
3089 1
3089 1
3089 1
3089 1
3089 1
3089 1
3452 1
3452 1
3452 1
3452 1
3452 1
3452 1
3452 1
3452 1
3452 1
3452 1
3452 1
3452 1
3452 1
3452 1
3452 1
3452 1
3452 1
3452 1
3452 1
3452 1
3452 1
3489 1
3489 1
3489 1
3489 1
3489 1
3489 1
3489 1
3489 1
3489 1
3489 1
3489 1
3489 1
3489 1
3489 1
3489 1
3489 1
3489 1
3489 1
3489 1
3489 1
3489 1
3365 1
3365 1
3365 1
3365 1
3365 1
3365 1
3365 1
3365 1
3365 1
3365 1
3365 1
3365 1
3365 1
3365 1
3365 1
3365 1
3365 1
3365 1
3365 1
3365 1
3365 1
3453 1
3453 1
3453 1
3453 1
3453 1
3453 1
3453 1
3453 1
3453 1
3453 1
3453 1
3453 1
3453 1
3453 1
3453 1
3453 1
3453 1
3453 1
3453 1
3453 1
3453 1
3529 1
3529 1
3529 1
3529 1
3529 1
3529 1
3529 1
3529 1
3529 1
3529 1
3529 1
3529 1
3529 1
3529 1
3529 1
3529 1
3529 1
3529 1
3529 1
3529 1
3529 1
2974 1
2974 1
2974 1
2974 1
2974 1
2974 1
2974 1
2974 1
2974 1
2974 1
2974 1
2974 1
2974 1
2974 1
2974 1
2974 1
2974 1
2974 1
2974 1
2974 1
2974 1
3034 1
3034 1
3034 1
3034 1
3034 1
3034 1
3034 1
3034 1
3034 1
3034 1
3034 1
3034 1
3034 1
3034 1
3034 1
3034 1
3034 1
3034 1
3034 1
3034 1
3034 1
3093 1
3093 1
3093 1
3093 1
3093 1
3093 1
3093 1
3093 1
3093 1
3093 1
3093 1
3093 1
3093 1
3093 1
3093 1
3093 1
3093 1
3093 1
3093 1
3093 1
3093 1
3035 1
3035 1
3035 1
3035 1
3035 1
3035 1
3035 1
3035 1
3035 1
3035 1
3035 1
3035 1
3035 1
3035 1
3035 1
3035 1
3035 1
3035 1
3035 1
3035 1
3035 1
3148 1
3148 1
3148 1
3148 1
3148 1
3148 1
3148 1
3148 1
3148 1
3148 1
3148 1
3148 1
3148 1
3148 1
3148 1
3148 1
3148 1
3148 1
3148 1
3148 1
3148 1
3258 1
3258 1
3258 1
3258 1
3258 1
3258 1
3258 1
3258 1
3258 1
3258 1
3258 1
3258 1
3258 1
3258 1
3258 1
3258 1
3258 1
3258 1
3258 1
3258 1
3258 1
3659 1
3659 1
3659 1
3659 1
3659 1
3659 1
3659 1
3659 1
3659 1
3659 1
3659 1
3659 1
3659 1
3659 1
3659 1
3659 1
3659 1
3659 1
3659 1
3659 1
3659 1
3149 1
3149 1
3149 1
3149 1
3149 1
3149 1
3149 1
3149 1
3149 1
3149 1
3149 1
3149 1
3149 1
3149 1
3149 1
3149 1
3149 1
3149 1
3149 1
3149 1
3149 1
3617 1
3617 1
3617 1
3617 1
3617 1
3617 1
3617 1
3617 1
3617 1
3617 1
3617 1
3617 1
3617 1
3617 1
3617 1
3617 1
3617 1
3617 1
3617 1
3617 1
3617 1
3660 1
3660 1
3660 1
3660 1
3660 1
3660 1
3660 1
3660 1
3660 1
3660 1
3660 1
3660 1
3660 1
3660 1
3660 1
3660 1
3660 1
3660 1
3660 1
3660 1
3660 1
3700 1
3700 1
3700 1
3700 1
3700 1
3700 1
3700 1
3700 1
3700 1
3700 1
3700 1
3700 1
3700 1
3700 1
3700 1
3700 1
3700 1
3700 1
3700 1
3700 1
3700 1
3260 1
3260 1
3260 1
3260 1
3260 1
3260 1
3260 1
3260 1
3260 1
3260 1
3260 1
3260 1
3260 1
3260 1
3260 1
3260 1
3260 1
3260 1
3260 1
3260 1
3260 1
3320 1
3320 1
3320 1
3320 1
3320 1
3320 1
3320 1
3320 1
3320 1
3320 1
3320 1
3320 1
3320 1
3320 1
3320 1
3320 1
3320 1
3320 1
3320 1
3320 1
3320 1
3496 1
3496 1
3496 1
3496 1
3496 1
3496 1
3496 1
3496 1
3496 1
3496 1
3496 1
3496 1
3496 1
3496 1
3496 1
3496 1
3496 1
3496 1
3496 1
3496 1
3496 1
3534 1
3534 1
3534 1
3534 1
3534 1
3534 1
3534 1
3534 1
3534 1
3534 1
3534 1
3534 1
3534 1
3534 1
3534 1
3534 1
3534 1
3534 1
3534 1
3534 1
3534 1
3577 1
3577 1
3577 1
3577 1
3577 1
3577 1
3577 1
3577 1
3577 1
3577 1
3577 1
3577 1
3577 1
3577 1
3577 1
3577 1
3577 1
3577 1
3577 1
3577 1
3577 1
3618 1
3618 1
3618 1
3618 1
3618 1
3618 1
3618 1
3618 1
3618 1
3618 1
3618 1
3618 1
3618 1
3618 1
3618 1
3618 1
3618 1
3618 1
3618 1
3618 1
3618 1
3661 1
3661 1
3661 1
3661 1
3661 1
3661 1
3661 1
3661 1
3661 1
3661 1
3661 1
3661 1
3661 1
3661 1
3661 1
3661 1
3661 1
3661 1
3661 1
3661 1
3661 1
3701 1
3701 1
3701 1
3701 1
3701 1
3701 1
3701 1
3701 1
3701 1
3701 1
3701 1
3701 1
3701 1
3701 1
3701 1
3701 1
3701 1
3701 1
3701 1
3701 1
3701 1
3321 1
3321 1
3321 1
3321 1
3321 1
3321 1
3321 1
3321 1
3321 1
3321 1
3321 1
3321 1
3321 1
3321 1
3321 1
3321 1
3321 1
3321 1
3321 1
3321 1
3321 1
3578 1
3578 1
3578 1
3578 1
3578 1
3578 1
3578 1
3578 1
3578 1
3578 1
3578 1
3578 1
3578 1
3578 1
3578 1
3578 1
3578 1
3578 1
3578 1
3578 1
3578 1
3619 1
3619 1
3619 1
3619 1
3619 1
3619 1
3619 1
3619 1
3619 1
3619 1
3619 1
3619 1
3619 1
3619 1
3619 1
3619 1
3619 1
3619 1
3619 1
3619 1
3619 1
3662 1
3662 1
3662 1
3662 1
3662 1
3662 1
3662 1
3662 1
3662 1
3662 1
3662 1
3662 1
3662 1
3662 1
3662 1
3662 1
3662 1
3662 1
3662 1
3662 1
3662 1
3702 1
3702 1
3702 1
3702 1
3702 1
3702 1
3702 1
3702 1
3702 1
3702 1
3702 1
3702 1
3702 1
3702 1
3702 1
3702 1
3702 1
3702 1
3702 1
3702 1
3702 1
3817 1
3817 1
3817 1
3817 1
3817 1
3817 1
3817 1
3817 1
3817 1
3817 1
3817 1
3817 1
3817 1
3817 1
3817 1
3817 1
3817 1
3817 1
3817 1
3817 1
3817 1
3262 1
3262 1
3262 1
3262 1
3262 1
3262 1
3262 1
3262 1
3262 1
3262 1
3262 1
3262 1
3262 1
3262 1
3262 1
3262 1
3262 1
3262 1
3262 1
3262 1
3262 1
3498 1
3498 1
3498 1
3498 1
3498 1
3498 1
3498 1
3498 1
3498 1
3498 1
3498 1
3498 1
3498 1
3498 1
3498 1
3498 1
3498 1
3498 1
3498 1
3498 1
3498 1
3536 1
3536 1
3536 1
3536 1
3536 1
3536 1
3536 1
3536 1
3536 1
3536 1
3536 1
3536 1
3536 1
3536 1
3536 1
3536 1
3536 1
3536 1
3536 1
3536 1
3536 1
3579 1
3579 1
3579 1
3579 1
3579 1
3579 1
3579 1
3579 1
3579 1
3579 1
3579 1
3579 1
3579 1
3579 1
3579 1
3579 1
3579 1
3579 1
3579 1
3579 1
3579 1
3620 1
3620 1
3620 1
3620 1
3620 1
3620 1
3620 1
3620 1
3620 1
3620 1
3620 1
3620 1
3620 1
3620 1
3620 1
3620 1
3620 1
3620 1
3620 1
3620 1
3620 1
3663 1
3663 1
3663 1
3663 1
3663 1
3663 1
3663 1
3663 1
3663 1
3663 1
3663 1
3663 1
3663 1
3663 1
3663 1
3663 1
3663 1
3663 1
3663 1
3663 1
3663 1
3703 1
3703 1
3703 1
3703 1
3703 1
3703 1
3703 1
3703 1
3703 1
3703 1
3703 1
3703 1
3703 1
3703 1
3703 1
3703 1
3703 1
3703 1
3703 1
3703 1
3703 1
3209 1
3209 1
3209 1
3209 1
3209 1
3209 1
3209 1
3209 1
3209 1
3209 1
3209 1
3209 1
3209 1
3209 1
3209 1
3209 1
3209 1
3209 1
3209 1
3209 1
3209 1
3323 1
3323 1
3323 1
3323 1
3323 1
3323 1
3323 1
3323 1
3323 1
3323 1
3323 1
3323 1
3323 1
3323 1
3323 1
3323 1
3323 1
3323 1
3323 1
3323 1
3323 1
3374 1
3374 1
3374 1
3374 1
3374 1
3374 1
3374 1
3374 1
3374 1
3374 1
3374 1
3374 1
3374 1
3374 1
3374 1
3374 1
3374 1
3374 1
3374 1
3374 1
3374 1
3462 1
3462 1
3462 1
3462 1
3462 1
3462 1
3462 1
3462 1
3462 1
3462 1
3462 1
3462 1
3462 1
3462 1
3462 1
3462 1
3462 1
3462 1
3462 1
3462 1
3462 1
3499 1
3499 1
3499 1
3499 1
3499 1
3499 1
3499 1
3499 1
3499 1
3499 1
3499 1
3499 1
3499 1
3499 1
3499 1
3499 1
3499 1
3499 1
3499 1
3499 1
3499 1
3580 1
3580 1
3580 1
3580 1
3580 1
3580 1
3580 1
3580 1
3580 1
3580 1
3580 1
3580 1
3580 1
3580 1
3580 1
3580 1
3580 1
3580 1
3580 1
3580 1
3580 1
3664 1
3664 1
3664 1
3664 1
3664 1
3664 1
3664 1
3664 1
3664 1
3664 1
3664 1
3664 1
3664 1
3664 1
3664 1
3664 1
3664 1
3664 1
3664 1
3664 1
3664 1
3704 1
3704 1
3704 1
3704 1
3704 1
3704 1
3704 1
3704 1
3704 1
3704 1
3704 1
3704 1
3704 1
3704 1
3704 1
3704 1
3704 1
3704 1
3704 1
3704 1
3704 1
3264 1
3264 1
3264 1
3264 1
3264 1
3264 1
3264 1
3264 1
3264 1
3264 1
3264 1
3264 1
3264 1
3264 1
3264 1
3264 1
3264 1
3264 1
3264 1
3264 1
3264 1
3324 1
3324 1
3324 1
3324 1
3324 1
3324 1
3324 1
3324 1
3324 1
3324 1
3324 1
3324 1
3324 1
3324 1
3324 1
3324 1
3324 1
3324 1
3324 1
3324 1
3324 1
3500 1
3500 1
3500 1
3500 1
3500 1
3500 1
3500 1
3500 1
3500 1
3500 1
3500 1
3500 1
3500 1
3500 1
3500 1
3500 1
3500 1
3500 1
3500 1
3500 1
3500 1
3538 1
3538 1
3538 1
3538 1
3538 1
3538 1
3538 1
3538 1
3538 1
3538 1
3538 1
3538 1
3538 1
3538 1
3538 1
3538 1
3538 1
3538 1
3538 1
3538 1
3538 1
3581 1
3581 1
3581 1
3581 1
3581 1
3581 1
3581 1
3581 1
3581 1
3581 1
3581 1
3581 1
3581 1
3581 1
3581 1
3581 1
3581 1
3581 1
3581 1
3581 1
3581 1
3622 1
3622 1
3622 1
3622 1
3622 1
3622 1
3622 1
3622 1
3622 1
3622 1
3622 1
3622 1
3622 1
3622 1
3622 1
3622 1
3622 1
3622 1
3622 1
3622 1
3622 1
3665 1
3665 1
3665 1
3665 1
3665 1
3665 1
3665 1
3665 1
3665 1
3665 1
3665 1
3665 1
3665 1
3665 1
3665 1
3665 1
3665 1
3665 1
3665 1
3665 1
3665 1
3705 1
3705 1
3705 1
3705 1
3705 1
3705 1
3705 1
3705 1
3705 1
3705 1
3705 1
3705 1
3705 1
3705 1
3705 1
3705 1
3705 1
3705 1
3705 1
3705 1
3705 1
3155 1
3155 1
3155 1
3155 1
3155 1
3155 1
3155 1
3155 1
3155 1
3155 1
3155 1
3155 1
3155 1
3155 1
3155 1
3155 1
3155 1
3155 1
3155 1
3155 1
3155 1
3265 1
3265 1
3265 1
3265 1
3265 1
3265 1
3265 1
3265 1
3265 1
3265 1
3265 1
3265 1
3265 1
3265 1
3265 1
3265 1
3265 1
3265 1
3265 1
3265 1
3265 1
3582 1
3582 1
3582 1
3582 1
3582 1
3582 1
3582 1
3582 1
3582 1
3582 1
3582 1
3582 1
3582 1
3582 1
3582 1
3582 1
3582 1
3582 1
3582 1
3582 1
3582 1
3623 1
3623 1
3623 1
3623 1
3623 1
3623 1
3623 1
3623 1
3623 1
3623 1
3623 1
3623 1
3623 1
3623 1
3623 1
3623 1
3623 1
3623 1
3623 1
3623 1
3623 1
3666 1
3666 1
3666 1
3666 1
3666 1
3666 1
3666 1
3666 1
3666 1
3666 1
3666 1
3666 1
3666 1
3666 1
3666 1
3666 1
3666 1
3666 1
3666 1
3666 1
3666 1
3156 1
3156 1
3156 1
3156 1
3156 1
3156 1
3156 1
3156 1
3156 1
3156 1
3156 1
3156 1
3156 1
3156 1
3156 1
3156 1
3156 1
3156 1
3156 1
3156 1
3156 1
3212 1
3212 1
3212 1
3212 1
3212 1
3212 1
3212 1
3212 1
3212 1
3212 1
3212 1
3212 1
3212 1
3212 1
3212 1
3212 1
3212 1
3212 1
3212 1
3212 1
3212 1
3266 1
3266 1
3266 1
3266 1
3266 1
3266 1
3266 1
3266 1
3266 1
3266 1
3266 1
3266 1
3266 1
3266 1
3266 1
3266 1
3266 1
3266 1
3266 1
3266 1
3266 1
3502 1
3502 1
3502 1
3502 1
3502 1
3502 1
3502 1
3502 1
3502 1
3502 1
3502 1
3502 1
3502 1
3502 1
3502 1
3502 1
3502 1
3502 1
3502 1
3502 1
3502 1
3540 1
3540 1
3540 1
3540 1
3540 1
3540 1
3540 1
3540 1
3540 1
3540 1
3540 1
3540 1
3540 1
3540 1
3540 1
3540 1
3540 1
3540 1
3540 1
3540 1
3540 1
3667 1
3667 1
3667 1
3667 1
3667 1
3667 1
3667 1
3667 1
3667 1
3667 1
3667 1
3667 1
3667 1
3667 1
3667 1
3667 1
3667 1
3667 1
3667 1
3667 1
3667 1
3157 1
3157 1
3157 1
3157 1
3157 1
3157 1
3157 1
3157 1
3157 1
3157 1
3157 1
3157 1
3157 1
3157 1
3157 1
3157 1
3157 1
3157 1
3157 1
3157 1
3157 1
3213 1
3213 1
3213 1
3213 1
3213 1
3213 1
3213 1
3213 1
3213 1
3213 1
3213 1
3213 1
3213 1
3213 1
3213 1
3213 1
3213 1
3213 1
3213 1
3213 1
3213 1
3267 1
3267 1
3267 1
3267 1
3267 1
3267 1
3267 1
3267 1
3267 1
3267 1
3267 1
3267 1
3267 1
3267 1
3267 1
3267 1
3267 1
3267 1
3267 1
3267 1
3267 1
3327 1
3327 1
3327 1
3327 1
3327 1
3327 1
3327 1
3327 1
3327 1
3327 1
3327 1
3327 1
3327 1
3327 1
3327 1
3327 1
3327 1
3327 1
3327 1
3327 1
3327 1
3378 1
3378 1
3378 1
3378 1
3378 1
3378 1
3378 1
3378 1
3378 1
3378 1
3378 1
3378 1
3378 1
3378 1
3378 1
3378 1
3378 1
3378 1
3378 1
3378 1
3378 1
3423 1
3423 1
3423 1
3423 1
3423 1
3423 1
3423 1
3423 1
3423 1
3423 1
3423 1
3423 1
3423 1
3423 1
3423 1
3423 1
3423 1
3423 1
3423 1
3423 1
3423 1
3503 1
3503 1
3503 1
3503 1
3503 1
3503 1
3503 1
3503 1
3503 1
3503 1
3503 1
3503 1
3503 1
3503 1
3503 1
3503 1
3503 1
3503 1
3503 1
3503 1
3503 1
3541 1
3541 1
3541 1
3541 1
3541 1
3541 1
3541 1
3541 1
3541 1
3541 1
3541 1
3541 1
3541 1
3541 1
3541 1
3541 1
3541 1
3541 1
3541 1
3541 1
3541 1
3584 1
3584 1
3584 1
3584 1
3584 1
3584 1
3584 1
3584 1
3584 1
3584 1
3584 1
3584 1
3584 1
3584 1
3584 1
3584 1
3584 1
3584 1
3584 1
3584 1
3584 1
3625 1
3625 1
3625 1
3625 1
3625 1
3625 1
3625 1
3625 1
3625 1
3625 1
3625 1
3625 1
3625 1
3625 1
3625 1
3625 1
3625 1
3625 1
3625 1
3625 1
3625 1
2985 1
2985 1
2985 1
2985 1
2985 1
2985 1
2985 1
2985 1
2985 1
2985 1
2985 1
2985 1
2985 1
2985 1
2985 1
2985 1
2985 1
2985 1
2985 1
2985 1
2985 1
3214 1
3214 1
3214 1
3214 1
3214 1
3214 1
3214 1
3214 1
3214 1
3214 1
3214 1
3214 1
3214 1
3214 1
3214 1
3214 1
3214 1
3214 1
3214 1
3214 1
3214 1
3268 1
3268 1
3268 1
3268 1
3268 1
3268 1
3268 1
3268 1
3268 1
3268 1
3268 1
3268 1
3268 1
3268 1
3268 1
3268 1
3268 1
3268 1
3268 1
3268 1
3268 1
3328 1
3328 1
3328 1
3328 1
3328 1
3328 1
3328 1
3328 1
3328 1
3328 1
3328 1
3328 1
3328 1
3328 1
3328 1
3328 1
3328 1
3328 1
3328 1
3328 1
3328 1
3379 1
3379 1
3379 1
3379 1
3379 1
3379 1
3379 1
3379 1
3379 1
3379 1
3379 1
3379 1
3379 1
3379 1
3379 1
3379 1
3379 1
3379 1
3379 1
3379 1
3379 1
3424 1
3424 1
3424 1
3424 1
3424 1
3424 1
3424 1
3424 1
3424 1
3424 1
3424 1
3424 1
3424 1
3424 1
3424 1
3424 1
3424 1
3424 1
3424 1
3424 1
3424 1
3467 1
3467 1
3467 1
3467 1
3467 1
3467 1
3467 1
3467 1
3467 1
3467 1
3467 1
3467 1
3467 1
3467 1
3467 1
3467 1
3467 1
3467 1
3467 1
3467 1
3467 1
3542 1
3542 1
3542 1
3542 1
3542 1
3542 1
3542 1
3542 1
3542 1
3542 1
3542 1
3542 1
3542 1
3542 1
3542 1
3542 1
3542 1
3542 1
3542 1
3542 1
3542 1
3585 1
3585 1
3585 1
3585 1
3585 1
3585 1
3585 1
3585 1
3585 1
3585 1
3585 1
3585 1
3585 1
3585 1
3585 1
3585 1
3585 1
3585 1
3585 1
3585 1
3585 1
2857 1
2857 1
2857 1
2857 1
2857 1
2857 1
2857 1
2857 1
2857 1
2857 1
2857 1
2857 1
2857 1
2857 1
2857 1
2857 1
2857 1
2857 1
2857 1
2857 1
2857 1
2923 1
2923 1
2923 1
2923 1
2923 1
2923 1
2923 1
2923 1
2923 1
2923 1
2923 1
2923 1
2923 1
2923 1
2923 1
2923 1
2923 1
2923 1
2923 1
2923 1
2923 1
3329 1
3329 1
3329 1
3329 1
3329 1
3329 1
3329 1
3329 1
3329 1
3329 1
3329 1
3329 1
3329 1
3329 1
3329 1
3329 1
3329 1
3329 1
3329 1
3329 1
3329 1
3380 1
3380 1
3380 1
3380 1
3380 1
3380 1
3380 1
3380 1
3380 1
3380 1
3380 1
3380 1
3380 1
3380 1
3380 1
3380 1
3380 1
3380 1
3380 1
3380 1
3380 1
3425 1
3425 1
3425 1
3425 1
3425 1
3425 1
3425 1
3425 1
3425 1
3425 1
3425 1
3425 1
3425 1
3425 1
3425 1
3425 1
3425 1
3425 1
3425 1
3425 1
3425 1
3505 1
3505 1
3505 1
3505 1
3505 1
3505 1
3505 1
3505 1
3505 1
3505 1
3505 1
3505 1
3505 1
3505 1
3505 1
3505 1
3505 1
3505 1
3505 1
3505 1
3505 1
2786 1
2786 1
2786 1
2786 1
2786 1
2786 1
2786 1
2786 1
2786 1
2786 1
2786 1
2786 1
2786 1
2786 1
2786 1
2786 1
2786 1
2786 1
2786 1
2786 1
2786 1
2858 1
2858 1
2858 1
2858 1
2858 1
2858 1
2858 1
2858 1
2858 1
2858 1
2858 1
2858 1
2858 1
2858 1
2858 1
2858 1
2858 1
2858 1
2858 1
2858 1
2858 1
2924 1
2924 1
2924 1
2924 1
2924 1
2924 1
2924 1
2924 1
2924 1
2924 1
2924 1
2924 1
2924 1
2924 1
2924 1
2924 1
2924 1
2924 1
2924 1
2924 1
2924 1
2987 1
2987 1
2987 1
2987 1
2987 1
2987 1
2987 1
2987 1
2987 1
2987 1
2987 1
2987 1
2987 1
2987 1
2987 1
2987 1
2987 1
2987 1
2987 1
2987 1
2987 1
3381 1
3381 1
3381 1
3381 1
3381 1
3381 1
3381 1
3381 1
3381 1
3381 1
3381 1
3381 1
3381 1
3381 1
3381 1
3381 1
3381 1
3381 1
3381 1
3381 1
3381 1
3469 1
3469 1
3469 1
3469 1
3469 1
3469 1
3469 1
3469 1
3469 1
3469 1
3469 1
3469 1
3469 1
3469 1
3469 1
3469 1
3469 1
3469 1
3469 1
3469 1
3469 1
2716 1
2716 1
2716 1
2716 1
2716 1
2716 1
2716 1
2716 1
2716 1
2716 1
2716 1
2716 1
2716 1
2716 1
2716 1
2716 1
2716 1
2716 1
2716 1
2716 1
2716 1
2787 1
2787 1
2787 1
2787 1
2787 1
2787 1
2787 1
2787 1
2787 1
2787 1
2787 1
2787 1
2787 1
2787 1
2787 1
2787 1
2787 1
2787 1
2787 1
2787 1
2787 1
2859 1
2859 1
2859 1
2859 1
2859 1
2859 1
2859 1
2859 1
2859 1
2859 1
2859 1
2859 1
2859 1
2859 1
2859 1
2859 1
2859 1
2859 1
2859 1
2859 1
2859 1
2925 1
2925 1
2925 1
2925 1
2925 1
2925 1
2925 1
2925 1
2925 1
2925 1
2925 1
2925 1
2925 1
2925 1
2925 1
2925 1
2925 1
2925 1
2925 1
2925 1
2925 1
2988 1
2988 1
2988 1
2988 1
2988 1
2988 1
2988 1
2988 1
2988 1
2988 1
2988 1
2988 1
2988 1
2988 1
2988 1
2988 1
2988 1
2988 1
2988 1
2988 1
2988 1
3047 1
3047 1
3047 1
3047 1
3047 1
3047 1
3047 1
3047 1
3047 1
3047 1
3047 1
3047 1
3047 1
3047 1
3047 1
3047 1
3047 1
3047 1
3047 1
3047 1
3047 1
3106 1
3106 1
3106 1
3106 1
3106 1
3106 1
3106 1
3106 1
3106 1
3106 1
3106 1
3106 1
3106 1
3106 1
3106 1
3106 1
3106 1
3106 1
3106 1
3106 1
3106 1
3161 1
3161 1
3161 1
3161 1
3161 1
3161 1
3161 1
3161 1
3161 1
3161 1
3161 1
3161 1
3161 1
3161 1
3161 1
3161 1
3161 1
3161 1
3161 1
3161 1
3161 1
3382 1
3382 1
3382 1
3382 1
3382 1
3382 1
3382 1
3382 1
3382 1
3382 1
3382 1
3382 1
3382 1
3382 1
3382 1
3382 1
3382 1
3382 1
3382 1
3382 1
3382 1
3427 1
3427 1
3427 1
3427 1
3427 1
3427 1
3427 1
3427 1
3427 1
3427 1
3427 1
3427 1
3427 1
3427 1
3427 1
3427 1
3427 1
3427 1
3427 1
3427 1
3427 1
3470 1
3470 1
3470 1
3470 1
3470 1
3470 1
3470 1
3470 1
3470 1
3470 1
3470 1
3470 1
3470 1
3470 1
3470 1
3470 1
3470 1
3470 1
3470 1
3470 1
3470 1
3507 1
3507 1
3507 1
3507 1
3507 1
3507 1
3507 1
3507 1
3507 1
3507 1
3507 1
3507 1
3507 1
3507 1
3507 1
3507 1
3507 1
3507 1
3507 1
3507 1
3507 1
2989 1
2989 1
2989 1
2989 1
2989 1
2989 1
2989 1
2989 1
2989 1
2989 1
2989 1
2989 1
2989 1
2989 1
2989 1
2989 1
2989 1
2989 1
2989 1
2989 1
2989 1
3048 1
3048 1
3048 1
3048 1
3048 1
3048 1
3048 1
3048 1
3048 1
3048 1
3048 1
3048 1
3048 1
3048 1
3048 1
3048 1
3048 1
3048 1
3048 1
3048 1
3048 1
3107 1
3107 1
3107 1
3107 1
3107 1
3107 1
3107 1
3107 1
3107 1
3107 1
3107 1
3107 1
3107 1
3107 1
3107 1
3107 1
3107 1
3107 1
3107 1
3107 1
3107 1
3162 1
3162 1
3162 1
3162 1
3162 1
3162 1
3162 1
3162 1
3162 1
3162 1
3162 1
3162 1
3162 1
3162 1
3162 1
3162 1
3162 1
3162 1
3162 1
3162 1
3162 1
3428 1
3428 1
3428 1
3428 1
3428 1
3428 1
3428 1
3428 1
3428 1
3428 1
3428 1
3428 1
3428 1
3428 1
3428 1
3428 1
3428 1
3428 1
3428 1
3428 1
3428 1
2718 1
2718 1
2718 1
2718 1
2718 1
2718 1
2718 1
2718 1
2718 1
2718 1
2718 1
2718 1
2718 1
2718 1
2718 1
2718 1
2718 1
2718 1
2718 1
2718 1
2718 1
2789 1
2789 1
2789 1
2789 1
2789 1
2789 1
2789 1
2789 1
2789 1
2789 1
2789 1
2789 1
2789 1
2789 1
2789 1
2789 1
2789 1
2789 1
2789 1
2789 1
2789 1
2861 1
2861 1
2861 1
2861 1
2861 1
2861 1
2861 1
2861 1
2861 1
2861 1
2861 1
2861 1
2861 1
2861 1
2861 1
2861 1
2861 1
2861 1
2861 1
2861 1
2861 1
2927 1
2927 1
2927 1
2927 1
2927 1
2927 1
2927 1
2927 1
2927 1
2927 1
2927 1
2927 1
2927 1
2927 1
2927 1
2927 1
2927 1
2927 1
2927 1
2927 1
2927 1
2990 1
2990 1
2990 1
2990 1
2990 1
2990 1
2990 1
2990 1
2990 1
2990 1
2990 1
2990 1
2990 1
2990 1
2990 1
2990 1
2990 1
2990 1
2990 1
2990 1
2990 1
3049 1
3049 1
3049 1
3049 1
3049 1
3049 1
3049 1
3049 1
3049 1
3049 1
3049 1
3049 1
3049 1
3049 1
3049 1
3049 1
3049 1
3049 1
3049 1
3049 1
3049 1
3108 1
3108 1
3108 1
3108 1
3108 1
3108 1
3108 1
3108 1
3108 1
3108 1
3108 1
3108 1
3108 1
3108 1
3108 1
3108 1
3108 1
3108 1
3108 1
3108 1
3108 1
3163 1
3163 1
3163 1
3163 1
3163 1
3163 1
3163 1
3163 1
3163 1
3163 1
3163 1
3163 1
3163 1
3163 1
3163 1
3163 1
3163 1
3163 1
3163 1
3163 1
3163 1
3219 1
3219 1
3219 1
3219 1
3219 1
3219 1
3219 1
3219 1
3219 1
3219 1
3219 1
3219 1
3219 1
3219 1
3219 1
3219 1
3219 1
3219 1
3219 1
3219 1
3219 1
3333 1
3333 1
3333 1
3333 1
3333 1
3333 1
3333 1
3333 1
3333 1
3333 1
3333 1
3333 1
3333 1
3333 1
3333 1
3333 1
3333 1
3333 1
3333 1
3333 1
3333 1
2719 1
2719 1
2719 1
2719 1
2719 1
2719 1
2719 1
2719 1
2719 1
2719 1
2719 1
2719 1
2719 1
2719 1
2719 1
2719 1
2719 1
2719 1
2719 1
2719 1
2719 1
2862 1
2862 1
2862 1
2862 1
2862 1
2862 1
2862 1
2862 1
2862 1
2862 1
2862 1
2862 1
2862 1
2862 1
2862 1
2862 1
2862 1
2862 1
2862 1
2862 1
2862 1
2991 1
2991 1
2991 1
2991 1
2991 1
2991 1
2991 1
2991 1
2991 1
2991 1
2991 1
2991 1
2991 1
2991 1
2991 1
2991 1
2991 1
2991 1
2991 1
2991 1
2991 1
3050 1
3050 1
3050 1
3050 1
3050 1
3050 1
3050 1
3050 1
3050 1
3050 1
3050 1
3050 1
3050 1
3050 1
3050 1
3050 1
3050 1
3050 1
3050 1
3050 1
3050 1
3109 1
3109 1
3109 1
3109 1
3109 1
3109 1
3109 1
3109 1
3109 1
3109 1
3109 1
3109 1
3109 1
3109 1
3109 1
3109 1
3109 1
3109 1
3109 1
3109 1
3109 1
3164 1
3164 1
3164 1
3164 1
3164 1
3164 1
3164 1
3164 1
3164 1
3164 1
3164 1
3164 1
3164 1
3164 1
3164 1
3164 1
3164 1
3164 1
3164 1
3164 1
3164 1
1664 1
1664 1
1664 1
1664 1
1664 1
1664 1
1664 1
1664 1
1664 1
1664 1
1664 1
1664 1
1664 1
1664 1
1664 1
1664 1
1664 1
1664 1
1664 1
1664 1
1664 1
1848 1
1848 1
1848 1
1848 1
1848 1
1848 1
1848 1
1848 1
1848 1
1848 1
1848 1
1848 1
1848 1
1848 1
1848 1
1848 1
1848 1
1848 1
1848 1
1848 1
1848 1
2791 1
2791 1
2791 1
2791 1
2791 1
2791 1
2791 1
2791 1
2791 1
2791 1
2791 1
2791 1
2791 1
2791 1
2791 1
2791 1
2791 1
2791 1
2791 1
2791 1
2791 1
2863 1
2863 1
2863 1
2863 1
2863 1
2863 1
2863 1
2863 1
2863 1
2863 1
2863 1
2863 1
2863 1
2863 1
2863 1
2863 1
2863 1
2863 1
2863 1
2863 1
2863 1
2929 1
2929 1
2929 1
2929 1
2929 1
2929 1
2929 1
2929 1
2929 1
2929 1
2929 1
2929 1
2929 1
2929 1
2929 1
2929 1
2929 1
2929 1
2929 1
2929 1
2929 1
2992 1
2992 1
2992 1
2992 1
2992 1
2992 1
2992 1
2992 1
2992 1
2992 1
2992 1
2992 1
2992 1
2992 1
2992 1
2992 1
2992 1
2992 1
2992 1
2992 1
2992 1
3051 1
3051 1
3051 1
3051 1
3051 1
3051 1
3051 1
3051 1
3051 1
3051 1
3051 1
3051 1
3051 1
3051 1
3051 1
3051 1
3051 1
3051 1
3051 1
3051 1
3051 1
3110 1
3110 1
3110 1
3110 1
3110 1
3110 1
3110 1
3110 1
3110 1
3110 1
3110 1
3110 1
3110 1
3110 1
3110 1
3110 1
3110 1
3110 1
3110 1
3110 1
3110 1
1665 1
1665 1
1665 1
1665 1
1665 1
1665 1
1665 1
1665 1
1665 1
1665 1
1665 1
1665 1
1665 1
1665 1
1665 1
1665 1
1665 1
1665 1
1665 1
1665 1
1665 1
1755 1
1755 1
1755 1
1755 1
1755 1
1755 1
1755 1
1755 1
1755 1
1755 1
1755 1
1755 1
1755 1
1755 1
1755 1
1755 1
1755 1
1755 1
1755 1
1755 1
1755 1
1941 1
1941 1
1941 1
1941 1
1941 1
1941 1
1941 1
1941 1
1941 1
1941 1
1941 1
1941 1
1941 1
1941 1
1941 1
1941 1
1941 1
1941 1
1941 1
1941 1
1941 1
2036 1
2036 1
2036 1
2036 1
2036 1
2036 1
2036 1
2036 1
2036 1
2036 1
2036 1
2036 1
2036 1
2036 1
2036 1
2036 1
2036 1
2036 1
2036 1
2036 1
2036 1
2130 1
2130 1
2130 1
2130 1
2130 1
2130 1
2130 1
2130 1
2130 1
2130 1
2130 1
2130 1
2130 1
2130 1
2130 1
2130 1
2130 1
2130 1
2130 1
2130 1
2130 1
2225 1
2225 1
2225 1
2225 1
2225 1
2225 1
2225 1
2225 1
2225 1
2225 1
2225 1
2225 1
2225 1
2225 1
2225 1
2225 1
2225 1
2225 1
2225 1
2225 1
2225 1
