pt_graph met
5231 10
5282 10
5291 10
5309 10
5311 10
5312 10
5313 10
5317 10
5318 10
5340 10
5341 10
5342 10
5343 10
5345 10
5348 10
5350 10
5371 10
5372 10
5373 10
5403 10
5410 10
5437 10
5439 10
5468 10
5469 10
5499 10
5500 10
5535 10
5536 10
5573 10
5574 10
5577 10
5613 10
5615 10
5617 10
5620 10
5638 11
5639 11
5659 10
5661 10
5662 10
5665 10
5666 10
5672 11
5683 11
5685 11
5706 10
5709 10
5710 10
5711 10
5716 11
5717 11
5733 10
5752 10
5759 10
5781 10
5785 10
5793 10
5795 10
5799 10
5800 10
5826 10
5827 10
5837 10
5854 10
5860 10
5867 10
5871 11
5882 10
5905 10
5907 10
5919 10
5920 11
5926 11
5945 10
5946 10
5983 10
5984 10
5994 10
6000 11
6019 10
6020 10
6024 10
6025 10
6031 10
6032 10
6033 10
6034 10
6037 10
6058 10
6062 10
6063 10
6072 10
6076 11
6077 11
6100 10
6101 10
6126 11
6136 10
6137 10
6145 10
6165 10
6166 10
6175 10
6204 10
6205 10
6210 10
6211 10
6213 10
6214 10
6215 10
6242 10
6243 10
6250 10
6252 10
6253 10
6255 10
6258 10
6276 11
6283 10
6284 10
6290 10
6292 10
6293 10
6294 10
6295 10
6309 10
6327 10
6329 10
6330 10
6332 10
6333 10
6334 10
6336 10
6347 10
6363 10
6364 10
6365 10
6366 10
6371 10
6373 10
6374 10
6375 10
6387 10
6397 11
6410 10
6411 10
6413 10
6414 10
6415 10
6416 10
6445 10
6449 10
6451 10
6452 10
6453 10
6454 10
6455 10
6456 10
6461 10
6462 10
6484 10
6490 10
6491 10
6492 10
6494 10
6495 10
6496 10
6497 10
6498 10
6524 10
6527 10
6530 10
6531 10
6534 10
6535 10
6536 10
6537 10
6538 10
6542 10
6544 10
6561 10
6565 10
6566 10
6567 10
6568 10
6569 10
6573 10
6574 10
6575 10
6576 10
6577 10
6578 10
6579 10
6581 10
6582 10
6583 10
6584 10
6603 10
6605 10
6606 10
6607 10
6608 10
6610 10
6611 10
6613 10
6614 10
6615 10
6616 10
6617 10
6618 10
6619 10
6620 10
6621 10
6623 10
6640 10
6641 10
6642 10
6644 10
6645 10
6646 10
6648 10
6652 10
6653 10
6654 10
6655 10
6657 10
6659 10
6660 10
6663 10
6682 10
6683 10
6685 10
6686 10
6687 10
6688 10
6690 10
6691 10
6692 10
6693 10
6694 10
6695 10
6696 10
6697 10
6699 10
6700 10
6701 10
6702 10
6709 10
6721 10
6722 10
6723 10
6724 10
6727 10
6728 10
6730 10
6731 10
6732 10
6733 10
6734 10
6735 10
6736 10
6737 10
6738 10
6739 10
6758 10
6760 10
6761 10
6764 10
6765 10
6767 10
6769 10
6770 10
6771 10
6772 10
6773 10
6774 10
6784 10
6786 11
6795 10
6797 10
6798 10
6799 10
6803 10
6805 10
6807 10
6808 10
6811 10
6813 10
6834 10
6835 10
6836 10
6839 10
6842 10
6843 10
6844 10
6845 10
6846 10
6848 10
6850 10
6851 10
6870 10
6873 10
6874 10
6878 10
6882 10
6883 10
6884 10
6886 10
6887 10
6899 10
6912 10
6913 10
6919 10
6920 10
6922 10
6923 10
6925 10
6928 10
6965 10
6966 10
6967 10
6995 10
7039 10
7043 10
7051 10
7052 10
7134 10
7141 10
7179 10
7180 10
7184 10
7185 10
7191 10
7217 10
7237 10
7239 10
7275 10
7303 10
7316 10
7319 10
7392 10
7393 10
7405 11
7408 10
7411 10
7449 10
7451 10
7493 10
7514 10
7552 10
7553 10
7616 10
7617 10
7626 10
7681 10
7693 10
7752 10
7753 10
7761 10
7762 10
7763 10
7800 11
7825 10
7827 10
7831 10
7832 10
7833 10
7834 10
7836 10
7871 11
7898 10
7905 10
7906 10
7908 10
7973 10
7980 10
7981 10
7982 10
8021 11
8050 10
8051 10
8054 10
8055 10
8130 10
8132 10
8133 10
8145 10
8214 10
8215 10
8293 10
8302 10
8303 10
8394 10
8395 10
8480 10
8482 10
8489 10
8490 10
8491 10
8579 10
8585 10
8586 10
8587 10
8588 10
8690 10
8691 10
8692 10
8791 10
8793 10
8798 10
8799 10
8800 10
8801 10
8910 10
8911 10
8912 10
9026 10
9027 10
9028 10
9144 10
9145 10
9146 10
9264 10
9265 10
9267 10
9268 10
9386 10
9387 10
9388 10
9389 10
9390 10
9510 10
9511 10
9512 10
9513 10
9514 10
9631 10
9633 10
9634 10
9635 10
9636 10
9751 10
9752 10
9753 10
9870 10
9875 10
9993 10
9997 10
10245 10
10369 10
10373 10
10375 10
10376 10
10490 10
10498 10
10500 10
10619 10
10621 10
10622 10
10623 10
10740 10
10741 10
10744 10
10855 10
10859 10
10860 10
10861 10
10862 10
10863 10
10866 10
10971 10
10981 10
10982 10
10983 10
10984 10
10985 10
11106 10
11107 10
11108 10
11110 10
11111 10
11112 10
11113 10
11225 10
11231 10
11232 10
11233 10
11234 10
11236 10
11238 10
11242 10
11363 10
11364 10
11365 10
11366 10
11368 10
11369 10
11370 10
11371 10
11372 10
11373 10
11374 10
11375 10
11377 10
11500 10
11501 10
11504 10
11505 10
11507 10
11508 10
11509 10
11510 10
11516 10
11519 10
11643 11
11645 10
11646 10
11647 10
11648 10
11650 10
11652 10
11653 10
11654 10
11655 10
11656 10
11787 10
11788 10
11790 10
11791 10
11792 10
11796 10
11797 10
11802 10
11804 10
11929 10
11932 10
11933 10
11934 10
11935 10
11936 10
11937 10
11939 10
11940 10
11948 10
11950 10
12078 11
12080 10
12082 10
12085 10
12087 10
12088 10
12089 10
12090 10
12091 10
12092 10
12093 10
12094 10
12095 10
12096 10
12097 10
12101 10
12102 10
12103 10
12240 10
12241 10
12242 10
12243 10
12244 10
12245 10
12246 10
12247 10
12248 10
12249 10
12250 10
12251 10
12252 10
12256 10
12257 10
12280 11
12395 10
12398 11
12403 10
12404 10
12405 10
12406 10
12408 10
12409 10
12410 10
12411 10
12412 10
12413 10
12414 10
12415 10
12419 10
12421 10
12422 10
12444 11
12558 10
12564 10
12569 10
12572 10
12573 10
12574 10
12575 10
12576 10
12577 10
12578 10
12579 10
12583 10
12584 10
12608 11
12734 11
12735 10
12739 10
12740 10
12742 10
12743 10
12744 10
12745 10
12746 10
12747 10
12748 10
12779 11
12895 11
12901 10
12907 10
12908 10
12912 10
12915 10
12925 10
12949 11
12950 11
13067 11
13086 10
13124 11
13244 10
13246 10
13248 10
13251 11
13271 10
13272 10
13274 10
13298 11
13420 10
13424 10
13590 11
13774 10
13805 10
13952 11
13953 11
13958 10
13986 10
14135 11
14137 10
14319 10
14539 10
14903 10
14905 10
15617 10
16141 10
16484 10
16808 10
17328 10
17503 10
17674 10
17680 10
17851 10
17855 10
17856 10
18028 10
18194 10
18198 10
18202 10
18206 10
18548 10
18552 10
18555 10
18724 10
18743 10
18744 10
18901 10
18917 10
18918 10
19610 10
19626 10
19627 10
19782 10
19962 10
19964 10
20135 10
20136 10
20465 10
20747 10
20750 10
37084 11
37423 10
