pt_graph freq
732 1
872 1
873 1
875 1
917 1
918 1
919 1
920 1
968 1
1024 1
1082 1
1150 1
1219 1
1221 1
1296 1
1547 1
1548 1
1549 1
1583 1
1627 1
1664 1
1665 1
1666 1
1667 1
1668 1
1669 1
1712 1
1757 1
1759 1
1817 1
1829 1
1848 1
1853 1
1905 1
1920 1
1941 1
1943 1
1945 1
1997 1
2036 1
2038 1
2039 1
2040 1
2070 1
2090 1
2130 1
2131 1
2132 1
2133 1
2134 1
2135 1
2167 1
2186 1
2202 1
2225 1
2226 1
2227 1
2228 1
2229 1
2258 1
2273 1
2315 1
2316 1
2317 1
2318 1
2319 1
2349 1
2406 1
2407 1
2408 1
2409 1
2411 1
2447 1
2492 1
2493 1
2494 1
2495 1
2496 1
2522 1
2574 1
2575 1
2576 1
2577 1
2578 1
2579 1
2646 1
2651 1
2652 1
2653 1
2654 1
2655 1
2672 1
2718 1
2719 1
2722 1
2723 1
2724 1
2725 1
2726 1
2742 1
2743 1
2786 1
2788 1
2789 1
2790 1
2791 1
2793 1
2794 1
2795 1
2796 1
2799 1
2816 1
2857 1
2858 1
2859 1
2860 1
2861 1
2862 1
2863 1
2865 1
2866 1
2867 1
2871 1
2882 1
2923 1
2924 1
2925 1
2926 1
2927 1
2930 1
2931 1
2932 1
2934 1
2935 1
2947 1
2985 1
2988 1
2989 1
2990 1
2991 1
2992 1
2994 1
2998 1
3006 1
3034 1
3043 1
3047 1
3048 1
3049 1
3050 1
3051 1
3054 1
3065 1
3095 1
3102 1
3106 1
3107 1
3108 1
3109 1
3111 1
3112 1
3147 1
3156 1
3157 1
3162 1
3163 1
3164 1
3175 1
3209 1
3210 1
3212 1
3213 1
3214 1
3219 1
3221 1
3231 1
3260 1
3264 1
3266 1
3267 1
3268 1
3269 1
3272 1
3290 1
3315 1
3320 1
3321 1
3323 1
3327 1
3328 1
3329 1
3333 1
3344 1
3366 1
3374 1
3378 1
3379 1
3380 1
3410 1
3412 1
3417 1
3423 1
3424 1
3427 1
3462 1
3469 1
3470 1
3489 1
3499 1
3500 1
3502 1
3503 1
3505 1
3507 1
3508 1
3526 1
3538 1
3540 1
3541 1
3542 1
3569 1
3576 1
3577 1
3578 1
3579 1
3581 1
3582 1
3584 1
3585 1
3617 1
3618 1
3619 1
3620 1
3622 1
3623 1
3625 1
3659 1
3660 1
3662 1
3663 1
3664 1
3665 1
3666 1
3668 1
3700 1
3701 1
3702 1
3703 1
3704 1
3705 1
3739 1
3777 1
4190 1
4209 1
4276 1
4293 1
4320 1
4465 1
4484 1
4488 1
4499 1
4514 1
4541 1
4545 1
4600 1
4631 1
4632 1
4633 1
4662 1
4663 1
4668 1
4725 1
4726 1
4728 1
4789 1
4804 1
4805 1
4806 1
4825 1
4826 1
4827 1
4841 1
4842 1
4843 1
4864 1
4867 1
4869 1
4884 1
4886 1
4928 1
4930 1
4955 1
4975 1
4976 1
5001 1
5023 1
5042 1
5047 1
5062 1
5085 1
5090 1
5091 1
5110 1
5126 1
5130 1
5133 1
5135 1
5157 1
5158 1
5159 1
5173 1
5176 1
5209 1
5210 1
5248 1
5275 1
5314 1
5354 1
5362 1
5389 1
5390 1
5404 1
5426 1
5427 1
5442 1
5465 1
5466 1
5503 1
5504 1
5543 1
5544 1
5545 1
5583 1
5584 1
5624 1
27289 1
