pt_graph shape
1152 1
1152 1
1152 1
1152 1
1152 1
1152 1
1152 1
1152 1
1152 1
1152 1
1152 1
1152 1
1152 1
1152 1
1152 1
1152 1
1152 1
1152 1
1152 1
1152 1
1152 1
1221 1
1221 1
1221 1
1221 1
1221 1
1221 1
1221 1
1221 1
1221 1
1221 1
1221 1
1221 1
1221 1
1221 1
1221 1
1221 1
1221 1
1221 1
1221 1
1221 1
1221 1
605 1
605 1
605 1
605 1
605 1
605 1
605 1
605 1
605 1
605 1
605 1
605 1
605 1
605 1
605 1
605 1
605 1
605 1
605 1
605 1
605 1
776 1
776 1
776 1
776 1
776 1
776 1
776 1
776 1
776 1
776 1
776 1
776 1
776 1
776 1
776 1
776 1
776 1
776 1
776 1
776 1
776 1
824 1
824 1
824 1
824 1
824 1
824 1
824 1
824 1
824 1
824 1
824 1
824 1
824 1
824 1
824 1
824 1
824 1
824 1
824 1
824 1
824 1
873 1
873 1
873 1
873 1
873 1
873 1
873 1
873 1
873 1
873 1
873 1
873 1
873 1
873 1
873 1
873 1
873 1
873 1
873 1
873 1
873 1
920 1
920 1
920 1
920 1
920 1
920 1
920 1
920 1
920 1
920 1
920 1
920 1
920 1
920 1
920 1
920 1
920 1
920 1
920 1
920 1
920 1
970 1
970 1
970 1
970 1
970 1
970 1
970 1
970 1
970 1
970 1
970 1
970 1
970 1
970 1
970 1
970 1
970 1
970 1
970 1
970 1
970 1
1222 1
1222 1
1222 1
1222 1
1222 1
1222 1
1222 1
1222 1
1222 1
1222 1
1222 1
1222 1
1222 1
1222 1
1222 1
1222 1
1222 1
1222 1
1222 1
1222 1
1222 1
1299 1
1299 1
1299 1
1299 1
1299 1
1299 1
1299 1
1299 1
1299 1
1299 1
1299 1
1299 1
1299 1
1299 1
1299 1
1299 1
1299 1
1299 1
1299 1
1299 1
1299 1
874 1
874 1
874 1
874 1
874 1
874 1
874 1
874 1
874 1
874 1
874 1
874 1
874 1
874 1
874 1
874 1
874 1
874 1
874 1
874 1
874 1
921 1
921 1
921 1
921 1
921 1
921 1
921 1
921 1
921 1
921 1
921 1
921 1
921 1
921 1
921 1
921 1
921 1
921 1
921 1
921 1
921 1
826 1
826 1
826 1
826 1
826 1
826 1
826 1
826 1
826 1
826 1
826 1
826 1
826 1
826 1
826 1
826 1
826 1
826 1
826 1
826 1
826 1
875 1
875 1
875 1
875 1
875 1
875 1
875 1
875 1
875 1
875 1
875 1
875 1
875 1
875 1
875 1
875 1
875 1
875 1
875 1
875 1
875 1
1086 1
1086 1
1086 1
1086 1
1086 1
1086 1
1086 1
1086 1
1086 1
1086 1
1086 1
1086 1
1086 1
1086 1
1086 1
1086 1
1086 1
1086 1
1086 1
1086 1
1086 1
876 1
876 1
876 1
876 1
876 1
876 1
876 1
876 1
876 1
876 1
876 1
876 1
876 1
876 1
876 1
876 1
876 1
876 1
876 1
876 1
876 1
1990 1
1990 1
1990 1
1990 1
1990 1
1990 1
1990 1
1990 1
1990 1
1990 1
1990 1
1990 1
1990 1
1990 1
1990 1
1990 1
1990 1
1990 1
1990 1
1990 1
1990 1
3563 1
3563 1
3563 1
3563 1
3563 1
3563 1
3563 1
3563 1
3563 1
3563 1
3563 1
3563 1
3563 1
3563 1
3563 1
3563 1
3563 1
3563 1
3563 1
3563 1
3563 1
317 1
317 1
317 1
317 1
317 1
317 1
317 1
317 1
317 1
317 1
317 1
317 1
317 1
317 1
317 1
317 1
317 1
317 1
317 1
317 1
317 1
688 1
688 1
688 1
688 1
688 1
688 1
688 1
688 1
688 1
688 1
688 1
688 1
688 1
688 1
688 1
688 1
688 1
688 1
688 1
688 1
688 1
731 1
731 1
731 1
731 1
731 1
731 1
731 1
731 1
731 1
731 1
731 1
731 1
731 1
731 1
731 1
731 1
731 1
731 1
731 1
731 1
731 1
1632 1
1632 1
1632 1
1632 1
1632 1
1632 1
1632 1
1632 1
1632 1
1632 1
1632 1
1632 1
1632 1
1632 1
1632 1
1632 1
1632 1
1632 1
1632 1
1632 1
1632 1
1991 1
1991 1
1991 1
1991 1
1991 1
1991 1
1991 1
1991 1
1991 1
1991 1
1991 1
1991 1
1991 1
1991 1
1991 1
1991 1
1991 1
1991 1
1991 1
1991 1
1991 1
3795 1
3795 1
3795 1
3795 1
3795 1
3795 1
3795 1
3795 1
3795 1
3795 1
3795 1
3795 1
3795 1
3795 1
3795 1
3795 1
3795 1
3795 1
3795 1
3795 1
3795 1
355 1
355 1
355 1
355 1
355 1
355 1
355 1
355 1
355 1
355 1
355 1
355 1
355 1
355 1
355 1
355 1
355 1
355 1
355 1
355 1
355 1
649 1
649 1
649 1
649 1
649 1
649 1
649 1
649 1
649 1
649 1
649 1
649 1
649 1
649 1
649 1
649 1
649 1
649 1
649 1
649 1
649 1
732 1
732 1
732 1
732 1
732 1
732 1
732 1
732 1
732 1
732 1
732 1
732 1
732 1
732 1
732 1
732 1
732 1
732 1
732 1
732 1
732 1
1718 1
1718 1
1718 1
1718 1
1718 1
1718 1
1718 1
1718 1
1718 1
1718 1
1718 1
1718 1
1718 1
1718 1
1718 1
1718 1
1718 1
1718 1
1718 1
1718 1
1718 1
2084 1
2084 1
2084 1
2084 1
2084 1
2084 1
2084 1
2084 1
2084 1
2084 1
2084 1
2084 1
2084 1
2084 1
2084 1
2084 1
2084 1
2084 1
2084 1
2084 1
2084 1
2180 1
2180 1
2180 1
2180 1
2180 1
2180 1
2180 1
2180 1
2180 1
2180 1
2180 1
2180 1
2180 1
2180 1
2180 1
2180 1
2180 1
2180 1
2180 1
2180 1
2180 1
2451 1
2451 1
2451 1
2451 1
2451 1
2451 1
2451 1
2451 1
2451 1
2451 1
2451 1
2451 1
2451 1
2451 1
2451 1
2451 1
2451 1
2451 1
2451 1
2451 1
2451 1
282 1
282 1
282 1
282 1
282 1
282 1
282 1
282 1
282 1
282 1
282 1
282 1
282 1
282 1
282 1
282 1
282 1
282 1
282 1
282 1
282 1
318 1
318 1
318 1
318 1
318 1
318 1
318 1
318 1
318 1
318 1
318 1
318 1
318 1
318 1
318 1
318 1
318 1
318 1
318 1
318 1
318 1
356 1
356 1
356 1
356 1
356 1
356 1
356 1
356 1
356 1
356 1
356 1
356 1
356 1
356 1
356 1
356 1
356 1
356 1
356 1
356 1
356 1
397 1
397 1
397 1
397 1
397 1
397 1
397 1
397 1
397 1
397 1
397 1
397 1
397 1
397 1
397 1
397 1
397 1
397 1
397 1
397 1
397 1
438 1
438 1
438 1
438 1
438 1
438 1
438 1
438 1
438 1
438 1
438 1
438 1
438 1
438 1
438 1
438 1
438 1
438 1
438 1
438 1
438 1
2085 1
2085 1
2085 1
2085 1
2085 1
2085 1
2085 1
2085 1
2085 1
2085 1
2085 1
2085 1
2085 1
2085 1
2085 1
2085 1
2085 1
2085 1
2085 1
2085 1
2085 1
27479 1
27479 1
27479 1
27479 1
27479 1
27479 1
27479 1
27479 1
27479 1
27479 1
27479 1
27479 1
27479 1
27479 1
27479 1
27479 1
27479 1
27479 1
27479 1
27479 1
27479 1
608 1
608 1
608 1
608 1
608 1
608 1
608 1
608 1
608 1
608 1
608 1
608 1
608 1
608 1
608 1
608 1
608 1
608 1
608 1
608 1
608 1
733 1
733 1
733 1
733 1
733 1
733 1
733 1
733 1
733 1
733 1
733 1
733 1
733 1
733 1
733 1
733 1
733 1
733 1
733 1
733 1
733 1
2086 1
2086 1
2086 1
2086 1
2086 1
2086 1
2086 1
2086 1
2086 1
2086 1
2086 1
2086 1
2086 1
2086 1
2086 1
2086 1
2086 1
2086 1
2086 1
2086 1
2086 1
2182 1
2182 1
2182 1
2182 1
2182 1
2182 1
2182 1
2182 1
2182 1
2182 1
2182 1
2182 1
2182 1
2182 1
2182 1
2182 1
2182 1
2182 1
2182 1
2182 1
2182 1
2271 1
2271 1
2271 1
2271 1
2271 1
2271 1
2271 1
2271 1
2271 1
2271 1
2271 1
2271 1
2271 1
2271 1
2271 1
2271 1
2271 1
2271 1
2271 1
2271 1
2271 1
2362 1
2362 1
2362 1
2362 1
2362 1
2362 1
2362 1
2362 1
2362 1
2362 1
2362 1
2362 1
2362 1
2362 1
2362 1
2362 1
2362 1
2362 1
2362 1
2362 1
2362 1
3834 1
3834 1
3834 1
3834 1
3834 1
3834 1
3834 1
3834 1
3834 1
3834 1
3834 1
3834 1
3834 1
3834 1
3834 1
3834 1
3834 1
3834 1
3834 1
3834 1
3834 1
1900 1
1900 1
1900 1
1900 1
1900 1
1900 1
1900 1
1900 1
1900 1
1900 1
1900 1
1900 1
1900 1
1900 1
1900 1
1900 1
1900 1
1900 1
1900 1
1900 1
1900 1
2272 1
2272 1
2272 1
2272 1
2272 1
2272 1
2272 1
2272 1
2272 1
2272 1
2272 1
2272 1
2272 1
2272 1
2272 1
2272 1
2272 1
2272 1
2272 1
2272 1
2272 1
3835 1
3835 1
3835 1
3835 1
3835 1
3835 1
3835 1
3835 1
3835 1
3835 1
3835 1
3835 1
3835 1
3835 1
3835 1
3835 1
3835 1
3835 1
3835 1
3835 1
3835 1
3873 1
3873 1
3873 1
3873 1
3873 1
3873 1
3873 1
3873 1
3873 1
3873 1
3873 1
3873 1
3873 1
3873 1
3873 1
3873 1
3873 1
3873 1
3873 1
3873 1
3873 1
1901 1
1901 1
1901 1
1901 1
1901 1
1901 1
1901 1
1901 1
1901 1
1901 1
1901 1
1901 1
1901 1
1901 1
1901 1
1901 1
1901 1
1901 1
1901 1
1901 1
1901 1
2184 1
2184 1
2184 1
2184 1
2184 1
2184 1
2184 1
2184 1
2184 1
2184 1
2184 1
2184 1
2184 1
2184 1
2184 1
2184 1
2184 1
2184 1
2184 1
2184 1
2184 1
2273 1
2273 1
2273 1
2273 1
2273 1
2273 1
2273 1
2273 1
2273 1
2273 1
2273 1
2273 1
2273 1
2273 1
2273 1
2273 1
2273 1
2273 1
2273 1
2273 1
2273 1
2454 1
2454 1
2454 1
2454 1
2454 1
2454 1
2454 1
2454 1
2454 1
2454 1
2454 1
2454 1
2454 1
2454 1
2454 1
2454 1
2454 1
2454 1
2454 1
2454 1
2454 1
2537 1
2537 1
2537 1
2537 1
2537 1
2537 1
2537 1
2537 1
2537 1
2537 1
2537 1
2537 1
2537 1
2537 1
2537 1
2537 1
2537 1
2537 1
2537 1
2537 1
2537 1
3914 1
3914 1
3914 1
3914 1
3914 1
3914 1
3914 1
3914 1
3914 1
3914 1
3914 1
3914 1
3914 1
3914 1
3914 1
3914 1
3914 1
3914 1
3914 1
3914 1
3914 1
4173 1
4173 1
4173 1
4173 1
4173 1
4173 1
4173 1
4173 1
4173 1
4173 1
4173 1
4173 1
4173 1
4173 1
4173 1
4173 1
4173 1
4173 1
4173 1
4173 1
4173 1
4283 1
4283 1
4283 1
4283 1
4283 1
4283 1
4283 1
4283 1
4283 1
4283 1
4283 1
4283 1
4283 1
4283 1
4283 1
4283 1
4283 1
4283 1
4283 1
4283 1
4283 1
4314 1
4314 1
4314 1
4314 1
4314 1
4314 1
4314 1
4314 1
4314 1
4314 1
4314 1
4314 1
4314 1
4314 1
4314 1
4314 1
4314 1
4314 1
4314 1
4314 1
4314 1
2185 1
2185 1
2185 1
2185 1
2185 1
2185 1
2185 1
2185 1
2185 1
2185 1
2185 1
2185 1
2185 1
2185 1
2185 1
2185 1
2185 1
2185 1
2185 1
2185 1
2185 1
4174 1
4174 1
4174 1
4174 1
4174 1
4174 1
4174 1
4174 1
4174 1
4174 1
4174 1
4174 1
4174 1
4174 1
4174 1
4174 1
4174 1
4174 1
4174 1
4174 1
4174 1
27466 1
27466 1
27466 1
27466 1
27466 1
27466 1
27466 1
27466 1
27466 1
27466 1
27466 1
27466 1
27466 1
27466 1
27466 1
27466 1
27466 1
27466 1
27466 1
27466 1
27466 1
1903 1
1903 1
1903 1
1903 1
1903 1
1903 1
1903 1
1903 1
1903 1
1903 1
1903 1
1903 1
1903 1
1903 1
1903 1
1903 1
1903 1
1903 1
1903 1
1903 1
1903 1
1996 1
1996 1
1996 1
1996 1
1996 1
1996 1
1996 1
1996 1
1996 1
1996 1
1996 1
1996 1
1996 1
1996 1
1996 1
1996 1
1996 1
1996 1
1996 1
1996 1
1996 1
2090 1
2090 1
2090 1
2090 1
2090 1
2090 1
2090 1
2090 1
2090 1
2090 1
2090 1
2090 1
2090 1
2090 1
2090 1
2090 1
2090 1
2090 1
2090 1
2090 1
2090 1
2186 1
2186 1
2186 1
2186 1
2186 1
2186 1
2186 1
2186 1
2186 1
2186 1
2186 1
2186 1
2186 1
2186 1
2186 1
2186 1
2186 1
2186 1
2186 1
2186 1
2186 1
1633 1
1633 1
1633 1
1633 1
1633 1
1633 1
1633 1
1633 1
1633 1
1633 1
1633 1
1633 1
1633 1
1633 1
1633 1
1633 1
1633 1
1633 1
1633 1
1633 1
1633 1
1720 1
1720 1
1720 1
1720 1
1720 1
1720 1
1720 1
1720 1
1720 1
1720 1
1720 1
1720 1
1720 1
1720 1
1720 1
1720 1
1720 1
1720 1
1720 1
1720 1
1720 1
1904 1
1904 1
1904 1
1904 1
1904 1
1904 1
1904 1
1904 1
1904 1
1904 1
1904 1
1904 1
1904 1
1904 1
1904 1
1904 1
1904 1
1904 1
1904 1
1904 1
1904 1
1997 1
1997 1
1997 1
1997 1
1997 1
1997 1
1997 1
1997 1
1997 1
1997 1
1997 1
1997 1
1997 1
1997 1
1997 1
1997 1
1997 1
1997 1
1997 1
1997 1
1997 1
2091 1
2091 1
2091 1
2091 1
2091 1
2091 1
2091 1
2091 1
2091 1
2091 1
2091 1
2091 1
2091 1
2091 1
2091 1
2091 1
2091 1
2091 1
2091 1
2091 1
2091 1
2187 1
2187 1
2187 1
2187 1
2187 1
2187 1
2187 1
2187 1
2187 1
2187 1
2187 1
2187 1
2187 1
2187 1
2187 1
2187 1
2187 1
2187 1
2187 1
2187 1
2187 1
1905 1
1905 1
1905 1
1905 1
1905 1
1905 1
1905 1
1905 1
1905 1
1905 1
1905 1
1905 1
1905 1
1905 1
1905 1
1905 1
1905 1
1905 1
1905 1
1905 1
1905 1
28204 1
28204 1
28204 1
28204 1
28204 1
28204 1
28204 1
28204 1
28204 1
28204 1
28204 1
28204 1
28204 1
28204 1
28204 1
28204 1
28204 1
28204 1
28204 1
28204 1
28204 1
1724 1
1724 1
1724 1
1724 1
1724 1
1724 1
1724 1
1724 1
1724 1
1724 1
1724 1
1724 1
1724 1
1724 1
1724 1
1724 1
1724 1
1724 1
1724 1
1724 1
1724 1
1817 1
1817 1
1817 1
1817 1
1817 1
1817 1
1817 1
1817 1
1817 1
1817 1
1817 1
1817 1
1817 1
1817 1
1817 1
1817 1
1817 1
1817 1
1817 1
1817 1
1817 1
1726 1
1726 1
1726 1
1726 1
1726 1
1726 1
1726 1
1726 1
1726 1
1726 1
1726 1
1726 1
1726 1
1726 1
1726 1
1726 1
1726 1
1726 1
1726 1
1726 1
1726 1
1819 1
1819 1
1819 1
1819 1
1819 1
1819 1
1819 1
1819 1
1819 1
1819 1
1819 1
1819 1
1819 1
1819 1
1819 1
1819 1
1819 1
1819 1
1819 1
1819 1
1819 1
1091 1
1091 1
1091 1
1091 1
1091 1
1091 1
1091 1
1091 1
1091 1
1091 1
1091 1
1091 1
1091 1
1091 1
1091 1
1091 1
1091 1
1091 1
1091 1
1091 1
1091 1
1639 1
1639 1
1639 1
1639 1
1639 1
1639 1
1639 1
1639 1
1639 1
1639 1
1639 1
1639 1
1639 1
1639 1
1639 1
1639 1
1639 1
1639 1
1639 1
1639 1
1639 1
2689 1
2689 1
2689 1
2689 1
2689 1
2689 1
2689 1
2689 1
2689 1
2689 1
2689 1
2689 1
2689 1
2689 1
2689 1
2689 1
2689 1
2689 1
2689 1
2689 1
2689 1
2542 1
2542 1
2542 1
2542 1
2542 1
2542 1
2542 1
2542 1
2542 1
2542 1
2542 1
2542 1
2542 1
2542 1
2542 1
2542 1
2542 1
2542 1
2542 1
2542 1
2542 1
2376 1
2376 1
2376 1
2376 1
2376 1
2376 1
2376 1
2376 1
2376 1
2376 1
2376 1
2376 1
2376 1
2376 1
2376 1
2376 1
2376 1
2376 1
2376 1
2376 1
2376 1
2763 1
2763 1
2763 1
2763 1
2763 1
2763 1
2763 1
2763 1
2763 1
2763 1
2763 1
2763 1
2763 1
2763 1
2763 1
2763 1
2763 1
2763 1
2763 1
2763 1
2763 1
3307 1
3307 1
3307 1
3307 1
3307 1
3307 1
3307 1
3307 1
3307 1
3307 1
3307 1
3307 1
3307 1
3307 1
3307 1
3307 1
3307 1
3307 1
3307 1
3307 1
3307 1
1826 1
1826 1
1826 1
1826 1
1826 1
1826 1
1826 1
1826 1
1826 1
1826 1
1826 1
1826 1
1826 1
1826 1
1826 1
1826 1
1826 1
1826 1
1826 1
1826 1
1826 1
3768 1
3768 1
3768 1
3768 1
3768 1
3768 1
3768 1
3768 1
3768 1
3768 1
3768 1
3768 1
3768 1
3768 1
3768 1
3768 1
3768 1
3768 1
3768 1
3768 1
3768 1
2106 1
2106 1
2106 1
2106 1
2106 1
2106 1
2106 1
2106 1
2106 1
2106 1
2106 1
2106 1
2106 1
2106 1
2106 1
2106 1
2106 1
2106 1
2106 1
2106 1
2106 1
2201 1
2201 1
2201 1
2201 1
2201 1
2201 1
2201 1
2201 1
2201 1
2201 1
2201 1
2201 1
2201 1
2201 1
2201 1
2201 1
2201 1
2201 1
2201 1
2201 1
2201 1
2289 1
2289 1
2289 1
2289 1
2289 1
2289 1
2289 1
2289 1
2289 1
2289 1
2289 1
2289 1
2289 1
2289 1
2289 1
2289 1
2289 1
2289 1
2289 1
2289 1
2289 1
3140 1
3140 1
3140 1
3140 1
3140 1
3140 1
3140 1
3140 1
3140 1
3140 1
3140 1
3140 1
3140 1
3140 1
3140 1
3140 1
3140 1
3140 1
3140 1
3140 1
3140 1
3449 1
3449 1
3449 1
3449 1
3449 1
3449 1
3449 1
3449 1
3449 1
3449 1
3449 1
3449 1
3449 1
3449 1
3449 1
3449 1
3449 1
3449 1
3449 1
3449 1
3449 1
3608 1
3608 1
3608 1
3608 1
3608 1
3608 1
3608 1
3608 1
3608 1
3608 1
3608 1
3608 1
3608 1
3608 1
3608 1
3608 1
3608 1
3608 1
3608 1
3608 1
3608 1
3691 1
3691 1
3691 1
3691 1
3691 1
3691 1
3691 1
3691 1
3691 1
3691 1
3691 1
3691 1
3691 1
3691 1
3691 1
3691 1
3691 1
3691 1
3691 1
3691 1
3691 1
3769 1
3769 1
3769 1
3769 1
3769 1
3769 1
3769 1
3769 1
3769 1
3769 1
3769 1
3769 1
3769 1
3769 1
3769 1
3769 1
3769 1
3769 1
3769 1
3769 1
3769 1
1736 1
1736 1
1736 1
1736 1
1736 1
1736 1
1736 1
1736 1
1736 1
1736 1
1736 1
1736 1
1736 1
1736 1
1736 1
1736 1
1736 1
1736 1
1736 1
1736 1
1736 1
1829 1
1829 1
1829 1
1829 1
1829 1
1829 1
1829 1
1829 1
1829 1
1829 1
1829 1
1829 1
1829 1
1829 1
1829 1
1829 1
1829 1
1829 1
1829 1
1829 1
1829 1
1920 1
1920 1
1920 1
1920 1
1920 1
1920 1
1920 1
1920 1
1920 1
1920 1
1920 1
1920 1
1920 1
1920 1
1920 1
1920 1
1920 1
1920 1
1920 1
1920 1
1920 1
2013 1
2013 1
2013 1
2013 1
2013 1
2013 1
2013 1
2013 1
2013 1
2013 1
2013 1
2013 1
2013 1
2013 1
2013 1
2013 1
2013 1
2013 1
2013 1
2013 1
2013 1
2202 1
2202 1
2202 1
2202 1
2202 1
2202 1
2202 1
2202 1
2202 1
2202 1
2202 1
2202 1
2202 1
2202 1
2202 1
2202 1
2202 1
2202 1
2202 1
2202 1
2202 1
2290 1
2290 1
2290 1
2290 1
2290 1
2290 1
2290 1
2290 1
2290 1
2290 1
2290 1
2290 1
2290 1
2290 1
2290 1
2290 1
2290 1
2290 1
2290 1
2290 1
2290 1
3028 1
3028 1
3028 1
3028 1
3028 1
3028 1
3028 1
3028 1
3028 1
3028 1
3028 1
3028 1
3028 1
3028 1
3028 1
3028 1
3028 1
3028 1
3028 1
3028 1
3028 1
3525 1
3525 1
3525 1
3525 1
3525 1
3525 1
3525 1
3525 1
3525 1
3525 1
3525 1
3525 1
3525 1
3525 1
3525 1
3525 1
3525 1
3525 1
3525 1
3525 1
3525 1
3568 1
3568 1
3568 1
3568 1
3568 1
3568 1
3568 1
3568 1
3568 1
3568 1
3568 1
3568 1
3568 1
3568 1
3568 1
3568 1
3568 1
3568 1
3568 1
3568 1
3568 1
3807 1
3807 1
3807 1
3807 1
3807 1
3807 1
3807 1
3807 1
3807 1
3807 1
3807 1
3807 1
3807 1
3807 1
3807 1
3807 1
3807 1
3807 1
3807 1
3807 1
3807 1
1921 1
1921 1
1921 1
1921 1
1921 1
1921 1
1921 1
1921 1
1921 1
1921 1
1921 1
1921 1
1921 1
1921 1
1921 1
1921 1
1921 1
1921 1
1921 1
1921 1
1921 1
2014 1
2014 1
2014 1
2014 1
2014 1
2014 1
2014 1
2014 1
2014 1
2014 1
2014 1
2014 1
2014 1
2014 1
2014 1
2014 1
2014 1
2014 1
2014 1
2014 1
2014 1
2291 1
2291 1
2291 1
2291 1
2291 1
2291 1
2291 1
2291 1
2291 1
2291 1
2291 1
2291 1
2291 1
2291 1
2291 1
2291 1
2291 1
2291 1
2291 1
2291 1
2291 1
3451 1
3451 1
3451 1
3451 1
3451 1
3451 1
3451 1
3451 1
3451 1
3451 1
3451 1
3451 1
3451 1
3451 1
3451 1
3451 1
3451 1
3451 1
3451 1
3451 1
3451 1
3488 1
3488 1
3488 1
3488 1
3488 1
3488 1
3488 1
3488 1
3488 1
3488 1
3488 1
3488 1
3488 1
3488 1
3488 1
3488 1
3488 1
3488 1
3488 1
3488 1
3488 1
3526 1
3526 1
3526 1
3526 1
3526 1
3526 1
3526 1
3526 1
3526 1
3526 1
3526 1
3526 1
3526 1
3526 1
3526 1
3526 1
3526 1
3526 1
3526 1
3526 1
3526 1
3569 1
3569 1
3569 1
3569 1
3569 1
3569 1
3569 1
3569 1
3569 1
3569 1
3569 1
3569 1
3569 1
3569 1
3569 1
3569 1
3569 1
3569 1
3569 1
3569 1
3569 1
3610 1
3610 1
3610 1
3610 1
3610 1
3610 1
3610 1
3610 1
3610 1
3610 1
3610 1
3610 1
3610 1
3610 1
3610 1
3610 1
3610 1
3610 1
3610 1
3610 1
3610 1
4007 1
4007 1
4007 1
4007 1
4007 1
4007 1
4007 1
4007 1
4007 1
4007 1
4007 1
4007 1
4007 1
4007 1
4007 1
4007 1
4007 1
4007 1
4007 1
4007 1
4007 1
2382 1
2382 1
2382 1
2382 1
2382 1
2382 1
2382 1
2382 1
2382 1
2382 1
2382 1
2382 1
2382 1
2382 1
2382 1
2382 1
2382 1
2382 1
2382 1
2382 1
2382 1
3089 1
3089 1
3089 1
3089 1
3089 1
3089 1
3089 1
3089 1
3089 1
3089 1
3089 1
3089 1
3089 1
3089 1
3089 1
3089 1
3089 1
3089 1
3089 1
3089 1
3089 1
3253 1
3253 1
3253 1
3253 1
3253 1
3253 1
3253 1
3253 1
3253 1
3253 1
3253 1
3253 1
3253 1
3253 1
3253 1
3253 1
3253 1
3253 1
3253 1
3253 1
3253 1
3313 1
3313 1
3313 1
3313 1
3313 1
3313 1
3313 1
3313 1
3313 1
3313 1
3313 1
3313 1
3313 1
3313 1
3313 1
3313 1
3313 1
3313 1
3313 1
3313 1
3313 1
3409 1
3409 1
3409 1
3409 1
3409 1
3409 1
3409 1
3409 1
3409 1
3409 1
3409 1
3409 1
3409 1
3409 1
3409 1
3409 1
3409 1
3409 1
3409 1
3409 1
3409 1
3452 1
3452 1
3452 1
3452 1
3452 1
3452 1
3452 1
3452 1
3452 1
3452 1
3452 1
3452 1
3452 1
3452 1
3452 1
3452 1
3452 1
3452 1
3452 1
3452 1
3452 1
3144 1
3144 1
3144 1
3144 1
3144 1
3144 1
3144 1
3144 1
3144 1
3144 1
3144 1
3144 1
3144 1
3144 1
3144 1
3144 1
3144 1
3144 1
3144 1
3144 1
3144 1
3365 1
3365 1
3365 1
3365 1
3365 1
3365 1
3365 1
3365 1
3365 1
3365 1
3365 1
3365 1
3365 1
3365 1
3365 1
3365 1
3365 1
3365 1
3365 1
3365 1
3365 1
3410 1
3410 1
3410 1
3410 1
3410 1
3410 1
3410 1
3410 1
3410 1
3410 1
3410 1
3410 1
3410 1
3410 1
3410 1
3410 1
3410 1
3410 1
3410 1
3410 1
3410 1
3528 1
3528 1
3528 1
3528 1
3528 1
3528 1
3528 1
3528 1
3528 1
3528 1
3528 1
3528 1
3528 1
3528 1
3528 1
3528 1
3528 1
3528 1
3528 1
3528 1
3528 1
3927 1
3927 1
3927 1
3927 1
3927 1
3927 1
3927 1
3927 1
3927 1
3927 1
3927 1
3927 1
3927 1
3927 1
3927 1
3927 1
3927 1
3927 1
3927 1
3927 1
3927 1
2384 1
2384 1
2384 1
2384 1
2384 1
2384 1
2384 1
2384 1
2384 1
2384 1
2384 1
2384 1
2384 1
2384 1
2384 1
2384 1
2384 1
2384 1
2384 1
2384 1
2384 1
2551 1
2551 1
2551 1
2551 1
2551 1
2551 1
2551 1
2551 1
2551 1
2551 1
2551 1
2551 1
2551 1
2551 1
2551 1
2551 1
2551 1
2551 1
2551 1
2551 1
2551 1
2909 1
2909 1
2909 1
2909 1
2909 1
2909 1
2909 1
2909 1
2909 1
2909 1
2909 1
2909 1
2909 1
2909 1
2909 1
2909 1
2909 1
2909 1
2909 1
2909 1
2909 1
2972 1
2972 1
2972 1
2972 1
2972 1
2972 1
2972 1
2972 1
2972 1
2972 1
2972 1
2972 1
2972 1
2972 1
2972 1
2972 1
2972 1
2972 1
2972 1
2972 1
2972 1
3255 1
3255 1
3255 1
3255 1
3255 1
3255 1
3255 1
3255 1
3255 1
3255 1
3255 1
3255 1
3255 1
3255 1
3255 1
3255 1
3255 1
3255 1
3255 1
3255 1
3255 1
3491 1
3491 1
3491 1
3491 1
3491 1
3491 1
3491 1
3491 1
3491 1
3491 1
3491 1
3491 1
3491 1
3491 1
3491 1
3491 1
3491 1
3491 1
3491 1
3491 1
3491 1
3529 1
3529 1
3529 1
3529 1
3529 1
3529 1
3529 1
3529 1
3529 1
3529 1
3529 1
3529 1
3529 1
3529 1
3529 1
3529 1
3529 1
3529 1
3529 1
3529 1
3529 1
2470 1
2470 1
2470 1
2470 1
2470 1
2470 1
2470 1
2470 1
2470 1
2470 1
2470 1
2470 1
2470 1
2470 1
2470 1
2470 1
2470 1
2470 1
2470 1
2470 1
2470 1
2772 1
2772 1
2772 1
2772 1
2772 1
2772 1
2772 1
2772 1
2772 1
2772 1
2772 1
2772 1
2772 1
2772 1
2772 1
2772 1
2772 1
2772 1
2772 1
2772 1
2772 1
2973 1
2973 1
2973 1
2973 1
2973 1
2973 1
2973 1
2973 1
2973 1
2973 1
2973 1
2973 1
2973 1
2973 1
2973 1
2973 1
2973 1
2973 1
2973 1
2973 1
2973 1
3092 1
3092 1
3092 1
3092 1
3092 1
3092 1
3092 1
3092 1
3092 1
3092 1
3092 1
3092 1
3092 1
3092 1
3092 1
3092 1
3092 1
3092 1
3092 1
3092 1
3092 1
3146 1
3146 1
3146 1
3146 1
3146 1
3146 1
3146 1
3146 1
3146 1
3146 1
3146 1
3146 1
3146 1
3146 1
3146 1
3146 1
3146 1
3146 1
3146 1
3146 1
3146 1
3455 1
3455 1
3455 1
3455 1
3455 1
3455 1
3455 1
3455 1
3455 1
3455 1
3455 1
3455 1
3455 1
3455 1
3455 1
3455 1
3455 1
3455 1
3455 1
3455 1
3455 1
3850 1
3850 1
3850 1
3850 1
3850 1
3850 1
3850 1
3850 1
3850 1
3850 1
3850 1
3850 1
3850 1
3850 1
3850 1
3850 1
3850 1
3850 1
3850 1
3850 1
3850 1
3970 1
3970 1
3970 1
3970 1
3970 1
3970 1
3970 1
3970 1
3970 1
3970 1
3970 1
3970 1
3970 1
3970 1
3970 1
3970 1
3970 1
3970 1
3970 1
3970 1
3970 1
2471 1
2471 1
2471 1
2471 1
2471 1
2471 1
2471 1
2471 1
2471 1
2471 1
2471 1
2471 1
2471 1
2471 1
2471 1
2471 1
2471 1
2471 1
2471 1
2471 1
2471 1
2553 1
2553 1
2553 1
2553 1
2553 1
2553 1
2553 1
2553 1
2553 1
2553 1
2553 1
2553 1
2553 1
2553 1
2553 1
2553 1
2553 1
2553 1
2553 1
2553 1
2553 1
2974 1
2974 1
2974 1
2974 1
2974 1
2974 1
2974 1
2974 1
2974 1
2974 1
2974 1
2974 1
2974 1
2974 1
2974 1
2974 1
2974 1
2974 1
2974 1
2974 1
2974 1
3034 1
3034 1
3034 1
3034 1
3034 1
3034 1
3034 1
3034 1
3034 1
3034 1
3034 1
3034 1
3034 1
3034 1
3034 1
3034 1
3034 1
3034 1
3034 1
3034 1
3034 1
3093 1
3093 1
3093 1
3093 1
3093 1
3093 1
3093 1
3093 1
3093 1
3093 1
3093 1
3093 1
3093 1
3093 1
3093 1
3093 1
3093 1
3093 1
3093 1
3093 1
3093 1
3147 1
3147 1
3147 1
3147 1
3147 1
3147 1
3147 1
3147 1
3147 1
3147 1
3147 1
3147 1
3147 1
3147 1
3147 1
3147 1
3147 1
3147 1
3147 1
3147 1
3147 1
3203 1
3203 1
3203 1
3203 1
3203 1
3203 1
3203 1
3203 1
3203 1
3203 1
3203 1
3203 1
3203 1
3203 1
3203 1
3203 1
3203 1
3203 1
3203 1
3203 1
3203 1
3257 1
3257 1
3257 1
3257 1
3257 1
3257 1
3257 1
3257 1
3257 1
3257 1
3257 1
3257 1
3257 1
3257 1
3257 1
3257 1
3257 1
3257 1
3257 1
3257 1
3257 1
3317 1
3317 1
3317 1
3317 1
3317 1
3317 1
3317 1
3317 1
3317 1
3317 1
3317 1
3317 1
3317 1
3317 1
3317 1
3317 1
3317 1
3317 1
3317 1
3317 1
3317 1
3531 1
3531 1
3531 1
3531 1
3531 1
3531 1
3531 1
3531 1
3531 1
3531 1
3531 1
3531 1
3531 1
3531 1
3531 1
3531 1
3531 1
3531 1
3531 1
3531 1
3531 1
3738 1
3738 1
3738 1
3738 1
3738 1
3738 1
3738 1
3738 1
3738 1
3738 1
3738 1
3738 1
3738 1
3738 1
3738 1
3738 1
3738 1
3738 1
3738 1
3738 1
3738 1
4011 1
4011 1
4011 1
4011 1
4011 1
4011 1
4011 1
4011 1
4011 1
4011 1
4011 1
4011 1
4011 1
4011 1
4011 1
4011 1
4011 1
4011 1
4011 1
4011 1
4011 1
2912 1
2912 1
2912 1
2912 1
2912 1
2912 1
2912 1
2912 1
2912 1
2912 1
2912 1
2912 1
2912 1
2912 1
2912 1
2912 1
2912 1
2912 1
2912 1
2912 1
2912 1
3035 1
3035 1
3035 1
3035 1
3035 1
3035 1
3035 1
3035 1
3035 1
3035 1
3035 1
3035 1
3035 1
3035 1
3035 1
3035 1
3035 1
3035 1
3035 1
3035 1
3035 1
3094 1
3094 1
3094 1
3094 1
3094 1
3094 1
3094 1
3094 1
3094 1
3094 1
3094 1
3094 1
3094 1
3094 1
3094 1
3094 1
3094 1
3094 1
3094 1
3094 1
3094 1
3148 1
3148 1
3148 1
3148 1
3148 1
3148 1
3148 1
3148 1
3148 1
3148 1
3148 1
3148 1
3148 1
3148 1
3148 1
3148 1
3148 1
3148 1
3148 1
3148 1
3148 1
3204 1
3204 1
3204 1
3204 1
3204 1
3204 1
3204 1
3204 1
3204 1
3204 1
3204 1
3204 1
3204 1
3204 1
3204 1
3204 1
3204 1
3204 1
3204 1
3204 1
3204 1
3258 1
3258 1
3258 1
3258 1
3258 1
3258 1
3258 1
3258 1
3258 1
3258 1
3258 1
3258 1
3258 1
3258 1
3258 1
3258 1
3258 1
3258 1
3258 1
3258 1
3258 1
3318 1
3318 1
3318 1
3318 1
3318 1
3318 1
3318 1
3318 1
3318 1
3318 1
3318 1
3318 1
3318 1
3318 1
3318 1
3318 1
3318 1
3318 1
3318 1
3318 1
3318 1
3616 1
3616 1
3616 1
3616 1
3616 1
3616 1
3616 1
3616 1
3616 1
3616 1
3616 1
3616 1
3616 1
3616 1
3616 1
3616 1
3616 1
3616 1
3616 1
3616 1
3616 1
3659 1
3659 1
3659 1
3659 1
3659 1
3659 1
3659 1
3659 1
3659 1
3659 1
3659 1
3659 1
3659 1
3659 1
3659 1
3659 1
3659 1
3659 1
3659 1
3659 1
3659 1
3699 1
3699 1
3699 1
3699 1
3699 1
3699 1
3699 1
3699 1
3699 1
3699 1
3699 1
3699 1
3699 1
3699 1
3699 1
3699 1
3699 1
3699 1
3699 1
3699 1
3699 1
3777 1
3777 1
3777 1
3777 1
3777 1
3777 1
3777 1
3777 1
3777 1
3777 1
3777 1
3777 1
3777 1
3777 1
3777 1
3777 1
3777 1
3777 1
3777 1
3777 1
3777 1
3814 1
3814 1
3814 1
3814 1
3814 1
3814 1
3814 1
3814 1
3814 1
3814 1
3814 1
3814 1
3814 1
3814 1
3814 1
3814 1
3814 1
3814 1
3814 1
3814 1
3814 1
1648 1
1648 1
1648 1
1648 1
1648 1
1648 1
1648 1
1648 1
1648 1
1648 1
1648 1
1648 1
1648 1
1648 1
1648 1
1648 1
1648 1
1648 1
1648 1
1648 1
1648 1
2555 1
2555 1
2555 1
2555 1
2555 1
2555 1
2555 1
2555 1
2555 1
2555 1
2555 1
2555 1
2555 1
2555 1
2555 1
2555 1
2555 1
2555 1
2555 1
2555 1
2555 1
3095 1
3095 1
3095 1
3095 1
3095 1
3095 1
3095 1
3095 1
3095 1
3095 1
3095 1
3095 1
3095 1
3095 1
3095 1
3095 1
3095 1
3095 1
3095 1
3095 1
3095 1
3149 1
3149 1
3149 1
3149 1
3149 1
3149 1
3149 1
3149 1
3149 1
3149 1
3149 1
3149 1
3149 1
3149 1
3149 1
3149 1
3149 1
3149 1
3149 1
3149 1
3149 1
3205 1
3205 1
3205 1
3205 1
3205 1
3205 1
3205 1
3205 1
3205 1
3205 1
3205 1
3205 1
3205 1
3205 1
3205 1
3205 1
3205 1
3205 1
3205 1
3205 1
3205 1
3319 1
3319 1
3319 1
3319 1
3319 1
3319 1
3319 1
3319 1
3319 1
3319 1
3319 1
3319 1
3319 1
3319 1
3319 1
3319 1
3319 1
3319 1
3319 1
3319 1
3319 1
3576 1
3576 1
3576 1
3576 1
3576 1
3576 1
3576 1
3576 1
3576 1
3576 1
3576 1
3576 1
3576 1
3576 1
3576 1
3576 1
3576 1
3576 1
3576 1
3576 1
3576 1
3617 1
3617 1
3617 1
3617 1
3617 1
3617 1
3617 1
3617 1
3617 1
3617 1
3617 1
3617 1
3617 1
3617 1
3617 1
3617 1
3617 1
3617 1
3617 1
3617 1
3617 1
3660 1
3660 1
3660 1
3660 1
3660 1
3660 1
3660 1
3660 1
3660 1
3660 1
3660 1
3660 1
3660 1
3660 1
3660 1
3660 1
3660 1
3660 1
3660 1
3660 1
3660 1
3700 1
3700 1
3700 1
3700 1
3700 1
3700 1
3700 1
3700 1
3700 1
3700 1
3700 1
3700 1
3700 1
3700 1
3700 1
3700 1
3700 1
3700 1
3700 1
3700 1
3700 1
3740 1
3740 1
3740 1
3740 1
3740 1
3740 1
3740 1
3740 1
3740 1
3740 1
3740 1
3740 1
3740 1
3740 1
3740 1
3740 1
3740 1
3740 1
3740 1
3740 1
3740 1
3853 1
3853 1
3853 1
3853 1
3853 1
3853 1
3853 1
3853 1
3853 1
3853 1
3853 1
3853 1
3853 1
3853 1
3853 1
3853 1
3853 1
3853 1
3853 1
3853 1
3853 1
3892 1
3892 1
3892 1
3892 1
3892 1
3892 1
3892 1
3892 1
3892 1
3892 1
3892 1
3892 1
3892 1
3892 1
3892 1
3892 1
3892 1
3892 1
3892 1
3892 1
3892 1
2914 1
2914 1
2914 1
2914 1
2914 1
2914 1
2914 1
2914 1
2914 1
2914 1
2914 1
2914 1
2914 1
2914 1
2914 1
2914 1
2914 1
2914 1
2914 1
2914 1
2914 1
3150 1
3150 1
3150 1
3150 1
3150 1
3150 1
3150 1
3150 1
3150 1
3150 1
3150 1
3150 1
3150 1
3150 1
3150 1
3150 1
3150 1
3150 1
3150 1
3150 1
3150 1
3260 1
3260 1
3260 1
3260 1
3260 1
3260 1
3260 1
3260 1
3260 1
3260 1
3260 1
3260 1
3260 1
3260 1
3260 1
3260 1
3260 1
3260 1
3260 1
3260 1
3260 1
3320 1
3320 1
3320 1
3320 1
3320 1
3320 1
3320 1
3320 1
3320 1
3320 1
3320 1
3320 1
3320 1
3320 1
3320 1
3320 1
3320 1
3320 1
3320 1
3320 1
3320 1
3371 1
3371 1
3371 1
3371 1
3371 1
3371 1
3371 1
3371 1
3371 1
3371 1
3371 1
3371 1
3371 1
3371 1
3371 1
3371 1
3371 1
3371 1
3371 1
3371 1
3371 1
3416 1
3416 1
3416 1
3416 1
3416 1
3416 1
3416 1
3416 1
3416 1
3416 1
3416 1
3416 1
3416 1
3416 1
3416 1
3416 1
3416 1
3416 1
3416 1
3416 1
3416 1
3459 1
3459 1
3459 1
3459 1
3459 1
3459 1
3459 1
3459 1
3459 1
3459 1
3459 1
3459 1
3459 1
3459 1
3459 1
3459 1
3459 1
3459 1
3459 1
3459 1
3459 1
3496 1
3496 1
3496 1
3496 1
3496 1
3496 1
3496 1
3496 1
3496 1
3496 1
3496 1
3496 1
3496 1
3496 1
3496 1
3496 1
3496 1
3496 1
3496 1
3496 1
3496 1
3534 1
3534 1
3534 1
3534 1
3534 1
3534 1
3534 1
3534 1
3534 1
3534 1
3534 1
3534 1
3534 1
3534 1
3534 1
3534 1
3534 1
3534 1
3534 1
3534 1
3534 1
3577 1
3577 1
3577 1
3577 1
3577 1
3577 1
3577 1
3577 1
3577 1
3577 1
3577 1
3577 1
3577 1
3577 1
3577 1
3577 1
3577 1
3577 1
3577 1
3577 1
3577 1
3618 1
3618 1
3618 1
3618 1
3618 1
3618 1
3618 1
3618 1
3618 1
3618 1
3618 1
3618 1
3618 1
3618 1
3618 1
3618 1
3618 1
3618 1
3618 1
3618 1
3618 1
3661 1
3661 1
3661 1
3661 1
3661 1
3661 1
3661 1
3661 1
3661 1
3661 1
3661 1
3661 1
3661 1
3661 1
3661 1
3661 1
3661 1
3661 1
3661 1
3661 1
3661 1
3701 1
3701 1
3701 1
3701 1
3701 1
3701 1
3701 1
3701 1
3701 1
3701 1
3701 1
3701 1
3701 1
3701 1
3701 1
3701 1
3701 1
3701 1
3701 1
3701 1
3701 1
3741 1
3741 1
3741 1
3741 1
3741 1
3741 1
3741 1
3741 1
3741 1
3741 1
3741 1
3741 1
3741 1
3741 1
3741 1
3741 1
3741 1
3741 1
3741 1
3741 1
3741 1
3779 1
3779 1
3779 1
3779 1
3779 1
3779 1
3779 1
3779 1
3779 1
3779 1
3779 1
3779 1
3779 1
3779 1
3779 1
3779 1
3779 1
3779 1
3779 1
3779 1
3779 1
3816 1
3816 1
3816 1
3816 1
3816 1
3816 1
3816 1
3816 1
3816 1
3816 1
3816 1
3816 1
3816 1
3816 1
3816 1
3816 1
3816 1
3816 1
3816 1
3816 1
3816 1
3854 1
3854 1
3854 1
3854 1
3854 1
3854 1
3854 1
3854 1
3854 1
3854 1
3854 1
3854 1
3854 1
3854 1
3854 1
3854 1
3854 1
3854 1
3854 1
3854 1
3854 1
27331 1
27331 1
27331 1
27331 1
27331 1
27331 1
27331 1
27331 1
27331 1
27331 1
27331 1
27331 1
27331 1
27331 1
27331 1
27331 1
27331 1
27331 1
27331 1
27331 1
27331 1
3321 1
3321 1
3321 1
3321 1
3321 1
3321 1
3321 1
3321 1
3321 1
3321 1
3321 1
3321 1
3321 1
3321 1
3321 1
3321 1
3321 1
3321 1
3321 1
3321 1
3321 1
3372 1
3372 1
3372 1
3372 1
3372 1
3372 1
3372 1
3372 1
3372 1
3372 1
3372 1
3372 1
3372 1
3372 1
3372 1
3372 1
3372 1
3372 1
3372 1
3372 1
3372 1
3417 1
3417 1
3417 1
3417 1
3417 1
3417 1
3417 1
3417 1
3417 1
3417 1
3417 1
3417 1
3417 1
3417 1
3417 1
3417 1
3417 1
3417 1
3417 1
3417 1
3417 1
3578 1
3578 1
3578 1
3578 1
3578 1
3578 1
3578 1
3578 1
3578 1
3578 1
3578 1
3578 1
3578 1
3578 1
3578 1
3578 1
3578 1
3578 1
3578 1
3578 1
3578 1
3619 1
3619 1
3619 1
3619 1
3619 1
3619 1
3619 1
3619 1
3619 1
3619 1
3619 1
3619 1
3619 1
3619 1
3619 1
3619 1
3619 1
3619 1
3619 1
3619 1
3619 1
3662 1
3662 1
3662 1
3662 1
3662 1
3662 1
3662 1
3662 1
3662 1
3662 1
3662 1
3662 1
3662 1
3662 1
3662 1
3662 1
3662 1
3662 1
3662 1
3662 1
3662 1
3702 1
3702 1
3702 1
3702 1
3702 1
3702 1
3702 1
3702 1
3702 1
3702 1
3702 1
3702 1
3702 1
3702 1
3702 1
3702 1
3702 1
3702 1
3702 1
3702 1
3702 1
3742 1
3742 1
3742 1
3742 1
3742 1
3742 1
3742 1
3742 1
3742 1
3742 1
3742 1
3742 1
3742 1
3742 1
3742 1
3742 1
3742 1
3742 1
3742 1
3742 1
3742 1
3780 1
3780 1
3780 1
3780 1
3780 1
3780 1
3780 1
3780 1
3780 1
3780 1
3780 1
3780 1
3780 1
3780 1
3780 1
3780 1
3780 1
3780 1
3780 1
3780 1
3780 1
3817 1
3817 1
3817 1
3817 1
3817 1
3817 1
3817 1
3817 1
3817 1
3817 1
3817 1
3817 1
3817 1
3817 1
3817 1
3817 1
3817 1
3817 1
3817 1
3817 1
3817 1
2476 1
2476 1
2476 1
2476 1
2476 1
2476 1
2476 1
2476 1
2476 1
2476 1
2476 1
2476 1
2476 1
2476 1
2476 1
2476 1
2476 1
2476 1
2476 1
2476 1
2476 1
2778 1
2778 1
2778 1
2778 1
2778 1
2778 1
2778 1
2778 1
2778 1
2778 1
2778 1
2778 1
2778 1
2778 1
2778 1
2778 1
2778 1
2778 1
2778 1
2778 1
2778 1
3208 1
3208 1
3208 1
3208 1
3208 1
3208 1
3208 1
3208 1
3208 1
3208 1
3208 1
3208 1
3208 1
3208 1
3208 1
3208 1
3208 1
3208 1
3208 1
3208 1
3208 1
3262 1
3262 1
3262 1
3262 1
3262 1
3262 1
3262 1
3262 1
3262 1
3262 1
3262 1
3262 1
3262 1
3262 1
3262 1
3262 1
3262 1
3262 1
3262 1
3262 1
3262 1
3322 1
3322 1
3322 1
3322 1
3322 1
3322 1
3322 1
3322 1
3322 1
3322 1
3322 1
3322 1
3322 1
3322 1
3322 1
3322 1
3322 1
3322 1
3322 1
3322 1
3322 1
3373 1
3373 1
3373 1
3373 1
3373 1
3373 1
3373 1
3373 1
3373 1
3373 1
3373 1
3373 1
3373 1
3373 1
3373 1
3373 1
3373 1
3373 1
3373 1
3373 1
3373 1
3461 1
3461 1
3461 1
3461 1
3461 1
3461 1
3461 1
3461 1
3461 1
3461 1
3461 1
3461 1
3461 1
3461 1
3461 1
3461 1
3461 1
3461 1
3461 1
3461 1
3461 1
3498 1
3498 1
3498 1
3498 1
3498 1
3498 1
3498 1
3498 1
3498 1
3498 1
3498 1
3498 1
3498 1
3498 1
3498 1
3498 1
3498 1
3498 1
3498 1
3498 1
3498 1
3536 1
3536 1
3536 1
3536 1
3536 1
3536 1
3536 1
3536 1
3536 1
3536 1
3536 1
3536 1
3536 1
3536 1
3536 1
3536 1
3536 1
3536 1
3536 1
3536 1
3536 1
3579 1
3579 1
3579 1
3579 1
3579 1
3579 1
3579 1
3579 1
3579 1
3579 1
3579 1
3579 1
3579 1
3579 1
3579 1
3579 1
3579 1
3579 1
3579 1
3579 1
3579 1
3620 1
3620 1
3620 1
3620 1
3620 1
3620 1
3620 1
3620 1
3620 1
3620 1
3620 1
3620 1
3620 1
3620 1
3620 1
3620 1
3620 1
3620 1
3620 1
3620 1
3620 1
3663 1
3663 1
3663 1
3663 1
3663 1
3663 1
3663 1
3663 1
3663 1
3663 1
3663 1
3663 1
3663 1
3663 1
3663 1
3663 1
3663 1
3663 1
3663 1
3663 1
3663 1
3703 1
3703 1
3703 1
3703 1
3703 1
3703 1
3703 1
3703 1
3703 1
3703 1
3703 1
3703 1
3703 1
3703 1
3703 1
3703 1
3703 1
3703 1
3703 1
3703 1
3703 1
3743 1
3743 1
3743 1
3743 1
3743 1
3743 1
3743 1
3743 1
3743 1
3743 1
3743 1
3743 1
3743 1
3743 1
3743 1
3743 1
3743 1
3743 1
3743 1
3743 1
3743 1
3781 1
3781 1
3781 1
3781 1
3781 1
3781 1
3781 1
3781 1
3781 1
3781 1
3781 1
3781 1
3781 1
3781 1
3781 1
3781 1
3781 1
3781 1
3781 1
3781 1
3781 1
3209 1
3209 1
3209 1
3209 1
3209 1
3209 1
3209 1
3209 1
3209 1
3209 1
3209 1
3209 1
3209 1
3209 1
3209 1
3209 1
3209 1
3209 1
3209 1
3209 1
3209 1
3263 1
3263 1
3263 1
3263 1
3263 1
3263 1
3263 1
3263 1
3263 1
3263 1
3263 1
3263 1
3263 1
3263 1
3263 1
3263 1
3263 1
3263 1
3263 1
3263 1
3263 1
3323 1
3323 1
3323 1
3323 1
3323 1
3323 1
3323 1
3323 1
3323 1
3323 1
3323 1
3323 1
3323 1
3323 1
3323 1
3323 1
3323 1
3323 1
3323 1
3323 1
3323 1
3374 1
3374 1
3374 1
3374 1
3374 1
3374 1
3374 1
3374 1
3374 1
3374 1
3374 1
3374 1
3374 1
3374 1
3374 1
3374 1
3374 1
3374 1
3374 1
3374 1
3374 1
3462 1
3462 1
3462 1
3462 1
3462 1
3462 1
3462 1
3462 1
3462 1
3462 1
3462 1
3462 1
3462 1
3462 1
3462 1
3462 1
3462 1
3462 1
3462 1
3462 1
3462 1
3499 1
3499 1
3499 1
3499 1
3499 1
3499 1
3499 1
3499 1
3499 1
3499 1
3499 1
3499 1
3499 1
3499 1
3499 1
3499 1
3499 1
3499 1
3499 1
3499 1
3499 1
3537 1
3537 1
3537 1
3537 1
3537 1
3537 1
3537 1
3537 1
3537 1
3537 1
3537 1
3537 1
3537 1
3537 1
3537 1
3537 1
3537 1
3537 1
3537 1
3537 1
3537 1
3580 1
3580 1
3580 1
3580 1
3580 1
3580 1
3580 1
3580 1
3580 1
3580 1
3580 1
3580 1
3580 1
3580 1
3580 1
3580 1
3580 1
3580 1
3580 1
3580 1
3580 1
3621 1
3621 1
3621 1
3621 1
3621 1
3621 1
3621 1
3621 1
3621 1
3621 1
3621 1
3621 1
3621 1
3621 1
3621 1
3621 1
3621 1
3621 1
3621 1
3621 1
3621 1
3664 1
3664 1
3664 1
3664 1
3664 1
3664 1
3664 1
3664 1
3664 1
3664 1
3664 1
3664 1
3664 1
3664 1
3664 1
3664 1
3664 1
3664 1
3664 1
3664 1
3664 1
3704 1
3704 1
3704 1
3704 1
3704 1
3704 1
3704 1
3704 1
3704 1
3704 1
3704 1
3704 1
3704 1
3704 1
3704 1
3704 1
3704 1
3704 1
3704 1
3704 1
3704 1
3857 1
3857 1
3857 1
3857 1
3857 1
3857 1
3857 1
3857 1
3857 1
3857 1
3857 1
3857 1
3857 1
3857 1
3857 1
3857 1
3857 1
3857 1
3857 1
3857 1
3857 1
3210 1
3210 1
3210 1
3210 1
3210 1
3210 1
3210 1
3210 1
3210 1
3210 1
3210 1
3210 1
3210 1
3210 1
3210 1
3210 1
3210 1
3210 1
3210 1
3210 1
3210 1
3264 1
3264 1
3264 1
3264 1
3264 1
3264 1
3264 1
3264 1
3264 1
3264 1
3264 1
3264 1
3264 1
3264 1
3264 1
3264 1
3264 1
3264 1
3264 1
3264 1
3264 1
3324 1
3324 1
3324 1
3324 1
3324 1
3324 1
3324 1
3324 1
3324 1
3324 1
3324 1
3324 1
3324 1
3324 1
3324 1
3324 1
3324 1
3324 1
3324 1
3324 1
3324 1
3500 1
3500 1
3500 1
3500 1
3500 1
3500 1
3500 1
3500 1
3500 1
3500 1
3500 1
3500 1
3500 1
3500 1
3500 1
3500 1
3500 1
3500 1
3500 1
3500 1
3500 1
3538 1
3538 1
3538 1
3538 1
3538 1
3538 1
3538 1
3538 1
3538 1
3538 1
3538 1
3538 1
3538 1
3538 1
3538 1
3538 1
3538 1
3538 1
3538 1
3538 1
3538 1
3581 1
3581 1
3581 1
3581 1
3581 1
3581 1
3581 1
3581 1
3581 1
3581 1
3581 1
3581 1
3581 1
3581 1
3581 1
3581 1
3581 1
3581 1
3581 1
3581 1
3581 1
3622 1
3622 1
3622 1
3622 1
3622 1
3622 1
3622 1
3622 1
3622 1
3622 1
3622 1
3622 1
3622 1
3622 1
3622 1
3622 1
3622 1
3622 1
3622 1
3622 1
3622 1
3665 1
3665 1
3665 1
3665 1
3665 1
3665 1
3665 1
3665 1
3665 1
3665 1
3665 1
3665 1
3665 1
3665 1
3665 1
3665 1
3665 1
3665 1
3665 1
3665 1
3665 1
3705 1
3705 1
3705 1
3705 1
3705 1
3705 1
3705 1
3705 1
3705 1
3705 1
3705 1
3705 1
3705 1
3705 1
3705 1
3705 1
3705 1
3705 1
3705 1
3705 1
3705 1
989 1
989 1
989 1
989 1
989 1
989 1
989 1
989 1
989 1
989 1
989 1
989 1
989 1
989 1
989 1
989 1
989 1
989 1
989 1
989 1
989 1
1489 1
1489 1
1489 1
1489 1
1489 1
1489 1
1489 1
1489 1
1489 1
1489 1
1489 1
1489 1
1489 1
1489 1
1489 1
1489 1
1489 1
1489 1
1489 1
1489 1
1489 1
2853 1
2853 1
2853 1
2853 1
2853 1
2853 1
2853 1
2853 1
2853 1
2853 1
2853 1
2853 1
2853 1
2853 1
2853 1
2853 1
2853 1
2853 1
2853 1
2853 1
2853 1
3100 1
3100 1
3100 1
3100 1
3100 1
3100 1
3100 1
3100 1
3100 1
3100 1
3100 1
3100 1
3100 1
3100 1
3100 1
3100 1
3100 1
3100 1
3100 1
3100 1
3100 1
3155 1
3155 1
3155 1
3155 1
3155 1
3155 1
3155 1
3155 1
3155 1
3155 1
3155 1
3155 1
3155 1
3155 1
3155 1
3155 1
3155 1
3155 1
3155 1
3155 1
3155 1
3211 1
3211 1
3211 1
3211 1
3211 1
3211 1
3211 1
3211 1
3211 1
3211 1
3211 1
3211 1
3211 1
3211 1
3211 1
3211 1
3211 1
3211 1
3211 1
3211 1
3211 1
3265 1
3265 1
3265 1
3265 1
3265 1
3265 1
3265 1
3265 1
3265 1
3265 1
3265 1
3265 1
3265 1
3265 1
3265 1
3265 1
3265 1
3265 1
3265 1
3265 1
3265 1
3501 1
3501 1
3501 1
3501 1
3501 1
3501 1
3501 1
3501 1
3501 1
3501 1
3501 1
3501 1
3501 1
3501 1
3501 1
3501 1
3501 1
3501 1
3501 1
3501 1
3501 1
3539 1
3539 1
3539 1
3539 1
3539 1
3539 1
3539 1
3539 1
3539 1
3539 1
3539 1
3539 1
3539 1
3539 1
3539 1
3539 1
3539 1
3539 1
3539 1
3539 1
3539 1
3582 1
3582 1
3582 1
3582 1
3582 1
3582 1
3582 1
3582 1
3582 1
3582 1
3582 1
3582 1
3582 1
3582 1
3582 1
3582 1
3582 1
3582 1
3582 1
3582 1
3582 1
3623 1
3623 1
3623 1
3623 1
3623 1
3623 1
3623 1
3623 1
3623 1
3623 1
3623 1
3623 1
3623 1
3623 1
3623 1
3623 1
3623 1
3623 1
3623 1
3623 1
3623 1
3666 1
3666 1
3666 1
3666 1
3666 1
3666 1
3666 1
3666 1
3666 1
3666 1
3666 1
3666 1
3666 1
3666 1
3666 1
3666 1
3666 1
3666 1
3666 1
3666 1
3666 1
3706 1
3706 1
3706 1
3706 1
3706 1
3706 1
3706 1
3706 1
3706 1
3706 1
3706 1
3706 1
3706 1
3706 1
3706 1
3706 1
3706 1
3706 1
3706 1
3706 1
3706 1
3101 1
3101 1
3101 1
3101 1
3101 1
3101 1
3101 1
3101 1
3101 1
3101 1
3101 1
3101 1
3101 1
3101 1
3101 1
3101 1
3101 1
3101 1
3101 1
3101 1
3101 1
3156 1
3156 1
3156 1
3156 1
3156 1
3156 1
3156 1
3156 1
3156 1
3156 1
3156 1
3156 1
3156 1
3156 1
3156 1
3156 1
3156 1
3156 1
3156 1
3156 1
3156 1
3212 1
3212 1
3212 1
3212 1
3212 1
3212 1
3212 1
3212 1
3212 1
3212 1
3212 1
3212 1
3212 1
3212 1
3212 1
3212 1
3212 1
3212 1
3212 1
3212 1
3212 1
3266 1
3266 1
3266 1
3266 1
3266 1
3266 1
3266 1
3266 1
3266 1
3266 1
3266 1
3266 1
3266 1
3266 1
3266 1
3266 1
3266 1
3266 1
3266 1
3266 1
3266 1
3326 1
3326 1
3326 1
3326 1
3326 1
3326 1
3326 1
3326 1
3326 1
3326 1
3326 1
3326 1
3326 1
3326 1
3326 1
3326 1
3326 1
3326 1
3326 1
3326 1
3326 1
3502 1
3502 1
3502 1
3502 1
3502 1
3502 1
3502 1
3502 1
3502 1
3502 1
3502 1
3502 1
3502 1
3502 1
3502 1
3502 1
3502 1
3502 1
3502 1
3502 1
3502 1
3540 1
3540 1
3540 1
3540 1
3540 1
3540 1
3540 1
3540 1
3540 1
3540 1
3540 1
3540 1
3540 1
3540 1
3540 1
3540 1
3540 1
3540 1
3540 1
3540 1
3540 1
3583 1
3583 1
3583 1
3583 1
3583 1
3583 1
3583 1
3583 1
3583 1
3583 1
3583 1
3583 1
3583 1
3583 1
3583 1
3583 1
3583 1
3583 1
3583 1
3583 1
3583 1
3624 1
3624 1
3624 1
3624 1
3624 1
3624 1
3624 1
3624 1
3624 1
3624 1
3624 1
3624 1
3624 1
3624 1
3624 1
3624 1
3624 1
3624 1
3624 1
3624 1
3624 1
3667 1
3667 1
3667 1
3667 1
3667 1
3667 1
3667 1
3667 1
3667 1
3667 1
3667 1
3667 1
3667 1
3667 1
3667 1
3667 1
3667 1
3667 1
3667 1
3667 1
3667 1
3043 1
3043 1
3043 1
3043 1
3043 1
3043 1
3043 1
3043 1
3043 1
3043 1
3043 1
3043 1
3043 1
3043 1
3043 1
3043 1
3043 1
3043 1
3043 1
3043 1
3043 1
3102 1
3102 1
3102 1
3102 1
3102 1
3102 1
3102 1
3102 1
3102 1
3102 1
3102 1
3102 1
3102 1
3102 1
3102 1
3102 1
3102 1
3102 1
3102 1
3102 1
3102 1
3157 1
3157 1
3157 1
3157 1
3157 1
3157 1
3157 1
3157 1
3157 1
3157 1
3157 1
3157 1
3157 1
3157 1
3157 1
3157 1
3157 1
3157 1
3157 1
3157 1
3157 1
3213 1
3213 1
3213 1
3213 1
3213 1
3213 1
3213 1
3213 1
3213 1
3213 1
3213 1
3213 1
3213 1
3213 1
3213 1
3213 1
3213 1
3213 1
3213 1
3213 1
3213 1
3267 1
3267 1
3267 1
3267 1
3267 1
3267 1
3267 1
3267 1
3267 1
3267 1
3267 1
3267 1
3267 1
3267 1
3267 1
3267 1
3267 1
3267 1
3267 1
3267 1
3267 1
3327 1
3327 1
3327 1
3327 1
3327 1
3327 1
3327 1
3327 1
3327 1
3327 1
3327 1
3327 1
3327 1
3327 1
3327 1
3327 1
3327 1
3327 1
3327 1
3327 1
3327 1
3378 1
3378 1
3378 1
3378 1
3378 1
3378 1
3378 1
3378 1
3378 1
3378 1
3378 1
3378 1
3378 1
3378 1
3378 1
3378 1
3378 1
3378 1
3378 1
3378 1
3378 1
3423 1
3423 1
3423 1
3423 1
3423 1
3423 1
3423 1
3423 1
3423 1
3423 1
3423 1
3423 1
3423 1
3423 1
3423 1
3423 1
3423 1
3423 1
3423 1
3423 1
3423 1
3466 1
3466 1
3466 1
3466 1
3466 1
3466 1
3466 1
3466 1
3466 1
3466 1
3466 1
3466 1
3466 1
3466 1
3466 1
3466 1
3466 1
3466 1
3466 1
3466 1
3466 1
3503 1
3503 1
3503 1
3503 1
3503 1
3503 1
3503 1
3503 1
3503 1
3503 1
3503 1
3503 1
3503 1
3503 1
3503 1
3503 1
3503 1
3503 1
3503 1
3503 1
3503 1
3541 1
3541 1
3541 1
3541 1
3541 1
3541 1
3541 1
3541 1
3541 1
3541 1
3541 1
3541 1
3541 1
3541 1
3541 1
3541 1
3541 1
3541 1
3541 1
3541 1
3541 1
3584 1
3584 1
3584 1
3584 1
3584 1
3584 1
3584 1
3584 1
3584 1
3584 1
3584 1
3584 1
3584 1
3584 1
3584 1
3584 1
3584 1
3584 1
3584 1
3584 1
3584 1
3625 1
3625 1
3625 1
3625 1
3625 1
3625 1
3625 1
3625 1
3625 1
3625 1
3625 1
3625 1
3625 1
3625 1
3625 1
3625 1
3625 1
3625 1
3625 1
3625 1
3625 1
3668 1
3668 1
3668 1
3668 1
3668 1
3668 1
3668 1
3668 1
3668 1
3668 1
3668 1
3668 1
3668 1
3668 1
3668 1
3668 1
3668 1
3668 1
3668 1
3668 1
3668 1
2564 1
2564 1
2564 1
2564 1
2564 1
2564 1
2564 1
2564 1
2564 1
2564 1
2564 1
2564 1
2564 1
2564 1
2564 1
2564 1
2564 1
2564 1
2564 1
2564 1
2564 1
2985 1
2985 1
2985 1
2985 1
2985 1
2985 1
2985 1
2985 1
2985 1
2985 1
2985 1
2985 1
2985 1
2985 1
2985 1
2985 1
2985 1
2985 1
2985 1
2985 1
2985 1
3214 1
3214 1
3214 1
3214 1
3214 1
3214 1
3214 1
3214 1
3214 1
3214 1
3214 1
3214 1
3214 1
3214 1
3214 1
3214 1
3214 1
3214 1
3214 1
3214 1
3214 1
3268 1
3268 1
3268 1
3268 1
3268 1
3268 1
3268 1
3268 1
3268 1
3268 1
3268 1
3268 1
3268 1
3268 1
3268 1
3268 1
3268 1
3268 1
3268 1
3268 1
3268 1
3328 1
3328 1
3328 1
3328 1
3328 1
3328 1
3328 1
3328 1
3328 1
3328 1
3328 1
3328 1
3328 1
3328 1
3328 1
3328 1
3328 1
3328 1
3328 1
3328 1
3328 1
3379 1
3379 1
3379 1
3379 1
3379 1
3379 1
3379 1
3379 1
3379 1
3379 1
3379 1
3379 1
3379 1
3379 1
3379 1
3379 1
3379 1
3379 1
3379 1
3379 1
3379 1
3424 1
3424 1
3424 1
3424 1
3424 1
3424 1
3424 1
3424 1
3424 1
3424 1
3424 1
3424 1
3424 1
3424 1
3424 1
3424 1
3424 1
3424 1
3424 1
3424 1
3424 1
3467 1
3467 1
3467 1
3467 1
3467 1
3467 1
3467 1
3467 1
3467 1
3467 1
3467 1
3467 1
3467 1
3467 1
3467 1
3467 1
3467 1
3467 1
3467 1
3467 1
3467 1
3504 1
3504 1
3504 1
3504 1
3504 1
3504 1
3504 1
3504 1
3504 1
3504 1
3504 1
3504 1
3504 1
3504 1
3504 1
3504 1
3504 1
3504 1
3504 1
3504 1
3504 1
3542 1
3542 1
3542 1
3542 1
3542 1
3542 1
3542 1
3542 1
3542 1
3542 1
3542 1
3542 1
3542 1
3542 1
3542 1
3542 1
3542 1
3542 1
3542 1
3542 1
3542 1
3585 1
3585 1
3585 1
3585 1
3585 1
3585 1
3585 1
3585 1
3585 1
3585 1
3585 1
3585 1
3585 1
3585 1
3585 1
3585 1
3585 1
3585 1
3585 1
3585 1
3585 1
2857 1
2857 1
2857 1
2857 1
2857 1
2857 1
2857 1
2857 1
2857 1
2857 1
2857 1
2857 1
2857 1
2857 1
2857 1
2857 1
2857 1
2857 1
2857 1
2857 1
2857 1
2923 1
2923 1
2923 1
2923 1
2923 1
2923 1
2923 1
2923 1
2923 1
2923 1
2923 1
2923 1
2923 1
2923 1
2923 1
2923 1
2923 1
2923 1
2923 1
2923 1
2923 1
3329 1
3329 1
3329 1
3329 1
3329 1
3329 1
3329 1
3329 1
3329 1
3329 1
3329 1
3329 1
3329 1
3329 1
3329 1
3329 1
3329 1
3329 1
3329 1
3329 1
3329 1
3380 1
3380 1
3380 1
3380 1
3380 1
3380 1
3380 1
3380 1
3380 1
3380 1
3380 1
3380 1
3380 1
3380 1
3380 1
3380 1
3380 1
3380 1
3380 1
3380 1
3380 1
3425 1
3425 1
3425 1
3425 1
3425 1
3425 1
3425 1
3425 1
3425 1
3425 1
3425 1
3425 1
3425 1
3425 1
3425 1
3425 1
3425 1
3425 1
3425 1
3425 1
3425 1
3468 1
3468 1
3468 1
3468 1
3468 1
3468 1
3468 1
3468 1
3468 1
3468 1
3468 1
3468 1
3468 1
3468 1
3468 1
3468 1
3468 1
3468 1
3468 1
3468 1
3468 1
3505 1
3505 1
3505 1
3505 1
3505 1
3505 1
3505 1
3505 1
3505 1
3505 1
3505 1
3505 1
3505 1
3505 1
3505 1
3505 1
3505 1
3505 1
3505 1
3505 1
3505 1
3543 1
3543 1
3543 1
3543 1
3543 1
3543 1
3543 1
3543 1
3543 1
3543 1
3543 1
3543 1
3543 1
3543 1
3543 1
3543 1
3543 1
3543 1
3543 1
3543 1
3543 1
2221 1
2221 1
2221 1
2221 1
2221 1
2221 1
2221 1
2221 1
2221 1
2221 1
2221 1
2221 1
2221 1
2221 1
2221 1
2221 1
2221 1
2221 1
2221 1
2221 1
2221 1
2715 1
2715 1
2715 1
2715 1
2715 1
2715 1
2715 1
2715 1
2715 1
2715 1
2715 1
2715 1
2715 1
2715 1
2715 1
2715 1
2715 1
2715 1
2715 1
2715 1
2715 1
2786 1
2786 1
2786 1
2786 1
2786 1
2786 1
2786 1
2786 1
2786 1
2786 1
2786 1
2786 1
2786 1
2786 1
2786 1
2786 1
2786 1
2786 1
2786 1
2786 1
2786 1
2858 1
2858 1
2858 1
2858 1
2858 1
2858 1
2858 1
2858 1
2858 1
2858 1
2858 1
2858 1
2858 1
2858 1
2858 1
2858 1
2858 1
2858 1
2858 1
2858 1
2858 1
2924 1
2924 1
2924 1
2924 1
2924 1
2924 1
2924 1
2924 1
2924 1
2924 1
2924 1
2924 1
2924 1
2924 1
2924 1
2924 1
2924 1
2924 1
2924 1
2924 1
2924 1
2987 1
2987 1
2987 1
2987 1
2987 1
2987 1
2987 1
2987 1
2987 1
2987 1
2987 1
2987 1
2987 1
2987 1
2987 1
2987 1
2987 1
2987 1
2987 1
2987 1
2987 1
3105 1
3105 1
3105 1
3105 1
3105 1
3105 1
3105 1
3105 1
3105 1
3105 1
3105 1
3105 1
3105 1
3105 1
3105 1
3105 1
3105 1
3105 1
3105 1
3105 1
3105 1
3381 1
3381 1
3381 1
3381 1
3381 1
3381 1
3381 1
3381 1
3381 1
3381 1
3381 1
3381 1
3381 1
3381 1
3381 1
3381 1
3381 1
3381 1
3381 1
3381 1
3381 1
3426 1
3426 1
3426 1
3426 1
3426 1
3426 1
3426 1
3426 1
3426 1
3426 1
3426 1
3426 1
3426 1
3426 1
3426 1
3426 1
3426 1
3426 1
3426 1
3426 1
3426 1
3469 1
3469 1
3469 1
3469 1
3469 1
3469 1
3469 1
3469 1
3469 1
3469 1
3469 1
3469 1
3469 1
3469 1
3469 1
3469 1
3469 1
3469 1
3469 1
3469 1
3469 1
3506 1
3506 1
3506 1
3506 1
3506 1
3506 1
3506 1
3506 1
3506 1
3506 1
3506 1
3506 1
3506 1
3506 1
3506 1
3506 1
3506 1
3506 1
3506 1
3506 1
3506 1
3544 1
3544 1
3544 1
3544 1
3544 1
3544 1
3544 1
3544 1
3544 1
3544 1
3544 1
3544 1
3544 1
3544 1
3544 1
3544 1
3544 1
3544 1
3544 1
3544 1
3544 1
2716 1
2716 1
2716 1
2716 1
2716 1
2716 1
2716 1
2716 1
2716 1
2716 1
2716 1
2716 1
2716 1
2716 1
2716 1
2716 1
2716 1
2716 1
2716 1
2716 1
2716 1
2787 1
2787 1
2787 1
2787 1
2787 1
2787 1
2787 1
2787 1
2787 1
2787 1
2787 1
2787 1
2787 1
2787 1
2787 1
2787 1
2787 1
2787 1
2787 1
2787 1
2787 1
2859 1
2859 1
2859 1
2859 1
2859 1
2859 1
2859 1
2859 1
2859 1
2859 1
2859 1
2859 1
2859 1
2859 1
2859 1
2859 1
2859 1
2859 1
2859 1
2859 1
2859 1
2925 1
2925 1
2925 1
2925 1
2925 1
2925 1
2925 1
2925 1
2925 1
2925 1
2925 1
2925 1
2925 1
2925 1
2925 1
2925 1
2925 1
2925 1
2925 1
2925 1
2925 1
2988 1
2988 1
2988 1
2988 1
2988 1
2988 1
2988 1
2988 1
2988 1
2988 1
2988 1
2988 1
2988 1
2988 1
2988 1
2988 1
2988 1
2988 1
2988 1
2988 1
2988 1
3047 1
3047 1
3047 1
3047 1
3047 1
3047 1
3047 1
3047 1
3047 1
3047 1
3047 1
3047 1
3047 1
3047 1
3047 1
3047 1
3047 1
3047 1
3047 1
3047 1
3047 1
3106 1
3106 1
3106 1
3106 1
3106 1
3106 1
3106 1
3106 1
3106 1
3106 1
3106 1
3106 1
3106 1
3106 1
3106 1
3106 1
3106 1
3106 1
3106 1
3106 1
3106 1
3161 1
3161 1
3161 1
3161 1
3161 1
3161 1
3161 1
3161 1
3161 1
3161 1
3161 1
3161 1
3161 1
3161 1
3161 1
3161 1
3161 1
3161 1
3161 1
3161 1
3161 1
3217 1
3217 1
3217 1
3217 1
3217 1
3217 1
3217 1
3217 1
3217 1
3217 1
3217 1
3217 1
3217 1
3217 1
3217 1
3217 1
3217 1
3217 1
3217 1
3217 1
3217 1
3382 1
3382 1
3382 1
3382 1
3382 1
3382 1
3382 1
3382 1
3382 1
3382 1
3382 1
3382 1
3382 1
3382 1
3382 1
3382 1
3382 1
3382 1
3382 1
3382 1
3382 1
3427 1
3427 1
3427 1
3427 1
3427 1
3427 1
3427 1
3427 1
3427 1
3427 1
3427 1
3427 1
3427 1
3427 1
3427 1
3427 1
3427 1
3427 1
3427 1
3427 1
3427 1
3470 1
3470 1
3470 1
3470 1
3470 1
3470 1
3470 1
3470 1
3470 1
3470 1
3470 1
3470 1
3470 1
3470 1
3470 1
3470 1
3470 1
3470 1
3470 1
3470 1
3470 1
3507 1
3507 1
3507 1
3507 1
3507 1
3507 1
3507 1
3507 1
3507 1
3507 1
3507 1
3507 1
3507 1
3507 1
3507 1
3507 1
3507 1
3507 1
3507 1
3507 1
3507 1
2645 1
2645 1
2645 1
2645 1
2645 1
2645 1
2645 1
2645 1
2645 1
2645 1
2645 1
2645 1
2645 1
2645 1
2645 1
2645 1
2645 1
2645 1
2645 1
2645 1
2645 1
2717 1
2717 1
2717 1
2717 1
2717 1
2717 1
2717 1
2717 1
2717 1
2717 1
2717 1
2717 1
2717 1
2717 1
2717 1
2717 1
2717 1
2717 1
2717 1
2717 1
2717 1
2788 1
2788 1
2788 1
2788 1
2788 1
2788 1
2788 1
2788 1
2788 1
2788 1
2788 1
2788 1
2788 1
2788 1
2788 1
2788 1
2788 1
2788 1
2788 1
2788 1
2788 1
2860 1
2860 1
2860 1
2860 1
2860 1
2860 1
2860 1
2860 1
2860 1
2860 1
2860 1
2860 1
2860 1
2860 1
2860 1
2860 1
2860 1
2860 1
2860 1
2860 1
2860 1
2926 1
2926 1
2926 1
2926 1
2926 1
2926 1
2926 1
2926 1
2926 1
2926 1
2926 1
2926 1
2926 1
2926 1
2926 1
2926 1
2926 1
2926 1
2926 1
2926 1
2926 1
2989 1
2989 1
2989 1
2989 1
2989 1
2989 1
2989 1
2989 1
2989 1
2989 1
2989 1
2989 1
2989 1
2989 1
2989 1
2989 1
2989 1
2989 1
2989 1
2989 1
2989 1
3048 1
3048 1
3048 1
3048 1
3048 1
3048 1
3048 1
3048 1
3048 1
3048 1
3048 1
3048 1
3048 1
3048 1
3048 1
3048 1
3048 1
3048 1
3048 1
3048 1
3048 1
3107 1
3107 1
3107 1
3107 1
3107 1
3107 1
3107 1
3107 1
3107 1
3107 1
3107 1
3107 1
3107 1
3107 1
3107 1
3107 1
3107 1
3107 1
3107 1
3107 1
3107 1
3162 1
3162 1
3162 1
3162 1
3162 1
3162 1
3162 1
3162 1
3162 1
3162 1
3162 1
3162 1
3162 1
3162 1
3162 1
3162 1
3162 1
3162 1
3162 1
3162 1
3162 1
3272 1
3272 1
3272 1
3272 1
3272 1
3272 1
3272 1
3272 1
3272 1
3272 1
3272 1
3272 1
3272 1
3272 1
3272 1
3272 1
3272 1
3272 1
3272 1
3272 1
3272 1
3383 1
3383 1
3383 1
3383 1
3383 1
3383 1
3383 1
3383 1
3383 1
3383 1
3383 1
3383 1
3383 1
3383 1
3383 1
3383 1
3383 1
3383 1
3383 1
3383 1
3383 1
3428 1
3428 1
3428 1
3428 1
3428 1
3428 1
3428 1
3428 1
3428 1
3428 1
3428 1
3428 1
3428 1
3428 1
3428 1
3428 1
3428 1
3428 1
3428 1
3428 1
3428 1
3471 1
3471 1
3471 1
3471 1
3471 1
3471 1
3471 1
3471 1
3471 1
3471 1
3471 1
3471 1
3471 1
3471 1
3471 1
3471 1
3471 1
3471 1
3471 1
3471 1
3471 1
27516 1
27516 1
27516 1
27516 1
27516 1
27516 1
27516 1
27516 1
27516 1
27516 1
27516 1
27516 1
27516 1
27516 1
27516 1
27516 1
27516 1
27516 1
27516 1
27516 1
27516 1
2487 1
2487 1
2487 1
2487 1
2487 1
2487 1
2487 1
2487 1
2487 1
2487 1
2487 1
2487 1
2487 1
2487 1
2487 1
2487 1
2487 1
2487 1
2487 1
2487 1
2487 1
2569 1
2569 1
2569 1
2569 1
2569 1
2569 1
2569 1
2569 1
2569 1
2569 1
2569 1
2569 1
2569 1
2569 1
2569 1
2569 1
2569 1
2569 1
2569 1
2569 1
2569 1
2718 1
2718 1
2718 1
2718 1
2718 1
2718 1
2718 1
2718 1
2718 1
2718 1
2718 1
2718 1
2718 1
2718 1
2718 1
2718 1
2718 1
2718 1
2718 1
2718 1
2718 1
2789 1
2789 1
2789 1
2789 1
2789 1
2789 1
2789 1
2789 1
2789 1
2789 1
2789 1
2789 1
2789 1
2789 1
2789 1
2789 1
2789 1
2789 1
2789 1
2789 1
2789 1
2861 1
2861 1
2861 1
2861 1
2861 1
2861 1
2861 1
2861 1
2861 1
2861 1
2861 1
2861 1
2861 1
2861 1
2861 1
2861 1
2861 1
2861 1
2861 1
2861 1
2861 1
2927 1
2927 1
2927 1
2927 1
2927 1
2927 1
2927 1
2927 1
2927 1
2927 1
2927 1
2927 1
2927 1
2927 1
2927 1
2927 1
2927 1
2927 1
2927 1
2927 1
2927 1
2990 1
2990 1
2990 1
2990 1
2990 1
2990 1
2990 1
2990 1
2990 1
2990 1
2990 1
2990 1
2990 1
2990 1
2990 1
2990 1
2990 1
2990 1
2990 1
2990 1
2990 1
3049 1
3049 1
3049 1
3049 1
3049 1
3049 1
3049 1
3049 1
3049 1
3049 1
3049 1
3049 1
3049 1
3049 1
3049 1
3049 1
3049 1
3049 1
3049 1
3049 1
3049 1
3108 1
3108 1
3108 1
3108 1
3108 1
3108 1
3108 1
3108 1
3108 1
3108 1
3108 1
3108 1
3108 1
3108 1
3108 1
3108 1
3108 1
3108 1
3108 1
3108 1
3108 1
3163 1
3163 1
3163 1
3163 1
3163 1
3163 1
3163 1
3163 1
3163 1
3163 1
3163 1
3163 1
3163 1
3163 1
3163 1
3163 1
3163 1
3163 1
3163 1
3163 1
3163 1
3219 1
3219 1
3219 1
3219 1
3219 1
3219 1
3219 1
3219 1
3219 1
3219 1
3219 1
3219 1
3219 1
3219 1
3219 1
3219 1
3219 1
3219 1
3219 1
3219 1
3219 1
3273 1
3273 1
3273 1
3273 1
3273 1
3273 1
3273 1
3273 1
3273 1
3273 1
3273 1
3273 1
3273 1
3273 1
3273 1
3273 1
3273 1
3273 1
3273 1
3273 1
3273 1
3333 1
3333 1
3333 1
3333 1
3333 1
3333 1
3333 1
3333 1
3333 1
3333 1
3333 1
3333 1
3333 1
3333 1
3333 1
3333 1
3333 1
3333 1
3333 1
3333 1
3333 1
3472 1
3472 1
3472 1
3472 1
3472 1
3472 1
3472 1
3472 1
3472 1
3472 1
3472 1
3472 1
3472 1
3472 1
3472 1
3472 1
3472 1
3472 1
3472 1
3472 1
3472 1
1753 1
1753 1
1753 1
1753 1
1753 1
1753 1
1753 1
1753 1
1753 1
1753 1
1753 1
1753 1
1753 1
1753 1
1753 1
1753 1
1753 1
1753 1
1753 1
1753 1
1753 1
2403 1
2403 1
2403 1
2403 1
2403 1
2403 1
2403 1
2403 1
2403 1
2403 1
2403 1
2403 1
2403 1
2403 1
2403 1
2403 1
2403 1
2403 1
2403 1
2403 1
2403 1
2719 1
2719 1
2719 1
2719 1
2719 1
2719 1
2719 1
2719 1
2719 1
2719 1
2719 1
2719 1
2719 1
2719 1
2719 1
2719 1
2719 1
2719 1
2719 1
2719 1
2719 1
2790 1
2790 1
2790 1
2790 1
2790 1
2790 1
2790 1
2790 1
2790 1
2790 1
2790 1
2790 1
2790 1
2790 1
2790 1
2790 1
2790 1
2790 1
2790 1
2790 1
2790 1
2862 1
2862 1
2862 1
2862 1
2862 1
2862 1
2862 1
2862 1
2862 1
2862 1
2862 1
2862 1
2862 1
2862 1
2862 1
2862 1
2862 1
2862 1
2862 1
2862 1
2862 1
2991 1
2991 1
2991 1
2991 1
2991 1
2991 1
2991 1
2991 1
2991 1
2991 1
2991 1
2991 1
2991 1
2991 1
2991 1
2991 1
2991 1
2991 1
2991 1
2991 1
2991 1
3050 1
3050 1
3050 1
3050 1
3050 1
3050 1
3050 1
3050 1
3050 1
3050 1
3050 1
3050 1
3050 1
3050 1
3050 1
3050 1
3050 1
3050 1
3050 1
3050 1
3050 1
3109 1
3109 1
3109 1
3109 1
3109 1
3109 1
3109 1
3109 1
3109 1
3109 1
3109 1
3109 1
3109 1
3109 1
3109 1
3109 1
3109 1
3109 1
3109 1
3109 1
3109 1
3164 1
3164 1
3164 1
3164 1
3164 1
3164 1
3164 1
3164 1
3164 1
3164 1
3164 1
3164 1
3164 1
3164 1
3164 1
3164 1
3164 1
3164 1
3164 1
3164 1
3164 1
3220 1
3220 1
3220 1
3220 1
3220 1
3220 1
3220 1
3220 1
3220 1
3220 1
3220 1
3220 1
3220 1
3220 1
3220 1
3220 1
3220 1
3220 1
3220 1
3220 1
3220 1
3334 1
3334 1
3334 1
3334 1
3334 1
3334 1
3334 1
3334 1
3334 1
3334 1
3334 1
3334 1
3334 1
3334 1
3334 1
3334 1
3334 1
3334 1
3334 1
3334 1
3334 1
1413 1
1413 1
1413 1
1413 1
1413 1
1413 1
1413 1
1413 1
1413 1
1413 1
1413 1
1413 1
1413 1
1413 1
1413 1
1413 1
1413 1
1413 1
1413 1
1413 1
1413 1
1499 1
1499 1
1499 1
1499 1
1499 1
1499 1
1499 1
1499 1
1499 1
1499 1
1499 1
1499 1
1499 1
1499 1
1499 1
1499 1
1499 1
1499 1
1499 1
1499 1
1499 1
1664 1
1664 1
1664 1
1664 1
1664 1
1664 1
1664 1
1664 1
1664 1
1664 1
1664 1
1664 1
1664 1
1664 1
1664 1
1664 1
1664 1
1664 1
1664 1
1664 1
1664 1
1754 1
1754 1
1754 1
1754 1
1754 1
1754 1
1754 1
1754 1
1754 1
1754 1
1754 1
1754 1
1754 1
1754 1
1754 1
1754 1
1754 1
1754 1
1754 1
1754 1
1754 1
1848 1
1848 1
1848 1
1848 1
1848 1
1848 1
1848 1
1848 1
1848 1
1848 1
1848 1
1848 1
1848 1
1848 1
1848 1
1848 1
1848 1
1848 1
1848 1
1848 1
1848 1
1940 1
1940 1
1940 1
1940 1
1940 1
1940 1
1940 1
1940 1
1940 1
1940 1
1940 1
1940 1
1940 1
1940 1
1940 1
1940 1
1940 1
1940 1
1940 1
1940 1
1940 1
2224 1
2224 1
2224 1
2224 1
2224 1
2224 1
2224 1
2224 1
2224 1
2224 1
2224 1
2224 1
2224 1
2224 1
2224 1
2224 1
2224 1
2224 1
2224 1
2224 1
2224 1
2313 1
2313 1
2313 1
2313 1
2313 1
2313 1
2313 1
2313 1
2313 1
2313 1
2313 1
2313 1
2313 1
2313 1
2313 1
2313 1
2313 1
2313 1
2313 1
2313 1
2313 1
2489 1
2489 1
2489 1
2489 1
2489 1
2489 1
2489 1
2489 1
2489 1
2489 1
2489 1
2489 1
2489 1
2489 1
2489 1
2489 1
2489 1
2489 1
2489 1
2489 1
2489 1
2791 1
2791 1
2791 1
2791 1
2791 1
2791 1
2791 1
2791 1
2791 1
2791 1
2791 1
2791 1
2791 1
2791 1
2791 1
2791 1
2791 1
2791 1
2791 1
2791 1
2791 1
2863 1
2863 1
2863 1
2863 1
2863 1
2863 1
2863 1
2863 1
2863 1
2863 1
2863 1
2863 1
2863 1
2863 1
2863 1
2863 1
2863 1
2863 1
2863 1
2863 1
2863 1
2929 1
2929 1
2929 1
2929 1
2929 1
2929 1
2929 1
2929 1
2929 1
2929 1
2929 1
2929 1
2929 1
2929 1
2929 1
2929 1
2929 1
2929 1
2929 1
2929 1
2929 1
2992 1
2992 1
2992 1
2992 1
2992 1
2992 1
2992 1
2992 1
2992 1
2992 1
2992 1
2992 1
2992 1
2992 1
2992 1
2992 1
2992 1
2992 1
2992 1
2992 1
2992 1
3051 1
3051 1
3051 1
3051 1
3051 1
3051 1
3051 1
3051 1
3051 1
3051 1
3051 1
3051 1
3051 1
3051 1
3051 1
3051 1
3051 1
3051 1
3051 1
3051 1
3051 1
3110 1
3110 1
3110 1
3110 1
3110 1
3110 1
3110 1
3110 1
3110 1
3110 1
3110 1
3110 1
3110 1
3110 1
3110 1
3110 1
3110 1
3110 1
3110 1
3110 1
3110 1
3165 1
3165 1
3165 1
3165 1
3165 1
3165 1
3165 1
3165 1
3165 1
3165 1
3165 1
3165 1
3165 1
3165 1
3165 1
3165 1
3165 1
3165 1
3165 1
3165 1
3165 1
3275 1
3275 1
3275 1
3275 1
3275 1
3275 1
3275 1
3275 1
3275 1
3275 1
3275 1
3275 1
3275 1
3275 1
3275 1
3275 1
3275 1
3275 1
3275 1
3275 1
3275 1
363 1
363 1
363 1
363 1
363 1
363 1
363 1
363 1
363 1
363 1
363 1
363 1
363 1
363 1
363 1
363 1
363 1
363 1
363 1
363 1
363 1
1583 1
1583 1
1583 1
1583 1
1583 1
1583 1
1583 1
1583 1
1583 1
1583 1
1583 1
1583 1
1583 1
1583 1
1583 1
1583 1
1583 1
1583 1
1583 1
1583 1
1583 1
1665 1
1665 1
1665 1
1665 1
1665 1
1665 1
1665 1
1665 1
1665 1
1665 1
1665 1
1665 1
1665 1
1665 1
1665 1
1665 1
1665 1
1665 1
1665 1
1665 1
1665 1
1755 1
1755 1
1755 1
1755 1
1755 1
1755 1
1755 1
1755 1
1755 1
1755 1
1755 1
1755 1
1755 1
1755 1
1755 1
1755 1
1755 1
1755 1
1755 1
1755 1
1755 1
1849 1
1849 1
1849 1
1849 1
1849 1
1849 1
1849 1
1849 1
1849 1
1849 1
1849 1
1849 1
1849 1
1849 1
1849 1
1849 1
1849 1
1849 1
1849 1
1849 1
1849 1
1941 1
1941 1
1941 1
1941 1
1941 1
1941 1
1941 1
1941 1
1941 1
1941 1
1941 1
1941 1
1941 1
1941 1
1941 1
1941 1
1941 1
1941 1
1941 1
1941 1
1941 1
2036 1
2036 1
2036 1
2036 1
2036 1
2036 1
2036 1
2036 1
2036 1
2036 1
2036 1
2036 1
2036 1
2036 1
2036 1
2036 1
2036 1
2036 1
2036 1
2036 1
2036 1
2130 1
2130 1
2130 1
2130 1
2130 1
2130 1
2130 1
2130 1
2130 1
2130 1
2130 1
2130 1
2130 1
2130 1
2130 1
2130 1
2130 1
2130 1
2130 1
2130 1
2130 1
2225 1
2225 1
2225 1
2225 1
2225 1
2225 1
2225 1
2225 1
2225 1
2225 1
2225 1
2225 1
2225 1
2225 1
2225 1
2225 1
2225 1
2225 1
2225 1
2225 1
2225 1
2314 1
2314 1
2314 1
2314 1
2314 1
2314 1
2314 1
2314 1
2314 1
2314 1
2314 1
2314 1
2314 1
2314 1
2314 1
2314 1
2314 1
2314 1
2314 1
2314 1
2314 1
2864 1
2864 1
2864 1
2864 1
2864 1
2864 1
2864 1
2864 1
2864 1
2864 1
2864 1
2864 1
2864 1
2864 1
2864 1
2864 1
2864 1
2864 1
2864 1
2864 1
2864 1
2930 1
2930 1
2930 1
2930 1
2930 1
2930 1
2930 1
2930 1
2930 1
2930 1
2930 1
2930 1
2930 1
2930 1
2930 1
2930 1
2930 1
2930 1
2930 1
2930 1
2930 1
2993 1
2993 1
2993 1
2993 1
2993 1
2993 1
2993 1
2993 1
2993 1
2993 1
2993 1
2993 1
2993 1
2993 1
2993 1
2993 1
2993 1
2993 1
2993 1
2993 1
2993 1
3111 1
3111 1
3111 1
3111 1
3111 1
3111 1
3111 1
3111 1
3111 1
3111 1
3111 1
3111 1
3111 1
3111 1
3111 1
3111 1
3111 1
3111 1
3111 1
3111 1
3111 1
3222 1
3222 1
3222 1
3222 1
3222 1
3222 1
3222 1
3222 1
3222 1
3222 1
3222 1
3222 1
3222 1
3222 1
3222 1
3222 1
3222 1
3222 1
3222 1
3222 1
3222 1
3336 1
3336 1
3336 1
3336 1
3336 1
3336 1
3336 1
3336 1
3336 1
3336 1
3336 1
3336 1
3336 1
3336 1
3336 1
3336 1
3336 1
3336 1
3336 1
3336 1
3336 1
3387 1
3387 1
3387 1
3387 1
3387 1
3387 1
3387 1
3387 1
3387 1
3387 1
3387 1
3387 1
3387 1
3387 1
3387 1
3387 1
3387 1
3387 1
3387 1
3387 1
3387 1
1330 1
1330 1
1330 1
1330 1
1330 1
1330 1
1330 1
1330 1
1330 1
1330 1
1330 1
1330 1
1330 1
1330 1
1330 1
1330 1
1330 1
1330 1
1330 1
1330 1
1330 1
1415 1
1415 1
1415 1
1415 1
1415 1
1415 1
1415 1
1415 1
1415 1
1415 1
1415 1
1415 1
1415 1
1415 1
1415 1
1415 1
1415 1
1415 1
1415 1
1415 1
1415 1
1666 1
1666 1
1666 1
1666 1
1666 1
1666 1
1666 1
1666 1
1666 1
1666 1
1666 1
1666 1
1666 1
1666 1
1666 1
1666 1
1666 1
1666 1
1666 1
1666 1
1666 1
1756 1
1756 1
1756 1
1756 1
1756 1
1756 1
1756 1
1756 1
1756 1
1756 1
1756 1
1756 1
1756 1
1756 1
1756 1
1756 1
1756 1
1756 1
1756 1
1756 1
1756 1
1850 1
1850 1
1850 1
1850 1
1850 1
1850 1
1850 1
1850 1
1850 1
1850 1
1850 1
1850 1
1850 1
1850 1
1850 1
1850 1
1850 1
1850 1
1850 1
1850 1
1850 1
1942 1
1942 1
1942 1
1942 1
1942 1
1942 1
1942 1
1942 1
1942 1
1942 1
1942 1
1942 1
1942 1
1942 1
1942 1
1942 1
1942 1
1942 1
1942 1
1942 1
1942 1
2037 1
2037 1
2037 1
2037 1
2037 1
2037 1
2037 1
2037 1
2037 1
2037 1
2037 1
2037 1
2037 1
2037 1
2037 1
2037 1
2037 1
2037 1
2037 1
2037 1
2037 1
2131 1
2131 1
2131 1
2131 1
2131 1
2131 1
2131 1
2131 1
2131 1
2131 1
2131 1
2131 1
2131 1
2131 1
2131 1
2131 1
2131 1
2131 1
2131 1
2131 1
2131 1
2226 1
2226 1
2226 1
2226 1
2226 1
2226 1
2226 1
2226 1
2226 1
2226 1
2226 1
2226 1
2226 1
2226 1
2226 1
2226 1
2226 1
2226 1
2226 1
2226 1
2226 1
2315 1
2315 1
2315 1
2315 1
2315 1
2315 1
2315 1
2315 1
2315 1
2315 1
2315 1
2315 1
2315 1
2315 1
2315 1
2315 1
2315 1
2315 1
2315 1
2315 1
2315 1
2406 1
2406 1
2406 1
2406 1
2406 1
2406 1
2406 1
2406 1
2406 1
2406 1
2406 1
2406 1
2406 1
2406 1
2406 1
2406 1
2406 1
2406 1
2406 1
2406 1
2406 1
2491 1
2491 1
2491 1
2491 1
2491 1
2491 1
2491 1
2491 1
2491 1
2491 1
2491 1
2491 1
2491 1
2491 1
2491 1
2491 1
2491 1
2491 1
2491 1
2491 1
2491 1
2650 1
2650 1
2650 1
2650 1
2650 1
2650 1
2650 1
2650 1
2650 1
2650 1
2650 1
2650 1
2650 1
2650 1
2650 1
2650 1
2650 1
2650 1
2650 1
2650 1
2650 1
2722 1
2722 1
2722 1
2722 1
2722 1
2722 1
2722 1
2722 1
2722 1
2722 1
2722 1
2722 1
2722 1
2722 1
2722 1
2722 1
2722 1
2722 1
2722 1
2722 1
2722 1
2793 1
2793 1
2793 1
2793 1
2793 1
2793 1
2793 1
2793 1
2793 1
2793 1
2793 1
2793 1
2793 1
2793 1
2793 1
2793 1
2793 1
2793 1
2793 1
2793 1
2793 1
2865 1
2865 1
2865 1
2865 1
2865 1
2865 1
2865 1
2865 1
2865 1
2865 1
2865 1
2865 1
2865 1
2865 1
2865 1
2865 1
2865 1
2865 1
2865 1
2865 1
2865 1
2931 1
2931 1
2931 1
2931 1
2931 1
2931 1
2931 1
2931 1
2931 1
2931 1
2931 1
2931 1
2931 1
2931 1
2931 1
2931 1
2931 1
2931 1
2931 1
2931 1
2931 1
2994 1
2994 1
2994 1
2994 1
2994 1
2994 1
2994 1
2994 1
2994 1
2994 1
2994 1
2994 1
2994 1
2994 1
2994 1
2994 1
2994 1
2994 1
2994 1
2994 1
2994 1
3053 1
3053 1
3053 1
3053 1
3053 1
3053 1
3053 1
3053 1
3053 1
3053 1
3053 1
3053 1
3053 1
3053 1
3053 1
3053 1
3053 1
3053 1
3053 1
3053 1
3053 1
3167 1
3167 1
3167 1
3167 1
3167 1
3167 1
3167 1
3167 1
3167 1
3167 1
3167 1
3167 1
3167 1
3167 1
3167 1
3167 1
3167 1
3167 1
3167 1
3167 1
3167 1
1416 1
1416 1
1416 1
1416 1
1416 1
1416 1
1416 1
1416 1
1416 1
1416 1
1416 1
1416 1
1416 1
1416 1
1416 1
1416 1
1416 1
1416 1
1416 1
1416 1
1416 1
1585 1
1585 1
1585 1
1585 1
1585 1
1585 1
1585 1
1585 1
1585 1
1585 1
1585 1
1585 1
1585 1
1585 1
1585 1
1585 1
1585 1
1585 1
1585 1
1585 1
1585 1
1667 1
1667 1
1667 1
1667 1
1667 1
1667 1
1667 1
1667 1
1667 1
1667 1
1667 1
1667 1
1667 1
1667 1
1667 1
1667 1
1667 1
1667 1
1667 1
1667 1
1667 1
1757 1
1757 1
1757 1
1757 1
1757 1
1757 1
1757 1
1757 1
1757 1
1757 1
1757 1
1757 1
1757 1
1757 1
1757 1
1757 1
1757 1
1757 1
1757 1
1757 1
1757 1
1851 1
1851 1
1851 1
1851 1
1851 1
1851 1
1851 1
1851 1
1851 1
1851 1
1851 1
1851 1
1851 1
1851 1
1851 1
1851 1
1851 1
1851 1
1851 1
1851 1
1851 1
1943 1
1943 1
1943 1
1943 1
1943 1
1943 1
1943 1
1943 1
1943 1
1943 1
1943 1
1943 1
1943 1
1943 1
1943 1
1943 1
1943 1
1943 1
1943 1
1943 1
1943 1
2038 1
2038 1
2038 1
2038 1
2038 1
2038 1
2038 1
2038 1
2038 1
2038 1
2038 1
2038 1
2038 1
2038 1
2038 1
2038 1
2038 1
2038 1
2038 1
2038 1
2038 1
2132 1
2132 1
2132 1
2132 1
2132 1
2132 1
2132 1
2132 1
2132 1
2132 1
2132 1
2132 1
2132 1
2132 1
2132 1
2132 1
2132 1
2132 1
2132 1
2132 1
2132 1
2227 1
2227 1
2227 1
2227 1
2227 1
2227 1
2227 1
2227 1
2227 1
2227 1
2227 1
2227 1
2227 1
2227 1
2227 1
2227 1
2227 1
2227 1
2227 1
2227 1
2227 1
2316 1
2316 1
2316 1
2316 1
2316 1
2316 1
2316 1
2316 1
2316 1
2316 1
2316 1
2316 1
2316 1
2316 1
2316 1
2316 1
2316 1
2316 1
2316 1
2316 1
2316 1
2407 1
2407 1
2407 1
2407 1
2407 1
2407 1
2407 1
2407 1
2407 1
2407 1
2407 1
2407 1
2407 1
2407 1
2407 1
2407 1
2407 1
2407 1
2407 1
2407 1
2407 1
2492 1
2492 1
2492 1
2492 1
2492 1
2492 1
2492 1
2492 1
2492 1
2492 1
2492 1
2492 1
2492 1
2492 1
2492 1
2492 1
2492 1
2492 1
2492 1
2492 1
2492 1
2574 1
2574 1
2574 1
2574 1
2574 1
2574 1
2574 1
2574 1
2574 1
2574 1
2574 1
2574 1
2574 1
2574 1
2574 1
2574 1
2574 1
2574 1
2574 1
2574 1
2574 1
2651 1
2651 1
2651 1
2651 1
2651 1
2651 1
2651 1
2651 1
2651 1
2651 1
2651 1
2651 1
2651 1
2651 1
2651 1
2651 1
2651 1
2651 1
2651 1
2651 1
2651 1
2723 1
2723 1
2723 1
2723 1
2723 1
2723 1
2723 1
2723 1
2723 1
2723 1
2723 1
2723 1
2723 1
2723 1
2723 1
2723 1
2723 1
2723 1
2723 1
2723 1
2723 1
2794 1
2794 1
2794 1
2794 1
2794 1
2794 1
2794 1
2794 1
2794 1
2794 1
2794 1
2794 1
2794 1
2794 1
2794 1
2794 1
2794 1
2794 1
2794 1
2794 1
2794 1
2866 1
2866 1
2866 1
2866 1
2866 1
2866 1
2866 1
2866 1
2866 1
2866 1
2866 1
2866 1
2866 1
2866 1
2866 1
2866 1
2866 1
2866 1
2866 1
2866 1
2866 1
2932 1
2932 1
2932 1
2932 1
2932 1
2932 1
2932 1
2932 1
2932 1
2932 1
2932 1
2932 1
2932 1
2932 1
2932 1
2932 1
2932 1
2932 1
2932 1
2932 1
2932 1
2995 1
2995 1
2995 1
2995 1
2995 1
2995 1
2995 1
2995 1
2995 1
2995 1
2995 1
2995 1
2995 1
2995 1
2995 1
2995 1
2995 1
2995 1
2995 1
2995 1
2995 1
3054 1
3054 1
3054 1
3054 1
3054 1
3054 1
3054 1
3054 1
3054 1
3054 1
3054 1
3054 1
3054 1
3054 1
3054 1
3054 1
3054 1
3054 1
3054 1
3054 1
3054 1
3113 1
3113 1
3113 1
3113 1
3113 1
3113 1
3113 1
3113 1
3113 1
3113 1
3113 1
3113 1
3113 1
3113 1
3113 1
3113 1
3113 1
3113 1
3113 1
3113 1
3113 1
1586 1
1586 1
1586 1
1586 1
1586 1
1586 1
1586 1
1586 1
1586 1
1586 1
1586 1
1586 1
1586 1
1586 1
1586 1
1586 1
1586 1
1586 1
1586 1
1586 1
1586 1
1668 1
1668 1
1668 1
1668 1
1668 1
1668 1
1668 1
1668 1
1668 1
1668 1
1668 1
1668 1
1668 1
1668 1
1668 1
1668 1
1668 1
1668 1
1668 1
1668 1
1668 1
1758 1
1758 1
1758 1
1758 1
1758 1
1758 1
1758 1
1758 1
1758 1
1758 1
1758 1
1758 1
1758 1
1758 1
1758 1
1758 1
1758 1
1758 1
1758 1
1758 1
1758 1
2039 1
2039 1
2039 1
2039 1
2039 1
2039 1
2039 1
2039 1
2039 1
2039 1
2039 1
2039 1
2039 1
2039 1
2039 1
2039 1
2039 1
2039 1
2039 1
2039 1
2039 1
2133 1
2133 1
2133 1
2133 1
2133 1
2133 1
2133 1
2133 1
2133 1
2133 1
2133 1
2133 1
2133 1
2133 1
2133 1
2133 1
2133 1
2133 1
2133 1
2133 1
2133 1
2228 1
2228 1
2228 1
2228 1
2228 1
2228 1
2228 1
2228 1
2228 1
2228 1
2228 1
2228 1
2228 1
2228 1
2228 1
2228 1
2228 1
2228 1
2228 1
2228 1
2228 1
2317 1
2317 1
2317 1
2317 1
2317 1
2317 1
2317 1
2317 1
2317 1
2317 1
2317 1
2317 1
2317 1
2317 1
2317 1
2317 1
2317 1
2317 1
2317 1
2317 1
2317 1
2408 1
2408 1
2408 1
2408 1
2408 1
2408 1
2408 1
2408 1
2408 1
2408 1
2408 1
2408 1
2408 1
2408 1
2408 1
2408 1
2408 1
2408 1
2408 1
2408 1
2408 1
2493 1
2493 1
2493 1
2493 1
2493 1
2493 1
2493 1
2493 1
2493 1
2493 1
2493 1
2493 1
2493 1
2493 1
2493 1
2493 1
2493 1
2493 1
2493 1
2493 1
2493 1
2575 1
2575 1
2575 1
2575 1
2575 1
2575 1
2575 1
2575 1
2575 1
2575 1
2575 1
2575 1
2575 1
2575 1
2575 1
2575 1
2575 1
2575 1
2575 1
2575 1
2575 1
2652 1
2652 1
2652 1
2652 1
2652 1
2652 1
2652 1
2652 1
2652 1
2652 1
2652 1
2652 1
2652 1
2652 1
2652 1
2652 1
2652 1
2652 1
2652 1
2652 1
2652 1
2724 1
2724 1
2724 1
2724 1
2724 1
2724 1
2724 1
2724 1
2724 1
2724 1
2724 1
2724 1
2724 1
2724 1
2724 1
2724 1
2724 1
2724 1
2724 1
2724 1
2724 1
2795 1
2795 1
2795 1
2795 1
2795 1
2795 1
2795 1
2795 1
2795 1
2795 1
2795 1
2795 1
2795 1
2795 1
2795 1
2795 1
2795 1
2795 1
2795 1
2795 1
2795 1
2867 1
2867 1
2867 1
2867 1
2867 1
2867 1
2867 1
2867 1
2867 1
2867 1
2867 1
2867 1
2867 1
2867 1
2867 1
2867 1
2867 1
2867 1
2867 1
2867 1
2867 1
2933 1
2933 1
2933 1
2933 1
2933 1
2933 1
2933 1
2933 1
2933 1
2933 1
2933 1
2933 1
2933 1
2933 1
2933 1
2933 1
2933 1
2933 1
2933 1
2933 1
2933 1
3055 1
3055 1
3055 1
3055 1
3055 1
3055 1
3055 1
3055 1
3055 1
3055 1
3055 1
3055 1
3055 1
3055 1
3055 1
3055 1
3055 1
3055 1
3055 1
3055 1
3055 1
1504 1
1504 1
1504 1
1504 1
1504 1
1504 1
1504 1
1504 1
1504 1
1504 1
1504 1
1504 1
1504 1
1504 1
1504 1
1504 1
1504 1
1504 1
1504 1
1504 1
1504 1
1759 1
1759 1
1759 1
1759 1
1759 1
1759 1
1759 1
1759 1
1759 1
1759 1
1759 1
1759 1
1759 1
1759 1
1759 1
1759 1
1759 1
1759 1
1759 1
1759 1
1759 1
1853 1
1853 1
1853 1
1853 1
1853 1
1853 1
1853 1
1853 1
1853 1
1853 1
1853 1
1853 1
1853 1
1853 1
1853 1
1853 1
1853 1
1853 1
1853 1
1853 1
1853 1
1945 1
1945 1
1945 1
1945 1
1945 1
1945 1
1945 1
1945 1
1945 1
1945 1
1945 1
1945 1
1945 1
1945 1
1945 1
1945 1
1945 1
1945 1
1945 1
1945 1
1945 1
2040 1
2040 1
2040 1
2040 1
2040 1
2040 1
2040 1
2040 1
2040 1
2040 1
2040 1
2040 1
2040 1
2040 1
2040 1
2040 1
2040 1
2040 1
2040 1
2040 1
2040 1
2134 1
2134 1
2134 1
2134 1
2134 1
2134 1
2134 1
2134 1
2134 1
2134 1
2134 1
2134 1
2134 1
2134 1
2134 1
2134 1
2134 1
2134 1
2134 1
2134 1
2134 1
2229 1
2229 1
2229 1
2229 1
2229 1
2229 1
2229 1
2229 1
2229 1
2229 1
2229 1
2229 1
2229 1
2229 1
2229 1
2229 1
2229 1
2229 1
2229 1
2229 1
2229 1
2318 1
2318 1
2318 1
2318 1
2318 1
2318 1
2318 1
2318 1
2318 1
2318 1
2318 1
2318 1
2318 1
2318 1
2318 1
2318 1
2318 1
2318 1
2318 1
2318 1
2318 1
2409 1
2409 1
2409 1
2409 1
2409 1
2409 1
2409 1
2409 1
2409 1
2409 1
2409 1
2409 1
2409 1
2409 1
2409 1
2409 1
2409 1
2409 1
2409 1
2409 1
2409 1
2494 1
2494 1
2494 1
2494 1
2494 1
2494 1
2494 1
2494 1
2494 1
2494 1
2494 1
2494 1
2494 1
2494 1
2494 1
2494 1
2494 1
2494 1
2494 1
2494 1
2494 1
2576 1
2576 1
2576 1
2576 1
2576 1
2576 1
2576 1
2576 1
2576 1
2576 1
2576 1
2576 1
2576 1
2576 1
2576 1
2576 1
2576 1
2576 1
2576 1
2576 1
2576 1
2653 1
2653 1
2653 1
2653 1
2653 1
2653 1
2653 1
2653 1
2653 1
2653 1
2653 1
2653 1
2653 1
2653 1
2653 1
2653 1
2653 1
2653 1
2653 1
2653 1
2653 1
2725 1
2725 1
2725 1
2725 1
2725 1
2725 1
2725 1
2725 1
2725 1
2725 1
2725 1
2725 1
2725 1
2725 1
2725 1
2725 1
2725 1
2725 1
2725 1
2725 1
2725 1
2796 1
2796 1
2796 1
2796 1
2796 1
2796 1
2796 1
2796 1
2796 1
2796 1
2796 1
2796 1
2796 1
2796 1
2796 1
2796 1
2796 1
2796 1
2796 1
2796 1
2796 1
2868 1
2868 1
2868 1
2868 1
2868 1
2868 1
2868 1
2868 1
2868 1
2868 1
2868 1
2868 1
2868 1
2868 1
2868 1
2868 1
2868 1
2868 1
2868 1
2868 1
2868 1
2934 1
2934 1
2934 1
2934 1
2934 1
2934 1
2934 1
2934 1
2934 1
2934 1
2934 1
2934 1
2934 1
2934 1
2934 1
2934 1
2934 1
2934 1
2934 1
2934 1
2934 1
2997 1
2997 1
2997 1
2997 1
2997 1
2997 1
2997 1
2997 1
2997 1
2997 1
2997 1
2997 1
2997 1
2997 1
2997 1
2997 1
2997 1
2997 1
2997 1
2997 1
2997 1
3339 1
3339 1
3339 1
3339 1
3339 1
3339 1
3339 1
3339 1
3339 1
3339 1
3339 1
3339 1
3339 1
3339 1
3339 1
3339 1
3339 1
3339 1
3339 1
3339 1
3339 1
1505 1
1505 1
1505 1
1505 1
1505 1
1505 1
1505 1
1505 1
1505 1
1505 1
1505 1
1505 1
1505 1
1505 1
1505 1
1505 1
1505 1
1505 1
1505 1
1505 1
1505 1
1588 1
1588 1
1588 1
1588 1
1588 1
1588 1
1588 1
1588 1
1588 1
1588 1
1588 1
1588 1
1588 1
1588 1
1588 1
1588 1
1588 1
1588 1
1588 1
1588 1
1588 1
1760 1
1760 1
1760 1
1760 1
1760 1
1760 1
1760 1
1760 1
1760 1
1760 1
1760 1
1760 1
1760 1
1760 1
1760 1
1760 1
1760 1
1760 1
1760 1
1760 1
1760 1
2135 1
2135 1
2135 1
2135 1
2135 1
2135 1
2135 1
2135 1
2135 1
2135 1
2135 1
2135 1
2135 1
2135 1
2135 1
2135 1
2135 1
2135 1
2135 1
2135 1
2135 1
2230 1
2230 1
2230 1
2230 1
2230 1
2230 1
2230 1
2230 1
2230 1
2230 1
2230 1
2230 1
2230 1
2230 1
2230 1
2230 1
2230 1
2230 1
2230 1
2230 1
2230 1
2319 1
2319 1
2319 1
2319 1
2319 1
2319 1
2319 1
2319 1
2319 1
2319 1
2319 1
2319 1
2319 1
2319 1
2319 1
2319 1
2319 1
2319 1
2319 1
2319 1
2319 1
2410 1
2410 1
2410 1
2410 1
2410 1
2410 1
2410 1
2410 1
2410 1
2410 1
2410 1
2410 1
2410 1
2410 1
2410 1
2410 1
2410 1
2410 1
2410 1
2410 1
2410 1
2495 1
2495 1
2495 1
2495 1
2495 1
2495 1
2495 1
2495 1
2495 1
2495 1
2495 1
2495 1
2495 1
2495 1
2495 1
2495 1
2495 1
2495 1
2495 1
2495 1
2495 1
2577 1
2577 1
2577 1
2577 1
2577 1
2577 1
2577 1
2577 1
2577 1
2577 1
2577 1
2577 1
2577 1
2577 1
2577 1
2577 1
2577 1
2577 1
2577 1
2577 1
2577 1
2654 1
2654 1
2654 1
2654 1
2654 1
2654 1
2654 1
2654 1
2654 1
2654 1
2654 1
2654 1
2654 1
2654 1
2654 1
2654 1
2654 1
2654 1
2654 1
2654 1
2654 1
2726 1
2726 1
2726 1
2726 1
2726 1
2726 1
2726 1
2726 1
2726 1
2726 1
2726 1
2726 1
2726 1
2726 1
2726 1
2726 1
2726 1
2726 1
2726 1
2726 1
2726 1
2797 1
2797 1
2797 1
2797 1
2797 1
2797 1
2797 1
2797 1
2797 1
2797 1
2797 1
2797 1
2797 1
2797 1
2797 1
2797 1
2797 1
2797 1
2797 1
2797 1
2797 1
2935 1
2935 1
2935 1
2935 1
2935 1
2935 1
2935 1
2935 1
2935 1
2935 1
2935 1
2935 1
2935 1
2935 1
2935 1
2935 1
2935 1
2935 1
2935 1
2935 1
2935 1
2998 1
2998 1
2998 1
2998 1
2998 1
2998 1
2998 1
2998 1
2998 1
2998 1
2998 1
2998 1
2998 1
2998 1
2998 1
2998 1
2998 1
2998 1
2998 1
2998 1
2998 1
2320 1
2320 1
2320 1
2320 1
2320 1
2320 1
2320 1
2320 1
2320 1
2320 1
2320 1
2320 1
2320 1
2320 1
2320 1
2320 1
2320 1
2320 1
2320 1
2320 1
2320 1
2411 1
2411 1
2411 1
2411 1
2411 1
2411 1
2411 1
2411 1
2411 1
2411 1
2411 1
2411 1
2411 1
2411 1
2411 1
2411 1
2411 1
2411 1
2411 1
2411 1
2411 1
2496 1
2496 1
2496 1
2496 1
2496 1
2496 1
2496 1
2496 1
2496 1
2496 1
2496 1
2496 1
2496 1
2496 1
2496 1
2496 1
2496 1
2496 1
2496 1
2496 1
2496 1
2578 1
2578 1
2578 1
2578 1
2578 1
2578 1
2578 1
2578 1
2578 1
2578 1
2578 1
2578 1
2578 1
2578 1
2578 1
2578 1
2578 1
2578 1
2578 1
2578 1
2578 1
2655 1
2655 1
2655 1
2655 1
2655 1
2655 1
2655 1
2655 1
2655 1
2655 1
2655 1
2655 1
2655 1
2655 1
2655 1
2655 1
2655 1
2655 1
2655 1
2655 1
2655 1
2798 1
2798 1
2798 1
2798 1
2798 1
2798 1
2798 1
2798 1
2798 1
2798 1
2798 1
2798 1
2798 1
2798 1
2798 1
2798 1
2798 1
2798 1
2798 1
2798 1
2798 1
2870 1
2870 1
2870 1
2870 1
2870 1
2870 1
2870 1
2870 1
2870 1
2870 1
2870 1
2870 1
2870 1
2870 1
2870 1
2870 1
2870 1
2870 1
2870 1
2870 1
2870 1
2579 1
2579 1
2579 1
2579 1
2579 1
2579 1
2579 1
2579 1
2579 1
2579 1
2579 1
2579 1
2579 1
2579 1
2579 1
2579 1
2579 1
2579 1
2579 1
2579 1
2579 1
2656 1
2656 1
2656 1
2656 1
2656 1
2656 1
2656 1
2656 1
2656 1
2656 1
2656 1
2656 1
2656 1
2656 1
2656 1
2656 1
2656 1
2656 1
2656 1
2656 1
2656 1
2799 1
2799 1
2799 1
2799 1
2799 1
2799 1
2799 1
2799 1
2799 1
2799 1
2799 1
2799 1
2799 1
2799 1
2799 1
2799 1
2799 1
2799 1
2799 1
2799 1
2799 1
2871 1
2871 1
2871 1
2871 1
2871 1
2871 1
2871 1
2871 1
2871 1
2871 1
2871 1
2871 1
2871 1
2871 1
2871 1
2871 1
2871 1
2871 1
2871 1
2871 1
2871 1
2937 1
2937 1
2937 1
2937 1
2937 1
2937 1
2937 1
2937 1
2937 1
2937 1
2937 1
2937 1
2937 1
2937 1
2937 1
2937 1
2937 1
2937 1
2937 1
2937 1
2937 1
275 1
275 1
275 1
275 1
275 1
275 1
275 1
275 1
275 1
275 1
275 1
275 1
275 1
275 1
275 1
275 1
275 1
275 1
275 1
275 1
275 1
638 1
638 1
638 1
638 1
638 1
638 1
638 1
638 1
638 1
638 1
638 1
638 1
638 1
638 1
638 1
638 1
638 1
638 1
638 1
638 1
638 1
349 1
349 1
349 1
349 1
349 1
349 1
349 1
349 1
349 1
349 1
349 1
349 1
349 1
349 1
349 1
349 1
349 1
349 1
349 1
349 1
349 1
858 1
858 1
858 1
858 1
858 1
858 1
858 1
858 1
858 1
858 1
858 1
858 1
858 1
858 1
858 1
858 1
858 1
858 1
858 1
858 1
858 1
389 1
389 1
389 1
389 1
389 1
389 1
389 1
389 1
389 1
389 1
389 1
389 1
389 1
389 1
389 1
389 1
389 1
389 1
389 1
389 1
389 1
558 1
558 1
558 1
558 1
558 1
558 1
558 1
558 1
558 1
558 1
558 1
558 1
558 1
558 1
558 1
558 1
558 1
558 1
558 1
558 1
558 1
1528 1
1528 1
1528 1
1528 1
1528 1
1528 1
1528 1
1528 1
1528 1
1528 1
1528 1
1528 1
1528 1
1528 1
1528 1
1528 1
1528 1
1528 1
1528 1
1528 1
1528 1
518 1
518 1
518 1
518 1
518 1
518 1
518 1
518 1
518 1
518 1
518 1
518 1
518 1
518 1
518 1
518 1
518 1
518 1
518 1
518 1
518 1
1443 1
1443 1
1443 1
1443 1
1443 1
1443 1
1443 1
1443 1
1443 1
1443 1
1443 1
1443 1
1443 1
1443 1
1443 1
1443 1
1443 1
1443 1
1443 1
1443 1
1443 1
1444 1
1444 1
1444 1
1444 1
1444 1
1444 1
1444 1
1444 1
1444 1
1444 1
1444 1
1444 1
1444 1
1444 1
1444 1
1444 1
1444 1
1444 1
1444 1
1444 1
1444 1
2811 1
2811 1
2811 1
2811 1
2811 1
2811 1
2811 1
2811 1
2811 1
2811 1
2811 1
2811 1
2811 1
2811 1
2811 1
2811 1
2811 1
2811 1
2811 1
2811 1
2811 1
1368 1
1368 1
1368 1
1368 1
1368 1
1368 1
1368 1
1368 1
1368 1
1368 1
1368 1
1368 1
1368 1
1368 1
1368 1
1368 1
1368 1
1368 1
1368 1
1368 1
1368 1
1704 1
1704 1
1704 1
1704 1
1704 1
1704 1
1704 1
1704 1
1704 1
1704 1
1704 1
1704 1
1704 1
1704 1
1704 1
1704 1
1704 1
1704 1
1704 1
1704 1
1704 1
