pt_graph shape
1022 1
1022 1
1022 1
1022 1
1022 1
1022 1
1022 1
1022 1
1022 1
1022 1
1022 1
1022 1
1022 1
1022 1
1022 1
1022 1
1022 1
1022 1
1022 1
1022 1
1022 1
1548 1
1548 1
1548 1
1548 1
1548 1
1548 1
1548 1
1548 1
1548 1
1548 1
1548 1
1548 1
1548 1
1548 1
1548 1
1548 1
1548 1
1548 1
1548 1
1548 1
1548 1
1627 1
1627 1
1627 1
1627 1
1627 1
1627 1
1627 1
1627 1
1627 1
1627 1
1627 1
1627 1
1627 1
1627 1
1627 1
1627 1
1627 1
1627 1
1627 1
1627 1
1627 1
1023 1
1023 1
1023 1
1023 1
1023 1
1023 1
1023 1
1023 1
1023 1
1023 1
1023 1
1023 1
1023 1
1023 1
1023 1
1023 1
1023 1
1023 1
1023 1
1023 1
1023 1
1549 1
1549 1
1549 1
1549 1
1549 1
1549 1
1549 1
1549 1
1549 1
1549 1
1549 1
1549 1
1549 1
1549 1
1549 1
1549 1
1549 1
1549 1
1549 1
1549 1
1549 1
1024 1
1024 1
1024 1
1024 1
1024 1
1024 1
1024 1
1024 1
1024 1
1024 1
1024 1
1024 1
1024 1
1024 1
1024 1
1024 1
1024 1
1024 1
1024 1
1024 1
1024 1
1082 1
1082 1
1082 1
1082 1
1082 1
1082 1
1082 1
1082 1
1082 1
1082 1
1082 1
1082 1
1082 1
1082 1
1082 1
1082 1
1082 1
1082 1
1082 1
1082 1
1082 1
871 1
871 1
871 1
871 1
871 1
871 1
871 1
871 1
871 1
871 1
871 1
871 1
871 1
871 1
871 1
871 1
871 1
871 1
871 1
871 1
871 1
919 1
919 1
919 1
919 1
919 1
919 1
919 1
919 1
919 1
919 1
919 1
919 1
919 1
919 1
919 1
919 1
919 1
919 1
919 1
919 1
919 1
1221 1
1221 1
1221 1
1221 1
1221 1
1221 1
1221 1
1221 1
1221 1
1221 1
1221 1
1221 1
1221 1
1221 1
1221 1
1221 1
1221 1
1221 1
1221 1
1221 1
1221 1
3641 1
3641 1
3641 1
3641 1
3641 1
3641 1
3641 1
3641 1
3641 1
3641 1
3641 1
3641 1
3641 1
3641 1
3641 1
3641 1
3641 1
3641 1
3641 1
3641 1
3641 1
2180 1
2180 1
2180 1
2180 1
2180 1
2180 1
2180 1
2180 1
2180 1
2180 1
2180 1
2180 1
2180 1
2180 1
2180 1
2180 1
2180 1
2180 1
2180 1
2180 1
2180 1
356 1
356 1
356 1
356 1
356 1
356 1
356 1
356 1
356 1
356 1
356 1
356 1
356 1
356 1
356 1
356 1
356 1
356 1
356 1
356 1
356 1
2184 1
2184 1
2184 1
2184 1
2184 1
2184 1
2184 1
2184 1
2184 1
2184 1
2184 1
2184 1
2184 1
2184 1
2184 1
2184 1
2184 1
2184 1
2184 1
2184 1
2184 1
2273 1
2273 1
2273 1
2273 1
2273 1
2273 1
2273 1
2273 1
2273 1
2273 1
2273 1
2273 1
2273 1
2273 1
2273 1
2273 1
2273 1
2273 1
2273 1
2273 1
2273 1
2090 1
2090 1
2090 1
2090 1
2090 1
2090 1
2090 1
2090 1
2090 1
2090 1
2090 1
2090 1
2090 1
2090 1
2090 1
2090 1
2090 1
2090 1
2090 1
2090 1
2090 1
2186 1
2186 1
2186 1
2186 1
2186 1
2186 1
2186 1
2186 1
2186 1
2186 1
2186 1
2186 1
2186 1
2186 1
2186 1
2186 1
2186 1
2186 1
2186 1
2186 1
2186 1
1997 1
1997 1
1997 1
1997 1
1997 1
1997 1
1997 1
1997 1
1997 1
1997 1
1997 1
1997 1
1997 1
1997 1
1997 1
1997 1
1997 1
1997 1
1997 1
1997 1
1997 1
2091 1
2091 1
2091 1
2091 1
2091 1
2091 1
2091 1
2091 1
2091 1
2091 1
2091 1
2091 1
2091 1
2091 1
2091 1
2091 1
2091 1
2091 1
2091 1
2091 1
2091 1
1905 1
1905 1
1905 1
1905 1
1905 1
1905 1
1905 1
1905 1
1905 1
1905 1
1905 1
1905 1
1905 1
1905 1
1905 1
1905 1
1905 1
1905 1
1905 1
1905 1
1905 1
2201 1
2201 1
2201 1
2201 1
2201 1
2201 1
2201 1
2201 1
2201 1
2201 1
2201 1
2201 1
2201 1
2201 1
2201 1
2201 1
2201 1
2201 1
2201 1
2201 1
2201 1
3451 1
3451 1
3451 1
3451 1
3451 1
3451 1
3451 1
3451 1
3451 1
3451 1
3451 1
3451 1
3451 1
3451 1
3451 1
3451 1
3451 1
3451 1
3451 1
3451 1
3451 1
3488 1
3488 1
3488 1
3488 1
3488 1
3488 1
3488 1
3488 1
3488 1
3488 1
3488 1
3488 1
3488 1
3488 1
3488 1
3488 1
3488 1
3488 1
3488 1
3488 1
3488 1
3094 1
3094 1
3094 1
3094 1
3094 1
3094 1
3094 1
3094 1
3094 1
3094 1
3094 1
3094 1
3094 1
3094 1
3094 1
3094 1
3094 1
3094 1
3094 1
3094 1
3094 1
3616 1
3616 1
3616 1
3616 1
3616 1
3616 1
3616 1
3616 1
3616 1
3616 1
3616 1
3616 1
3616 1
3616 1
3616 1
3616 1
3616 1
3616 1
3616 1
3616 1
3616 1
3617 1
3617 1
3617 1
3617 1
3617 1
3617 1
3617 1
3617 1
3617 1
3617 1
3617 1
3617 1
3617 1
3617 1
3617 1
3617 1
3617 1
3617 1
3617 1
3617 1
3617 1
3700 1
3700 1
3700 1
3700 1
3700 1
3700 1
3700 1
3700 1
3700 1
3700 1
3700 1
3700 1
3700 1
3700 1
3700 1
3700 1
3700 1
3700 1
3700 1
3700 1
3700 1
3417 1
3417 1
3417 1
3417 1
3417 1
3417 1
3417 1
3417 1
3417 1
3417 1
3417 1
3417 1
3417 1
3417 1
3417 1
3417 1
3417 1
3417 1
3417 1
3417 1
3417 1
3578 1
3578 1
3578 1
3578 1
3578 1
3578 1
3578 1
3578 1
3578 1
3578 1
3578 1
3578 1
3578 1
3578 1
3578 1
3578 1
3578 1
3578 1
3578 1
3578 1
3578 1
3619 1
3619 1
3619 1
3619 1
3619 1
3619 1
3619 1
3619 1
3619 1
3619 1
3619 1
3619 1
3619 1
3619 1
3619 1
3619 1
3619 1
3619 1
3619 1
3619 1
3619 1
3373 1
3373 1
3373 1
3373 1
3373 1
3373 1
3373 1
3373 1
3373 1
3373 1
3373 1
3373 1
3373 1
3373 1
3373 1
3373 1
3373 1
3373 1
3373 1
3373 1
3373 1
3461 1
3461 1
3461 1
3461 1
3461 1
3461 1
3461 1
3461 1
3461 1
3461 1
3461 1
3461 1
3461 1
3461 1
3461 1
3461 1
3461 1
3461 1
3461 1
3461 1
3461 1
3620 1
3620 1
3620 1
3620 1
3620 1
3620 1
3620 1
3620 1
3620 1
3620 1
3620 1
3620 1
3620 1
3620 1
3620 1
3620 1
3620 1
3620 1
3620 1
3620 1
3620 1
3663 1
3663 1
3663 1
3663 1
3663 1
3663 1
3663 1
3663 1
3663 1
3663 1
3663 1
3663 1
3663 1
3663 1
3663 1
3663 1
3663 1
3663 1
3663 1
3663 1
3663 1
3703 1
3703 1
3703 1
3703 1
3703 1
3703 1
3703 1
3703 1
3703 1
3703 1
3703 1
3703 1
3703 1
3703 1
3703 1
3703 1
3703 1
3703 1
3703 1
3703 1
3703 1
3209 1
3209 1
3209 1
3209 1
3209 1
3209 1
3209 1
3209 1
3209 1
3209 1
3209 1
3209 1
3209 1
3209 1
3209 1
3209 1
3209 1
3209 1
3209 1
3209 1
3209 1
3499 1
3499 1
3499 1
3499 1
3499 1
3499 1
3499 1
3499 1
3499 1
3499 1
3499 1
3499 1
3499 1
3499 1
3499 1
3499 1
3499 1
3499 1
3499 1
3499 1
3499 1
3537 1
3537 1
3537 1
3537 1
3537 1
3537 1
3537 1
3537 1
3537 1
3537 1
3537 1
3537 1
3537 1
3537 1
3537 1
3537 1
3537 1
3537 1
3537 1
3537 1
3537 1
3664 1
3664 1
3664 1
3664 1
3664 1
3664 1
3664 1
3664 1
3664 1
3664 1
3664 1
3664 1
3664 1
3664 1
3664 1
3664 1
3664 1
3664 1
3664 1
3664 1
3664 1
3264 1
3264 1
3264 1
3264 1
3264 1
3264 1
3264 1
3264 1
3264 1
3264 1
3264 1
3264 1
3264 1
3264 1
3264 1
3264 1
3264 1
3264 1
3264 1
3264 1
3264 1
3581 1
3581 1
3581 1
3581 1
3581 1
3581 1
3581 1
3581 1
3581 1
3581 1
3581 1
3581 1
3581 1
3581 1
3581 1
3581 1
3581 1
3581 1
3581 1
3581 1
3581 1
3622 1
3622 1
3622 1
3622 1
3622 1
3622 1
3622 1
3622 1
3622 1
3622 1
3622 1
3622 1
3622 1
3622 1
3622 1
3622 1
3622 1
3622 1
3622 1
3622 1
3622 1
3665 1
3665 1
3665 1
3665 1
3665 1
3665 1
3665 1
3665 1
3665 1
3665 1
3665 1
3665 1
3665 1
3665 1
3665 1
3665 1
3665 1
3665 1
3665 1
3665 1
3665 1
3705 1
3705 1
3705 1
3705 1
3705 1
3705 1
3705 1
3705 1
3705 1
3705 1
3705 1
3705 1
3705 1
3705 1
3705 1
3705 1
3705 1
3705 1
3705 1
3705 1
3705 1
3582 1
3582 1
3582 1
3582 1
3582 1
3582 1
3582 1
3582 1
3582 1
3582 1
3582 1
3582 1
3582 1
3582 1
3582 1
3582 1
3582 1
3582 1
3582 1
3582 1
3582 1
3623 1
3623 1
3623 1
3623 1
3623 1
3623 1
3623 1
3623 1
3623 1
3623 1
3623 1
3623 1
3623 1
3623 1
3623 1
3623 1
3623 1
3623 1
3623 1
3623 1
3623 1
3666 1
3666 1
3666 1
3666 1
3666 1
3666 1
3666 1
3666 1
3666 1
3666 1
3666 1
3666 1
3666 1
3666 1
3666 1
3666 1
3666 1
3666 1
3666 1
3666 1
3666 1
3212 1
3212 1
3212 1
3212 1
3212 1
3212 1
3212 1
3212 1
3212 1
3212 1
3212 1
3212 1
3212 1
3212 1
3212 1
3212 1
3212 1
3212 1
3212 1
3212 1
3212 1
3502 1
3502 1
3502 1
3502 1
3502 1
3502 1
3502 1
3502 1
3502 1
3502 1
3502 1
3502 1
3502 1
3502 1
3502 1
3502 1
3502 1
3502 1
3502 1
3502 1
3502 1
3540 1
3540 1
3540 1
3540 1
3540 1
3540 1
3540 1
3540 1
3540 1
3540 1
3540 1
3540 1
3540 1
3540 1
3540 1
3540 1
3540 1
3540 1
3540 1
3540 1
3540 1
3707 1
3707 1
3707 1
3707 1
3707 1
3707 1
3707 1
3707 1
3707 1
3707 1
3707 1
3707 1
3707 1
3707 1
3707 1
3707 1
3707 1
3707 1
3707 1
3707 1
3707 1
3157 1
3157 1
3157 1
3157 1
3157 1
3157 1
3157 1
3157 1
3157 1
3157 1
3157 1
3157 1
3157 1
3157 1
3157 1
3157 1
3157 1
3157 1
3157 1
3157 1
3157 1
3213 1
3213 1
3213 1
3213 1
3213 1
3213 1
3213 1
3213 1
3213 1
3213 1
3213 1
3213 1
3213 1
3213 1
3213 1
3213 1
3213 1
3213 1
3213 1
3213 1
3213 1
3267 1
3267 1
3267 1
3267 1
3267 1
3267 1
3267 1
3267 1
3267 1
3267 1
3267 1
3267 1
3267 1
3267 1
3267 1
3267 1
3267 1
3267 1
3267 1
3267 1
3267 1
3327 1
3327 1
3327 1
3327 1
3327 1
3327 1
3327 1
3327 1
3327 1
3327 1
3327 1
3327 1
3327 1
3327 1
3327 1
3327 1
3327 1
3327 1
3327 1
3327 1
3327 1
3378 1
3378 1
3378 1
3378 1
3378 1
3378 1
3378 1
3378 1
3378 1
3378 1
3378 1
3378 1
3378 1
3378 1
3378 1
3378 1
3378 1
3378 1
3378 1
3378 1
3378 1
3423 1
3423 1
3423 1
3423 1
3423 1
3423 1
3423 1
3423 1
3423 1
3423 1
3423 1
3423 1
3423 1
3423 1
3423 1
3423 1
3423 1
3423 1
3423 1
3423 1
3423 1
3503 1
3503 1
3503 1
3503 1
3503 1
3503 1
3503 1
3503 1
3503 1
3503 1
3503 1
3503 1
3503 1
3503 1
3503 1
3503 1
3503 1
3503 1
3503 1
3503 1
3503 1
3541 1
3541 1
3541 1
3541 1
3541 1
3541 1
3541 1
3541 1
3541 1
3541 1
3541 1
3541 1
3541 1
3541 1
3541 1
3541 1
3541 1
3541 1
3541 1
3541 1
3541 1
3584 1
3584 1
3584 1
3584 1
3584 1
3584 1
3584 1
3584 1
3584 1
3584 1
3584 1
3584 1
3584 1
3584 1
3584 1
3584 1
3584 1
3584 1
3584 1
3584 1
3584 1
3625 1
3625 1
3625 1
3625 1
3625 1
3625 1
3625 1
3625 1
3625 1
3625 1
3625 1
3625 1
3625 1
3625 1
3625 1
3625 1
3625 1
3625 1
3625 1
3625 1
3625 1
3268 1
3268 1
3268 1
3268 1
3268 1
3268 1
3268 1
3268 1
3268 1
3268 1
3268 1
3268 1
3268 1
3268 1
3268 1
3268 1
3268 1
3268 1
3268 1
3268 1
3268 1
3328 1
3328 1
3328 1
3328 1
3328 1
3328 1
3328 1
3328 1
3328 1
3328 1
3328 1
3328 1
3328 1
3328 1
3328 1
3328 1
3328 1
3328 1
3328 1
3328 1
3328 1
3379 1
3379 1
3379 1
3379 1
3379 1
3379 1
3379 1
3379 1
3379 1
3379 1
3379 1
3379 1
3379 1
3379 1
3379 1
3379 1
3379 1
3379 1
3379 1
3379 1
3379 1
3424 1
3424 1
3424 1
3424 1
3424 1
3424 1
3424 1
3424 1
3424 1
3424 1
3424 1
3424 1
3424 1
3424 1
3424 1
3424 1
3424 1
3424 1
3424 1
3424 1
3424 1
3542 1
3542 1
3542 1
3542 1
3542 1
3542 1
3542 1
3542 1
3542 1
3542 1
3542 1
3542 1
3542 1
3542 1
3542 1
3542 1
3542 1
3542 1
3542 1
3542 1
3542 1
3585 1
3585 1
3585 1
3585 1
3585 1
3585 1
3585 1
3585 1
3585 1
3585 1
3585 1
3585 1
3585 1
3585 1
3585 1
3585 1
3585 1
3585 1
3585 1
3585 1
3585 1
2857 1
2857 1
2857 1
2857 1
2857 1
2857 1
2857 1
2857 1
2857 1
2857 1
2857 1
2857 1
2857 1
2857 1
2857 1
2857 1
2857 1
2857 1
2857 1
2857 1
2857 1
2923 1
2923 1
2923 1
2923 1
2923 1
2923 1
2923 1
2923 1
2923 1
2923 1
2923 1
2923 1
2923 1
2923 1
2923 1
2923 1
2923 1
2923 1
2923 1
2923 1
2923 1
3380 1
3380 1
3380 1
3380 1
3380 1
3380 1
3380 1
3380 1
3380 1
3380 1
3380 1
3380 1
3380 1
3380 1
3380 1
3380 1
3380 1
3380 1
3380 1
3380 1
3380 1
2786 1
2786 1
2786 1
2786 1
2786 1
2786 1
2786 1
2786 1
2786 1
2786 1
2786 1
2786 1
2786 1
2786 1
2786 1
2786 1
2786 1
2786 1
2786 1
2786 1
2786 1
2858 1
2858 1
2858 1
2858 1
2858 1
2858 1
2858 1
2858 1
2858 1
2858 1
2858 1
2858 1
2858 1
2858 1
2858 1
2858 1
2858 1
2858 1
2858 1
2858 1
2858 1
2987 1
2987 1
2987 1
2987 1
2987 1
2987 1
2987 1
2987 1
2987 1
2987 1
2987 1
2987 1
2987 1
2987 1
2987 1
2987 1
2987 1
2987 1
2987 1
2987 1
2987 1
2925 1
2925 1
2925 1
2925 1
2925 1
2925 1
2925 1
2925 1
2925 1
2925 1
2925 1
2925 1
2925 1
2925 1
2925 1
2925 1
2925 1
2925 1
2925 1
2925 1
2925 1
2988 1
2988 1
2988 1
2988 1
2988 1
2988 1
2988 1
2988 1
2988 1
2988 1
2988 1
2988 1
2988 1
2988 1
2988 1
2988 1
2988 1
2988 1
2988 1
2988 1
2988 1
3047 1
3047 1
3047 1
3047 1
3047 1
3047 1
3047 1
3047 1
3047 1
3047 1
3047 1
3047 1
3047 1
3047 1
3047 1
3047 1
3047 1
3047 1
3047 1
3047 1
3047 1
3161 1
3161 1
3161 1
3161 1
3161 1
3161 1
3161 1
3161 1
3161 1
3161 1
3161 1
3161 1
3161 1
3161 1
3161 1
3161 1
3161 1
3161 1
3161 1
3161 1
3161 1
2926 1
2926 1
2926 1
2926 1
2926 1
2926 1
2926 1
2926 1
2926 1
2926 1
2926 1
2926 1
2926 1
2926 1
2926 1
2926 1
2926 1
2926 1
2926 1
2926 1
2926 1
3048 1
3048 1
3048 1
3048 1
3048 1
3048 1
3048 1
3048 1
3048 1
3048 1
3048 1
3048 1
3048 1
3048 1
3048 1
3048 1
3048 1
3048 1
3048 1
3048 1
3048 1
3107 1
3107 1
3107 1
3107 1
3107 1
3107 1
3107 1
3107 1
3107 1
3107 1
3107 1
3107 1
3107 1
3107 1
3107 1
3107 1
3107 1
3107 1
3107 1
3107 1
3107 1
3162 1
3162 1
3162 1
3162 1
3162 1
3162 1
3162 1
3162 1
3162 1
3162 1
3162 1
3162 1
3162 1
3162 1
3162 1
3162 1
3162 1
3162 1
3162 1
3162 1
3162 1
2718 1
2718 1
2718 1
2718 1
2718 1
2718 1
2718 1
2718 1
2718 1
2718 1
2718 1
2718 1
2718 1
2718 1
2718 1
2718 1
2718 1
2718 1
2718 1
2718 1
2718 1
2861 1
2861 1
2861 1
2861 1
2861 1
2861 1
2861 1
2861 1
2861 1
2861 1
2861 1
2861 1
2861 1
2861 1
2861 1
2861 1
2861 1
2861 1
2861 1
2861 1
2861 1
2927 1
2927 1
2927 1
2927 1
2927 1
2927 1
2927 1
2927 1
2927 1
2927 1
2927 1
2927 1
2927 1
2927 1
2927 1
2927 1
2927 1
2927 1
2927 1
2927 1
2927 1
2990 1
2990 1
2990 1
2990 1
2990 1
2990 1
2990 1
2990 1
2990 1
2990 1
2990 1
2990 1
2990 1
2990 1
2990 1
2990 1
2990 1
2990 1
2990 1
2990 1
2990 1
3049 1
3049 1
3049 1
3049 1
3049 1
3049 1
3049 1
3049 1
3049 1
3049 1
3049 1
3049 1
3049 1
3049 1
3049 1
3049 1
3049 1
3049 1
3049 1
3049 1
3049 1
3108 1
3108 1
3108 1
3108 1
3108 1
3108 1
3108 1
3108 1
3108 1
3108 1
3108 1
3108 1
3108 1
3108 1
3108 1
3108 1
3108 1
3108 1
3108 1
3108 1
3108 1
2719 1
2719 1
2719 1
2719 1
2719 1
2719 1
2719 1
2719 1
2719 1
2719 1
2719 1
2719 1
2719 1
2719 1
2719 1
2719 1
2719 1
2719 1
2719 1
2719 1
2719 1
2991 1
2991 1
2991 1
2991 1
2991 1
2991 1
2991 1
2991 1
2991 1
2991 1
2991 1
2991 1
2991 1
2991 1
2991 1
2991 1
2991 1
2991 1
2991 1
2991 1
2991 1
3050 1
3050 1
3050 1
3050 1
3050 1
3050 1
3050 1
3050 1
3050 1
3050 1
3050 1
3050 1
3050 1
3050 1
3050 1
3050 1
3050 1
3050 1
3050 1
3050 1
3050 1
3109 1
3109 1
3109 1
3109 1
3109 1
3109 1
3109 1
3109 1
3109 1
3109 1
3109 1
3109 1
3109 1
3109 1
3109 1
3109 1
3109 1
3109 1
3109 1
3109 1
3109 1
3164 1
3164 1
3164 1
3164 1
3164 1
3164 1
3164 1
3164 1
3164 1
3164 1
3164 1
3164 1
3164 1
3164 1
3164 1
3164 1
3164 1
3164 1
3164 1
3164 1
3164 1
3220 1
3220 1
3220 1
3220 1
3220 1
3220 1
3220 1
3220 1
3220 1
3220 1
3220 1
3220 1
3220 1
3220 1
3220 1
3220 1
3220 1
3220 1
3220 1
3220 1
3220 1
1664 1
1664 1
1664 1
1664 1
1664 1
1664 1
1664 1
1664 1
1664 1
1664 1
1664 1
1664 1
1664 1
1664 1
1664 1
1664 1
1664 1
1664 1
1664 1
1664 1
1664 1
2224 1
2224 1
2224 1
2224 1
2224 1
2224 1
2224 1
2224 1
2224 1
2224 1
2224 1
2224 1
2224 1
2224 1
2224 1
2224 1
2224 1
2224 1
2224 1
2224 1
2224 1
2791 1
2791 1
2791 1
2791 1
2791 1
2791 1
2791 1
2791 1
2791 1
2791 1
2791 1
2791 1
2791 1
2791 1
2791 1
2791 1
2791 1
2791 1
2791 1
2791 1
2791 1
2863 1
2863 1
2863 1
2863 1
2863 1
2863 1
2863 1
2863 1
2863 1
2863 1
2863 1
2863 1
2863 1
2863 1
2863 1
2863 1
2863 1
2863 1
2863 1
2863 1
2863 1
2929 1
2929 1
2929 1
2929 1
2929 1
2929 1
2929 1
2929 1
2929 1
2929 1
2929 1
2929 1
2929 1
2929 1
2929 1
2929 1
2929 1
2929 1
2929 1
2929 1
2929 1
3051 1
3051 1
3051 1
3051 1
3051 1
3051 1
3051 1
3051 1
3051 1
3051 1
3051 1
3051 1
3051 1
3051 1
3051 1
3051 1
3051 1
3051 1
3051 1
3051 1
3051 1
3110 1
3110 1
3110 1
3110 1
3110 1
3110 1
3110 1
3110 1
3110 1
3110 1
3110 1
3110 1
3110 1
3110 1
3110 1
3110 1
3110 1
3110 1
3110 1
3110 1
3110 1
1665 1
1665 1
1665 1
1665 1
1665 1
1665 1
1665 1
1665 1
1665 1
1665 1
1665 1
1665 1
1665 1
1665 1
1665 1
1665 1
1665 1
1665 1
1665 1
1665 1
1665 1
2036 1
2036 1
2036 1
2036 1
2036 1
2036 1
2036 1
2036 1
2036 1
2036 1
2036 1
2036 1
2036 1
2036 1
2036 1
2036 1
2036 1
2036 1
2036 1
2036 1
2036 1
2130 1
2130 1
2130 1
2130 1
2130 1
2130 1
2130 1
2130 1
2130 1
2130 1
2130 1
2130 1
2130 1
2130 1
2130 1
2130 1
2130 1
2130 1
2130 1
2130 1
2130 1
2225 1
2225 1
2225 1
2225 1
2225 1
2225 1
2225 1
2225 1
2225 1
2225 1
2225 1
2225 1
2225 1
2225 1
2225 1
2225 1
2225 1
2225 1
2225 1
2225 1
2225 1
2930 1
2930 1
2930 1
2930 1
2930 1
2930 1
2930 1
2930 1
2930 1
2930 1
2930 1
2930 1
2930 1
2930 1
2930 1
2930 1
2930 1
2930 1
2930 1
2930 1
2930 1
1666 1
1666 1
1666 1
1666 1
1666 1
1666 1
1666 1
1666 1
1666 1
1666 1
1666 1
1666 1
1666 1
1666 1
1666 1
1666 1
1666 1
1666 1
1666 1
1666 1
1666 1
2131 1
2131 1
2131 1
2131 1
2131 1
2131 1
2131 1
2131 1
2131 1
2131 1
2131 1
2131 1
2131 1
2131 1
2131 1
2131 1
2131 1
2131 1
2131 1
2131 1
2131 1
2226 1
2226 1
2226 1
2226 1
2226 1
2226 1
2226 1
2226 1
2226 1
2226 1
2226 1
2226 1
2226 1
2226 1
2226 1
2226 1
2226 1
2226 1
2226 1
2226 1
2226 1
2315 1
2315 1
2315 1
2315 1
2315 1
2315 1
2315 1
2315 1
2315 1
2315 1
2315 1
2315 1
2315 1
2315 1
2315 1
2315 1
2315 1
2315 1
2315 1
2315 1
2315 1
2406 1
2406 1
2406 1
2406 1
2406 1
2406 1
2406 1
2406 1
2406 1
2406 1
2406 1
2406 1
2406 1
2406 1
2406 1
2406 1
2406 1
2406 1
2406 1
2406 1
2406 1
2722 1
2722 1
2722 1
2722 1
2722 1
2722 1
2722 1
2722 1
2722 1
2722 1
2722 1
2722 1
2722 1
2722 1
2722 1
2722 1
2722 1
2722 1
2722 1
2722 1
2722 1
2793 1
2793 1
2793 1
2793 1
2793 1
2793 1
2793 1
2793 1
2793 1
2793 1
2793 1
2793 1
2793 1
2793 1
2793 1
2793 1
2793 1
2793 1
2793 1
2793 1
2793 1
2865 1
2865 1
2865 1
2865 1
2865 1
2865 1
2865 1
2865 1
2865 1
2865 1
2865 1
2865 1
2865 1
2865 1
2865 1
2865 1
2865 1
2865 1
2865 1
2865 1
2865 1
2931 1
2931 1
2931 1
2931 1
2931 1
2931 1
2931 1
2931 1
2931 1
2931 1
2931 1
2931 1
2931 1
2931 1
2931 1
2931 1
2931 1
2931 1
2931 1
2931 1
2931 1
1416 1
1416 1
1416 1
1416 1
1416 1
1416 1
1416 1
1416 1
1416 1
1416 1
1416 1
1416 1
1416 1
1416 1
1416 1
1416 1
1416 1
1416 1
1416 1
1416 1
1416 1
1851 1
1851 1
1851 1
1851 1
1851 1
1851 1
1851 1
1851 1
1851 1
1851 1
1851 1
1851 1
1851 1
1851 1
1851 1
1851 1
1851 1
1851 1
1851 1
1851 1
1851 1
1943 1
1943 1
1943 1
1943 1
1943 1
1943 1
1943 1
1943 1
1943 1
1943 1
1943 1
1943 1
1943 1
1943 1
1943 1
1943 1
1943 1
1943 1
1943 1
1943 1
1943 1
2038 1
2038 1
2038 1
2038 1
2038 1
2038 1
2038 1
2038 1
2038 1
2038 1
2038 1
2038 1
2038 1
2038 1
2038 1
2038 1
2038 1
2038 1
2038 1
2038 1
2038 1
2132 1
2132 1
2132 1
2132 1
2132 1
2132 1
2132 1
2132 1
2132 1
2132 1
2132 1
2132 1
2132 1
2132 1
2132 1
2132 1
2132 1
2132 1
2132 1
2132 1
2132 1
2227 1
2227 1
2227 1
2227 1
2227 1
2227 1
2227 1
2227 1
2227 1
2227 1
2227 1
2227 1
2227 1
2227 1
2227 1
2227 1
2227 1
2227 1
2227 1
2227 1
2227 1
2316 1
2316 1
2316 1
2316 1
2316 1
2316 1
2316 1
2316 1
2316 1
2316 1
2316 1
2316 1
2316 1
2316 1
2316 1
2316 1
2316 1
2316 1
2316 1
2316 1
2316 1
2407 1
2407 1
2407 1
2407 1
2407 1
2407 1
2407 1
2407 1
2407 1
2407 1
2407 1
2407 1
2407 1
2407 1
2407 1
2407 1
2407 1
2407 1
2407 1
2407 1
2407 1
2492 1
2492 1
2492 1
2492 1
2492 1
2492 1
2492 1
2492 1
2492 1
2492 1
2492 1
2492 1
2492 1
2492 1
2492 1
2492 1
2492 1
2492 1
2492 1
2492 1
2492 1
2574 1
2574 1
2574 1
2574 1
2574 1
2574 1
2574 1
2574 1
2574 1
2574 1
2574 1
2574 1
2574 1
2574 1
2574 1
2574 1
2574 1
2574 1
2574 1
2574 1
2574 1
2651 1
2651 1
2651 1
2651 1
2651 1
2651 1
2651 1
2651 1
2651 1
2651 1
2651 1
2651 1
2651 1
2651 1
2651 1
2651 1
2651 1
2651 1
2651 1
2651 1
2651 1
2723 1
2723 1
2723 1
2723 1
2723 1
2723 1
2723 1
2723 1
2723 1
2723 1
2723 1
2723 1
2723 1
2723 1
2723 1
2723 1
2723 1
2723 1
2723 1
2723 1
2723 1
2794 1
2794 1
2794 1
2794 1
2794 1
2794 1
2794 1
2794 1
2794 1
2794 1
2794 1
2794 1
2794 1
2794 1
2794 1
2794 1
2794 1
2794 1
2794 1
2794 1
2794 1
2866 1
2866 1
2866 1
2866 1
2866 1
2866 1
2866 1
2866 1
2866 1
2866 1
2866 1
2866 1
2866 1
2866 1
2866 1
2866 1
2866 1
2866 1
2866 1
2866 1
2866 1
2932 1
2932 1
2932 1
2932 1
2932 1
2932 1
2932 1
2932 1
2932 1
2932 1
2932 1
2932 1
2932 1
2932 1
2932 1
2932 1
2932 1
2932 1
2932 1
2932 1
2932 1
1758 1
1758 1
1758 1
1758 1
1758 1
1758 1
1758 1
1758 1
1758 1
1758 1
1758 1
1758 1
1758 1
1758 1
1758 1
1758 1
1758 1
1758 1
1758 1
1758 1
1758 1
2039 1
2039 1
2039 1
2039 1
2039 1
2039 1
2039 1
2039 1
2039 1
2039 1
2039 1
2039 1
2039 1
2039 1
2039 1
2039 1
2039 1
2039 1
2039 1
2039 1
2039 1
2228 1
2228 1
2228 1
2228 1
2228 1
2228 1
2228 1
2228 1
2228 1
2228 1
2228 1
2228 1
2228 1
2228 1
2228 1
2228 1
2228 1
2228 1
2228 1
2228 1
2228 1
2317 1
2317 1
2317 1
2317 1
2317 1
2317 1
2317 1
2317 1
2317 1
2317 1
2317 1
2317 1
2317 1
2317 1
2317 1
2317 1
2317 1
2317 1
2317 1
2317 1
2317 1
2408 1
2408 1
2408 1
2408 1
2408 1
2408 1
2408 1
2408 1
2408 1
2408 1
2408 1
2408 1
2408 1
2408 1
2408 1
2408 1
2408 1
2408 1
2408 1
2408 1
2408 1
2493 1
2493 1
2493 1
2493 1
2493 1
2493 1
2493 1
2493 1
2493 1
2493 1
2493 1
2493 1
2493 1
2493 1
2493 1
2493 1
2493 1
2493 1
2493 1
2493 1
2493 1
2575 1
2575 1
2575 1
2575 1
2575 1
2575 1
2575 1
2575 1
2575 1
2575 1
2575 1
2575 1
2575 1
2575 1
2575 1
2575 1
2575 1
2575 1
2575 1
2575 1
2575 1
2652 1
2652 1
2652 1
2652 1
2652 1
2652 1
2652 1
2652 1
2652 1
2652 1
2652 1
2652 1
2652 1
2652 1
2652 1
2652 1
2652 1
2652 1
2652 1
2652 1
2652 1
2724 1
2724 1
2724 1
2724 1
2724 1
2724 1
2724 1
2724 1
2724 1
2724 1
2724 1
2724 1
2724 1
2724 1
2724 1
2724 1
2724 1
2724 1
2724 1
2724 1
2724 1
2795 1
2795 1
2795 1
2795 1
2795 1
2795 1
2795 1
2795 1
2795 1
2795 1
2795 1
2795 1
2795 1
2795 1
2795 1
2795 1
2795 1
2795 1
2795 1
2795 1
2795 1
2867 1
2867 1
2867 1
2867 1
2867 1
2867 1
2867 1
2867 1
2867 1
2867 1
2867 1
2867 1
2867 1
2867 1
2867 1
2867 1
2867 1
2867 1
2867 1
2867 1
2867 1
2040 1
2040 1
2040 1
2040 1
2040 1
2040 1
2040 1
2040 1
2040 1
2040 1
2040 1
2040 1
2040 1
2040 1
2040 1
2040 1
2040 1
2040 1
2040 1
2040 1
2040 1
2229 1
2229 1
2229 1
2229 1
2229 1
2229 1
2229 1
2229 1
2229 1
2229 1
2229 1
2229 1
2229 1
2229 1
2229 1
2229 1
2229 1
2229 1
2229 1
2229 1
2229 1
2318 1
2318 1
2318 1
2318 1
2318 1
2318 1
2318 1
2318 1
2318 1
2318 1
2318 1
2318 1
2318 1
2318 1
2318 1
2318 1
2318 1
2318 1
2318 1
2318 1
2318 1
2409 1
2409 1
2409 1
2409 1
2409 1
2409 1
2409 1
2409 1
2409 1
2409 1
2409 1
2409 1
2409 1
2409 1
2409 1
2409 1
2409 1
2409 1
2409 1
2409 1
2409 1
2494 1
2494 1
2494 1
2494 1
2494 1
2494 1
2494 1
2494 1
2494 1
2494 1
2494 1
2494 1
2494 1
2494 1
2494 1
2494 1
2494 1
2494 1
2494 1
2494 1
2494 1
2576 1
2576 1
2576 1
2576 1
2576 1
2576 1
2576 1
2576 1
2576 1
2576 1
2576 1
2576 1
2576 1
2576 1
2576 1
2576 1
2576 1
2576 1
2576 1
2576 1
2576 1
2653 1
2653 1
2653 1
2653 1
2653 1
2653 1
2653 1
2653 1
2653 1
2653 1
2653 1
2653 1
2653 1
2653 1
2653 1
2653 1
2653 1
2653 1
2653 1
2653 1
2653 1
2725 1
2725 1
2725 1
2725 1
2725 1
2725 1
2725 1
2725 1
2725 1
2725 1
2725 1
2725 1
2725 1
2725 1
2725 1
2725 1
2725 1
2725 1
2725 1
2725 1
2725 1
2796 1
2796 1
2796 1
2796 1
2796 1
2796 1
2796 1
2796 1
2796 1
2796 1
2796 1
2796 1
2796 1
2796 1
2796 1
2796 1
2796 1
2796 1
2796 1
2796 1
2796 1
2934 1
2934 1
2934 1
2934 1
2934 1
2934 1
2934 1
2934 1
2934 1
2934 1
2934 1
2934 1
2934 1
2934 1
2934 1
2934 1
2934 1
2934 1
2934 1
2934 1
2934 1
2577 1
2577 1
2577 1
2577 1
2577 1
2577 1
2577 1
2577 1
2577 1
2577 1
2577 1
2577 1
2577 1
2577 1
2577 1
2577 1
2577 1
2577 1
2577 1
2577 1
2577 1
2654 1
2654 1
2654 1
2654 1
2654 1
2654 1
2654 1
2654 1
2654 1
2654 1
2654 1
2654 1
2654 1
2654 1
2654 1
2654 1
2654 1
2654 1
2654 1
2654 1
2654 1
2726 1
2726 1
2726 1
2726 1
2726 1
2726 1
2726 1
2726 1
2726 1
2726 1
2726 1
2726 1
2726 1
2726 1
2726 1
2726 1
2726 1
2726 1
2726 1
2726 1
2726 1
2496 1
2496 1
2496 1
2496 1
2496 1
2496 1
2496 1
2496 1
2496 1
2496 1
2496 1
2496 1
2496 1
2496 1
2496 1
2496 1
2496 1
2496 1
2496 1
2496 1
2496 1
2578 1
2578 1
2578 1
2578 1
2578 1
2578 1
2578 1
2578 1
2578 1
2578 1
2578 1
2578 1
2578 1
2578 1
2578 1
2578 1
2578 1
2578 1
2578 1
2578 1
2578 1
2655 1
2655 1
2655 1
2655 1
2655 1
2655 1
2655 1
2655 1
2655 1
2655 1
2655 1
2655 1
2655 1
2655 1
2655 1
2655 1
2655 1
2655 1
2655 1
2655 1
2655 1
2579 1
2579 1
2579 1
2579 1
2579 1
2579 1
2579 1
2579 1
2579 1
2579 1
2579 1
2579 1
2579 1
2579 1
2579 1
2579 1
2579 1
2579 1
2579 1
2579 1
2579 1
2728 1
2728 1
2728 1
2728 1
2728 1
2728 1
2728 1
2728 1
2728 1
2728 1
2728 1
2728 1
2728 1
2728 1
2728 1
2728 1
2728 1
2728 1
2728 1
2728 1
2728 1
2871 1
2871 1
2871 1
2871 1
2871 1
2871 1
2871 1
2871 1
2871 1
2871 1
2871 1
2871 1
2871 1
2871 1
2871 1
2871 1
2871 1
2871 1
2871 1
2871 1
2871 1
2937 1
2937 1
2937 1
2937 1
2937 1
2937 1
2937 1
2937 1
2937 1
2937 1
2937 1
2937 1
2937 1
2937 1
2937 1
2937 1
2937 1
2937 1
2937 1
2937 1
2937 1
