pt_graph cpue_kghour
5550 0
5550 11.3930235077456
5550 11.3930235077456
5550 11.3930235077456
5550 11.3930235077456
5550 0
5550 3.11111111111111
5550 0
5550 0
5550 0
5550 0
5550 935.512860710927
5550 935.512860710927
5550 935.512860710927
5550 935.512860710927
5550 935.512860710927
5550 0
5550 0
5550 0
5550 0
5550 0
5550 0
5550 0
5550 0
5550 0
5550 0
5550 0
5550 0
5550 0
5550 743.575129319591
5550 743.575129319591
5550 743.575129319591
5550 0
5550 9
5550 9
5550 0
5550 0
5593 0
5593 11.3930235077456
5593 11.3930235077456
5593 11.3930235077456
5593 11.3930235077456
5593 0
5593 3.11111111111111
5593 0
5593 0
5593 0
5593 0
5593 935.512860710927
5593 935.512860710927
5593 935.512860710927
5593 935.512860710927
5593 935.512860710927
5593 0
5593 0
5593 0
5593 0
5593 0
5593 0
5593 0
5593 0
5593 0
5593 0
5593 0
5593 0
5593 0
5593 743.575129319591
5593 743.575129319591
5593 743.575129319591
5593 0
5593 9
5593 9
5593 0
5593 0
5514 0
5514 11.3930235077456
5514 11.3930235077456
5514 11.3930235077456
5514 11.3930235077456
5514 0
5514 3.11111111111111
5514 0
5514 0
5514 0
5514 0
5514 935.512860710927
5514 935.512860710927
5514 935.512860710927
5514 935.512860710927
5514 935.512860710927
5514 0
5514 0
5514 0
5514 0
5514 0
5514 0
5514 0
5514 0
5514 0
5514 0
5514 0
5514 0
5514 0
5514 743.575129319591
5514 743.575129319591
5514 743.575129319591
5514 0
5514 9
5514 9
5514 0
5514 0
5551 0
5551 11.3930235077456
5551 11.3930235077456
5551 11.3930235077456
5551 11.3930235077456
5551 0
5551 3.11111111111111
5551 0
5551 0
5551 0
5551 0
5551 935.512860710927
5551 935.512860710927
5551 935.512860710927
5551 935.512860710927
5551 935.512860710927
5551 0
5551 0
5551 0
5551 0
5551 0
5551 0
5551 0
5551 0
5551 0
5551 0
5551 0
5551 0
5551 0
5551 743.575129319591
5551 743.575129319591
5551 743.575129319591
5551 0
5551 9
5551 9
5551 0
5551 0
5594 0
5594 11.3930235077456
5594 11.3930235077456
5594 11.3930235077456
5594 11.3930235077456
5594 0
5594 3.11111111111111
5594 0
5594 0
5594 0
5594 0
5594 935.512860710927
5594 935.512860710927
5594 935.512860710927
5594 935.512860710927
5594 935.512860710927
5594 0
5594 0
5594 0
5594 0
5594 0
5594 0
5594 0
5594 0
5594 0
5594 0
5594 0
5594 0
5594 0
5594 743.575129319591
5594 743.575129319591
5594 743.575129319591
5594 0
5594 9
5594 9
5594 0
5594 0
5638 0
5638 11.3930235077456
5638 11.3930235077456
5638 11.3930235077456
5638 11.3930235077456
5638 0
5638 3.11111111111111
5638 0
5638 0
5638 0
5638 0
5638 935.512860710927
5638 935.512860710927
5638 935.512860710927
5638 935.512860710927
5638 935.512860710927
5638 0
5638 0
5638 0
5638 0
5638 0
5638 0
5638 0
5638 0
5638 0
5638 0
5638 0
5638 0
5638 0
5638 743.575129319591
5638 743.575129319591
5638 743.575129319591
5638 0
5638 9
5638 9
5638 0
5638 0
5683 0
5683 11.3930235077456
5683 11.3930235077456
5683 11.3930235077456
5683 11.3930235077456
5683 0
5683 3.11111111111111
5683 0
5683 0
5683 0
5683 0
5683 935.512860710927
5683 935.512860710927
5683 935.512860710927
5683 935.512860710927
5683 935.512860710927
5683 0
5683 0
5683 0
5683 0
5683 0
5683 0
5683 0
5683 0
5683 0
5683 0
5683 0
5683 0
5683 0
5683 743.575129319591
5683 743.575129319591
5683 743.575129319591
5683 0
5683 9
5683 9
5683 0
5683 0
5729 0
5729 11.3930235077456
5729 11.3930235077456
5729 11.3930235077456
5729 11.3930235077456
5729 0
5729 3.11111111111111
5729 0
5729 0
5729 0
5729 0
5729 935.512860710927
5729 935.512860710927
5729 935.512860710927
5729 935.512860710927
5729 935.512860710927
5729 0
5729 0
5729 0
5729 0
5729 0
5729 0
5729 0
5729 0
5729 0
5729 0
5729 0
5729 0
5729 0
5729 743.575129319591
5729 743.575129319591
5729 743.575129319591
5729 0
5729 9
5729 9
5729 0
5729 0
5478 0
5478 11.3930235077456
5478 11.3930235077456
5478 11.3930235077456
5478 11.3930235077456
5478 0
5478 3.11111111111111
5478 0
5478 0
5478 0
5478 0
5478 935.512860710927
5478 935.512860710927
5478 935.512860710927
5478 935.512860710927
5478 935.512860710927
5478 0
5478 0
5478 0
5478 0
5478 0
5478 0
5478 0
5478 0
5478 0
5478 0
5478 0
5478 0
5478 0
5478 743.575129319591
5478 743.575129319591
5478 743.575129319591
5478 0
5478 9
5478 9
5478 0
5478 0
5515 0
5515 11.3930235077456
5515 11.3930235077456
5515 11.3930235077456
5515 11.3930235077456
5515 0
5515 3.11111111111111
5515 0
5515 0
5515 0
5515 0
5515 935.512860710927
5515 935.512860710927
5515 935.512860710927
5515 935.512860710927
5515 935.512860710927
5515 0
5515 0
5515 0
5515 0
5515 0
5515 0
5515 0
5515 0
5515 0
5515 0
5515 0
5515 0
5515 0
5515 743.575129319591
5515 743.575129319591
5515 743.575129319591
5515 0
5515 9
5515 9
5515 0
5515 0
5552 0
5552 11.3930235077456
5552 11.3930235077456
5552 11.3930235077456
5552 11.3930235077456
5552 0
5552 3.11111111111111
5552 0
5552 0
5552 0
5552 0
5552 935.512860710927
5552 935.512860710927
5552 935.512860710927
5552 935.512860710927
5552 935.512860710927
5552 0
5552 0
5552 0
5552 0
5552 0
5552 0
5552 0
5552 0
5552 0
5552 0
5552 0
5552 0
5552 0
5552 743.575129319591
5552 743.575129319591
5552 743.575129319591
5552 0
5552 9
5552 9
5552 0
5552 0
5595 0
5595 11.3930235077456
5595 11.3930235077456
5595 11.3930235077456
5595 11.3930235077456
5595 0
5595 3.11111111111111
5595 0
5595 0
5595 0
5595 0
5595 935.512860710927
5595 935.512860710927
5595 935.512860710927
5595 935.512860710927
5595 935.512860710927
5595 0
5595 0
5595 0
5595 0
5595 0
5595 0
5595 0
5595 0
5595 0
5595 0
5595 0
5595 0
5595 0
5595 743.575129319591
5595 743.575129319591
5595 743.575129319591
5595 0
5595 9
5595 9
5595 0
5595 0
5639 0
5639 11.3930235077456
5639 11.3930235077456
5639 11.3930235077456
5639 11.3930235077456
5639 0
5639 3.11111111111111
5639 0
5639 0
5639 0
5639 0
5639 935.512860710927
5639 935.512860710927
5639 935.512860710927
5639 935.512860710927
5639 935.512860710927
5639 0
5639 0
5639 0
5639 0
5639 0
5639 0
5639 0
5639 0
5639 0
5639 0
5639 0
5639 0
5639 0
5639 743.575129319591
5639 743.575129319591
5639 743.575129319591
5639 0
5639 9
5639 9
5639 0
5639 0
5684 0
5684 11.3930235077456
5684 11.3930235077456
5684 11.3930235077456
5684 11.3930235077456
5684 0
5684 3.11111111111111
5684 0
5684 0
5684 0
5684 0
5684 935.512860710927
5684 935.512860710927
5684 935.512860710927
5684 935.512860710927
5684 935.512860710927
5684 0
5684 0
5684 0
5684 0
5684 0
5684 0
5684 0
5684 0
5684 0
5684 0
5684 0
5684 0
5684 0
5684 743.575129319591
5684 743.575129319591
5684 743.575129319591
5684 0
5684 9
5684 9
5684 0
5684 0
5730 0
5730 11.3930235077456
5730 11.3930235077456
5730 11.3930235077456
5730 11.3930235077456
5730 0
5730 3.11111111111111
5730 0
5730 0
5730 0
5730 0
5730 935.512860710927
5730 935.512860710927
5730 935.512860710927
5730 935.512860710927
5730 935.512860710927
5730 0
5730 0
5730 0
5730 0
5730 0
5730 0
5730 0
5730 0
5730 0
5730 0
5730 0
5730 0
5730 0
5730 743.575129319591
5730 743.575129319591
5730 743.575129319591
5730 0
5730 9
5730 9
5730 0
5730 0
5479 0
5479 11.3930235077456
5479 11.3930235077456
5479 11.3930235077456
5479 11.3930235077456
5479 0
5479 3.11111111111111
5479 0
5479 0
5479 0
5479 0
5479 935.512860710927
5479 935.512860710927
5479 935.512860710927
5479 935.512860710927
5479 935.512860710927
5479 0
5479 0
5479 0
5479 0
5479 0
5479 0
5479 0
5479 0
5479 0
5479 0
5479 0
5479 0
5479 0
5479 743.575129319591
5479 743.575129319591
5479 743.575129319591
5479 0
5479 9
5479 9
5479 0
5479 0
5516 0
5516 11.3930235077456
5516 11.3930235077456
5516 11.3930235077456
5516 11.3930235077456
5516 0
5516 3.11111111111111
5516 0
5516 0
5516 0
5516 0
5516 935.512860710927
5516 935.512860710927
5516 935.512860710927
5516 935.512860710927
5516 935.512860710927
5516 0
5516 0
5516 0
5516 0
5516 0
5516 0
5516 0
5516 0
5516 0
5516 0
5516 0
5516 0
5516 0
5516 743.575129319591
5516 743.575129319591
5516 743.575129319591
5516 0
5516 9
5516 9
5516 0
5516 0
5553 0
5553 11.3930235077456
5553 11.3930235077456
5553 11.3930235077456
5553 11.3930235077456
5553 0
5553 3.11111111111111
5553 0
5553 0
5553 0
5553 0
5553 935.512860710927
5553 935.512860710927
5553 935.512860710927
5553 935.512860710927
5553 935.512860710927
5553 0
5553 0
5553 0
5553 0
5553 0
5553 0
5553 0
5553 0
5553 0
5553 0
5553 0
5553 0
5553 0
5553 743.575129319591
5553 743.575129319591
5553 743.575129319591
5553 0
5553 9
5553 9
5553 0
5553 0
5596 0
5596 11.3930235077456
5596 11.3930235077456
5596 11.3930235077456
5596 11.3930235077456
5596 0
5596 3.11111111111111
5596 0
5596 0
5596 0
5596 0
5596 935.512860710927
5596 935.512860710927
5596 935.512860710927
5596 935.512860710927
5596 935.512860710927
5596 0
5596 0
5596 0
5596 0
5596 0
5596 0
5596 0
5596 0
5596 0
5596 0
5596 0
5596 0
5596 0
5596 743.575129319591
5596 743.575129319591
5596 743.575129319591
5596 0
5596 9
5596 9
5596 0
5596 0
5640 0
5640 11.3930235077456
5640 11.3930235077456
5640 11.3930235077456
5640 11.3930235077456
5640 0
5640 3.11111111111111
5640 0
5640 0
5640 0
5640 0
5640 935.512860710927
5640 935.512860710927
5640 935.512860710927
5640 935.512860710927
5640 935.512860710927
5640 0
5640 0
5640 0
5640 0
5640 0
5640 0
5640 0
5640 0
5640 0
5640 0
5640 0
5640 0
5640 0
5640 743.575129319591
5640 743.575129319591
5640 743.575129319591
5640 0
5640 9
5640 9
5640 0
5640 0
5685 0
5685 11.3930235077456
5685 11.3930235077456
5685 11.3930235077456
5685 11.3930235077456
5685 0
5685 3.11111111111111
5685 0
5685 0
5685 0
5685 0
5685 935.512860710927
5685 935.512860710927
5685 935.512860710927
5685 935.512860710927
5685 935.512860710927
5685 0
5685 0
5685 0
5685 0
5685 0
5685 0
5685 0
5685 0
5685 0
5685 0
5685 0
5685 0
5685 0
5685 743.575129319591
5685 743.575129319591
5685 743.575129319591
5685 0
5685 9
5685 9
5685 0
5685 0
5554 0
5554 11.3930235077456
5554 11.3930235077456
5554 11.3930235077456
5554 11.3930235077456
5554 0
5554 3.11111111111111
5554 0
5554 0
5554 0
5554 0
5554 935.512860710927
5554 935.512860710927
5554 935.512860710927
5554 935.512860710927
5554 935.512860710927
5554 0
5554 0
5554 0
5554 0
5554 0
5554 0
5554 0
5554 0
5554 0
5554 0
5554 0
5554 0
5554 0
5554 743.575129319591
5554 743.575129319591
5554 743.575129319591
5554 0
5554 9
5554 9
5554 0
5554 0
5686 0
5686 11.3930235077456
5686 11.3930235077456
5686 11.3930235077456
5686 11.3930235077456
5686 0
5686 3.11111111111111
5686 0
5686 0
5686 0
5686 0
5686 935.512860710927
5686 935.512860710927
5686 935.512860710927
5686 935.512860710927
5686 935.512860710927
5686 0
5686 0
5686 0
5686 0
5686 0
5686 0
5686 0
5686 0
5686 0
5686 0
5686 0
5686 0
5686 0
5686 743.575129319591
5686 743.575129319591
5686 743.575129319591
5686 0
5686 9
5686 9
5686 0
5686 0
5937 0
5937 11.3930235077456
5937 11.3930235077456
5937 11.3930235077456
5937 11.3930235077456
5937 0
5937 3.11111111111111
5937 0
5937 0
5937 0
5937 0
5937 935.512860710927
5937 935.512860710927
5937 935.512860710927
5937 935.512860710927
5937 935.512860710927
5937 0
5937 0
5937 0
5937 0
5937 0
5937 0
5937 0
5937 0
5937 0
5937 0
5937 0
5937 0
5937 0
5937 743.575129319591
5937 743.575129319591
5937 743.575129319591
5937 0
5937 9
5937 9
5937 0
5937 0
5331 0
5331 11.3930235077456
5331 11.3930235077456
5331 11.3930235077456
5331 11.3930235077456
5331 0
5331 3.11111111111111
5331 0
5331 0
5331 0
5331 0
5331 935.512860710927
5331 935.512860710927
5331 935.512860710927
5331 935.512860710927
5331 935.512860710927
5331 0
5331 0
5331 0
5331 0
5331 0
5331 0
5331 0
5331 0
5331 0
5331 0
5331 0
5331 0
5331 0
5331 743.575129319591
5331 743.575129319591
5331 743.575129319591
5331 0
5331 9
5331 9
5331 0
5331 0
37428 0
37428 11.3930235077456
37428 11.3930235077456
37428 11.3930235077456
37428 11.3930235077456
37428 0
37428 3.11111111111111
37428 0
37428 0
37428 0
37428 0
37428 935.512860710927
37428 935.512860710927
37428 935.512860710927
37428 935.512860710927
37428 935.512860710927
37428 0
37428 0
37428 0
37428 0
37428 0
37428 0
37428 0
37428 0
37428 0
37428 0
37428 0
37428 0
37428 0
37428 743.575129319591
37428 743.575129319591
37428 743.575129319591
37428 0
37428 9
37428 9
37428 0
37428 0
5215 0
5215 11.3930235077456
5215 11.3930235077456
5215 11.3930235077456
5215 11.3930235077456
5215 0
5215 3.11111111111111
5215 0
5215 0
5215 0
5215 0
5215 935.512860710927
5215 935.512860710927
5215 935.512860710927
5215 935.512860710927
5215 935.512860710927
5215 0
5215 0
5215 0
5215 0
5215 0
5215 0
5215 0
5215 0
5215 0
5215 0
5215 0
5215 0
5215 0
5215 743.575129319591
5215 743.575129319591
5215 743.575129319591
5215 0
5215 9
5215 9
5215 0
5215 0
12894 0
12894 11.3930235077456
12894 11.3930235077456
12894 11.3930235077456
12894 11.3930235077456
12894 0
12894 3.11111111111111
12894 0
12894 0
12894 0
12894 0
12894 935.512860710927
12894 935.512860710927
12894 935.512860710927
12894 935.512860710927
12894 935.512860710927
12894 0
12894 0
12894 0
12894 0
12894 0
12894 0
12894 0
12894 0
12894 0
12894 0
12894 0
12894 0
12894 0
12894 743.575129319591
12894 743.575129319591
12894 743.575129319591
12894 0
12894 9
12894 9
12894 0
12894 0
13066 0
13066 11.3930235077456
13066 11.3930235077456
13066 11.3930235077456
13066 11.3930235077456
13066 0
13066 3.11111111111111
13066 0
13066 0
13066 0
13066 0
13066 935.512860710927
13066 935.512860710927
13066 935.512860710927
13066 935.512860710927
13066 935.512860710927
13066 0
13066 0
13066 0
13066 0
13066 0
13066 0
13066 0
13066 0
13066 0
13066 0
13066 0
13066 0
13066 0
13066 743.575129319591
13066 743.575129319591
13066 743.575129319591
13066 0
13066 9
13066 9
13066 0
13066 0
13238 0
13238 11.3930235077456
13238 11.3930235077456
13238 11.3930235077456
13238 11.3930235077456
13238 0
13238 3.11111111111111
13238 0
13238 0
13238 0
13238 0
13238 935.512860710927
13238 935.512860710927
13238 935.512860710927
13238 935.512860710927
13238 935.512860710927
13238 0
13238 0
13238 0
13238 0
13238 0
13238 0
13238 0
13238 0
13238 0
13238 0
13238 0
13238 0
13238 0
13238 743.575129319591
13238 743.575129319591
13238 743.575129319591
13238 0
13238 9
13238 9
13238 0
13238 0
13589 0
13589 11.3930235077456
13589 11.3930235077456
13589 11.3930235077456
13589 11.3930235077456
13589 0
13589 3.11111111111111
13589 0
13589 0
13589 0
13589 0
13589 935.512860710927
13589 935.512860710927
13589 935.512860710927
13589 935.512860710927
13589 935.512860710927
13589 0
13589 0
13589 0
13589 0
13589 0
13589 0
13589 0
13589 0
13589 0
13589 0
13589 0
13589 0
13589 0
13589 743.575129319591
13589 743.575129319591
13589 743.575129319591
13589 0
13589 9
13589 9
13589 0
13589 0
5190 0
5190 11.3930235077456
5190 11.3930235077456
5190 11.3930235077456
5190 11.3930235077456
5190 0
5190 3.11111111111111
5190 0
5190 0
5190 0
5190 0
5190 935.512860710927
5190 935.512860710927
5190 935.512860710927
5190 935.512860710927
5190 935.512860710927
5190 0
5190 0
5190 0
5190 0
5190 0
5190 0
5190 0
5190 0
5190 0
5190 0
5190 0
5190 0
5190 0
5190 743.575129319591
5190 743.575129319591
5190 743.575129319591
5190 0
5190 9
5190 9
5190 0
5190 0
5216 0
5216 11.3930235077456
5216 11.3930235077456
5216 11.3930235077456
5216 11.3930235077456
5216 0
5216 3.11111111111111
5216 0
5216 0
5216 0
5216 0
5216 935.512860710927
5216 935.512860710927
5216 935.512860710927
5216 935.512860710927
5216 935.512860710927
5216 0
5216 0
5216 0
5216 0
5216 0
5216 0
5216 0
5216 0
5216 0
5216 0
5216 0
5216 0
5216 0
5216 743.575129319591
5216 743.575129319591
5216 743.575129319591
5216 0
5216 9
5216 9
5216 0
5216 0
12554 0
12554 11.3930235077456
12554 11.3930235077456
12554 11.3930235077456
12554 11.3930235077456
12554 0
12554 3.11111111111111
12554 0
12554 0
12554 0
12554 0
12554 935.512860710927
12554 935.512860710927
12554 935.512860710927
12554 935.512860710927
12554 935.512860710927
12554 0
12554 0
12554 0
12554 0
12554 0
12554 0
12554 0
12554 0
12554 0
12554 0
12554 0
12554 0
12554 0
12554 743.575129319591
12554 743.575129319591
12554 743.575129319591
12554 0
12554 9
12554 9
12554 0
12554 0
12723 0
12723 11.3930235077456
12723 11.3930235077456
12723 11.3930235077456
12723 11.3930235077456
12723 0
12723 3.11111111111111
12723 0
12723 0
12723 0
12723 0
12723 935.512860710927
12723 935.512860710927
12723 935.512860710927
12723 935.512860710927
12723 935.512860710927
12723 0
12723 0
12723 0
12723 0
12723 0
12723 0
12723 0
12723 0
12723 0
12723 0
12723 0
12723 0
12723 0
12723 743.575129319591
12723 743.575129319591
12723 743.575129319591
12723 0
12723 9
12723 9
12723 0
12723 0
12895 0
12895 11.3930235077456
12895 11.3930235077456
12895 11.3930235077456
12895 11.3930235077456
12895 0
12895 3.11111111111111
12895 0
12895 0
12895 0
12895 0
12895 935.512860710927
12895 935.512860710927
12895 935.512860710927
12895 935.512860710927
12895 935.512860710927
12895 0
12895 0
12895 0
12895 0
12895 0
12895 0
12895 0
12895 0
12895 0
12895 0
12895 0
12895 0
12895 0
12895 743.575129319591
12895 743.575129319591
12895 743.575129319591
12895 0
12895 9
12895 9
12895 0
12895 0
13067 0
13067 11.3930235077456
13067 11.3930235077456
13067 11.3930235077456
13067 11.3930235077456
13067 0
13067 3.11111111111111
13067 0
13067 0
13067 0
13067 0
13067 935.512860710927
13067 935.512860710927
13067 935.512860710927
13067 935.512860710927
13067 935.512860710927
13067 0
13067 0
13067 0
13067 0
13067 0
13067 0
13067 0
13067 0
13067 0
13067 0
13067 0
13067 0
13067 0
13067 743.575129319591
13067 743.575129319591
13067 743.575129319591
13067 0
13067 9
13067 9
13067 0
13067 0
13239 0
13239 11.3930235077456
13239 11.3930235077456
13239 11.3930235077456
13239 11.3930235077456
13239 0
13239 3.11111111111111
13239 0
13239 0
13239 0
13239 0
13239 935.512860710927
13239 935.512860710927
13239 935.512860710927
13239 935.512860710927
13239 935.512860710927
13239 0
13239 0
13239 0
13239 0
13239 0
13239 0
13239 0
13239 0
13239 0
13239 0
13239 0
13239 0
13239 0
13239 743.575129319591
13239 743.575129319591
13239 743.575129319591
13239 0
13239 9
13239 9
13239 0
13239 0
13414 0
13414 11.3930235077456
13414 11.3930235077456
13414 11.3930235077456
13414 11.3930235077456
13414 0
13414 3.11111111111111
13414 0
13414 0
13414 0
13414 0
13414 935.512860710927
13414 935.512860710927
13414 935.512860710927
13414 935.512860710927
13414 935.512860710927
13414 0
13414 0
13414 0
13414 0
13414 0
13414 0
13414 0
13414 0
13414 0
13414 0
13414 0
13414 0
13414 0
13414 743.575129319591
13414 743.575129319591
13414 743.575129319591
13414 0
13414 9
13414 9
13414 0
13414 0
13590 0
13590 11.3930235077456
13590 11.3930235077456
13590 11.3930235077456
13590 11.3930235077456
13590 0
13590 3.11111111111111
13590 0
13590 0
13590 0
13590 0
13590 935.512860710927
13590 935.512860710927
13590 935.512860710927
13590 935.512860710927
13590 935.512860710927
13590 0
13590 0
13590 0
13590 0
13590 0
13590 0
13590 0
13590 0
13590 0
13590 0
13590 0
13590 0
13590 0
13590 743.575129319591
13590 743.575129319591
13590 743.575129319591
13590 0
13590 9
13590 9
13590 0
13590 0
13769 0
13769 11.3930235077456
13769 11.3930235077456
13769 11.3930235077456
13769 11.3930235077456
13769 0
13769 3.11111111111111
13769 0
13769 0
13769 0
13769 0
13769 935.512860710927
13769 935.512860710927
13769 935.512860710927
13769 935.512860710927
13769 935.512860710927
13769 0
13769 0
13769 0
13769 0
13769 0
13769 0
13769 0
13769 0
13769 0
13769 0
13769 0
13769 0
13769 0
13769 743.575129319591
13769 743.575129319591
13769 743.575129319591
13769 0
13769 9
13769 9
13769 0
13769 0
13952 0
13952 11.3930235077456
13952 11.3930235077456
13952 11.3930235077456
13952 11.3930235077456
13952 0
13952 3.11111111111111
13952 0
13952 0
13952 0
13952 0
13952 935.512860710927
13952 935.512860710927
13952 935.512860710927
13952 935.512860710927
13952 935.512860710927
13952 0
13952 0
13952 0
13952 0
13952 0
13952 0
13952 0
13952 0
13952 0
13952 0
13952 0
13952 0
13952 0
13952 743.575129319591
13952 743.575129319591
13952 743.575129319591
13952 0
13952 9
13952 9
13952 0
13952 0
14317 0
14317 11.3930235077456
14317 11.3930235077456
14317 11.3930235077456
14317 11.3930235077456
14317 0
14317 3.11111111111111
14317 0
14317 0
14317 0
14317 0
14317 935.512860710927
14317 935.512860710927
14317 935.512860710927
14317 935.512860710927
14317 935.512860710927
14317 0
14317 0
14317 0
14317 0
14317 0
14317 0
14317 0
14317 0
14317 0
14317 0
14317 0
14317 0
14317 0
14317 743.575129319591
14317 743.575129319591
14317 743.575129319591
14317 0
14317 9
14317 9
14317 0
14317 0
5191 0
5191 11.3930235077456
5191 11.3930235077456
5191 11.3930235077456
5191 11.3930235077456
5191 0
5191 3.11111111111111
5191 0
5191 0
5191 0
5191 0
5191 935.512860710927
5191 935.512860710927
5191 935.512860710927
5191 935.512860710927
5191 935.512860710927
5191 0
5191 0
5191 0
5191 0
5191 0
5191 0
5191 0
5191 0
5191 0
5191 0
5191 0
5191 0
5191 0
5191 743.575129319591
5191 743.575129319591
5191 743.575129319591
5191 0
5191 9
5191 9
5191 0
5191 0
12391 0
12391 11.3930235077456
12391 11.3930235077456
12391 11.3930235077456
12391 11.3930235077456
12391 0
12391 3.11111111111111
12391 0
12391 0
12391 0
12391 0
12391 935.512860710927
12391 935.512860710927
12391 935.512860710927
12391 935.512860710927
12391 935.512860710927
12391 0
12391 0
12391 0
12391 0
12391 0
12391 0
12391 0
12391 0
12391 0
12391 0
12391 0
12391 0
12391 0
12391 743.575129319591
12391 743.575129319591
12391 743.575129319591
12391 0
12391 9
12391 9
12391 0
12391 0
12555 0
12555 11.3930235077456
12555 11.3930235077456
12555 11.3930235077456
12555 11.3930235077456
12555 0
12555 3.11111111111111
12555 0
12555 0
12555 0
12555 0
12555 935.512860710927
12555 935.512860710927
12555 935.512860710927
12555 935.512860710927
12555 935.512860710927
12555 0
12555 0
12555 0
12555 0
12555 0
12555 0
12555 0
12555 0
12555 0
12555 0
12555 0
12555 0
12555 0
12555 743.575129319591
12555 743.575129319591
12555 743.575129319591
12555 0
12555 9
12555 9
12555 0
12555 0
14136 0
14136 11.3930235077456
14136 11.3930235077456
14136 11.3930235077456
14136 11.3930235077456
14136 0
14136 3.11111111111111
14136 0
14136 0
14136 0
14136 0
14136 935.512860710927
14136 935.512860710927
14136 935.512860710927
14136 935.512860710927
14136 935.512860710927
14136 0
14136 0
14136 0
14136 0
14136 0
14136 0
14136 0
14136 0
14136 0
14136 0
14136 0
14136 0
14136 0
14136 743.575129319591
14136 743.575129319591
14136 743.575129319591
14136 0
14136 9
14136 9
14136 0
14136 0
14684 0
14684 11.3930235077456
14684 11.3930235077456
14684 11.3930235077456
14684 11.3930235077456
14684 0
14684 3.11111111111111
14684 0
14684 0
14684 0
14684 0
14684 935.512860710927
14684 935.512860710927
14684 935.512860710927
14684 935.512860710927
14684 935.512860710927
14684 0
14684 0
14684 0
14684 0
14684 0
14684 0
14684 0
14684 0
14684 0
14684 0
14684 0
14684 0
14684 0
14684 743.575129319591
14684 743.575129319591
14684 743.575129319591
14684 0
14684 9
14684 9
14684 0
14684 0
5218 0
5218 11.3930235077456
5218 11.3930235077456
5218 11.3930235077456
5218 11.3930235077456
5218 0
5218 3.11111111111111
5218 0
5218 0
5218 0
5218 0
5218 935.512860710927
5218 935.512860710927
5218 935.512860710927
5218 935.512860710927
5218 935.512860710927
5218 0
5218 0
5218 0
5218 0
5218 0
5218 0
5218 0
5218 0
5218 0
5218 0
5218 0
5218 0
5218 0
5218 743.575129319591
5218 743.575129319591
5218 743.575129319591
5218 0
5218 9
5218 9
5218 0
5218 0
5193 0
5193 11.3930235077456
5193 11.3930235077456
5193 11.3930235077456
5193 11.3930235077456
5193 0
5193 3.11111111111111
5193 0
5193 0
5193 0
5193 0
5193 935.512860710927
5193 935.512860710927
5193 935.512860710927
5193 935.512860710927
5193 935.512860710927
5193 0
5193 0
5193 0
5193 0
5193 0
5193 0
5193 0
5193 0
5193 0
5193 0
5193 0
5193 0
5193 0
5193 743.575129319591
5193 743.575129319591
5193 743.575129319591
5193 0
5193 9
5193 9
5193 0
5193 0
6409 0
6409 11.3930235077456
6409 11.3930235077456
6409 11.3930235077456
6409 11.3930235077456
6409 0
6409 3.11111111111111
6409 0
6409 0
6409 0
6409 0
6409 935.512860710927
6409 935.512860710927
6409 935.512860710927
6409 935.512860710927
6409 935.512860710927
6409 0
6409 0
6409 0
6409 0
6409 0
6409 0
6409 0
6409 0
6409 0
6409 0
6409 0
6409 0
6409 0
6409 743.575129319591
6409 743.575129319591
6409 743.575129319591
6409 0
6409 9
6409 9
6409 0
6409 0
12726 0
12726 11.3930235077456
12726 11.3930235077456
12726 11.3930235077456
12726 11.3930235077456
12726 0
12726 3.11111111111111
12726 0
12726 0
12726 0
12726 0
12726 935.512860710927
12726 935.512860710927
12726 935.512860710927
12726 935.512860710927
12726 935.512860710927
12726 0
12726 0
12726 0
12726 0
12726 0
12726 0
12726 0
12726 0
12726 0
12726 0
12726 0
12726 0
12726 0
12726 743.575129319591
12726 743.575129319591
12726 743.575129319591
12726 0
12726 9
12726 9
12726 0
12726 0
13070 0
13070 11.3930235077456
13070 11.3930235077456
13070 11.3930235077456
13070 11.3930235077456
13070 0
13070 3.11111111111111
13070 0
13070 0
13070 0
13070 0
13070 935.512860710927
13070 935.512860710927
13070 935.512860710927
13070 935.512860710927
13070 935.512860710927
13070 0
13070 0
13070 0
13070 0
13070 0
13070 0
13070 0
13070 0
13070 0
13070 0
13070 0
13070 0
13070 0
13070 743.575129319591
13070 743.575129319591
13070 743.575129319591
13070 0
13070 9
13070 9
13070 0
13070 0
5124 0
5124 11.3930235077456
5124 11.3930235077456
5124 11.3930235077456
5124 11.3930235077456
5124 0
5124 3.11111111111111
5124 0
5124 0
5124 0
5124 0
5124 935.512860710927
5124 935.512860710927
5124 935.512860710927
5124 935.512860710927
5124 935.512860710927
5124 0
5124 0
5124 0
5124 0
5124 0
5124 0
5124 0
5124 0
5124 0
5124 0
5124 0
5124 0
5124 0
5124 743.575129319591
5124 743.575129319591
5124 743.575129319591
5124 0
5124 9
5124 9
5124 0
5124 0
12231 0
12231 11.3930235077456
12231 11.3930235077456
12231 11.3930235077456
12231 11.3930235077456
12231 0
12231 3.11111111111111
12231 0
12231 0
12231 0
12231 0
12231 935.512860710927
12231 935.512860710927
12231 935.512860710927
12231 935.512860710927
12231 935.512860710927
12231 0
12231 0
12231 0
12231 0
12231 0
12231 0
12231 0
12231 0
12231 0
12231 0
12231 0
12231 0
12231 0
12231 743.575129319591
12231 743.575129319591
12231 743.575129319591
12231 0
12231 9
12231 9
12231 0
12231 0
12727 0
12727 11.3930235077456
12727 11.3930235077456
12727 11.3930235077456
12727 11.3930235077456
12727 0
12727 3.11111111111111
12727 0
12727 0
12727 0
12727 0
12727 935.512860710927
12727 935.512860710927
12727 935.512860710927
12727 935.512860710927
12727 935.512860710927
12727 0
12727 0
12727 0
12727 0
12727 0
12727 0
12727 0
12727 0
12727 0
12727 0
12727 0
12727 0
12727 0
12727 743.575129319591
12727 743.575129319591
12727 743.575129319591
12727 0
12727 9
12727 9
12727 0
12727 0
12899 0
12899 11.3930235077456
12899 11.3930235077456
12899 11.3930235077456
12899 11.3930235077456
12899 0
12899 3.11111111111111
12899 0
12899 0
12899 0
12899 0
12899 935.512860710927
12899 935.512860710927
12899 935.512860710927
12899 935.512860710927
12899 935.512860710927
12899 0
12899 0
12899 0
12899 0
12899 0
12899 0
12899 0
12899 0
12899 0
12899 0
12899 0
12899 0
12899 0
12899 743.575129319591
12899 743.575129319591
12899 743.575129319591
12899 0
12899 9
12899 9
12899 0
12899 0
13243 0
13243 11.3930235077456
13243 11.3930235077456
13243 11.3930235077456
13243 11.3930235077456
13243 0
13243 3.11111111111111
13243 0
13243 0
13243 0
13243 0
13243 935.512860710927
13243 935.512860710927
13243 935.512860710927
13243 935.512860710927
13243 935.512860710927
13243 0
13243 0
13243 0
13243 0
13243 0
13243 0
13243 0
13243 0
13243 0
13243 0
13243 0
13243 0
13243 0
13243 743.575129319591
13243 743.575129319591
13243 743.575129319591
13243 0
13243 9
13243 9
13243 0
13243 0
12232 0
12232 11.3930235077456
12232 11.3930235077456
12232 11.3930235077456
12232 11.3930235077456
12232 0
12232 3.11111111111111
12232 0
12232 0
12232 0
12232 0
12232 935.512860710927
12232 935.512860710927
12232 935.512860710927
12232 935.512860710927
12232 935.512860710927
12232 0
12232 0
12232 0
12232 0
12232 0
12232 0
12232 0
12232 0
12232 0
12232 0
12232 0
12232 0
12232 0
12232 743.575129319591
12232 743.575129319591
12232 743.575129319591
12232 0
12232 9
12232 9
12232 0
12232 0
12233 0
12233 11.3930235077456
12233 11.3930235077456
12233 11.3930235077456
12233 11.3930235077456
12233 0
12233 3.11111111111111
12233 0
12233 0
12233 0
12233 0
12233 935.512860710927
12233 935.512860710927
12233 935.512860710927
12233 935.512860710927
12233 935.512860710927
12233 0
12233 0
12233 0
12233 0
12233 0
12233 0
12233 0
12233 0
12233 0
12233 0
12233 0
12233 0
12233 0
12233 743.575129319591
12233 743.575129319591
12233 743.575129319591
12233 0
12233 9
12233 9
12233 0
12233 0
12397 0
12397 11.3930235077456
12397 11.3930235077456
12397 11.3930235077456
12397 11.3930235077456
12397 0
12397 3.11111111111111
12397 0
12397 0
12397 0
12397 0
12397 935.512860710927
12397 935.512860710927
12397 935.512860710927
12397 935.512860710927
12397 935.512860710927
12397 0
12397 0
12397 0
12397 0
12397 0
12397 0
12397 0
12397 0
12397 0
12397 0
12397 0
12397 0
12397 0
12397 743.575129319591
12397 743.575129319591
12397 743.575129319591
12397 0
12397 9
12397 9
12397 0
12397 0
12561 0
12561 11.3930235077456
12561 11.3930235077456
12561 11.3930235077456
12561 11.3930235077456
12561 0
12561 3.11111111111111
12561 0
12561 0
12561 0
12561 0
12561 935.512860710927
12561 935.512860710927
12561 935.512860710927
12561 935.512860710927
12561 935.512860710927
12561 0
12561 0
12561 0
12561 0
12561 0
12561 0
12561 0
12561 0
12561 0
12561 0
12561 0
12561 0
12561 0
12561 743.575129319591
12561 743.575129319591
12561 743.575129319591
12561 0
12561 9
12561 9
12561 0
12561 0
12398 0
12398 11.3930235077456
12398 11.3930235077456
12398 11.3930235077456
12398 11.3930235077456
12398 0
12398 3.11111111111111
12398 0
12398 0
12398 0
12398 0
12398 935.512860710927
12398 935.512860710927
12398 935.512860710927
12398 935.512860710927
12398 935.512860710927
12398 0
12398 0
12398 0
12398 0
12398 0
12398 0
12398 0
12398 0
12398 0
12398 0
12398 0
12398 0
12398 0
12398 743.575129319591
12398 743.575129319591
12398 743.575129319591
12398 0
12398 9
12398 9
12398 0
12398 0
12562 0
12562 11.3930235077456
12562 11.3930235077456
12562 11.3930235077456
12562 11.3930235077456
12562 0
12562 3.11111111111111
12562 0
12562 0
12562 0
12562 0
12562 935.512860710927
12562 935.512860710927
12562 935.512860710927
12562 935.512860710927
12562 935.512860710927
12562 0
12562 0
12562 0
12562 0
12562 0
12562 0
12562 0
12562 0
12562 0
12562 0
12562 0
12562 0
12562 0
12562 743.575129319591
12562 743.575129319591
12562 743.575129319591
12562 0
12562 9
12562 9
12562 0
12562 0
5831 0
5831 11.3930235077456
5831 11.3930235077456
5831 11.3930235077456
5831 11.3930235077456
5831 0
5831 3.11111111111111
5831 0
5831 0
5831 0
5831 0
5831 935.512860710927
5831 935.512860710927
5831 935.512860710927
5831 935.512860710927
5831 935.512860710927
5831 0
5831 0
5831 0
5831 0
5831 0
5831 0
5831 0
5831 0
5831 0
5831 0
5831 0
5831 0
5831 0
5831 743.575129319591
5831 743.575129319591
5831 743.575129319591
5831 0
5831 9
5831 9
5831 0
5831 0
5871 0
5871 11.3930235077456
5871 11.3930235077456
5871 11.3930235077456
5871 11.3930235077456
5871 0
5871 3.11111111111111
5871 0
5871 0
5871 0
5871 0
5871 935.512860710927
5871 935.512860710927
5871 935.512860710927
5871 935.512860710927
5871 935.512860710927
5871 0
5871 0
5871 0
5871 0
5871 0
5871 0
5871 0
5871 0
5871 0
5871 0
5871 0
5871 0
5871 0
5871 743.575129319591
5871 743.575129319591
5871 743.575129319591
5871 0
5871 9
5871 9
5871 0
5871 0
5951 0
5951 11.3930235077456
5951 11.3930235077456
5951 11.3930235077456
5951 11.3930235077456
5951 0
5951 3.11111111111111
5951 0
5951 0
5951 0
5951 0
5951 935.512860710927
5951 935.512860710927
5951 935.512860710927
5951 935.512860710927
5951 935.512860710927
5951 0
5951 0
5951 0
5951 0
5951 0
5951 0
5951 0
5951 0
5951 0
5951 0
5951 0
5951 0
5951 0
5951 743.575129319591
5951 743.575129319591
5951 743.575129319591
5951 0
5951 9
5951 9
5951 0
5951 0
11783 0
11783 11.3930235077456
11783 11.3930235077456
11783 11.3930235077456
11783 11.3930235077456
11783 0
11783 3.11111111111111
11783 0
11783 0
11783 0
11783 0
11783 935.512860710927
11783 935.512860710927
11783 935.512860710927
11783 935.512860710927
11783 935.512860710927
11783 0
11783 0
11783 0
11783 0
11783 0
11783 0
11783 0
11783 0
11783 0
11783 0
11783 0
11783 0
11783 0
11783 743.575129319591
11783 743.575129319591
11783 743.575129319591
11783 0
11783 9
11783 9
11783 0
11783 0
37084 0
37084 11.3930235077456
37084 11.3930235077456
37084 11.3930235077456
37084 11.3930235077456
37084 0
37084 3.11111111111111
37084 0
37084 0
37084 0
37084 0
37084 935.512860710927
37084 935.512860710927
37084 935.512860710927
37084 935.512860710927
37084 935.512860710927
37084 0
37084 0
37084 0
37084 0
37084 0
37084 0
37084 0
37084 0
37084 0
37084 0
37084 0
37084 0
37084 0
37084 743.575129319591
37084 743.575129319591
37084 743.575129319591
37084 0
37084 9
37084 9
37084 0
37084 0
5256 0
5256 11.3930235077456
5256 11.3930235077456
5256 11.3930235077456
5256 11.3930235077456
5256 0
5256 3.11111111111111
5256 0
5256 0
5256 0
5256 0
5256 935.512860710927
5256 935.512860710927
5256 935.512860710927
5256 935.512860710927
5256 935.512860710927
5256 0
5256 0
5256 0
5256 0
5256 0
5256 0
5256 0
5256 0
5256 0
5256 0
5256 0
5256 0
5256 0
5256 743.575129319591
5256 743.575129319591
5256 743.575129319591
5256 0
5256 9
5256 9
5256 0
5256 0
11230 0
11230 11.3930235077456
11230 11.3930235077456
11230 11.3930235077456
11230 11.3930235077456
11230 0
11230 3.11111111111111
11230 0
11230 0
11230 0
11230 0
11230 935.512860710927
11230 935.512860710927
11230 935.512860710927
11230 935.512860710927
11230 935.512860710927
11230 0
11230 0
11230 0
11230 0
11230 0
11230 0
11230 0
11230 0
11230 0
11230 0
11230 0
11230 0
11230 0
11230 743.575129319591
11230 743.575129319591
11230 743.575129319591
11230 0
11230 9
11230 9
11230 0
11230 0
36925 0
36925 11.3930235077456
36925 11.3930235077456
36925 11.3930235077456
36925 11.3930235077456
36925 0
36925 3.11111111111111
36925 0
36925 0
36925 0
36925 0
36925 935.512860710927
36925 935.512860710927
36925 935.512860710927
36925 935.512860710927
36925 935.512860710927
36925 0
36925 0
36925 0
36925 0
36925 0
36925 0
36925 0
36925 0
36925 0
36925 0
36925 0
36925 0
36925 0
36925 743.575129319591
36925 743.575129319591
36925 743.575129319591
36925 0
36925 9
36925 9
36925 0
36925 0
5712 0
5712 11.3930235077456
5712 11.3930235077456
5712 11.3930235077456
5712 11.3930235077456
5712 0
5712 3.11111111111111
5712 0
5712 0
5712 0
5712 0
5712 935.512860710927
5712 935.512860710927
5712 935.512860710927
5712 935.512860710927
5712 935.512860710927
5712 0
5712 0
5712 0
5712 0
5712 0
5712 0
5712 0
5712 0
5712 0
5712 0
5712 0
5712 0
5712 0
5712 743.575129319591
5712 743.575129319591
5712 743.575129319591
5712 0
5712 9
5712 9
5712 0
5712 0
5958 0
5958 11.3930235077456
5958 11.3930235077456
5958 11.3930235077456
5958 11.3930235077456
5958 0
5958 3.11111111111111
5958 0
5958 0
5958 0
5958 0
5958 935.512860710927
5958 935.512860710927
5958 935.512860710927
5958 935.512860710927
5958 935.512860710927
5958 0
5958 0
5958 0
5958 0
5958 0
5958 0
5958 0
5958 0
5958 0
5958 0
5958 0
5958 0
5958 0
5958 743.575129319591
5958 743.575129319591
5958 743.575129319591
5958 0
5958 9
5958 9
5958 0
5958 0
5959 0
5959 11.3930235077456
5959 11.3930235077456
5959 11.3930235077456
5959 11.3930235077456
5959 0
5959 3.11111111111111
5959 0
5959 0
5959 0
5959 0
5959 935.512860710927
5959 935.512860710927
5959 935.512860710927
5959 935.512860710927
5959 935.512860710927
5959 0
5959 0
5959 0
5959 0
5959 0
5959 0
5959 0
5959 0
5959 0
5959 0
5959 0
5959 0
5959 0
5959 743.575129319591
5959 743.575129319591
5959 743.575129319591
5959 0
5959 9
5959 9
5959 0
5959 0
5845 0
5845 11.3930235077456
5845 11.3930235077456
5845 11.3930235077456
5845 11.3930235077456
5845 0
5845 3.11111111111111
5845 0
5845 0
5845 0
5845 0
5845 935.512860710927
5845 935.512860710927
5845 935.512860710927
5845 935.512860710927
5845 935.512860710927
5845 0
5845 0
5845 0
5845 0
5845 0
5845 0
5845 0
5845 0
5845 0
5845 0
5845 0
5845 0
5845 0
5845 743.575129319591
5845 743.575129319591
5845 743.575129319591
5845 0
5845 9
5845 9
5845 0
5845 0
5670 0
5670 11.3930235077456
5670 11.3930235077456
5670 11.3930235077456
5670 11.3930235077456
5670 0
5670 3.11111111111111
5670 0
5670 0
5670 0
5670 0
5670 935.512860710927
5670 935.512860710927
5670 935.512860710927
5670 935.512860710927
5670 935.512860710927
5670 0
5670 0
5670 0
5670 0
5670 0
5670 0
5670 0
5670 0
5670 0
5670 0
5670 0
5670 0
5670 0
5670 743.575129319591
5670 743.575129319591
5670 743.575129319591
5670 0
5670 9
5670 9
5670 0
5670 0
5761 0
5761 11.3930235077456
5761 11.3930235077456
5761 11.3930235077456
5761 11.3930235077456
5761 0
5761 3.11111111111111
5761 0
5761 0
5761 0
5761 0
5761 935.512860710927
5761 935.512860710927
5761 935.512860710927
5761 935.512860710927
5761 935.512860710927
5761 0
5761 0
5761 0
5761 0
5761 0
5761 0
5761 0
5761 0
5761 0
5761 0
5761 0
5761 0
5761 0
5761 743.575129319591
5761 743.575129319591
5761 743.575129319591
5761 0
5761 9
5761 9
5761 0
5761 0
5804 0
5804 11.3930235077456
5804 11.3930235077456
5804 11.3930235077456
5804 11.3930235077456
5804 0
5804 3.11111111111111
5804 0
5804 0
5804 0
5804 0
5804 935.512860710927
5804 935.512860710927
5804 935.512860710927
5804 935.512860710927
5804 935.512860710927
5804 0
5804 0
5804 0
5804 0
5804 0
5804 0
5804 0
5804 0
5804 0
5804 0
5804 0
5804 0
5804 0
5804 743.575129319591
5804 743.575129319591
5804 743.575129319591
5804 0
5804 9
5804 9
5804 0
5804 0
5671 0
5671 11.3930235077456
5671 11.3930235077456
5671 11.3930235077456
5671 11.3930235077456
5671 0
5671 3.11111111111111
5671 0
5671 0
5671 0
5671 0
5671 935.512860710927
5671 935.512860710927
5671 935.512860710927
5671 935.512860710927
5671 935.512860710927
5671 0
5671 0
5671 0
5671 0
5671 0
5671 0
5671 0
5671 0
5671 0
5671 0
5671 0
5671 0
5671 0
5671 743.575129319591
5671 743.575129319591
5671 743.575129319591
5671 0
5671 9
5671 9
5671 0
5671 0
5716 0
5716 11.3930235077456
5716 11.3930235077456
5716 11.3930235077456
5716 11.3930235077456
5716 0
5716 3.11111111111111
5716 0
5716 0
5716 0
5716 0
5716 935.512860710927
5716 935.512860710927
5716 935.512860710927
5716 935.512860710927
5716 935.512860710927
5716 0
5716 0
5716 0
5716 0
5716 0
5716 0
5716 0
5716 0
5716 0
5716 0
5716 0
5716 0
5716 0
5716 743.575129319591
5716 743.575129319591
5716 743.575129319591
5716 0
5716 9
5716 9
5716 0
5716 0
5762 0
5762 11.3930235077456
5762 11.3930235077456
5762 11.3930235077456
5762 11.3930235077456
5762 0
5762 3.11111111111111
5762 0
5762 0
5762 0
5762 0
5762 935.512860710927
5762 935.512860710927
5762 935.512860710927
5762 935.512860710927
5762 935.512860710927
5762 0
5762 0
5762 0
5762 0
5762 0
5762 0
5762 0
5762 0
5762 0
5762 0
5762 0
5762 0
5762 0
5762 743.575129319591
5762 743.575129319591
5762 743.575129319591
5762 0
5762 9
5762 9
5762 0
5762 0
5847 0
5847 11.3930235077456
5847 11.3930235077456
5847 11.3930235077456
5847 11.3930235077456
5847 0
5847 3.11111111111111
5847 0
5847 0
5847 0
5847 0
5847 935.512860710927
5847 935.512860710927
5847 935.512860710927
5847 935.512860710927
5847 935.512860710927
5847 0
5847 0
5847 0
5847 0
5847 0
5847 0
5847 0
5847 0
5847 0
5847 0
5847 0
5847 0
5847 0
5847 743.575129319591
5847 743.575129319591
5847 743.575129319591
5847 0
5847 9
5847 9
5847 0
5847 0
6038 0
6038 11.3930235077456
6038 11.3930235077456
6038 11.3930235077456
6038 11.3930235077456
6038 0
6038 3.11111111111111
6038 0
6038 0
6038 0
6038 0
6038 935.512860710927
6038 935.512860710927
6038 935.512860710927
6038 935.512860710927
6038 935.512860710927
6038 0
6038 0
6038 0
6038 0
6038 0
6038 0
6038 0
6038 0
6038 0
6038 0
6038 0
6038 0
6038 0
6038 743.575129319591
6038 743.575129319591
6038 743.575129319591
6038 0
6038 9
6038 9
6038 0
6038 0
6076 0
6076 11.3930235077456
6076 11.3930235077456
6076 11.3930235077456
6076 11.3930235077456
6076 0
6076 3.11111111111111
6076 0
6076 0
6076 0
6076 0
6076 935.512860710927
6076 935.512860710927
6076 935.512860710927
6076 935.512860710927
6076 935.512860710927
6076 0
6076 0
6076 0
6076 0
6076 0
6076 0
6076 0
6076 0
6076 0
6076 0
6076 0
6076 0
6076 0
6076 743.575129319591
6076 743.575129319591
6076 743.575129319591
6076 0
6076 9
6076 9
6076 0
6076 0
6114 0
6114 11.3930235077456
6114 11.3930235077456
6114 11.3930235077456
6114 11.3930235077456
6114 0
6114 3.11111111111111
6114 0
6114 0
6114 0
6114 0
6114 935.512860710927
6114 935.512860710927
6114 935.512860710927
6114 935.512860710927
6114 935.512860710927
6114 0
6114 0
6114 0
6114 0
6114 0
6114 0
6114 0
6114 0
6114 0
6114 0
6114 0
6114 0
6114 0
6114 743.575129319591
6114 743.575129319591
6114 743.575129319591
6114 0
6114 9
6114 9
6114 0
6114 0
6152 0
6152 11.3930235077456
6152 11.3930235077456
6152 11.3930235077456
6152 11.3930235077456
6152 0
6152 3.11111111111111
6152 0
6152 0
6152 0
6152 0
6152 935.512860710927
6152 935.512860710927
6152 935.512860710927
6152 935.512860710927
6152 935.512860710927
6152 0
6152 0
6152 0
6152 0
6152 0
6152 0
6152 0
6152 0
6152 0
6152 0
6152 0
6152 0
6152 0
6152 743.575129319591
6152 743.575129319591
6152 743.575129319591
6152 0
6152 9
6152 9
6152 0
6152 0
5848 0
5848 11.3930235077456
5848 11.3930235077456
5848 11.3930235077456
5848 11.3930235077456
5848 0
5848 3.11111111111111
5848 0
5848 0
5848 0
5848 0
5848 935.512860710927
5848 935.512860710927
5848 935.512860710927
5848 935.512860710927
5848 935.512860710927
5848 0
5848 0
5848 0
5848 0
5848 0
5848 0
5848 0
5848 0
5848 0
5848 0
5848 0
5848 0
5848 0
5848 743.575129319591
5848 743.575129319591
5848 743.575129319591
5848 0
5848 9
5848 9
5848 0
5848 0
5925 0
5925 11.3930235077456
5925 11.3930235077456
5925 11.3930235077456
5925 11.3930235077456
5925 0
5925 3.11111111111111
5925 0
5925 0
5925 0
5925 0
5925 935.512860710927
5925 935.512860710927
5925 935.512860710927
5925 935.512860710927
5925 935.512860710927
5925 0
5925 0
5925 0
5925 0
5925 0
5925 0
5925 0
5925 0
5925 0
5925 0
5925 0
5925 0
5925 0
5925 743.575129319591
5925 743.575129319591
5925 743.575129319591
5925 0
5925 9
5925 9
5925 0
5925 0
5963 0
5963 11.3930235077456
5963 11.3930235077456
5963 11.3930235077456
5963 11.3930235077456
5963 0
5963 3.11111111111111
5963 0
5963 0
5963 0
5963 0
5963 935.512860710927
5963 935.512860710927
5963 935.512860710927
5963 935.512860710927
5963 935.512860710927
5963 0
5963 0
5963 0
5963 0
5963 0
5963 0
5963 0
5963 0
5963 0
5963 0
5963 0
5963 0
5963 0
5963 743.575129319591
5963 743.575129319591
5963 743.575129319591
5963 0
5963 9
5963 9
5963 0
5963 0
6001 0
6001 11.3930235077456
6001 11.3930235077456
6001 11.3930235077456
6001 11.3930235077456
6001 0
6001 3.11111111111111
6001 0
6001 0
6001 0
6001 0
6001 935.512860710927
6001 935.512860710927
6001 935.512860710927
6001 935.512860710927
6001 935.512860710927
6001 0
6001 0
6001 0
6001 0
6001 0
6001 0
6001 0
6001 0
6001 0
6001 0
6001 0
6001 0
6001 0
6001 743.575129319591
6001 743.575129319591
6001 743.575129319591
6001 0
6001 9
6001 9
6001 0
6001 0
6115 0
6115 11.3930235077456
6115 11.3930235077456
6115 11.3930235077456
6115 11.3930235077456
6115 0
6115 3.11111111111111
6115 0
6115 0
6115 0
6115 0
6115 935.512860710927
6115 935.512860710927
6115 935.512860710927
6115 935.512860710927
6115 935.512860710927
6115 0
6115 0
6115 0
6115 0
6115 0
6115 0
6115 0
6115 0
6115 0
6115 0
6115 0
6115 0
6115 0
6115 743.575129319591
6115 743.575129319591
6115 743.575129319591
6115 0
6115 9
6115 9
6115 0
6115 0
6191 0
6191 11.3930235077456
6191 11.3930235077456
6191 11.3930235077456
6191 11.3930235077456
6191 0
6191 3.11111111111111
6191 0
6191 0
6191 0
6191 0
6191 935.512860710927
6191 935.512860710927
6191 935.512860710927
6191 935.512860710927
6191 935.512860710927
6191 0
6191 0
6191 0
6191 0
6191 0
6191 0
6191 0
6191 0
6191 0
6191 0
6191 0
6191 0
6191 0
6191 743.575129319591
6191 743.575129319591
6191 743.575129319591
6191 0
6191 9
6191 9
6191 0
6191 0
6231 0
6231 11.3930235077456
6231 11.3930235077456
6231 11.3930235077456
6231 11.3930235077456
6231 0
6231 3.11111111111111
6231 0
6231 0
6231 0
6231 0
6231 935.512860710927
6231 935.512860710927
6231 935.512860710927
6231 935.512860710927
6231 935.512860710927
6231 0
6231 0
6231 0
6231 0
6231 0
6231 0
6231 0
6231 0
6231 0
6231 0
6231 0
6231 0
6231 0
6231 743.575129319591
6231 743.575129319591
6231 743.575129319591
6231 0
6231 9
6231 9
6231 0
6231 0
6272 0
6272 11.3930235077456
6272 11.3930235077456
6272 11.3930235077456
6272 11.3930235077456
6272 0
6272 3.11111111111111
6272 0
6272 0
6272 0
6272 0
6272 935.512860710927
6272 935.512860710927
6272 935.512860710927
6272 935.512860710927
6272 935.512860710927
6272 0
6272 0
6272 0
6272 0
6272 0
6272 0
6272 0
6272 0
6272 0
6272 0
6272 0
6272 0
6272 0
6272 743.575129319591
6272 743.575129319591
6272 743.575129319591
6272 0
6272 9
6272 9
6272 0
6272 0
6312 0
6312 11.3930235077456
6312 11.3930235077456
6312 11.3930235077456
6312 11.3930235077456
6312 0
6312 3.11111111111111
6312 0
6312 0
6312 0
6312 0
6312 935.512860710927
6312 935.512860710927
6312 935.512860710927
6312 935.512860710927
6312 935.512860710927
6312 0
6312 0
6312 0
6312 0
6312 0
6312 0
6312 0
6312 0
6312 0
6312 0
6312 0
6312 0
6312 0
6312 743.575129319591
6312 743.575129319591
6312 743.575129319591
6312 0
6312 9
6312 9
6312 0
6312 0
5889 0
5889 11.3930235077456
5889 11.3930235077456
5889 11.3930235077456
5889 11.3930235077456
5889 0
5889 3.11111111111111
5889 0
5889 0
5889 0
5889 0
5889 935.512860710927
5889 935.512860710927
5889 935.512860710927
5889 935.512860710927
5889 935.512860710927
5889 0
5889 0
5889 0
5889 0
5889 0
5889 0
5889 0
5889 0
5889 0
5889 0
5889 0
5889 0
5889 0
5889 743.575129319591
5889 743.575129319591
5889 743.575129319591
5889 0
5889 9
5889 9
5889 0
5889 0
5926 0
5926 11.3930235077456
5926 11.3930235077456
5926 11.3930235077456
5926 11.3930235077456
5926 0
5926 3.11111111111111
5926 0
5926 0
5926 0
5926 0
5926 935.512860710927
5926 935.512860710927
5926 935.512860710927
5926 935.512860710927
5926 935.512860710927
5926 0
5926 0
5926 0
5926 0
5926 0
5926 0
5926 0
5926 0
5926 0
5926 0
5926 0
5926 0
5926 0
5926 743.575129319591
5926 743.575129319591
5926 743.575129319591
5926 0
5926 9
5926 9
5926 0
5926 0
6002 0
6002 11.3930235077456
6002 11.3930235077456
6002 11.3930235077456
6002 11.3930235077456
6002 0
6002 3.11111111111111
6002 0
6002 0
6002 0
6002 0
6002 935.512860710927
6002 935.512860710927
6002 935.512860710927
6002 935.512860710927
6002 935.512860710927
6002 0
6002 0
6002 0
6002 0
6002 0
6002 0
6002 0
6002 0
6002 0
6002 0
6002 0
6002 0
6002 0
6002 743.575129319591
6002 743.575129319591
6002 743.575129319591
6002 0
6002 9
6002 9
6002 0
6002 0
6273 0
6273 11.3930235077456
6273 11.3930235077456
6273 11.3930235077456
6273 11.3930235077456
6273 0
6273 3.11111111111111
6273 0
6273 0
6273 0
6273 0
6273 935.512860710927
6273 935.512860710927
6273 935.512860710927
6273 935.512860710927
6273 935.512860710927
6273 0
6273 0
6273 0
6273 0
6273 0
6273 0
6273 0
6273 0
6273 0
6273 0
6273 0
6273 0
6273 0
6273 743.575129319591
6273 743.575129319591
6273 743.575129319591
6273 0
6273 9
6273 9
6273 0
6273 0
6473 0
6473 11.3930235077456
6473 11.3930235077456
6473 11.3930235077456
6473 11.3930235077456
6473 0
6473 3.11111111111111
6473 0
6473 0
6473 0
6473 0
6473 935.512860710927
6473 935.512860710927
6473 935.512860710927
6473 935.512860710927
6473 935.512860710927
6473 0
6473 0
6473 0
6473 0
6473 0
6473 0
6473 0
6473 0
6473 0
6473 0
6473 0
6473 0
6473 0
6473 743.575129319591
6473 743.575129319591
6473 743.575129319591
6473 0
6473 9
6473 9
6473 0
6473 0
6514 0
6514 11.3930235077456
6514 11.3930235077456
6514 11.3930235077456
6514 11.3930235077456
6514 0
6514 3.11111111111111
6514 0
6514 0
6514 0
6514 0
6514 935.512860710927
6514 935.512860710927
6514 935.512860710927
6514 935.512860710927
6514 935.512860710927
6514 0
6514 0
6514 0
6514 0
6514 0
6514 0
6514 0
6514 0
6514 0
6514 0
6514 0
6514 0
6514 0
6514 743.575129319591
6514 743.575129319591
6514 743.575129319591
6514 0
6514 9
6514 9
6514 0
6514 0
7460 0
7460 11.3930235077456
7460 11.3930235077456
7460 11.3930235077456
7460 11.3930235077456
7460 0
7460 3.11111111111111
7460 0
7460 0
7460 0
7460 0
7460 935.512860710927
7460 935.512860710927
7460 935.512860710927
7460 935.512860710927
7460 935.512860710927
7460 0
7460 0
7460 0
7460 0
7460 0
7460 0
7460 0
7460 0
7460 0
7460 0
7460 0
7460 0
7460 0
7460 743.575129319591
7460 743.575129319591
7460 743.575129319591
7460 0
7460 9
7460 9
7460 0
7460 0
6434 0
6434 11.3930235077456
6434 11.3930235077456
6434 11.3930235077456
6434 11.3930235077456
6434 0
6434 3.11111111111111
6434 0
6434 0
6434 0
6434 0
6434 935.512860710927
6434 935.512860710927
6434 935.512860710927
6434 935.512860710927
6434 935.512860710927
6434 0
6434 0
6434 0
6434 0
6434 0
6434 0
6434 0
6434 0
6434 0
6434 0
6434 0
6434 0
6434 0
6434 743.575129319591
6434 743.575129319591
6434 743.575129319591
6434 0
6434 9
6434 9
6434 0
6434 0
6786 0
6786 11.3930235077456
6786 11.3930235077456
6786 11.3930235077456
6786 11.3930235077456
6786 0
6786 3.11111111111111
6786 0
6786 0
6786 0
6786 0
6786 935.512860710927
6786 935.512860710927
6786 935.512860710927
6786 935.512860710927
6786 935.512860710927
6786 0
6786 0
6786 0
6786 0
6786 0
6786 0
6786 0
6786 0
6786 0
6786 0
6786 0
6786 0
6786 0
6786 743.575129319591
6786 743.575129319591
6786 743.575129319591
6786 0
6786 9
6786 9
6786 0
6786 0
6194 0
6194 11.3930235077456
6194 11.3930235077456
6194 11.3930235077456
6194 11.3930235077456
6194 0
6194 3.11111111111111
6194 0
6194 0
6194 0
6194 0
6194 935.512860710927
6194 935.512860710927
6194 935.512860710927
6194 935.512860710927
6194 935.512860710927
6194 0
6194 0
6194 0
6194 0
6194 0
6194 0
6194 0
6194 0
6194 0
6194 0
6194 0
6194 0
6194 0
6194 743.575129319591
6194 743.575129319591
6194 743.575129319591
6194 0
6194 9
6194 9
6194 0
6194 0
6556 0
6556 11.3930235077456
6556 11.3930235077456
6556 11.3930235077456
6556 11.3930235077456
6556 0
6556 3.11111111111111
6556 0
6556 0
6556 0
6556 0
6556 935.512860710927
6556 935.512860710927
6556 935.512860710927
6556 935.512860710927
6556 935.512860710927
6556 0
6556 0
6556 0
6556 0
6556 0
6556 0
6556 0
6556 0
6556 0
6556 0
6556 0
6556 0
6556 0
6556 743.575129319591
6556 743.575129319591
6556 743.575129319591
6556 0
6556 9
6556 9
6556 0
6556 0
6276 0
6276 11.3930235077456
6276 11.3930235077456
6276 11.3930235077456
6276 11.3930235077456
6276 0
6276 3.11111111111111
6276 0
6276 0
6276 0
6276 0
6276 935.512860710927
6276 935.512860710927
6276 935.512860710927
6276 935.512860710927
6276 935.512860710927
6276 0
6276 0
6276 0
6276 0
6276 0
6276 0
6276 0
6276 0
6276 0
6276 0
6276 0
6276 0
6276 0
6276 743.575129319591
6276 743.575129319591
6276 743.575129319591
6276 0
6276 9
6276 9
6276 0
6276 0
6356 0
6356 11.3930235077456
6356 11.3930235077456
6356 11.3930235077456
6356 11.3930235077456
6356 0
6356 3.11111111111111
6356 0
6356 0
6356 0
6356 0
6356 935.512860710927
6356 935.512860710927
6356 935.512860710927
6356 935.512860710927
6356 935.512860710927
6356 0
6356 0
6356 0
6356 0
6356 0
6356 0
6356 0
6356 0
6356 0
6356 0
6356 0
6356 0
6356 0
6356 743.575129319591
6356 743.575129319591
6356 743.575129319591
6356 0
6356 9
6356 9
6356 0
6356 0
6397 0
6397 11.3930235077456
6397 11.3930235077456
6397 11.3930235077456
6397 11.3930235077456
6397 0
6397 3.11111111111111
6397 0
6397 0
6397 0
6397 0
6397 935.512860710927
6397 935.512860710927
6397 935.512860710927
6397 935.512860710927
6397 935.512860710927
6397 0
6397 0
6397 0
6397 0
6397 0
6397 0
6397 0
6397 0
6397 0
6397 0
6397 0
6397 0
6397 0
6397 743.575129319591
6397 743.575129319591
6397 743.575129319591
6397 0
6397 9
6397 9
6397 0
6397 0
6437 0
6437 11.3930235077456
6437 11.3930235077456
6437 11.3930235077456
6437 11.3930235077456
6437 0
6437 3.11111111111111
6437 0
6437 0
6437 0
6437 0
6437 935.512860710927
6437 935.512860710927
6437 935.512860710927
6437 935.512860710927
6437 935.512860710927
6437 0
6437 0
6437 0
6437 0
6437 0
6437 0
6437 0
6437 0
6437 0
6437 0
6437 0
6437 0
6437 0
6437 743.575129319591
6437 743.575129319591
6437 743.575129319591
6437 0
6437 9
6437 9
6437 0
6437 0
6477 0
6477 11.3930235077456
6477 11.3930235077456
6477 11.3930235077456
6477 11.3930235077456
6477 0
6477 3.11111111111111
6477 0
6477 0
6477 0
6477 0
6477 935.512860710927
6477 935.512860710927
6477 935.512860710927
6477 935.512860710927
6477 935.512860710927
6477 0
6477 0
6477 0
6477 0
6477 0
6477 0
6477 0
6477 0
6477 0
6477 0
6477 0
6477 0
6477 0
6477 743.575129319591
6477 743.575129319591
6477 743.575129319591
6477 0
6477 9
6477 9
6477 0
6477 0
14537 0
14537 11.3930235077456
14537 11.3930235077456
14537 11.3930235077456
14537 11.3930235077456
14537 0
14537 3.11111111111111
14537 0
14537 0
14537 0
14537 0
14537 935.512860710927
14537 935.512860710927
14537 935.512860710927
14537 935.512860710927
14537 935.512860710927
14537 0
14537 0
14537 0
14537 0
14537 0
14537 0
14537 0
14537 0
14537 0
14537 0
14537 0
14537 0
14537 0
14537 743.575129319591
14537 743.575129319591
14537 743.575129319591
14537 0
14537 9
14537 9
14537 0
14537 0
13990 0
13990 11.3930235077456
13990 11.3930235077456
13990 11.3930235077456
13990 11.3930235077456
13990 0
13990 3.11111111111111
13990 0
13990 0
13990 0
13990 0
13990 935.512860710927
13990 935.512860710927
13990 935.512860710927
13990 935.512860710927
13990 935.512860710927
13990 0
13990 0
13990 0
13990 0
13990 0
13990 0
13990 0
13990 0
13990 0
13990 0
13990 0
13990 0
13990 0
13990 743.575129319591
13990 743.575129319591
13990 743.575129319591
13990 0
13990 9
13990 9
13990 0
13990 0
12277 0
12277 11.3930235077456
12277 11.3930235077456
12277 11.3930235077456
12277 11.3930235077456
12277 0
12277 3.11111111111111
12277 0
12277 0
12277 0
12277 0
12277 935.512860710927
12277 935.512860710927
12277 935.512860710927
12277 935.512860710927
12277 935.512860710927
12277 0
12277 0
12277 0
12277 0
12277 0
12277 0
12277 0
12277 0
12277 0
12277 0
12277 0
12277 0
12277 0
12277 743.575129319591
12277 743.575129319591
12277 743.575129319591
12277 0
12277 9
12277 9
12277 0
12277 0
12123 0
12123 11.3930235077456
12123 11.3930235077456
12123 11.3930235077456
12123 11.3930235077456
12123 0
12123 3.11111111111111
12123 0
12123 0
12123 0
12123 0
12123 935.512860710927
12123 935.512860710927
12123 935.512860710927
12123 935.512860710927
12123 935.512860710927
12123 0
12123 0
12123 0
12123 0
12123 0
12123 0
12123 0
12123 0
12123 0
12123 0
12123 0
12123 0
12123 0
12123 743.575129319591
12123 743.575129319591
12123 743.575129319591
12123 0
12123 9
12123 9
12123 0
12123 0
8338 0
8338 11.3930235077456
8338 11.3930235077456
8338 11.3930235077456
8338 11.3930235077456
8338 0
8338 3.11111111111111
8338 0
8338 0
8338 0
8338 0
8338 935.512860710927
8338 935.512860710927
8338 935.512860710927
8338 935.512860710927
8338 935.512860710927
8338 0
8338 0
8338 0
8338 0
8338 0
8338 0
8338 0
8338 0
8338 0
8338 0
8338 0
8338 0
8338 0
8338 743.575129319591
8338 743.575129319591
8338 743.575129319591
8338 0
8338 9
8338 9
8338 0
8338 0
12279 0
12279 11.3930235077456
12279 11.3930235077456
12279 11.3930235077456
12279 11.3930235077456
12279 0
12279 3.11111111111111
12279 0
12279 0
12279 0
12279 0
12279 935.512860710927
12279 935.512860710927
12279 935.512860710927
12279 935.512860710927
12279 935.512860710927
12279 0
12279 0
12279 0
12279 0
12279 0
12279 0
12279 0
12279 0
12279 0
12279 0
12279 0
12279 0
12279 0
12279 743.575129319591
12279 743.575129319591
12279 743.575129319591
12279 0
12279 9
12279 9
12279 0
12279 0
14552 0
14552 11.3930235077456
14552 11.3930235077456
14552 11.3930235077456
14552 11.3930235077456
14552 0
14552 3.11111111111111
14552 0
14552 0
14552 0
14552 0
14552 935.512860710927
14552 935.512860710927
14552 935.512860710927
14552 935.512860710927
14552 935.512860710927
14552 0
14552 0
14552 0
14552 0
14552 0
14552 0
14552 0
14552 0
14552 0
14552 0
14552 0
14552 0
14552 0
14552 743.575129319591
14552 743.575129319591
14552 743.575129319591
14552 0
14552 9
14552 9
14552 0
14552 0
12443 0
12443 11.3930235077456
12443 11.3930235077456
12443 11.3930235077456
12443 11.3930235077456
12443 0
12443 3.11111111111111
12443 0
12443 0
12443 0
12443 0
12443 935.512860710927
12443 935.512860710927
12443 935.512860710927
12443 935.512860710927
12443 935.512860710927
12443 0
12443 0
12443 0
12443 0
12443 0
12443 0
12443 0
12443 0
12443 0
12443 0
12443 0
12443 0
12443 0
12443 743.575129319591
12443 743.575129319591
12443 743.575129319591
12443 0
12443 9
12443 9
12443 0
12443 0
12444 0
12444 11.3930235077456
12444 11.3930235077456
12444 11.3930235077456
12444 11.3930235077456
12444 0
12444 3.11111111111111
12444 0
12444 0
12444 0
12444 0
12444 935.512860710927
12444 935.512860710927
12444 935.512860710927
12444 935.512860710927
12444 935.512860710927
12444 0
12444 0
12444 0
12444 0
12444 0
12444 0
12444 0
12444 0
12444 0
12444 0
12444 0
12444 0
12444 0
12444 743.575129319591
12444 743.575129319591
12444 743.575129319591
12444 0
12444 9
12444 9
12444 0
12444 0
12608 0
12608 11.3930235077456
12608 11.3930235077456
12608 11.3930235077456
12608 11.3930235077456
12608 0
12608 3.11111111111111
12608 0
12608 0
12608 0
12608 0
12608 935.512860710927
12608 935.512860710927
12608 935.512860710927
12608 935.512860710927
12608 935.512860710927
12608 0
12608 0
12608 0
12608 0
12608 0
12608 0
12608 0
12608 0
12608 0
12608 0
12608 0
12608 0
12608 0
12608 743.575129319591
12608 743.575129319591
12608 743.575129319591
12608 0
12608 9
12608 9
12608 0
12608 0
12777 0
12777 11.3930235077456
12777 11.3930235077456
12777 11.3930235077456
12777 11.3930235077456
12777 0
12777 3.11111111111111
12777 0
12777 0
12777 0
12777 0
12777 935.512860710927
12777 935.512860710927
12777 935.512860710927
12777 935.512860710927
12777 935.512860710927
12777 0
12777 0
12777 0
12777 0
12777 0
12777 0
12777 0
12777 0
12777 0
12777 0
12777 0
12777 0
12777 0
12777 743.575129319591
12777 743.575129319591
12777 743.575129319591
12777 0
12777 9
12777 9
12777 0
12777 0
12127 0
12127 11.3930235077456
12127 11.3930235077456
12127 11.3930235077456
12127 11.3930235077456
12127 0
12127 3.11111111111111
12127 0
12127 0
12127 0
12127 0
12127 935.512860710927
12127 935.512860710927
12127 935.512860710927
12127 935.512860710927
12127 935.512860710927
12127 0
12127 0
12127 0
12127 0
12127 0
12127 0
12127 0
12127 0
12127 0
12127 0
12127 0
12127 0
12127 0
12127 743.575129319591
12127 743.575129319591
12127 743.575129319591
12127 0
12127 9
12127 9
12127 0
12127 0
12282 0
12282 11.3930235077456
12282 11.3930235077456
12282 11.3930235077456
12282 11.3930235077456
12282 0
12282 3.11111111111111
12282 0
12282 0
12282 0
12282 0
12282 935.512860710927
12282 935.512860710927
12282 935.512860710927
12282 935.512860710927
12282 935.512860710927
12282 0
12282 0
12282 0
12282 0
12282 0
12282 0
12282 0
12282 0
12282 0
12282 0
12282 0
12282 0
12282 0
12282 743.575129319591
12282 743.575129319591
12282 743.575129319591
12282 0
12282 9
12282 9
12282 0
12282 0
12445 0
12445 11.3930235077456
12445 11.3930235077456
12445 11.3930235077456
12445 11.3930235077456
12445 0
12445 3.11111111111111
12445 0
12445 0
12445 0
12445 0
12445 935.512860710927
12445 935.512860710927
12445 935.512860710927
12445 935.512860710927
12445 935.512860710927
12445 0
12445 0
12445 0
12445 0
12445 0
12445 0
12445 0
12445 0
12445 0
12445 0
12445 0
12445 0
12445 0
12445 743.575129319591
12445 743.575129319591
12445 743.575129319591
12445 0
12445 9
12445 9
12445 0
12445 0
12609 0
12609 11.3930235077456
12609 11.3930235077456
12609 11.3930235077456
12609 11.3930235077456
12609 0
12609 3.11111111111111
12609 0
12609 0
12609 0
12609 0
12609 935.512860710927
12609 935.512860710927
12609 935.512860710927
12609 935.512860710927
12609 935.512860710927
12609 0
12609 0
12609 0
12609 0
12609 0
12609 0
12609 0
12609 0
12609 0
12609 0
12609 0
12609 0
12609 0
12609 743.575129319591
12609 743.575129319591
12609 743.575129319591
12609 0
12609 9
12609 9
12609 0
12609 0
12778 0
12778 11.3930235077456
12778 11.3930235077456
12778 11.3930235077456
12778 11.3930235077456
12778 0
12778 3.11111111111111
12778 0
12778 0
12778 0
12778 0
12778 935.512860710927
12778 935.512860710927
12778 935.512860710927
12778 935.512860710927
12778 935.512860710927
12778 0
12778 0
12778 0
12778 0
12778 0
12778 0
12778 0
12778 0
12778 0
12778 0
12778 0
12778 0
12778 0
12778 743.575129319591
12778 743.575129319591
12778 743.575129319591
12778 0
12778 9
12778 9
12778 0
12778 0
12950 0
12950 11.3930235077456
12950 11.3930235077456
12950 11.3930235077456
12950 11.3930235077456
12950 0
12950 3.11111111111111
12950 0
12950 0
12950 0
12950 0
12950 935.512860710927
12950 935.512860710927
12950 935.512860710927
12950 935.512860710927
12950 935.512860710927
12950 0
12950 0
12950 0
12950 0
12950 0
12950 0
12950 0
12950 0
12950 0
12950 0
12950 0
12950 0
12950 0
12950 743.575129319591
12950 743.575129319591
12950 743.575129319591
12950 0
12950 9
12950 9
12950 0
12950 0
12610 0
12610 11.3930235077456
12610 11.3930235077456
12610 11.3930235077456
12610 11.3930235077456
12610 0
12610 3.11111111111111
12610 0
12610 0
12610 0
12610 0
12610 935.512860710927
12610 935.512860710927
12610 935.512860710927
12610 935.512860710927
12610 935.512860710927
12610 0
12610 0
12610 0
12610 0
12610 0
12610 0
12610 0
12610 0
12610 0
12610 0
12610 0
12610 0
12610 0
12610 743.575129319591
12610 743.575129319591
12610 743.575129319591
12610 0
12610 9
12610 9
12610 0
12610 0
12779 0
12779 11.3930235077456
12779 11.3930235077456
12779 11.3930235077456
12779 11.3930235077456
12779 0
12779 3.11111111111111
12779 0
12779 0
12779 0
12779 0
12779 935.512860710927
12779 935.512860710927
12779 935.512860710927
12779 935.512860710927
12779 935.512860710927
12779 0
12779 0
12779 0
12779 0
12779 0
12779 0
12779 0
12779 0
12779 0
12779 0
12779 0
12779 0
12779 0
12779 743.575129319591
12779 743.575129319591
12779 743.575129319591
12779 0
12779 9
12779 9
12779 0
12779 0
12951 0
12951 11.3930235077456
12951 11.3930235077456
12951 11.3930235077456
12951 11.3930235077456
12951 0
12951 3.11111111111111
12951 0
12951 0
12951 0
12951 0
12951 935.512860710927
12951 935.512860710927
12951 935.512860710927
12951 935.512860710927
12951 935.512860710927
12951 0
12951 0
12951 0
12951 0
12951 0
12951 0
12951 0
12951 0
12951 0
12951 0
12951 0
12951 0
12951 0
12951 743.575129319591
12951 743.575129319591
12951 743.575129319591
12951 0
12951 9
12951 9
12951 0
12951 0
13124 0
13124 11.3930235077456
13124 11.3930235077456
13124 11.3930235077456
13124 11.3930235077456
13124 0
13124 3.11111111111111
13124 0
13124 0
13124 0
13124 0
13124 935.512860710927
13124 935.512860710927
13124 935.512860710927
13124 935.512860710927
13124 935.512860710927
13124 0
13124 0
13124 0
13124 0
13124 0
13124 0
13124 0
13124 0
13124 0
13124 0
13124 0
13124 0
13124 0
13124 743.575129319591
13124 743.575129319591
13124 743.575129319591
13124 0
13124 9
13124 9
13124 0
13124 0
7871 0
7871 11.3930235077456
7871 11.3930235077456
7871 11.3930235077456
7871 11.3930235077456
7871 0
7871 3.11111111111111
7871 0
7871 0
7871 0
7871 0
7871 935.512860710927
7871 935.512860710927
7871 935.512860710927
7871 935.512860710927
7871 935.512860710927
7871 0
7871 0
7871 0
7871 0
7871 0
7871 0
7871 0
7871 0
7871 0
7871 0
7871 0
7871 0
7871 0
7871 743.575129319591
7871 743.575129319591
7871 743.575129319591
7871 0
7871 9
7871 9
7871 0
7871 0
7800 0
7800 11.3930235077456
7800 11.3930235077456
7800 11.3930235077456
7800 11.3930235077456
7800 0
7800 3.11111111111111
7800 0
7800 0
7800 0
7800 0
7800 935.512860710927
7800 935.512860710927
7800 935.512860710927
7800 935.512860710927
7800 935.512860710927
7800 0
7800 0
7800 0
7800 0
7800 0
7800 0
7800 0
7800 0
7800 0
7800 0
7800 0
7800 0
7800 0
7800 743.575129319591
7800 743.575129319591
7800 743.575129319591
7800 0
7800 9
7800 9
7800 0
7800 0
7872 0
7872 11.3930235077456
7872 11.3930235077456
7872 11.3930235077456
7872 11.3930235077456
7872 0
7872 3.11111111111111
7872 0
7872 0
7872 0
7872 0
7872 935.512860710927
7872 935.512860710927
7872 935.512860710927
7872 935.512860710927
7872 935.512860710927
7872 0
7872 0
7872 0
7872 0
7872 0
7872 0
7872 0
7872 0
7872 0
7872 0
7872 0
7872 0
7872 0
7872 743.575129319591
7872 743.575129319591
7872 743.575129319591
7872 0
7872 9
7872 9
7872 0
7872 0
7944 0
7944 11.3930235077456
7944 11.3930235077456
7944 11.3930235077456
7944 11.3930235077456
7944 0
7944 3.11111111111111
7944 0
7944 0
7944 0
7944 0
7944 935.512860710927
7944 935.512860710927
7944 935.512860710927
7944 935.512860710927
7944 935.512860710927
7944 0
7944 0
7944 0
7944 0
7944 0
7944 0
7944 0
7944 0
7944 0
7944 0
7944 0
7944 0
7944 0
7944 743.575129319591
7944 743.575129319591
7944 743.575129319591
7944 0
7944 9
7944 9
7944 0
7944 0
8019 0
8019 11.3930235077456
8019 11.3930235077456
8019 11.3930235077456
8019 11.3930235077456
8019 0
8019 3.11111111111111
8019 0
8019 0
8019 0
8019 0
8019 935.512860710927
8019 935.512860710927
8019 935.512860710927
8019 935.512860710927
8019 935.512860710927
8019 0
8019 0
8019 0
8019 0
8019 0
8019 0
8019 0
8019 0
8019 0
8019 0
8019 0
8019 0
8019 0
8019 743.575129319591
8019 743.575129319591
8019 743.575129319591
8019 0
8019 9
8019 9
8019 0
8019 0
13473 0
13473 11.3930235077456
13473 11.3930235077456
13473 11.3930235077456
13473 11.3930235077456
13473 0
13473 3.11111111111111
13473 0
13473 0
13473 0
13473 0
13473 935.512860710927
13473 935.512860710927
13473 935.512860710927
13473 935.512860710927
13473 935.512860710927
13473 0
13473 0
13473 0
13473 0
13473 0
13473 0
13473 0
13473 0
13473 0
13473 0
13473 0
13473 0
13473 0
13473 743.575129319591
13473 743.575129319591
13473 743.575129319591
13473 0
13473 9
13473 9
13473 0
13473 0
2374 0
2374 11.3930235077456
2374 11.3930235077456
2374 11.3930235077456
2374 11.3930235077456
2374 0
2374 3.11111111111111
2374 0
2374 0
2374 0
2374 0
2374 935.512860710927
2374 935.512860710927
2374 935.512860710927
2374 935.512860710927
2374 935.512860710927
2374 0
2374 0
2374 0
2374 0
2374 0
2374 0
2374 0
2374 0
2374 0
2374 0
2374 0
2374 0
2374 0
2374 743.575129319591
2374 743.575129319591
2374 743.575129319591
2374 0
2374 9
2374 9
2374 0
2374 0
2464 0
2464 11.3930235077456
2464 11.3930235077456
2464 11.3930235077456
2464 11.3930235077456
2464 0
2464 3.11111111111111
2464 0
2464 0
2464 0
2464 0
2464 935.512860710927
2464 935.512860710927
2464 935.512860710927
2464 935.512860710927
2464 935.512860710927
2464 0
2464 0
2464 0
2464 0
2464 0
2464 0
2464 0
2464 0
2464 0
2464 0
2464 0
2464 0
2464 0
2464 743.575129319591
2464 743.575129319591
2464 743.575129319591
2464 0
2464 9
2464 9
2464 0
2464 0
2650 0
2650 11.3930235077456
2650 11.3930235077456
2650 11.3930235077456
2650 11.3930235077456
2650 0
2650 3.11111111111111
2650 0
2650 0
2650 0
2650 0
2650 935.512860710927
2650 935.512860710927
2650 935.512860710927
2650 935.512860710927
2650 935.512860710927
2650 0
2650 0
2650 0
2650 0
2650 0
2650 0
2650 0
2650 0
2650 0
2650 0
2650 0
2650 0
2650 0
2650 743.575129319591
2650 743.575129319591
2650 743.575129319591
2650 0
2650 9
2650 9
2650 0
2650 0
7873 0
7873 11.3930235077456
7873 11.3930235077456
7873 11.3930235077456
7873 11.3930235077456
7873 0
7873 3.11111111111111
7873 0
7873 0
7873 0
7873 0
7873 935.512860710927
7873 935.512860710927
7873 935.512860710927
7873 935.512860710927
7873 935.512860710927
7873 0
7873 0
7873 0
7873 0
7873 0
7873 0
7873 0
7873 0
7873 0
7873 0
7873 0
7873 0
7873 0
7873 743.575129319591
7873 743.575129319591
7873 743.575129319591
7873 0
7873 9
7873 9
7873 0
7873 0
7945 0
7945 11.3930235077456
7945 11.3930235077456
7945 11.3930235077456
7945 11.3930235077456
7945 0
7945 3.11111111111111
7945 0
7945 0
7945 0
7945 0
7945 935.512860710927
7945 935.512860710927
7945 935.512860710927
7945 935.512860710927
7945 935.512860710927
7945 0
7945 0
7945 0
7945 0
7945 0
7945 0
7945 0
7945 0
7945 0
7945 0
7945 0
7945 0
7945 0
7945 743.575129319591
7945 743.575129319591
7945 743.575129319591
7945 0
7945 9
7945 9
7945 0
7945 0
8020 0
8020 11.3930235077456
8020 11.3930235077456
8020 11.3930235077456
8020 11.3930235077456
8020 0
8020 3.11111111111111
8020 0
8020 0
8020 0
8020 0
8020 935.512860710927
8020 935.512860710927
8020 935.512860710927
8020 935.512860710927
8020 935.512860710927
8020 0
8020 0
8020 0
8020 0
8020 0
8020 0
8020 0
8020 0
8020 0
8020 0
8020 0
8020 0
8020 0
8020 743.575129319591
8020 743.575129319591
8020 743.575129319591
8020 0
8020 9
8020 9
8020 0
8020 0
8175 0
8175 11.3930235077456
8175 11.3930235077456
8175 11.3930235077456
8175 11.3930235077456
8175 0
8175 3.11111111111111
8175 0
8175 0
8175 0
8175 0
8175 935.512860710927
8175 935.512860710927
8175 935.512860710927
8175 935.512860710927
8175 935.512860710927
8175 0
8175 0
8175 0
8175 0
8175 0
8175 0
8175 0
8175 0
8175 0
8175 0
8175 0
8175 0
8175 0
8175 743.575129319591
8175 743.575129319591
8175 743.575129319591
8175 0
8175 9
8175 9
8175 0
8175 0
2559 0
2559 11.3930235077456
2559 11.3930235077456
2559 11.3930235077456
2559 11.3930235077456
2559 0
2559 3.11111111111111
2559 0
2559 0
2559 0
2559 0
2559 935.512860710927
2559 935.512860710927
2559 935.512860710927
2559 935.512860710927
2559 935.512860710927
2559 0
2559 0
2559 0
2559 0
2559 0
2559 0
2559 0
2559 0
2559 0
2559 0
2559 0
2559 0
2559 0
2559 743.575129319591
2559 743.575129319591
2559 743.575129319591
2559 0
2559 9
2559 9
2559 0
2559 0
2840 0
2840 11.3930235077456
2840 11.3930235077456
2840 11.3930235077456
2840 11.3930235077456
2840 0
2840 3.11111111111111
2840 0
2840 0
2840 0
2840 0
2840 935.512860710927
2840 935.512860710927
2840 935.512860710927
2840 935.512860710927
2840 935.512860710927
2840 0
2840 0
2840 0
2840 0
2840 0
2840 0
2840 0
2840 0
2840 0
2840 0
2840 0
2840 0
2840 0
2840 743.575129319591
2840 743.575129319591
2840 743.575129319591
2840 0
2840 9
2840 9
2840 0
2840 0
7946 0
7946 11.3930235077456
7946 11.3930235077456
7946 11.3930235077456
7946 11.3930235077456
7946 0
7946 3.11111111111111
7946 0
7946 0
7946 0
7946 0
7946 935.512860710927
7946 935.512860710927
7946 935.512860710927
7946 935.512860710927
7946 935.512860710927
7946 0
7946 0
7946 0
7946 0
7946 0
7946 0
7946 0
7946 0
7946 0
7946 0
7946 0
7946 0
7946 0
7946 743.575129319591
7946 743.575129319591
7946 743.575129319591
7946 0
7946 9
7946 9
7946 0
7946 0
8097 0
8097 11.3930235077456
8097 11.3930235077456
8097 11.3930235077456
8097 11.3930235077456
8097 0
8097 3.11111111111111
8097 0
8097 0
8097 0
8097 0
8097 935.512860710927
8097 935.512860710927
8097 935.512860710927
8097 935.512860710927
8097 935.512860710927
8097 0
8097 0
8097 0
8097 0
8097 0
8097 0
8097 0
8097 0
8097 0
8097 0
8097 0
8097 0
8097 0
8097 743.575129319591
8097 743.575129319591
8097 743.575129319591
8097 0
8097 9
8097 9
8097 0
8097 0
14744 0
14744 11.3930235077456
14744 11.3930235077456
14744 11.3930235077456
14744 11.3930235077456
14744 0
14744 3.11111111111111
14744 0
14744 0
14744 0
14744 0
14744 935.512860710927
14744 935.512860710927
14744 935.512860710927
14744 935.512860710927
14744 935.512860710927
14744 0
14744 0
14744 0
14744 0
14744 0
14744 0
14744 0
14744 0
14744 0
14744 0
14744 0
14744 0
14744 0
14744 743.575129319591
14744 743.575129319591
14744 743.575129319591
14744 0
14744 9
14744 9
14744 0
14744 0
2936 0
2936 11.3930235077456
2936 11.3930235077456
2936 11.3930235077456
2936 11.3930235077456
2936 0
2936 3.11111111111111
2936 0
2936 0
2936 0
2936 0
2936 935.512860710927
2936 935.512860710927
2936 935.512860710927
2936 935.512860710927
2936 935.512860710927
2936 0
2936 0
2936 0
2936 0
2936 0
2936 0
2936 0
2936 0
2936 0
2936 0
2936 0
2936 0
2936 0
2936 743.575129319591
2936 743.575129319591
2936 743.575129319591
2936 0
2936 9
2936 9
2936 0
2936 0
7947 0
7947 11.3930235077456
7947 11.3930235077456
7947 11.3930235077456
7947 11.3930235077456
7947 0
7947 3.11111111111111
7947 0
7947 0
7947 0
7947 0
7947 935.512860710927
7947 935.512860710927
7947 935.512860710927
7947 935.512860710927
7947 935.512860710927
7947 0
7947 0
7947 0
7947 0
7947 0
7947 0
7947 0
7947 0
7947 0
7947 0
7947 0
7947 0
7947 0
7947 743.575129319591
7947 743.575129319591
7947 743.575129319591
7947 0
7947 9
7947 9
7947 0
7947 0
8022 0
8022 11.3930235077456
8022 11.3930235077456
8022 11.3930235077456
8022 11.3930235077456
8022 0
8022 3.11111111111111
8022 0
8022 0
8022 0
8022 0
8022 935.512860710927
8022 935.512860710927
8022 935.512860710927
8022 935.512860710927
8022 935.512860710927
8022 0
8022 0
8022 0
8022 0
8022 0
8022 0
8022 0
8022 0
8022 0
8022 0
8022 0
8022 0
8022 0
8022 743.575129319591
8022 743.575129319591
8022 743.575129319591
8022 0
8022 9
8022 9
8022 0
8022 0
3505 0
3505 11.3930235077456
3505 11.3930235077456
3505 11.3930235077456
3505 11.3930235077456
3505 0
3505 3.11111111111111
3505 0
3505 0
3505 0
3505 0
3505 935.512860710927
3505 935.512860710927
3505 935.512860710927
3505 935.512860710927
3505 935.512860710927
3505 0
3505 0
3505 0
3505 0
3505 0
3505 0
3505 0
3505 0
3505 0
3505 0
3505 0
3505 0
3505 0
3505 743.575129319591
3505 743.575129319591
3505 743.575129319591
3505 0
3505 9
3505 9
3505 0
3505 0
3435 0
3435 11.3930235077456
3435 11.3930235077456
3435 11.3930235077456
3435 11.3930235077456
3435 0
3435 3.11111111111111
3435 0
3435 0
3435 0
3435 0
3435 935.512860710927
3435 935.512860710927
3435 935.512860710927
3435 935.512860710927
3435 935.512860710927
3435 0
3435 0
3435 0
3435 0
3435 0
3435 0
3435 0
3435 0
3435 0
3435 0
3435 0
3435 0
3435 0
3435 743.575129319591
3435 743.575129319591
3435 743.575129319591
3435 0
3435 9
3435 9
3435 0
3435 0
3029 0
3029 11.3930235077456
3029 11.3930235077456
3029 11.3930235077456
3029 11.3930235077456
3029 0
3029 3.11111111111111
3029 0
3029 0
3029 0
3029 0
3029 935.512860710927
3029 935.512860710927
3029 935.512860710927
3029 935.512860710927
3029 935.512860710927
3029 0
3029 0
3029 0
3029 0
3029 0
3029 0
3029 0
3029 0
3029 0
3029 0
3029 0
3029 0
3029 0
3029 743.575129319591
3029 743.575129319591
3029 743.575129319591
3029 0
3029 9
3029 9
3029 0
3029 0
3288 0
3288 11.3930235077456
3288 11.3930235077456
3288 11.3930235077456
3288 11.3930235077456
3288 0
3288 3.11111111111111
3288 0
3288 0
3288 0
3288 0
3288 935.512860710927
3288 935.512860710927
3288 935.512860710927
3288 935.512860710927
3288 935.512860710927
3288 0
3288 0
3288 0
3288 0
3288 0
3288 0
3288 0
3288 0
3288 0
3288 0
3288 0
3288 0
3288 0
3288 743.575129319591
3288 743.575129319591
3288 743.575129319591
3288 0
3288 9
3288 9
3288 0
3288 0
