pt_graph met
0 10
11 10
14 10
21 10
22 10
33 10
34 10
35 10
44 10
46 10
55 10
56 10
59 10
63 10
66 10
67 10
77 10
87 10
88 10
107 10
116 10
156 10
159 10
166 10
170 10
180 10
181 10
192 10
193 10
194 10
204 10
205 10
214 10
222 13
223 13
224 13
225 13
227 10
228 10
235 10
247 13
248 13
249 10
250 10
251 10
252 10
266 10
274 10
275 10
282 10
289 10
294 13
296 10
297 10
298 10
316 13
319 10
320 10
328 10
332 13
338 13
339 13
340 13
342 10
343 10
344 10
362 13
363 13
364 13
365 10
366 10
367 10
368 10
387 13
388 13
390 10
391 10
392 10
411 13
412 13
415 10
435 13
437 13
440 10
455 10
457 10
461 13
462 13
464 10
465 10
466 10
484 13
485 13
487 10
488 10
508 13
509 13
512 10
533 13
534 13
537 10
538 10
546 10
549 10
558 13
559 13
560 13
562 10
563 10
576 13
583 10
584 13
585 13
586 13
587 13
589 10
590 10
598 10
600 10
609 10
611 13
612 13
613 13
615 10
617 10
627 10
637 13
638 13
639 13
641 10
642 10
660 10
661 10
664 13
665 13
666 13
668 10
669 10
682 13
684 13
690 10
692 13
693 13
695 10
696 10
705 10
710 13
714 10
717 10
718 13
719 13
720 13
721 13
723 10
725 10
738 13
739 13
749 13
751 10
752 10
753 10
763 10
768 13
769 13
775 10
779 13
780 13
782 10
792 10
793 10
794 10
795 10
799 13
800 13
801 13
805 10
811 13
814 10
825 10
829 13
834 13
841 13
844 10
845 10
858 10
861 13
862 13
864 13
865 13
870 13
872 13
873 13
892 13
894 13
897 10
904 13
907 10
925 13
926 13
927 13
936 13
937 13
940 10
951 10
958 13
965 13
967 13
969 13
970 13
971 13
973 10
974 10
986 10
994 13
995 13
1001 13
1004 13
1005 13
1007 13
1008 10
1010 10
1030 13
1031 13
1037 13
1039 13
1040 13
1041 13
1042 13
1043 13
1044 10
1045 10
1075 10
1076 13
1077 13
1078 13
1080 13
1081 13
1083 10
1084 10
1085 10
1097 10
1117 13
1118 13
1121 13
1122 13
1124 10
1125 10
1161 13
1162 13
1163 13
1165 13
1167 13
1168 10
1169 10
1182 10
1183 10
1203 13
1204 13
1205 13
1206 13
1207 13
1208 13
1209 10
1210 10
1225 10
1246 13
1247 13
1249 13
1250 13
1252 13
1253 10
1254 10
1266 10
1267 10
1268 10
1287 13
1288 13
1289 13
1291 10
1294 10
1295 10
1307 10
1308 10
1309 10
1310 10
1312 10
1329 13
1330 13
1332 13
1333 10
1334 10
1336 10
1337 10
1349 10
1351 10
1369 13
1372 10
1373 10
1374 10
1375 10
1376 10
1377 10
1378 10
1406 13
1407 13
1410 10
1411 10
1412 10
1413 10
1414 10
1415 10
1416 10
1417 10
1428 10
1452 10
1455 10
1456 10
1457 10
1458 10
1459 10
1460 10
1461 10
1472 13
1474 10
1475 10
1501 13
1502 13
1504 10
1505 10
1506 10
1507 10
1508 10
1509 10
1510 10
1524 10
1550 10
1551 10
1552 10
1553 10
1554 10
1555 10
1556 10
1558 10
1568 10
1569 10
1596 13
1598 10
1599 10
1600 10
1601 10
1602 10
1603 10
1604 10
1605 10
1606 10
1614 13
1616 10
1617 10
1642 13
1643 13
1644 13
1645 13
1646 10
1647 10
1648 10
1649 10
1651 10
1652 10
1653 10
1654 10
1663 10
1664 10
1665 10
1666 10
1701 13
1704 10
1705 10
1708 10
1709 10
1710 10
1711 10
1712 10
1713 10
1720 10
1721 10
1722 10
1724 10
1758 13
1760 13
1761 10
1762 10
1764 10
1765 10
1766 10
1767 10
1768 10
1769 10
1776 10
1777 10
1778 10
1779 10
1781 10
1782 10
1821 13
1822 13
1824 10
1826 10
1828 10
1829 10
1830 10
1831 10
1832 10
1834 10
1838 10
1839 10
1840 10
1841 10
1842 10
1892 13
1893 13
1894 10
1898 10
1899 10
1900 10
1901 10
1903 10
1907 10
1908 10
1909 10
1910 10
1911 10
1915 10
1917 10
1965 10
1970 10
1971 10
1972 10
1973 10
1974 10
1975 10
1976 10
1977 10
1981 10
1982 10
1983 10
1984 10
1985 10
1986 10
1993 10
1994 10
2042 10
2046 10
2047 10
2048 10
2049 10
2050 10
2051 10
2053 10
2054 10
2055 10
2057 10
2058 10
2059 10
2061 10
2130 13
2132 10
2133 10
2134 10
2135 10
2137 10
2138 10
2139 10
2140 10
2142 10
2143 10
2145 10
2146 10
2149 10
2150 10
2152 10
2154 10
2155 10
2211 10
2212 10
2216 13
2219 10
2221 10
2223 10
2224 10
2225 10
2226 10
2227 10
2230 10
2234 10
2235 10
2236 10
2237 10
2294 10
2295 10
2297 10
2298 13
2300 13
2303 10
2306 10
2307 10
2308 10
2311 10
2317 10
2318 10
2319 10
2320 10
2321 10
2323 10
2324 10
2373 10
2374 10
2375 10
2376 10
2377 10
2378 10
2380 13
2382 13
2383 13
2386 10
2387 10
2388 10
2390 10
2391 10
2393 10
2398 10
2399 10
2400 10
2401 10
2402 10
2403 10
2405 10
2406 10
2408 10
2462 10
2464 10
2465 10
2466 10
2467 10
2468 10
2469 13
2470 13
2471 13
2477 10
2478 10
2481 10
2487 10
2488 10
2489 10
2490 10
2491 10
2492 10
2493 10
2539 10
2557 10
2558 10
2559 10
2560 10
2561 10
2565 13
2566 13
2569 10
2570 10
2571 10
2572 10
2573 10
2574 10
2575 10
2579 10
2580 10
2581 10
2582 10
2583 10
2585 10
2586 10
2587 10
2590 10
2630 10
2650 10
2651 10
2652 10
2653 10
2655 10
2657 13
2658 13
2662 10
2663 10
2665 10
2666 10
2671 10
2672 10
2673 10
2674 10
2675 10
2676 10
2677 10
2678 10
2680 10
2746 10
2747 10
2748 10
2753 13
2757 10
2761 10
2762 10
2764 10
2815 10
2819 10
2840 10
2841 10
2843 10
2844 10
2847 13
2851 10
2853 10
2855 10
2860 10
2862 10
2910 10
2911 10
2912 10
2934 10
2935 10
2936 10
2937 10
2944 10
2951 10
2954 10
2955 10
2958 10
2959 10
2960 10
2961 10
3000 10
3023 10
3024 10
3025 10
3026 10
3028 10
3032 10
3037 10
3043 10
3044 10
3045 10
3047 10
3050 10
3051 10
3052 10
3053 10
3054 10
3114 10
3116 10
3117 10
3119 10
3120 10
3121 10
3124 10
3131 10
3133 10
3134 10
3138 10
3142 10
3201 10
3202 10
3204 10
3205 10
3210 10
3283 10
3284 10
3287 10
3288 10
3289 10
3291 10
3293 10
3298 10
3302 10
3355 10
3358 10
3361 10
3362 10
3363 10
3364 10
3365 10
3366 10
3425 10
3428 10
3429 10
3432 10
3433 10
3434 10
3435 10
3439 10
3447 10
3482 10
3496 10
3499 10
3501 10
3503 10
3504 10
3505 10
3508 10
3509 10
3510 10
3511 10
3557 10
3569 10
3570 10
3571 10
3572 10
3573 10
3575 10
3576 10
3624 10
3633 10
3635 10
3636 10
3640 10
3641 10
3642 10
3644 10
3645 10
3647 10
3684 10
3685 10
3687 10
3698 10
3699 10
3700 10
3702 10
3703 10
3707 10
3708 10
3743 10
3744 10
3746 10
3753 10
3757 10
3759 10
3761 10
3762 10
3767 10
3801 10
3803 10
3804 10
3805 10
3809 10
3811 10
3812 10
3813 10
3816 10
3817 10
3818 10
3819 10
3820 10
3855 10
3856 10
3857 10
3858 10
3859 10
3860 10
3865 10
3866 10
3870 10
3871 10
3872 10
3873 10
3874 10
3907 10
3909 10
3914 10
3915 10
3916 10
3918 10
3919 10
3920 10
3921 10
3929 10
3930 10
3931 10
3964 10
3965 10
3969 10
3970 10
3972 10
3974 10
3975 10
3976 10
3977 10
3978 10
3982 10
3983 10
3984 10
4025 10
4029 10
4030 10
4032 10
4033 10
4036 10
4037 10
4038 10
4039 10
4040 10
4043 10
4074 10
4082 10
4083 10
4084 10
4085 10
4089 10
4090 10
4091 10
4092 10
4117 10
4119 10
4120 10
4131 10
4135 10
4136 10
4137 10
4160 10
4161 10
4162 10
4170 10
4172 10
4176 10
4177 10
4179 10
4180 10
4181 10
4197 10
4199 10
4200 10
4209 10
4213 10
4215 10
4216 10
4217 10
4218 10
4235 10
4238 10
4239 10
4240 10
4247 10
4251 10
4253 10
4278 10
4280 10
4282 10
4288 10
4289 10
4290 10
4293 10
4294 10
4325 10
4328 10
4329 10
4333 10
4335 10
4368 10
4369 10
4370 10
4373 10
4375 10
4377 10
4409 10
4412 10
4443 10
4448 10
4449 10
4450 10
4490 10
4525 10
31414 10
31505 10
31510 10
31516 10
31608 10
31612 13
31613 13
31615 10
31706 10
31707 10
31715 13
31716 13
31804 10
31822 13
31823 13
31919 10
31921 10
31932 13
31934 13
31936 13
31941 10
32367 10
32373 10
32388 10
32482 10
32487 10
32498 10
32499 10
32587 13
32601 10
32607 10
32608 10
32781 10
32809 10
32810 10
32815 13
32914 10
32915 10
32923 10
32926 13
33003 10
33032 13
33033 13
33045 10
33047 10
33117 10
33125 10
33128 10
33131 10
33132 10
33134 13
33141 13
33143 13
33146 13
33151 13
33155 10
33220 10
33237 10
33243 13
33250 13
33251 13
33254 13
33255 13
33256 13
33322 10
33328 10
33342 10
33348 10
33352 13
33353 13
33357 10
33358 13
33370 10
33423 13
33435 10
33441 10
33449 10
33454 10
33457 10
33460 13
33467 13
33470 13
33473 10
33474 10
33475 10
33476 10
33477 10
33529 10
33532 13
33545 10
33567 13
33570 10
33581 10
33583 10
33585 10
33666 13
33673 13
33676 10
33677 13
33681 13
33682 10
33742 10
33756 10
33765 10
33778 13
33779 13
33780 13
33784 10
33786 10
33789 10
33792 10
33844 10
33860 10
33871 10
33873 10
33874 10
33879 13
33882 13
33883 13
33884 13
33885 13
33886 10
33888 10
33902 10
33949 10
33951 10
33952 10
33954 10
33983 13
33984 13
33987 13
33996 10
34061 10
34069 10
34084 10
34153 10
34159 10
34181 10
34184 10
34189 13
34192 13
34203 10
34259 10
34264 10
34265 10
34276 10
34277 10
34278 10
34289 10
34292 13
34294 13
34359 10
34365 10
34366 10
34378 10
34389 10
34392 13
34394 13
34459 10
34461 10
34477 10
34481 10
34494 13
34565 10
34584 10
34589 13
34591 13
34593 13
34652 10
34653 10
34654 10
34671 10
34672 10
34686 13
34688 13
34689 13
34691 13
34692 13
34749 10
34750 10
34752 10
34761 10
34767 10
34774 10
34845 10
34846 10
34855 10
34875 10
34878 10
34880 13
34886 10
34935 10
34936 10
34938 10
34954 10
34966 10
34969 13
35015 10
35033 10
35040 10
35049 13
35056 10
35087 10
35097 10
35125 13
35155 10
35157 10
35170 10
35178 10
35192 13
35195 13
35196 13
35197 10
35206 10
35212 10
35224 13
35225 10
35226 10
35227 10
35243 10
35262 13
35263 13
35268 10
35275 10
35294 13
35295 10
35296 10
35297 10
35299 10
35303 10
35320 10
35328 10
35364 10
35382 10
35393 10
35408 10
35428 10
35430 10
35436 10
35443 10
35448 10
35458 10
35466 13
35467 13
35505 10
35510 10
35511 10
35519 10
35525 13
35530 10
35560 10
35561 10
35562 10
35563 10
35564 10
35565 10
35566 10
35567 10
35569 10
35583 10
35589 10
35614 10
35615 10
35617 10
35618 10
35619 10
35627 10
35636 10
35664 10
35666 10
35669 10
35670 10
35671 10
35677 10
35683 13
35712 10
35713 10
35715 10
35718 10
35719 10
35721 10
35724 10
35725 10
35731 13
35735 13
35738 10
35755 10
35759 10
35765 10
35766 10
35771 10
35775 10
35786 13
35812 10
35813 10
35814 10
35819 10
35829 13
35839 10
35850 13
35855 10
35857 10
35862 10
35867 10
35873 10
35876 10
35887 10
35909 10
35910 10
35911 10
35918 10
35930 13
35935 13
35939 10
35959 10
35972 10
35977 13
35978 13
35983 13
35987 10
35990 10
36006 10
36013 10
36016 10
36020 13
36069 13
36076 13
36077 13
36086 10
36115 10
36121 10
36127 10
36128 10
36171 13
36210 13
36213 13
36214 10
36216 13
36249 13
36256 10
36265 13
36268 10
36269 10
36278 13
36280 10
36291 10
36296 10
36309 10
36310 13
36311 13
36330 10
36337 10
36351 13
36352 13
36353 10
36368 10
36382 13
36391 10
36397 10
36402 10
36403 10
36411 10
36412 10
36426 10
36428 13
36437 13
36448 10
36456 10
36460 13
36464 13
36465 13
36469 13
36472 13
36477 10
36487 10
36498 13
36502 13
36513 13
36542 13
36566 10
36575 13
36576 13
36579 13
36613 13
36640 10
36656 13
36677 10
36688 13
36723 10
36740 13
37061 13
37105 10
37193 13
37214 10
