pt_graph shape
1238 1
1238 1
1238 1
1238 1
1238 1
1238 1
1238 1
1238 1
1238 1
1238 1
1238 1
1238 1
1238 1
1238 1
1238 1
1238 1
1238 1
1238 1
1238 1
1238 1
1238 1
1238 1
1238 1
1238 1
1238 1
1238 1
1238 1
1238 1
1238 1
1238 1
1238 1
1238 1
1238 1
1238 1
1238 1
1238 1
1238 1
36971 1
36971 1
36971 1
36971 1
36971 1
36971 1
36971 1
36971 1
36971 1
36971 1
36971 1
36971 1
36971 1
36971 1
36971 1
36971 1
36971 1
36971 1
36971 1
36971 1
36971 1
36971 1
36971 1
36971 1
36971 1
36971 1
36971 1
36971 1
36971 1
36971 1
36971 1
36971 1
36971 1
36971 1
36971 1
36971 1
36971 1
1195 1
1195 1
1195 1
1195 1
1195 1
1195 1
1195 1
1195 1
1195 1
1195 1
1195 1
1195 1
1195 1
1195 1
1195 1
1195 1
1195 1
1195 1
1195 1
1195 1
1195 1
1195 1
1195 1
1195 1
1195 1
1195 1
1195 1
1195 1
1195 1
1195 1
1195 1
1195 1
1195 1
1195 1
1195 1
1195 1
1195 1
1239 1
1239 1
1239 1
1239 1
1239 1
1239 1
1239 1
1239 1
1239 1
1239 1
1239 1
1239 1
1239 1
1239 1
1239 1
1239 1
1239 1
1239 1
1239 1
1239 1
1239 1
1239 1
1239 1
1239 1
1239 1
1239 1
1239 1
1239 1
1239 1
1239 1
1239 1
1239 1
1239 1
1239 1
1239 1
1239 1
1239 1
36972 1
36972 1
36972 1
36972 1
36972 1
36972 1
36972 1
36972 1
36972 1
36972 1
36972 1
36972 1
36972 1
36972 1
36972 1
36972 1
36972 1
36972 1
36972 1
36972 1
36972 1
36972 1
36972 1
36972 1
36972 1
36972 1
36972 1
36972 1
36972 1
36972 1
36972 1
36972 1
36972 1
36972 1
36972 1
36972 1
36972 1
1154 1
1154 1
1154 1
1154 1
1154 1
1154 1
1154 1
1154 1
1154 1
1154 1
1154 1
1154 1
1154 1
1154 1
1154 1
1154 1
1154 1
1154 1
1154 1
1154 1
1154 1
1154 1
1154 1
1154 1
1154 1
1154 1
1154 1
1154 1
1154 1
1154 1
1154 1
1154 1
1154 1
1154 1
1154 1
1154 1
1154 1
1196 1
1196 1
1196 1
1196 1
1196 1
1196 1
1196 1
1196 1
1196 1
1196 1
1196 1
1196 1
1196 1
1196 1
1196 1
1196 1
1196 1
1196 1
1196 1
1196 1
1196 1
1196 1
1196 1
1196 1
1196 1
1196 1
1196 1
1196 1
1196 1
1196 1
1196 1
1196 1
1196 1
1196 1
1196 1
1196 1
1196 1
36963 1
36963 1
36963 1
36963 1
36963 1
36963 1
36963 1
36963 1
36963 1
36963 1
36963 1
36963 1
36963 1
36963 1
36963 1
36963 1
36963 1
36963 1
36963 1
36963 1
36963 1
36963 1
36963 1
36963 1
36963 1
36963 1
36963 1
36963 1
36963 1
36963 1
36963 1
36963 1
36963 1
36963 1
36963 1
36963 1
36963 1
37669 1
37669 1
37669 1
37669 1
37669 1
37669 1
37669 1
37669 1
37669 1
37669 1
37669 1
37669 1
37669 1
37669 1
37669 1
37669 1
37669 1
37669 1
37669 1
37669 1
37669 1
37669 1
37669 1
37669 1
37669 1
37669 1
37669 1
37669 1
37669 1
37669 1
37669 1
37669 1
37669 1
37669 1
37669 1
37669 1
37669 1
37158 1
37158 1
37158 1
37158 1
37158 1
37158 1
37158 1
37158 1
37158 1
37158 1
37158 1
37158 1
37158 1
37158 1
37158 1
37158 1
37158 1
37158 1
37158 1
37158 1
37158 1
37158 1
37158 1
37158 1
37158 1
37158 1
37158 1
37158 1
37158 1
37158 1
37158 1
37158 1
37158 1
37158 1
37158 1
37158 1
37158 1
1322 1
1322 1
1322 1
1322 1
1322 1
1322 1
1322 1
1322 1
1322 1
1322 1
1322 1
1322 1
1322 1
1322 1
1322 1
1322 1
1322 1
1322 1
1322 1
1322 1
1322 1
1322 1
1322 1
1322 1
1322 1
1322 1
1322 1
1322 1
1322 1
1322 1
1322 1
1322 1
1322 1
1322 1
1322 1
1322 1
1322 1
1362 1
1362 1
1362 1
1362 1
1362 1
1362 1
1362 1
1362 1
1362 1
1362 1
1362 1
1362 1
1362 1
1362 1
1362 1
1362 1
1362 1
1362 1
1362 1
1362 1
1362 1
1362 1
1362 1
1362 1
1362 1
1362 1
1362 1
1362 1
1362 1
1362 1
1362 1
1362 1
1362 1
1362 1
1362 1
1362 1
1362 1
37176 1
37176 1
37176 1
37176 1
37176 1
37176 1
37176 1
37176 1
37176 1
37176 1
37176 1
37176 1
37176 1
37176 1
37176 1
37176 1
37176 1
37176 1
37176 1
37176 1
37176 1
37176 1
37176 1
37176 1
37176 1
37176 1
37176 1
37176 1
37176 1
37176 1
37176 1
37176 1
37176 1
37176 1
37176 1
37176 1
37176 1
1283 1
1283 1
1283 1
1283 1
1283 1
1283 1
1283 1
1283 1
1283 1
1283 1
1283 1
1283 1
1283 1
1283 1
1283 1
1283 1
1283 1
1283 1
1283 1
1283 1
1283 1
1283 1
1283 1
1283 1
1283 1
1283 1
1283 1
1283 1
1283 1
1283 1
1283 1
1283 1
1283 1
1283 1
1283 1
1283 1
1283 1
1323 1
1323 1
1323 1
1323 1
1323 1
1323 1
1323 1
1323 1
1323 1
1323 1
1323 1
1323 1
1323 1
1323 1
1323 1
1323 1
1323 1
1323 1
1323 1
1323 1
1323 1
1323 1
1323 1
1323 1
1323 1
1323 1
1323 1
1323 1
1323 1
1323 1
1323 1
1323 1
1323 1
1323 1
1323 1
1323 1
1323 1
1363 1
1363 1
1363 1
1363 1
1363 1
1363 1
1363 1
1363 1
1363 1
1363 1
1363 1
1363 1
1363 1
1363 1
1363 1
1363 1
1363 1
1363 1
1363 1
1363 1
1363 1
1363 1
1363 1
1363 1
1363 1
1363 1
1363 1
1363 1
1363 1
1363 1
1363 1
1363 1
1363 1
1363 1
1363 1
1363 1
1363 1
1402 1
1402 1
1402 1
1402 1
1402 1
1402 1
1402 1
1402 1
1402 1
1402 1
1402 1
1402 1
1402 1
1402 1
1402 1
1402 1
1402 1
1402 1
1402 1
1402 1
1402 1
1402 1
1402 1
1402 1
1402 1
1402 1
1402 1
1402 1
1402 1
1402 1
1402 1
1402 1
1402 1
1402 1
1402 1
1402 1
1402 1
1444 1
1444 1
1444 1
1444 1
1444 1
1444 1
1444 1
1444 1
1444 1
1444 1
1444 1
1444 1
1444 1
1444 1
1444 1
1444 1
1444 1
1444 1
1444 1
1444 1
1444 1
1444 1
1444 1
1444 1
1444 1
1444 1
1444 1
1444 1
1444 1
1444 1
1444 1
1444 1
1444 1
1444 1
1444 1
1444 1
1444 1
1494 1
1494 1
1494 1
1494 1
1494 1
1494 1
1494 1
1494 1
1494 1
1494 1
1494 1
1494 1
1494 1
1494 1
1494 1
1494 1
1494 1
1494 1
1494 1
1494 1
1494 1
1494 1
1494 1
1494 1
1494 1
1494 1
1494 1
1494 1
1494 1
1494 1
1494 1
1494 1
1494 1
1494 1
1494 1
1494 1
1494 1
1936 1
1936 1
1936 1
1936 1
1936 1
1936 1
1936 1
1936 1
1936 1
1936 1
1936 1
1936 1
1936 1
1936 1
1936 1
1936 1
1936 1
1936 1
1936 1
1936 1
1936 1
1936 1
1936 1
1936 1
1936 1
1936 1
1936 1
1936 1
1936 1
1936 1
1936 1
1936 1
1936 1
1936 1
1936 1
1936 1
1936 1
2014 1
2014 1
2014 1
2014 1
2014 1
2014 1
2014 1
2014 1
2014 1
2014 1
2014 1
2014 1
2014 1
2014 1
2014 1
2014 1
2014 1
2014 1
2014 1
2014 1
2014 1
2014 1
2014 1
2014 1
2014 1
2014 1
2014 1
2014 1
2014 1
2014 1
2014 1
2014 1
2014 1
2014 1
2014 1
2014 1
2014 1
1240 1
1240 1
1240 1
1240 1
1240 1
1240 1
1240 1
1240 1
1240 1
1240 1
1240 1
1240 1
1240 1
1240 1
1240 1
1240 1
1240 1
1240 1
1240 1
1240 1
1240 1
1240 1
1240 1
1240 1
1240 1
1240 1
1240 1
1240 1
1240 1
1240 1
1240 1
1240 1
1240 1
1240 1
1240 1
1240 1
1240 1
1324 1
1324 1
1324 1
1324 1
1324 1
1324 1
1324 1
1324 1
1324 1
1324 1
1324 1
1324 1
1324 1
1324 1
1324 1
1324 1
1324 1
1324 1
1324 1
1324 1
1324 1
1324 1
1324 1
1324 1
1324 1
1324 1
1324 1
1324 1
1324 1
1324 1
1324 1
1324 1
1324 1
1324 1
1324 1
1324 1
1324 1
1364 1
1364 1
1364 1
1364 1
1364 1
1364 1
1364 1
1364 1
1364 1
1364 1
1364 1
1364 1
1364 1
1364 1
1364 1
1364 1
1364 1
1364 1
1364 1
1364 1
1364 1
1364 1
1364 1
1364 1
1364 1
1364 1
1364 1
1364 1
1364 1
1364 1
1364 1
1364 1
1364 1
1364 1
1364 1
1364 1
1364 1
1403 1
1403 1
1403 1
1403 1
1403 1
1403 1
1403 1
1403 1
1403 1
1403 1
1403 1
1403 1
1403 1
1403 1
1403 1
1403 1
1403 1
1403 1
1403 1
1403 1
1403 1
1403 1
1403 1
1403 1
1403 1
1403 1
1403 1
1403 1
1403 1
1403 1
1403 1
1403 1
1403 1
1403 1
1403 1
1403 1
1403 1
1445 1
1445 1
1445 1
1445 1
1445 1
1445 1
1445 1
1445 1
1445 1
1445 1
1445 1
1445 1
1445 1
1445 1
1445 1
1445 1
1445 1
1445 1
1445 1
1445 1
1445 1
1445 1
1445 1
1445 1
1445 1
1445 1
1445 1
1445 1
1445 1
1445 1
1445 1
1445 1
1445 1
1445 1
1445 1
1445 1
1445 1
1495 1
1495 1
1495 1
1495 1
1495 1
1495 1
1495 1
1495 1
1495 1
1495 1
1495 1
1495 1
1495 1
1495 1
1495 1
1495 1
1495 1
1495 1
1495 1
1495 1
1495 1
1495 1
1495 1
1495 1
1495 1
1495 1
1495 1
1495 1
1495 1
1495 1
1495 1
1495 1
1495 1
1495 1
1495 1
1495 1
1495 1
1541 1
1541 1
1541 1
1541 1
1541 1
1541 1
1541 1
1541 1
1541 1
1541 1
1541 1
1541 1
1541 1
1541 1
1541 1
1541 1
1541 1
1541 1
1541 1
1541 1
1541 1
1541 1
1541 1
1541 1
1541 1
1541 1
1541 1
1541 1
1541 1
1541 1
1541 1
1541 1
1541 1
1541 1
1541 1
1541 1
1541 1
1589 1
1589 1
1589 1
1589 1
1589 1
1589 1
1589 1
1589 1
1589 1
1589 1
1589 1
1589 1
1589 1
1589 1
1589 1
1589 1
1589 1
1589 1
1589 1
1589 1
1589 1
1589 1
1589 1
1589 1
1589 1
1589 1
1589 1
1589 1
1589 1
1589 1
1589 1
1589 1
1589 1
1589 1
1589 1
1589 1
1589 1
1635 1
1635 1
1635 1
1635 1
1635 1
1635 1
1635 1
1635 1
1635 1
1635 1
1635 1
1635 1
1635 1
1635 1
1635 1
1635 1
1635 1
1635 1
1635 1
1635 1
1635 1
1635 1
1635 1
1635 1
1635 1
1635 1
1635 1
1635 1
1635 1
1635 1
1635 1
1635 1
1635 1
1635 1
1635 1
1635 1
1635 1
1685 1
1685 1
1685 1
1685 1
1685 1
1685 1
1685 1
1685 1
1685 1
1685 1
1685 1
1685 1
1685 1
1685 1
1685 1
1685 1
1685 1
1685 1
1685 1
1685 1
1685 1
1685 1
1685 1
1685 1
1685 1
1685 1
1685 1
1685 1
1685 1
1685 1
1685 1
1685 1
1685 1
1685 1
1685 1
1685 1
1685 1
1741 1
1741 1
1741 1
1741 1
1741 1
1741 1
1741 1
1741 1
1741 1
1741 1
1741 1
1741 1
1741 1
1741 1
1741 1
1741 1
1741 1
1741 1
1741 1
1741 1
1741 1
1741 1
1741 1
1741 1
1741 1
1741 1
1741 1
1741 1
1741 1
1741 1
1741 1
1741 1
1741 1
1741 1
1741 1
1741 1
1741 1
1798 1
1798 1
1798 1
1798 1
1798 1
1798 1
1798 1
1798 1
1798 1
1798 1
1798 1
1798 1
1798 1
1798 1
1798 1
1798 1
1798 1
1798 1
1798 1
1798 1
1798 1
1798 1
1798 1
1798 1
1798 1
1798 1
1798 1
1798 1
1798 1
1798 1
1798 1
1798 1
1798 1
1798 1
1798 1
1798 1
1798 1
1867 1
1867 1
1867 1
1867 1
1867 1
1867 1
1867 1
1867 1
1867 1
1867 1
1867 1
1867 1
1867 1
1867 1
1867 1
1867 1
1867 1
1867 1
1867 1
1867 1
1867 1
1867 1
1867 1
1867 1
1867 1
1867 1
1867 1
1867 1
1867 1
1867 1
1867 1
1867 1
1867 1
1867 1
1867 1
1867 1
1867 1
1937 1
1937 1
1937 1
1937 1
1937 1
1937 1
1937 1
1937 1
1937 1
1937 1
1937 1
1937 1
1937 1
1937 1
1937 1
1937 1
1937 1
1937 1
1937 1
1937 1
1937 1
1937 1
1937 1
1937 1
1937 1
1937 1
1937 1
1937 1
1937 1
1937 1
1937 1
1937 1
1937 1
1937 1
1937 1
1937 1
1937 1
2015 1
2015 1
2015 1
2015 1
2015 1
2015 1
2015 1
2015 1
2015 1
2015 1
2015 1
2015 1
2015 1
2015 1
2015 1
2015 1
2015 1
2015 1
2015 1
2015 1
2015 1
2015 1
2015 1
2015 1
2015 1
2015 1
2015 1
2015 1
2015 1
2015 1
2015 1
2015 1
2015 1
2015 1
2015 1
2015 1
2015 1
1197 1
1197 1
1197 1
1197 1
1197 1
1197 1
1197 1
1197 1
1197 1
1197 1
1197 1
1197 1
1197 1
1197 1
1197 1
1197 1
1197 1
1197 1
1197 1
1197 1
1197 1
1197 1
1197 1
1197 1
1197 1
1197 1
1197 1
1197 1
1197 1
1197 1
1197 1
1197 1
1197 1
1197 1
1197 1
1197 1
1197 1
1241 1
1241 1
1241 1
1241 1
1241 1
1241 1
1241 1
1241 1
1241 1
1241 1
1241 1
1241 1
1241 1
1241 1
1241 1
1241 1
1241 1
1241 1
1241 1
1241 1
1241 1
1241 1
1241 1
1241 1
1241 1
1241 1
1241 1
1241 1
1241 1
1241 1
1241 1
1241 1
1241 1
1241 1
1241 1
1241 1
1241 1
1325 1
1325 1
1325 1
1325 1
1325 1
1325 1
1325 1
1325 1
1325 1
1325 1
1325 1
1325 1
1325 1
1325 1
1325 1
1325 1
1325 1
1325 1
1325 1
1325 1
1325 1
1325 1
1325 1
1325 1
1325 1
1325 1
1325 1
1325 1
1325 1
1325 1
1325 1
1325 1
1325 1
1325 1
1325 1
1325 1
1325 1
1365 1
1365 1
1365 1
1365 1
1365 1
1365 1
1365 1
1365 1
1365 1
1365 1
1365 1
1365 1
1365 1
1365 1
1365 1
1365 1
1365 1
1365 1
1365 1
1365 1
1365 1
1365 1
1365 1
1365 1
1365 1
1365 1
1365 1
1365 1
1365 1
1365 1
1365 1
1365 1
1365 1
1365 1
1365 1
1365 1
1365 1
1404 1
1404 1
1404 1
1404 1
1404 1
1404 1
1404 1
1404 1
1404 1
1404 1
1404 1
1404 1
1404 1
1404 1
1404 1
1404 1
1404 1
1404 1
1404 1
1404 1
1404 1
1404 1
1404 1
1404 1
1404 1
1404 1
1404 1
1404 1
1404 1
1404 1
1404 1
1404 1
1404 1
1404 1
1404 1
1404 1
1404 1
1446 1
1446 1
1446 1
1446 1
1446 1
1446 1
1446 1
1446 1
1446 1
1446 1
1446 1
1446 1
1446 1
1446 1
1446 1
1446 1
1446 1
1446 1
1446 1
1446 1
1446 1
1446 1
1446 1
1446 1
1446 1
1446 1
1446 1
1446 1
1446 1
1446 1
1446 1
1446 1
1446 1
1446 1
1446 1
1446 1
1446 1
1496 1
1496 1
1496 1
1496 1
1496 1
1496 1
1496 1
1496 1
1496 1
1496 1
1496 1
1496 1
1496 1
1496 1
1496 1
1496 1
1496 1
1496 1
1496 1
1496 1
1496 1
1496 1
1496 1
1496 1
1496 1
1496 1
1496 1
1496 1
1496 1
1496 1
1496 1
1496 1
1496 1
1496 1
1496 1
1496 1
1496 1
1542 1
1542 1
1542 1
1542 1
1542 1
1542 1
1542 1
1542 1
1542 1
1542 1
1542 1
1542 1
1542 1
1542 1
1542 1
1542 1
1542 1
1542 1
1542 1
1542 1
1542 1
1542 1
1542 1
1542 1
1542 1
1542 1
1542 1
1542 1
1542 1
1542 1
1542 1
1542 1
1542 1
1542 1
1542 1
1542 1
1542 1
1590 1
1590 1
1590 1
1590 1
1590 1
1590 1
1590 1
1590 1
1590 1
1590 1
1590 1
1590 1
1590 1
1590 1
1590 1
1590 1
1590 1
1590 1
1590 1
1590 1
1590 1
1590 1
1590 1
1590 1
1590 1
1590 1
1590 1
1590 1
1590 1
1590 1
1590 1
1590 1
1590 1
1590 1
1590 1
1590 1
1590 1
1636 1
1636 1
1636 1
1636 1
1636 1
1636 1
1636 1
1636 1
1636 1
1636 1
1636 1
1636 1
1636 1
1636 1
1636 1
1636 1
1636 1
1636 1
1636 1
1636 1
1636 1
1636 1
1636 1
1636 1
1636 1
1636 1
1636 1
1636 1
1636 1
1636 1
1636 1
1636 1
1636 1
1636 1
1636 1
1636 1
1636 1
1686 1
1686 1
1686 1
1686 1
1686 1
1686 1
1686 1
1686 1
1686 1
1686 1
1686 1
1686 1
1686 1
1686 1
1686 1
1686 1
1686 1
1686 1
1686 1
1686 1
1686 1
1686 1
1686 1
1686 1
1686 1
1686 1
1686 1
1686 1
1686 1
1686 1
1686 1
1686 1
1686 1
1686 1
1686 1
1686 1
1686 1
1742 1
1742 1
1742 1
1742 1
1742 1
1742 1
1742 1
1742 1
1742 1
1742 1
1742 1
1742 1
1742 1
1742 1
1742 1
1742 1
1742 1
1742 1
1742 1
1742 1
1742 1
1742 1
1742 1
1742 1
1742 1
1742 1
1742 1
1742 1
1742 1
1742 1
1742 1
1742 1
1742 1
1742 1
1742 1
1742 1
1742 1
1799 1
1799 1
1799 1
1799 1
1799 1
1799 1
1799 1
1799 1
1799 1
1799 1
1799 1
1799 1
1799 1
1799 1
1799 1
1799 1
1799 1
1799 1
1799 1
1799 1
1799 1
1799 1
1799 1
1799 1
1799 1
1799 1
1799 1
1799 1
1799 1
1799 1
1799 1
1799 1
1799 1
1799 1
1799 1
1799 1
1799 1
1868 1
1868 1
1868 1
1868 1
1868 1
1868 1
1868 1
1868 1
1868 1
1868 1
1868 1
1868 1
1868 1
1868 1
1868 1
1868 1
1868 1
1868 1
1868 1
1868 1
1868 1
1868 1
1868 1
1868 1
1868 1
1868 1
1868 1
1868 1
1868 1
1868 1
1868 1
1868 1
1868 1
1868 1
1868 1
1868 1
1868 1
1938 1
1938 1
1938 1
1938 1
1938 1
1938 1
1938 1
1938 1
1938 1
1938 1
1938 1
1938 1
1938 1
1938 1
1938 1
1938 1
1938 1
1938 1
1938 1
1938 1
1938 1
1938 1
1938 1
1938 1
1938 1
1938 1
1938 1
1938 1
1938 1
1938 1
1938 1
1938 1
1938 1
1938 1
1938 1
1938 1
1938 1
2016 1
2016 1
2016 1
2016 1
2016 1
2016 1
2016 1
2016 1
2016 1
2016 1
2016 1
2016 1
2016 1
2016 1
2016 1
2016 1
2016 1
2016 1
2016 1
2016 1
2016 1
2016 1
2016 1
2016 1
2016 1
2016 1
2016 1
2016 1
2016 1
2016 1
2016 1
2016 1
2016 1
2016 1
2016 1
2016 1
2016 1
1497 1
1497 1
1497 1
1497 1
1497 1
1497 1
1497 1
1497 1
1497 1
1497 1
1497 1
1497 1
1497 1
1497 1
1497 1
1497 1
1497 1
1497 1
1497 1
1497 1
1497 1
1497 1
1497 1
1497 1
1497 1
1497 1
1497 1
1497 1
1497 1
1497 1
1497 1
1497 1
1497 1
1497 1
1497 1
1497 1
1497 1
1543 1
1543 1
1543 1
1543 1
1543 1
1543 1
1543 1
1543 1
1543 1
1543 1
1543 1
1543 1
1543 1
1543 1
1543 1
1543 1
1543 1
1543 1
1543 1
1543 1
1543 1
1543 1
1543 1
1543 1
1543 1
1543 1
1543 1
1543 1
1543 1
1543 1
1543 1
1543 1
1543 1
1543 1
1543 1
1543 1
1543 1
1591 1
1591 1
1591 1
1591 1
1591 1
1591 1
1591 1
1591 1
1591 1
1591 1
1591 1
1591 1
1591 1
1591 1
1591 1
1591 1
1591 1
1591 1
1591 1
1591 1
1591 1
1591 1
1591 1
1591 1
1591 1
1591 1
1591 1
1591 1
1591 1
1591 1
1591 1
1591 1
1591 1
1591 1
1591 1
1591 1
1591 1
1637 1
1637 1
1637 1
1637 1
1637 1
1637 1
1637 1
1637 1
1637 1
1637 1
1637 1
1637 1
1637 1
1637 1
1637 1
1637 1
1637 1
1637 1
1637 1
1637 1
1637 1
1637 1
1637 1
1637 1
1637 1
1637 1
1637 1
1637 1
1637 1
1637 1
1637 1
1637 1
1637 1
1637 1
1637 1
1637 1
1637 1
1687 1
1687 1
1687 1
1687 1
1687 1
1687 1
1687 1
1687 1
1687 1
1687 1
1687 1
1687 1
1687 1
1687 1
1687 1
1687 1
1687 1
1687 1
1687 1
1687 1
1687 1
1687 1
1687 1
1687 1
1687 1
1687 1
1687 1
1687 1
1687 1
1687 1
1687 1
1687 1
1687 1
1687 1
1687 1
1687 1
1687 1
1743 1
1743 1
1743 1
1743 1
1743 1
1743 1
1743 1
1743 1
1743 1
1743 1
1743 1
1743 1
1743 1
1743 1
1743 1
1743 1
1743 1
1743 1
1743 1
1743 1
1743 1
1743 1
1743 1
1743 1
1743 1
1743 1
1743 1
1743 1
1743 1
1743 1
1743 1
1743 1
1743 1
1743 1
1743 1
1743 1
1743 1
1800 1
1800 1
1800 1
1800 1
1800 1
1800 1
1800 1
1800 1
1800 1
1800 1
1800 1
1800 1
1800 1
1800 1
1800 1
1800 1
1800 1
1800 1
1800 1
1800 1
1800 1
1800 1
1800 1
1800 1
1800 1
1800 1
1800 1
1800 1
1800 1
1800 1
1800 1
1800 1
1800 1
1800 1
1800 1
1800 1
1800 1
1869 1
1869 1
1869 1
1869 1
1869 1
1869 1
1869 1
1869 1
1869 1
1869 1
1869 1
1869 1
1869 1
1869 1
1869 1
1869 1
1869 1
1869 1
1869 1
1869 1
1869 1
1869 1
1869 1
1869 1
1869 1
1869 1
1869 1
1869 1
1869 1
1869 1
1869 1
1869 1
1869 1
1869 1
1869 1
1869 1
1869 1
1939 1
1939 1
1939 1
1939 1
1939 1
1939 1
1939 1
1939 1
1939 1
1939 1
1939 1
1939 1
1939 1
1939 1
1939 1
1939 1
1939 1
1939 1
1939 1
1939 1
1939 1
1939 1
1939 1
1939 1
1939 1
1939 1
1939 1
1939 1
1939 1
1939 1
1939 1
1939 1
1939 1
1939 1
1939 1
1939 1
1939 1
1498 1
1498 1
1498 1
1498 1
1498 1
1498 1
1498 1
1498 1
1498 1
1498 1
1498 1
1498 1
1498 1
1498 1
1498 1
1498 1
1498 1
1498 1
1498 1
1498 1
1498 1
1498 1
1498 1
1498 1
1498 1
1498 1
1498 1
1498 1
1498 1
1498 1
1498 1
1498 1
1498 1
1498 1
1498 1
1498 1
1498 1
1544 1
1544 1
1544 1
1544 1
1544 1
1544 1
1544 1
1544 1
1544 1
1544 1
1544 1
1544 1
1544 1
1544 1
1544 1
1544 1
1544 1
1544 1
1544 1
1544 1
1544 1
1544 1
1544 1
1544 1
1544 1
1544 1
1544 1
1544 1
1544 1
1544 1
1544 1
1544 1
1544 1
1544 1
1544 1
1544 1
1544 1
1592 1
1592 1
1592 1
1592 1
1592 1
1592 1
1592 1
1592 1
1592 1
1592 1
1592 1
1592 1
1592 1
1592 1
1592 1
1592 1
1592 1
1592 1
1592 1
1592 1
1592 1
1592 1
1592 1
1592 1
1592 1
1592 1
1592 1
1592 1
1592 1
1592 1
1592 1
1592 1
1592 1
1592 1
1592 1
1592 1
1592 1
1638 1
1638 1
1638 1
1638 1
1638 1
1638 1
1638 1
1638 1
1638 1
1638 1
1638 1
1638 1
1638 1
1638 1
1638 1
1638 1
1638 1
1638 1
1638 1
1638 1
1638 1
1638 1
1638 1
1638 1
1638 1
1638 1
1638 1
1638 1
1638 1
1638 1
1638 1
1638 1
1638 1
1638 1
1638 1
1638 1
1638 1
1688 1
1688 1
1688 1
1688 1
1688 1
1688 1
1688 1
1688 1
1688 1
1688 1
1688 1
1688 1
1688 1
1688 1
1688 1
1688 1
1688 1
1688 1
1688 1
1688 1
1688 1
1688 1
1688 1
1688 1
1688 1
1688 1
1688 1
1688 1
1688 1
1688 1
1688 1
1688 1
1688 1
1688 1
1688 1
1688 1
1688 1
1801 1
1801 1
1801 1
1801 1
1801 1
1801 1
1801 1
1801 1
1801 1
1801 1
1801 1
1801 1
1801 1
1801 1
1801 1
1801 1
1801 1
1801 1
1801 1
1801 1
1801 1
1801 1
1801 1
1801 1
1801 1
1801 1
1801 1
1801 1
1801 1
1801 1
1801 1
1801 1
1801 1
1801 1
1801 1
1801 1
1801 1
1449 1
1449 1
1449 1
1449 1
1449 1
1449 1
1449 1
1449 1
1449 1
1449 1
1449 1
1449 1
1449 1
1449 1
1449 1
1449 1
1449 1
1449 1
1449 1
1449 1
1449 1
1449 1
1449 1
1449 1
1449 1
1449 1
1449 1
1449 1
1449 1
1449 1
1449 1
1449 1
1449 1
1449 1
1449 1
1449 1
1449 1
1545 1
1545 1
1545 1
1545 1
1545 1
1545 1
1545 1
1545 1
1545 1
1545 1
1545 1
1545 1
1545 1
1545 1
1545 1
1545 1
1545 1
1545 1
1545 1
1545 1
1545 1
1545 1
1545 1
1545 1
1545 1
1545 1
1545 1
1545 1
1545 1
1545 1
1545 1
1545 1
1545 1
1545 1
1545 1
1545 1
1545 1
1593 1
1593 1
1593 1
1593 1
1593 1
1593 1
1593 1
1593 1
1593 1
1593 1
1593 1
1593 1
1593 1
1593 1
1593 1
1593 1
1593 1
1593 1
1593 1
1593 1
1593 1
1593 1
1593 1
1593 1
1593 1
1593 1
1593 1
1593 1
1593 1
1593 1
1593 1
1593 1
1593 1
1593 1
1593 1
1593 1
1593 1
