pt_graph shape
4154 1
4154 1
4154 1
4154 1
4154 1
4154 1
4154 1
4154 1
4154 1
4154 1
4154 1
4154 1
4154 1
4154 1
4154 1
4154 1
4154 1
4154 1
4154 1
4154 1
4154 1
4154 1
4154 1
4154 1
4154 1
4154 1
4154 1
4154 1
4154 1
4154 1
4154 1
4154 1
4154 1
4154 1
4154 1
4154 1
4154 1
4192 1
4192 1
4192 1
4192 1
4192 1
4192 1
4192 1
4192 1
4192 1
4192 1
4192 1
4192 1
4192 1
4192 1
4192 1
4192 1
4192 1
4192 1
4192 1
4192 1
4192 1
4192 1
4192 1
4192 1
4192 1
4192 1
4192 1
4192 1
4192 1
4192 1
4192 1
4192 1
4192 1
4192 1
4192 1
4192 1
4192 1
4229 1
4229 1
4229 1
4229 1
4229 1
4229 1
4229 1
4229 1
4229 1
4229 1
4229 1
4229 1
4229 1
4229 1
4229 1
4229 1
4229 1
4229 1
4229 1
4229 1
4229 1
4229 1
4229 1
4229 1
4229 1
4229 1
4229 1
4229 1
4229 1
4229 1
4229 1
4229 1
4229 1
4229 1
4229 1
4229 1
4229 1
4269 1
4269 1
4269 1
4269 1
4269 1
4269 1
4269 1
4269 1
4269 1
4269 1
4269 1
4269 1
4269 1
4269 1
4269 1
4269 1
4269 1
4269 1
4269 1
4269 1
4269 1
4269 1
4269 1
4269 1
4269 1
4269 1
4269 1
4269 1
4269 1
4269 1
4269 1
4269 1
4269 1
4269 1
4269 1
4269 1
4269 1
37003 1
37003 1
37003 1
37003 1
37003 1
37003 1
37003 1
37003 1
37003 1
37003 1
37003 1
37003 1
37003 1
37003 1
37003 1
37003 1
37003 1
37003 1
37003 1
37003 1
37003 1
37003 1
37003 1
37003 1
37003 1
37003 1
37003 1
37003 1
37003 1
37003 1
37003 1
37003 1
37003 1
37003 1
37003 1
37003 1
37003 1
4193 1
4193 1
4193 1
4193 1
4193 1
4193 1
4193 1
4193 1
4193 1
4193 1
4193 1
4193 1
4193 1
4193 1
4193 1
4193 1
4193 1
4193 1
4193 1
4193 1
4193 1
4193 1
4193 1
4193 1
4193 1
4193 1
4193 1
4193 1
4193 1
4193 1
4193 1
4193 1
4193 1
4193 1
4193 1
4193 1
4193 1
4230 1
4230 1
4230 1
4230 1
4230 1
4230 1
4230 1
4230 1
4230 1
4230 1
4230 1
4230 1
4230 1
4230 1
4230 1
4230 1
4230 1
4230 1
4230 1
4230 1
4230 1
4230 1
4230 1
4230 1
4230 1
4230 1
4230 1
4230 1
4230 1
4230 1
4230 1
4230 1
4230 1
4230 1
4230 1
4230 1
4230 1
4270 1
4270 1
4270 1
4270 1
4270 1
4270 1
4270 1
4270 1
4270 1
4270 1
4270 1
4270 1
4270 1
4270 1
4270 1
4270 1
4270 1
4270 1
4270 1
4270 1
4270 1
4270 1
4270 1
4270 1
4270 1
4270 1
4270 1
4270 1
4270 1
4270 1
4270 1
4270 1
4270 1
4270 1
4270 1
4270 1
4270 1
4308 1
4308 1
4308 1
4308 1
4308 1
4308 1
4308 1
4308 1
4308 1
4308 1
4308 1
4308 1
4308 1
4308 1
4308 1
4308 1
4308 1
4308 1
4308 1
4308 1
4308 1
4308 1
4308 1
4308 1
4308 1
4308 1
4308 1
4308 1
4308 1
4308 1
4308 1
4308 1
4308 1
4308 1
4308 1
4308 1
4308 1
4348 1
4348 1
4348 1
4348 1
4348 1
4348 1
4348 1
4348 1
4348 1
4348 1
4348 1
4348 1
4348 1
4348 1
4348 1
4348 1
4348 1
4348 1
4348 1
4348 1
4348 1
4348 1
4348 1
4348 1
4348 1
4348 1
4348 1
4348 1
4348 1
4348 1
4348 1
4348 1
4348 1
4348 1
4348 1
4348 1
4348 1
4389 1
4389 1
4389 1
4389 1
4389 1
4389 1
4389 1
4389 1
4389 1
4389 1
4389 1
4389 1
4389 1
4389 1
4389 1
4389 1
4389 1
4389 1
4389 1
4389 1
4389 1
4389 1
4389 1
4389 1
4389 1
4389 1
4389 1
4389 1
4389 1
4389 1
4389 1
4389 1
4389 1
4389 1
4389 1
4389 1
4389 1
4231 1
4231 1
4231 1
4231 1
4231 1
4231 1
4231 1
4231 1
4231 1
4231 1
4231 1
4231 1
4231 1
4231 1
4231 1
4231 1
4231 1
4231 1
4231 1
4231 1
4231 1
4231 1
4231 1
4231 1
4231 1
4231 1
4231 1
4231 1
4231 1
4231 1
4231 1
4231 1
4231 1
4231 1
4231 1
4231 1
4231 1
4271 1
4271 1
4271 1
4271 1
4271 1
4271 1
4271 1
4271 1
4271 1
4271 1
4271 1
4271 1
4271 1
4271 1
4271 1
4271 1
4271 1
4271 1
4271 1
4271 1
4271 1
4271 1
4271 1
4271 1
4271 1
4271 1
4271 1
4271 1
4271 1
4271 1
4271 1
4271 1
4271 1
4271 1
4271 1
4271 1
4271 1
4309 1
4309 1
4309 1
4309 1
4309 1
4309 1
4309 1
4309 1
4309 1
4309 1
4309 1
4309 1
4309 1
4309 1
4309 1
4309 1
4309 1
4309 1
4309 1
4309 1
4309 1
4309 1
4309 1
4309 1
4309 1
4309 1
4309 1
4309 1
4309 1
4309 1
4309 1
4309 1
4309 1
4309 1
4309 1
4309 1
4309 1
4349 1
4349 1
4349 1
4349 1
4349 1
4349 1
4349 1
4349 1
4349 1
4349 1
4349 1
4349 1
4349 1
4349 1
4349 1
4349 1
4349 1
4349 1
4349 1
4349 1
4349 1
4349 1
4349 1
4349 1
4349 1
4349 1
4349 1
4349 1
4349 1
4349 1
4349 1
4349 1
4349 1
4349 1
4349 1
4349 1
4349 1
4390 1
4390 1
4390 1
4390 1
4390 1
4390 1
4390 1
4390 1
4390 1
4390 1
4390 1
4390 1
4390 1
4390 1
4390 1
4390 1
4390 1
4390 1
4390 1
4390 1
4390 1
4390 1
4390 1
4390 1
4390 1
4390 1
4390 1
4390 1
4390 1
4390 1
4390 1
4390 1
4390 1
4390 1
4390 1
4390 1
4390 1
4428 1
4428 1
4428 1
4428 1
4428 1
4428 1
4428 1
4428 1
4428 1
4428 1
4428 1
4428 1
4428 1
4428 1
4428 1
4428 1
4428 1
4428 1
4428 1
4428 1
4428 1
4428 1
4428 1
4428 1
4428 1
4428 1
4428 1
4428 1
4428 1
4428 1
4428 1
4428 1
4428 1
4428 1
4428 1
4428 1
4428 1
4310 1
4310 1
4310 1
4310 1
4310 1
4310 1
4310 1
4310 1
4310 1
4310 1
4310 1
4310 1
4310 1
4310 1
4310 1
4310 1
4310 1
4310 1
4310 1
4310 1
4310 1
4310 1
4310 1
4310 1
4310 1
4310 1
4310 1
4310 1
4310 1
4310 1
4310 1
4310 1
4310 1
4310 1
4310 1
4310 1
4310 1
4350 1
4350 1
4350 1
4350 1
4350 1
4350 1
4350 1
4350 1
4350 1
4350 1
4350 1
4350 1
4350 1
4350 1
4350 1
4350 1
4350 1
4350 1
4350 1
4350 1
4350 1
4350 1
4350 1
4350 1
4350 1
4350 1
4350 1
4350 1
4350 1
4350 1
4350 1
4350 1
4350 1
4350 1
4350 1
4350 1
4350 1
4391 1
4391 1
4391 1
4391 1
4391 1
4391 1
4391 1
4391 1
4391 1
4391 1
4391 1
4391 1
4391 1
4391 1
4391 1
4391 1
4391 1
4391 1
4391 1
4391 1
4391 1
4391 1
4391 1
4391 1
4391 1
4391 1
4391 1
4391 1
4391 1
4391 1
4391 1
4391 1
4391 1
4391 1
4391 1
4391 1
4391 1
4429 1
4429 1
4429 1
4429 1
4429 1
4429 1
4429 1
4429 1
4429 1
4429 1
4429 1
4429 1
4429 1
4429 1
4429 1
4429 1
4429 1
4429 1
4429 1
4429 1
4429 1
4429 1
4429 1
4429 1
4429 1
4429 1
4429 1
4429 1
4429 1
4429 1
4429 1
4429 1
4429 1
4429 1
4429 1
4429 1
4429 1
4467 1
4467 1
4467 1
4467 1
4467 1
4467 1
4467 1
4467 1
4467 1
4467 1
4467 1
4467 1
4467 1
4467 1
4467 1
4467 1
4467 1
4467 1
4467 1
4467 1
4467 1
4467 1
4467 1
4467 1
4467 1
4467 1
4467 1
4467 1
4467 1
4467 1
4467 1
4467 1
4467 1
4467 1
4467 1
4467 1
4467 1
36991 1
36991 1
36991 1
36991 1
36991 1
36991 1
36991 1
36991 1
36991 1
36991 1
36991 1
36991 1
36991 1
36991 1
36991 1
36991 1
36991 1
36991 1
36991 1
36991 1
36991 1
36991 1
36991 1
36991 1
36991 1
36991 1
36991 1
36991 1
36991 1
36991 1
36991 1
36991 1
36991 1
36991 1
36991 1
36991 1
36991 1
3666 1
3666 1
3666 1
3666 1
3666 1
3666 1
3666 1
3666 1
3666 1
3666 1
3666 1
3666 1
3666 1
3666 1
3666 1
3666 1
3666 1
3666 1
3666 1
3666 1
3666 1
3666 1
3666 1
3666 1
3666 1
3666 1
3666 1
3666 1
3666 1
3666 1
3666 1
3666 1
3666 1
3666 1
3666 1
3666 1
3666 1
3726 1
3726 1
3726 1
3726 1
3726 1
3726 1
3726 1
3726 1
3726 1
3726 1
3726 1
3726 1
3726 1
3726 1
3726 1
3726 1
3726 1
3726 1
3726 1
3726 1
3726 1
3726 1
3726 1
3726 1
3726 1
3726 1
3726 1
3726 1
3726 1
3726 1
3726 1
3726 1
3726 1
3726 1
3726 1
3726 1
3726 1
3784 1
3784 1
3784 1
3784 1
3784 1
3784 1
3784 1
3784 1
3784 1
3784 1
3784 1
3784 1
3784 1
3784 1
3784 1
3784 1
3784 1
3784 1
3784 1
3784 1
3784 1
3784 1
3784 1
3784 1
3784 1
3784 1
3784 1
3784 1
3784 1
3784 1
3784 1
3784 1
3784 1
3784 1
3784 1
3784 1
3784 1
3894 1
3894 1
3894 1
3894 1
3894 1
3894 1
3894 1
3894 1
3894 1
3894 1
3894 1
3894 1
3894 1
3894 1
3894 1
3894 1
3894 1
3894 1
3894 1
3894 1
3894 1
3894 1
3894 1
3894 1
3894 1
3894 1
3894 1
3894 1
3894 1
3894 1
3894 1
3894 1
3894 1
3894 1
3894 1
3894 1
3894 1
4311 1
4311 1
4311 1
4311 1
4311 1
4311 1
4311 1
4311 1
4311 1
4311 1
4311 1
4311 1
4311 1
4311 1
4311 1
4311 1
4311 1
4311 1
4311 1
4311 1
4311 1
4311 1
4311 1
4311 1
4311 1
4311 1
4311 1
4311 1
4311 1
4311 1
4311 1
4311 1
4311 1
4311 1
4311 1
4311 1
4311 1
4351 1
4351 1
4351 1
4351 1
4351 1
4351 1
4351 1
4351 1
4351 1
4351 1
4351 1
4351 1
4351 1
4351 1
4351 1
4351 1
4351 1
4351 1
4351 1
4351 1
4351 1
4351 1
4351 1
4351 1
4351 1
4351 1
4351 1
4351 1
4351 1
4351 1
4351 1
4351 1
4351 1
4351 1
4351 1
4351 1
4351 1
4392 1
4392 1
4392 1
4392 1
4392 1
4392 1
4392 1
4392 1
4392 1
4392 1
4392 1
4392 1
4392 1
4392 1
4392 1
4392 1
4392 1
4392 1
4392 1
4392 1
4392 1
4392 1
4392 1
4392 1
4392 1
4392 1
4392 1
4392 1
4392 1
4392 1
4392 1
4392 1
4392 1
4392 1
4392 1
4392 1
4392 1
4430 1
4430 1
4430 1
4430 1
4430 1
4430 1
4430 1
4430 1
4430 1
4430 1
4430 1
4430 1
4430 1
4430 1
4430 1
4430 1
4430 1
4430 1
4430 1
4430 1
4430 1
4430 1
4430 1
4430 1
4430 1
4430 1
4430 1
4430 1
4430 1
4430 1
4430 1
4430 1
4430 1
4430 1
4430 1
4430 1
4430 1
4468 1
4468 1
4468 1
4468 1
4468 1
4468 1
4468 1
4468 1
4468 1
4468 1
4468 1
4468 1
4468 1
4468 1
4468 1
4468 1
4468 1
4468 1
4468 1
4468 1
4468 1
4468 1
4468 1
4468 1
4468 1
4468 1
4468 1
4468 1
4468 1
4468 1
4468 1
4468 1
4468 1
4468 1
4468 1
4468 1
4468 1
4503 1
4503 1
4503 1
4503 1
4503 1
4503 1
4503 1
4503 1
4503 1
4503 1
4503 1
4503 1
4503 1
4503 1
4503 1
4503 1
4503 1
4503 1
4503 1
4503 1
4503 1
4503 1
4503 1
4503 1
4503 1
4503 1
4503 1
4503 1
4503 1
4503 1
4503 1
4503 1
4503 1
4503 1
4503 1
4503 1
4503 1
37166 1
37166 1
37166 1
37166 1
37166 1
37166 1
37166 1
37166 1
37166 1
37166 1
37166 1
37166 1
37166 1
37166 1
37166 1
37166 1
37166 1
37166 1
37166 1
37166 1
37166 1
37166 1
37166 1
37166 1
37166 1
37166 1
37166 1
37166 1
37166 1
37166 1
37166 1
37166 1
37166 1
37166 1
37166 1
37166 1
37166 1
3667 1
3667 1
3667 1
3667 1
3667 1
3667 1
3667 1
3667 1
3667 1
3667 1
3667 1
3667 1
3667 1
3667 1
3667 1
3667 1
3667 1
3667 1
3667 1
3667 1
3667 1
3667 1
3667 1
3667 1
3667 1
3667 1
3667 1
3667 1
3667 1
3667 1
3667 1
3667 1
3667 1
3667 1
3667 1
3667 1
3667 1
3727 1
3727 1
3727 1
3727 1
3727 1
3727 1
3727 1
3727 1
3727 1
3727 1
3727 1
3727 1
3727 1
3727 1
3727 1
3727 1
3727 1
3727 1
3727 1
3727 1
3727 1
3727 1
3727 1
3727 1
3727 1
3727 1
3727 1
3727 1
3727 1
3727 1
3727 1
3727 1
3727 1
3727 1
3727 1
3727 1
3727 1
3785 1
3785 1
3785 1
3785 1
3785 1
3785 1
3785 1
3785 1
3785 1
3785 1
3785 1
3785 1
3785 1
3785 1
3785 1
3785 1
3785 1
3785 1
3785 1
3785 1
3785 1
3785 1
3785 1
3785 1
3785 1
3785 1
3785 1
3785 1
3785 1
3785 1
3785 1
3785 1
3785 1
3785 1
3785 1
3785 1
3785 1
3840 1
3840 1
3840 1
3840 1
3840 1
3840 1
3840 1
3840 1
3840 1
3840 1
3840 1
3840 1
3840 1
3840 1
3840 1
3840 1
3840 1
3840 1
3840 1
3840 1
3840 1
3840 1
3840 1
3840 1
3840 1
3840 1
3840 1
3840 1
3840 1
3840 1
3840 1
3840 1
3840 1
3840 1
3840 1
3840 1
3840 1
4109 1
4109 1
4109 1
4109 1
4109 1
4109 1
4109 1
4109 1
4109 1
4109 1
4109 1
4109 1
4109 1
4109 1
4109 1
4109 1
4109 1
4109 1
4109 1
4109 1
4109 1
4109 1
4109 1
4109 1
4109 1
4109 1
4109 1
4109 1
4109 1
4109 1
4109 1
4109 1
4109 1
4109 1
4109 1
4109 1
4109 1
4393 1
4393 1
4393 1
4393 1
4393 1
4393 1
4393 1
4393 1
4393 1
4393 1
4393 1
4393 1
4393 1
4393 1
4393 1
4393 1
4393 1
4393 1
4393 1
4393 1
4393 1
4393 1
4393 1
4393 1
4393 1
4393 1
4393 1
4393 1
4393 1
4393 1
4393 1
4393 1
4393 1
4393 1
4393 1
4393 1
4393 1
4431 1
4431 1
4431 1
4431 1
4431 1
4431 1
4431 1
4431 1
4431 1
4431 1
4431 1
4431 1
4431 1
4431 1
4431 1
4431 1
4431 1
4431 1
4431 1
4431 1
4431 1
4431 1
4431 1
4431 1
4431 1
4431 1
4431 1
4431 1
4431 1
4431 1
4431 1
4431 1
4431 1
4431 1
4431 1
4431 1
4431 1
4469 1
4469 1
4469 1
4469 1
4469 1
4469 1
4469 1
4469 1
4469 1
4469 1
4469 1
4469 1
4469 1
4469 1
4469 1
4469 1
4469 1
4469 1
4469 1
4469 1
4469 1
4469 1
4469 1
4469 1
4469 1
4469 1
4469 1
4469 1
4469 1
4469 1
4469 1
4469 1
4469 1
4469 1
4469 1
4469 1
4469 1
4504 1
4504 1
4504 1
4504 1
4504 1
4504 1
4504 1
4504 1
4504 1
4504 1
4504 1
4504 1
4504 1
4504 1
4504 1
4504 1
4504 1
4504 1
4504 1
4504 1
4504 1
4504 1
4504 1
4504 1
4504 1
4504 1
4504 1
4504 1
4504 1
4504 1
4504 1
4504 1
4504 1
4504 1
4504 1
4504 1
4504 1
3728 1
3728 1
3728 1
3728 1
3728 1
3728 1
3728 1
3728 1
3728 1
3728 1
3728 1
3728 1
3728 1
3728 1
3728 1
3728 1
3728 1
3728 1
3728 1
3728 1
3728 1
3728 1
3728 1
3728 1
3728 1
3728 1
3728 1
3728 1
3728 1
3728 1
3728 1
3728 1
3728 1
3728 1
3728 1
3728 1
3728 1
3786 1
3786 1
3786 1
3786 1
3786 1
3786 1
3786 1
3786 1
3786 1
3786 1
3786 1
3786 1
3786 1
3786 1
3786 1
3786 1
3786 1
3786 1
3786 1
3786 1
3786 1
3786 1
3786 1
3786 1
3786 1
3786 1
3786 1
3786 1
3786 1
3786 1
3786 1
3786 1
3786 1
3786 1
3786 1
3786 1
3786 1
3841 1
3841 1
3841 1
3841 1
3841 1
3841 1
3841 1
3841 1
3841 1
3841 1
3841 1
3841 1
3841 1
3841 1
3841 1
3841 1
3841 1
3841 1
3841 1
3841 1
3841 1
3841 1
3841 1
3841 1
3841 1
3841 1
3841 1
3841 1
3841 1
3841 1
3841 1
3841 1
3841 1
3841 1
3841 1
3841 1
3841 1
3896 1
3896 1
3896 1
3896 1
3896 1
3896 1
3896 1
3896 1
3896 1
3896 1
3896 1
3896 1
3896 1
3896 1
3896 1
3896 1
3896 1
3896 1
3896 1
3896 1
3896 1
3896 1
3896 1
3896 1
3896 1
3896 1
3896 1
3896 1
3896 1
3896 1
3896 1
3896 1
3896 1
3896 1
3896 1
3896 1
3896 1
3950 1
3950 1
3950 1
3950 1
3950 1
3950 1
3950 1
3950 1
3950 1
3950 1
3950 1
3950 1
3950 1
3950 1
3950 1
3950 1
3950 1
3950 1
3950 1
3950 1
3950 1
3950 1
3950 1
3950 1
3950 1
3950 1
3950 1
3950 1
3950 1
3950 1
3950 1
3950 1
3950 1
3950 1
3950 1
3950 1
3950 1
4010 1
4010 1
4010 1
4010 1
4010 1
4010 1
4010 1
4010 1
4010 1
4010 1
4010 1
4010 1
4010 1
4010 1
4010 1
4010 1
4010 1
4010 1
4010 1
4010 1
4010 1
4010 1
4010 1
4010 1
4010 1
4010 1
4010 1
4010 1
4010 1
4010 1
4010 1
4010 1
4010 1
4010 1
4010 1
4010 1
4010 1
4064 1
4064 1
4064 1
4064 1
4064 1
4064 1
4064 1
4064 1
4064 1
4064 1
4064 1
4064 1
4064 1
4064 1
4064 1
4064 1
4064 1
4064 1
4064 1
4064 1
4064 1
4064 1
4064 1
4064 1
4064 1
4064 1
4064 1
4064 1
4064 1
4064 1
4064 1
4064 1
4064 1
4064 1
4064 1
4064 1
4064 1
4110 1
4110 1
4110 1
4110 1
4110 1
4110 1
4110 1
4110 1
4110 1
4110 1
4110 1
4110 1
4110 1
4110 1
4110 1
4110 1
4110 1
4110 1
4110 1
4110 1
4110 1
4110 1
4110 1
4110 1
4110 1
4110 1
4110 1
4110 1
4110 1
4110 1
4110 1
4110 1
4110 1
4110 1
4110 1
4110 1
4110 1
4273 1
4273 1
4273 1
4273 1
4273 1
4273 1
4273 1
4273 1
4273 1
4273 1
4273 1
4273 1
4273 1
4273 1
4273 1
4273 1
4273 1
4273 1
4273 1
4273 1
4273 1
4273 1
4273 1
4273 1
4273 1
4273 1
4273 1
4273 1
4273 1
4273 1
4273 1
4273 1
4273 1
4273 1
4273 1
4273 1
4273 1
37035 1
37035 1
37035 1
37035 1
37035 1
37035 1
37035 1
37035 1
37035 1
37035 1
37035 1
37035 1
37035 1
37035 1
37035 1
37035 1
37035 1
37035 1
37035 1
37035 1
37035 1
37035 1
37035 1
37035 1
37035 1
37035 1
37035 1
37035 1
37035 1
37035 1
37035 1
37035 1
37035 1
37035 1
37035 1
37035 1
37035 1
3729 1
3729 1
3729 1
3729 1
3729 1
3729 1
3729 1
3729 1
3729 1
3729 1
3729 1
3729 1
3729 1
3729 1
3729 1
3729 1
3729 1
3729 1
3729 1
3729 1
3729 1
3729 1
3729 1
3729 1
3729 1
3729 1
3729 1
3729 1
3729 1
3729 1
3729 1
3729 1
3729 1
3729 1
3729 1
3729 1
3729 1
3787 1
3787 1
3787 1
3787 1
3787 1
3787 1
3787 1
3787 1
3787 1
3787 1
3787 1
3787 1
3787 1
3787 1
3787 1
3787 1
3787 1
3787 1
3787 1
3787 1
3787 1
3787 1
3787 1
3787 1
3787 1
3787 1
3787 1
3787 1
3787 1
3787 1
3787 1
3787 1
3787 1
3787 1
3787 1
3787 1
3787 1
3842 1
3842 1
3842 1
3842 1
3842 1
3842 1
3842 1
3842 1
3842 1
3842 1
3842 1
3842 1
3842 1
3842 1
3842 1
3842 1
3842 1
3842 1
3842 1
3842 1
3842 1
3842 1
3842 1
3842 1
3842 1
3842 1
3842 1
3842 1
3842 1
3842 1
3842 1
3842 1
3842 1
3842 1
3842 1
3842 1
3842 1
3897 1
3897 1
3897 1
3897 1
3897 1
3897 1
3897 1
3897 1
3897 1
3897 1
3897 1
3897 1
3897 1
3897 1
3897 1
3897 1
3897 1
3897 1
3897 1
3897 1
3897 1
3897 1
3897 1
3897 1
3897 1
3897 1
3897 1
3897 1
3897 1
3897 1
3897 1
3897 1
3897 1
3897 1
3897 1
3897 1
3897 1
3951 1
3951 1
3951 1
3951 1
3951 1
3951 1
3951 1
3951 1
3951 1
3951 1
3951 1
3951 1
3951 1
3951 1
3951 1
3951 1
3951 1
3951 1
3951 1
3951 1
3951 1
3951 1
3951 1
3951 1
3951 1
3951 1
3951 1
3951 1
3951 1
3951 1
3951 1
3951 1
3951 1
3951 1
3951 1
3951 1
3951 1
4011 1
4011 1
4011 1
4011 1
4011 1
4011 1
4011 1
4011 1
4011 1
4011 1
4011 1
4011 1
4011 1
4011 1
4011 1
4011 1
4011 1
4011 1
4011 1
4011 1
4011 1
4011 1
4011 1
4011 1
4011 1
4011 1
4011 1
4011 1
4011 1
4011 1
4011 1
4011 1
4011 1
4011 1
4011 1
4011 1
4011 1
4313 1
4313 1
4313 1
4313 1
4313 1
4313 1
4313 1
4313 1
4313 1
4313 1
4313 1
4313 1
4313 1
4313 1
4313 1
4313 1
4313 1
4313 1
4313 1
4313 1
4313 1
4313 1
4313 1
4313 1
4313 1
4313 1
4313 1
4313 1
4313 1
4313 1
4313 1
4313 1
4313 1
4313 1
4313 1
4313 1
4313 1
4353 1
4353 1
4353 1
4353 1
4353 1
4353 1
4353 1
4353 1
4353 1
4353 1
4353 1
4353 1
4353 1
4353 1
4353 1
4353 1
4353 1
4353 1
4353 1
4353 1
4353 1
4353 1
4353 1
4353 1
4353 1
4353 1
4353 1
4353 1
4353 1
4353 1
4353 1
4353 1
4353 1
4353 1
4353 1
4353 1
4353 1
3788 1
3788 1
3788 1
3788 1
3788 1
3788 1
3788 1
3788 1
3788 1
3788 1
3788 1
3788 1
3788 1
3788 1
3788 1
3788 1
3788 1
3788 1
3788 1
3788 1
3788 1
3788 1
3788 1
3788 1
3788 1
3788 1
3788 1
3788 1
3788 1
3788 1
3788 1
3788 1
3788 1
3788 1
3788 1
3788 1
3788 1
3843 1
3843 1
3843 1
3843 1
3843 1
3843 1
3843 1
3843 1
3843 1
3843 1
3843 1
3843 1
3843 1
3843 1
3843 1
3843 1
3843 1
3843 1
3843 1
3843 1
3843 1
3843 1
3843 1
3843 1
3843 1
3843 1
3843 1
3843 1
3843 1
3843 1
3843 1
3843 1
3843 1
3843 1
3843 1
3843 1
3843 1
3898 1
3898 1
3898 1
3898 1
3898 1
3898 1
3898 1
3898 1
3898 1
3898 1
3898 1
3898 1
3898 1
3898 1
3898 1
3898 1
3898 1
3898 1
3898 1
3898 1
3898 1
3898 1
3898 1
3898 1
3898 1
3898 1
3898 1
3898 1
3898 1
3898 1
3898 1
3898 1
3898 1
3898 1
3898 1
3898 1
3898 1
4314 1
4314 1
4314 1
4314 1
4314 1
4314 1
4314 1
4314 1
4314 1
4314 1
4314 1
4314 1
4314 1
4314 1
4314 1
4314 1
4314 1
4314 1
4314 1
4314 1
4314 1
4314 1
4314 1
4314 1
4314 1
4314 1
4314 1
4314 1
4314 1
4314 1
4314 1
4314 1
4314 1
4314 1
4314 1
4314 1
4314 1
4354 1
4354 1
4354 1
4354 1
4354 1
4354 1
4354 1
4354 1
4354 1
4354 1
4354 1
4354 1
4354 1
4354 1
4354 1
4354 1
4354 1
4354 1
4354 1
4354 1
4354 1
4354 1
4354 1
4354 1
4354 1
4354 1
4354 1
4354 1
4354 1
4354 1
4354 1
4354 1
4354 1
4354 1
4354 1
4354 1
4354 1
4394 1
4394 1
4394 1
4394 1
4394 1
4394 1
4394 1
4394 1
4394 1
4394 1
4394 1
4394 1
4394 1
4394 1
4394 1
4394 1
4394 1
4394 1
4394 1
4394 1
4394 1
4394 1
4394 1
4394 1
4394 1
4394 1
4394 1
4394 1
4394 1
4394 1
4394 1
4394 1
4394 1
4394 1
4394 1
4394 1
4394 1
4432 1
4432 1
4432 1
4432 1
4432 1
4432 1
4432 1
4432 1
4432 1
4432 1
4432 1
4432 1
4432 1
4432 1
4432 1
4432 1
4432 1
4432 1
4432 1
4432 1
4432 1
4432 1
4432 1
4432 1
4432 1
4432 1
4432 1
4432 1
4432 1
4432 1
4432 1
4432 1
4432 1
4432 1
4432 1
4432 1
4432 1
3844 1
3844 1
3844 1
3844 1
3844 1
3844 1
3844 1
3844 1
3844 1
3844 1
3844 1
3844 1
3844 1
3844 1
3844 1
3844 1
3844 1
3844 1
3844 1
3844 1
3844 1
3844 1
3844 1
3844 1
3844 1
3844 1
3844 1
3844 1
3844 1
3844 1
3844 1
3844 1
3844 1
3844 1
3844 1
3844 1
3844 1
4315 1
4315 1
4315 1
4315 1
4315 1
4315 1
4315 1
4315 1
4315 1
4315 1
4315 1
4315 1
4315 1
4315 1
4315 1
4315 1
4315 1
4315 1
4315 1
4315 1
4315 1
4315 1
4315 1
4315 1
4315 1
4315 1
4315 1
4315 1
4315 1
4315 1
4315 1
4315 1
4315 1
4315 1
4315 1
4315 1
4315 1
4355 1
4355 1
4355 1
4355 1
4355 1
4355 1
4355 1
4355 1
4355 1
4355 1
4355 1
4355 1
4355 1
4355 1
4355 1
4355 1
4355 1
4355 1
4355 1
4355 1
4355 1
4355 1
4355 1
4355 1
4355 1
4355 1
4355 1
4355 1
4355 1
4355 1
4355 1
4355 1
4355 1
4355 1
4355 1
4355 1
4355 1
