pt_graph shape
25852 1
25852 1
25852 1
25852 1
25852 1
25852 1
25852 1
25852 1
25852 1
25852 1
25852 1
25852 1
25852 1
25852 1
25852 1
25852 1
25852 1
25852 1
25852 1
25852 1
25852 1
25879 1
25879 1
25879 1
25879 1
25879 1
25879 1
25879 1
25879 1
25879 1
25879 1
25879 1
25879 1
25879 1
25879 1
25879 1
25879 1
25879 1
25879 1
25879 1
25879 1
25879 1
25903 1
25903 1
25903 1
25903 1
25903 1
25903 1
25903 1
25903 1
25903 1
25903 1
25903 1
25903 1
25903 1
25903 1
25903 1
25903 1
25903 1
25903 1
25903 1
25903 1
25903 1
25922 1
25922 1
25922 1
25922 1
25922 1
25922 1
25922 1
25922 1
25922 1
25922 1
25922 1
25922 1
25922 1
25922 1
25922 1
25922 1
25922 1
25922 1
25922 1
25922 1
25922 1
25636 1
25636 1
25636 1
25636 1
25636 1
25636 1
25636 1
25636 1
25636 1
25636 1
25636 1
25636 1
25636 1
25636 1
25636 1
25636 1
25636 1
25636 1
25636 1
25636 1
25636 1
25661 1
25661 1
25661 1
25661 1
25661 1
25661 1
25661 1
25661 1
25661 1
25661 1
25661 1
25661 1
25661 1
25661 1
25661 1
25661 1
25661 1
25661 1
25661 1
25661 1
25661 1
25687 1
25687 1
25687 1
25687 1
25687 1
25687 1
25687 1
25687 1
25687 1
25687 1
25687 1
25687 1
25687 1
25687 1
25687 1
25687 1
25687 1
25687 1
25687 1
25687 1
25687 1
25716 1
25716 1
25716 1
25716 1
25716 1
25716 1
25716 1
25716 1
25716 1
25716 1
25716 1
25716 1
25716 1
25716 1
25716 1
25716 1
25716 1
25716 1
25716 1
25716 1
25716 1
25743 1
25743 1
25743 1
25743 1
25743 1
25743 1
25743 1
25743 1
25743 1
25743 1
25743 1
25743 1
25743 1
25743 1
25743 1
25743 1
25743 1
25743 1
25743 1
25743 1
25743 1
25772 1
25772 1
25772 1
25772 1
25772 1
25772 1
25772 1
25772 1
25772 1
25772 1
25772 1
25772 1
25772 1
25772 1
25772 1
25772 1
25772 1
25772 1
25772 1
25772 1
25772 1
25800 1
25800 1
25800 1
25800 1
25800 1
25800 1
25800 1
25800 1
25800 1
25800 1
25800 1
25800 1
25800 1
25800 1
25800 1
25800 1
25800 1
25800 1
25800 1
25800 1
25800 1
25826 1
25826 1
25826 1
25826 1
25826 1
25826 1
25826 1
25826 1
25826 1
25826 1
25826 1
25826 1
25826 1
25826 1
25826 1
25826 1
25826 1
25826 1
25826 1
25826 1
25826 1
25853 1
25853 1
25853 1
25853 1
25853 1
25853 1
25853 1
25853 1
25853 1
25853 1
25853 1
25853 1
25853 1
25853 1
25853 1
25853 1
25853 1
25853 1
25853 1
25853 1
25853 1
25880 1
25880 1
25880 1
25880 1
25880 1
25880 1
25880 1
25880 1
25880 1
25880 1
25880 1
25880 1
25880 1
25880 1
25880 1
25880 1
25880 1
25880 1
25880 1
25880 1
25880 1
25688 1
25688 1
25688 1
25688 1
25688 1
25688 1
25688 1
25688 1
25688 1
25688 1
25688 1
25688 1
25688 1
25688 1
25688 1
25688 1
25688 1
25688 1
25688 1
25688 1
25688 1
25717 1
25717 1
25717 1
25717 1
25717 1
25717 1
25717 1
25717 1
25717 1
25717 1
25717 1
25717 1
25717 1
25717 1
25717 1
25717 1
25717 1
25717 1
25717 1
25717 1
25717 1
25744 1
25744 1
25744 1
25744 1
25744 1
25744 1
25744 1
25744 1
25744 1
25744 1
25744 1
25744 1
25744 1
25744 1
25744 1
25744 1
25744 1
25744 1
25744 1
25744 1
25744 1
25773 1
25773 1
25773 1
25773 1
25773 1
25773 1
25773 1
25773 1
25773 1
25773 1
25773 1
25773 1
25773 1
25773 1
25773 1
25773 1
25773 1
25773 1
25773 1
25773 1
25773 1
25801 1
25801 1
25801 1
25801 1
25801 1
25801 1
25801 1
25801 1
25801 1
25801 1
25801 1
25801 1
25801 1
25801 1
25801 1
25801 1
25801 1
25801 1
25801 1
25801 1
25801 1
25827 1
25827 1
25827 1
25827 1
25827 1
25827 1
25827 1
25827 1
25827 1
25827 1
25827 1
25827 1
25827 1
25827 1
25827 1
25827 1
25827 1
25827 1
25827 1
25827 1
25827 1
25923 1
25923 1
25923 1
25923 1
25923 1
25923 1
25923 1
25923 1
25923 1
25923 1
25923 1
25923 1
25923 1
25923 1
25923 1
25923 1
25923 1
25923 1
25923 1
25923 1
25923 1
25941 1
25941 1
25941 1
25941 1
25941 1
25941 1
25941 1
25941 1
25941 1
25941 1
25941 1
25941 1
25941 1
25941 1
25941 1
25941 1
25941 1
25941 1
25941 1
25941 1
25941 1
25957 1
25957 1
25957 1
25957 1
25957 1
25957 1
25957 1
25957 1
25957 1
25957 1
25957 1
25957 1
25957 1
25957 1
25957 1
25957 1
25957 1
25957 1
25957 1
25957 1
25957 1
25662 1
25662 1
25662 1
25662 1
25662 1
25662 1
25662 1
25662 1
25662 1
25662 1
25662 1
25662 1
25662 1
25662 1
25662 1
25662 1
25662 1
25662 1
25662 1
25662 1
25662 1
25689 1
25689 1
25689 1
25689 1
25689 1
25689 1
25689 1
25689 1
25689 1
25689 1
25689 1
25689 1
25689 1
25689 1
25689 1
25689 1
25689 1
25689 1
25689 1
25689 1
25689 1
25718 1
25718 1
25718 1
25718 1
25718 1
25718 1
25718 1
25718 1
25718 1
25718 1
25718 1
25718 1
25718 1
25718 1
25718 1
25718 1
25718 1
25718 1
25718 1
25718 1
25718 1
25745 1
25745 1
25745 1
25745 1
25745 1
25745 1
25745 1
25745 1
25745 1
25745 1
25745 1
25745 1
25745 1
25745 1
25745 1
25745 1
25745 1
25745 1
25745 1
25745 1
25745 1
25774 1
25774 1
25774 1
25774 1
25774 1
25774 1
25774 1
25774 1
25774 1
25774 1
25774 1
25774 1
25774 1
25774 1
25774 1
25774 1
25774 1
25774 1
25774 1
25774 1
25774 1
25802 1
25802 1
25802 1
25802 1
25802 1
25802 1
25802 1
25802 1
25802 1
25802 1
25802 1
25802 1
25802 1
25802 1
25802 1
25802 1
25802 1
25802 1
25802 1
25802 1
25802 1
25828 1
25828 1
25828 1
25828 1
25828 1
25828 1
25828 1
25828 1
25828 1
25828 1
25828 1
25828 1
25828 1
25828 1
25828 1
25828 1
25828 1
25828 1
25828 1
25828 1
25828 1
25854 1
25854 1
25854 1
25854 1
25854 1
25854 1
25854 1
25854 1
25854 1
25854 1
25854 1
25854 1
25854 1
25854 1
25854 1
25854 1
25854 1
25854 1
25854 1
25854 1
25854 1
25881 1
25881 1
25881 1
25881 1
25881 1
25881 1
25881 1
25881 1
25881 1
25881 1
25881 1
25881 1
25881 1
25881 1
25881 1
25881 1
25881 1
25881 1
25881 1
25881 1
25881 1
25904 1
25904 1
25904 1
25904 1
25904 1
25904 1
25904 1
25904 1
25904 1
25904 1
25904 1
25904 1
25904 1
25904 1
25904 1
25904 1
25904 1
25904 1
25904 1
25904 1
25904 1
25924 1
25924 1
25924 1
25924 1
25924 1
25924 1
25924 1
25924 1
25924 1
25924 1
25924 1
25924 1
25924 1
25924 1
25924 1
25924 1
25924 1
25924 1
25924 1
25924 1
25924 1
25690 1
25690 1
25690 1
25690 1
25690 1
25690 1
25690 1
25690 1
25690 1
25690 1
25690 1
25690 1
25690 1
25690 1
25690 1
25690 1
25690 1
25690 1
25690 1
25690 1
25690 1
25719 1
25719 1
25719 1
25719 1
25719 1
25719 1
25719 1
25719 1
25719 1
25719 1
25719 1
25719 1
25719 1
25719 1
25719 1
25719 1
25719 1
25719 1
25719 1
25719 1
25719 1
25746 1
25746 1
25746 1
25746 1
25746 1
25746 1
25746 1
25746 1
25746 1
25746 1
25746 1
25746 1
25746 1
25746 1
25746 1
25746 1
25746 1
25746 1
25746 1
25746 1
25746 1
25775 1
25775 1
25775 1
25775 1
25775 1
25775 1
25775 1
25775 1
25775 1
25775 1
25775 1
25775 1
25775 1
25775 1
25775 1
25775 1
25775 1
25775 1
25775 1
25775 1
25775 1
25803 1
25803 1
25803 1
25803 1
25803 1
25803 1
25803 1
25803 1
25803 1
25803 1
25803 1
25803 1
25803 1
25803 1
25803 1
25803 1
25803 1
25803 1
25803 1
25803 1
25803 1
25829 1
25829 1
25829 1
25829 1
25829 1
25829 1
25829 1
25829 1
25829 1
25829 1
25829 1
25829 1
25829 1
25829 1
25829 1
25829 1
25829 1
25829 1
25829 1
25829 1
25829 1
25855 1
25855 1
25855 1
25855 1
25855 1
25855 1
25855 1
25855 1
25855 1
25855 1
25855 1
25855 1
25855 1
25855 1
25855 1
25855 1
25855 1
25855 1
25855 1
25855 1
25855 1
25882 1
25882 1
25882 1
25882 1
25882 1
25882 1
25882 1
25882 1
25882 1
25882 1
25882 1
25882 1
25882 1
25882 1
25882 1
25882 1
25882 1
25882 1
25882 1
25882 1
25882 1
25905 1
25905 1
25905 1
25905 1
25905 1
25905 1
25905 1
25905 1
25905 1
25905 1
25905 1
25905 1
25905 1
25905 1
25905 1
25905 1
25905 1
25905 1
25905 1
25905 1
25905 1
25925 1
25925 1
25925 1
25925 1
25925 1
25925 1
25925 1
25925 1
25925 1
25925 1
25925 1
25925 1
25925 1
25925 1
25925 1
25925 1
25925 1
25925 1
25925 1
25925 1
25925 1
25663 1
25663 1
25663 1
25663 1
25663 1
25663 1
25663 1
25663 1
25663 1
25663 1
25663 1
25663 1
25663 1
25663 1
25663 1
25663 1
25663 1
25663 1
25663 1
25663 1
25663 1
25691 1
25691 1
25691 1
25691 1
25691 1
25691 1
25691 1
25691 1
25691 1
25691 1
25691 1
25691 1
25691 1
25691 1
25691 1
25691 1
25691 1
25691 1
25691 1
25691 1
25691 1
25720 1
25720 1
25720 1
25720 1
25720 1
25720 1
25720 1
25720 1
25720 1
25720 1
25720 1
25720 1
25720 1
25720 1
25720 1
25720 1
25720 1
25720 1
25720 1
25720 1
25720 1
25747 1
25747 1
25747 1
25747 1
25747 1
25747 1
25747 1
25747 1
25747 1
25747 1
25747 1
25747 1
25747 1
25747 1
25747 1
25747 1
25747 1
25747 1
25747 1
25747 1
25747 1
25776 1
25776 1
25776 1
25776 1
25776 1
25776 1
25776 1
25776 1
25776 1
25776 1
25776 1
25776 1
25776 1
25776 1
25776 1
25776 1
25776 1
25776 1
25776 1
25776 1
25776 1
25804 1
25804 1
25804 1
25804 1
25804 1
25804 1
25804 1
25804 1
25804 1
25804 1
25804 1
25804 1
25804 1
25804 1
25804 1
25804 1
25804 1
25804 1
25804 1
25804 1
25804 1
25830 1
25830 1
25830 1
25830 1
25830 1
25830 1
25830 1
25830 1
25830 1
25830 1
25830 1
25830 1
25830 1
25830 1
25830 1
25830 1
25830 1
25830 1
25830 1
25830 1
25830 1
25856 1
25856 1
25856 1
25856 1
25856 1
25856 1
25856 1
25856 1
25856 1
25856 1
25856 1
25856 1
25856 1
25856 1
25856 1
25856 1
25856 1
25856 1
25856 1
25856 1
25856 1
25883 1
25883 1
25883 1
25883 1
25883 1
25883 1
25883 1
25883 1
25883 1
25883 1
25883 1
25883 1
25883 1
25883 1
25883 1
25883 1
25883 1
25883 1
25883 1
25883 1
25883 1
25721 1
25721 1
25721 1
25721 1
25721 1
25721 1
25721 1
25721 1
25721 1
25721 1
25721 1
25721 1
25721 1
25721 1
25721 1
25721 1
25721 1
25721 1
25721 1
25721 1
25721 1
25748 1
25748 1
25748 1
25748 1
25748 1
25748 1
25748 1
25748 1
25748 1
25748 1
25748 1
25748 1
25748 1
25748 1
25748 1
25748 1
25748 1
25748 1
25748 1
25748 1
25748 1
25777 1
25777 1
25777 1
25777 1
25777 1
25777 1
25777 1
25777 1
25777 1
25777 1
25777 1
25777 1
25777 1
25777 1
25777 1
25777 1
25777 1
25777 1
25777 1
25777 1
25777 1
25805 1
25805 1
25805 1
25805 1
25805 1
25805 1
25805 1
25805 1
25805 1
25805 1
25805 1
25805 1
25805 1
25805 1
25805 1
25805 1
25805 1
25805 1
25805 1
25805 1
25805 1
25831 1
25831 1
25831 1
25831 1
25831 1
25831 1
25831 1
25831 1
25831 1
25831 1
25831 1
25831 1
25831 1
25831 1
25831 1
25831 1
25831 1
25831 1
25831 1
25831 1
25831 1
25857 1
25857 1
25857 1
25857 1
25857 1
25857 1
25857 1
25857 1
25857 1
25857 1
25857 1
25857 1
25857 1
25857 1
25857 1
25857 1
25857 1
25857 1
25857 1
25857 1
25857 1
25884 1
25884 1
25884 1
25884 1
25884 1
25884 1
25884 1
25884 1
25884 1
25884 1
25884 1
25884 1
25884 1
25884 1
25884 1
25884 1
25884 1
25884 1
25884 1
25884 1
25884 1
25778 1
25778 1
25778 1
25778 1
25778 1
25778 1
25778 1
25778 1
25778 1
25778 1
25778 1
25778 1
25778 1
25778 1
25778 1
25778 1
25778 1
25778 1
25778 1
25778 1
25778 1
25806 1
25806 1
25806 1
25806 1
25806 1
25806 1
25806 1
25806 1
25806 1
25806 1
25806 1
25806 1
25806 1
25806 1
25806 1
25806 1
25806 1
25806 1
25806 1
25806 1
25806 1
25832 1
25832 1
25832 1
25832 1
25832 1
25832 1
25832 1
25832 1
25832 1
25832 1
25832 1
25832 1
25832 1
25832 1
25832 1
25832 1
25832 1
25832 1
25832 1
25832 1
25832 1
25858 1
25858 1
25858 1
25858 1
25858 1
25858 1
25858 1
25858 1
25858 1
25858 1
25858 1
25858 1
25858 1
25858 1
25858 1
25858 1
25858 1
25858 1
25858 1
25858 1
25858 1
25885 1
25885 1
25885 1
25885 1
25885 1
25885 1
25885 1
25885 1
25885 1
25885 1
25885 1
25885 1
25885 1
25885 1
25885 1
25885 1
25885 1
25885 1
25885 1
25885 1
25885 1
