pt_graph cpue_kghour
19606 0
19606 56.6526210745015
19606 56.6526210745015
19606 56.6526210745015
19606 56.6526210745015
19606 0
19606 0
19606 228.755363718759
19606 228.755363718759
19606 228.755363718759
19606 228.755363718759
19606 0
19606 0
19606 0
19606 0
19606 0
19606 0
19606 0
19606 0
19606 0
19606 0
19606 0
19606 0
19606 0
19606 0
19606 0
19606 0
19606 0
19606 0
19606 0
19606 0
19606 0
19606 0
19606 0
19606 0
19606 0
19606 11.6666666666667
20132 0
20132 56.6526210745015
20132 56.6526210745015
20132 56.6526210745015
20132 56.6526210745015
20132 0
20132 0
20132 228.755363718759
20132 228.755363718759
20132 228.755363718759
20132 228.755363718759
20132 0
20132 0
20132 0
20132 0
20132 0
20132 0
20132 0
20132 0
20132 0
20132 0
20132 0
20132 0
20132 0
20132 0
20132 0
20132 0
20132 0
20132 0
20132 0
20132 0
20132 0
20132 0
20132 0
20132 0
20132 0
20132 11.6666666666667
20599 0
20599 56.6526210745015
20599 56.6526210745015
20599 56.6526210745015
20599 56.6526210745015
20599 0
20599 0
20599 228.755363718759
20599 228.755363718759
20599 228.755363718759
20599 228.755363718759
20599 0
20599 0
20599 0
20599 0
20599 0
20599 0
20599 0
20599 0
20599 0
20599 0
20599 0
20599 0
20599 0
20599 0
20599 0
20599 0
20599 0
20599 0
20599 0
20599 0
20599 0
20599 0
20599 0
20599 0
20599 0
20599 11.6666666666667
19248 0
19248 56.6526210745015
19248 56.6526210745015
19248 56.6526210745015
19248 56.6526210745015
19248 0
19248 0
19248 228.755363718759
19248 228.755363718759
19248 228.755363718759
19248 228.755363718759
19248 0
19248 0
19248 0
19248 0
19248 0
19248 0
19248 0
19248 0
19248 0
19248 0
19248 0
19248 0
19248 0
19248 0
19248 0
19248 0
19248 0
19248 0
19248 0
19248 0
19248 0
19248 0
19248 0
19248 0
19248 0
19248 11.6666666666667
19429 0
19429 56.6526210745015
19429 56.6526210745015
19429 56.6526210745015
19429 56.6526210745015
19429 0
19429 0
19429 228.755363718759
19429 228.755363718759
19429 228.755363718759
19429 228.755363718759
19429 0
19429 0
19429 0
19429 0
19429 0
19429 0
19429 0
19429 0
19429 0
19429 0
19429 0
19429 0
19429 0
19429 0
19429 0
19429 0
19429 0
19429 0
19429 0
19429 0
19429 0
19429 0
19429 0
19429 0
19429 0
19429 11.6666666666667
19607 0
19607 56.6526210745015
19607 56.6526210745015
19607 56.6526210745015
19607 56.6526210745015
19607 0
19607 0
19607 228.755363718759
19607 228.755363718759
19607 228.755363718759
19607 228.755363718759
19607 0
19607 0
19607 0
19607 0
19607 0
19607 0
19607 0
19607 0
19607 0
19607 0
19607 0
19607 0
19607 0
19607 0
19607 0
19607 0
19607 0
19607 0
19607 0
19607 0
19607 0
19607 0
19607 0
19607 0
19607 0
19607 11.6666666666667
19781 0
19781 56.6526210745015
19781 56.6526210745015
19781 56.6526210745015
19781 56.6526210745015
19781 0
19781 0
19781 228.755363718759
19781 228.755363718759
19781 228.755363718759
19781 228.755363718759
19781 0
19781 0
19781 0
19781 0
19781 0
19781 0
19781 0
19781 0
19781 0
19781 0
19781 0
19781 0
19781 0
19781 0
19781 0
19781 0
19781 0
19781 0
19781 0
19781 0
19781 0
19781 0
19781 0
19781 0
19781 0
19781 11.6666666666667
20133 0
20133 56.6526210745015
20133 56.6526210745015
20133 56.6526210745015
20133 56.6526210745015
20133 0
20133 0
20133 228.755363718759
20133 228.755363718759
20133 228.755363718759
20133 228.755363718759
20133 0
20133 0
20133 0
20133 0
20133 0
20133 0
20133 0
20133 0
20133 0
20133 0
20133 0
20133 0
20133 0
20133 0
20133 0
20133 0
20133 0
20133 0
20133 0
20133 0
20133 0
20133 0
20133 0
20133 0
20133 0
20133 11.6666666666667
20297 0
20297 56.6526210745015
20297 56.6526210745015
20297 56.6526210745015
20297 56.6526210745015
20297 0
20297 0
20297 228.755363718759
20297 228.755363718759
20297 228.755363718759
20297 228.755363718759
20297 0
20297 0
20297 0
20297 0
20297 0
20297 0
20297 0
20297 0
20297 0
20297 0
20297 0
20297 0
20297 0
20297 0
20297 0
20297 0
20297 0
20297 0
20297 0
20297 0
20297 0
20297 0
20297 0
20297 0
20297 0
20297 11.6666666666667
18896 0
18896 56.6526210745015
18896 56.6526210745015
18896 56.6526210745015
18896 56.6526210745015
18896 0
18896 0
18896 228.755363718759
18896 228.755363718759
18896 228.755363718759
18896 228.755363718759
18896 0
18896 0
18896 0
18896 0
18896 0
18896 0
18896 0
18896 0
18896 0
18896 0
18896 0
18896 0
18896 0
18896 0
18896 0
18896 0
18896 0
18896 0
18896 0
18896 0
18896 0
18896 0
18896 0
18896 0
18896 0
18896 11.6666666666667
19071 0
19071 56.6526210745015
19071 56.6526210745015
19071 56.6526210745015
19071 56.6526210745015
19071 0
19071 0
19071 228.755363718759
19071 228.755363718759
19071 228.755363718759
19071 228.755363718759
19071 0
19071 0
19071 0
19071 0
19071 0
19071 0
19071 0
19071 0
19071 0
19071 0
19071 0
19071 0
19071 0
19071 0
19071 0
19071 0
19071 0
19071 0
19071 0
19071 0
19071 0
19071 0
19071 0
19071 0
19071 0
19071 11.6666666666667
19249 0
19249 56.6526210745015
19249 56.6526210745015
19249 56.6526210745015
19249 56.6526210745015
19249 0
19249 0
19249 228.755363718759
19249 228.755363718759
19249 228.755363718759
19249 228.755363718759
19249 0
19249 0
19249 0
19249 0
19249 0
19249 0
19249 0
19249 0
19249 0
19249 0
19249 0
19249 0
19249 0
19249 0
19249 0
19249 0
19249 0
19249 0
19249 0
19249 0
19249 0
19249 0
19249 0
19249 0
19249 0
19249 11.6666666666667
19430 0
19430 56.6526210745015
19430 56.6526210745015
19430 56.6526210745015
19430 56.6526210745015
19430 0
19430 0
19430 228.755363718759
19430 228.755363718759
19430 228.755363718759
19430 228.755363718759
19430 0
19430 0
19430 0
19430 0
19430 0
19430 0
19430 0
19430 0
19430 0
19430 0
19430 0
19430 0
19430 0
19430 0
19430 0
19430 0
19430 0
19430 0
19430 0
19430 0
19430 0
19430 0
19430 0
19430 0
19430 0
19430 11.6666666666667
19608 0
19608 56.6526210745015
19608 56.6526210745015
19608 56.6526210745015
19608 56.6526210745015
19608 0
19608 0
19608 228.755363718759
19608 228.755363718759
19608 228.755363718759
19608 228.755363718759
19608 0
19608 0
19608 0
19608 0
19608 0
19608 0
19608 0
19608 0
19608 0
19608 0
19608 0
19608 0
19608 0
19608 0
19608 0
19608 0
19608 0
19608 0
19608 0
19608 0
19608 0
19608 0
19608 0
19608 0
19608 0
19608 11.6666666666667
19962 0
19962 56.6526210745015
19962 56.6526210745015
19962 56.6526210745015
19962 56.6526210745015
19962 0
19962 0
19962 228.755363718759
19962 228.755363718759
19962 228.755363718759
19962 228.755363718759
19962 0
19962 0
19962 0
19962 0
19962 0
19962 0
19962 0
19962 0
19962 0
19962 0
19962 0
19962 0
19962 0
19962 0
19962 0
19962 0
19962 0
19962 0
19962 0
19962 0
19962 0
19962 0
19962 0
19962 0
19962 0
19962 11.6666666666667
18723 0
18723 56.6526210745015
18723 56.6526210745015
18723 56.6526210745015
18723 56.6526210745015
18723 0
18723 0
18723 228.755363718759
18723 228.755363718759
18723 228.755363718759
18723 228.755363718759
18723 0
18723 0
18723 0
18723 0
18723 0
18723 0
18723 0
18723 0
18723 0
18723 0
18723 0
18723 0
18723 0
18723 0
18723 0
18723 0
18723 0
18723 0
18723 0
18723 0
18723 0
18723 0
18723 0
18723 0
18723 0
18723 11.6666666666667
18897 0
18897 56.6526210745015
18897 56.6526210745015
18897 56.6526210745015
18897 56.6526210745015
18897 0
18897 0
18897 228.755363718759
18897 228.755363718759
18897 228.755363718759
18897 228.755363718759
18897 0
18897 0
18897 0
18897 0
18897 0
18897 0
18897 0
18897 0
18897 0
18897 0
18897 0
18897 0
18897 0
18897 0
18897 0
18897 0
18897 0
18897 0
18897 0
18897 0
18897 0
18897 0
18897 0
18897 0
18897 0
18897 11.6666666666667
19250 0
19250 56.6526210745015
19250 56.6526210745015
19250 56.6526210745015
19250 56.6526210745015
19250 0
19250 0
19250 228.755363718759
19250 228.755363718759
19250 228.755363718759
19250 228.755363718759
19250 0
19250 0
19250 0
19250 0
19250 0
19250 0
19250 0
19250 0
19250 0
19250 0
19250 0
19250 0
19250 0
19250 0
19250 0
19250 0
19250 0
19250 0
19250 0
19250 0
19250 0
19250 0
19250 0
19250 0
19250 0
19250 11.6666666666667
19609 0
19609 56.6526210745015
19609 56.6526210745015
19609 56.6526210745015
19609 56.6526210745015
19609 0
19609 0
19609 228.755363718759
19609 228.755363718759
19609 228.755363718759
19609 228.755363718759
19609 0
19609 0
19609 0
19609 0
19609 0
19609 0
19609 0
19609 0
19609 0
19609 0
19609 0
19609 0
19609 0
19609 0
19609 0
19609 0
19609 0
19609 0
19609 0
19609 0
19609 0
19609 0
19609 0
19609 0
19609 0
19609 11.6666666666667
19783 0
19783 56.6526210745015
19783 56.6526210745015
19783 56.6526210745015
19783 56.6526210745015
19783 0
19783 0
19783 228.755363718759
19783 228.755363718759
19783 228.755363718759
19783 228.755363718759
19783 0
19783 0
19783 0
19783 0
19783 0
19783 0
19783 0
19783 0
19783 0
19783 0
19783 0
19783 0
19783 0
19783 0
19783 0
19783 0
19783 0
19783 0
19783 0
19783 0
19783 0
19783 0
19783 0
19783 0
19783 0
19783 11.6666666666667
19963 0
19963 56.6526210745015
19963 56.6526210745015
19963 56.6526210745015
19963 56.6526210745015
19963 0
19963 0
19963 228.755363718759
19963 228.755363718759
19963 228.755363718759
19963 228.755363718759
19963 0
19963 0
19963 0
19963 0
19963 0
19963 0
19963 0
19963 0
19963 0
19963 0
19963 0
19963 0
19963 0
19963 0
19963 0
19963 0
19963 0
19963 0
19963 0
19963 0
19963 0
19963 0
19963 0
19963 0
19963 0
19963 11.6666666666667
18724 0
18724 56.6526210745015
18724 56.6526210745015
18724 56.6526210745015
18724 56.6526210745015
18724 0
18724 0
18724 228.755363718759
18724 228.755363718759
18724 228.755363718759
18724 228.755363718759
18724 0
18724 0
18724 0
18724 0
18724 0
18724 0
18724 0
18724 0
18724 0
18724 0
18724 0
18724 0
18724 0
18724 0
18724 0
18724 0
18724 0
18724 0
18724 0
18724 0
18724 0
18724 0
18724 0
18724 0
18724 0
18724 11.6666666666667
18898 0
18898 56.6526210745015
18898 56.6526210745015
18898 56.6526210745015
18898 56.6526210745015
18898 0
18898 0
18898 228.755363718759
18898 228.755363718759
18898 228.755363718759
18898 228.755363718759
18898 0
18898 0
18898 0
18898 0
18898 0
18898 0
18898 0
18898 0
18898 0
18898 0
18898 0
18898 0
18898 0
18898 0
18898 0
18898 0
18898 0
18898 0
18898 0
18898 0
18898 0
18898 0
18898 0
18898 0
18898 0
18898 11.6666666666667
18725 0
18725 56.6526210745015
18725 56.6526210745015
18725 56.6526210745015
18725 56.6526210745015
18725 0
18725 0
18725 228.755363718759
18725 228.755363718759
18725 228.755363718759
18725 228.755363718759
18725 0
18725 0
18725 0
18725 0
18725 0
18725 0
18725 0
18725 0
18725 0
18725 0
18725 0
18725 0
18725 0
18725 0
18725 0
18725 0
18725 0
18725 0
18725 0
18725 0
18725 0
18725 0
18725 0
18725 0
18725 0
18725 11.6666666666667
18899 0
18899 56.6526210745015
18899 56.6526210745015
18899 56.6526210745015
18899 56.6526210745015
18899 0
18899 0
18899 228.755363718759
18899 228.755363718759
18899 228.755363718759
18899 228.755363718759
18899 0
18899 0
18899 0
18899 0
18899 0
18899 0
18899 0
18899 0
18899 0
18899 0
18899 0
18899 0
18899 0
18899 0
18899 0
18899 0
18899 0
18899 0
18899 0
18899 0
18899 0
18899 0
18899 0
18899 0
18899 0
18899 11.6666666666667
19074 0
19074 56.6526210745015
19074 56.6526210745015
19074 56.6526210745015
19074 56.6526210745015
19074 0
19074 0
19074 228.755363718759
19074 228.755363718759
19074 228.755363718759
19074 228.755363718759
19074 0
19074 0
19074 0
19074 0
19074 0
19074 0
19074 0
19074 0
19074 0
19074 0
19074 0
19074 0
19074 0
19074 0
19074 0
19074 0
19074 0
19074 0
19074 0
19074 0
19074 0
19074 0
19074 0
19074 0
19074 0
19074 11.6666666666667
19433 0
19433 56.6526210745015
19433 56.6526210745015
19433 56.6526210745015
19433 56.6526210745015
19433 0
19433 0
19433 228.755363718759
19433 228.755363718759
19433 228.755363718759
19433 228.755363718759
19433 0
19433 0
19433 0
19433 0
19433 0
19433 0
19433 0
19433 0
19433 0
19433 0
19433 0
19433 0
19433 0
19433 0
19433 0
19433 0
19433 0
19433 0
19433 0
19433 0
19433 0
19433 0
19433 0
19433 0
19433 0
19433 11.6666666666667
19785 0
19785 56.6526210745015
19785 56.6526210745015
19785 56.6526210745015
19785 56.6526210745015
19785 0
19785 0
19785 228.755363718759
19785 228.755363718759
19785 228.755363718759
19785 228.755363718759
19785 0
19785 0
19785 0
19785 0
19785 0
19785 0
19785 0
19785 0
19785 0
19785 0
19785 0
19785 0
19785 0
19785 0
19785 0
19785 0
19785 0
19785 0
19785 0
19785 0
19785 0
19785 0
19785 0
19785 0
19785 0
19785 11.6666666666667
19965 0
19965 56.6526210745015
19965 56.6526210745015
19965 56.6526210745015
19965 56.6526210745015
19965 0
19965 0
19965 228.755363718759
19965 228.755363718759
19965 228.755363718759
19965 228.755363718759
19965 0
19965 0
19965 0
19965 0
19965 0
19965 0
19965 0
19965 0
19965 0
19965 0
19965 0
19965 0
19965 0
19965 0
19965 0
19965 0
19965 0
19965 0
19965 0
19965 0
19965 0
19965 0
19965 0
19965 0
19965 0
19965 11.6666666666667
18726 0
18726 56.6526210745015
18726 56.6526210745015
18726 56.6526210745015
18726 56.6526210745015
18726 0
18726 0
18726 228.755363718759
18726 228.755363718759
18726 228.755363718759
18726 228.755363718759
18726 0
18726 0
18726 0
18726 0
18726 0
18726 0
18726 0
18726 0
18726 0
18726 0
18726 0
18726 0
18726 0
18726 0
18726 0
18726 0
18726 0
18726 0
18726 0
18726 0
18726 0
18726 0
18726 0
18726 0
18726 0
18726 11.6666666666667
19075 0
19075 56.6526210745015
19075 56.6526210745015
19075 56.6526210745015
19075 56.6526210745015
19075 0
19075 0
19075 228.755363718759
19075 228.755363718759
19075 228.755363718759
19075 228.755363718759
19075 0
19075 0
19075 0
19075 0
19075 0
19075 0
19075 0
19075 0
19075 0
19075 0
19075 0
19075 0
19075 0
19075 0
19075 0
19075 0
19075 0
19075 0
19075 0
19075 0
19075 0
19075 0
19075 0
19075 0
19075 0
19075 11.6666666666667
19253 0
19253 56.6526210745015
19253 56.6526210745015
19253 56.6526210745015
19253 56.6526210745015
19253 0
19253 0
19253 228.755363718759
19253 228.755363718759
19253 228.755363718759
19253 228.755363718759
19253 0
19253 0
19253 0
19253 0
19253 0
19253 0
19253 0
19253 0
19253 0
19253 0
19253 0
19253 0
19253 0
19253 0
19253 0
19253 0
19253 0
19253 0
19253 0
19253 0
19253 0
19253 0
19253 0
19253 0
19253 0
19253 11.6666666666667
19434 0
19434 56.6526210745015
19434 56.6526210745015
19434 56.6526210745015
19434 56.6526210745015
19434 0
19434 0
19434 228.755363718759
19434 228.755363718759
19434 228.755363718759
19434 228.755363718759
19434 0
19434 0
19434 0
19434 0
19434 0
19434 0
19434 0
19434 0
19434 0
19434 0
19434 0
19434 0
19434 0
19434 0
19434 0
19434 0
19434 0
19434 0
19434 0
19434 0
19434 0
19434 0
19434 0
19434 0
19434 0
19434 11.6666666666667
19966 0
19966 56.6526210745015
19966 56.6526210745015
19966 56.6526210745015
19966 56.6526210745015
19966 0
19966 0
19966 228.755363718759
19966 228.755363718759
19966 228.755363718759
19966 228.755363718759
19966 0
19966 0
19966 0
19966 0
19966 0
19966 0
19966 0
19966 0
19966 0
19966 0
19966 0
19966 0
19966 0
19966 0
19966 0
19966 0
19966 0
19966 0
19966 0
19966 0
19966 0
19966 0
19966 0
19966 0
19966 0
19966 11.6666666666667
19787 0
19787 56.6526210745015
19787 56.6526210745015
19787 56.6526210745015
19787 56.6526210745015
19787 0
19787 0
19787 228.755363718759
19787 228.755363718759
19787 228.755363718759
19787 228.755363718759
19787 0
19787 0
19787 0
19787 0
19787 0
19787 0
19787 0
19787 0
19787 0
19787 0
19787 0
19787 0
19787 0
19787 0
19787 0
19787 0
19787 0
19787 0
19787 0
19787 0
19787 0
19787 0
19787 0
19787 0
19787 0
19787 11.6666666666667
19967 0
19967 56.6526210745015
19967 56.6526210745015
19967 56.6526210745015
19967 56.6526210745015
19967 0
19967 0
19967 228.755363718759
19967 228.755363718759
19967 228.755363718759
19967 228.755363718759
19967 0
19967 0
19967 0
19967 0
19967 0
19967 0
19967 0
19967 0
19967 0
19967 0
19967 0
19967 0
19967 0
19967 0
19967 0
19967 0
19967 0
19967 0
19967 0
19967 0
19967 0
19967 0
19967 0
19967 0
19967 0
19967 11.6666666666667
19077 0
19077 56.6526210745015
19077 56.6526210745015
19077 56.6526210745015
19077 56.6526210745015
19077 0
19077 0
19077 228.755363718759
19077 228.755363718759
19077 228.755363718759
19077 228.755363718759
19077 0
19077 0
19077 0
19077 0
19077 0
19077 0
19077 0
19077 0
19077 0
19077 0
19077 0
19077 0
19077 0
19077 0
19077 0
19077 0
19077 0
19077 0
19077 0
19077 0
19077 0
19077 0
19077 0
19077 0
19077 0
19077 11.6666666666667
19614 0
19614 56.6526210745015
19614 56.6526210745015
19614 56.6526210745015
19614 56.6526210745015
19614 0
19614 0
19614 228.755363718759
19614 228.755363718759
19614 228.755363718759
19614 228.755363718759
19614 0
19614 0
19614 0
19614 0
19614 0
19614 0
19614 0
19614 0
19614 0
19614 0
19614 0
19614 0
19614 0
19614 0
19614 0
19614 0
19614 0
19614 0
19614 0
19614 0
19614 0
19614 0
19614 0
19614 0
19614 0
19614 11.6666666666667
19788 0
19788 56.6526210745015
19788 56.6526210745015
19788 56.6526210745015
19788 56.6526210745015
19788 0
19788 0
19788 228.755363718759
19788 228.755363718759
19788 228.755363718759
19788 228.755363718759
19788 0
19788 0
19788 0
19788 0
19788 0
19788 0
19788 0
19788 0
19788 0
19788 0
19788 0
19788 0
19788 0
19788 0
19788 0
19788 0
19788 0
19788 0
19788 0
19788 0
19788 0
19788 0
19788 0
19788 0
19788 0
19788 11.6666666666667
19256 0
19256 56.6526210745015
19256 56.6526210745015
19256 56.6526210745015
19256 56.6526210745015
19256 0
19256 0
19256 228.755363718759
19256 228.755363718759
19256 228.755363718759
19256 228.755363718759
19256 0
19256 0
19256 0
19256 0
19256 0
19256 0
19256 0
19256 0
19256 0
19256 0
19256 0
19256 0
19256 0
19256 0
19256 0
19256 0
19256 0
19256 0
19256 0
19256 0
19256 0
19256 0
19256 0
19256 0
19256 0
19256 11.6666666666667
19437 0
19437 56.6526210745015
19437 56.6526210745015
19437 56.6526210745015
19437 56.6526210745015
19437 0
19437 0
19437 228.755363718759
19437 228.755363718759
19437 228.755363718759
19437 228.755363718759
19437 0
19437 0
19437 0
19437 0
19437 0
19437 0
19437 0
19437 0
19437 0
19437 0
19437 0
19437 0
19437 0
19437 0
19437 0
19437 0
19437 0
19437 0
19437 0
19437 0
19437 0
19437 0
19437 0
19437 0
19437 0
19437 11.6666666666667
19789 0
19789 56.6526210745015
19789 56.6526210745015
19789 56.6526210745015
19789 56.6526210745015
19789 0
19789 0
19789 228.755363718759
19789 228.755363718759
19789 228.755363718759
19789 228.755363718759
19789 0
19789 0
19789 0
19789 0
19789 0
19789 0
19789 0
19789 0
19789 0
19789 0
19789 0
19789 0
19789 0
19789 0
19789 0
19789 0
19789 0
19789 0
19789 0
19789 0
19789 0
19789 0
19789 0
19789 0
19789 0
19789 11.6666666666667
19970 0
19970 56.6526210745015
19970 56.6526210745015
19970 56.6526210745015
19970 56.6526210745015
19970 0
19970 0
19970 228.755363718759
19970 228.755363718759
19970 228.755363718759
19970 228.755363718759
19970 0
19970 0
19970 0
19970 0
19970 0
19970 0
19970 0
19970 0
19970 0
19970 0
19970 0
19970 0
19970 0
19970 0
19970 0
19970 0
19970 0
19970 0
19970 0
19970 0
19970 0
19970 0
19970 0
19970 0
19970 0
19970 11.6666666666667
