pt_graph met
5372 10
5373 10
5376 10
5403 10
5435 10
5436 10
5438 10
5439 10
5441 10
5442 6
5466 10
5467 10
5468 10
5469 10
5478 10
5479 10
5496 10
5498 10
5499 10
5511 6
5514 10
5515 10
5516 10
5536 10
5537 10
5538 10
5542 6
5550 10
5551 10
5552 10
5553 10
5554 10
5555 10
5570 10
5576 10
5584 6
5594 10
5595 10
5596 10
5597 10
5607 10
5615 10
5616 10
5617 10
5620 10
5629 6
5634 6
5638 10
5639 10
5640 10
5650 10
5657 10
5661 10
5665 10
5666 10
5670 10
5671 10
5680 6
5683 10
5684 10
5685 10
5686 10
5697 10
5699 10
5703 10
5704 10
5705 10
5706 10
5711 10
5715 10
5716 10
5721 6
5725 6
5727 6
5728 6
5729 10
5730 10
5731 10
5742 10
5743 10
5748 6
5749 10
5751 10
5752 10
5757 10
5761 10
5765 6
5769 6
5771 6
5772 10
5777 10
5778 10
5783 10
5785 10
5786 10
5793 10
5794 10
5795 10
5796 10
5800 10
5801 10
5804 10
5819 10
5826 10
5827 10
5833 6
5836 10
5842 10
5843 10
5846 10
5848 10
5852 6
5855 10
5857 6
5867 10
5868 10
5869 10
5871 10
5875 6
5882 10
5883 10
5884 10
5885 10
5888 10
5890 6
5895 10
5906 10
5908 10
5909 10
5918 10
5920 10
5921 10
5923 10
5925 10
5946 10
5948 10
5954 6
5958 10
5961 10
5962 10
5963 10
5967 6
5974 10
5975 6
5982 10
5983 10
5984 10
5985 10
5991 6
5993 10
5994 10
5995 10
5996 10
6001 10
6002 10
6007 6
6010 6
6023 10
6024 10
6034 10
6039 10
6050 6
6058 10
6062 10
6069 10
6072 10
6075 10
6076 10
6077 10
6081 6
6085 6
6097 10
6099 10
6100 10
6102 10
6103 6
6114 10
6133 10
6136 10
6137 10
6139 10
6152 10
6153 10
6163 6
6171 10
6172 10
6174 10
6175 10
6176 10
6187 10
6190 10
6197 6
6199 6
6201 6
6202 6
6205 10
6213 10
6214 10
6216 10
6234 10
6242 10
6243 10
6244 10
6250 10
6251 10
6252 10
6253 10
6254 10
6255 10
6260 6
6264 6
6269 10
6274 10
6281 6
6282 10
6283 10
6289 10
6292 10
6293 10
6294 10
6295 10
6311 10
6312 10
6323 10
6325 10
6330 10
6331 10
6332 10
6333 10
6334 10
6336 10
6347 10
6350 10
6353 10
6357 10
6364 10
6365 10
6366 10
6371 10
6372 10
6373 10
6374 10
6375 10
6376 10
6381 6
6388 10
6393 10
6406 10
6410 10
6411 10
6412 10
6413 10
6414 10
6415 10
6416 10
6417 10
6431 10
6432 10
6443 10
6446 10
6449 10
6450 10
6451 10
6452 10
6453 10
6454 10
6455 10
6456 10
6457 10
6468 10
6470 10
6477 10
6487 10
6489 10
6490 10
6491 10
6492 10
6493 10
6494 10
6495 10
6496 10
6497 10
6498 10
6500 10
6514 10
6518 10
6527 10
6528 10
6530 10
6531 10
6533 10
6534 10
6535 10
6536 10
6537 10
6538 10
6543 10
6544 10
6546 10
6550 10
6562 10
6566 10
6567 10
6568 10
6569 10
6570 10
6573 10
6574 10
6575 10
6576 10
6577 10
6578 10
6580 10
6581 10
6582 10
6583 10
6584 10
6585 10
6589 10
6592 10
6602 10
6605 10
6606 10
6607 10
6608 10
6609 10
6610 10
6613 10
6614 10
6615 10
6616 10
6617 10
6618 10
6620 10
6621 10
6624 10
6638 6
6639 6
6642 10
6643 10
6644 10
6645 10
6646 10
6647 10
6648 10
6650 10
6651 10
6652 10
6653 10
6654 10
6655 10
6657 10
6658 10
6659 10
6660 10
6661 10
6662 10
6663 10
6674 6
6682 10
6684 10
6685 10
6686 10
6687 10
6688 10
6689 10
6692 10
6693 10
6694 10
6695 10
6696 10
6697 10
6698 10
6699 10
6700 10
6701 10
6703 10
6704 10
6709 10
6721 10
6722 10
6723 10
6724 10
6725 10
6726 10
6727 10
6728 10
6729 10
6730 10
6731 10
6732 10
6733 10
6734 10
6735 10
6736 10
6737 10
6738 10
6739 10
6741 10
6759 10
6760 10
6762 10
6763 10
6764 10
6765 10
6766 10
6767 10
6768 10
6769 10
6770 10
6771 10
6772 10
6773 10
6774 10
6776 10
6777 10
6794 10
6795 10
6797 10
6798 10
6799 10
6802 10
6804 10
6805 10
6806 10
6807 10
6808 10
6810 10
6812 10
6814 10
6815 10
6832 10
6833 10
6834 10
6835 10
6840 10
6841 10
6843 10
6844 10
6845 10
6846 10
6847 10
6848 10
6862 10
6865 6
6870 10
6873 10
6874 10
6879 10
6882 10
6883 10
6884 10
6885 10
6886 10
6887 10
6889 10
6901 6
6903 6
6906 6
6909 10
6912 10
6918 10
6920 10
6927 10
6929 10
6941 6
6943 6
6952 10
6959 10
6964 10
6972 10
6983 6
6989 6
6995 10
7004 10
7005 10
7007 10
7036 6
7062 10
7073 6
7074 6
7075 6
7078 6
7089 10
7110 6
7112 6
7114 6
7115 6
7117 6
7135 10
7148 10
7153 6
7161 6
7166 6
7168 6
7178 10
7180 10
7182 10
7192 10
7203 6
7205 6
7206 6
7207 6
7208 6
7212 6
7216 6
7231 10
7232 10
7248 6
7251 6
7292 6
7301 10
7324 10
7331 6
7332 6
7360 10
7369 6
7376 6
7399 10
7407 10
7408 10
7424 6
7455 10
7470 6
7471 6
7474 6
7477 6
7492 10
7493 10
7504 10
7507 10
7522 6
7527 6
7528 6
7534 6
7552 10
7553 10
7572 10
7595 6
7613 6
7614 6
7616 10
7627 10
7628 10
7629 10
7645 6
7647 6
7654 6
7681 10
7690 10
7691 10
7692 10
7716 6
7723 6
7724 6
7752 10
7753 10
7754 10
7762 10
7764 10
7783 6
7785 6
7787 6
7790 6
7792 6
7796 6
7825 10
7826 10
7832 10
7857 6
7867 6
7898 10
7905 10
7906 10
7907 10
7908 10
7938 6
7939 6
7973 10
7980 10
7981 10
7982 10
7983 10
8011 6
8046 10
8051 10
8054 10
8055 10
8056 10
8084 6
8087 6
8122 6
8124 10
8128 10
8132 10
8133 10
8134 10
8172 6
8209 10
8214 10
8215 10
8247 6
8250 6
8253 6
8254 6
8302 10
8303 10
8304 10
8305 10
8386 10
8393 10
8394 10
8395 10
8432 6
8482 10
8489 10
8490 10
8491 10
8492 10
8527 6
8578 10
8579 10
8584 10
8585 10
8586 10
8587 10
8682 10
8686 10
8690 10
8691 10
8692 10
8693 10
8798 10
8799 10
8800 10
8801 10
8803 10
8900 6
8910 10
8911 10
8912 10
9026 10
9027 10
9028 10
9136 6
9143 10
9144 10
9145 10
9146 10
9264 10
9265 10
9266 10
9267 10
9268 10
9387 10
9388 10
9389 10
9390 10
9391 10
9504 6
9510 10
9511 10
9512 10
9514 10
9550 6
9623 6
9631 10
9633 10
9634 10
9635 10
9636 10
9751 10
9752 10
9753 10
9755 10
9783 6
9788 6
9790 6
9791 6
9869 10
9874 10
9904 6
9909 6
9995 10
9999 10
10023 6
10033 6
10108 10
10118 10
10122 10
10146 6
10150 6
10156 6
10245 10
10285 6
10369 10
10374 10
10375 10
10376 10
10381 10
10404 6
10409 6
10410 6
10491 10
10500 10
10534 6
10612 10
10622 10
10623 10
10625 10
10628 10
10730 10
10738 10
10740 10
10741 10
10742 10
10744 10
10769 6
10860 10
10861 10
10862 10
10863 10
10865 10
10971 10
10977 10
10981 10
10982 10
10983 10
10984 10
10985 10
10995 10
11016 6
11097 6
11107 10
11109 10
11110 10
11111 10
11112 10
11113 10
11114 10
11139 6
11141 6
11228 10
11233 10
11234 10
11236 10
11237 10
11238 10
11239 10
11240 10
11265 6
11270 6
11358 10
11361 10
11362 10
11363 10
11364 10
11365 10
11367 10
11368 10
11369 10
11370 10
11371 10
11372 10
11373 10
11374 10
11398 6
11403 6
11500 10
11502 10
11503 10
11504 10
11505 10
11507 10
11508 10
11509 10
11510 10
11512 10
11513 10
11542 6
11634 6
11635 6
11643 10
11644 10
11645 10
11646 10
11647 10
11648 10
11649 10
11650 10
11651 10
11652 10
11653 10
11654 10
11655 10
11656 10
11662 10
11664 10
11687 6
11781 10
11782 10
11783 10
11784 10
11785 10
11786 10
11787 10
11788 10
11789 10
11790 10
11791 10
11792 10
11795 10
11796 10
11805 10
11825 6
11826 6
11829 6
11922 6
11926 10
11927 10
11928 10
11929 10
11930 10
11931 10
11932 10
11933 10
11934 10
11935 10
11936 10
11937 10
11938 10
11939 10
11940 10
11941 10
11942 10
11944 10
11946 10
11947 10
11950 10
11975 6
12078 10
12079 10
12080 10
12081 10
12082 10
12083 10
12084 10
12085 10
12086 10
12087 10
12088 10
12089 10
12090 10
12091 10
12092 10
12093 10
12094 10
12096 10
12102 10
12103 10
12231 10
12232 10
12233 10
12234 10
12235 10
12236 10
12237 10
12239 10
12240 10
12241 10
12242 10
12243 10
12244 10
12245 10
12246 10
12247 10
12248 10
12249 10
12250 10
12251 10
12252 10
12256 10
12257 10
12282 10
12284 6
12285 6
12286 6
12395 10
12396 10
12397 10
12401 10
12402 10
12404 10
12405 10
12406 10
12407 10
12408 10
12409 10
12410 10
12411 10
12412 10
12413 10
12414 10
12416 10
12419 10
12420 10
12421 10
12422 10
12433 10
12439 10
12446 10
12556 10
12558 10
12559 10
12560 10
12562 10
12563 10
12564 10
12565 10
12566 10
12568 10
12569 10
12570 10
12572 10
12573 10
12574 10
12575 10
12576 10
12577 10
12578 10
12579 10
12583 10
12585 10
12610 10
12612 6
12613 6
12723 10
12726 10
12727 10
12728 10
12729 10
12730 10
12731 10
12733 10
12734 10
12735 10
12739 10
12742 10
12743 10
12744 10
12745 10
12746 10
12747 10
12748 10
12749 10
12753 10
12754 10
12756 10
12901 10
12903 10
12905 10
12910 10
12912 10
12914 10
12916 10
12925 10
12926 10
12928 10
12949 10
13067 10
13070 10
13073 10
13074 10
13239 10
13240 10
13241 10
13242 10
13243 10
13244 10
13250 10
13270 10
13272 10
13274 10
13418 10
13420 10
13421 10
13450 10
13589 10
13772 10
13774 10
13805 10
13951 6
13954 10
13980 10
13985 10
14135 10
14172 10
14316 6
14317 10
14318 10
14319 10
14354 10
14356 10
14499 6
14500 6
14687 6
14720 10
14866 6
15226 6
15265 10
15283 10
15408 6
15410 6
15444 10
15580 6
15581 6
15588 6
15618 10
15620 10
15754 6
15759 6
15763 6
15793 10
15794 10
15935 6
15940 6
15967 10
15970 10
16106 6
16109 6
16113 6
16115 6
16116 6
16300 10
16452 6
16454 6
16457 6
16623 6
16641 10
16642 10
16643 10
16653 10
16796 6
16798 6
16825 10
16983 10
16985 10
17155 10
17312 6
17313 6
17485 6
17487 6
17664 6
17676 10
17680 10
17838 6
17849 10
17855 10
17857 10
18010 6
18024 10
18027 10
18188 6
18193 10
18196 10
18197 10
18198 10
18201 10
18202 10
18205 10
18362 6
18364 6
18373 10
18376 10
18380 10
18535 6
18546 10
18548 10
18550 10
18552 10
18554 10
18710 6
18712 6
18717 6
18727 10
18728 10
18729 10
18736 6
18738 6
18741 6
18885 6
18893 10
18921 6
19062 6
19063 6
19064 6
19071 10
19076 6
19080 6
19086 6
19092 10
19240 6
19241 6
19260 6
19272 6
19417 6
19441 6
19449 10
19451 6
19452 6
19453 6
19457 6
19597 6
19600 6
19607 10
19611 6
19626 10
19627 10
19629 6
19635 6
19772 6
19774 6
19776 6
19786 6
19787 6
19798 6
19799 6
19802 6
19803 6
19804 6
19810 6
19967 6
19973 6
19975 6
19977 6
19978 6
19982 6
20131 6
20136 10
20140 6
20142 6
20292 6
20293 6
20296 6
20297 6
20449 6
20450 6
20452 6
37437 6
37441 6
37446 6
37497 6
37615 6
37685 6
37694 6
