pt_graph shape
12598 1
12598 1
12598 1
12598 1
12598 1
12598 1
12598 1
12598 1
12598 1
12598 1
12598 1
12598 1
12598 1
12598 1
12598 1
12598 1
12598 1
12598 1
12598 1
12598 1
12598 1
12598 1
12598 1
12598 1
12598 1
12598 1
12598 1
12598 1
12598 1
12598 1
12598 1
12598 1
12598 1
12598 1
12598 1
12598 1
12598 1
12275 1
12275 1
12275 1
12275 1
12275 1
12275 1
12275 1
12275 1
12275 1
12275 1
12275 1
12275 1
12275 1
12275 1
12275 1
12275 1
12275 1
12275 1
12275 1
12275 1
12275 1
12275 1
12275 1
12275 1
12275 1
12275 1
12275 1
12275 1
12275 1
12275 1
12275 1
12275 1
12275 1
12275 1
12275 1
12275 1
12275 1
12279 1
12279 1
12279 1
12279 1
12279 1
12279 1
12279 1
12279 1
12279 1
12279 1
12279 1
12279 1
12279 1
12279 1
12279 1
12279 1
12279 1
12279 1
12279 1
12279 1
12279 1
12279 1
12279 1
12279 1
12279 1
12279 1
12279 1
12279 1
12279 1
12279 1
12279 1
12279 1
12279 1
12279 1
12279 1
12279 1
12279 1
12442 1
12442 1
12442 1
12442 1
12442 1
12442 1
12442 1
12442 1
12442 1
12442 1
12442 1
12442 1
12442 1
12442 1
12442 1
12442 1
12442 1
12442 1
12442 1
12442 1
12442 1
12442 1
12442 1
12442 1
12442 1
12442 1
12442 1
12442 1
12442 1
12442 1
12442 1
12442 1
12442 1
12442 1
12442 1
12442 1
12442 1
14735 1
14735 1
14735 1
14735 1
14735 1
14735 1
14735 1
14735 1
14735 1
14735 1
14735 1
14735 1
14735 1
14735 1
14735 1
14735 1
14735 1
14735 1
14735 1
14735 1
14735 1
14735 1
14735 1
14735 1
14735 1
14735 1
14735 1
14735 1
14735 1
14735 1
14735 1
14735 1
14735 1
14735 1
14735 1
14735 1
14735 1
12280 1
12280 1
12280 1
12280 1
12280 1
12280 1
12280 1
12280 1
12280 1
12280 1
12280 1
12280 1
12280 1
12280 1
12280 1
12280 1
12280 1
12280 1
12280 1
12280 1
12280 1
12280 1
12280 1
12280 1
12280 1
12280 1
12280 1
12280 1
12280 1
12280 1
12280 1
12280 1
12280 1
12280 1
12280 1
12280 1
12280 1
12443 1
12443 1
12443 1
12443 1
12443 1
12443 1
12443 1
12443 1
12443 1
12443 1
12443 1
12443 1
12443 1
12443 1
12443 1
12443 1
12443 1
12443 1
12443 1
12443 1
12443 1
12443 1
12443 1
12443 1
12443 1
12443 1
12443 1
12443 1
12443 1
12443 1
12443 1
12443 1
12443 1
12443 1
12443 1
12443 1
12443 1
12281 1
12281 1
12281 1
12281 1
12281 1
12281 1
12281 1
12281 1
12281 1
12281 1
12281 1
12281 1
12281 1
12281 1
12281 1
12281 1
12281 1
12281 1
12281 1
12281 1
12281 1
12281 1
12281 1
12281 1
12281 1
12281 1
12281 1
12281 1
12281 1
12281 1
12281 1
12281 1
12281 1
12281 1
12281 1
12281 1
12281 1
12444 1
12444 1
12444 1
12444 1
12444 1
12444 1
12444 1
12444 1
12444 1
12444 1
12444 1
12444 1
12444 1
12444 1
12444 1
12444 1
12444 1
12444 1
12444 1
12444 1
12444 1
12444 1
12444 1
12444 1
12444 1
12444 1
12444 1
12444 1
12444 1
12444 1
12444 1
12444 1
12444 1
12444 1
12444 1
12444 1
12444 1
12608 1
12608 1
12608 1
12608 1
12608 1
12608 1
12608 1
12608 1
12608 1
12608 1
12608 1
12608 1
12608 1
12608 1
12608 1
12608 1
12608 1
12608 1
12608 1
12608 1
12608 1
12608 1
12608 1
12608 1
12608 1
12608 1
12608 1
12608 1
12608 1
12608 1
12608 1
12608 1
12608 1
12608 1
12608 1
12608 1
12608 1
12127 1
12127 1
12127 1
12127 1
12127 1
12127 1
12127 1
12127 1
12127 1
12127 1
12127 1
12127 1
12127 1
12127 1
12127 1
12127 1
12127 1
12127 1
12127 1
12127 1
12127 1
12127 1
12127 1
12127 1
12127 1
12127 1
12127 1
12127 1
12127 1
12127 1
12127 1
12127 1
12127 1
12127 1
12127 1
12127 1
12127 1
12282 1
12282 1
12282 1
12282 1
12282 1
12282 1
12282 1
12282 1
12282 1
12282 1
12282 1
12282 1
12282 1
12282 1
12282 1
12282 1
12282 1
12282 1
12282 1
12282 1
12282 1
12282 1
12282 1
12282 1
12282 1
12282 1
12282 1
12282 1
12282 1
12282 1
12282 1
12282 1
12282 1
12282 1
12282 1
12282 1
12282 1
12445 1
12445 1
12445 1
12445 1
12445 1
12445 1
12445 1
12445 1
12445 1
12445 1
12445 1
12445 1
12445 1
12445 1
12445 1
12445 1
12445 1
12445 1
12445 1
12445 1
12445 1
12445 1
12445 1
12445 1
12445 1
12445 1
12445 1
12445 1
12445 1
12445 1
12445 1
12445 1
12445 1
12445 1
12445 1
12445 1
12445 1
12609 1
12609 1
12609 1
12609 1
12609 1
12609 1
12609 1
12609 1
12609 1
12609 1
12609 1
12609 1
12609 1
12609 1
12609 1
12609 1
12609 1
12609 1
12609 1
12609 1
12609 1
12609 1
12609 1
12609 1
12609 1
12609 1
12609 1
12609 1
12609 1
12609 1
12609 1
12609 1
12609 1
12609 1
12609 1
12609 1
12609 1
12778 1
12778 1
12778 1
12778 1
12778 1
12778 1
12778 1
12778 1
12778 1
12778 1
12778 1
12778 1
12778 1
12778 1
12778 1
12778 1
12778 1
12778 1
12778 1
12778 1
12778 1
12778 1
12778 1
12778 1
12778 1
12778 1
12778 1
12778 1
12778 1
12778 1
12778 1
12778 1
12778 1
12778 1
12778 1
12778 1
12778 1
12610 1
12610 1
12610 1
12610 1
12610 1
12610 1
12610 1
12610 1
12610 1
12610 1
12610 1
12610 1
12610 1
12610 1
12610 1
12610 1
12610 1
12610 1
12610 1
12610 1
12610 1
12610 1
12610 1
12610 1
12610 1
12610 1
12610 1
12610 1
12610 1
12610 1
12610 1
12610 1
12610 1
12610 1
12610 1
12610 1
12610 1
12779 1
12779 1
12779 1
12779 1
12779 1
12779 1
12779 1
12779 1
12779 1
12779 1
12779 1
12779 1
12779 1
12779 1
12779 1
12779 1
12779 1
12779 1
12779 1
12779 1
12779 1
12779 1
12779 1
12779 1
12779 1
12779 1
12779 1
12779 1
12779 1
12779 1
12779 1
12779 1
12779 1
12779 1
12779 1
12779 1
12779 1
12951 1
12951 1
12951 1
12951 1
12951 1
12951 1
12951 1
12951 1
12951 1
12951 1
12951 1
12951 1
12951 1
12951 1
12951 1
12951 1
12951 1
12951 1
12951 1
12951 1
12951 1
12951 1
12951 1
12951 1
12951 1
12951 1
12951 1
12951 1
12951 1
12951 1
12951 1
12951 1
12951 1
12951 1
12951 1
12951 1
12951 1
12952 1
12952 1
12952 1
12952 1
12952 1
12952 1
12952 1
12952 1
12952 1
12952 1
12952 1
12952 1
12952 1
12952 1
12952 1
12952 1
12952 1
12952 1
12952 1
12952 1
12952 1
12952 1
12952 1
12952 1
12952 1
12952 1
12952 1
12952 1
12952 1
12952 1
12952 1
12952 1
12952 1
12952 1
12952 1
12952 1
12952 1
7800 1
7800 1
7800 1
7800 1
7800 1
7800 1
7800 1
7800 1
7800 1
7800 1
7800 1
7800 1
7800 1
7800 1
7800 1
7800 1
7800 1
7800 1
7800 1
7800 1
7800 1
7800 1
7800 1
7800 1
7800 1
7800 1
7800 1
7800 1
7800 1
7800 1
7800 1
7800 1
7800 1
7800 1
7800 1
7800 1
7800 1
7872 1
7872 1
7872 1
7872 1
7872 1
7872 1
7872 1
7872 1
7872 1
7872 1
7872 1
7872 1
7872 1
7872 1
7872 1
7872 1
7872 1
7872 1
7872 1
7872 1
7872 1
7872 1
7872 1
7872 1
7872 1
7872 1
7872 1
7872 1
7872 1
7872 1
7872 1
7872 1
7872 1
7872 1
7872 1
7872 1
7872 1
7944 1
7944 1
7944 1
7944 1
7944 1
7944 1
7944 1
7944 1
7944 1
7944 1
7944 1
7944 1
7944 1
7944 1
7944 1
7944 1
7944 1
7944 1
7944 1
7944 1
7944 1
7944 1
7944 1
7944 1
7944 1
7944 1
7944 1
7944 1
7944 1
7944 1
7944 1
7944 1
7944 1
7944 1
7944 1
7944 1
7944 1
7873 1
7873 1
7873 1
7873 1
7873 1
7873 1
7873 1
7873 1
7873 1
7873 1
7873 1
7873 1
7873 1
7873 1
7873 1
7873 1
7873 1
7873 1
7873 1
7873 1
7873 1
7873 1
7873 1
7873 1
7873 1
7873 1
7873 1
7873 1
7873 1
7873 1
7873 1
7873 1
7873 1
7873 1
7873 1
7873 1
7873 1
7945 1
7945 1
7945 1
7945 1
7945 1
7945 1
7945 1
7945 1
7945 1
7945 1
7945 1
7945 1
7945 1
7945 1
7945 1
7945 1
7945 1
7945 1
7945 1
7945 1
7945 1
7945 1
7945 1
7945 1
7945 1
7945 1
7945 1
7945 1
7945 1
7945 1
7945 1
7945 1
7945 1
7945 1
7945 1
7945 1
7945 1
8020 1
8020 1
8020 1
8020 1
8020 1
8020 1
8020 1
8020 1
8020 1
8020 1
8020 1
8020 1
8020 1
8020 1
8020 1
8020 1
8020 1
8020 1
8020 1
8020 1
8020 1
8020 1
8020 1
8020 1
8020 1
8020 1
8020 1
8020 1
8020 1
8020 1
8020 1
8020 1
8020 1
8020 1
8020 1
8020 1
8020 1
7946 1
7946 1
7946 1
7946 1
7946 1
7946 1
7946 1
7946 1
7946 1
7946 1
7946 1
7946 1
7946 1
7946 1
7946 1
7946 1
7946 1
7946 1
7946 1
7946 1
7946 1
7946 1
7946 1
7946 1
7946 1
7946 1
7946 1
7946 1
7946 1
7946 1
7946 1
7946 1
7946 1
7946 1
7946 1
7946 1
7946 1
8021 1
8021 1
8021 1
8021 1
8021 1
8021 1
8021 1
8021 1
8021 1
8021 1
8021 1
8021 1
8021 1
8021 1
8021 1
8021 1
8021 1
8021 1
8021 1
8021 1
8021 1
8021 1
8021 1
8021 1
8021 1
8021 1
8021 1
8021 1
8021 1
8021 1
8021 1
8021 1
8021 1
8021 1
8021 1
8021 1
8021 1
13830 1
13830 1
13830 1
13830 1
13830 1
13830 1
13830 1
13830 1
13830 1
13830 1
13830 1
13830 1
13830 1
13830 1
13830 1
13830 1
13830 1
13830 1
13830 1
13830 1
13830 1
13830 1
13830 1
13830 1
13830 1
13830 1
13830 1
13830 1
13830 1
13830 1
13830 1
13830 1
13830 1
13830 1
13830 1
13830 1
13830 1
8098 1
8098 1
8098 1
8098 1
8098 1
8098 1
8098 1
8098 1
8098 1
8098 1
8098 1
8098 1
8098 1
8098 1
8098 1
8098 1
8098 1
8098 1
8098 1
8098 1
8098 1
8098 1
8098 1
8098 1
8098 1
8098 1
8098 1
8098 1
8098 1
8098 1
8098 1
8098 1
8098 1
8098 1
8098 1
8098 1
8098 1
