pt_graph met
1398 10
1584 10
1630 10
1633 10
1681 10
1795 10
1931 10
2008 10
2293 10
2294 10
2340 10
2373 10
2375 10
2376 10
2377 10
2378 10
2380 10
2463 10
2464 10
2466 10
2467 10
2468 10
2469 10
2516 10
2518 10
2527 10
2563 10
2614 10
2615 10
2650 10
2651 10
2653 10
2654 10
2655 10
2707 10
2746 10
2748 10
2749 10
2750 10
2800 10
2819 10
2840 10
2841 10
2842 10
2843 10
2844 10
2845 10
2890 10
2894 10
2895 10
2896 10
2911 10
2912 10
2914 10
2935 10
2936 10
2937 10
2938 10
2939 10
2940 10
2981 10
2983 10
2984 10
3000 10
3025 10
3026 10
3027 10
3028 10
3029 10
3096 10
3116 10
3117 10
3118 10
3119 10
3120 10
3121 10
3201 10
3202 10
3203 10
3204 10
3205 10
3206 10
3283 10
3284 10
3285 10
3286 10
3287 10
3288 10
3289 10
3361 10
3362 10
3363 10
3364 10
3365 10
3426 10
3428 10
3429 10
3433 10
3434 10
3435 10
3436 10
3484 10
3496 10
3499 10
3500 10
3501 10
3502 10
3503 10
3504 10
3505 10
3506 10
3509 10
3553 10
3554 10
3567 10
3568 10
3569 10
3571 10
3573 10
3574 10
3575 10
3576 10
3577 10
3616 10
3622 10
3633 10
3634 10
3635 10
3637 10
3640 10
3641 10
3642 10
3645 10
3695 10
3697 10
3698 10
3699 10
3700 10
3701 10
3702 10
3707 10
3738 10
3744 10
3747 10
3754 10
3757 10
3758 10
3759 10
3760 10
3761 10
3768 10
3800 10
3802 10
3803 10
3804 10
3805 10
3811 10
3815 10
3816 10
3817 10
3818 10
3819 10
3822 10
3854 10
3856 10
3857 10
3859 10
3865 10
3867 10
3870 10
3872 10
3873 10
3876 10
3915 10
3916 10
3918 10
3919 10
3921 10
3923 10
3929 10
3930 10
3933 10
3965 10
3966 10
3968 10
3970 10
3973 10
3974 10
3976 10
3977 10
3978 10
4025 10
4031 10
4033 10
4036 10
4037 10
4038 10
4039 10
4040 10
4043 10
4046 10
4075 10
4077 10
4081 10
4082 10
4083 10
4084 10
4088 10
4089 10
4090 10
4091 10
4092 10
4117 10
4119 10
4126 10
4133 10
4134 10
4136 10
4137 10
4164 10
4169 10
4176 10
4177 10
4178 10
4180 10
4198 10
4206 10
4208 10
4209 10
4210 10
4212 10
4213 10
4214 10
4215 10
4216 10
4217 10
4246 10
4248 10
4249 10
4250 10
4251 10
4252 10
4254 10
4279 10
4280 10
4287 10
4288 10
4289 10
4290 10
4291 10
4292 10
4294 10
4295 10
4319 10
4327 10
4328 10
4329 10
4330 10
4331 10
4332 10
4333 10
4335 10
4369 10
4370 10
4371 10
4372 10
4373 10
4374 10
4375 10
4376 10
4408 10
4409 10
4410 10
4412 10
4413 10
4414 10
4449 10
4450 10
4453 10
4487 10
4488 10
4506 10
4516 10
4524 10
4526 10
4527 10
4542 10
4577 10
4683 10
4768 10
4773 10
4804 10
4844 10
4922 10
4924 10
4928 10
4941 10
4944 10
4946 10
4953 10
4986 10
5003 10
5022 10
5030 10
5036 10
5045 10
5066 10
5085 10
5086 10
5127 10
5128 10
5138 10
5149 10
5150 10
5175 10
5182 10
5198 10
5224 10
5225 10
5233 10
5251 10
5257 10
5259 10
5261 10
5279 10
5280 10
5281 10
5282 10
5284 10
5285 10
5288 10
5309 10
5310 10
5311 10
5313 10
5316 10
5321 10
5341 10
5342 10
5343 10
5345 10
5372 10
5373 10
5374 10
5375 10
5403 10
5405 10
5408 10
5409 10
5437 10
5466 10
5467 10
5468 10
5496 10
5499 10
5502 10
5536 10
5537 10
5539 10
5572 10
5575 10
5577 10
5579 10
5616 10
5666 10
5711 10
5712 10
5752 10
5756 10
5757 10
5762 10
5795 10
5800 10
5805 10
5842 10
5843 10
5845 10
5848 10
5877 10
5878 10
5882 10
5883 10
5920 10
5922 10
5958 10
5961 10
5997 10
6034 10
6036 10
6039 10
6075 10
6076 10
6113 10
6115 10
6152 10
6230 10
6270 10
6276 10
6309 10
6397 10
6427 10
6429 10
6518 10
6584 10
6937 10
7800 10
7873 10
8020 10
37020 10
