pt_graph shape
4804 1
4804 1
4804 1
4804 1
4804 1
4804 1
4804 1
4804 1
4804 1
4804 1
4804 1
4804 1
4804 1
4804 1
4804 1
4804 1
4804 1
4804 1
4804 1
4804 1
4804 1
4841 1
4841 1
4841 1
4841 1
4841 1
4841 1
4841 1
4841 1
4841 1
4841 1
4841 1
4841 1
4841 1
4841 1
4841 1
4841 1
4841 1
4841 1
4841 1
4841 1
4841 1
4884 1
4884 1
4884 1
4884 1
4884 1
4884 1
4884 1
4884 1
4884 1
4884 1
4884 1
4884 1
4884 1
4884 1
4884 1
4884 1
4884 1
4884 1
4884 1
4884 1
4884 1
4928 1
4928 1
4928 1
4928 1
4928 1
4928 1
4928 1
4928 1
4928 1
4928 1
4928 1
4928 1
4928 1
4928 1
4928 1
4928 1
4928 1
4928 1
4928 1
4928 1
4928 1
4805 1
4805 1
4805 1
4805 1
4805 1
4805 1
4805 1
4805 1
4805 1
4805 1
4805 1
4805 1
4805 1
4805 1
4805 1
4805 1
4805 1
4805 1
4805 1
4805 1
4805 1
4842 1
4842 1
4842 1
4842 1
4842 1
4842 1
4842 1
4842 1
4842 1
4842 1
4842 1
4842 1
4842 1
4842 1
4842 1
4842 1
4842 1
4842 1
4842 1
4842 1
4842 1
4929 1
4929 1
4929 1
4929 1
4929 1
4929 1
4929 1
4929 1
4929 1
4929 1
4929 1
4929 1
4929 1
4929 1
4929 1
4929 1
4929 1
4929 1
4929 1
4929 1
4929 1
4974 1
4974 1
4974 1
4974 1
4974 1
4974 1
4974 1
4974 1
4974 1
4974 1
4974 1
4974 1
4974 1
4974 1
4974 1
4974 1
4974 1
4974 1
4974 1
4974 1
4974 1
5020 1
5020 1
5020 1
5020 1
5020 1
5020 1
5020 1
5020 1
5020 1
5020 1
5020 1
5020 1
5020 1
5020 1
5020 1
5020 1
5020 1
5020 1
5020 1
5020 1
5020 1
2258 1
2258 1
2258 1
2258 1
2258 1
2258 1
2258 1
2258 1
2258 1
2258 1
2258 1
2258 1
2258 1
2258 1
2258 1
2258 1
2258 1
2258 1
2258 1
2258 1
2258 1
2349 1
2349 1
2349 1
2349 1
2349 1
2349 1
2349 1
2349 1
2349 1
2349 1
2349 1
2349 1
2349 1
2349 1
2349 1
2349 1
2349 1
2349 1
2349 1
2349 1
2349 1
2439 1
2439 1
2439 1
2439 1
2439 1
2439 1
2439 1
2439 1
2439 1
2439 1
2439 1
2439 1
2439 1
2439 1
2439 1
2439 1
2439 1
2439 1
2439 1
2439 1
2439 1
4806 1
4806 1
4806 1
4806 1
4806 1
4806 1
4806 1
4806 1
4806 1
4806 1
4806 1
4806 1
4806 1
4806 1
4806 1
4806 1
4806 1
4806 1
4806 1
4806 1
4806 1
4843 1
4843 1
4843 1
4843 1
4843 1
4843 1
4843 1
4843 1
4843 1
4843 1
4843 1
4843 1
4843 1
4843 1
4843 1
4843 1
4843 1
4843 1
4843 1
4843 1
4843 1
4886 1
4886 1
4886 1
4886 1
4886 1
4886 1
4886 1
4886 1
4886 1
4886 1
4886 1
4886 1
4886 1
4886 1
4886 1
4886 1
4886 1
4886 1
4886 1
4886 1
4886 1
4930 1
4930 1
4930 1
4930 1
4930 1
4930 1
4930 1
4930 1
4930 1
4930 1
4930 1
4930 1
4930 1
4930 1
4930 1
4930 1
4930 1
4930 1
4930 1
4930 1
4930 1
4975 1
4975 1
4975 1
4975 1
4975 1
4975 1
4975 1
4975 1
4975 1
4975 1
4975 1
4975 1
4975 1
4975 1
4975 1
4975 1
4975 1
4975 1
4975 1
4975 1
4975 1
2522 1
2522 1
2522 1
2522 1
2522 1
2522 1
2522 1
2522 1
2522 1
2522 1
2522 1
2522 1
2522 1
2522 1
2522 1
2522 1
2522 1
2522 1
2522 1
2522 1
2522 1
2600 1
2600 1
2600 1
2600 1
2600 1
2600 1
2600 1
2600 1
2600 1
2600 1
2600 1
2600 1
2600 1
2600 1
2600 1
2600 1
2600 1
2600 1
2600 1
2600 1
2600 1
2672 1
2672 1
2672 1
2672 1
2672 1
2672 1
2672 1
2672 1
2672 1
2672 1
2672 1
2672 1
2672 1
2672 1
2672 1
2672 1
2672 1
2672 1
2672 1
2672 1
2672 1
2742 1
2742 1
2742 1
2742 1
2742 1
2742 1
2742 1
2742 1
2742 1
2742 1
2742 1
2742 1
2742 1
2742 1
2742 1
2742 1
2742 1
2742 1
2742 1
2742 1
2742 1
2816 1
2816 1
2816 1
2816 1
2816 1
2816 1
2816 1
2816 1
2816 1
2816 1
2816 1
2816 1
2816 1
2816 1
2816 1
2816 1
2816 1
2816 1
2816 1
2816 1
2816 1
4976 1
4976 1
4976 1
4976 1
4976 1
4976 1
4976 1
4976 1
4976 1
4976 1
4976 1
4976 1
4976 1
4976 1
4976 1
4976 1
4976 1
4976 1
4976 1
4976 1
4976 1
2673 1
2673 1
2673 1
2673 1
2673 1
2673 1
2673 1
2673 1
2673 1
2673 1
2673 1
2673 1
2673 1
2673 1
2673 1
2673 1
2673 1
2673 1
2673 1
2673 1
2673 1
2947 1
2947 1
2947 1
2947 1
2947 1
2947 1
2947 1
2947 1
2947 1
2947 1
2947 1
2947 1
2947 1
2947 1
2947 1
2947 1
2947 1
2947 1
2947 1
2947 1
2947 1
3006 1
3006 1
3006 1
3006 1
3006 1
3006 1
3006 1
3006 1
3006 1
3006 1
3006 1
3006 1
3006 1
3006 1
3006 1
3006 1
3006 1
3006 1
3006 1
3006 1
3006 1
3065 1
3065 1
3065 1
3065 1
3065 1
3065 1
3065 1
3065 1
3065 1
3065 1
3065 1
3065 1
3065 1
3065 1
3065 1
3065 1
3065 1
3065 1
3065 1
3065 1
3065 1
3290 1
3290 1
3290 1
3290 1
3290 1
3290 1
3290 1
3290 1
3290 1
3290 1
3290 1
3290 1
3290 1
3290 1
3290 1
3290 1
3290 1
3290 1
3290 1
3290 1
3290 1
2602 1
2602 1
2602 1
2602 1
2602 1
2602 1
2602 1
2602 1
2602 1
2602 1
2602 1
2602 1
2602 1
2602 1
2602 1
2602 1
2602 1
2602 1
2602 1
2602 1
2602 1
5573 1
5573 1
5573 1
5573 1
5573 1
5573 1
5573 1
5573 1
5573 1
5573 1
5573 1
5573 1
5573 1
5573 1
5573 1
5573 1
5573 1
5573 1
5573 1
5573 1
5573 1
3552 1
3552 1
3552 1
3552 1
3552 1
3552 1
3552 1
3552 1
3552 1
3552 1
3552 1
3552 1
3552 1
3552 1
3552 1
3552 1
3552 1
3552 1
3552 1
3552 1
3552 1
5495 1
5495 1
5495 1
5495 1
5495 1
5495 1
5495 1
5495 1
5495 1
5495 1
5495 1
5495 1
5495 1
5495 1
5495 1
5495 1
5495 1
5495 1
5495 1
5495 1
5495 1
5534 1
5534 1
5534 1
5534 1
5534 1
5534 1
5534 1
5534 1
5534 1
5534 1
5534 1
5534 1
5534 1
5534 1
5534 1
5534 1
5534 1
5534 1
5534 1
5534 1
5534 1
5931 1
5931 1
5931 1
5931 1
5931 1
5931 1
5931 1
5931 1
5931 1
5931 1
5931 1
5931 1
5931 1
5931 1
5931 1
5931 1
5931 1
5931 1
5931 1
5931 1
5931 1
2746 1
2746 1
2746 1
2746 1
2746 1
2746 1
2746 1
2746 1
2746 1
2746 1
2746 1
2746 1
2746 1
2746 1
2746 1
2746 1
2746 1
2746 1
2746 1
2746 1
2746 1
5893 1
5893 1
5893 1
5893 1
5893 1
5893 1
5893 1
5893 1
5893 1
5893 1
5893 1
5893 1
5893 1
5893 1
5893 1
5893 1
5893 1
5893 1
5893 1
5893 1
5893 1
5932 1
5932 1
5932 1
5932 1
5932 1
5932 1
5932 1
5932 1
5932 1
5932 1
5932 1
5932 1
5932 1
5932 1
5932 1
5932 1
5932 1
5932 1
5932 1
5932 1
5932 1
6011 1
6011 1
6011 1
6011 1
6011 1
6011 1
6011 1
6011 1
6011 1
6011 1
6011 1
6011 1
6011 1
6011 1
6011 1
6011 1
6011 1
6011 1
6011 1
6011 1
6011 1
6047 1
6047 1
6047 1
6047 1
6047 1
6047 1
6047 1
6047 1
6047 1
6047 1
6047 1
6047 1
6047 1
6047 1
6047 1
6047 1
6047 1
6047 1
6047 1
6047 1
6047 1
6084 1
6084 1
6084 1
6084 1
6084 1
6084 1
6084 1
6084 1
6084 1
6084 1
6084 1
6084 1
6084 1
6084 1
6084 1
6084 1
6084 1
6084 1
6084 1
6084 1
6084 1
5696 1
5696 1
5696 1
5696 1
5696 1
5696 1
5696 1
5696 1
5696 1
5696 1
5696 1
5696 1
5696 1
5696 1
5696 1
5696 1
5696 1
5696 1
5696 1
5696 1
5696 1
5855 1
5855 1
5855 1
5855 1
5855 1
5855 1
5855 1
5855 1
5855 1
5855 1
5855 1
5855 1
5855 1
5855 1
5855 1
5855 1
5855 1
5855 1
5855 1
5855 1
5855 1
5894 1
5894 1
5894 1
5894 1
5894 1
5894 1
5894 1
5894 1
5894 1
5894 1
5894 1
5894 1
5894 1
5894 1
5894 1
5894 1
5894 1
5894 1
5894 1
5894 1
5894 1
6012 1
6012 1
6012 1
6012 1
6012 1
6012 1
6012 1
6012 1
6012 1
6012 1
6012 1
6012 1
6012 1
6012 1
6012 1
6012 1
6012 1
6012 1
6012 1
6012 1
6012 1
5856 1
5856 1
5856 1
5856 1
5856 1
5856 1
5856 1
5856 1
5856 1
5856 1
5856 1
5856 1
5856 1
5856 1
5856 1
5856 1
5856 1
5856 1
5856 1
5856 1
5856 1
5974 1
5974 1
5974 1
5974 1
5974 1
5974 1
5974 1
5974 1
5974 1
5974 1
5974 1
5974 1
5974 1
5974 1
5974 1
5974 1
5974 1
5974 1
5974 1
5974 1
5974 1
725 1
725 1
725 1
725 1
725 1
725 1
725 1
725 1
725 1
725 1
725 1
725 1
725 1
725 1
725 1
725 1
725 1
725 1
725 1
725 1
725 1
770 1
770 1
770 1
770 1
770 1
770 1
770 1
770 1
770 1
770 1
770 1
770 1
770 1
770 1
770 1
770 1
770 1
770 1
770 1
770 1
770 1
1547 1
1547 1
1547 1
1547 1
1547 1
1547 1
1547 1
1547 1
1547 1
1547 1
1547 1
1547 1
1547 1
1547 1
1547 1
1547 1
1547 1
1547 1
1547 1
1547 1
1547 1
5738 1
5738 1
5738 1
5738 1
5738 1
5738 1
5738 1
5738 1
5738 1
5738 1
5738 1
5738 1
5738 1
5738 1
5738 1
5738 1
5738 1
5738 1
5738 1
5738 1
5738 1
5896 1
5896 1
5896 1
5896 1
5896 1
5896 1
5896 1
5896 1
5896 1
5896 1
5896 1
5896 1
5896 1
5896 1
5896 1
5896 1
5896 1
5896 1
5896 1
5896 1
5896 1
5935 1
5935 1
5935 1
5935 1
5935 1
5935 1
5935 1
5935 1
5935 1
5935 1
5935 1
5935 1
5935 1
5935 1
5935 1
5935 1
5935 1
5935 1
5935 1
5935 1
5935 1
5975 1
5975 1
5975 1
5975 1
5975 1
5975 1
5975 1
5975 1
5975 1
5975 1
5975 1
5975 1
5975 1
5975 1
5975 1
5975 1
5975 1
5975 1
5975 1
5975 1
5975 1
6014 1
6014 1
6014 1
6014 1
6014 1
6014 1
6014 1
6014 1
6014 1
6014 1
6014 1
6014 1
6014 1
6014 1
6014 1
6014 1
6014 1
6014 1
6014 1
6014 1
6014 1
6050 1
6050 1
6050 1
6050 1
6050 1
6050 1
6050 1
6050 1
6050 1
6050 1
6050 1
6050 1
6050 1
6050 1
6050 1
6050 1
6050 1
6050 1
6050 1
6050 1
6050 1
6087 1
6087 1
6087 1
6087 1
6087 1
6087 1
6087 1
6087 1
6087 1
6087 1
6087 1
6087 1
6087 1
6087 1
6087 1
6087 1
6087 1
6087 1
6087 1
6087 1
6087 1
6124 1
6124 1
6124 1
6124 1
6124 1
6124 1
6124 1
6124 1
6124 1
6124 1
6124 1
6124 1
6124 1
6124 1
6124 1
6124 1
6124 1
6124 1
6124 1
6124 1
6124 1
868 1
868 1
868 1
868 1
868 1
868 1
868 1
868 1
868 1
868 1
868 1
868 1
868 1
868 1
868 1
868 1
868 1
868 1
868 1
868 1
868 1
915 1
915 1
915 1
915 1
915 1
915 1
915 1
915 1
915 1
915 1
915 1
915 1
915 1
915 1
915 1
915 1
915 1
915 1
915 1
915 1
915 1
1548 1
1548 1
1548 1
1548 1
1548 1
1548 1
1548 1
1548 1
1548 1
1548 1
1548 1
1548 1
1548 1
1548 1
1548 1
1548 1
1548 1
1548 1
1548 1
1548 1
1548 1
1627 1
1627 1
1627 1
1627 1
1627 1
1627 1
1627 1
1627 1
1627 1
1627 1
1627 1
1627 1
1627 1
1627 1
1627 1
1627 1
1627 1
1627 1
1627 1
1627 1
1627 1
2354 1
2354 1
2354 1
2354 1
2354 1
2354 1
2354 1
2354 1
2354 1
2354 1
2354 1
2354 1
2354 1
2354 1
2354 1
2354 1
2354 1
2354 1
2354 1
2354 1
2354 1
3752 1
3752 1
3752 1
3752 1
3752 1
3752 1
3752 1
3752 1
3752 1
3752 1
3752 1
3752 1
3752 1
3752 1
3752 1
3752 1
3752 1
3752 1
3752 1
3752 1
3752 1
5739 1
5739 1
5739 1
5739 1
5739 1
5739 1
5739 1
5739 1
5739 1
5739 1
5739 1
5739 1
5739 1
5739 1
5739 1
5739 1
5739 1
5739 1
5739 1
5739 1
5739 1
5780 1
5780 1
5780 1
5780 1
5780 1
5780 1
5780 1
5780 1
5780 1
5780 1
5780 1
5780 1
5780 1
5780 1
5780 1
5780 1
5780 1
5780 1
5780 1
5780 1
5780 1
5820 1
5820 1
5820 1
5820 1
5820 1
5820 1
5820 1
5820 1
5820 1
5820 1
5820 1
5820 1
5820 1
5820 1
5820 1
5820 1
5820 1
5820 1
5820 1
5820 1
5820 1
5858 1
5858 1
5858 1
5858 1
5858 1
5858 1
5858 1
5858 1
5858 1
5858 1
5858 1
5858 1
5858 1
5858 1
5858 1
5858 1
5858 1
5858 1
5858 1
5858 1
5858 1
5897 1
5897 1
5897 1
5897 1
5897 1
5897 1
5897 1
5897 1
5897 1
5897 1
5897 1
5897 1
5897 1
5897 1
5897 1
5897 1
5897 1
5897 1
5897 1
5897 1
5897 1
5936 1
5936 1
5936 1
5936 1
5936 1
5936 1
5936 1
5936 1
5936 1
5936 1
5936 1
5936 1
5936 1
5936 1
5936 1
5936 1
5936 1
5936 1
5936 1
5936 1
5936 1
5976 1
5976 1
5976 1
5976 1
5976 1
5976 1
5976 1
5976 1
5976 1
5976 1
5976 1
5976 1
5976 1
5976 1
5976 1
5976 1
5976 1
5976 1
5976 1
5976 1
5976 1
6088 1
6088 1
6088 1
6088 1
6088 1
6088 1
6088 1
6088 1
6088 1
6088 1
6088 1
6088 1
6088 1
6088 1
6088 1
6088 1
6088 1
6088 1
6088 1
6088 1
6088 1
6125 1
6125 1
6125 1
6125 1
6125 1
6125 1
6125 1
6125 1
6125 1
6125 1
6125 1
6125 1
6125 1
6125 1
6125 1
6125 1
6125 1
6125 1
6125 1
6125 1
6125 1
6163 1
6163 1
6163 1
6163 1
6163 1
6163 1
6163 1
6163 1
6163 1
6163 1
6163 1
6163 1
6163 1
6163 1
6163 1
6163 1
6163 1
6163 1
6163 1
6163 1
6163 1
6202 1
6202 1
6202 1
6202 1
6202 1
6202 1
6202 1
6202 1
6202 1
6202 1
6202 1
6202 1
6202 1
6202 1
6202 1
6202 1
6202 1
6202 1
6202 1
6202 1
6202 1
820 1
820 1
820 1
820 1
820 1
820 1
820 1
820 1
820 1
820 1
820 1
820 1
820 1
820 1
820 1
820 1
820 1
820 1
820 1
820 1
820 1
869 1
869 1
869 1
869 1
869 1
869 1
869 1
869 1
869 1
869 1
869 1
869 1
869 1
869 1
869 1
869 1
869 1
869 1
869 1
869 1
869 1
1023 1
1023 1
1023 1
1023 1
1023 1
1023 1
1023 1
1023 1
1023 1
1023 1
1023 1
1023 1
1023 1
1023 1
1023 1
1023 1
1023 1
1023 1
1023 1
1023 1
1023 1
1549 1
1549 1
1549 1
1549 1
1549 1
1549 1
1549 1
1549 1
1549 1
1549 1
1549 1
1549 1
1549 1
1549 1
1549 1
1549 1
1549 1
1549 1
1549 1
1549 1
1549 1
4352 1
4352 1
4352 1
4352 1
4352 1
4352 1
4352 1
4352 1
4352 1
4352 1
4352 1
4352 1
4352 1
4352 1
4352 1
4352 1
4352 1
4352 1
4352 1
4352 1
4352 1
5116 1
5116 1
5116 1
5116 1
5116 1
5116 1
5116 1
5116 1
5116 1
5116 1
5116 1
5116 1
5116 1
5116 1
5116 1
5116 1
5116 1
5116 1
5116 1
5116 1
5116 1
5156 1
5156 1
5156 1
5156 1
5156 1
5156 1
5156 1
5156 1
5156 1
5156 1
5156 1
5156 1
5156 1
5156 1
5156 1
5156 1
5156 1
5156 1
5156 1
5156 1
5156 1
5236 1
5236 1
5236 1
5236 1
5236 1
5236 1
5236 1
5236 1
5236 1
5236 1
5236 1
5236 1
5236 1
5236 1
5236 1
5236 1
5236 1
5236 1
5236 1
5236 1
5236 1
5540 1
5540 1
5540 1
5540 1
5540 1
5540 1
5540 1
5540 1
5540 1
5540 1
5540 1
5540 1
5540 1
5540 1
5540 1
5540 1
5540 1
5540 1
5540 1
5540 1
5540 1
5620 1
5620 1
5620 1
5620 1
5620 1
5620 1
5620 1
5620 1
5620 1
5620 1
5620 1
5620 1
5620 1
5620 1
5620 1
5620 1
5620 1
5620 1
5620 1
5620 1
5620 1
5781 1
5781 1
5781 1
5781 1
5781 1
5781 1
5781 1
5781 1
5781 1
5781 1
5781 1
5781 1
5781 1
5781 1
5781 1
5781 1
5781 1
5781 1
5781 1
5781 1
5781 1
5821 1
5821 1
5821 1
5821 1
5821 1
5821 1
5821 1
5821 1
5821 1
5821 1
5821 1
5821 1
5821 1
5821 1
5821 1
5821 1
5821 1
5821 1
5821 1
5821 1
5821 1
5898 1
5898 1
5898 1
5898 1
5898 1
5898 1
5898 1
5898 1
5898 1
5898 1
5898 1
5898 1
5898 1
5898 1
5898 1
5898 1
5898 1
5898 1
5898 1
5898 1
5898 1
5977 1
5977 1
5977 1
5977 1
5977 1
5977 1
5977 1
5977 1
5977 1
5977 1
5977 1
5977 1
5977 1
5977 1
5977 1
5977 1
5977 1
5977 1
5977 1
5977 1
5977 1
6126 1
6126 1
6126 1
6126 1
6126 1
6126 1
6126 1
6126 1
6126 1
6126 1
6126 1
6126 1
6126 1
6126 1
6126 1
6126 1
6126 1
6126 1
6126 1
6126 1
6126 1
6203 1
6203 1
6203 1
6203 1
6203 1
6203 1
6203 1
6203 1
6203 1
6203 1
6203 1
6203 1
6203 1
6203 1
6203 1
6203 1
6203 1
6203 1
6203 1
6203 1
6203 1
967 1
967 1
967 1
967 1
967 1
967 1
967 1
967 1
967 1
967 1
967 1
967 1
967 1
967 1
967 1
967 1
967 1
967 1
967 1
967 1
967 1
1024 1
1024 1
1024 1
1024 1
1024 1
1024 1
1024 1
1024 1
1024 1
1024 1
1024 1
1024 1
1024 1
1024 1
1024 1
1024 1
1024 1
1024 1
1024 1
1024 1
1024 1
1082 1
1082 1
1082 1
1082 1
1082 1
1082 1
1082 1
1082 1
1082 1
1082 1
1082 1
1082 1
1082 1
1082 1
1082 1
1082 1
1082 1
1082 1
1082 1
1082 1
1082 1
1150 1
1150 1
1150 1
1150 1
1150 1
1150 1
1150 1
1150 1
1150 1
1150 1
1150 1
1150 1
1150 1
1150 1
1150 1
1150 1
1150 1
1150 1
1150 1
1150 1
1150 1
1219 1
1219 1
1219 1
1219 1
1219 1
1219 1
1219 1
1219 1
1219 1
1219 1
1219 1
1219 1
1219 1
1219 1
1219 1
1219 1
1219 1
1219 1
1219 1
1219 1
1219 1
1296 1
1296 1
1296 1
1296 1
1296 1
1296 1
1296 1
1296 1
1296 1
1296 1
1296 1
1296 1
1296 1
1296 1
1296 1
1296 1
1296 1
1296 1
1296 1
1296 1
1296 1
5117 1
5117 1
5117 1
5117 1
5117 1
5117 1
5117 1
5117 1
5117 1
5117 1
5117 1
5117 1
5117 1
5117 1
5117 1
5117 1
5117 1
5117 1
5117 1
5117 1
5117 1
5274 1
5274 1
5274 1
5274 1
5274 1
5274 1
5274 1
5274 1
5274 1
5274 1
5274 1
5274 1
5274 1
5274 1
5274 1
5274 1
5274 1
5274 1
5274 1
5274 1
5274 1
5661 1
5661 1
5661 1
5661 1
5661 1
5661 1
5661 1
5661 1
5661 1
5661 1
5661 1
5661 1
5661 1
5661 1
5661 1
5661 1
5661 1
5661 1
5661 1
5661 1
5661 1
5701 1
5701 1
5701 1
5701 1
5701 1
5701 1
5701 1
5701 1
5701 1
5701 1
5701 1
5701 1
5701 1
5701 1
5701 1
5701 1
5701 1
5701 1
5701 1
5701 1
5701 1
5782 1
5782 1
5782 1
5782 1
5782 1
5782 1
5782 1
5782 1
5782 1
5782 1
5782 1
5782 1
5782 1
5782 1
5782 1
5782 1
5782 1
5782 1
5782 1
5782 1
5782 1
5822 1
5822 1
5822 1
5822 1
5822 1
5822 1
5822 1
5822 1
5822 1
5822 1
5822 1
5822 1
5822 1
5822 1
5822 1
5822 1
5822 1
5822 1
5822 1
5822 1
5822 1
5978 1
5978 1
5978 1
5978 1
5978 1
5978 1
5978 1
5978 1
5978 1
5978 1
5978 1
5978 1
5978 1
5978 1
5978 1
5978 1
5978 1
5978 1
5978 1
5978 1
5978 1
6017 1
6017 1
6017 1
6017 1
6017 1
6017 1
6017 1
6017 1
6017 1
6017 1
6017 1
6017 1
6017 1
6017 1
6017 1
6017 1
6017 1
6017 1
6017 1
6017 1
6017 1
6591 1
6591 1
6591 1
6591 1
6591 1
6591 1
6591 1
6591 1
6591 1
6591 1
6591 1
6591 1
6591 1
6591 1
6591 1
6591 1
6591 1
6591 1
6591 1
6591 1
6591 1
918 1
918 1
918 1
918 1
918 1
918 1
918 1
918 1
918 1
918 1
918 1
918 1
918 1
918 1
918 1
918 1
918 1
918 1
918 1
918 1
918 1
968 1
968 1
968 1
968 1
968 1
968 1
968 1
968 1
968 1
968 1
968 1
968 1
968 1
968 1
968 1
968 1
968 1
968 1
968 1
968 1
968 1
4059 1
4059 1
4059 1
4059 1
4059 1
4059 1
4059 1
4059 1
4059 1
4059 1
4059 1
4059 1
4059 1
4059 1
4059 1
4059 1
4059 1
4059 1
4059 1
4059 1
4059 1
4486 1
4486 1
4486 1
4486 1
4486 1
4486 1
4486 1
4486 1
4486 1
4486 1
4486 1
4486 1
4486 1
4486 1
4486 1
4486 1
4486 1
4486 1
4486 1
4486 1
4486 1
5238 1
5238 1
5238 1
5238 1
5238 1
5238 1
5238 1
5238 1
5238 1
5238 1
5238 1
5238 1
5238 1
5238 1
5238 1
5238 1
5238 1
5238 1
5238 1
5238 1
5238 1
5313 1
5313 1
5313 1
5313 1
5313 1
5313 1
5313 1
5313 1
5313 1
5313 1
5313 1
5313 1
5313 1
5313 1
5313 1
5313 1
5313 1
5313 1
5313 1
5313 1
5313 1
5351 1
5351 1
5351 1
5351 1
5351 1
5351 1
5351 1
5351 1
5351 1
5351 1
5351 1
5351 1
5351 1
5351 1
5351 1
5351 1
5351 1
5351 1
5351 1
5351 1
5351 1
5426 1
5426 1
5426 1
5426 1
5426 1
5426 1
5426 1
5426 1
5426 1
5426 1
5426 1
5426 1
5426 1
5426 1
5426 1
5426 1
5426 1
5426 1
5426 1
5426 1
5426 1
5464 1
5464 1
5464 1
5464 1
5464 1
5464 1
5464 1
5464 1
5464 1
5464 1
5464 1
5464 1
5464 1
5464 1
5464 1
5464 1
5464 1
5464 1
5464 1
5464 1
5464 1
5503 1
5503 1
5503 1
5503 1
5503 1
5503 1
5503 1
5503 1
5503 1
5503 1
5503 1
5503 1
5503 1
5503 1
5503 1
5503 1
5503 1
5503 1
5503 1
5503 1
5503 1
5542 1
5542 1
5542 1
5542 1
5542 1
5542 1
5542 1
5542 1
5542 1
5542 1
5542 1
5542 1
5542 1
5542 1
5542 1
5542 1
5542 1
5542 1
5542 1
5542 1
5542 1
5622 1
5622 1
5622 1
5622 1
5622 1
5622 1
5622 1
5622 1
5622 1
5622 1
5622 1
5622 1
5622 1
5622 1
5622 1
5622 1
5622 1
5622 1
5622 1
5622 1
5622 1
5702 1
5702 1
5702 1
5702 1
5702 1
5702 1
5702 1
5702 1
5702 1
5702 1
5702 1
5702 1
5702 1
5702 1
5702 1
5702 1
5702 1
5702 1
5702 1
5702 1
5702 1
5823 1
5823 1
5823 1
5823 1
5823 1
5823 1
5823 1
5823 1
5823 1
5823 1
5823 1
5823 1
5823 1
5823 1
5823 1
5823 1
5823 1
5823 1
5823 1
5823 1
5823 1
5979 1
5979 1
5979 1
5979 1
5979 1
5979 1
5979 1
5979 1
5979 1
5979 1
5979 1
5979 1
5979 1
5979 1
5979 1
5979 1
5979 1
5979 1
5979 1
5979 1
5979 1
6018 1
6018 1
6018 1
6018 1
6018 1
6018 1
6018 1
6018 1
6018 1
6018 1
6018 1
6018 1
6018 1
6018 1
6018 1
6018 1
6018 1
6018 1
6018 1
6018 1
6018 1
7041 1
7041 1
7041 1
7041 1
7041 1
7041 1
7041 1
7041 1
7041 1
7041 1
7041 1
7041 1
7041 1
7041 1
7041 1
7041 1
7041 1
7041 1
7041 1
7041 1
7041 1
1152 1
1152 1
1152 1
1152 1
1152 1
1152 1
1152 1
1152 1
1152 1
1152 1
1152 1
1152 1
1152 1
1152 1
1152 1
1152 1
1152 1
1152 1
1152 1
1152 1
1152 1
1221 1
1221 1
1221 1
1221 1
1221 1
1221 1
1221 1
1221 1
1221 1
1221 1
1221 1
1221 1
1221 1
1221 1
1221 1
1221 1
1221 1
1221 1
1221 1
1221 1
1221 1
4417 1
4417 1
4417 1
4417 1
4417 1
4417 1
4417 1
4417 1
4417 1
4417 1
4417 1
4417 1
4417 1
4417 1
4417 1
4417 1
4417 1
4417 1
4417 1
4417 1
4417 1
4569 1
4569 1
4569 1
4569 1
4569 1
4569 1
4569 1
4569 1
4569 1
4569 1
4569 1
4569 1
4569 1
4569 1
4569 1
4569 1
4569 1
4569 1
4569 1
4569 1
4569 1
5314 1
5314 1
5314 1
5314 1
5314 1
5314 1
5314 1
5314 1
5314 1
5314 1
5314 1
5314 1
5314 1
5314 1
5314 1
5314 1
5314 1
5314 1
5314 1
5314 1
5314 1
5352 1
5352 1
5352 1
5352 1
5352 1
5352 1
5352 1
5352 1
5352 1
5352 1
5352 1
5352 1
5352 1
5352 1
5352 1
5352 1
5352 1
5352 1
5352 1
5352 1
5352 1
5390 1
5390 1
5390 1
5390 1
5390 1
5390 1
5390 1
5390 1
5390 1
5390 1
5390 1
5390 1
5390 1
5390 1
5390 1
5390 1
5390 1
5390 1
5390 1
5390 1
5390 1
5427 1
5427 1
5427 1
5427 1
5427 1
5427 1
5427 1
5427 1
5427 1
5427 1
5427 1
5427 1
5427 1
5427 1
5427 1
5427 1
5427 1
5427 1
5427 1
5427 1
5427 1
5465 1
5465 1
5465 1
5465 1
5465 1
5465 1
5465 1
5465 1
5465 1
5465 1
5465 1
5465 1
5465 1
5465 1
5465 1
5465 1
5465 1
5465 1
5465 1
5465 1
5465 1
5504 1
5504 1
5504 1
5504 1
5504 1
5504 1
5504 1
5504 1
5504 1
5504 1
5504 1
5504 1
5504 1
5504 1
5504 1
5504 1
5504 1
5504 1
5504 1
5504 1
5504 1
5543 1
5543 1
5543 1
5543 1
5543 1
5543 1
5543 1
5543 1
5543 1
5543 1
5543 1
5543 1
5543 1
5543 1
5543 1
5543 1
5543 1
5543 1
5543 1
5543 1
5543 1
5583 1
5583 1
5583 1
5583 1
5583 1
5583 1
5583 1
5583 1
5583 1
5583 1
5583 1
5583 1
5583 1
5583 1
5583 1
5583 1
5583 1
5583 1
5583 1
5583 1
5583 1
5623 1
5623 1
5623 1
5623 1
5623 1
5623 1
5623 1
5623 1
5623 1
5623 1
5623 1
5623 1
5623 1
5623 1
5623 1
5623 1
5623 1
5623 1
5623 1
5623 1
5623 1
5663 1
5663 1
5663 1
5663 1
5663 1
5663 1
5663 1
5663 1
5663 1
5663 1
5663 1
5663 1
5663 1
5663 1
5663 1
5663 1
5663 1
5663 1
5663 1
5663 1
5663 1
5703 1
5703 1
5703 1
5703 1
5703 1
5703 1
5703 1
5703 1
5703 1
5703 1
5703 1
5703 1
5703 1
5703 1
5703 1
5703 1
5703 1
5703 1
5703 1
5703 1
5703 1
5743 1
5743 1
5743 1
5743 1
5743 1
5743 1
5743 1
5743 1
5743 1
5743 1
5743 1
5743 1
5743 1
5743 1
5743 1
5743 1
5743 1
5743 1
5743 1
5743 1
5743 1
5784 1
5784 1
5784 1
5784 1
5784 1
5784 1
5784 1
5784 1
5784 1
5784 1
5784 1
5784 1
5784 1
5784 1
5784 1
5784 1
5784 1
5784 1
5784 1
5784 1
5784 1
6055 1
6055 1
6055 1
6055 1
6055 1
6055 1
6055 1
6055 1
6055 1
6055 1
6055 1
6055 1
6055 1
6055 1
6055 1
6055 1
6055 1
6055 1
6055 1
6055 1
6055 1
7042 1
7042 1
7042 1
7042 1
7042 1
7042 1
7042 1
7042 1
7042 1
7042 1
7042 1
7042 1
7042 1
7042 1
7042 1
7042 1
7042 1
7042 1
7042 1
7042 1
7042 1
824 1
824 1
824 1
824 1
824 1
824 1
824 1
824 1
824 1
824 1
824 1
824 1
824 1
824 1
824 1
824 1
824 1
824 1
824 1
824 1
824 1
920 1
920 1
920 1
920 1
920 1
920 1
920 1
920 1
920 1
920 1
920 1
920 1
920 1
920 1
920 1
920 1
920 1
920 1
920 1
920 1
920 1
970 1
970 1
970 1
970 1
970 1
970 1
970 1
970 1
970 1
970 1
970 1
970 1
970 1
970 1
970 1
970 1
970 1
970 1
970 1
970 1
970 1
4464 1
4464 1
4464 1
4464 1
4464 1
4464 1
4464 1
4464 1
4464 1
4464 1
4464 1
4464 1
4464 1
4464 1
4464 1
4464 1
4464 1
4464 1
4464 1
4464 1
4464 1
4488 1
4488 1
4488 1
4488 1
4488 1
4488 1
4488 1
4488 1
4488 1
4488 1
4488 1
4488 1
4488 1
4488 1
4488 1
4488 1
4488 1
4488 1
4488 1
4488 1
4488 1
4514 1
4514 1
4514 1
4514 1
4514 1
4514 1
4514 1
4514 1
4514 1
4514 1
4514 1
4514 1
4514 1
4514 1
4514 1
4514 1
4514 1
4514 1
4514 1
4514 1
4514 1
4541 1
4541 1
4541 1
4541 1
4541 1
4541 1
4541 1
4541 1
4541 1
4541 1
4541 1
4541 1
4541 1
4541 1
4541 1
4541 1
4541 1
4541 1
4541 1
4541 1
4541 1
4631 1
4631 1
4631 1
4631 1
4631 1
4631 1
4631 1
4631 1
4631 1
4631 1
4631 1
4631 1
4631 1
4631 1
4631 1
4631 1
4631 1
4631 1
4631 1
4631 1
4631 1
5584 1
5584 1
5584 1
5584 1
5584 1
5584 1
5584 1
5584 1
5584 1
5584 1
5584 1
5584 1
5584 1
5584 1
5584 1
5584 1
5584 1
5584 1
5584 1
5584 1
5584 1
5624 1
5624 1
5624 1
5624 1
5624 1
5624 1
5624 1
5624 1
5624 1
5624 1
5624 1
5624 1
5624 1
5624 1
5624 1
5624 1
5624 1
5624 1
5624 1
5624 1
5624 1
5664 1
5664 1
5664 1
5664 1
5664 1
5664 1
5664 1
5664 1
5664 1
5664 1
5664 1
5664 1
5664 1
5664 1
5664 1
5664 1
5664 1
5664 1
5664 1
5664 1
5664 1
5704 1
5704 1
5704 1
5704 1
5704 1
5704 1
5704 1
5704 1
5704 1
5704 1
5704 1
5704 1
5704 1
5704 1
5704 1
5704 1
5704 1
5704 1
5704 1
5704 1
5704 1
5744 1
5744 1
5744 1
5744 1
5744 1
5744 1
5744 1
5744 1
5744 1
5744 1
5744 1
5744 1
5744 1
5744 1
5744 1
5744 1
5744 1
5744 1
5744 1
5744 1
5744 1
5785 1
5785 1
5785 1
5785 1
5785 1
5785 1
5785 1
5785 1
5785 1
5785 1
5785 1
5785 1
5785 1
5785 1
5785 1
5785 1
5785 1
5785 1
5785 1
5785 1
5785 1
5825 1
5825 1
5825 1
5825 1
5825 1
5825 1
5825 1
5825 1
5825 1
5825 1
5825 1
5825 1
5825 1
5825 1
5825 1
5825 1
5825 1
5825 1
5825 1
5825 1
5825 1
5863 1
5863 1
5863 1
5863 1
5863 1
5863 1
5863 1
5863 1
5863 1
5863 1
5863 1
5863 1
5863 1
5863 1
5863 1
5863 1
5863 1
5863 1
5863 1
5863 1
5863 1
7187 1
7187 1
7187 1
7187 1
7187 1
7187 1
7187 1
7187 1
7187 1
7187 1
7187 1
7187 1
7187 1
7187 1
7187 1
7187 1
7187 1
7187 1
7187 1
7187 1
7187 1
874 1
874 1
874 1
874 1
874 1
874 1
874 1
874 1
874 1
874 1
874 1
874 1
874 1
874 1
874 1
874 1
874 1
874 1
874 1
874 1
874 1
4338 1
4338 1
4338 1
4338 1
4338 1
4338 1
4338 1
4338 1
4338 1
4338 1
4338 1
4338 1
4338 1
4338 1
4338 1
4338 1
4338 1
4338 1
4338 1
4338 1
4338 1
4441 1
4441 1
4441 1
4441 1
4441 1
4441 1
4441 1
4441 1
4441 1
4441 1
4441 1
4441 1
4441 1
4441 1
4441 1
4441 1
4441 1
4441 1
4441 1
4441 1
4441 1
4542 1
4542 1
4542 1
4542 1
4542 1
4542 1
4542 1
4542 1
4542 1
4542 1
4542 1
4542 1
4542 1
4542 1
4542 1
4542 1
4542 1
4542 1
4542 1
4542 1
4542 1
4600 1
4600 1
4600 1
4600 1
4600 1
4600 1
4600 1
4600 1
4600 1
4600 1
4600 1
4600 1
4600 1
4600 1
4600 1
4600 1
4600 1
4600 1
4600 1
4600 1
4600 1
4632 1
4632 1
4632 1
4632 1
4632 1
4632 1
4632 1
4632 1
4632 1
4632 1
4632 1
4632 1
4632 1
4632 1
4632 1
4632 1
4632 1
4632 1
4632 1
4632 1
4632 1
4662 1
4662 1
4662 1
4662 1
4662 1
4662 1
4662 1
4662 1
4662 1
4662 1
4662 1
4662 1
4662 1
4662 1
4662 1
4662 1
4662 1
4662 1
4662 1
4662 1
4662 1
5705 1
5705 1
5705 1
5705 1
5705 1
5705 1
5705 1
5705 1
5705 1
5705 1
5705 1
5705 1
5705 1
5705 1
5705 1
5705 1
5705 1
5705 1
5705 1
5705 1
5705 1
5745 1
5745 1
5745 1
5745 1
5745 1
5745 1
5745 1
5745 1
5745 1
5745 1
5745 1
5745 1
5745 1
5745 1
5745 1
5745 1
5745 1
5745 1
5745 1
5745 1
5745 1
5786 1
5786 1
5786 1
5786 1
5786 1
5786 1
5786 1
5786 1
5786 1
5786 1
5786 1
5786 1
5786 1
5786 1
5786 1
5786 1
5786 1
5786 1
5786 1
5786 1
5786 1
5826 1
5826 1
5826 1
5826 1
5826 1
5826 1
5826 1
5826 1
5826 1
5826 1
5826 1
5826 1
5826 1
5826 1
5826 1
5826 1
5826 1
5826 1
5826 1
5826 1
5826 1
5864 1
5864 1
5864 1
5864 1
5864 1
5864 1
5864 1
5864 1
5864 1
5864 1
5864 1
5864 1
5864 1
5864 1
5864 1
5864 1
5864 1
5864 1
5864 1
5864 1
5864 1
5903 1
5903 1
5903 1
5903 1
5903 1
5903 1
5903 1
5903 1
5903 1
5903 1
5903 1
5903 1
5903 1
5903 1
5903 1
5903 1
5903 1
5903 1
5903 1
5903 1
5903 1
5942 1
5942 1
5942 1
5942 1
5942 1
5942 1
5942 1
5942 1
5942 1
5942 1
5942 1
5942 1
5942 1
5942 1
5942 1
5942 1
5942 1
5942 1
5942 1
5942 1
5942 1
5982 1
5982 1
5982 1
5982 1
5982 1
5982 1
5982 1
5982 1
5982 1
5982 1
5982 1
5982 1
5982 1
5982 1
5982 1
5982 1
5982 1
5982 1
5982 1
5982 1
5982 1
6021 1
6021 1
6021 1
6021 1
6021 1
6021 1
6021 1
6021 1
6021 1
6021 1
6021 1
6021 1
6021 1
6021 1
6021 1
6021 1
6021 1
6021 1
6021 1
6021 1
6021 1
7115 1
7115 1
7115 1
7115 1
7115 1
7115 1
7115 1
7115 1
7115 1
7115 1
7115 1
7115 1
7115 1
7115 1
7115 1
7115 1
7115 1
7115 1
7115 1
7115 1
7115 1
7188 1
7188 1
7188 1
7188 1
7188 1
7188 1
7188 1
7188 1
7188 1
7188 1
7188 1
7188 1
7188 1
7188 1
7188 1
7188 1
7188 1
7188 1
7188 1
7188 1
7188 1
875 1
875 1
875 1
875 1
875 1
875 1
875 1
875 1
875 1
875 1
875 1
875 1
875 1
875 1
875 1
875 1
875 1
875 1
875 1
875 1
875 1
4258 1
4258 1
4258 1
4258 1
4258 1
4258 1
4258 1
4258 1
4258 1
4258 1
4258 1
4258 1
4258 1
4258 1
4258 1
4258 1
4258 1
4258 1
4258 1
4258 1
4258 1
4601 1
4601 1
4601 1
4601 1
4601 1
4601 1
4601 1
4601 1
4601 1
4601 1
4601 1
4601 1
4601 1
4601 1
4601 1
4601 1
4601 1
4601 1
4601 1
4601 1
4601 1
4633 1
4633 1
4633 1
4633 1
4633 1
4633 1
4633 1
4633 1
4633 1
4633 1
4633 1
4633 1
4633 1
4633 1
4633 1
4633 1
4633 1
4633 1
4633 1
4633 1
4633 1
5706 1
5706 1
5706 1
5706 1
5706 1
5706 1
5706 1
5706 1
5706 1
5706 1
5706 1
5706 1
5706 1
5706 1
5706 1
5706 1
5706 1
5706 1
5706 1
5706 1
5706 1
5746 1
5746 1
5746 1
5746 1
5746 1
5746 1
5746 1
5746 1
5746 1
5746 1
5746 1
5746 1
5746 1
5746 1
5746 1
5746 1
5746 1
5746 1
5746 1
5746 1
5746 1
5787 1
5787 1
5787 1
5787 1
5787 1
5787 1
5787 1
5787 1
5787 1
5787 1
5787 1
5787 1
5787 1
5787 1
5787 1
5787 1
5787 1
5787 1
5787 1
5787 1
5787 1
5827 1
5827 1
5827 1
5827 1
5827 1
5827 1
5827 1
5827 1
5827 1
5827 1
5827 1
5827 1
5827 1
5827 1
5827 1
5827 1
5827 1
5827 1
5827 1
5827 1
5827 1
5865 1
5865 1
5865 1
5865 1
5865 1
5865 1
5865 1
5865 1
5865 1
5865 1
5865 1
5865 1
5865 1
5865 1
5865 1
5865 1
5865 1
5865 1
5865 1
5865 1
5865 1
5904 1
5904 1
5904 1
5904 1
5904 1
5904 1
5904 1
5904 1
5904 1
5904 1
5904 1
5904 1
5904 1
5904 1
5904 1
5904 1
5904 1
5904 1
5904 1
5904 1
5904 1
5943 1
5943 1
5943 1
5943 1
5943 1
5943 1
5943 1
5943 1
5943 1
5943 1
5943 1
5943 1
5943 1
5943 1
5943 1
5943 1
5943 1
5943 1
5943 1
5943 1
5943 1
5983 1
5983 1
5983 1
5983 1
5983 1
5983 1
5983 1
5983 1
5983 1
5983 1
5983 1
5983 1
5983 1
5983 1
5983 1
5983 1
5983 1
5983 1
5983 1
5983 1
5983 1
6022 1
6022 1
6022 1
6022 1
6022 1
6022 1
6022 1
6022 1
6022 1
6022 1
6022 1
6022 1
6022 1
6022 1
6022 1
6022 1
6022 1
6022 1
6022 1
6022 1
6022 1
6095 1
6095 1
6095 1
6095 1
6095 1
6095 1
6095 1
6095 1
6095 1
6095 1
6095 1
6095 1
6095 1
6095 1
6095 1
6095 1
6095 1
6095 1
6095 1
6095 1
6095 1
827 1
827 1
827 1
827 1
827 1
827 1
827 1
827 1
827 1
827 1
827 1
827 1
827 1
827 1
827 1
827 1
827 1
827 1
827 1
827 1
827 1
4308 1
4308 1
4308 1
4308 1
4308 1
4308 1
4308 1
4308 1
4308 1
4308 1
4308 1
4308 1
4308 1
4308 1
4308 1
4308 1
4308 1
4308 1
4308 1
4308 1
4308 1
4694 1
4694 1
4694 1
4694 1
4694 1
4694 1
4694 1
4694 1
4694 1
4694 1
4694 1
4694 1
4694 1
4694 1
4694 1
4694 1
4694 1
4694 1
4694 1
4694 1
4694 1
5788 1
5788 1
5788 1
5788 1
5788 1
5788 1
5788 1
5788 1
5788 1
5788 1
5788 1
5788 1
5788 1
5788 1
5788 1
5788 1
5788 1
5788 1
5788 1
5788 1
5788 1
5828 1
5828 1
5828 1
5828 1
5828 1
5828 1
5828 1
5828 1
5828 1
5828 1
5828 1
5828 1
5828 1
5828 1
5828 1
5828 1
5828 1
5828 1
5828 1
5828 1
5828 1
5866 1
5866 1
5866 1
5866 1
5866 1
5866 1
5866 1
5866 1
5866 1
5866 1
5866 1
5866 1
5866 1
5866 1
5866 1
5866 1
5866 1
5866 1
5866 1
5866 1
5866 1
5905 1
5905 1
5905 1
5905 1
5905 1
5905 1
5905 1
5905 1
5905 1
5905 1
5905 1
5905 1
5905 1
5905 1
5905 1
5905 1
5905 1
5905 1
5905 1
5905 1
5905 1
5944 1
5944 1
5944 1
5944 1
5944 1
5944 1
5944 1
5944 1
5944 1
5944 1
5944 1
5944 1
5944 1
5944 1
5944 1
5944 1
5944 1
5944 1
5944 1
5944 1
5944 1
5984 1
5984 1
5984 1
5984 1
5984 1
5984 1
5984 1
5984 1
5984 1
5984 1
5984 1
5984 1
5984 1
5984 1
5984 1
5984 1
5984 1
5984 1
5984 1
5984 1
5984 1
6023 1
6023 1
6023 1
6023 1
6023 1
6023 1
6023 1
6023 1
6023 1
6023 1
6023 1
6023 1
6023 1
6023 1
6023 1
6023 1
6023 1
6023 1
6023 1
6023 1
6023 1
6059 1
6059 1
6059 1
6059 1
6059 1
6059 1
6059 1
6059 1
6059 1
6059 1
6059 1
6059 1
6059 1
6059 1
6059 1
6059 1
6059 1
6059 1
6059 1
6059 1
6059 1
6133 1
6133 1
6133 1
6133 1
6133 1
6133 1
6133 1
6133 1
6133 1
6133 1
6133 1
6133 1
6133 1
6133 1
6133 1
6133 1
6133 1
6133 1
6133 1
6133 1
6133 1
9153 1
9153 1
9153 1
9153 1
9153 1
9153 1
9153 1
9153 1
9153 1
9153 1
9153 1
9153 1
9153 1
9153 1
9153 1
9153 1
9153 1
9153 1
9153 1
9153 1
9153 1
4635 1
4635 1
4635 1
4635 1
4635 1
4635 1
4635 1
4635 1
4635 1
4635 1
4635 1
4635 1
4635 1
4635 1
4635 1
4635 1
4635 1
4635 1
4635 1
4635 1
4635 1
4725 1
4725 1
4725 1
4725 1
4725 1
4725 1
4725 1
4725 1
4725 1
4725 1
4725 1
4725 1
4725 1
4725 1
4725 1
4725 1
4725 1
4725 1
4725 1
4725 1
4725 1
4756 1
4756 1
4756 1
4756 1
4756 1
4756 1
4756 1
4756 1
4756 1
4756 1
4756 1
4756 1
4756 1
4756 1
4756 1
4756 1
4756 1
4756 1
4756 1
4756 1
4756 1
5867 1
5867 1
5867 1
5867 1
5867 1
5867 1
5867 1
5867 1
5867 1
5867 1
5867 1
5867 1
5867 1
5867 1
5867 1
5867 1
5867 1
5867 1
5867 1
5867 1
5867 1
5906 1
5906 1
5906 1
5906 1
5906 1
5906 1
5906 1
5906 1
5906 1
5906 1
5906 1
5906 1
5906 1
5906 1
5906 1
5906 1
5906 1
5906 1
5906 1
5906 1
5906 1
5945 1
5945 1
5945 1
5945 1
5945 1
5945 1
5945 1
5945 1
5945 1
5945 1
5945 1
5945 1
5945 1
5945 1
5945 1
5945 1
5945 1
5945 1
5945 1
5945 1
5945 1
5985 1
5985 1
5985 1
5985 1
5985 1
5985 1
5985 1
5985 1
5985 1
5985 1
5985 1
5985 1
5985 1
5985 1
5985 1
5985 1
5985 1
5985 1
5985 1
5985 1
5985 1
6024 1
6024 1
6024 1
6024 1
6024 1
6024 1
6024 1
6024 1
6024 1
6024 1
6024 1
6024 1
6024 1
6024 1
6024 1
6024 1
6024 1
6024 1
6024 1
6024 1
6024 1
6060 1
6060 1
6060 1
6060 1
6060 1
6060 1
6060 1
6060 1
6060 1
6060 1
6060 1
6060 1
6060 1
6060 1
6060 1
6060 1
6060 1
6060 1
6060 1
6060 1
6060 1
6097 1
6097 1
6097 1
6097 1
6097 1
6097 1
6097 1
6097 1
6097 1
6097 1
6097 1
6097 1
6097 1
6097 1
6097 1
6097 1
6097 1
6097 1
6097 1
6097 1
6097 1
6134 1
6134 1
6134 1
6134 1
6134 1
6134 1
6134 1
6134 1
6134 1
6134 1
6134 1
6134 1
6134 1
6134 1
6134 1
6134 1
6134 1
6134 1
6134 1
6134 1
6134 1
4726 1
4726 1
4726 1
4726 1
4726 1
4726 1
4726 1
4726 1
4726 1
4726 1
4726 1
4726 1
4726 1
4726 1
4726 1
4726 1
4726 1
4726 1
4726 1
4726 1
4726 1
5907 1
5907 1
5907 1
5907 1
5907 1
5907 1
5907 1
5907 1
5907 1
5907 1
5907 1
5907 1
5907 1
5907 1
5907 1
5907 1
5907 1
5907 1
5907 1
5907 1
5907 1
5946 1
5946 1
5946 1
5946 1
5946 1
5946 1
5946 1
5946 1
5946 1
5946 1
5946 1
5946 1
5946 1
5946 1
5946 1
5946 1
5946 1
5946 1
5946 1
5946 1
5946 1
5986 1
5986 1
5986 1
5986 1
5986 1
5986 1
5986 1
5986 1
5986 1
5986 1
5986 1
5986 1
5986 1
5986 1
5986 1
5986 1
5986 1
5986 1
5986 1
5986 1
5986 1
6025 1
6025 1
6025 1
6025 1
6025 1
6025 1
6025 1
6025 1
6025 1
6025 1
6025 1
6025 1
6025 1
6025 1
6025 1
6025 1
6025 1
6025 1
6025 1
6025 1
6025 1
6061 1
6061 1
6061 1
6061 1
6061 1
6061 1
6061 1
6061 1
6061 1
6061 1
6061 1
6061 1
6061 1
6061 1
6061 1
6061 1
6061 1
6061 1
6061 1
6061 1
6061 1
6098 1
6098 1
6098 1
6098 1
6098 1
6098 1
6098 1
6098 1
6098 1
6098 1
6098 1
6098 1
6098 1
6098 1
6098 1
6098 1
6098 1
6098 1
6098 1
6098 1
6098 1
6135 1
6135 1
6135 1
6135 1
6135 1
6135 1
6135 1
6135 1
6135 1
6135 1
6135 1
6135 1
6135 1
6135 1
6135 1
6135 1
6135 1
6135 1
6135 1
6135 1
6135 1
7341 1
7341 1
7341 1
7341 1
7341 1
7341 1
7341 1
7341 1
7341 1
7341 1
7341 1
7341 1
7341 1
7341 1
7341 1
7341 1
7341 1
7341 1
7341 1
7341 1
7341 1
4758 1
4758 1
4758 1
4758 1
4758 1
4758 1
4758 1
4758 1
4758 1
4758 1
4758 1
4758 1
4758 1
4758 1
4758 1
4758 1
4758 1
4758 1
4758 1
4758 1
4758 1
4789 1
4789 1
4789 1
4789 1
4789 1
4789 1
4789 1
4789 1
4789 1
4789 1
4789 1
4789 1
4789 1
4789 1
4789 1
4789 1
4789 1
4789 1
4789 1
4789 1
4789 1
4826 1
4826 1
4826 1
4826 1
4826 1
4826 1
4826 1
4826 1
4826 1
4826 1
4826 1
4826 1
4826 1
4826 1
4826 1
4826 1
4826 1
4826 1
4826 1
4826 1
4826 1
5084 1
5084 1
5084 1
5084 1
5084 1
5084 1
5084 1
5084 1
5084 1
5084 1
5084 1
5084 1
5084 1
5084 1
5084 1
5084 1
5084 1
5084 1
5084 1
5084 1
5084 1
5908 1
5908 1
5908 1
5908 1
5908 1
5908 1
5908 1
5908 1
5908 1
5908 1
5908 1
5908 1
5908 1
5908 1
5908 1
5908 1
5908 1
5908 1
5908 1
5908 1
5908 1
5947 1
5947 1
5947 1
5947 1
5947 1
5947 1
5947 1
5947 1
5947 1
5947 1
5947 1
5947 1
5947 1
5947 1
5947 1
5947 1
5947 1
5947 1
5947 1
5947 1
5947 1
5987 1
5987 1
5987 1
5987 1
5987 1
5987 1
5987 1
5987 1
5987 1
5987 1
5987 1
5987 1
5987 1
5987 1
5987 1
5987 1
5987 1
5987 1
5987 1
5987 1
5987 1
6026 1
6026 1
6026 1
6026 1
6026 1
6026 1
6026 1
6026 1
6026 1
6026 1
6026 1
6026 1
6026 1
6026 1
6026 1
6026 1
6026 1
6026 1
6026 1
6026 1
6026 1
6062 1
6062 1
6062 1
6062 1
6062 1
6062 1
6062 1
6062 1
6062 1
6062 1
6062 1
6062 1
6062 1
6062 1
6062 1
6062 1
6062 1
6062 1
6062 1
6062 1
6062 1
6099 1
6099 1
6099 1
6099 1
6099 1
6099 1
6099 1
6099 1
6099 1
6099 1
6099 1
6099 1
6099 1
6099 1
6099 1
6099 1
6099 1
6099 1
6099 1
6099 1
6099 1
6136 1
6136 1
6136 1
6136 1
6136 1
6136 1
6136 1
6136 1
6136 1
6136 1
6136 1
6136 1
6136 1
6136 1
6136 1
6136 1
6136 1
6136 1
6136 1
6136 1
6136 1
651 1
651 1
651 1
651 1
651 1
651 1
651 1
651 1
651 1
651 1
651 1
651 1
651 1
651 1
651 1
651 1
651 1
651 1
651 1
651 1
651 1
4577 1
4577 1
4577 1
4577 1
4577 1
4577 1
4577 1
4577 1
4577 1
4577 1
4577 1
4577 1
4577 1
4577 1
4577 1
4577 1
4577 1
4577 1
4577 1
4577 1
4577 1
4668 1
4668 1
4668 1
4668 1
4668 1
4668 1
4668 1
4668 1
4668 1
4668 1
4668 1
4668 1
4668 1
4668 1
4668 1
4668 1
4668 1
4668 1
4668 1
4668 1
4668 1
4728 1
4728 1
4728 1
4728 1
4728 1
4728 1
4728 1
4728 1
4728 1
4728 1
4728 1
4728 1
4728 1
4728 1
4728 1
4728 1
4728 1
4728 1
4728 1
4728 1
4728 1
4759 1
4759 1
4759 1
4759 1
4759 1
4759 1
4759 1
4759 1
4759 1
4759 1
4759 1
4759 1
4759 1
4759 1
4759 1
4759 1
4759 1
4759 1
4759 1
4759 1
4759 1
4907 1
4907 1
4907 1
4907 1
4907 1
4907 1
4907 1
4907 1
4907 1
4907 1
4907 1
4907 1
4907 1
4907 1
4907 1
4907 1
4907 1
4907 1
4907 1
4907 1
4907 1
4951 1
4951 1
4951 1
4951 1
4951 1
4951 1
4951 1
4951 1
4951 1
4951 1
4951 1
4951 1
4951 1
4951 1
4951 1
4951 1
4951 1
4951 1
4951 1
4951 1
4951 1
4996 1
4996 1
4996 1
4996 1
4996 1
4996 1
4996 1
4996 1
4996 1
4996 1
4996 1
4996 1
4996 1
4996 1
4996 1
4996 1
4996 1
4996 1
4996 1
4996 1
4996 1
5042 1
5042 1
5042 1
5042 1
5042 1
5042 1
5042 1
5042 1
5042 1
5042 1
5042 1
5042 1
5042 1
5042 1
5042 1
5042 1
5042 1
5042 1
5042 1
5042 1
5042 1
5085 1
5085 1
5085 1
5085 1
5085 1
5085 1
5085 1
5085 1
5085 1
5085 1
5085 1
5085 1
5085 1
5085 1
5085 1
5085 1
5085 1
5085 1
5085 1
5085 1
5085 1
5127 1
5127 1
5127 1
5127 1
5127 1
5127 1
5127 1
5127 1
5127 1
5127 1
5127 1
5127 1
5127 1
5127 1
5127 1
5127 1
5127 1
5127 1
5127 1
5127 1
5127 1
5832 1
5832 1
5832 1
5832 1
5832 1
5832 1
5832 1
5832 1
5832 1
5832 1
5832 1
5832 1
5832 1
5832 1
5832 1
5832 1
5832 1
5832 1
5832 1
5832 1
5832 1
5909 1
5909 1
5909 1
5909 1
5909 1
5909 1
5909 1
5909 1
5909 1
5909 1
5909 1
5909 1
5909 1
5909 1
5909 1
5909 1
5909 1
5909 1
5909 1
5909 1
5909 1
6027 1
6027 1
6027 1
6027 1
6027 1
6027 1
6027 1
6027 1
6027 1
6027 1
6027 1
6027 1
6027 1
6027 1
6027 1
6027 1
6027 1
6027 1
6027 1
6027 1
6027 1
6175 1
6175 1
6175 1
6175 1
6175 1
6175 1
6175 1
6175 1
6175 1
6175 1
6175 1
6175 1
6175 1
6175 1
6175 1
6175 1
6175 1
6175 1
6175 1
6175 1
6175 1
6254 1
6254 1
6254 1
6254 1
6254 1
6254 1
6254 1
6254 1
6254 1
6254 1
6254 1
6254 1
6254 1
6254 1
6254 1
6254 1
6254 1
6254 1
6254 1
6254 1
6254 1
8431 1
8431 1
8431 1
8431 1
8431 1
8431 1
8431 1
8431 1
8431 1
8431 1
8431 1
8431 1
8431 1
8431 1
8431 1
8431 1
8431 1
8431 1
8431 1
8431 1
8431 1
5086 1
5086 1
5086 1
5086 1
5086 1
5086 1
5086 1
5086 1
5086 1
5086 1
5086 1
5086 1
5086 1
5086 1
5086 1
5086 1
5086 1
5086 1
5086 1
5086 1
5086 1
5833 1
5833 1
5833 1
5833 1
5833 1
5833 1
5833 1
5833 1
5833 1
5833 1
5833 1
5833 1
5833 1
5833 1
5833 1
5833 1
5833 1
5833 1
5833 1
5833 1
5833 1
5871 1
5871 1
5871 1
5871 1
5871 1
5871 1
5871 1
5871 1
5871 1
5871 1
5871 1
5871 1
5871 1
5871 1
5871 1
5871 1
5871 1
5871 1
5871 1
5871 1
5871 1
5910 1
5910 1
5910 1
5910 1
5910 1
5910 1
5910 1
5910 1
5910 1
5910 1
5910 1
5910 1
5910 1
5910 1
5910 1
5910 1
5910 1
5910 1
5910 1
5910 1
5910 1
5949 1
5949 1
5949 1
5949 1
5949 1
5949 1
5949 1
5949 1
5949 1
5949 1
5949 1
5949 1
5949 1
5949 1
5949 1
5949 1
5949 1
5949 1
5949 1
5949 1
5949 1
5989 1
5989 1
5989 1
5989 1
5989 1
5989 1
5989 1
5989 1
5989 1
5989 1
5989 1
5989 1
5989 1
5989 1
5989 1
5989 1
5989 1
5989 1
5989 1
5989 1
5989 1
6028 1
6028 1
6028 1
6028 1
6028 1
6028 1
6028 1
6028 1
6028 1
6028 1
6028 1
6028 1
6028 1
6028 1
6028 1
6028 1
6028 1
6028 1
6028 1
6028 1
6028 1
6064 1
6064 1
6064 1
6064 1
6064 1
6064 1
6064 1
6064 1
6064 1
6064 1
6064 1
6064 1
6064 1
6064 1
6064 1
6064 1
6064 1
6064 1
6064 1
6064 1
6064 1
7122 1
7122 1
7122 1
7122 1
7122 1
7122 1
7122 1
7122 1
7122 1
7122 1
7122 1
7122 1
7122 1
7122 1
7122 1
7122 1
7122 1
7122 1
7122 1
7122 1
7122 1
7195 1
7195 1
7195 1
7195 1
7195 1
7195 1
7195 1
7195 1
7195 1
7195 1
7195 1
7195 1
7195 1
7195 1
7195 1
7195 1
7195 1
7195 1
7195 1
7195 1
7195 1
7270 1
7270 1
7270 1
7270 1
7270 1
7270 1
7270 1
7270 1
7270 1
7270 1
7270 1
7270 1
7270 1
7270 1
7270 1
7270 1
7270 1
7270 1
7270 1
7270 1
7270 1
7344 1
7344 1
7344 1
7344 1
7344 1
7344 1
7344 1
7344 1
7344 1
7344 1
7344 1
7344 1
7344 1
7344 1
7344 1
7344 1
7344 1
7344 1
7344 1
7344 1
7344 1
7422 1
7422 1
7422 1
7422 1
7422 1
7422 1
7422 1
7422 1
7422 1
7422 1
7422 1
7422 1
7422 1
7422 1
7422 1
7422 1
7422 1
7422 1
7422 1
7422 1
7422 1
7504 1
7504 1
7504 1
7504 1
7504 1
7504 1
7504 1
7504 1
7504 1
7504 1
7504 1
7504 1
7504 1
7504 1
7504 1
7504 1
7504 1
7504 1
7504 1
7504 1
7504 1
7592 1
7592 1
7592 1
7592 1
7592 1
7592 1
7592 1
7592 1
7592 1
7592 1
7592 1
7592 1
7592 1
7592 1
7592 1
7592 1
7592 1
7592 1
7592 1
7592 1
7592 1
7684 1
7684 1
7684 1
7684 1
7684 1
7684 1
7684 1
7684 1
7684 1
7684 1
7684 1
7684 1
7684 1
7684 1
7684 1
7684 1
7684 1
7684 1
7684 1
7684 1
7684 1
7779 1
7779 1
7779 1
7779 1
7779 1
7779 1
7779 1
7779 1
7779 1
7779 1
7779 1
7779 1
7779 1
7779 1
7779 1
7779 1
7779 1
7779 1
7779 1
7779 1
7779 1
7875 1
7875 1
7875 1
7875 1
7875 1
7875 1
7875 1
7875 1
7875 1
7875 1
7875 1
7875 1
7875 1
7875 1
7875 1
7875 1
7875 1
7875 1
7875 1
7875 1
7875 1
7980 1
7980 1
7980 1
7980 1
7980 1
7980 1
7980 1
7980 1
7980 1
7980 1
7980 1
7980 1
7980 1
7980 1
7980 1
7980 1
7980 1
7980 1
7980 1
7980 1
7980 1
8088 1
8088 1
8088 1
8088 1
8088 1
8088 1
8088 1
8088 1
8088 1
8088 1
8088 1
8088 1
8088 1
8088 1
8088 1
8088 1
8088 1
8088 1
8088 1
8088 1
8088 1
2184 1
2184 1
2184 1
2184 1
2184 1
2184 1
2184 1
2184 1
2184 1
2184 1
2184 1
2184 1
2184 1
2184 1
2184 1
2184 1
2184 1
2184 1
2184 1
2184 1
2184 1
2273 1
2273 1
2273 1
2273 1
2273 1
2273 1
2273 1
2273 1
2273 1
2273 1
2273 1
2273 1
2273 1
2273 1
2273 1
2273 1
2273 1
2273 1
2273 1
2273 1
2273 1
5872 1
5872 1
5872 1
5872 1
5872 1
5872 1
5872 1
5872 1
5872 1
5872 1
5872 1
5872 1
5872 1
5872 1
5872 1
5872 1
5872 1
5872 1
5872 1
5872 1
5872 1
5911 1
5911 1
5911 1
5911 1
5911 1
5911 1
5911 1
5911 1
5911 1
5911 1
5911 1
5911 1
5911 1
5911 1
5911 1
5911 1
5911 1
5911 1
5911 1
5911 1
5911 1
5950 1
5950 1
5950 1
5950 1
5950 1
5950 1
5950 1
5950 1
5950 1
5950 1
5950 1
5950 1
5950 1
5950 1
5950 1
5950 1
5950 1
5950 1
5950 1
5950 1
5950 1
5990 1
5990 1
5990 1
5990 1
5990 1
5990 1
5990 1
5990 1
5990 1
5990 1
5990 1
5990 1
5990 1
5990 1
5990 1
5990 1
5990 1
5990 1
5990 1
5990 1
5990 1
6029 1
6029 1
6029 1
6029 1
6029 1
6029 1
6029 1
6029 1
6029 1
6029 1
6029 1
6029 1
6029 1
6029 1
6029 1
6029 1
6029 1
6029 1
6029 1
6029 1
6029 1
7196 1
7196 1
7196 1
7196 1
7196 1
7196 1
7196 1
7196 1
7196 1
7196 1
7196 1
7196 1
7196 1
7196 1
7196 1
7196 1
7196 1
7196 1
7196 1
7196 1
7196 1
7271 1
7271 1
7271 1
7271 1
7271 1
7271 1
7271 1
7271 1
7271 1
7271 1
7271 1
7271 1
7271 1
7271 1
7271 1
7271 1
7271 1
7271 1
7271 1
7271 1
7271 1
7345 1
7345 1
7345 1
7345 1
7345 1
7345 1
7345 1
7345 1
7345 1
7345 1
7345 1
7345 1
7345 1
7345 1
7345 1
7345 1
7345 1
7345 1
7345 1
7345 1
7345 1
7423 1
7423 1
7423 1
7423 1
7423 1
7423 1
7423 1
7423 1
7423 1
7423 1
7423 1
7423 1
7423 1
7423 1
7423 1
7423 1
7423 1
7423 1
7423 1
7423 1
7423 1
7505 1
7505 1
7505 1
7505 1
7505 1
7505 1
7505 1
7505 1
7505 1
7505 1
7505 1
7505 1
7505 1
7505 1
7505 1
7505 1
7505 1
7505 1
7505 1
7505 1
7505 1
7593 1
7593 1
7593 1
7593 1
7593 1
7593 1
7593 1
7593 1
7593 1
7593 1
7593 1
7593 1
7593 1
7593 1
7593 1
7593 1
7593 1
7593 1
7593 1
7593 1
7593 1
7685 1
7685 1
7685 1
7685 1
7685 1
7685 1
7685 1
7685 1
7685 1
7685 1
7685 1
7685 1
7685 1
7685 1
7685 1
7685 1
7685 1
7685 1
7685 1
7685 1
7685 1
7780 1
7780 1
7780 1
7780 1
7780 1
7780 1
7780 1
7780 1
7780 1
7780 1
7780 1
7780 1
7780 1
7780 1
7780 1
7780 1
7780 1
7780 1
7780 1
7780 1
7780 1
7876 1
7876 1
7876 1
7876 1
7876 1
7876 1
7876 1
7876 1
7876 1
7876 1
7876 1
7876 1
7876 1
7876 1
7876 1
7876 1
7876 1
7876 1
7876 1
7876 1
7876 1
7981 1
7981 1
7981 1
7981 1
7981 1
7981 1
7981 1
7981 1
7981 1
7981 1
7981 1
7981 1
7981 1
7981 1
7981 1
7981 1
7981 1
7981 1
7981 1
7981 1
7981 1
8089 1
8089 1
8089 1
8089 1
8089 1
8089 1
8089 1
8089 1
8089 1
8089 1
8089 1
8089 1
8089 1
8089 1
8089 1
8089 1
8089 1
8089 1
8089 1
8089 1
8089 1
8200 1
8200 1
8200 1
8200 1
8200 1
8200 1
8200 1
8200 1
8200 1
8200 1
8200 1
8200 1
8200 1
8200 1
8200 1
8200 1
8200 1
8200 1
8200 1
8200 1
8200 1
8316 1
8316 1
8316 1
8316 1
8316 1
8316 1
8316 1
8316 1
8316 1
8316 1
8316 1
8316 1
8316 1
8316 1
8316 1
8316 1
8316 1
8316 1
8316 1
8316 1
8316 1
8433 1
8433 1
8433 1
8433 1
8433 1
8433 1
8433 1
8433 1
8433 1
8433 1
8433 1
8433 1
8433 1
8433 1
8433 1
8433 1
8433 1
8433 1
8433 1
8433 1
8433 1
5513 1
5513 1
5513 1
5513 1
5513 1
5513 1
5513 1
5513 1
5513 1
5513 1
5513 1
5513 1
5513 1
5513 1
5513 1
5513 1
5513 1
5513 1
5513 1
5513 1
5513 1
5873 1
5873 1
5873 1
5873 1
5873 1
5873 1
5873 1
5873 1
5873 1
5873 1
5873 1
5873 1
5873 1
5873 1
5873 1
5873 1
5873 1
5873 1
5873 1
5873 1
5873 1
5991 1
5991 1
5991 1
5991 1
5991 1
5991 1
5991 1
5991 1
5991 1
5991 1
5991 1
5991 1
5991 1
5991 1
5991 1
5991 1
5991 1
5991 1
5991 1
5991 1
5991 1
6030 1
6030 1
6030 1
6030 1
6030 1
6030 1
6030 1
6030 1
6030 1
6030 1
6030 1
6030 1
6030 1
6030 1
6030 1
6030 1
6030 1
6030 1
6030 1
6030 1
6030 1
6066 1
6066 1
6066 1
6066 1
6066 1
6066 1
6066 1
6066 1
6066 1
6066 1
6066 1
6066 1
6066 1
6066 1
6066 1
6066 1
6066 1
6066 1
6066 1
6066 1
6066 1
7197 1
7197 1
7197 1
7197 1
7197 1
7197 1
7197 1
7197 1
7197 1
7197 1
7197 1
7197 1
7197 1
7197 1
7197 1
7197 1
7197 1
7197 1
7197 1
7197 1
7197 1
7686 1
7686 1
7686 1
7686 1
7686 1
7686 1
7686 1
7686 1
7686 1
7686 1
7686 1
7686 1
7686 1
7686 1
7686 1
7686 1
7686 1
7686 1
7686 1
7686 1
7686 1
7877 1
7877 1
7877 1
7877 1
7877 1
7877 1
7877 1
7877 1
7877 1
7877 1
7877 1
7877 1
7877 1
7877 1
7877 1
7877 1
7877 1
7877 1
7877 1
7877 1
7877 1
7982 1
7982 1
7982 1
7982 1
7982 1
7982 1
7982 1
7982 1
7982 1
7982 1
7982 1
7982 1
7982 1
7982 1
7982 1
7982 1
7982 1
7982 1
7982 1
7982 1
7982 1
8090 1
8090 1
8090 1
8090 1
8090 1
8090 1
8090 1
8090 1
8090 1
8090 1
8090 1
8090 1
8090 1
8090 1
8090 1
8090 1
8090 1
8090 1
8090 1
8090 1
8090 1
8201 1
8201 1
8201 1
8201 1
8201 1
8201 1
8201 1
8201 1
8201 1
8201 1
8201 1
8201 1
8201 1
8201 1
8201 1
8201 1
8201 1
8201 1
8201 1
8201 1
8201 1
8317 1
8317 1
8317 1
8317 1
8317 1
8317 1
8317 1
8317 1
8317 1
8317 1
8317 1
8317 1
8317 1
8317 1
8317 1
8317 1
8317 1
8317 1
8317 1
8317 1
8317 1
8434 1
8434 1
8434 1
8434 1
8434 1
8434 1
8434 1
8434 1
8434 1
8434 1
8434 1
8434 1
8434 1
8434 1
8434 1
8434 1
8434 1
8434 1
8434 1
8434 1
8434 1
8555 1
8555 1
8555 1
8555 1
8555 1
8555 1
8555 1
8555 1
8555 1
8555 1
8555 1
8555 1
8555 1
8555 1
8555 1
8555 1
8555 1
8555 1
8555 1
8555 1
8555 1
8677 1
8677 1
8677 1
8677 1
8677 1
8677 1
8677 1
8677 1
8677 1
8677 1
8677 1
8677 1
8677 1
8677 1
8677 1
8677 1
8677 1
8677 1
8677 1
8677 1
8677 1
8801 1
8801 1
8801 1
8801 1
8801 1
8801 1
8801 1
8801 1
8801 1
8801 1
8801 1
8801 1
8801 1
8801 1
8801 1
8801 1
8801 1
8801 1
8801 1
8801 1
8801 1
8923 1
8923 1
8923 1
8923 1
8923 1
8923 1
8923 1
8923 1
8923 1
8923 1
8923 1
8923 1
8923 1
8923 1
8923 1
8923 1
8923 1
8923 1
8923 1
8923 1
8923 1
1996 1
1996 1
1996 1
1996 1
1996 1
1996 1
1996 1
1996 1
1996 1
1996 1
1996 1
1996 1
1996 1
1996 1
1996 1
1996 1
1996 1
1996 1
1996 1
1996 1
1996 1
2090 1
2090 1
2090 1
2090 1
2090 1
2090 1
2090 1
2090 1
2090 1
2090 1
2090 1
2090 1
2090 1
2090 1
2090 1
2090 1
2090 1
2090 1
2090 1
2090 1
2090 1
2186 1
2186 1
2186 1
2186 1
2186 1
2186 1
2186 1
2186 1
2186 1
2186 1
2186 1
2186 1
2186 1
2186 1
2186 1
2186 1
2186 1
2186 1
2186 1
2186 1
2186 1
5000 1
5000 1
5000 1
5000 1
5000 1
5000 1
5000 1
5000 1
5000 1
5000 1
5000 1
5000 1
5000 1
5000 1
5000 1
5000 1
5000 1
5000 1
5000 1
5000 1
5000 1
5246 1
5246 1
5246 1
5246 1
5246 1
5246 1
5246 1
5246 1
5246 1
5246 1
5246 1
5246 1
5246 1
5246 1
5246 1
5246 1
5246 1
5246 1
5246 1
5246 1
5246 1
5874 1
5874 1
5874 1
5874 1
5874 1
5874 1
5874 1
5874 1
5874 1
5874 1
5874 1
5874 1
5874 1
5874 1
5874 1
5874 1
5874 1
5874 1
5874 1
5874 1
5874 1
6031 1
6031 1
6031 1
6031 1
6031 1
6031 1
6031 1
6031 1
6031 1
6031 1
6031 1
6031 1
6031 1
6031 1
6031 1
6031 1
6031 1
6031 1
6031 1
6031 1
6031 1
8202 1
8202 1
8202 1
8202 1
8202 1
8202 1
8202 1
8202 1
8202 1
8202 1
8202 1
8202 1
8202 1
8202 1
8202 1
8202 1
8202 1
8202 1
8202 1
8202 1
8202 1
8318 1
8318 1
8318 1
8318 1
8318 1
8318 1
8318 1
8318 1
8318 1
8318 1
8318 1
8318 1
8318 1
8318 1
8318 1
8318 1
8318 1
8318 1
8318 1
8318 1
8318 1
8435 1
8435 1
8435 1
8435 1
8435 1
8435 1
8435 1
8435 1
8435 1
8435 1
8435 1
8435 1
8435 1
8435 1
8435 1
8435 1
8435 1
8435 1
8435 1
8435 1
8435 1
8556 1
8556 1
8556 1
8556 1
8556 1
8556 1
8556 1
8556 1
8556 1
8556 1
8556 1
8556 1
8556 1
8556 1
8556 1
8556 1
8556 1
8556 1
8556 1
8556 1
8556 1
8678 1
8678 1
8678 1
8678 1
8678 1
8678 1
8678 1
8678 1
8678 1
8678 1
8678 1
8678 1
8678 1
8678 1
8678 1
8678 1
8678 1
8678 1
8678 1
8678 1
8678 1
8802 1
8802 1
8802 1
8802 1
8802 1
8802 1
8802 1
8802 1
8802 1
8802 1
8802 1
8802 1
8802 1
8802 1
8802 1
8802 1
8802 1
8802 1
8802 1
8802 1
8802 1
1997 1
1997 1
1997 1
1997 1
1997 1
1997 1
1997 1
1997 1
1997 1
1997 1
1997 1
1997 1
1997 1
1997 1
1997 1
1997 1
1997 1
1997 1
1997 1
1997 1
1997 1
2091 1
2091 1
2091 1
2091 1
2091 1
2091 1
2091 1
2091 1
2091 1
2091 1
2091 1
2091 1
2091 1
2091 1
2091 1
2091 1
2091 1
2091 1
2091 1
2091 1
2091 1
5001 1
5001 1
5001 1
5001 1
5001 1
5001 1
5001 1
5001 1
5001 1
5001 1
5001 1
5001 1
5001 1
5001 1
5001 1
5001 1
5001 1
5001 1
5001 1
5001 1
5001 1
5090 1
5090 1
5090 1
5090 1
5090 1
5090 1
5090 1
5090 1
5090 1
5090 1
5090 1
5090 1
5090 1
5090 1
5090 1
5090 1
5090 1
5090 1
5090 1
5090 1
5090 1
5247 1
5247 1
5247 1
5247 1
5247 1
5247 1
5247 1
5247 1
5247 1
5247 1
5247 1
5247 1
5247 1
5247 1
5247 1
5247 1
5247 1
5247 1
5247 1
5247 1
5247 1
6032 1
6032 1
6032 1
6032 1
6032 1
6032 1
6032 1
6032 1
6032 1
6032 1
6032 1
6032 1
6032 1
6032 1
6032 1
6032 1
6032 1
6032 1
6032 1
6032 1
6032 1
8436 1
8436 1
8436 1
8436 1
8436 1
8436 1
8436 1
8436 1
8436 1
8436 1
8436 1
8436 1
8436 1
8436 1
8436 1
8436 1
8436 1
8436 1
8436 1
8436 1
8436 1
8557 1
8557 1
8557 1
8557 1
8557 1
8557 1
8557 1
8557 1
8557 1
8557 1
8557 1
8557 1
8557 1
8557 1
8557 1
8557 1
8557 1
8557 1
8557 1
8557 1
8557 1
8679 1
8679 1
8679 1
8679 1
8679 1
8679 1
8679 1
8679 1
8679 1
8679 1
8679 1
8679 1
8679 1
8679 1
8679 1
8679 1
8679 1
8679 1
8679 1
8679 1
8679 1
1905 1
1905 1
1905 1
1905 1
1905 1
1905 1
1905 1
1905 1
1905 1
1905 1
1905 1
1905 1
1905 1
1905 1
1905 1
1905 1
1905 1
1905 1
1905 1
1905 1
1905 1
5048 1
5048 1
5048 1
5048 1
5048 1
5048 1
5048 1
5048 1
5048 1
5048 1
5048 1
5048 1
5048 1
5048 1
5048 1
5048 1
5048 1
5048 1
5048 1
5048 1
5048 1
5091 1
5091 1
5091 1
5091 1
5091 1
5091 1
5091 1
5091 1
5091 1
5091 1
5091 1
5091 1
5091 1
5091 1
5091 1
5091 1
5091 1
5091 1
5091 1
5091 1
5091 1
5133 1
5133 1
5133 1
5133 1
5133 1
5133 1
5133 1
5133 1
5133 1
5133 1
5133 1
5133 1
5133 1
5133 1
5133 1
5133 1
5133 1
5133 1
5133 1
5133 1
5133 1
5173 1
5173 1
5173 1
5173 1
5173 1
5173 1
5173 1
5173 1
5173 1
5173 1
5173 1
5173 1
5173 1
5173 1
5173 1
5173 1
5173 1
5173 1
5173 1
5173 1
5173 1
5210 1
5210 1
5210 1
5210 1
5210 1
5210 1
5210 1
5210 1
5210 1
5210 1
5210 1
5210 1
5210 1
5210 1
5210 1
5210 1
5210 1
5210 1
5210 1
5210 1
5210 1
5248 1
5248 1
5248 1
5248 1
5248 1
5248 1
5248 1
5248 1
5248 1
5248 1
5248 1
5248 1
5248 1
5248 1
5248 1
5248 1
5248 1
5248 1
5248 1
5248 1
5248 1
5324 1
5324 1
5324 1
5324 1
5324 1
5324 1
5324 1
5324 1
5324 1
5324 1
5324 1
5324 1
5324 1
5324 1
5324 1
5324 1
5324 1
5324 1
5324 1
5324 1
5324 1
6106 1
6106 1
6106 1
6106 1
6106 1
6106 1
6106 1
6106 1
6106 1
6106 1
6106 1
6106 1
6106 1
6106 1
6106 1
6106 1
6106 1
6106 1
6106 1
6106 1
6106 1
5249 1
5249 1
5249 1
5249 1
5249 1
5249 1
5249 1
5249 1
5249 1
5249 1
5249 1
5249 1
5249 1
5249 1
5249 1
5249 1
5249 1
5249 1
5249 1
5249 1
5249 1
5135 1
5135 1
5135 1
5135 1
5135 1
5135 1
5135 1
5135 1
5135 1
5135 1
5135 1
5135 1
5135 1
5135 1
5135 1
5135 1
5135 1
5135 1
5135 1
5135 1
5135 1
5442 1
5442 1
5442 1
5442 1
5442 1
5442 1
5442 1
5442 1
5442 1
5442 1
5442 1
5442 1
5442 1
5442 1
5442 1
5442 1
5442 1
5442 1
5442 1
5442 1
5442 1
5179 1
5179 1
5179 1
5179 1
5179 1
5179 1
5179 1
5179 1
5179 1
5179 1
5179 1
5179 1
5179 1
5179 1
5179 1
5179 1
5179 1
5179 1
5179 1
5179 1
5179 1
5216 1
5216 1
5216 1
5216 1
5216 1
5216 1
5216 1
5216 1
5216 1
5216 1
5216 1
5216 1
5216 1
5216 1
5216 1
5216 1
5216 1
5216 1
5216 1
5216 1
5216 1
5522 1
5522 1
5522 1
5522 1
5522 1
5522 1
5522 1
5522 1
5522 1
5522 1
5522 1
5522 1
5522 1
5522 1
5522 1
5522 1
5522 1
5522 1
5522 1
5522 1
5522 1
5844 1
5844 1
5844 1
5844 1
5844 1
5844 1
5844 1
5844 1
5844 1
5844 1
5844 1
5844 1
5844 1
5844 1
5844 1
5844 1
5844 1
5844 1
5844 1
5844 1
5844 1
2201 1
2201 1
2201 1
2201 1
2201 1
2201 1
2201 1
2201 1
2201 1
2201 1
2201 1
2201 1
2201 1
2201 1
2201 1
2201 1
2201 1
2201 1
2201 1
2201 1
2201 1
1829 1
1829 1
1829 1
1829 1
1829 1
1829 1
1829 1
1829 1
1829 1
1829 1
1829 1
1829 1
1829 1
1829 1
1829 1
1829 1
1829 1
1829 1
1829 1
1829 1
1829 1
1920 1
1920 1
1920 1
1920 1
1920 1
1920 1
1920 1
1920 1
1920 1
1920 1
1920 1
1920 1
1920 1
1920 1
1920 1
1920 1
1920 1
1920 1
1920 1
1920 1
1920 1
3526 1
3526 1
3526 1
3526 1
3526 1
3526 1
3526 1
3526 1
3526 1
3526 1
3526 1
3526 1
3526 1
3526 1
3526 1
3526 1
3526 1
3526 1
3526 1
3526 1
3526 1
3569 1
3569 1
3569 1
3569 1
3569 1
3569 1
3569 1
3569 1
3569 1
3569 1
3569 1
3569 1
3569 1
3569 1
3569 1
3569 1
3569 1
3569 1
3569 1
3569 1
3569 1
3364 1
3364 1
3364 1
3364 1
3364 1
3364 1
3364 1
3364 1
3364 1
3364 1
3364 1
3364 1
3364 1
3364 1
3364 1
3364 1
3364 1
3364 1
3364 1
3364 1
3364 1
3452 1
3452 1
3452 1
3452 1
3452 1
3452 1
3452 1
3452 1
3452 1
3452 1
3452 1
3452 1
3452 1
3452 1
3452 1
3452 1
3452 1
3452 1
3452 1
3452 1
3452 1
3365 1
3365 1
3365 1
3365 1
3365 1
3365 1
3365 1
3365 1
3365 1
3365 1
3365 1
3365 1
3365 1
3365 1
3365 1
3365 1
3365 1
3365 1
3365 1
3365 1
3365 1
3453 1
3453 1
3453 1
3453 1
3453 1
3453 1
3453 1
3453 1
3453 1
3453 1
3453 1
3453 1
3453 1
3453 1
3453 1
3453 1
3453 1
3453 1
3453 1
3453 1
3453 1
2909 1
2909 1
2909 1
2909 1
2909 1
2909 1
2909 1
2909 1
2909 1
2909 1
2909 1
2909 1
2909 1
2909 1
2909 1
2909 1
2909 1
2909 1
2909 1
2909 1
2909 1
3091 1
3091 1
3091 1
3091 1
3091 1
3091 1
3091 1
3091 1
3091 1
3091 1
3091 1
3091 1
3091 1
3091 1
3091 1
3091 1
3091 1
3091 1
3091 1
3091 1
3091 1
3092 1
3092 1
3092 1
3092 1
3092 1
3092 1
3092 1
3092 1
3092 1
3092 1
3092 1
3092 1
3092 1
3092 1
3092 1
3092 1
3092 1
3092 1
3092 1
3092 1
3092 1
3146 1
3146 1
3146 1
3146 1
3146 1
3146 1
3146 1
3146 1
3146 1
3146 1
3146 1
3146 1
3146 1
3146 1
3146 1
3146 1
3146 1
3146 1
3146 1
3146 1
3146 1
3034 1
3034 1
3034 1
3034 1
3034 1
3034 1
3034 1
3034 1
3034 1
3034 1
3034 1
3034 1
3034 1
3034 1
3034 1
3034 1
3034 1
3034 1
3034 1
3034 1
3034 1
3093 1
3093 1
3093 1
3093 1
3093 1
3093 1
3093 1
3093 1
3093 1
3093 1
3093 1
3093 1
3093 1
3093 1
3093 1
3093 1
3093 1
3093 1
3093 1
3093 1
3093 1
3147 1
3147 1
3147 1
3147 1
3147 1
3147 1
3147 1
3147 1
3147 1
3147 1
3147 1
3147 1
3147 1
3147 1
3147 1
3147 1
3147 1
3147 1
3147 1
3147 1
3147 1
3035 1
3035 1
3035 1
3035 1
3035 1
3035 1
3035 1
3035 1
3035 1
3035 1
3035 1
3035 1
3035 1
3035 1
3035 1
3035 1
3035 1
3035 1
3035 1
3035 1
3035 1
3094 1
3094 1
3094 1
3094 1
3094 1
3094 1
3094 1
3094 1
3094 1
3094 1
3094 1
3094 1
3094 1
3094 1
3094 1
3094 1
3094 1
3094 1
3094 1
3094 1
3094 1
3258 1
3258 1
3258 1
3258 1
3258 1
3258 1
3258 1
3258 1
3258 1
3258 1
3258 1
3258 1
3258 1
3258 1
3258 1
3258 1
3258 1
3258 1
3258 1
3258 1
3258 1
3659 1
3659 1
3659 1
3659 1
3659 1
3659 1
3659 1
3659 1
3659 1
3659 1
3659 1
3659 1
3659 1
3659 1
3659 1
3659 1
3659 1
3659 1
3659 1
3659 1
3659 1
3699 1
3699 1
3699 1
3699 1
3699 1
3699 1
3699 1
3699 1
3699 1
3699 1
3699 1
3699 1
3699 1
3699 1
3699 1
3699 1
3699 1
3699 1
3699 1
3699 1
3699 1
3777 1
3777 1
3777 1
3777 1
3777 1
3777 1
3777 1
3777 1
3777 1
3777 1
3777 1
3777 1
3777 1
3777 1
3777 1
3777 1
3777 1
3777 1
3777 1
3777 1
3777 1
3814 1
3814 1
3814 1
3814 1
3814 1
3814 1
3814 1
3814 1
3814 1
3814 1
3814 1
3814 1
3814 1
3814 1
3814 1
3814 1
3814 1
3814 1
3814 1
3814 1
3814 1
3617 1
3617 1
3617 1
3617 1
3617 1
3617 1
3617 1
3617 1
3617 1
3617 1
3617 1
3617 1
3617 1
3617 1
3617 1
3617 1
3617 1
3617 1
3617 1
3617 1
3617 1
3660 1
3660 1
3660 1
3660 1
3660 1
3660 1
3660 1
3660 1
3660 1
3660 1
3660 1
3660 1
3660 1
3660 1
3660 1
3660 1
3660 1
3660 1
3660 1
3660 1
3660 1
3700 1
3700 1
3700 1
3700 1
3700 1
3700 1
3700 1
3700 1
3700 1
3700 1
3700 1
3700 1
3700 1
3700 1
3700 1
3700 1
3700 1
3700 1
3700 1
3700 1
3700 1
3206 1
3206 1
3206 1
3206 1
3206 1
3206 1
3206 1
3206 1
3206 1
3206 1
3206 1
3206 1
3206 1
3206 1
3206 1
3206 1
3206 1
3206 1
3206 1
3206 1
3206 1
3320 1
3320 1
3320 1
3320 1
3320 1
3320 1
3320 1
3320 1
3320 1
3320 1
3320 1
3320 1
3320 1
3320 1
3320 1
3320 1
3320 1
3320 1
3320 1
3320 1
3320 1
3371 1
3371 1
3371 1
3371 1
3371 1
3371 1
3371 1
3371 1
3371 1
3371 1
3371 1
3371 1
3371 1
3371 1
3371 1
3371 1
3371 1
3371 1
3371 1
3371 1
3371 1
3496 1
3496 1
3496 1
3496 1
3496 1
3496 1
3496 1
3496 1
3496 1
3496 1
3496 1
3496 1
3496 1
3496 1
3496 1
3496 1
3496 1
3496 1
3496 1
3496 1
3496 1
3534 1
3534 1
3534 1
3534 1
3534 1
3534 1
3534 1
3534 1
3534 1
3534 1
3534 1
3534 1
3534 1
3534 1
3534 1
3534 1
3534 1
3534 1
3534 1
3534 1
3534 1
3577 1
3577 1
3577 1
3577 1
3577 1
3577 1
3577 1
3577 1
3577 1
3577 1
3577 1
3577 1
3577 1
3577 1
3577 1
3577 1
3577 1
3577 1
3577 1
3577 1
3577 1
3618 1
3618 1
3618 1
3618 1
3618 1
3618 1
3618 1
3618 1
3618 1
3618 1
3618 1
3618 1
3618 1
3618 1
3618 1
3618 1
3618 1
3618 1
3618 1
3618 1
3618 1
3661 1
3661 1
3661 1
3661 1
3661 1
3661 1
3661 1
3661 1
3661 1
3661 1
3661 1
3661 1
3661 1
3661 1
3661 1
3661 1
3661 1
3661 1
3661 1
3661 1
3661 1
3701 1
3701 1
3701 1
3701 1
3701 1
3701 1
3701 1
3701 1
3701 1
3701 1
3701 1
3701 1
3701 1
3701 1
3701 1
3701 1
3701 1
3701 1
3701 1
3701 1
3701 1
3261 1
3261 1
3261 1
3261 1
3261 1
3261 1
3261 1
3261 1
3261 1
3261 1
3261 1
3261 1
3261 1
3261 1
3261 1
3261 1
3261 1
3261 1
3261 1
3261 1
3261 1
3417 1
3417 1
3417 1
3417 1
3417 1
3417 1
3417 1
3417 1
3417 1
3417 1
3417 1
3417 1
3417 1
3417 1
3417 1
3417 1
3417 1
3417 1
3417 1
3417 1
3417 1
3578 1
3578 1
3578 1
3578 1
3578 1
3578 1
3578 1
3578 1
3578 1
3578 1
3578 1
3578 1
3578 1
3578 1
3578 1
3578 1
3578 1
3578 1
3578 1
3578 1
3578 1
3619 1
3619 1
3619 1
3619 1
3619 1
3619 1
3619 1
3619 1
3619 1
3619 1
3619 1
3619 1
3619 1
3619 1
3619 1
3619 1
3619 1
3619 1
3619 1
3619 1
3619 1
3662 1
3662 1
3662 1
3662 1
3662 1
3662 1
3662 1
3662 1
3662 1
3662 1
3662 1
3662 1
3662 1
3662 1
3662 1
3662 1
3662 1
3662 1
3662 1
3662 1
3662 1
3702 1
3702 1
3702 1
3702 1
3702 1
3702 1
3702 1
3702 1
3702 1
3702 1
3702 1
3702 1
3702 1
3702 1
3702 1
3702 1
3702 1
3702 1
3702 1
3702 1
3702 1
3208 1
3208 1
3208 1
3208 1
3208 1
3208 1
3208 1
3208 1
3208 1
3208 1
3208 1
3208 1
3208 1
3208 1
3208 1
3208 1
3208 1
3208 1
3208 1
3208 1
3208 1
3461 1
3461 1
3461 1
3461 1
3461 1
3461 1
3461 1
3461 1
3461 1
3461 1
3461 1
3461 1
3461 1
3461 1
3461 1
3461 1
3461 1
3461 1
3461 1
3461 1
3461 1
3498 1
3498 1
3498 1
3498 1
3498 1
3498 1
3498 1
3498 1
3498 1
3498 1
3498 1
3498 1
3498 1
3498 1
3498 1
3498 1
3498 1
3498 1
3498 1
3498 1
3498 1
3536 1
3536 1
3536 1
3536 1
3536 1
3536 1
3536 1
3536 1
3536 1
3536 1
3536 1
3536 1
3536 1
3536 1
3536 1
3536 1
3536 1
3536 1
3536 1
3536 1
3536 1
3579 1
3579 1
3579 1
3579 1
3579 1
3579 1
3579 1
3579 1
3579 1
3579 1
3579 1
3579 1
3579 1
3579 1
3579 1
3579 1
3579 1
3579 1
3579 1
3579 1
3579 1
3620 1
3620 1
3620 1
3620 1
3620 1
3620 1
3620 1
3620 1
3620 1
3620 1
3620 1
3620 1
3620 1
3620 1
3620 1
3620 1
3620 1
3620 1
3620 1
3620 1
3620 1
3663 1
3663 1
3663 1
3663 1
3663 1
3663 1
3663 1
3663 1
3663 1
3663 1
3663 1
3663 1
3663 1
3663 1
3663 1
3663 1
3663 1
3663 1
3663 1
3663 1
3663 1
3703 1
3703 1
3703 1
3703 1
3703 1
3703 1
3703 1
3703 1
3703 1
3703 1
3703 1
3703 1
3703 1
3703 1
3703 1
3703 1
3703 1
3703 1
3703 1
3703 1
3703 1
3209 1
3209 1
3209 1
3209 1
3209 1
3209 1
3209 1
3209 1
3209 1
3209 1
3209 1
3209 1
3209 1
3209 1
3209 1
3209 1
3209 1
3209 1
3209 1
3209 1
3209 1
3323 1
3323 1
3323 1
3323 1
3323 1
3323 1
3323 1
3323 1
3323 1
3323 1
3323 1
3323 1
3323 1
3323 1
3323 1
3323 1
3323 1
3323 1
3323 1
3323 1
3323 1
3374 1
3374 1
3374 1
3374 1
3374 1
3374 1
3374 1
3374 1
3374 1
3374 1
3374 1
3374 1
3374 1
3374 1
3374 1
3374 1
3374 1
3374 1
3374 1
3374 1
3374 1
3462 1
3462 1
3462 1
3462 1
3462 1
3462 1
3462 1
3462 1
3462 1
3462 1
3462 1
3462 1
3462 1
3462 1
3462 1
3462 1
3462 1
3462 1
3462 1
3462 1
3462 1
3499 1
3499 1
3499 1
3499 1
3499 1
3499 1
3499 1
3499 1
3499 1
3499 1
3499 1
3499 1
3499 1
3499 1
3499 1
3499 1
3499 1
3499 1
3499 1
3499 1
3499 1
3664 1
3664 1
3664 1
3664 1
3664 1
3664 1
3664 1
3664 1
3664 1
3664 1
3664 1
3664 1
3664 1
3664 1
3664 1
3664 1
3664 1
3664 1
3664 1
3664 1
3664 1
3704 1
3704 1
3704 1
3704 1
3704 1
3704 1
3704 1
3704 1
3704 1
3704 1
3704 1
3704 1
3704 1
3704 1
3704 1
3704 1
3704 1
3704 1
3704 1
3704 1
3704 1
3264 1
3264 1
3264 1
3264 1
3264 1
3264 1
3264 1
3264 1
3264 1
3264 1
3264 1
3264 1
3264 1
3264 1
3264 1
3264 1
3264 1
3264 1
3264 1
3264 1
3264 1
3538 1
3538 1
3538 1
3538 1
3538 1
3538 1
3538 1
3538 1
3538 1
3538 1
3538 1
3538 1
3538 1
3538 1
3538 1
3538 1
3538 1
3538 1
3538 1
3538 1
3538 1
3581 1
3581 1
3581 1
3581 1
3581 1
3581 1
3581 1
3581 1
3581 1
3581 1
3581 1
3581 1
3581 1
3581 1
3581 1
3581 1
3581 1
3581 1
3581 1
3581 1
3581 1
3622 1
3622 1
3622 1
3622 1
3622 1
3622 1
3622 1
3622 1
3622 1
3622 1
3622 1
3622 1
3622 1
3622 1
3622 1
3622 1
3622 1
3622 1
3622 1
3622 1
3622 1
3665 1
3665 1
3665 1
3665 1
3665 1
3665 1
3665 1
3665 1
3665 1
3665 1
3665 1
3665 1
3665 1
3665 1
3665 1
3665 1
3665 1
3665 1
3665 1
3665 1
3665 1
3705 1
3705 1
3705 1
3705 1
3705 1
3705 1
3705 1
3705 1
3705 1
3705 1
3705 1
3705 1
3705 1
3705 1
3705 1
3705 1
3705 1
3705 1
3705 1
3705 1
3705 1
3155 1
3155 1
3155 1
3155 1
3155 1
3155 1
3155 1
3155 1
3155 1
3155 1
3155 1
3155 1
3155 1
3155 1
3155 1
3155 1
3155 1
3155 1
3155 1
3155 1
3155 1
3265 1
3265 1
3265 1
3265 1
3265 1
3265 1
3265 1
3265 1
3265 1
3265 1
3265 1
3265 1
3265 1
3265 1
3265 1
3265 1
3265 1
3265 1
3265 1
3265 1
3265 1
3582 1
3582 1
3582 1
3582 1
3582 1
3582 1
3582 1
3582 1
3582 1
3582 1
3582 1
3582 1
3582 1
3582 1
3582 1
3582 1
3582 1
3582 1
3582 1
3582 1
3582 1
3623 1
3623 1
3623 1
3623 1
3623 1
3623 1
3623 1
3623 1
3623 1
3623 1
3623 1
3623 1
3623 1
3623 1
3623 1
3623 1
3623 1
3623 1
3623 1
3623 1
3623 1
3666 1
3666 1
3666 1
3666 1
3666 1
3666 1
3666 1
3666 1
3666 1
3666 1
3666 1
3666 1
3666 1
3666 1
3666 1
3666 1
3666 1
3666 1
3666 1
3666 1
3666 1
3101 1
3101 1
3101 1
3101 1
3101 1
3101 1
3101 1
3101 1
3101 1
3101 1
3101 1
3101 1
3101 1
3101 1
3101 1
3101 1
3101 1
3101 1
3101 1
3101 1
3101 1
3156 1
3156 1
3156 1
3156 1
3156 1
3156 1
3156 1
3156 1
3156 1
3156 1
3156 1
3156 1
3156 1
3156 1
3156 1
3156 1
3156 1
3156 1
3156 1
3156 1
3156 1
3212 1
3212 1
3212 1
3212 1
3212 1
3212 1
3212 1
3212 1
3212 1
3212 1
3212 1
3212 1
3212 1
3212 1
3212 1
3212 1
3212 1
3212 1
3212 1
3212 1
3212 1
3266 1
3266 1
3266 1
3266 1
3266 1
3266 1
3266 1
3266 1
3266 1
3266 1
3266 1
3266 1
3266 1
3266 1
3266 1
3266 1
3266 1
3266 1
3266 1
3266 1
3266 1
3465 1
3465 1
3465 1
3465 1
3465 1
3465 1
3465 1
3465 1
3465 1
3465 1
3465 1
3465 1
3465 1
3465 1
3465 1
3465 1
3465 1
3465 1
3465 1
3465 1
3465 1
3502 1
3502 1
3502 1
3502 1
3502 1
3502 1
3502 1
3502 1
3502 1
3502 1
3502 1
3502 1
3502 1
3502 1
3502 1
3502 1
3502 1
3502 1
3502 1
3502 1
3502 1
3540 1
3540 1
3540 1
3540 1
3540 1
3540 1
3540 1
3540 1
3540 1
3540 1
3540 1
3540 1
3540 1
3540 1
3540 1
3540 1
3540 1
3540 1
3540 1
3540 1
3540 1
3043 1
3043 1
3043 1
3043 1
3043 1
3043 1
3043 1
3043 1
3043 1
3043 1
3043 1
3043 1
3043 1
3043 1
3043 1
3043 1
3043 1
3043 1
3043 1
3043 1
3043 1
3157 1
3157 1
3157 1
3157 1
3157 1
3157 1
3157 1
3157 1
3157 1
3157 1
3157 1
3157 1
3157 1
3157 1
3157 1
3157 1
3157 1
3157 1
3157 1
3157 1
3157 1
3213 1
3213 1
3213 1
3213 1
3213 1
3213 1
3213 1
3213 1
3213 1
3213 1
3213 1
3213 1
3213 1
3213 1
3213 1
3213 1
3213 1
3213 1
3213 1
3213 1
3213 1
3267 1
3267 1
3267 1
3267 1
3267 1
3267 1
3267 1
3267 1
3267 1
3267 1
3267 1
3267 1
3267 1
3267 1
3267 1
3267 1
3267 1
3267 1
3267 1
3267 1
3267 1
3327 1
3327 1
3327 1
3327 1
3327 1
3327 1
3327 1
3327 1
3327 1
3327 1
3327 1
3327 1
3327 1
3327 1
3327 1
3327 1
3327 1
3327 1
3327 1
3327 1
3327 1
3378 1
3378 1
3378 1
3378 1
3378 1
3378 1
3378 1
3378 1
3378 1
3378 1
3378 1
3378 1
3378 1
3378 1
3378 1
3378 1
3378 1
3378 1
3378 1
3378 1
3378 1
3423 1
3423 1
3423 1
3423 1
3423 1
3423 1
3423 1
3423 1
3423 1
3423 1
3423 1
3423 1
3423 1
3423 1
3423 1
3423 1
3423 1
3423 1
3423 1
3423 1
3423 1
3503 1
3503 1
3503 1
3503 1
3503 1
3503 1
3503 1
3503 1
3503 1
3503 1
3503 1
3503 1
3503 1
3503 1
3503 1
3503 1
3503 1
3503 1
3503 1
3503 1
3503 1
3541 1
3541 1
3541 1
3541 1
3541 1
3541 1
3541 1
3541 1
3541 1
3541 1
3541 1
3541 1
3541 1
3541 1
3541 1
3541 1
3541 1
3541 1
3541 1
3541 1
3541 1
3584 1
3584 1
3584 1
3584 1
3584 1
3584 1
3584 1
3584 1
3584 1
3584 1
3584 1
3584 1
3584 1
3584 1
3584 1
3584 1
3584 1
3584 1
3584 1
3584 1
3584 1
3625 1
3625 1
3625 1
3625 1
3625 1
3625 1
3625 1
3625 1
3625 1
3625 1
3625 1
3625 1
3625 1
3625 1
3625 1
3625 1
3625 1
3625 1
3625 1
3625 1
3625 1
3668 1
3668 1
3668 1
3668 1
3668 1
3668 1
3668 1
3668 1
3668 1
3668 1
3668 1
3668 1
3668 1
3668 1
3668 1
3668 1
3668 1
3668 1
3668 1
3668 1
3668 1
2985 1
2985 1
2985 1
2985 1
2985 1
2985 1
2985 1
2985 1
2985 1
2985 1
2985 1
2985 1
2985 1
2985 1
2985 1
2985 1
2985 1
2985 1
2985 1
2985 1
2985 1
3214 1
3214 1
3214 1
3214 1
3214 1
3214 1
3214 1
3214 1
3214 1
3214 1
3214 1
3214 1
3214 1
3214 1
3214 1
3214 1
3214 1
3214 1
3214 1
3214 1
3214 1
3268 1
3268 1
3268 1
3268 1
3268 1
3268 1
3268 1
3268 1
3268 1
3268 1
3268 1
3268 1
3268 1
3268 1
3268 1
3268 1
3268 1
3268 1
3268 1
3268 1
3268 1
3328 1
3328 1
3328 1
3328 1
3328 1
3328 1
3328 1
3328 1
3328 1
3328 1
3328 1
3328 1
3328 1
3328 1
3328 1
3328 1
3328 1
3328 1
3328 1
3328 1
3328 1
3379 1
3379 1
3379 1
3379 1
3379 1
3379 1
3379 1
3379 1
3379 1
3379 1
3379 1
3379 1
3379 1
3379 1
3379 1
3379 1
3379 1
3379 1
3379 1
3379 1
3379 1
3424 1
3424 1
3424 1
3424 1
3424 1
3424 1
3424 1
3424 1
3424 1
3424 1
3424 1
3424 1
3424 1
3424 1
3424 1
3424 1
3424 1
3424 1
3424 1
3424 1
3424 1
3467 1
3467 1
3467 1
3467 1
3467 1
3467 1
3467 1
3467 1
3467 1
3467 1
3467 1
3467 1
3467 1
3467 1
3467 1
3467 1
3467 1
3467 1
3467 1
3467 1
3467 1
3504 1
3504 1
3504 1
3504 1
3504 1
3504 1
3504 1
3504 1
3504 1
3504 1
3504 1
3504 1
3504 1
3504 1
3504 1
3504 1
3504 1
3504 1
3504 1
3504 1
3504 1
3542 1
3542 1
3542 1
3542 1
3542 1
3542 1
3542 1
3542 1
3542 1
3542 1
3542 1
3542 1
3542 1
3542 1
3542 1
3542 1
3542 1
3542 1
3542 1
3542 1
3542 1
3585 1
3585 1
3585 1
3585 1
3585 1
3585 1
3585 1
3585 1
3585 1
3585 1
3585 1
3585 1
3585 1
3585 1
3585 1
3585 1
3585 1
3585 1
3585 1
3585 1
3585 1
3329 1
3329 1
3329 1
3329 1
3329 1
3329 1
3329 1
3329 1
3329 1
3329 1
3329 1
3329 1
3329 1
3329 1
3329 1
3329 1
3329 1
3329 1
3329 1
3329 1
3329 1
3380 1
3380 1
3380 1
3380 1
3380 1
3380 1
3380 1
3380 1
3380 1
3380 1
3380 1
3380 1
3380 1
3380 1
3380 1
3380 1
3380 1
3380 1
3380 1
3380 1
3380 1
3425 1
3425 1
3425 1
3425 1
3425 1
3425 1
3425 1
3425 1
3425 1
3425 1
3425 1
3425 1
3425 1
3425 1
3425 1
3425 1
3425 1
3425 1
3425 1
3425 1
3425 1
3505 1
3505 1
3505 1
3505 1
3505 1
3505 1
3505 1
3505 1
3505 1
3505 1
3505 1
3505 1
3505 1
3505 1
3505 1
3505 1
3505 1
3505 1
3505 1
3505 1
3505 1
3469 1
3469 1
3469 1
3469 1
3469 1
3469 1
3469 1
3469 1
3469 1
3469 1
3469 1
3469 1
3469 1
3469 1
3469 1
3469 1
3469 1
3469 1
3469 1
3469 1
3469 1
