pt_graph met
16103 3
16103 14
16104 3
16104 14
16278 3
16278 14
16279 3
16279 14
16449 3
16449 14
16450 3
16450 14
16618 3
16618 14
16619 3
16619 14
16620 3
16620 14
16621 3
16621 14
16790 3
16790 14
16791 3
16791 14
16792 3
16792 14
16793 3
16793 14
16961 3
16961 14
16962 3
16962 14
16963 3
16963 14
16964 3
16964 14
17132 3
17132 14
17133 3
17133 14
17134 3
17134 14
17135 3
17135 14
17305 3
17305 14
17306 3
17306 14
17307 3
17307 14
17308 3
17308 14
17480 3
17480 14
17481 3
17481 14
17482 3
17482 14
17483 3
17483 14
17655 3
17655 14
17656 3
17656 14
17657 3
17657 14
17658 3
17658 14
17659 3
17659 14
17660 3
17660 14
17832 3
17832 14
17833 3
17833 14
17834 3
17834 14
18005 3
18005 14
18006 3
18006 14
18007 3
18007 14
18008 3
18008 14
18178 3
18178 14
18179 3
18179 14
18180 3
18180 14
18181 3
18181 14
18182 3
18182 14
18353 3
18353 14
18354 3
18354 14
18355 3
18355 14
18356 3
18356 14
18357 3
18357 14
18528 3
18528 14
18529 3
18529 14
18530 3
18530 14
18531 3
18531 14
18532 3
18532 14
18533 3
18533 14
18704 3
18704 14
18705 3
18705 14
18706 3
18706 14
18707 3
18707 14
18708 3
18708 14
18709 3
18709 14
18878 3
18878 14
18879 3
18879 14
18880 3
18880 14
18881 3
18881 14
18882 3
18882 14
18883 3
18883 14
18884 3
18884 14
19049 3
19049 14
19052 3
19052 14
19053 3
19053 14
19054 3
19054 14
19055 3
19055 14
19056 3
19056 14
19057 3
19057 14
19058 3
19058 14
19059 3
19059 14
19225 3
19225 14
19226 3
19226 14
19228 3
19228 14
19229 3
19229 14
19230 3
19230 14
19231 3
19231 14
19232 3
19232 14
19233 3
19233 14
19234 3
19234 14
19235 3
19235 14
19236 3
19236 14
19404 3
19404 14
19405 3
19405 14
19406 3
19406 14
19407 3
19407 14
19408 3
19408 14
19409 3
19409 14
19410 3
19410 14
19411 3
19411 14
19412 3
19412 14
19414 3
19414 14
19415 3
19415 14
19416 3
19416 14
19583 3
19583 14
19584 3
19584 14
19585 3
19585 14
19586 3
19586 14
19587 3
19587 14
19588 3
19588 14
19589 3
19589 14
19590 3
19590 14
19591 3
19591 14
19592 3
19592 14
19593 3
19593 14
19757 3
19757 14
19758 3
19758 14
19759 3
19759 14
19760 3
19760 14
19761 3
19761 14
19762 3
19762 14
19763 3
19763 14
19764 3
19764 14
19765 3
19765 14
19766 3
19766 14
19767 3
19767 14
19768 3
19768 14
19932 3
19932 14
19933 3
19933 14
19934 3
19934 14
19935 3
19935 14
19936 3
19936 14
19937 3
19937 14
19938 3
19938 14
19939 3
19939 14
19940 3
19940 14
19941 3
19941 14
19942 3
19942 14
19943 3
19943 14
19944 3
19944 14
19945 3
19945 14
19946 3
19946 14
19947 3
19947 14
19948 3
19948 14
19949 3
19949 14
20104 3
20104 14
20105 3
20105 14
20106 3
20106 14
20107 3
20107 14
20108 3
20108 14
20109 3
20109 14
20110 3
20110 14
20111 3
20111 14
20112 3
20112 14
20113 3
20113 14
20114 3
20114 14
20115 3
20115 14
20116 3
20116 14
20117 3
20117 14
20118 3
20118 14
20119 3
20119 14
20120 3
20120 14
20121 3
20121 14
20264 3
20264 14
20265 3
20265 14
20266 3
20266 14
20267 3
20267 14
20268 3
20268 14
20269 3
20269 14
20270 3
20270 14
20271 3
20271 14
20272 3
20272 14
20273 3
20273 14
20274 3
20274 14
20275 3
20275 14
20276 3
20276 14
20277 3
20277 14
20278 3
20278 14
20279 3
20279 14
20280 3
20280 14
20281 3
20281 14
20283 3
20283 14
20284 3
20284 14
20424 3
20424 14
20425 3
20425 14
20426 3
20426 14
20427 3
20427 14
20428 3
20428 14
20429 3
20429 14
20430 3
20430 14
20431 3
20431 14
20432 3
20432 14
20433 3
20433 14
20434 3
20434 14
20435 3
20435 14
20436 3
20436 14
20437 3
20437 14
20438 3
20438 14
20439 3
20439 14
20440 3
20440 14
20441 3
20441 14
20442 3
20442 14
20443 3
20443 14
20575 3
20575 14
20576 3
20576 14
20577 3
20577 14
20578 3
20578 14
20579 3
20579 14
20580 3
20580 14
20581 3
20581 14
20582 3
20582 14
20583 3
20583 14
20584 3
20584 14
20585 3
20585 14
20586 3
20586 14
20587 3
20587 14
20588 3
20588 14
20589 3
20589 14
20590 3
20590 14
20591 3
20591 14
20592 3
20592 14
20593 3
20593 14
20714 3
20714 14
20715 3
20715 14
20716 3
20716 14
20717 3
20717 14
20718 3
20718 14
20719 3
20719 14
20720 3
20720 14
20721 3
20721 14
20722 3
20722 14
20723 3
20723 14
20724 3
20724 14
20725 3
20725 14
20726 3
20726 14
20727 3
20727 14
20728 3
20728 14
20729 3
20729 14
20730 3
20730 14
20731 3
20731 14
20732 3
20732 14
20733 3
20733 14
20734 3
20734 14
20845 3
20845 14
20847 3
20847 14
20848 3
20848 14
20849 3
20849 14
20850 3
20850 14
20851 3
20851 14
20852 3
20852 14
20853 3
20853 14
20854 3
20854 14
20855 3
20855 14
20856 3
20856 14
20857 3
20857 14
20858 3
20858 14
20859 3
20859 14
20860 3
20860 14
20861 3
20861 14
20862 3
20862 14
20863 3
20863 14
20864 3
20864 14
20865 3
20865 14
20866 3
20866 14
20868 3
20868 14
20869 3
20869 14
20870 3
20870 14
20871 3
20871 14
20872 3
20872 14
20972 3
20972 14
20973 3
20973 14
20974 3
20974 14
20975 3
20975 14
20976 3
20976 14
20977 3
20977 14
20979 3
20979 14
20980 3
20980 14
20981 3
20981 14
20982 3
20982 14
20986 3
20986 14
20987 3
20987 14
20988 3
20988 14
20989 3
20989 14
20990 3
20990 14
20991 3
20991 14
20992 3
20992 14
20993 3
20993 14
20994 3
20994 14
20995 3
20995 14
20996 3
20996 14
20997 3
20997 14
20998 3
20998 14
20999 3
20999 14
21100 3
21100 14
21101 3
21101 14
21102 3
21102 14
21103 3
21103 14
21114 3
21114 14
21115 3
21115 14
21116 3
21116 14
21117 3
21117 14
21118 3
21118 14
21120 3
21120 14
21121 3
21121 14
21122 3
21122 14
21123 3
21123 14
21124 3
21124 14
21125 3
21125 14
21126 3
21126 14
21127 3
21127 14
21213 3
21213 14
21214 3
21214 14
21215 3
21215 14
21216 3
21216 14
21217 3
21217 14
21218 3
21218 14
21230 3
21230 14
21231 3
21231 14
21232 3
21232 14
21233 3
21233 14
21234 3
21234 14
21235 3
21235 14
21236 3
21236 14
21237 3
21237 14
21238 3
21238 14
21239 3
21239 14
21240 3
21240 14
21241 3
21241 14
21242 3
21242 14
21243 3
21243 14
21244 3
21244 14
21320 3
21320 14
21321 3
21321 14
21322 3
21322 14
21323 3
21323 14
21324 3
21324 14
21325 3
21325 14
21326 3
21326 14
21327 3
21327 14
21338 3
21338 14
21339 3
21339 14
21340 3
21340 14
21341 3
21341 14
21342 3
21342 14
21343 3
21343 14
21344 3
21344 14
21345 3
21345 14
21346 3
21346 14
21347 3
21347 14
21348 3
21348 14
21349 3
21349 14
21350 3
21350 14
21351 3
21351 14
21352 3
21352 14
21353 3
21353 14
21354 3
21354 14
21428 3
21428 14
21429 3
21429 14
21430 3
21430 14
21431 3
21431 14
21432 3
21432 14
21433 3
21433 14
21434 3
21434 14
21446 3
21446 14
21447 3
21447 14
21448 3
21448 14
21449 3
21449 14
21450 3
21450 14
21451 3
21451 14
21452 3
21452 14
21453 3
21453 14
21454 3
21454 14
21455 3
21455 14
21456 3
21456 14
21457 3
21457 14
21458 3
21458 14
21459 3
21459 14
21460 3
21460 14
21461 3
21461 14
21462 3
21462 14
21525 3
21525 14
21526 3
21526 14
21527 3
21527 14
21528 3
21528 14
21529 3
21529 14
21530 3
21530 14
21542 3
21542 14
21543 3
21543 14
21544 3
21544 14
21545 3
21545 14
21546 3
21546 14
21547 3
21547 14
21548 3
21548 14
21549 3
21549 14
21550 3
21550 14
21551 3
21551 14
21552 3
21552 14
21553 3
21553 14
21554 3
21554 14
21555 3
21555 14
21556 3
21556 14
21557 3
21557 14
21558 3
21558 14
21559 3
21559 14
21560 3
21560 14
21561 3
21561 14
21562 3
21562 14
21563 3
21563 14
21624 3
21624 14
21625 3
21625 14
21626 3
21626 14
21627 3
21627 14
21628 3
21628 14
21629 3
21629 14
21630 3
21630 14
21631 3
21631 14
21642 3
21642 14
21643 3
21643 14
21644 3
21644 14
21645 3
21645 14
21646 3
21646 14
21647 3
21647 14
21648 3
21648 14
21649 3
21649 14
21650 3
21650 14
21651 3
21651 14
21652 3
21652 14
21653 3
21653 14
21654 3
21654 14
21655 3
21655 14
21656 3
21656 14
21657 3
21657 14
21658 3
21658 14
21659 3
21659 14
21660 3
21660 14
21661 3
21661 14
21662 3
21662 14
21663 3
21663 14
21664 3
21664 14
21722 3
21722 14
21724 3
21724 14
21725 3
21725 14
21726 3
21726 14
21727 3
21727 14
21728 3
21728 14
21729 3
21729 14
21741 3
21741 14
21742 3
21742 14
21743 3
21743 14
21744 3
21744 14
21745 3
21745 14
21746 3
21746 14
21747 3
21747 14
21748 3
21748 14
21749 3
21749 14
21750 3
21750 14
21751 3
21751 14
21752 3
21752 14
21753 3
21753 14
21754 3
21754 14
21755 3
21755 14
21756 3
21756 14
21757 3
21757 14
21758 3
21758 14
21759 3
21759 14
21760 3
21760 14
21761 3
21761 14
21762 3
21762 14
21763 3
21763 14
21820 3
21820 14
21821 3
21821 14
21822 3
21822 14
21823 3
21823 14
21824 3
21824 14
21825 3
21825 14
21826 3
21826 14
21827 3
21827 14
21839 3
21839 14
21840 3
21840 14
21841 3
21841 14
21842 3
21842 14
21843 3
21843 14
21844 3
21844 14
21845 3
21845 14
21846 3
21846 14
21847 3
21847 14
21848 3
21848 14
21852 3
21852 14
21853 3
21853 14
21854 3
21854 14
21855 3
21855 14
21856 3
21856 14
21857 3
21857 14
21858 3
21858 14
21859 3
21859 14
21860 3
21860 14
21861 3
21861 14
21918 3
21918 14
21919 3
21919 14
21920 3
21920 14
21921 3
21921 14
21922 3
21922 14
21923 3
21923 14
21924 3
21924 14
21925 3
21925 14
21938 3
21938 14
21939 3
21939 14
21940 3
21940 14
21941 3
21941 14
21942 3
21942 14
21943 3
21943 14
21944 3
21944 14
21945 3
21945 14
21946 3
21946 14
21950 3
21950 14
21951 3
21951 14
21952 3
21952 14
21953 3
21953 14
21954 3
21954 14
21955 3
21955 14
21956 3
21956 14
21957 3
21957 14
22011 3
22011 14
22012 3
22012 14
22013 3
22013 14
22014 3
22014 14
22015 3
22015 14
22016 3
22016 14
22017 3
22017 14
22018 3
22018 14
22031 3
22031 14
22032 3
22032 14
22033 3
22033 14
22034 3
22034 14
22035 3
22035 14
22036 3
22036 14
22037 3
22037 14
22038 3
22038 14
22044 3
22044 14
22045 3
22045 14
22046 3
22046 14
22047 3
22047 14
22048 3
22048 14
22049 3
22049 14
22050 3
22050 14
22051 3
22051 14
22052 3
22052 14
22053 3
22053 14
22104 3
22104 14
22105 3
22105 14
22106 3
22106 14
22107 3
22107 14
22108 3
22108 14
22109 3
22109 14
22110 3
22110 14
22111 3
22111 14
22125 3
22125 14
22126 3
22126 14
22127 3
22127 14
22128 3
22128 14
22129 3
22129 14
22130 3
22130 14
22131 3
22131 14
22137 3
22137 14
22138 3
22138 14
22139 3
22139 14
22140 3
22140 14
22141 3
22141 14
22142 3
22142 14
22143 3
22143 14
22144 3
22144 14
22145 3
22145 14
22146 3
22146 14
22200 3
22200 14
22201 3
22201 14
22202 3
22202 14
22203 3
22203 14
22204 3
22204 14
22205 3
22205 14
22206 3
22206 14
22220 3
22220 14
22221 3
22221 14
22222 3
22222 14
22223 3
22223 14
22224 3
22224 14
22225 3
22225 14
22233 3
22233 14
22234 3
22234 14
22235 3
22235 14
22236 3
22236 14
22237 3
22237 14
22238 3
22238 14
22239 3
22239 14
22240 3
22240 14
22241 3
22241 14
22293 3
22293 14
22294 3
22294 14
22295 3
22295 14
22296 3
22296 14
22297 3
22297 14
22298 3
22298 14
22299 3
22299 14
22300 3
22300 14
22315 3
22315 14
22316 3
22316 14
22317 3
22317 14
22318 3
22318 14
22328 3
22328 14
22329 3
22329 14
22330 3
22330 14
22331 3
22331 14
22332 3
22332 14
22333 3
22333 14
22334 3
22334 14
22335 3
22335 14
22337 3
22337 14
22387 3
22387 14
22388 3
22388 14
22389 3
22389 14
22390 3
22390 14
22391 3
22391 14
22392 3
22392 14
22407 3
22407 14
22419 3
22419 14
22420 3
22420 14
22421 3
22421 14
22422 3
22422 14
22423 3
22423 14
22424 3
22424 14
22425 3
22425 14
22426 3
22426 14
22427 3
22427 14
22428 3
22428 14
22479 3
22479 14
22480 3
22480 14
22481 3
22481 14
22482 3
22482 14
22483 3
22483 14
22484 3
22484 14
22511 3
22511 14
22512 3
22512 14
22513 3
22513 14
22514 3
22514 14
22515 3
22515 14
22516 3
22516 14
22517 3
22517 14
22518 3
22518 14
22519 3
22519 14
22520 3
22520 14
22563 3
22563 14
22564 3
22564 14
22565 3
22565 14
22566 3
22566 14
22567 3
22567 14
22568 3
22568 14
22569 3
22569 14
22570 3
22570 14
22596 3
22596 14
22597 3
22597 14
22598 3
22598 14
22599 3
22599 14
22600 3
22600 14
22601 3
22601 14
22602 3
22602 14
22603 3
22603 14
22604 3
22604 14
22605 3
22605 14
22606 3
22606 14
22649 3
22649 14
22650 3
22650 14
22651 3
22651 14
22652 3
22652 14
22653 3
22653 14
22654 3
22654 14
22655 3
22655 14
22656 3
22656 14
22683 3
22683 14
22684 3
22684 14
22685 3
22685 14
22686 3
22686 14
22687 3
22687 14
22688 3
22688 14
22689 3
22689 14
22690 3
22690 14
22691 3
22691 14
22733 3
22733 14
22734 3
22734 14
22735 3
22735 14
22736 3
22736 14
22737 3
22737 14
22738 3
22738 14
22739 3
22739 14
22740 3
22740 14
22741 3
22741 14
22766 3
22766 14
22767 3
22767 14
22768 3
22768 14
22769 3
22769 14
22770 3
22770 14
22771 3
22771 14
22772 3
22772 14
22773 3
22773 14
22818 3
22818 14
22819 3
22819 14
22820 3
22820 14
22821 3
22821 14
22822 3
22822 14
22823 3
22823 14
22824 3
22824 14
22825 3
22825 14
22826 3
22826 14
22827 3
22827 14
22851 3
22851 14
22852 3
22852 14
22853 3
22853 14
22854 3
22854 14
22855 3
22855 14
22856 3
22856 14
22857 3
22857 14
22858 3
22858 14
22859 3
22859 14
22900 3
22900 14
22901 3
22901 14
22902 3
22902 14
22903 3
22903 14
22904 3
22904 14
22905 3
22905 14
22906 3
22906 14
22907 3
22907 14
22908 3
22908 14
22933 3
22933 14
22934 3
22934 14
22935 3
22935 14
22936 3
22936 14
22937 3
22937 14
22938 3
22938 14
22939 3
22939 14
22940 3
22940 14
22941 3
22941 14
22942 3
22942 14
22943 3
22943 14
22985 3
22985 14
22986 3
22986 14
22987 3
22987 14
22988 3
22988 14
22989 3
22989 14
22990 3
22990 14
23015 3
23015 14
23016 3
23016 14
23017 3
23017 14
23018 3
23018 14
23019 3
23019 14
23020 3
23020 14
23021 3
23021 14
23022 3
23022 14
23023 3
23023 14
23024 3
23024 14
23025 3
23025 14
23026 3
23026 14
23064 3
23064 14
23065 3
23065 14
23066 3
23066 14
23067 3
23067 14
23068 3
23068 14
23069 3
23069 14
23070 3
23070 14
23071 3
23071 14
23072 3
23072 14
23098 3
23098 14
23099 3
23099 14
23100 3
23100 14
23101 3
23101 14
23102 3
23102 14
23103 3
23103 14
23104 3
23104 14
23105 3
23105 14
23106 3
23106 14
23107 3
23107 14
23108 3
23108 14
23141 3
23141 14
23142 3
23142 14
23143 3
23143 14
23144 3
23144 14
23145 3
23145 14
23146 3
23146 14
23147 3
23147 14
23148 3
23148 14
23149 3
23149 14
23174 3
23174 14
23175 3
23175 14
23176 3
23176 14
23177 3
23177 14
23178 3
23178 14
23179 3
23179 14
23180 3
23180 14
23181 3
23181 14
23182 3
23182 14
23183 3
23183 14
23184 3
23184 14
23185 3
23185 14
23219 3
23219 14
23220 3
23220 14
23221 3
23221 14
23222 3
23222 14
23223 3
23223 14
23224 3
23224 14
23225 3
23225 14
23226 3
23226 14
23251 3
23251 14
23252 3
23252 14
23253 3
23253 14
23254 3
23254 14
23255 3
23255 14
23256 3
23256 14
23257 3
23257 14
23258 3
23258 14
23259 3
23259 14
23260 3
23260 14
23261 3
23261 14
23262 3
23262 14
23297 3
23297 14
23298 3
23298 14
23299 3
23299 14
23300 3
23300 14
23301 3
23301 14
23302 3
23302 14
23303 3
23303 14
23327 3
23327 14
23328 3
23328 14
23329 3
23329 14
23330 3
23330 14
23331 3
23331 14
23332 3
23332 14
23333 3
23333 14
23334 3
23334 14
23335 3
23335 14
23336 3
23336 14
23369 3
23369 14
23370 3
23370 14
23371 3
23371 14
23372 3
23372 14
23373 3
23373 14
23397 3
23397 14
23398 3
23398 14
23399 3
23399 14
23400 3
23400 14
23401 3
23401 14
23402 3
23402 14
23403 3
23403 14
23404 3
23404 14
23405 3
23405 14
23439 3
23439 14
23440 3
23440 14
23441 3
23441 14
23442 3
23442 14
23443 3
23443 14
23444 3
23444 14
23468 3
23468 14
23469 3
23469 14
23470 3
23470 14
23471 3
23471 14
23472 3
23472 14
23473 3
23473 14
23474 3
23474 14
23475 3
23475 14
23476 3
23476 14
23477 3
23477 14
23478 3
23478 14
23518 3
23518 14
23519 3
23519 14
23520 3
23520 14
23521 3
23521 14
23522 3
23522 14
23523 3
23523 14
23547 3
23547 14
23548 3
23548 14
23549 3
23549 14
23550 3
23550 14
23551 3
23551 14
23552 3
23552 14
23553 3
23553 14
23554 3
23554 14
23555 3
23555 14
23556 3
23556 14
23599 3
23599 14
23600 3
23600 14
23601 3
23601 14
23625 3
23625 14
23626 3
23626 14
23627 3
23627 14
23628 3
23628 14
23629 3
23629 14
23630 3
23630 14
23631 3
23631 14
23632 3
23632 14
23633 3
23633 14
23634 3
23634 14
23635 3
23635 14
23678 3
23678 14
23679 3
23679 14
23680 3
23680 14
23705 3
23705 14
23706 3
23706 14
23707 3
23707 14
23708 3
23708 14
23709 3
23709 14
23710 3
23710 14
23711 3
23711 14
23712 3
23712 14
23713 3
23713 14
23714 3
23714 14
23715 3
23715 14
23758 3
23758 14
23759 3
23759 14
23760 3
23760 14
23761 3
23761 14
23762 3
23762 14
23763 3
23763 14
23789 3
23789 14
23790 3
23790 14
23791 3
23791 14
23792 3
23792 14
23793 3
23793 14
23794 3
23794 14
23795 3
23795 14
23797 3
23797 14
23842 3
23842 14
23843 3
23843 14
23844 3
23844 14
23845 3
23845 14
23846 3
23846 14
23872 3
23872 14
23873 3
23873 14
23874 3
23874 14
23875 3
23875 14
23876 3
23876 14
23877 3
23877 14
23878 3
23878 14
23879 3
23879 14
23927 3
23927 14
23928 3
23928 14
23929 3
23929 14
23930 3
23930 14
23931 3
23931 14
23932 3
23932 14
23958 3
23958 14
23959 3
23959 14
23960 3
23960 14
23961 3
23961 14
23962 3
23962 14
23963 3
23963 14
23964 3
23964 14
23965 3
23965 14
24010 3
24010 14
24011 3
24011 14
24012 3
24012 14
24013 3
24013 14
24014 3
24014 14
24015 3
24015 14
24040 3
24040 14
24041 3
24041 14
24042 3
24042 14
24043 3
24043 14
24044 3
24044 14
24045 3
24045 14
24046 3
24046 14
24047 3
24047 14
24100 3
24100 14
24101 3
24101 14
24102 3
24102 14
24103 3
24103 14
24104 3
24104 14
24105 3
24105 14
24130 3
24130 14
24131 3
24131 14
24132 3
24132 14
24133 3
24133 14
24134 3
24134 14
24181 3
24181 14
24182 3
24182 14
24183 3
24183 14
24184 3
24184 14
24185 3
24185 14
24186 3
24186 14
24211 3
24211 14
24212 3
24212 14
24213 3
24213 14
24214 3
24214 14
24215 3
24215 14
24216 3
24216 14
24263 3
24263 14
24264 3
24264 14
24265 3
24265 14
24266 3
24266 14
24267 3
24267 14
24268 3
24268 14
24293 3
24293 14
24294 3
24294 14
24295 3
24295 14
24296 3
24296 14
24297 3
24297 14
24298 3
24298 14
24347 3
24347 14
24348 3
24348 14
24349 3
24349 14
24350 3
24350 14
24351 3
24351 14
24352 3
24352 14
24353 3
24353 14
24378 3
24378 14
24379 3
24379 14
24380 3
24380 14
24381 3
24381 14
24382 3
24382 14
24383 3
24383 14
24437 3
24437 14
24438 3
24438 14
24439 3
24439 14
24440 3
24440 14
24441 3
24441 14
24442 3
24442 14
24443 3
24443 14
24444 3
24444 14
24470 3
24470 14
24471 3
24471 14
24472 3
24472 14
24474 3
24474 14
24527 3
24527 14
24528 3
24528 14
24529 3
24529 14
24530 3
24530 14
24531 3
24531 14
24532 3
24532 14
24533 3
24533 14
24534 3
24534 14
24559 3
24559 14
24560 3
24560 14
24561 3
24561 14
24562 3
24562 14
24563 3
24563 14
24618 3
24618 14
24619 3
24619 14
24620 3
24620 14
24621 3
24621 14
24622 3
24622 14
24623 3
24623 14
24624 3
24624 14
24625 3
24625 14
24626 3
24626 14
24651 3
24651 14
24652 3
24652 14
24653 3
24653 14
24654 3
24654 14
24655 3
24655 14
24714 3
24714 14
24715 3
24715 14
24716 3
24716 14
24717 3
24717 14
24718 3
24718 14
24743 3
24743 14
24744 3
24744 14
24745 3
24745 14
24746 3
24746 14
24801 3
24801 14
24802 3
24802 14
24803 3
24803 14
24804 3
24804 14
24805 3
24805 14
24806 3
24806 14
24831 3
24831 14
24832 3
24832 14
24833 3
24833 14
24834 3
24834 14
24835 3
24835 14
24836 3
24836 14
24884 3
24884 14
24885 3
24885 14
24886 3
24886 14
24887 3
24887 14
24888 3
24888 14
24889 3
24889 14
24890 3
24890 14
24914 3
24914 14
24915 3
24915 14
24916 3
24916 14
24917 3
24917 14
24918 3
24918 14
24966 3
24966 14
24967 3
24967 14
24968 3
24968 14
24969 3
24969 14
24970 3
24970 14
24971 3
24971 14
24972 3
24972 14
24973 3
24973 14
24996 3
24996 14
24997 3
24997 14
24998 3
24998 14
24999 3
24999 14
25000 3
25000 14
25048 3
25048 14
25049 3
25049 14
25050 3
25050 14
25051 3
25051 14
25052 3
25052 14
25053 3
25053 14
25054 3
25054 14
25055 3
25055 14
25078 3
25078 14
25079 3
25079 14
25080 3
25080 14
25081 3
25081 14
25082 3
25082 14
25128 3
25128 14
25129 3
25129 14
25130 3
25130 14
25131 3
25131 14
25132 3
25132 14
25133 3
25133 14
25134 3
25134 14
25155 3
25155 14
25156 3
25156 14
25157 3
25157 14
25158 3
25158 14
25159 3
25159 14
25160 3
25160 14
25161 3
25161 14
25205 3
25205 14
25206 3
25206 14
25207 3
25207 14
25208 3
25208 14
25209 3
25209 14
25210 3
25210 14
25211 3
25211 14
25231 3
25231 14
25232 3
25232 14
25233 3
25233 14
25234 3
25234 14
25235 3
25235 14
25278 3
25278 14
25279 3
25279 14
25280 3
25280 14
25281 3
25281 14
25282 3
25282 14
25283 3
25283 14
25303 3
25303 14
25304 3
25304 14
25305 3
25305 14
25306 3
25306 14
25307 3
25307 14
25348 3
25348 14
25349 3
25349 14
25350 3
25350 14
25351 3
25351 14
25352 3
25352 14
25353 3
25353 14
25373 3
25373 14
25374 3
25374 14
25375 3
25375 14
25376 3
25376 14
25377 3
25377 14
25417 3
25417 14
25418 3
25418 14
25419 3
25419 14
25420 3
25420 14
25421 3
25421 14
25422 3
25422 14
25442 3
25442 14
25443 3
25443 14
25444 3
25444 14
25445 3
25445 14
25446 3
25446 14
25487 3
25487 14
25488 3
25488 14
25489 3
25489 14
25490 3
25490 14
25491 3
25491 14
25511 3
25511 14
25512 3
25512 14
25513 3
25513 14
25514 3
25514 14
25553 3
25553 14
25554 3
25554 14
25555 3
25555 14
25556 3
25556 14
25557 3
25557 14
25558 3
25558 14
25577 3
25577 14
25578 3
25578 14
25579 3
25579 14
25580 3
25580 14
25581 3
25581 14
25622 3
25622 14
25623 3
25623 14
25624 3
25624 14
25625 3
25625 14
25626 3
25626 14
25627 3
25627 14
25628 3
25628 14
25645 3
25645 14
25646 3
25646 14
25647 3
25647 14
25648 3
25648 14
25649 3
25649 14
25688 3
25688 14
25689 3
25689 14
25690 3
25690 14
25691 3
25691 14
25692 3
25692 14
25693 3
25693 14
25694 3
25694 14
25711 3
25711 14
25712 3
25712 14
25713 3
25713 14
25714 3
25714 14
25752 3
25752 14
25753 3
25753 14
25754 3
25754 14
25755 3
25755 14
25756 3
25756 14
25757 3
25757 14
25758 3
25758 14
25759 3
25759 14
25774 3
25774 14
25775 3
25775 14
25776 3
25776 14
25777 3
25777 14
25815 3
25815 14
25816 3
25816 14
25817 3
25817 14
25818 3
25818 14
25819 3
25819 14
25820 3
25820 14
25821 3
25821 14
25822 3
25822 14
25823 3
25823 14
25825 3
25825 14
25826 3
25826 14
25827 3
25827 14
25837 3
25837 14
25838 3
25838 14
25839 3
25839 14
25840 3
25840 14
25877 3
25877 14
25878 3
25878 14
25879 3
25879 14
25880 3
25880 14
25881 3
25881 14
25882 3
25882 14
25883 3
25883 14
25884 3
25884 14
25885 3
25885 14
25886 3
25886 14
25887 3
25887 14
25888 3
25888 14
25889 3
25889 14
25890 3
25890 14
25899 3
25899 14
25900 3
25900 14
25901 3
25901 14
25902 3
25902 14
25939 3
25939 14
25940 3
25940 14
25941 3
25941 14
25942 3
25942 14
25943 3
25943 14
25944 3
25944 14
25945 3
25945 14
25946 3
25946 14
25947 3
25947 14
25948 3
25948 14
25949 3
25949 14
25950 3
25950 14
25951 3
25951 14
25958 3
25958 14
25959 3
25959 14
25960 3
25960 14
25961 3
25961 14
25962 3
25962 14
25963 3
25963 14
26002 3
26002 14
26003 3
26003 14
26004 3
26004 14
26005 3
26005 14
26006 3
26006 14
26007 3
26007 14
26008 3
26008 14
26009 3
26009 14
26010 3
26010 14
26011 3
26011 14
26012 3
26012 14
26013 3
26013 14
26014 3
26014 14
26021 3
26021 14
26022 3
26022 14
26023 3
26023 14
26024 3
26024 14
26025 3
26025 14
26026 3
26026 14
26057 3
26057 14
26058 3
26058 14
26059 3
26059 14
26060 3
26060 14
26061 3
26061 14
26062 3
26062 14
26063 3
26063 14
26064 3
26064 14
26065 3
26065 14
26066 3
26066 14
26067 3
26067 14
26068 3
26068 14
26075 3
26075 14
26076 3
26076 14
26077 3
26077 14
26078 3
26078 14
26079 3
26079 14
26080 3
26080 14
26101 3
26101 14
26102 3
26102 14
26103 3
26103 14
26104 3
26104 14
26105 3
26105 14
26106 3
26106 14
26107 3
26107 14
26108 3
26108 14
26109 3
26109 14
26110 3
26110 14
26111 3
26111 14
26117 3
26117 14
26118 3
26118 14
26119 3
26119 14
26120 3
26120 14
26121 3
26121 14
26138 3
26138 14
26139 3
26139 14
26140 3
26140 14
26141 3
26141 14
26142 3
26142 14
26143 3
26143 14
26144 3
26144 14
26145 3
26145 14
26146 3
26146 14
26147 3
26147 14
26148 3
26148 14
26154 3
26154 14
26155 3
26155 14
26156 3
26156 14
26157 3
26157 14
26158 3
26158 14
26173 3
26173 14
26174 3
26174 14
26175 3
26175 14
26176 3
26176 14
26177 3
26177 14
26178 3
26178 14
26179 3
26179 14
26180 3
26180 14
26181 3
26181 14
26182 3
26182 14
26183 3
26183 14
26188 3
26188 14
26189 3
26189 14
26190 3
26190 14
26191 3
26191 14
26205 3
26205 14
26206 3
26206 14
26207 3
26207 14
26208 3
26208 14
26209 3
26209 14
26210 3
26210 14
26211 3
26211 14
26212 3
26212 14
26213 3
26213 14
26218 3
26218 14
26219 3
26219 14
26220 3
26220 14
26221 3
26221 14
26222 3
26222 14
26236 3
26236 14
26237 3
26237 14
26238 3
26238 14
26239 3
26239 14
26240 3
26240 14
26241 3
26241 14
26246 3
26246 14
26247 3
26247 14
26248 3
26248 14
26249 3
26249 14
26250 3
26250 14
26265 3
26265 14
26266 3
26266 14
26267 3
26267 14
26268 3
26268 14
26269 3
26269 14
26274 3
26274 14
26275 3
26275 14
26276 3
26276 14
26277 3
26277 14
26292 3
26292 14
26293 3
26293 14
26295 3
26295 14
26296 3
26296 14
26297 3
26297 14
26302 3
26302 14
26303 3
26303 14
26304 3
26304 14
26305 3
26305 14
26321 3
26321 14
26322 3
26322 14
26323 3
26323 14
26324 3
26324 14
26329 3
26329 14
26330 3
26330 14
26331 3
26331 14
26332 3
26332 14
26346 3
26346 14
26347 3
26347 14
26348 3
26348 14
26349 3
26349 14
26353 3
26353 14
26354 3
26354 14
26355 3
26355 14
26356 3
26356 14
26357 3
26357 14
26371 3
26371 14
26372 3
26372 14
26373 3
26373 14
26374 3
26374 14
26375 3
26375 14
26376 3
26376 14
26377 3
26377 14
26378 3
26378 14
26379 3
26379 14
26380 3
26380 14
26381 3
26381 14
26382 3
26382 14
26383 3
26383 14
26397 3
26397 14
26398 3
26398 14
26399 3
26399 14
26400 3
26400 14
26401 3
26401 14
26402 3
26402 14
26403 3
26403 14
26404 3
26404 14
26405 3
26405 14
26406 3
26406 14
26407 3
26407 14
26408 3
26408 14
26409 3
26409 14
26410 3
26410 14
26411 3
26411 14
26426 3
26426 14
26427 3
26427 14
26428 3
26428 14
26429 3
26429 14
26430 3
26430 14
26431 3
26431 14
26432 3
26432 14
26433 3
26433 14
26434 3
26434 14
26435 3
26435 14
26436 3
26436 14
26437 3
26437 14
26438 3
26438 14
26439 3
26439 14
26440 3
26440 14
26453 3
26453 14
26454 3
26454 14
26455 3
26455 14
26456 3
26456 14
26457 3
26457 14
26458 3
26458 14
26459 3
26459 14
26460 3
26460 14
26461 3
26461 14
26462 3
26462 14
26463 3
26463 14
26464 3
26464 14
26465 3
26465 14
26466 3
26466 14
26467 3
26467 14
26482 3
26482 14
26483 3
26483 14
26484 3
26484 14
26485 3
26485 14
26486 3
26486 14
26487 3
26487 14
26488 3
26488 14
26489 3
26489 14
26490 3
26490 14
26491 3
26491 14
26492 3
26492 14
26493 3
26493 14
26494 3
26494 14
26495 3
26495 14
26510 3
26510 14
26511 3
26511 14
26512 3
26512 14
26513 3
26513 14
26514 3
26514 14
26515 3
26515 14
26516 3
26516 14
26517 3
26517 14
26518 3
26518 14
26519 3
26519 14
26520 3
26520 14
26521 3
26521 14
26522 3
26522 14
26536 3
26536 14
26537 3
26537 14
26538 3
26538 14
26539 3
26539 14
26540 3
26540 14
26541 3
26541 14
26542 3
26542 14
26543 3
26543 14
26544 3
26544 14
26545 3
26545 14
26546 3
26546 14
26547 3
26547 14
26548 3
26548 14
26563 3
26563 14
26564 3
26564 14
26565 3
26565 14
26566 3
26566 14
26567 3
26567 14
26568 3
26568 14
26569 3
26569 14
26570 3
26570 14
26571 3
26571 14
26572 3
26572 14
26573 3
26573 14
26574 3
26574 14
26589 3
26589 14
26590 3
26590 14
26591 3
26591 14
26592 3
26592 14
26593 3
26593 14
26595 3
26595 14
26596 3
26596 14
26597 3
26597 14
26598 3
26598 14
26613 3
26613 14
26614 3
26614 14
26615 3
26615 14
26632 3
26632 14
26633 3
26633 14
26634 3
26634 14
26635 3
26635 14
26651 3
26651 14
26667 3
26667 14
37570 3
37570 14
37652 3
37652 14
37653 3
37653 14
37655 3
37655 14
37658 3
37658 14
37819 3
37819 14
37820 3
37820 14
37825 3
37825 14
37827 3
37827 14
37828 3
37828 14
37830 3
37830 14
