0 31 991 0 1 2 3 4
0 31 1105 0 1 2 3 4
0 31 1148 0 1 2 3 4
0 31 1234 0 1 2 3 4
0 31 1277 0 1 2 3 4
0 31 1279 0 1 2 3 4
0 31 1313 0 1 2 3 4
0 31 1318 0 1 2 3 4
0 31 1356 0 1 2 3 4
0 31 1358 0 1 2 3 4
0 31 1398 0 1 2 3 4
0 31 1439 0 1 2 3 4
0 31 1486 0 1 2 3 4
0 31 1673 0 1 2 3 4
0 31 1682 0 1 2 3 4
0 31 1731 0 1 2 3 4
0 31 1732 0 1 2 3 4
0 31 1789 0 1 2 3 4
0 31 1793 0 1 2 3 4
0 31 1858 0 1 2 3 4
0 31 1861 0 1 2 3 4
0 31 1924 0 1 2 3 4
0 31 1925 0 1 2 3 4
0 31 1927 0 1 2 3 4
0 31 2004 0 1 2 3 4
0 31 2039 0 1 2 3 4
0 31 2043 0 1 2 3 4
0 31 2168 0 1 2 3 4
0 31 2209 0 1 2 3 4
0 31 2261 0 1 2 3 4
0 31 2291 0 1 2 3 4
0 31 2341 0 1 2 3 4
0 31 2343 0 1 2 3 4
0 31 2347 0 1 2 3 4
0 31 2371 0 1 2 3 4
0 31 2416 0 1 2 3 4
0 31 2423 0 1 2 3 4
0 31 2431 0 1 2 3 4
0 31 2433 0 1 2 3 4
0 31 2436 0 1 2 3 4
0 31 2513 0 1 2 3 4
0 31 2514 0 1 2 3 4
0 31 2515 0 1 2 3 4
0 31 2518 0 1 2 3 4
0 31 2520 0 1 2 3 4
0 31 2524 0 1 2 3 4
0 31 2551 0 1 2 3 4
0 31 2598 0 1 2 3 4
0 31 2603 0 1 2 3 4
0 31 2604 0 1 2 3 4
0 31 2605 0 1 2 3 4
0 31 2609 0 1 2 3 4
0 31 2611 0 1 2 3 4
0 31 2617 0 1 2 3 4
0 31 2618 0 1 2 3 4
0 31 2698 0 1 2 3 4
0 31 2700 0 1 2 3 4
0 31 2702 0 1 2 3 4
0 31 2709 0 1 2 3 4
0 31 2710 0 1 2 3 4
0 31 2720 0 1 2 3 4
0 31 2721 0 1 2 3 4
0 31 2781 0 1 2 3 4
0 31 2794 0 1 2 3 4
0 31 2796 0 1 2 3 4
0 31 2802 0 1 2 3 4
0 31 2803 0 1 2 3 4
0 31 2821 0 1 2 3 4
0 31 2838 0 1 2 3 4
0 31 2839 0 1 2 3 4
0 31 2882 0 1 2 3 4
0 31 2898 0 1 2 3 4
0 31 2907 0 1 2 3 4
0 31 2913 0 1 2 3 4
0 31 2916 0 1 2 3 4
0 31 2933 0 1 2 3 4
0 31 2934 0 1 2 3 4
0 31 2980 0 1 2 3 4
0 31 2996 0 1 2 3 4
0 31 2998 0 1 2 3 4
0 31 3002 0 1 2 3 4
0 31 3005 0 1 2 3 4
0 31 3009 0 1 2 3 4
0 31 3022 0 1 2 3 4
0 31 3023 0 1 2 3 4
0 31 3069 0 1 2 3 4
0 31 3072 0 1 2 3 4
0 31 3075 0 1 2 3 4
0 31 3086 0 1 2 3 4
0 31 3091 0 1 2 3 4
0 31 3093 0 1 2 3 4
0 31 3097 0 1 2 3 4
0 31 3100 0 1 2 3 4
0 31 3112 0 1 2 3 4
0 31 3113 0 1 2 3 4
0 31 3114 0 1 2 3 4
0 31 3155 0 1 2 3 4
0 31 3156 0 1 2 3 4
0 31 3171 0 1 2 3 4
0 31 3177 0 1 2 3 4
0 31 3178 0 1 2 3 4
0 31 3181 0 1 2 3 4
0 31 3182 0 1 2 3 4
0 31 3185 0 1 2 3 4
0 31 3186 0 1 2 3 4
0 31 3199 0 1 2 3 4
0 31 3234 0 1 2 3 4
0 31 3236 0 1 2 3 4
0 31 3239 0 1 2 3 4
0 31 3246 0 1 2 3 4
0 31 3259 0 1 2 3 4
0 31 3263 0 1 2 3 4
0 31 3281 0 1 2 3 4
0 31 3282 0 1 2 3 4
0 31 3318 0 1 2 3 4
0 31 3337 0 1 2 3 4
0 31 3340 0 1 2 3 4
0 31 3358 0 1 2 3 4
0 31 3387 0 1 2 3 4
0 31 3390 0 1 2 3 4
0 31 3391 0 1 2 3 4
0 31 3403 0 1 2 3 4
0 31 3431 0 1 2 3 4
0 31 3460 0 1 2 3 4
0 31 3473 0 1 2 3 4
0 31 3484 0 1 2 3 4
0 31 3486 0 1 2 3 4
0 31 3545 0 1 2 3 4
0 31 3556 0 1 2 3 4
0 31 3558 0 1 2 3 4
0 31 3566 0 1 2 3 4
0 31 3599 0 1 2 3 4
0 31 3615 0 1 2 3 4
0 31 3616 0 1 2 3 4
0 31 3617 0 1 2 3 4
0 31 3623 0 1 2 3 4
0 31 3624 0 1 2 3 4
0 31 3626 0 1 2 3 4
0 31 3663 0 1 2 3 4
0 31 3680 0 1 2 3 4
0 31 3687 0 1 2 3 4
0 31 3688 0 1 2 3 4
0 31 3693 0 1 2 3 4
0 31 3721 0 1 2 3 4
0 31 3740 0 1 2 3 4
0 31 3747 0 1 2 3 4
0 31 3751 0 1 2 3 4
0 31 3755 0 1 2 3 4
0 31 3765 0 1 2 3 4
0 31 3768 0 1 2 3 4
0 31 3774 0 1 2 3 4
0 31 3780 0 1 2 3 4
0 31 3797 0 1 2 3 4
0 31 3807 0 1 2 3 4
0 31 3809 0 1 2 3 4
0 31 3810 0 1 2 3 4
0 31 3835 0 1 2 3 4
0 31 3861 0 1 2 3 4
0 31 3862 0 1 2 3 4
0 31 3863 0 1 2 3 4
0 31 3864 0 1 2 3 4
0 31 3884 0 1 2 3 4
0 31 3889 0 1 2 3 4
0 31 3890 0 1 2 3 4
0 31 3925 0 1 2 3 4
0 31 3933 0 1 2 3 4
0 31 3934 0 1 2 3 4
0 31 3957 0 1 2 3 4
0 31 3958 0 1 2 3 4
0 31 3963 0 1 2 3 4
0 31 3979 0 1 2 3 4
0 31 3980 0 1 2 3 4
0 31 3981 0 1 2 3 4
0 31 4016 0 1 2 3 4
0 31 4017 0 1 2 3 4
0 31 4018 0 1 2 3 4
0 31 4041 0 1 2 3 4
0 31 4045 0 1 2 3 4
0 31 4046 0 1 2 3 4
0 31 4057 0 1 2 3 4
0 31 4058 0 1 2 3 4
0 31 4059 0 1 2 3 4
0 31 4071 0 1 2 3 4
0 31 4073 0 1 2 3 4
0 31 4095 0 1 2 3 4
0 31 4113 0 1 2 3 4
0 31 4131 0 1 2 3 4
0 31 4132 0 1 2 3 4
0 31 4139 0 1 2 3 4
0 31 4148 0 1 2 3 4
0 31 4157 0 1 2 3 4
0 31 4158 0 1 2 3 4
0 31 4159 0 1 2 3 4
0 31 4184 0 1 2 3 4
0 31 4195 0 1 2 3 4
0 31 4222 0 1 2 3 4
0 31 4234 0 1 2 3 4
0 31 4277 0 1 2 3 4
0 31 4283 0 1 2 3 4
0 31 4284 0 1 2 3 4
0 31 4300 0 1 2 3 4
0 31 4301 0 1 2 3 4
0 31 4305 0 1 2 3 4
0 31 4310 0 1 2 3 4
0 31 4318 0 1 2 3 4
0 31 4346 0 1 2 3 4
0 31 4350 0 1 2 3 4
0 31 4361 0 1 2 3 4
0 31 4383 0 1 2 3 4
0 31 4396 0 1 2 3 4
0 31 4401 0 1 2 3 4
0 31 4406 0 1 2 3 4
0 31 4417 0 1 2 3 4
0 31 4420 0 1 2 3 4
0 31 4421 0 1 2 3 4
0 31 4422 0 1 2 3 4
0 31 4430 0 1 2 3 4
0 31 4434 0 1 2 3 4
0 31 4442 0 1 2 3 4
0 31 4445 0 1 2 3 4
0 31 4455 0 1 2 3 4
0 31 4460 0 1 2 3 4
0 31 4462 0 1 2 3 4
0 31 4466 0 1 2 3 4
0 31 4467 0 1 2 3 4
0 31 4468 0 1 2 3 4
0 31 4471 0 1 2 3 4
0 31 4478 0 1 2 3 4
0 31 4493 0 1 2 3 4
0 31 4497 0 1 2 3 4
0 31 4504 0 1 2 3 4
0 31 4505 0 1 2 3 4
0 31 4507 0 1 2 3 4
0 31 4515 0 1 2 3 4
0 31 4532 0 1 2 3 4
0 31 4538 0 1 2 3 4
0 31 4540 0 1 2 3 4
0 31 4542 0 1 2 3 4
0 31 4546 0 1 2 3 4
0 31 4554 0 1 2 3 4
0 31 4564 0 1 2 3 4
0 31 4567 0 1 2 3 4
0 31 4571 0 1 2 3 4
0 31 4572 0 1 2 3 4
0 31 4576 0 1 2 3 4
0 31 4578 0 1 2 3 4
0 31 4579 0 1 2 3 4
0 31 4582 0 1 2 3 4
0 31 4584 0 1 2 3 4
0 31 4599 0 1 2 3 4
0 31 4600 0 1 2 3 4
0 31 4602 0 1 2 3 4
0 31 4608 0 1 2 3 4
0 31 4609 0 1 2 3 4
0 31 4610 0 1 2 3 4
0 31 4611 0 1 2 3 4
0 31 4618 0 1 2 3 4
0 31 4623 0 1 2 3 4
0 31 4624 0 1 2 3 4
0 31 4642 0 1 2 3 4
0 31 4649 0 1 2 3 4
0 31 4650 0 1 2 3 4
0 31 4654 0 1 2 3 4
0 31 4655 0 1 2 3 4
0 31 4657 0 1 2 3 4
0 31 4658 0 1 2 3 4
0 31 4663 0 1 2 3 4
0 31 4683 0 1 2 3 4
0 31 4694 0 1 2 3 4
0 31 4696 0 1 2 3 4
0 31 4699 0 1 2 3 4
0 31 4723 0 1 2 3 4
0 31 4729 0 1 2 3 4
0 31 4734 0 1 2 3 4
0 31 4735 0 1 2 3 4
0 31 4739 0 1 2 3 4
0 31 4740 0 1 2 3 4
0 31 4770 0 1 2 3 4
0 31 4772 0 1 2 3 4
0 31 4775 0 1 2 3 4
0 31 4776 0 1 2 3 4
0 31 4777 0 1 2 3 4
0 31 4778 0 1 2 3 4
0 31 4802 0 1 2 3 4
0 31 4806 0 1 2 3 4
0 31 4807 0 1 2 3 4
0 31 4812 0 1 2 3 4
0 31 4813 0 1 2 3 4
0 31 4841 0 1 2 3 4
0 31 4844 0 1 2 3 4
0 31 4847 0 1 2 3 4
0 31 4874 0 1 2 3 4
0 31 4884 0 1 2 3 4
0 31 4901 0 1 2 3 4
0 31 4904 0 1 2 3 4
0 31 4905 0 1 2 3 4
0 31 4923 0 1 2 3 4
0 31 4947 0 1 2 3 4
0 31 4953 0 1 2 3 4
0 31 4974 0 1 2 3 4
0 31 4975 0 1 2 3 4
0 31 4989 0 1 2 3 4
0 31 4993 0 1 2 3 4
0 31 4994 0 1 2 3 4
0 31 4996 0 1 2 3 4
0 31 5005 0 1 2 3 4
0 31 5006 0 1 2 3 4
0 31 5007 0 1 2 3 4
0 31 5009 0 1 2 3 4
0 31 5020 0 1 2 3 4
0 31 5021 0 1 2 3 4
0 31 5022 0 1 2 3 4
0 31 5024 0 1 2 3 4
0 31 5053 0 1 2 3 4
0 31 5056 0 1 2 3 4
0 31 5074 0 1 2 3 4
0 31 5083 0 1 2 3 4
0 31 5096 0 1 2 3 4
0 31 5103 0 1 2 3 4
0 31 5117 0 1 2 3 4
0 31 5124 0 1 2 3 4
0 31 5137 0 1 2 3 4
0 31 5138 0 1 2 3 4
0 31 5159 0 1 2 3 4
0 31 5160 0 1 2 3 4
0 31 5168 0 1 2 3 4
0 31 5184 0 1 2 3 4
0 31 5209 0 1 2 3 4
0 31 5235 0 1 2 3 4
0 31 5247 0 1 2 3 4
0 31 5262 0 1 2 3 4
0 31 5272 0 1 2 3 4
0 31 5275 0 1 2 3 4
0 31 5276 0 1 2 3 4
0 31 5277 0 1 2 3 4
0 31 5291 0 1 2 3 4
0 31 5299 0 1 2 3 4
0 31 5300 0 1 2 3 4
0 31 5301 0 1 2 3 4
0 31 5302 0 1 2 3 4
0 31 5304 0 1 2 3 4
0 31 5305 0 1 2 3 4
0 31 5307 0 1 2 3 4
0 31 5320 0 1 2 3 4
0 31 5321 0 1 2 3 4
0 31 5334 0 1 2 3 4
0 31 5335 0 1 2 3 4
0 31 5351 0 1 2 3 4
0 31 5352 0 1 2 3 4
0 31 5356 0 1 2 3 4
0 31 5358 0 1 2 3 4
0 31 5359 0 1 2 3 4
0 31 5361 0 1 2 3 4
0 31 5364 0 1 2 3 4
0 31 5365 0 1 2 3 4
0 31 5381 0 1 2 3 4
0 31 5382 0 1 2 3 4
0 31 5389 0 1 2 3 4
0 31 5391 0 1 2 3 4
0 31 5397 0 1 2 3 4
0 31 5400 0 1 2 3 4
0 31 5411 0 1 2 3 4
0 31 5415 0 1 2 3 4
0 31 5419 0 1 2 3 4
0 31 5422 0 1 2 3 4
0 31 5423 0 1 2 3 4
0 31 5425 0 1 2 3 4
0 31 5427 0 1 2 3 4
0 31 5441 0 1 2 3 4
0 31 5457 0 1 2 3 4
0 31 5460 0 1 2 3 4
0 31 5472 0 1 2 3 4
0 31 5480 0 1 2 3 4
0 31 5484 0 1 2 3 4
0 31 5503 0 1 2 3 4
0 31 5504 0 1 2 3 4
0 31 5512 0 1 2 3 4
0 31 5520 0 1 2 3 4
0 31 5524 0 1 2 3 4
0 31 5525 0 1 2 3 4
0 31 5526 0 1 2 3 4
0 31 5531 0 1 2 3 4
0 31 5533 0 1 2 3 4
0 31 5563 0 1 2 3 4
0 31 5569 0 1 2 3 4
0 31 5570 0 1 2 3 4
0 31 5578 0 1 2 3 4
0 31 5579 0 1 2 3 4
0 31 5580 0 1 2 3 4
0 31 5613 0 1 2 3 4
0 31 5614 0 1 2 3 4
0 31 5619 0 1 2 3 4
0 31 5623 0 1 2 3 4
0 31 5628 0 1 2 3 4
0 31 5641 0 1 2 3 4
0 31 5647 0 1 2 3 4
0 31 5649 0 1 2 3 4
0 31 5657 0 1 2 3 4
0 31 5658 0 1 2 3 4
0 31 5682 0 1 2 3 4
0 31 5693 0 1 2 3 4
0 31 5694 0 1 2 3 4
0 31 5698 0 1 2 3 4
0 31 5707 0 1 2 3 4
0 31 5741 0 1 2 3 4
0 31 5744 0 1 2 3 4
0 31 5754 0 1 2 3 4
0 31 5755 0 1 2 3 4
0 31 5763 0 1 2 3 4
0 31 5774 0 1 2 3 4
0 31 5776 0 1 2 3 4
0 31 5781 0 1 2 3 4
0 31 5788 0 1 2 3 4
0 31 5797 0 1 2 3 4
0 31 5798 0 1 2 3 4
0 31 5802 0 1 2 3 4
0 31 5806 0 1 2 3 4
0 31 5807 0 1 2 3 4
0 31 5814 0 1 2 3 4
0 31 5815 0 1 2 3 4
0 31 5831 0 1 2 3 4
0 31 5832 0 1 2 3 4
0 31 5839 0 1 2 3 4
0 31 5840 0 1 2 3 4
0 31 5849 0 1 2 3 4
0 31 5854 0 1 2 3 4
0 31 5856 0 1 2 3 4
0 31 5860 0 1 2 3 4
0 31 5861 0 1 2 3 4
0 31 5870 0 1 2 3 4
0 31 5871 0 1 2 3 4
0 31 5872 0 1 2 3 4
0 31 5874 0 1 2 3 4
0 31 5877 0 1 2 3 4
0 31 5878 0 1 2 3 4
0 31 5879 0 1 2 3 4
0 31 5880 0 1 2 3 4
0 31 5894 0 1 2 3 4
0 31 5896 0 1 2 3 4
0 31 5904 0 1 2 3 4
0 31 5910 0 1 2 3 4
0 31 5911 0 1 2 3 4
0 31 5912 0 1 2 3 4
0 31 5916 0 1 2 3 4
0 31 5917 0 1 2 3 4
0 31 5943 0 1 2 3 4
0 31 5944 0 1 2 3 4
0 31 5950 0 1 2 3 4
0 31 5951 0 1 2 3 4
0 31 5952 0 1 2 3 4
0 31 5953 0 1 2 3 4
0 31 5955 0 1 2 3 4
0 31 5965 0 1 2 3 4
0 31 5980 0 1 2 3 4
0 31 5981 0 1 2 3 4
0 31 5988 0 1 2 3 4
0 31 5989 0 1 2 3 4
0 31 5992 0 1 2 3 4
0 31 6003 0 1 2 3 4
0 31 6017 0 1 2 3 4
0 31 6018 0 1 2 3 4
0 31 6019 0 1 2 3 4
0 31 6026 0 1 2 3 4
0 31 6027 0 1 2 3 4
0 31 6041 0 1 2 3 4
0 31 6053 0 1 2 3 4
0 31 6055 0 1 2 3 4
0 31 6057 0 1 2 3 4
0 31 6065 0 1 2 3 4
0 31 6068 0 1 2 3 4
0 31 6071 0 1 2 3 4
0 31 6078 0 1 2 3 4
0 31 6079 0 1 2 3 4
0 31 6090 0 1 2 3 4
0 31 6092 0 1 2 3 4
0 31 6093 0 1 2 3 4
0 31 6105 0 1 2 3 4
0 31 6107 0 1 2 3 4
0 31 6108 0 1 2 3 4
0 31 6109 0 1 2 3 4
0 31 6116 0 1 2 3 4
0 31 6117 0 1 2 3 4
0 31 6125 0 1 2 3 4
0 31 6126 0 1 2 3 4
0 31 6129 0 1 2 3 4
0 31 6130 0 1 2 3 4
0 31 6144 0 1 2 3 4
0 31 6145 0 1 2 3 4
0 31 6146 0 1 2 3 4
0 31 6147 0 1 2 3 4
0 31 6154 0 1 2 3 4
0 31 6155 0 1 2 3 4
0 31 6169 0 1 2 3 4
0 31 6178 0 1 2 3 4
0 31 6183 0 1 2 3 4
0 31 6184 0 1 2 3 4
0 31 6185 0 1 2 3 4
0 31 6187 0 1 2 3 4
0 31 6208 0 1 2 3 4
0 31 6217 0 1 2 3 4
0 31 6218 0 1 2 3 4
0 31 6222 0 1 2 3 4
0 31 6223 0 1 2 3 4
0 31 6225 0 1 2 3 4
0 31 6226 0 1 2 3 4
0 31 6233 0 1 2 3 4
0 31 6246 0 1 2 3 4
0 31 6247 0 1 2 3 4
0 31 6248 0 1 2 3 4
0 31 6257 0 1 2 3 4
0 31 6266 0 1 2 3 4
0 31 6267 0 1 2 3 4
0 31 6274 0 1 2 3 4
0 31 6297 0 1 2 3 4
0 31 6298 0 1 2 3 4
0 31 6300 0 1 2 3 4
0 31 6306 0 1 2 3 4
0 31 6322 0 1 2 3 4
0 31 6326 0 1 2 3 4
0 31 6328 0 1 2 3 4
0 31 6329 0 1 2 3 4
0 31 6337 0 1 2 3 4
0 31 6340 0 1 2 3 4
0 31 6343 0 1 2 3 4
0 31 6355 0 1 2 3 4
0 31 6357 0 1 2 3 4
0 31 6362 0 1 2 3 4
0 31 6377 0 1 2 3 4
0 31 6379 0 1 2 3 4
0 31 6380 0 1 2 3 4
0 31 6382 0 1 2 3 4
0 31 6383 0 1 2 3 4
0 31 6387 0 1 2 3 4
0 31 6394 0 1 2 3 4
0 31 6395 0 1 2 3 4
0 31 6402 0 1 2 3 4
0 31 6403 0 1 2 3 4
0 31 6419 0 1 2 3 4
0 31 6420 0 1 2 3 4
0 31 6421 0 1 2 3 4
0 31 6423 0 1 2 3 4
0 31 6424 0 1 2 3 4
0 31 6427 0 1 2 3 4
0 31 6434 0 1 2 3 4
0 31 6438 0 1 2 3 4
0 31 6442 0 1 2 3 4
0 31 6447 0 1 2 3 4
0 31 6464 0 1 2 3 4
0 31 6466 0 1 2 3 4
0 31 6467 0 1 2 3 4
0 31 6475 0 1 2 3 4
0 31 6478 0 1 2 3 4
0 31 6483 0 1 2 3 4
0 31 6485 0 1 2 3 4
0 31 6486 0 1 2 3 4
0 31 6504 0 1 2 3 4
0 31 6505 0 1 2 3 4
0 31 6506 0 1 2 3 4
0 31 6508 0 1 2 3 4
0 31 6513 0 1 2 3 4
0 31 6515 0 1 2 3 4
0 31 6516 0 1 2 3 4
0 31 6517 0 1 2 3 4
0 31 6523 0 1 2 3 4
0 31 6525 0 1 2 3 4
0 31 6548 0 1 2 3 4
0 31 6550 0 1 2 3 4
0 31 6551 0 1 2 3 4
0 31 6552 0 1 2 3 4
0 31 6555 0 1 2 3 4
0 31 6557 0 1 2 3 4
0 31 6558 0 1 2 3 4
0 31 6559 0 1 2 3 4
0 31 6561 0 1 2 3 4
0 31 6586 0 1 2 3 4
0 31 6588 0 1 2 3 4
0 31 6590 0 1 2 3 4
0 31 6591 0 1 2 3 4
0 31 6593 0 1 2 3 4
0 31 6594 0 1 2 3 4
0 31 6625 0 1 2 3 4
0 31 6627 0 1 2 3 4
0 31 6630 0 1 2 3 4
0 31 6640 0 1 2 3 4
0 31 6667 0 1 2 3 4
0 31 6669 0 1 2 3 4
0 31 6704 0 1 2 3 4
0 31 6705 0 1 2 3 4
0 31 6707 0 1 2 3 4
0 31 6709 0 1 2 3 4
0 31 6747 0 1 2 3 4
0 31 6748 0 1 2 3 4
0 31 6780 0 1 2 3 4
0 31 6782 0 1 2 3 4
0 31 6783 0 1 2 3 4
0 31 6784 0 1 2 3 4
0 31 6786 0 1 2 3 4
0 31 6789 0 1 2 3 4
0 31 6823 0 1 2 3 4
0 31 6825 0 1 2 3 4
0 31 6838 0 1 2 3 4
0 31 6853 0 1 2 3 4
0 31 6854 0 1 2 3 4
0 31 6856 0 1 2 3 4
0 31 6857 0 1 2 3 4
0 31 6860 0 1 2 3 4
0 31 6862 0 1 2 3 4
0 31 6877 0 1 2 3 4
0 31 6892 0 1 2 3 4
0 31 6898 0 1 2 3 4
0 31 6899 0 1 2 3 4
0 31 6914 0 1 2 3 4
0 31 6930 0 1 2 3 4
0 31 6931 0 1 2 3 4
0 31 6933 0 1 2 3 4
0 31 6937 0 1 2 3 4
0 31 6938 0 1 2 3 4
0 31 6948 0 1 2 3 4
0 31 6951 0 1 2 3 4
0 31 6952 0 1 2 3 4
0 31 6970 0 1 2 3 4
0 31 6971 0 1 2 3 4
0 31 6972 0 1 2 3 4
0 31 6992 0 1 2 3 4
0 31 6998 0 1 2 3 4
0 31 6999 0 1 2 3 4
0 31 7003 0 1 2 3 4
0 31 7011 0 1 2 3 4
0 31 7014 0 1 2 3 4
0 31 7017 0 1 2 3 4
0 31 7018 0 1 2 3 4
0 31 7019 0 1 2 3 4
0 31 7035 0 1 2 3 4
0 31 7041 0 1 2 3 4
0 31 7042 0 1 2 3 4
0 31 7043 0 1 2 3 4
0 31 7045 0 1 2 3 4
0 31 7046 0 1 2 3 4
0 31 7047 0 1 2 3 4
0 31 7053 0 1 2 3 4
0 31 7054 0 1 2 3 4
0 31 7055 0 1 2 3 4
0 31 7056 0 1 2 3 4
0 31 7058 0 1 2 3 4
0 31 7060 0 1 2 3 4
0 31 7080 0 1 2 3 4
0 31 7081 0 1 2 3 4
0 31 7085 0 1 2 3 4
0 31 7086 0 1 2 3 4
0 31 7087 0 1 2 3 4
0 31 7088 0 1 2 3 4
0 31 7089 0 1 2 3 4
0 31 7090 0 1 2 3 4
0 31 7097 0 1 2 3 4
0 31 7098 0 1 2 3 4
0 31 7099 0 1 2 3 4
0 31 7100 0 1 2 3 4
0 31 7101 0 1 2 3 4
0 31 7102 0 1 2 3 4
0 31 7103 0 1 2 3 4
0 31 7122 0 1 2 3 4
0 31 7124 0 1 2 3 4
0 31 7130 0 1 2 3 4
0 31 7133 0 1 2 3 4
0 31 7134 0 1 2 3 4
0 31 7143 0 1 2 3 4
0 31 7146 0 1 2 3 4
0 31 7147 0 1 2 3 4
0 31 7149 0 1 2 3 4
0 31 7167 0 1 2 3 4
0 31 7170 0 1 2 3 4
0 31 7172 0 1 2 3 4
0 31 7177 0 1 2 3 4
0 31 7189 0 1 2 3 4
0 31 7190 0 1 2 3 4
0 31 7191 0 1 2 3 4
0 31 7192 0 1 2 3 4
0 31 7195 0 1 2 3 4
0 31 7213 0 1 2 3 4
0 31 7223 0 1 2 3 4
0 31 7224 0 1 2 3 4
0 31 7234 0 1 2 3 4
0 31 7235 0 1 2 3 4
0 31 7240 0 1 2 3 4
0 31 7258 0 1 2 3 4
0 31 7259 0 1 2 3 4
0 31 7267 0 1 2 3 4
0 31 7269 0 1 2 3 4
0 31 7277 0 1 2 3 4
0 31 7283 0 1 2 3 4
0 31 7300 0 1 2 3 4
0 31 7301 0 1 2 3 4
0 31 7304 0 1 2 3 4
0 31 7305 0 1 2 3 4
0 31 7310 0 1 2 3 4
0 31 7313 0 1 2 3 4
0 31 7314 0 1 2 3 4
0 31 7315 0 1 2 3 4
0 31 7316 0 1 2 3 4
0 31 7320 0 1 2 3 4
0 31 7321 0 1 2 3 4
0 31 7325 0 1 2 3 4
0 31 7340 0 1 2 3 4
0 31 7342 0 1 2 3 4
0 31 7344 0 1 2 3 4
0 31 7345 0 1 2 3 4
0 31 7351 0 1 2 3 4
0 31 7354 0 1 2 3 4
0 31 7355 0 1 2 3 4
0 31 7365 0 1 2 3 4
0 31 7387 0 1 2 3 4
0 31 7389 0 1 2 3 4
0 31 7393 0 1 2 3 4
0 31 7399 0 1 2 3 4
0 31 7400 0 1 2 3 4
0 31 7401 0 1 2 3 4
0 31 7402 0 1 2 3 4
0 31 7404 0 1 2 3 4
0 31 7412 0 1 2 3 4
0 31 7437 0 1 2 3 4
0 31 7440 0 1 2 3 4
0 31 7443 0 1 2 3 4
0 31 7448 0 1 2 3 4
0 31 7449 0 1 2 3 4
0 31 7452 0 1 2 3 4
0 31 7453 0 1 2 3 4
0 31 7454 0 1 2 3 4
0 31 7455 0 1 2 3 4
0 31 7459 0 1 2 3 4
0 31 7461 0 1 2 3 4
0 31 7462 0 1 2 3 4
0 31 7495 0 1 2 3 4
0 31 7497 0 1 2 3 4
0 31 7502 0 1 2 3 4
0 31 7503 0 1 2 3 4
0 31 7506 0 1 2 3 4
0 31 7507 0 1 2 3 4
0 31 7508 0 1 2 3 4
0 31 7510 0 1 2 3 4
0 31 7511 0 1 2 3 4
0 31 7512 0 1 2 3 4
0 31 7514 0 1 2 3 4
0 31 7550 0 1 2 3 4
0 31 7551 0 1 2 3 4
0 31 7554 0 1 2 3 4
0 31 7561 0 1 2 3 4
0 31 7562 0 1 2 3 4
0 31 7565 0 1 2 3 4
0 31 7566 0 1 2 3 4
0 31 7568 0 1 2 3 4
0 31 7570 0 1 2 3 4
0 31 7615 0 1 2 3 4
0 31 7633 0 1 2 3 4
0 31 7679 0 1 2 3 4
0 31 7680 0 1 2 3 4
0 31 7685 0 1 2 3 4
0 31 7686 0 1 2 3 4
0 31 7690 0 1 2 3 4
0 31 7697 0 1 2 3 4
0 31 7749 0 1 2 3 4
0 31 7756 0 1 2 3 4
0 31 7760 0 1 2 3 4
0 31 7821 0 1 2 3 4
0 31 7822 0 1 2 3 4
0 31 7826 0 1 2 3 4
0 31 7827 0 1 2 3 4
0 31 7830 0 1 2 3 4
0 31 7831 0 1 2 3 4
0 31 7836 0 1 2 3 4
0 31 7894 0 1 2 3 4
0 31 7896 0 1 2 3 4
0 31 7900 0 1 2 3 4
0 31 7904 0 1 2 3 4
0 31 7918 0 1 2 3 4
0 31 7970 0 1 2 3 4
0 31 7971 0 1 2 3 4
0 31 7975 0 1 2 3 4
0 31 7976 0 1 2 3 4
0 31 7992 0 1 2 3 4
0 31 8049 0 1 2 3 4
0 31 8052 0 1 2 3 4
0 31 8053 0 1 2 3 4
0 31 8058 0 1 2 3 4
0 31 8067 0 1 2 3 4
0 31 8098 0 1 2 3 4
0 31 8099 0 1 2 3 4
0 31 8123 0 1 2 3 4
0 31 8136 0 1 2 3 4
0 31 8145 0 1 2 3 4
0 31 8179 0 1 2 3 4
0 31 8208 0 1 2 3 4
0 31 8211 0 1 2 3 4
0 31 8212 0 1 2 3 4
0 31 8213 0 1 2 3 4
0 31 8217 0 1 2 3 4
0 31 8220 0 1 2 3 4
0 31 8248 0 1 2 3 4
0 31 8249 0 1 2 3 4
0 31 8300 0 1 2 3 4
0 31 8301 0 1 2 3 4
0 31 8306 0 1 2 3 4
0 31 8308 0 1 2 3 4
0 31 8316 0 1 2 3 4
0 31 8336 0 1 2 3 4
0 31 8338 0 1 2 3 4
0 31 8387 0 1 2 3 4
0 31 8388 0 1 2 3 4
0 31 8392 0 1 2 3 4
0 31 8393 0 1 2 3 4
0 31 8400 0 1 2 3 4
0 31 8408 0 1 2 3 4
0 31 8482 0 1 2 3 4
0 31 8483 0 1 2 3 4
0 31 8485 0 1 2 3 4
0 31 8495 0 1 2 3 4
0 31 8576 0 1 2 3 4
0 31 8581 0 1 2 3 4
0 31 8584 0 1 2 3 4
0 31 8694 0 1 2 3 4
0 31 8791 0 1 2 3 4
0 31 8792 0 1 2 3 4
0 31 8794 0 1 2 3 4
0 31 8797 0 1 2 3 4
0 31 8803 0 1 2 3 4
0 31 8804 0 1 2 3 4
0 31 8902 0 1 2 3 4
0 31 8905 0 1 2 3 4
0 31 8914 0 1 2 3 4
0 31 9016 0 1 2 3 4
0 31 9018 0 1 2 3 4
0 31 9134 0 1 2 3 4
0 31 9138 0 1 2 3 4
0 31 9141 0 1 2 3 4
0 31 9142 0 1 2 3 4
0 31 9148 0 1 2 3 4
0 31 9150 0 1 2 3 4
0 31 9256 0 1 2 3 4
0 31 9262 0 1 2 3 4
0 31 9263 0 1 2 3 4
0 31 9269 0 1 2 3 4
0 31 9377 0 1 2 3 4
0 31 9378 0 1 2 3 4
0 31 9379 0 1 2 3 4
0 31 9383 0 1 2 3 4
0 31 9392 0 1 2 3 4
0 31 9501 0 1 2 3 4
0 31 9507 0 1 2 3 4
0 31 9509 0 1 2 3 4
0 31 9516 0 1 2 3 4
0 31 9626 0 1 2 3 4
0 31 9628 0 1 2 3 4
0 31 9631 0 1 2 3 4
0 31 9741 0 1 2 3 4
0 31 9742 0 1 2 3 4
0 31 9743 0 1 2 3 4
0 31 9744 0 1 2 3 4
0 31 9745 0 1 2 3 4
0 31 9861 0 1 2 3 4
0 31 9866 0 1 2 3 4
0 31 9868 0 1 2 3 4
0 31 9872 0 1 2 3 4
0 31 9876 0 1 2 3 4
0 31 9877 0 1 2 3 4
0 31 9984 0 1 2 3 4
0 31 9985 0 1 2 3 4
0 31 9986 0 1 2 3 4
0 31 9987 0 1 2 3 4
0 31 9988 0 1 2 3 4
0 31 9990 0 1 2 3 4
0 31 9991 0 1 2 3 4
0 31 9995 0 1 2 3 4
0 31 9996 0 1 2 3 4
0 31 10000 0 1 2 3 4
0 31 10001 0 1 2 3 4
0 31 10110 0 1 2 3 4
0 31 10113 0 1 2 3 4
0 31 10114 0 1 2 3 4
0 31 10115 0 1 2 3 4
0 31 10119 0 1 2 3 4
0 31 10120 0 1 2 3 4
0 31 10121 0 1 2 3 4
0 31 10124 0 1 2 3 4
0 31 10237 0 1 2 3 4
0 31 10238 0 1 2 3 4
0 31 10240 0 1 2 3 4
0 31 10241 0 1 2 3 4
0 31 10242 0 1 2 3 4
0 31 10252 0 1 2 3 4
0 31 10253 0 1 2 3 4
0 31 10371 0 1 2 3 4
0 31 10372 0 1 2 3 4
0 31 10373 0 1 2 3 4
0 31 10377 0 1 2 3 4
0 31 10379 0 1 2 3 4
0 31 10380 0 1 2 3 4
0 31 10381 0 1 2 3 4
0 31 10382 0 1 2 3 4
0 31 10383 0 1 2 3 4
0 31 10492 0 1 2 3 4
0 31 10494 0 1 2 3 4
0 31 10496 0 1 2 3 4
0 31 10498 0 1 2 3 4
0 31 10504 0 1 2 3 4
0 31 10505 0 1 2 3 4
0 31 10507 0 1 2 3 4
0 31 10508 0 1 2 3 4
0 31 10509 0 1 2 3 4
0 31 10510 0 1 2 3 4
0 31 10613 0 1 2 3 4
0 31 10617 0 1 2 3 4
0 31 10619 0 1 2 3 4
0 31 10627 0 1 2 3 4
0 31 10628 0 1 2 3 4
0 31 10632 0 1 2 3 4
0 31 10633 0 1 2 3 4
0 31 10731 0 1 2 3 4
0 31 10733 0 1 2 3 4
0 31 10734 0 1 2 3 4
0 31 10735 0 1 2 3 4
0 31 10736 0 1 2 3 4
0 31 10737 0 1 2 3 4
0 31 10738 0 1 2 3 4
0 31 10745 0 1 2 3 4
0 31 10746 0 1 2 3 4
0 31 10853 0 1 2 3 4
0 31 10854 0 1 2 3 4
0 31 10855 0 1 2 3 4
0 31 10857 0 1 2 3 4
0 31 10858 0 1 2 3 4
0 31 10868 0 1 2 3 4
0 31 10869 0 1 2 3 4
0 31 10870 0 1 2 3 4
0 31 10872 0 1 2 3 4
0 31 10973 0 1 2 3 4
0 31 10974 0 1 2 3 4
0 31 10975 0 1 2 3 4
0 31 10976 0 1 2 3 4
0 31 10977 0 1 2 3 4
0 31 10987 0 1 2 3 4
0 31 10988 0 1 2 3 4
0 31 10989 0 1 2 3 4
0 31 10991 0 1 2 3 4
0 31 10993 0 1 2 3 4
0 31 10995 0 1 2 3 4
0 31 11101 0 1 2 3 4
0 31 11102 0 1 2 3 4
0 31 11103 0 1 2 3 4
0 31 11116 0 1 2 3 4
0 31 11117 0 1 2 3 4
0 31 11118 0 1 2 3 4
0 31 11119 0 1 2 3 4
0 31 11120 0 1 2 3 4
0 31 11123 0 1 2 3 4
0 31 11224 0 1 2 3 4
0 31 11227 0 1 2 3 4
0 31 11245 0 1 2 3 4
0 31 11247 0 1 2 3 4
0 31 11248 0 1 2 3 4
0 31 11250 0 1 2 3 4
0 31 11356 0 1 2 3 4
0 31 11359 0 1 2 3 4
0 31 11378 0 1 2 3 4
0 31 11379 0 1 2 3 4
0 31 11496 0 1 2 3 4
0 31 11519 0 1 2 3 4
0 31 11640 0 1 2 3 4
0 31 11641 0 1 2 3 4
0 31 11665 0 1 2 3 4
0 31 11778 0 1 2 3 4
0 31 11779 0 1 2 3 4
0 31 11806 0 1 2 3 4
0 31 11923 0 1 2 3 4
0 31 11924 0 1 2 3 4
0 31 11951 0 1 2 3 4
0 31 11973 0 1 2 3 4
0 31 12075 0 1 2 3 4
0 31 12076 0 1 2 3 4
0 31 12104 0 1 2 3 4
0 31 12228 0 1 2 3 4
0 31 12229 0 1 2 3 4
0 31 12230 0 1 2 3 4
0 31 12254 0 1 2 3 4
0 31 12260 0 1 2 3 4
0 31 12275 0 1 2 3 4
0 31 12277 0 1 2 3 4
0 31 12390 0 1 2 3 4
0 31 12393 0 1 2 3 4
0 31 12417 0 1 2 3 4
0 31 12418 0 1 2 3 4
0 31 12424 0 1 2 3 4
0 31 12433 0 1 2 3 4
0 31 12434 0 1 2 3 4
0 31 12437 0 1 2 3 4
0 31 12438 0 1 2 3 4
0 31 12439 0 1 2 3 4
0 31 12440 0 1 2 3 4
0 31 12441 0 1 2 3 4
0 31 12442 0 1 2 3 4
0 31 12553 0 1 2 3 4
0 31 12582 0 1 2 3 4
0 31 12588 0 1 2 3 4
0 31 12589 0 1 2 3 4
0 31 12598 0 1 2 3 4
0 31 12599 0 1 2 3 4
0 31 12600 0 1 2 3 4
0 31 12607 0 1 2 3 4
0 31 12611 0 1 2 3 4
0 31 12722 0 1 2 3 4
0 31 12759 0 1 2 3 4
0 31 12931 0 1 2 3 4
0 31 12932 0 1 2 3 4
0 31 12949 0 1 2 3 4
0 31 13123 0 1 2 3 4
0 31 13253 0 1 2 3 4
0 31 13254 0 1 2 3 4
0 31 13256 0 1 2 3 4
0 31 13258 0 1 2 3 4
0 31 13275 0 1 2 3 4
0 31 13292 0 1 2 3 4
0 31 13293 0 1 2 3 4
0 31 13294 0 1 2 3 4
0 31 13295 0 1 2 3 4
0 31 13296 0 1 2 3 4
0 31 13298 0 1 2 3 4
0 31 13306 0 1 2 3 4
0 31 13424 0 1 2 3 4
0 31 13425 0 1 2 3 4
0 31 13426 0 1 2 3 4
0 31 13427 0 1 2 3 4
0 31 13468 0 1 2 3 4
0 31 13472 0 1 2 3 4
0 31 13481 0 1 2 3 4
0 31 13600 0 1 2 3 4
0 31 13620 0 1 2 3 4
0 31 13627 0 1 2 3 4
0 31 13644 0 1 2 3 4
0 31 13651 0 1 2 3 4
0 31 13768 0 1 2 3 4
0 31 13778 0 1 2 3 4
0 31 13800 0 1 2 3 4
0 31 13801 0 1 2 3 4
0 31 13802 0 1 2 3 4
0 31 13807 0 1 2 3 4
0 31 13823 0 1 2 3 4
0 31 13829 0 1 2 3 4
0 31 13985 0 1 2 3 4
0 31 14169 0 1 2 3 4
0 31 14351 0 1 2 3 4
0 31 14352 0 1 2 3 4
0 31 14369 0 1 2 3 4
0 31 14501 0 1 2 3 4
0 31 14534 0 1 2 3 4
0 31 14535 0 1 2 3 4
0 31 14536 0 1 2 3 4
0 31 14552 0 1 2 3 4
0 31 14559 0 1 2 3 4
0 31 14684 0 1 2 3 4
0 31 14735 0 1 2 3 4
0 31 14741 0 1 2 3 4
0 31 14743 0 1 2 3 4
0 31 14744 0 1 2 3 4
0 31 14745 0 1 2 3 4
0 31 14916 0 1 2 3 4
0 31 14917 0 1 2 3 4
0 31 15097 0 1 2 3 4
0 31 15098 0 1 2 3 4
0 31 15264 0 1 2 3 4
0 31 15283 0 1 2 3 4
0 31 15284 0 1 2 3 4
0 31 15285 0 1 2 3 4
0 31 15286 0 1 2 3 4
0 31 15287 0 1 2 3 4
0 31 15455 0 1 2 3 4
0 31 15461 0 1 2 3 4
0 31 15462 0 1 2 3 4
0 31 15463 0 1 2 3 4
0 31 15628 0 1 2 3 4
0 31 15636 0 1 2 3 4
0 31 15965 0 1 2 3 4
0 31 15977 0 1 2 3 4
0 31 16300 0 1 2 3 4
0 31 16301 0 1 2 3 4
0 31 16316 0 1 2 3 4
0 31 16468 0 1 2 3 4
0 31 16469 0 1 2 3 4
0 31 16470 0 1 2 3 4
0 31 16474 0 1 2 3 4
0 31 16488 0 1 2 3 4
0 31 16639 0 1 2 3 4
0 31 16808 0 1 2 3 4
0 31 16824 0 1 2 3 4
0 31 16986 0 1 2 3 4
0 31 16987 0 1 2 3 4
0 31 17150 0 1 2 3 4
0 31 17152 0 1 2 3 4
0 31 17168 0 1 2 3 4
0 31 17323 0 1 2 3 4
0 31 17324 0 1 2 3 4
0 31 17340 0 1 2 3 4
0 31 17498 0 1 2 3 4
0 31 17692 0 1 2 3 4
0 31 17850 0 1 2 3 4
0 31 18030 0 1 2 3 4
0 31 18031 0 1 2 3 4
0 31 18033 0 1 2 3 4
0 31 18040 0 1 2 3 4
0 31 18207 0 1 2 3 4
0 31 18215 0 1 2 3 4
0 31 18384 0 1 2 3 4
0 31 18392 0 1 2 3 4
0 31 18565 0 1 2 3 4
0 31 18734 0 1 2 3 4
0 31 18902 0 1 2 3 4
0 31 18903 0 1 2 3 4
0 31 19067 0 1 2 3 4
0 31 19075 0 1 2 3 4
0 31 19077 0 1 2 3 4
0 31 19095 0 1 2 3 4
0 31 19096 0 1 2 3 4
0 31 19253 0 1 2 3 4
0 31 19255 0 1 2 3 4
0 31 19270 0 1 2 3 4
0 31 19425 0 1 2 3 4
0 31 19426 0 1 2 3 4
0 31 19435 0 1 2 3 4
0 31 19436 0 1 2 3 4
0 31 19604 0 1 2 3 4
0 31 19610 0 1 2 3 4
0 31 19784 0 1 2 3 4
0 31 19785 0 1 2 3 4
0 31 20885 0 1 2 3 4
0 31 20886 0 1 2 3 4
0 31 21009 0 1 2 3 4
0 31 21132 0 1 2 3 4
0 31 36867 0 1 2 3 4
0 31 36878 0 1 2 3 4
0 31 36900 0 1 2 3 4
0 31 36912 0 1 2 3 4
0 31 36920 0 1 2 3 4
0 31 36929 0 1 2 3 4
0 31 36990 0 1 2 3 4
0 31 37055 0 1 2 3 4
0 31 37073 0 1 2 3 4
0 31 37105 0 1 2 3 4
0 31 37121 0 1 2 3 4
0 31 37196 0 1 2 3 4
0 31 37423 0 1 2 3 4
0 31 37427 0 1 2 3 4
0 31 37430 0 1 2 3 4
0 31 37491 0 1 2 3 4
0 31 37502 0 1 2 3 4
