pt_graph scale
6209 210.281268258411
6209 210.281268258411
6209 210.281268258411
6209 20.8067518496165
6209 23.2056739280931
6209 23.2056739280931
6209 459.008976304555
6209 459.008976304555
6209 0.0608357884701686
6209 0
6209 0
6209 0
6209 16.6213429906482
6209 16.6213429906482
6209 0
6209 0.390562137247492
6209 0
6209 0
6209 0.52328452794662
6209 85.3755657853193
6209 85.3755657853193
6242 210.281268258411
6242 210.281268258411
6242 210.281268258411
6242 20.8067518496165
6242 23.2056739280931
6242 23.2056739280931
6242 459.008976304555
6242 459.008976304555
6242 0.0608357884701686
6242 0
6242 0
6242 0
6242 16.6213429906482
6242 16.6213429906482
6242 0
6242 0.390562137247492
6242 0
6242 0
6242 0.52328452794662
6242 85.3755657853193
6242 85.3755657853193
6247 210.281268258411
6247 210.281268258411
6247 210.281268258411
6247 20.8067518496165
6247 23.2056739280931
6247 23.2056739280931
6247 459.008976304555
6247 459.008976304555
6247 0.0608357884701686
6247 0
6247 0
6247 0
6247 16.6213429906482
6247 16.6213429906482
6247 0
6247 0.390562137247492
6247 0
6247 0
6247 0.52328452794662
6247 85.3755657853193
6247 85.3755657853193
6305 210.281268258411
6305 210.281268258411
6305 210.281268258411
6305 20.8067518496165
6305 23.2056739280931
6305 23.2056739280931
6305 459.008976304555
6305 459.008976304555
6305 0.0608357884701686
6305 0
6305 0
6305 0
6305 16.6213429906482
6305 16.6213429906482
6305 0
6305 0.390562137247492
6305 0
6305 0
6305 0.52328452794662
6305 85.3755657853193
6305 85.3755657853193
6358 210.281268258411
6358 210.281268258411
6358 210.281268258411
6358 20.8067518496165
6358 23.2056739280931
6358 23.2056739280931
6358 459.008976304555
6358 459.008976304555
6358 0.0608357884701686
6358 0
6358 0
6358 0
6358 16.6213429906482
6358 16.6213429906482
6358 0
6358 0.390562137247492
6358 0
6358 0
6358 0.52328452794662
6358 85.3755657853193
6358 85.3755657853193
6417 210.281268258411
6417 210.281268258411
6417 210.281268258411
6417 20.8067518496165
6417 23.2056739280931
6417 23.2056739280931
6417 459.008976304555
6417 459.008976304555
6417 0.0608357884701686
6417 0
6417 0
6417 0
6417 16.6213429906482
6417 16.6213429906482
6417 0
6417 0.390562137247492
6417 0
6417 0
6417 0.52328452794662
6417 85.3755657853193
6417 85.3755657853193
7897 210.281268258411
7897 210.281268258411
7897 210.281268258411
7897 20.8067518496165
7897 23.2056739280931
7897 23.2056739280931
7897 459.008976304555
7897 459.008976304555
7897 0.0608357884701686
7897 0
7897 0
7897 0
7897 16.6213429906482
7897 16.6213429906482
7897 0
7897 0.390562137247492
7897 0
7897 0
7897 0.52328452794662
7897 85.3755657853193
7897 85.3755657853193
7914 210.281268258411
7914 210.281268258411
7914 210.281268258411
7914 20.8067518496165
7914 23.2056739280931
7914 23.2056739280931
7914 459.008976304555
7914 459.008976304555
7914 0.0608357884701686
7914 0
7914 0
7914 0
7914 16.6213429906482
7914 16.6213429906482
7914 0
7914 0.390562137247492
7914 0
7914 0
7914 0.52328452794662
7914 85.3755657853193
7914 85.3755657853193
7912 210.281268258411
7912 210.281268258411
7912 210.281268258411
7912 20.8067518496165
7912 23.2056739280931
7912 23.2056739280931
7912 459.008976304555
7912 459.008976304555
7912 0.0608357884701686
7912 0
7912 0
7912 0
7912 16.6213429906482
7912 16.6213429906482
7912 0
7912 0.390562137247492
7912 0
7912 0
7912 0.52328452794662
7912 85.3755657853193
7912 85.3755657853193
