pt_graph freq
263 1
285 1
308 1
334 1
360 1
380 1
408 1
409 1
429 1
431 1
433 1
452 1
457 1
458 1
476 1
481 1
505 1
506 1
531 1
555 1
556 1
581 1
582 1
609 1
745 1
806 1
807 1
836 1
837 1
869 1
870 1
899 1
900 1
901 1
932 1
1407 1
1452 1
1480 1
1501 1
1529 1
1734 1
2211 1
2293 1
2294 1
2374 1
2375 1
2463 1
2464 1
2564 1
2650 1
2746 1
2747 1
2748 1
2840 1
3028 1
3121 1
3231 1
3286 1
3287 1
3309 1
3381 1
3918 1
5124 1
5191 1
5192 1
5242 1
5244 1
5346 1
5478 1
5479 1
5513 1
5514 1
5515 1
5516 1
5550 1
5551 1
5552 1
5553 1
5593 1
5594 1
5595 1
5596 1
5637 1
5638 1
5639 1
5640 1
5671 1
5672 1
5683 1
5684 1
5685 1
5686 1
5712 1
5716 1
5729 1
5730 1
5762 1
5772 1
5804 1
5805 1
5830 1
5845 1
5846 1
5848 1
5885 1
5888 1
5889 1
5911 1
5921 1
5922 1
5925 1
5926 1
5937 1
5962 1
5963 1
5974 1
5989 1
6000 1
6001 1
6002 1
6038 1
6039 1
6125 1
6191 1
6194 1
6231 1
6234 1
6272 1
6273 1
6276 1
6287 1
6312 1
6314 1
6316 1
6356 1
6392 1
6393 1
6396 1
6397 1
6434 1
6437 1
6477 1
6514 1
6515 1
6594 1
6631 1
6937 1
7800 1
7871 1
7872 1
7873 1
7945 1
7946 1
7947 1
8019 1
8020 1
8021 1
8097 1
8175 1
8338 1
11230 1
11360 1
12078 1
12127 1
12229 1
12232 1
12279 1
12281 1
12282 1
12390 1
12398 1
12442 1
12443 1
12444 1
12445 1
12446 1
12554 1
12600 1
12608 1
12609 1
12610 1
12723 1
12724 1
12778 1
12779 1
12895 1
12950 1
12951 1
13066 1
13067 1
13068 1
13122 1
13125 1
13238 1
13239 1
13241 1
13254 1
13297 1
13414 1
13589 1
13590 1
13650 1
13769 1
13772 1
13952 1
14559 1
14735 1
14745 1
29230 1
29805 1
30901 1
30902 1
30993 1
30994 1
31089 1
31100 1
31184 1
31185 1
31188 1
31194 1
31280 1
31281 1
31282 1
31290 1
31291 1
31377 1
31475 1
31480 1
31481 1
31482 1
31484 1
31581 1
31583 1
31584 1
31687 1
31793 1
31893 1
32110 1
32220 1
32330 1
32440 1
32453 1
32671 1
32873 1
33314 1
33742 1
33848 1
33954 1
34265 1
34468 1
35149 1
35384 1
35775 1
35875 1
35924 1
36022 1
36070 1
36214 1
36291 1
36292 1
36330 1
36331 1
36337 1
36349 1
36368 1
36411 1
36413 1
36425 1
36449 1
36485 1
36487 1
36498 1
36514 1
36515 1
36523 1
36537 1
36538 1
36560 1
36561 1
36998 1
37428 1
37678 1
