pt_graph cpue_kghour
2876 0
2876 86.6629294964939
2876 86.6629294964939
2876 86.6629294964939
2876 86.6629294964939
2876 0
2876 41.2728629776959
2876 25.8519716854319
2876 25.8519716854319
2876 25.8519716854319
2876 25.8519716854319
2876 7.07865589919244
2876 7.07865589919244
2876 7.07865589919244
2876 7.07865589919244
2876 7.07865589919244
2876 0
2876 0
2876 0
2876 0
2876 0
2876 0
2876 17.3292207110705
2876 17.3292207110705
2876 17.3292207110705
2876 0
2876 0
2876 0
2876 0
2876 5.85877274128893
2876 5.85877274128893
2876 5.85877274128893
2876 2.8690585769719
2876 10.0617640769356
2876 10.0617640769356
2876 0
2876 0
2967 0
2967 86.6629294964939
2967 86.6629294964939
2967 86.6629294964939
2967 86.6629294964939
2967 0
2967 41.2728629776959
2967 25.8519716854319
2967 25.8519716854319
2967 25.8519716854319
2967 25.8519716854319
2967 7.07865589919244
2967 7.07865589919244
2967 7.07865589919244
2967 7.07865589919244
2967 7.07865589919244
2967 0
2967 0
2967 0
2967 0
2967 0
2967 0
2967 17.3292207110705
2967 17.3292207110705
2967 17.3292207110705
2967 0
2967 0
2967 0
2967 0
2967 5.85877274128893
2967 5.85877274128893
2967 5.85877274128893
2967 2.8690585769719
2967 10.0617640769356
2967 10.0617640769356
2967 0
2967 0
3058 0
3058 86.6629294964939
3058 86.6629294964939
3058 86.6629294964939
3058 86.6629294964939
3058 0
3058 41.2728629776959
3058 25.8519716854319
3058 25.8519716854319
3058 25.8519716854319
3058 25.8519716854319
3058 7.07865589919244
3058 7.07865589919244
3058 7.07865589919244
3058 7.07865589919244
3058 7.07865589919244
3058 0
3058 0
3058 0
3058 0
3058 0
3058 0
3058 17.3292207110705
3058 17.3292207110705
3058 17.3292207110705
3058 0
3058 0
3058 0
3058 0
3058 5.85877274128893
3058 5.85877274128893
3058 5.85877274128893
3058 2.8690585769719
3058 10.0617640769356
3058 10.0617640769356
3058 0
3058 0
3148 0
3148 86.6629294964939
3148 86.6629294964939
3148 86.6629294964939
3148 86.6629294964939
3148 0
3148 41.2728629776959
3148 25.8519716854319
3148 25.8519716854319
3148 25.8519716854319
3148 25.8519716854319
3148 7.07865589919244
3148 7.07865589919244
3148 7.07865589919244
3148 7.07865589919244
3148 7.07865589919244
3148 0
3148 0
3148 0
3148 0
3148 0
3148 0
3148 17.3292207110705
3148 17.3292207110705
3148 17.3292207110705
3148 0
3148 0
3148 0
3148 0
3148 5.85877274128893
3148 5.85877274128893
3148 5.85877274128893
3148 2.8690585769719
3148 10.0617640769356
3148 10.0617640769356
3148 0
3148 0
2877 0
2877 86.6629294964939
2877 86.6629294964939
2877 86.6629294964939
2877 86.6629294964939
2877 0
2877 41.2728629776959
2877 25.8519716854319
2877 25.8519716854319
2877 25.8519716854319
2877 25.8519716854319
2877 7.07865589919244
2877 7.07865589919244
2877 7.07865589919244
2877 7.07865589919244
2877 7.07865589919244
2877 0
2877 0
2877 0
2877 0
2877 0
2877 0
2877 17.3292207110705
2877 17.3292207110705
2877 17.3292207110705
2877 0
2877 0
2877 0
2877 0
2877 5.85877274128893
2877 5.85877274128893
2877 5.85877274128893
2877 2.8690585769719
2877 10.0617640769356
2877 10.0617640769356
2877 0
2877 0
2968 0
2968 86.6629294964939
2968 86.6629294964939
2968 86.6629294964939
2968 86.6629294964939
2968 0
2968 41.2728629776959
2968 25.8519716854319
2968 25.8519716854319
2968 25.8519716854319
2968 25.8519716854319
2968 7.07865589919244
2968 7.07865589919244
2968 7.07865589919244
2968 7.07865589919244
2968 7.07865589919244
2968 0
2968 0
2968 0
2968 0
2968 0
2968 0
2968 17.3292207110705
2968 17.3292207110705
2968 17.3292207110705
2968 0
2968 0
2968 0
2968 0
2968 5.85877274128893
2968 5.85877274128893
2968 5.85877274128893
2968 2.8690585769719
2968 10.0617640769356
2968 10.0617640769356
2968 0
2968 0
3059 0
3059 86.6629294964939
3059 86.6629294964939
3059 86.6629294964939
3059 86.6629294964939
3059 0
3059 41.2728629776959
3059 25.8519716854319
3059 25.8519716854319
3059 25.8519716854319
3059 25.8519716854319
3059 7.07865589919244
3059 7.07865589919244
3059 7.07865589919244
3059 7.07865589919244
3059 7.07865589919244
3059 0
3059 0
3059 0
3059 0
3059 0
3059 0
3059 17.3292207110705
3059 17.3292207110705
3059 17.3292207110705
3059 0
3059 0
3059 0
3059 0
3059 5.85877274128893
3059 5.85877274128893
3059 5.85877274128893
3059 2.8690585769719
3059 10.0617640769356
3059 10.0617640769356
3059 0
3059 0
3149 0
3149 86.6629294964939
3149 86.6629294964939
3149 86.6629294964939
3149 86.6629294964939
3149 0
3149 41.2728629776959
3149 25.8519716854319
3149 25.8519716854319
3149 25.8519716854319
3149 25.8519716854319
3149 7.07865589919244
3149 7.07865589919244
3149 7.07865589919244
3149 7.07865589919244
3149 7.07865589919244
3149 0
3149 0
3149 0
3149 0
3149 0
3149 0
3149 17.3292207110705
3149 17.3292207110705
3149 17.3292207110705
3149 0
3149 0
3149 0
3149 0
3149 5.85877274128893
3149 5.85877274128893
3149 5.85877274128893
3149 2.8690585769719
3149 10.0617640769356
3149 10.0617640769356
3149 0
3149 0
3150 0
3150 86.6629294964939
3150 86.6629294964939
3150 86.6629294964939
3150 86.6629294964939
3150 0
3150 41.2728629776959
3150 25.8519716854319
3150 25.8519716854319
3150 25.8519716854319
3150 25.8519716854319
3150 7.07865589919244
3150 7.07865589919244
3150 7.07865589919244
3150 7.07865589919244
3150 7.07865589919244
3150 0
3150 0
3150 0
3150 0
3150 0
3150 0
3150 17.3292207110705
3150 17.3292207110705
3150 17.3292207110705
3150 0
3150 0
3150 0
3150 0
3150 5.85877274128893
3150 5.85877274128893
3150 5.85877274128893
3150 2.8690585769719
3150 10.0617640769356
3150 10.0617640769356
3150 0
3150 0
3232 0
3232 86.6629294964939
3232 86.6629294964939
3232 86.6629294964939
3232 86.6629294964939
3232 0
3232 41.2728629776959
3232 25.8519716854319
3232 25.8519716854319
3232 25.8519716854319
3232 25.8519716854319
3232 7.07865589919244
3232 7.07865589919244
3232 7.07865589919244
3232 7.07865589919244
3232 7.07865589919244
3232 0
3232 0
3232 0
3232 0
3232 0
3232 0
3232 17.3292207110705
3232 17.3292207110705
3232 17.3292207110705
3232 0
3232 0
3232 0
3232 0
3232 5.85877274128893
3232 5.85877274128893
3232 5.85877274128893
3232 2.8690585769719
3232 10.0617640769356
3232 10.0617640769356
3232 0
3232 0
3382 0
3382 86.6629294964939
3382 86.6629294964939
3382 86.6629294964939
3382 86.6629294964939
3382 0
3382 41.2728629776959
3382 25.8519716854319
3382 25.8519716854319
3382 25.8519716854319
3382 25.8519716854319
3382 7.07865589919244
3382 7.07865589919244
3382 7.07865589919244
3382 7.07865589919244
3382 7.07865589919244
3382 0
3382 0
3382 0
3382 0
3382 0
3382 0
3382 17.3292207110705
3382 17.3292207110705
3382 17.3292207110705
3382 0
3382 0
3382 0
3382 0
3382 5.85877274128893
3382 5.85877274128893
3382 5.85877274128893
3382 2.8690585769719
3382 10.0617640769356
3382 10.0617640769356
3382 0
3382 0
3452 0
3452 86.6629294964939
3452 86.6629294964939
3452 86.6629294964939
3452 86.6629294964939
3452 0
3452 41.2728629776959
3452 25.8519716854319
3452 25.8519716854319
3452 25.8519716854319
3452 25.8519716854319
3452 7.07865589919244
3452 7.07865589919244
3452 7.07865589919244
3452 7.07865589919244
3452 7.07865589919244
3452 0
3452 0
3452 0
3452 0
3452 0
3452 0
3452 17.3292207110705
3452 17.3292207110705
3452 17.3292207110705
3452 0
3452 0
3452 0
3452 0
3452 5.85877274128893
3452 5.85877274128893
3452 5.85877274128893
3452 2.8690585769719
3452 10.0617640769356
3452 10.0617640769356
3452 0
3452 0
3526 0
3526 86.6629294964939
3526 86.6629294964939
3526 86.6629294964939
3526 86.6629294964939
3526 0
3526 41.2728629776959
3526 25.8519716854319
3526 25.8519716854319
3526 25.8519716854319
3526 25.8519716854319
3526 7.07865589919244
3526 7.07865589919244
3526 7.07865589919244
3526 7.07865589919244
3526 7.07865589919244
3526 0
3526 0
3526 0
3526 0
3526 0
3526 0
3526 17.3292207110705
3526 17.3292207110705
3526 17.3292207110705
3526 0
3526 0
3526 0
3526 0
3526 5.85877274128893
3526 5.85877274128893
3526 5.85877274128893
3526 2.8690585769719
3526 10.0617640769356
3526 10.0617640769356
3526 0
3526 0
3383 0
3383 86.6629294964939
3383 86.6629294964939
3383 86.6629294964939
3383 86.6629294964939
3383 0
3383 41.2728629776959
3383 25.8519716854319
3383 25.8519716854319
3383 25.8519716854319
3383 25.8519716854319
3383 7.07865589919244
3383 7.07865589919244
3383 7.07865589919244
3383 7.07865589919244
3383 7.07865589919244
3383 0
3383 0
3383 0
3383 0
3383 0
3383 0
3383 17.3292207110705
3383 17.3292207110705
3383 17.3292207110705
3383 0
3383 0
3383 0
3383 0
3383 5.85877274128893
3383 5.85877274128893
3383 5.85877274128893
3383 2.8690585769719
3383 10.0617640769356
3383 10.0617640769356
3383 0
3383 0
3453 0
3453 86.6629294964939
3453 86.6629294964939
3453 86.6629294964939
3453 86.6629294964939
3453 0
3453 41.2728629776959
3453 25.8519716854319
3453 25.8519716854319
3453 25.8519716854319
3453 25.8519716854319
3453 7.07865589919244
3453 7.07865589919244
3453 7.07865589919244
3453 7.07865589919244
3453 7.07865589919244
3453 0
3453 0
3453 0
3453 0
3453 0
3453 0
3453 17.3292207110705
3453 17.3292207110705
3453 17.3292207110705
3453 0
3453 0
3453 0
3453 0
3453 5.85877274128893
3453 5.85877274128893
3453 5.85877274128893
3453 2.8690585769719
3453 10.0617640769356
3453 10.0617640769356
3453 0
3453 0
3527 0
3527 86.6629294964939
3527 86.6629294964939
3527 86.6629294964939
3527 86.6629294964939
3527 0
3527 41.2728629776959
3527 25.8519716854319
3527 25.8519716854319
3527 25.8519716854319
3527 25.8519716854319
3527 7.07865589919244
3527 7.07865589919244
3527 7.07865589919244
3527 7.07865589919244
3527 7.07865589919244
3527 0
3527 0
3527 0
3527 0
3527 0
3527 0
3527 17.3292207110705
3527 17.3292207110705
3527 17.3292207110705
3527 0
3527 0
3527 0
3527 0
3527 5.85877274128893
3527 5.85877274128893
3527 5.85877274128893
3527 2.8690585769719
3527 10.0617640769356
3527 10.0617640769356
3527 0
3527 0
3593 0
3593 86.6629294964939
3593 86.6629294964939
3593 86.6629294964939
3593 86.6629294964939
3593 0
3593 41.2728629776959
3593 25.8519716854319
3593 25.8519716854319
3593 25.8519716854319
3593 25.8519716854319
3593 7.07865589919244
3593 7.07865589919244
3593 7.07865589919244
3593 7.07865589919244
3593 7.07865589919244
3593 0
3593 0
3593 0
3593 0
3593 0
3593 0
3593 17.3292207110705
3593 17.3292207110705
3593 17.3292207110705
3593 0
3593 0
3593 0
3593 0
3593 5.85877274128893
3593 5.85877274128893
3593 5.85877274128893
3593 2.8690585769719
3593 10.0617640769356
3593 10.0617640769356
3593 0
3593 0
3657 0
3657 86.6629294964939
3657 86.6629294964939
3657 86.6629294964939
3657 86.6629294964939
3657 0
3657 41.2728629776959
3657 25.8519716854319
3657 25.8519716854319
3657 25.8519716854319
3657 25.8519716854319
3657 7.07865589919244
3657 7.07865589919244
3657 7.07865589919244
3657 7.07865589919244
3657 7.07865589919244
3657 0
3657 0
3657 0
3657 0
3657 0
3657 0
3657 17.3292207110705
3657 17.3292207110705
3657 17.3292207110705
3657 0
3657 0
3657 0
3657 0
3657 5.85877274128893
3657 5.85877274128893
3657 5.85877274128893
3657 2.8690585769719
3657 10.0617640769356
3657 10.0617640769356
3657 0
3657 0
3716 0
3716 86.6629294964939
3716 86.6629294964939
3716 86.6629294964939
3716 86.6629294964939
3716 0
3716 41.2728629776959
3716 25.8519716854319
3716 25.8519716854319
3716 25.8519716854319
3716 25.8519716854319
3716 7.07865589919244
3716 7.07865589919244
3716 7.07865589919244
3716 7.07865589919244
3716 7.07865589919244
3716 0
3716 0
3716 0
3716 0
3716 0
3716 0
3716 17.3292207110705
3716 17.3292207110705
3716 17.3292207110705
3716 0
3716 0
3716 0
3716 0
3716 5.85877274128893
3716 5.85877274128893
3716 5.85877274128893
3716 2.8690585769719
3716 10.0617640769356
3716 10.0617640769356
3716 0
3716 0
3775 0
3775 86.6629294964939
3775 86.6629294964939
3775 86.6629294964939
3775 86.6629294964939
3775 0
3775 41.2728629776959
3775 25.8519716854319
3775 25.8519716854319
3775 25.8519716854319
3775 25.8519716854319
3775 7.07865589919244
3775 7.07865589919244
3775 7.07865589919244
3775 7.07865589919244
3775 7.07865589919244
3775 0
3775 0
3775 0
3775 0
3775 0
3775 0
3775 17.3292207110705
3775 17.3292207110705
3775 17.3292207110705
3775 0
3775 0
3775 0
3775 0
3775 5.85877274128893
3775 5.85877274128893
3775 5.85877274128893
3775 2.8690585769719
3775 10.0617640769356
3775 10.0617640769356
3775 0
3775 0
4102 0
4102 86.6629294964939
4102 86.6629294964939
4102 86.6629294964939
4102 86.6629294964939
4102 0
4102 41.2728629776959
4102 25.8519716854319
4102 25.8519716854319
4102 25.8519716854319
4102 25.8519716854319
4102 7.07865589919244
4102 7.07865589919244
4102 7.07865589919244
4102 7.07865589919244
4102 7.07865589919244
4102 0
4102 0
4102 0
4102 0
4102 0
4102 0
4102 17.3292207110705
4102 17.3292207110705
4102 17.3292207110705
4102 0
4102 0
4102 0
4102 0
4102 5.85877274128893
4102 5.85877274128893
4102 5.85877274128893
4102 2.8690585769719
4102 10.0617640769356
4102 10.0617640769356
4102 0
4102 0
3454 0
3454 86.6629294964939
3454 86.6629294964939
3454 86.6629294964939
3454 86.6629294964939
3454 0
3454 41.2728629776959
3454 25.8519716854319
3454 25.8519716854319
3454 25.8519716854319
3454 25.8519716854319
3454 7.07865589919244
3454 7.07865589919244
3454 7.07865589919244
3454 7.07865589919244
3454 7.07865589919244
3454 0
3454 0
3454 0
3454 0
3454 0
3454 0
3454 17.3292207110705
3454 17.3292207110705
3454 17.3292207110705
3454 0
3454 0
3454 0
3454 0
3454 5.85877274128893
3454 5.85877274128893
3454 5.85877274128893
3454 2.8690585769719
3454 10.0617640769356
3454 10.0617640769356
3454 0
3454 0
3594 0
3594 86.6629294964939
3594 86.6629294964939
3594 86.6629294964939
3594 86.6629294964939
3594 0
3594 41.2728629776959
3594 25.8519716854319
3594 25.8519716854319
3594 25.8519716854319
3594 25.8519716854319
3594 7.07865589919244
3594 7.07865589919244
3594 7.07865589919244
3594 7.07865589919244
3594 7.07865589919244
3594 0
3594 0
3594 0
3594 0
3594 0
3594 0
3594 17.3292207110705
3594 17.3292207110705
3594 17.3292207110705
3594 0
3594 0
3594 0
3594 0
3594 5.85877274128893
3594 5.85877274128893
3594 5.85877274128893
3594 2.8690585769719
3594 10.0617640769356
3594 10.0617640769356
3594 0
3594 0
3717 0
3717 86.6629294964939
3717 86.6629294964939
3717 86.6629294964939
3717 86.6629294964939
3717 0
3717 41.2728629776959
3717 25.8519716854319
3717 25.8519716854319
3717 25.8519716854319
3717 25.8519716854319
3717 7.07865589919244
3717 7.07865589919244
3717 7.07865589919244
3717 7.07865589919244
3717 7.07865589919244
3717 0
3717 0
3717 0
3717 0
3717 0
3717 0
3717 17.3292207110705
3717 17.3292207110705
3717 17.3292207110705
3717 0
3717 0
3717 0
3717 0
3717 5.85877274128893
3717 5.85877274128893
3717 5.85877274128893
3717 2.8690585769719
3717 10.0617640769356
3717 10.0617640769356
3717 0
3717 0
3776 0
3776 86.6629294964939
3776 86.6629294964939
3776 86.6629294964939
3776 86.6629294964939
3776 0
3776 41.2728629776959
3776 25.8519716854319
3776 25.8519716854319
3776 25.8519716854319
3776 25.8519716854319
3776 7.07865589919244
3776 7.07865589919244
3776 7.07865589919244
3776 7.07865589919244
3776 7.07865589919244
3776 0
3776 0
3776 0
3776 0
3776 0
3776 0
3776 17.3292207110705
3776 17.3292207110705
3776 17.3292207110705
3776 0
3776 0
3776 0
3776 0
3776 5.85877274128893
3776 5.85877274128893
3776 5.85877274128893
3776 2.8690585769719
3776 10.0617640769356
3776 10.0617640769356
3776 0
3776 0
4103 0
4103 86.6629294964939
4103 86.6629294964939
4103 86.6629294964939
4103 86.6629294964939
4103 0
4103 41.2728629776959
4103 25.8519716854319
4103 25.8519716854319
4103 25.8519716854319
4103 25.8519716854319
4103 7.07865589919244
4103 7.07865589919244
4103 7.07865589919244
4103 7.07865589919244
4103 7.07865589919244
4103 0
4103 0
4103 0
4103 0
4103 0
4103 0
4103 17.3292207110705
4103 17.3292207110705
4103 17.3292207110705
4103 0
4103 0
4103 0
4103 0
4103 5.85877274128893
4103 5.85877274128893
4103 5.85877274128893
4103 2.8690585769719
4103 10.0617640769356
4103 10.0617640769356
4103 0
4103 0
3385 0
3385 86.6629294964939
3385 86.6629294964939
3385 86.6629294964939
3385 86.6629294964939
3385 0
3385 41.2728629776959
3385 25.8519716854319
3385 25.8519716854319
3385 25.8519716854319
3385 25.8519716854319
3385 7.07865589919244
3385 7.07865589919244
3385 7.07865589919244
3385 7.07865589919244
3385 7.07865589919244
3385 0
3385 0
3385 0
3385 0
3385 0
3385 0
3385 17.3292207110705
3385 17.3292207110705
3385 17.3292207110705
3385 0
3385 0
3385 0
3385 0
3385 5.85877274128893
3385 5.85877274128893
3385 5.85877274128893
3385 2.8690585769719
3385 10.0617640769356
3385 10.0617640769356
3385 0
3385 0
3595 0
3595 86.6629294964939
3595 86.6629294964939
3595 86.6629294964939
3595 86.6629294964939
3595 0
3595 41.2728629776959
3595 25.8519716854319
3595 25.8519716854319
3595 25.8519716854319
3595 25.8519716854319
3595 7.07865589919244
3595 7.07865589919244
3595 7.07865589919244
3595 7.07865589919244
3595 7.07865589919244
3595 0
3595 0
3595 0
3595 0
3595 0
3595 0
3595 17.3292207110705
3595 17.3292207110705
3595 17.3292207110705
3595 0
3595 0
3595 0
3595 0
3595 5.85877274128893
3595 5.85877274128893
3595 5.85877274128893
3595 2.8690585769719
3595 10.0617640769356
3595 10.0617640769356
3595 0
3595 0
3887 0
3887 86.6629294964939
3887 86.6629294964939
3887 86.6629294964939
3887 86.6629294964939
3887 0
3887 41.2728629776959
3887 25.8519716854319
3887 25.8519716854319
3887 25.8519716854319
3887 25.8519716854319
3887 7.07865589919244
3887 7.07865589919244
3887 7.07865589919244
3887 7.07865589919244
3887 7.07865589919244
3887 0
3887 0
3887 0
3887 0
3887 0
3887 0
3887 17.3292207110705
3887 17.3292207110705
3887 17.3292207110705
3887 0
3887 0
3887 0
3887 0
3887 5.85877274128893
3887 5.85877274128893
3887 5.85877274128893
3887 2.8690585769719
3887 10.0617640769356
3887 10.0617640769356
3887 0
3887 0
3943 0
3943 86.6629294964939
3943 86.6629294964939
3943 86.6629294964939
3943 86.6629294964939
3943 0
3943 41.2728629776959
3943 25.8519716854319
3943 25.8519716854319
3943 25.8519716854319
3943 25.8519716854319
3943 7.07865589919244
3943 7.07865589919244
3943 7.07865589919244
3943 7.07865589919244
3943 7.07865589919244
3943 0
3943 0
3943 0
3943 0
3943 0
3943 0
3943 17.3292207110705
3943 17.3292207110705
3943 17.3292207110705
3943 0
3943 0
3943 0
3943 0
3943 5.85877274128893
3943 5.85877274128893
3943 5.85877274128893
3943 2.8690585769719
3943 10.0617640769356
3943 10.0617640769356
3943 0
3943 0
2169 0
2169 86.6629294964939
2169 86.6629294964939
2169 86.6629294964939
2169 86.6629294964939
2169 0
2169 41.2728629776959
2169 25.8519716854319
2169 25.8519716854319
2169 25.8519716854319
2169 25.8519716854319
2169 7.07865589919244
2169 7.07865589919244
2169 7.07865589919244
2169 7.07865589919244
2169 7.07865589919244
2169 0
2169 0
2169 0
2169 0
2169 0
2169 0
2169 17.3292207110705
2169 17.3292207110705
2169 17.3292207110705
2169 0
2169 0
2169 0
2169 0
2169 5.85877274128893
2169 5.85877274128893
2169 5.85877274128893
2169 2.8690585769719
2169 10.0617640769356
2169 10.0617640769356
2169 0
2169 0
2255 0
2255 86.6629294964939
2255 86.6629294964939
2255 86.6629294964939
2255 86.6629294964939
2255 0
2255 41.2728629776959
2255 25.8519716854319
2255 25.8519716854319
2255 25.8519716854319
2255 25.8519716854319
2255 7.07865589919244
2255 7.07865589919244
2255 7.07865589919244
2255 7.07865589919244
2255 7.07865589919244
2255 0
2255 0
2255 0
2255 0
2255 0
2255 0
2255 17.3292207110705
2255 17.3292207110705
2255 17.3292207110705
2255 0
2255 0
2255 0
2255 0
2255 5.85877274128893
2255 5.85877274128893
2255 5.85877274128893
2255 2.8690585769719
2255 10.0617640769356
2255 10.0617640769356
2255 0
2255 0
3387 0
3387 86.6629294964939
3387 86.6629294964939
3387 86.6629294964939
3387 86.6629294964939
3387 0
3387 41.2728629776959
3387 25.8519716854319
3387 25.8519716854319
3387 25.8519716854319
3387 25.8519716854319
3387 7.07865589919244
3387 7.07865589919244
3387 7.07865589919244
3387 7.07865589919244
3387 7.07865589919244
3387 0
3387 0
3387 0
3387 0
3387 0
3387 0
3387 17.3292207110705
3387 17.3292207110705
3387 17.3292207110705
3387 0
3387 0
3387 0
3387 0
3387 5.85877274128893
3387 5.85877274128893
3387 5.85877274128893
3387 2.8690585769719
3387 10.0617640769356
3387 10.0617640769356
3387 0
3387 0
3457 0
3457 86.6629294964939
3457 86.6629294964939
3457 86.6629294964939
3457 86.6629294964939
3457 0
3457 41.2728629776959
3457 25.8519716854319
3457 25.8519716854319
3457 25.8519716854319
3457 25.8519716854319
3457 7.07865589919244
3457 7.07865589919244
3457 7.07865589919244
3457 7.07865589919244
3457 7.07865589919244
3457 0
3457 0
3457 0
3457 0
3457 0
3457 0
3457 17.3292207110705
3457 17.3292207110705
3457 17.3292207110705
3457 0
3457 0
3457 0
3457 0
3457 5.85877274128893
3457 5.85877274128893
3457 5.85877274128893
3457 2.8690585769719
3457 10.0617640769356
3457 10.0617640769356
3457 0
3457 0
2335 0
2335 86.6629294964939
2335 86.6629294964939
2335 86.6629294964939
2335 86.6629294964939
2335 0
2335 41.2728629776959
2335 25.8519716854319
2335 25.8519716854319
2335 25.8519716854319
2335 25.8519716854319
2335 7.07865589919244
2335 7.07865589919244
2335 7.07865589919244
2335 7.07865589919244
2335 7.07865589919244
2335 0
2335 0
2335 0
2335 0
2335 0
2335 0
2335 17.3292207110705
2335 17.3292207110705
2335 17.3292207110705
2335 0
2335 0
2335 0
2335 0
2335 5.85877274128893
2335 5.85877274128893
2335 5.85877274128893
2335 2.8690585769719
2335 10.0617640769356
2335 10.0617640769356
2335 0
2335 0
1435 0
1435 86.6629294964939
1435 86.6629294964939
1435 86.6629294964939
1435 86.6629294964939
1435 0
1435 41.2728629776959
1435 25.8519716854319
1435 25.8519716854319
1435 25.8519716854319
1435 25.8519716854319
1435 7.07865589919244
1435 7.07865589919244
1435 7.07865589919244
1435 7.07865589919244
1435 7.07865589919244
1435 0
1435 0
1435 0
1435 0
1435 0
1435 0
1435 17.3292207110705
1435 17.3292207110705
1435 17.3292207110705
1435 0
1435 0
1435 0
1435 0
1435 5.85877274128893
1435 5.85877274128893
1435 5.85877274128893
1435 2.8690585769719
1435 10.0617640769356
1435 10.0617640769356
1435 0
1435 0
1480 0
1480 86.6629294964939
1480 86.6629294964939
1480 86.6629294964939
1480 86.6629294964939
1480 0
1480 41.2728629776959
1480 25.8519716854319
1480 25.8519716854319
1480 25.8519716854319
1480 25.8519716854319
1480 7.07865589919244
1480 7.07865589919244
1480 7.07865589919244
1480 7.07865589919244
1480 7.07865589919244
1480 0
1480 0
1480 0
1480 0
1480 0
1480 0
1480 17.3292207110705
1480 17.3292207110705
1480 17.3292207110705
1480 0
1480 0
1480 0
1480 0
1480 5.85877274128893
1480 5.85877274128893
1480 5.85877274128893
1480 2.8690585769719
1480 10.0617640769356
1480 10.0617640769356
1480 0
1480 0
1674 0
1674 86.6629294964939
1674 86.6629294964939
1674 86.6629294964939
1674 86.6629294964939
1674 0
1674 41.2728629776959
1674 25.8519716854319
1674 25.8519716854319
1674 25.8519716854319
1674 25.8519716854319
1674 7.07865589919244
1674 7.07865589919244
1674 7.07865589919244
1674 7.07865589919244
1674 7.07865589919244
1674 0
1674 0
1674 0
1674 0
1674 0
1674 0
1674 17.3292207110705
1674 17.3292207110705
1674 17.3292207110705
1674 0
1674 0
1674 0
1674 0
1674 5.85877274128893
1674 5.85877274128893
1674 5.85877274128893
1674 2.8690585769719
1674 10.0617640769356
1674 10.0617640769356
1674 0
1674 0
2171 0
2171 86.6629294964939
2171 86.6629294964939
2171 86.6629294964939
2171 86.6629294964939
2171 0
2171 41.2728629776959
2171 25.8519716854319
2171 25.8519716854319
2171 25.8519716854319
2171 25.8519716854319
2171 7.07865589919244
2171 7.07865589919244
2171 7.07865589919244
2171 7.07865589919244
2171 7.07865589919244
2171 0
2171 0
2171 0
2171 0
2171 0
2171 0
2171 17.3292207110705
2171 17.3292207110705
2171 17.3292207110705
2171 0
2171 0
2171 0
2171 0
2171 5.85877274128893
2171 5.85877274128893
2171 5.85877274128893
2171 2.8690585769719
2171 10.0617640769356
2171 10.0617640769356
2171 0
2171 0
2257 0
2257 86.6629294964939
2257 86.6629294964939
2257 86.6629294964939
2257 86.6629294964939
2257 0
2257 41.2728629776959
2257 25.8519716854319
2257 25.8519716854319
2257 25.8519716854319
2257 25.8519716854319
2257 7.07865589919244
2257 7.07865589919244
2257 7.07865589919244
2257 7.07865589919244
2257 7.07865589919244
2257 0
2257 0
2257 0
2257 0
2257 0
2257 0
2257 17.3292207110705
2257 17.3292207110705
2257 17.3292207110705
2257 0
2257 0
2257 0
2257 0
2257 5.85877274128893
2257 5.85877274128893
2257 5.85877274128893
2257 2.8690585769719
2257 10.0617640769356
2257 10.0617640769356
2257 0
2257 0
2336 0
2336 86.6629294964939
2336 86.6629294964939
2336 86.6629294964939
2336 86.6629294964939
2336 0
2336 41.2728629776959
2336 25.8519716854319
2336 25.8519716854319
2336 25.8519716854319
2336 25.8519716854319
2336 7.07865589919244
2336 7.07865589919244
2336 7.07865589919244
2336 7.07865589919244
2336 7.07865589919244
2336 0
2336 0
2336 0
2336 0
2336 0
2336 0
2336 17.3292207110705
2336 17.3292207110705
2336 17.3292207110705
2336 0
2336 0
2336 0
2336 0
2336 5.85877274128893
2336 5.85877274128893
2336 5.85877274128893
2336 2.8690585769719
2336 10.0617640769356
2336 10.0617640769356
2336 0
2336 0
3459 0
3459 86.6629294964939
3459 86.6629294964939
3459 86.6629294964939
3459 86.6629294964939
3459 0
3459 41.2728629776959
3459 25.8519716854319
3459 25.8519716854319
3459 25.8519716854319
3459 25.8519716854319
3459 7.07865589919244
3459 7.07865589919244
3459 7.07865589919244
3459 7.07865589919244
3459 7.07865589919244
3459 0
3459 0
3459 0
3459 0
3459 0
3459 0
3459 17.3292207110705
3459 17.3292207110705
3459 17.3292207110705
3459 0
3459 0
3459 0
3459 0
3459 5.85877274128893
3459 5.85877274128893
3459 5.85877274128893
3459 2.8690585769719
3459 10.0617640769356
3459 10.0617640769356
3459 0
3459 0
1529 0
1529 86.6629294964939
1529 86.6629294964939
1529 86.6629294964939
1529 86.6629294964939
1529 0
1529 41.2728629776959
1529 25.8519716854319
1529 25.8519716854319
1529 25.8519716854319
1529 25.8519716854319
1529 7.07865589919244
1529 7.07865589919244
1529 7.07865589919244
1529 7.07865589919244
1529 7.07865589919244
1529 0
1529 0
1529 0
1529 0
1529 0
1529 0
1529 17.3292207110705
1529 17.3292207110705
1529 17.3292207110705
1529 0
1529 0
1529 0
1529 0
1529 5.85877274128893
1529 5.85877274128893
1529 5.85877274128893
1529 2.8690585769719
1529 10.0617640769356
1529 10.0617640769356
1529 0
1529 0
1578 0
1578 86.6629294964939
1578 86.6629294964939
1578 86.6629294964939
1578 86.6629294964939
1578 0
1578 41.2728629776959
1578 25.8519716854319
1578 25.8519716854319
1578 25.8519716854319
1578 25.8519716854319
1578 7.07865589919244
1578 7.07865589919244
1578 7.07865589919244
1578 7.07865589919244
1578 7.07865589919244
1578 0
1578 0
1578 0
1578 0
1578 0
1578 0
1578 17.3292207110705
1578 17.3292207110705
1578 17.3292207110705
1578 0
1578 0
1578 0
1578 0
1578 5.85877274128893
1578 5.85877274128893
1578 5.85877274128893
1578 2.8690585769719
1578 10.0617640769356
1578 10.0617640769356
1578 0
1578 0
1625 0
1625 86.6629294964939
1625 86.6629294964939
1625 86.6629294964939
1625 86.6629294964939
1625 0
1625 41.2728629776959
1625 25.8519716854319
1625 25.8519716854319
1625 25.8519716854319
1625 25.8519716854319
1625 7.07865589919244
1625 7.07865589919244
1625 7.07865589919244
1625 7.07865589919244
1625 7.07865589919244
1625 0
1625 0
1625 0
1625 0
1625 0
1625 0
1625 17.3292207110705
1625 17.3292207110705
1625 17.3292207110705
1625 0
1625 0
1625 0
1625 0
1625 5.85877274128893
1625 5.85877274128893
1625 5.85877274128893
1625 2.8690585769719
1625 10.0617640769356
1625 10.0617640769356
1625 0
1625 0
1675 0
1675 86.6629294964939
1675 86.6629294964939
1675 86.6629294964939
1675 86.6629294964939
1675 0
1675 41.2728629776959
1675 25.8519716854319
1675 25.8519716854319
1675 25.8519716854319
1675 25.8519716854319
1675 7.07865589919244
1675 7.07865589919244
1675 7.07865589919244
1675 7.07865589919244
1675 7.07865589919244
1675 0
1675 0
1675 0
1675 0
1675 0
1675 0
1675 17.3292207110705
1675 17.3292207110705
1675 17.3292207110705
1675 0
1675 0
1675 0
1675 0
1675 5.85877274128893
1675 5.85877274128893
1675 5.85877274128893
1675 2.8690585769719
1675 10.0617640769356
1675 10.0617640769356
1675 0
1675 0
2258 0
2258 86.6629294964939
2258 86.6629294964939
2258 86.6629294964939
2258 86.6629294964939
2258 0
2258 41.2728629776959
2258 25.8519716854319
2258 25.8519716854319
2258 25.8519716854319
2258 25.8519716854319
2258 7.07865589919244
2258 7.07865589919244
2258 7.07865589919244
2258 7.07865589919244
2258 7.07865589919244
2258 0
2258 0
2258 0
2258 0
2258 0
2258 0
2258 17.3292207110705
2258 17.3292207110705
2258 17.3292207110705
2258 0
2258 0
2258 0
2258 0
2258 5.85877274128893
2258 5.85877274128893
2258 5.85877274128893
2258 2.8690585769719
2258 10.0617640769356
2258 10.0617640769356
2258 0
2258 0
2337 0
2337 86.6629294964939
2337 86.6629294964939
2337 86.6629294964939
2337 86.6629294964939
2337 0
2337 41.2728629776959
2337 25.8519716854319
2337 25.8519716854319
2337 25.8519716854319
2337 25.8519716854319
2337 7.07865589919244
2337 7.07865589919244
2337 7.07865589919244
2337 7.07865589919244
2337 7.07865589919244
2337 0
2337 0
2337 0
2337 0
2337 0
2337 0
2337 17.3292207110705
2337 17.3292207110705
2337 17.3292207110705
2337 0
2337 0
2337 0
2337 0
2337 5.85877274128893
2337 5.85877274128893
2337 5.85877274128893
2337 2.8690585769719
2337 10.0617640769356
2337 10.0617640769356
2337 0
2337 0
3064 0
3064 86.6629294964939
3064 86.6629294964939
3064 86.6629294964939
3064 86.6629294964939
3064 0
3064 41.2728629776959
3064 25.8519716854319
3064 25.8519716854319
3064 25.8519716854319
3064 25.8519716854319
3064 7.07865589919244
3064 7.07865589919244
3064 7.07865589919244
3064 7.07865589919244
3064 7.07865589919244
3064 0
3064 0
3064 0
3064 0
3064 0
3064 0
3064 17.3292207110705
3064 17.3292207110705
3064 17.3292207110705
3064 0
3064 0
3064 0
3064 0
3064 5.85877274128893
3064 5.85877274128893
3064 5.85877274128893
3064 2.8690585769719
3064 10.0617640769356
3064 10.0617640769356
3064 0
3064 0
4305 0
4305 86.6629294964939
4305 86.6629294964939
4305 86.6629294964939
4305 86.6629294964939
4305 0
4305 41.2728629776959
4305 25.8519716854319
4305 25.8519716854319
4305 25.8519716854319
4305 25.8519716854319
4305 7.07865589919244
4305 7.07865589919244
4305 7.07865589919244
4305 7.07865589919244
4305 7.07865589919244
4305 0
4305 0
4305 0
4305 0
4305 0
4305 0
4305 17.3292207110705
4305 17.3292207110705
4305 17.3292207110705
4305 0
4305 0
4305 0
4305 0
4305 5.85877274128893
4305 5.85877274128893
4305 5.85877274128893
4305 2.8690585769719
4305 10.0617640769356
4305 10.0617640769356
4305 0
4305 0
1530 0
1530 86.6629294964939
1530 86.6629294964939
1530 86.6629294964939
1530 86.6629294964939
1530 0
1530 41.2728629776959
1530 25.8519716854319
1530 25.8519716854319
1530 25.8519716854319
1530 25.8519716854319
1530 7.07865589919244
1530 7.07865589919244
1530 7.07865589919244
1530 7.07865589919244
1530 7.07865589919244
1530 0
1530 0
1530 0
1530 0
1530 0
1530 0
1530 17.3292207110705
1530 17.3292207110705
1530 17.3292207110705
1530 0
1530 0
1530 0
1530 0
1530 5.85877274128893
1530 5.85877274128893
1530 5.85877274128893
1530 2.8690585769719
1530 10.0617640769356
1530 10.0617640769356
1530 0
1530 0
1733 0
1733 86.6629294964939
1733 86.6629294964939
1733 86.6629294964939
1733 86.6629294964939
1733 0
1733 41.2728629776959
1733 25.8519716854319
1733 25.8519716854319
1733 25.8519716854319
1733 25.8519716854319
1733 7.07865589919244
1733 7.07865589919244
1733 7.07865589919244
1733 7.07865589919244
1733 7.07865589919244
1733 0
1733 0
1733 0
1733 0
1733 0
1733 0
1733 17.3292207110705
1733 17.3292207110705
1733 17.3292207110705
1733 0
1733 0
1733 0
1733 0
1733 5.85877274128893
1733 5.85877274128893
1733 5.85877274128893
1733 2.8690585769719
1733 10.0617640769356
1733 10.0617640769356
1733 0
1733 0
2259 0
2259 86.6629294964939
2259 86.6629294964939
2259 86.6629294964939
2259 86.6629294964939
2259 0
2259 41.2728629776959
2259 25.8519716854319
2259 25.8519716854319
2259 25.8519716854319
2259 25.8519716854319
2259 7.07865589919244
2259 7.07865589919244
2259 7.07865589919244
2259 7.07865589919244
2259 7.07865589919244
2259 0
2259 0
2259 0
2259 0
2259 0
2259 0
2259 17.3292207110705
2259 17.3292207110705
2259 17.3292207110705
2259 0
2259 0
2259 0
2259 0
2259 5.85877274128893
2259 5.85877274128893
2259 5.85877274128893
2259 2.8690585769719
2259 10.0617640769356
2259 10.0617640769356
2259 0
2259 0
2338 0
2338 86.6629294964939
2338 86.6629294964939
2338 86.6629294964939
2338 86.6629294964939
2338 0
2338 41.2728629776959
2338 25.8519716854319
2338 25.8519716854319
2338 25.8519716854319
2338 25.8519716854319
2338 7.07865589919244
2338 7.07865589919244
2338 7.07865589919244
2338 7.07865589919244
2338 7.07865589919244
2338 0
2338 0
2338 0
2338 0
2338 0
2338 0
2338 17.3292207110705
2338 17.3292207110705
2338 17.3292207110705
2338 0
2338 0
2338 0
2338 0
2338 5.85877274128893
2338 5.85877274128893
2338 5.85877274128893
2338 2.8690585769719
2338 10.0617640769356
2338 10.0617640769356
2338 0
2338 0
2509 0
2509 86.6629294964939
2509 86.6629294964939
2509 86.6629294964939
2509 86.6629294964939
2509 0
2509 41.2728629776959
2509 25.8519716854319
2509 25.8519716854319
2509 25.8519716854319
2509 25.8519716854319
2509 7.07865589919244
2509 7.07865589919244
2509 7.07865589919244
2509 7.07865589919244
2509 7.07865589919244
2509 0
2509 0
2509 0
2509 0
2509 0
2509 0
2509 17.3292207110705
2509 17.3292207110705
2509 17.3292207110705
2509 0
2509 0
2509 0
2509 0
2509 5.85877274128893
2509 5.85877274128893
2509 5.85877274128893
2509 2.8690585769719
2509 10.0617640769356
2509 10.0617640769356
2509 0
2509 0
2693 0
2693 86.6629294964939
2693 86.6629294964939
2693 86.6629294964939
2693 86.6629294964939
2693 0
2693 41.2728629776959
2693 25.8519716854319
2693 25.8519716854319
2693 25.8519716854319
2693 25.8519716854319
2693 7.07865589919244
2693 7.07865589919244
2693 7.07865589919244
2693 7.07865589919244
2693 7.07865589919244
2693 0
2693 0
2693 0
2693 0
2693 0
2693 0
2693 17.3292207110705
2693 17.3292207110705
2693 17.3292207110705
2693 0
2693 0
2693 0
2693 0
2693 5.85877274128893
2693 5.85877274128893
2693 5.85877274128893
2693 2.8690585769719
2693 10.0617640769356
2693 10.0617640769356
2693 0
2693 0
3065 0
3065 86.6629294964939
3065 86.6629294964939
3065 86.6629294964939
3065 86.6629294964939
3065 0
3065 41.2728629776959
3065 25.8519716854319
3065 25.8519716854319
3065 25.8519716854319
3065 25.8519716854319
3065 7.07865589919244
3065 7.07865589919244
3065 7.07865589919244
3065 7.07865589919244
3065 7.07865589919244
3065 0
3065 0
3065 0
3065 0
3065 0
3065 0
3065 17.3292207110705
3065 17.3292207110705
3065 17.3292207110705
3065 0
3065 0
3065 0
3065 0
3065 5.85877274128893
3065 5.85877274128893
3065 5.85877274128893
3065 2.8690585769719
3065 10.0617640769356
3065 10.0617640769356
3065 0
3065 0
3157 0
3157 86.6629294964939
3157 86.6629294964939
3157 86.6629294964939
3157 86.6629294964939
3157 0
3157 41.2728629776959
3157 25.8519716854319
3157 25.8519716854319
3157 25.8519716854319
3157 25.8519716854319
3157 7.07865589919244
3157 7.07865589919244
3157 7.07865589919244
3157 7.07865589919244
3157 7.07865589919244
3157 0
3157 0
3157 0
3157 0
3157 0
3157 0
3157 17.3292207110705
3157 17.3292207110705
3157 17.3292207110705
3157 0
3157 0
3157 0
3157 0
3157 5.85877274128893
3157 5.85877274128893
3157 5.85877274128893
3157 2.8690585769719
3157 10.0617640769356
3157 10.0617640769356
3157 0
3157 0
1580 0
1580 86.6629294964939
1580 86.6629294964939
1580 86.6629294964939
1580 86.6629294964939
1580 0
1580 41.2728629776959
1580 25.8519716854319
1580 25.8519716854319
1580 25.8519716854319
1580 25.8519716854319
1580 7.07865589919244
1580 7.07865589919244
1580 7.07865589919244
1580 7.07865589919244
1580 7.07865589919244
1580 0
1580 0
1580 0
1580 0
1580 0
1580 0
1580 17.3292207110705
1580 17.3292207110705
1580 17.3292207110705
1580 0
1580 0
1580 0
1580 0
1580 5.85877274128893
1580 5.85877274128893
1580 5.85877274128893
1580 2.8690585769719
1580 10.0617640769356
1580 10.0617640769356
1580 0
1580 0
1627 0
1627 86.6629294964939
1627 86.6629294964939
1627 86.6629294964939
1627 86.6629294964939
1627 0
1627 41.2728629776959
1627 25.8519716854319
1627 25.8519716854319
1627 25.8519716854319
1627 25.8519716854319
1627 7.07865589919244
1627 7.07865589919244
1627 7.07865589919244
1627 7.07865589919244
1627 7.07865589919244
1627 0
1627 0
1627 0
1627 0
1627 0
1627 0
1627 17.3292207110705
1627 17.3292207110705
1627 17.3292207110705
1627 0
1627 0
1627 0
1627 0
1627 5.85877274128893
1627 5.85877274128893
1627 5.85877274128893
1627 2.8690585769719
1627 10.0617640769356
1627 10.0617640769356
1627 0
1627 0
1677 0
1677 86.6629294964939
1677 86.6629294964939
1677 86.6629294964939
1677 86.6629294964939
1677 0
1677 41.2728629776959
1677 25.8519716854319
1677 25.8519716854319
1677 25.8519716854319
1677 25.8519716854319
1677 7.07865589919244
1677 7.07865589919244
1677 7.07865589919244
1677 7.07865589919244
1677 7.07865589919244
1677 0
1677 0
1677 0
1677 0
1677 0
1677 0
1677 17.3292207110705
1677 17.3292207110705
1677 17.3292207110705
1677 0
1677 0
1677 0
1677 0
1677 5.85877274128893
1677 5.85877274128893
1677 5.85877274128893
1677 2.8690585769719
1677 10.0617640769356
1677 10.0617640769356
1677 0
1677 0
1734 0
1734 86.6629294964939
1734 86.6629294964939
1734 86.6629294964939
1734 86.6629294964939
1734 0
1734 41.2728629776959
1734 25.8519716854319
1734 25.8519716854319
1734 25.8519716854319
1734 25.8519716854319
1734 7.07865589919244
1734 7.07865589919244
1734 7.07865589919244
1734 7.07865589919244
1734 7.07865589919244
1734 0
1734 0
1734 0
1734 0
1734 0
1734 0
1734 17.3292207110705
1734 17.3292207110705
1734 17.3292207110705
1734 0
1734 0
1734 0
1734 0
1734 5.85877274128893
1734 5.85877274128893
1734 5.85877274128893
1734 2.8690585769719
1734 10.0617640769356
1734 10.0617640769356
1734 0
1734 0
1792 0
1792 86.6629294964939
1792 86.6629294964939
1792 86.6629294964939
1792 86.6629294964939
1792 0
1792 41.2728629776959
1792 25.8519716854319
1792 25.8519716854319
1792 25.8519716854319
1792 25.8519716854319
1792 7.07865589919244
1792 7.07865589919244
1792 7.07865589919244
1792 7.07865589919244
1792 7.07865589919244
1792 0
1792 0
1792 0
1792 0
1792 0
1792 0
1792 17.3292207110705
1792 17.3292207110705
1792 17.3292207110705
1792 0
1792 0
1792 0
1792 0
1792 5.85877274128893
1792 5.85877274128893
1792 5.85877274128893
1792 2.8690585769719
1792 10.0617640769356
1792 10.0617640769356
1792 0
1792 0
1860 0
1860 86.6629294964939
1860 86.6629294964939
1860 86.6629294964939
1860 86.6629294964939
1860 0
1860 41.2728629776959
1860 25.8519716854319
1860 25.8519716854319
1860 25.8519716854319
1860 25.8519716854319
1860 7.07865589919244
1860 7.07865589919244
1860 7.07865589919244
1860 7.07865589919244
1860 7.07865589919244
1860 0
1860 0
1860 0
1860 0
1860 0
1860 0
1860 17.3292207110705
1860 17.3292207110705
1860 17.3292207110705
1860 0
1860 0
1860 0
1860 0
1860 5.85877274128893
1860 5.85877274128893
1860 5.85877274128893
1860 2.8690585769719
1860 10.0617640769356
1860 10.0617640769356
1860 0
1860 0
1929 0
1929 86.6629294964939
1929 86.6629294964939
1929 86.6629294964939
1929 86.6629294964939
1929 0
1929 41.2728629776959
1929 25.8519716854319
1929 25.8519716854319
1929 25.8519716854319
1929 25.8519716854319
1929 7.07865589919244
1929 7.07865589919244
1929 7.07865589919244
1929 7.07865589919244
1929 7.07865589919244
1929 0
1929 0
1929 0
1929 0
1929 0
1929 0
1929 17.3292207110705
1929 17.3292207110705
1929 17.3292207110705
1929 0
1929 0
1929 0
1929 0
1929 5.85877274128893
1929 5.85877274128893
1929 5.85877274128893
1929 2.8690585769719
1929 10.0617640769356
1929 10.0617640769356
1929 0
1929 0
2006 0
2006 86.6629294964939
2006 86.6629294964939
2006 86.6629294964939
2006 86.6629294964939
2006 0
2006 41.2728629776959
2006 25.8519716854319
2006 25.8519716854319
2006 25.8519716854319
2006 25.8519716854319
2006 7.07865589919244
2006 7.07865589919244
2006 7.07865589919244
2006 7.07865589919244
2006 7.07865589919244
2006 0
2006 0
2006 0
2006 0
2006 0
2006 0
2006 17.3292207110705
2006 17.3292207110705
2006 17.3292207110705
2006 0
2006 0
2006 0
2006 0
2006 5.85877274128893
2006 5.85877274128893
2006 5.85877274128893
2006 2.8690585769719
2006 10.0617640769356
2006 10.0617640769356
2006 0
2006 0
2088 0
2088 86.6629294964939
2088 86.6629294964939
2088 86.6629294964939
2088 86.6629294964939
2088 0
2088 41.2728629776959
2088 25.8519716854319
2088 25.8519716854319
2088 25.8519716854319
2088 25.8519716854319
2088 7.07865589919244
2088 7.07865589919244
2088 7.07865589919244
2088 7.07865589919244
2088 7.07865589919244
2088 0
2088 0
2088 0
2088 0
2088 0
2088 0
2088 17.3292207110705
2088 17.3292207110705
2088 17.3292207110705
2088 0
2088 0
2088 0
2088 0
2088 5.85877274128893
2088 5.85877274128893
2088 5.85877274128893
2088 2.8690585769719
2088 10.0617640769356
2088 10.0617640769356
2088 0
2088 0
2260 0
2260 86.6629294964939
2260 86.6629294964939
2260 86.6629294964939
2260 86.6629294964939
2260 0
2260 41.2728629776959
2260 25.8519716854319
2260 25.8519716854319
2260 25.8519716854319
2260 25.8519716854319
2260 7.07865589919244
2260 7.07865589919244
2260 7.07865589919244
2260 7.07865589919244
2260 7.07865589919244
2260 0
2260 0
2260 0
2260 0
2260 0
2260 0
2260 17.3292207110705
2260 17.3292207110705
2260 17.3292207110705
2260 0
2260 0
2260 0
2260 0
2260 5.85877274128893
2260 5.85877274128893
2260 5.85877274128893
2260 2.8690585769719
2260 10.0617640769356
2260 10.0617640769356
2260 0
2260 0
2339 0
2339 86.6629294964939
2339 86.6629294964939
2339 86.6629294964939
2339 86.6629294964939
2339 0
2339 41.2728629776959
2339 25.8519716854319
2339 25.8519716854319
2339 25.8519716854319
2339 25.8519716854319
2339 7.07865589919244
2339 7.07865589919244
2339 7.07865589919244
2339 7.07865589919244
2339 7.07865589919244
2339 0
2339 0
2339 0
2339 0
2339 0
2339 0
2339 17.3292207110705
2339 17.3292207110705
2339 17.3292207110705
2339 0
2339 0
2339 0
2339 0
2339 5.85877274128893
2339 5.85877274128893
2339 5.85877274128893
2339 2.8690585769719
2339 10.0617640769356
2339 10.0617640769356
2339 0
2339 0
2424 0
2424 86.6629294964939
2424 86.6629294964939
2424 86.6629294964939
2424 86.6629294964939
2424 0
2424 41.2728629776959
2424 25.8519716854319
2424 25.8519716854319
2424 25.8519716854319
2424 25.8519716854319
2424 7.07865589919244
2424 7.07865589919244
2424 7.07865589919244
2424 7.07865589919244
2424 7.07865589919244
2424 0
2424 0
2424 0
2424 0
2424 0
2424 0
2424 17.3292207110705
2424 17.3292207110705
2424 17.3292207110705
2424 0
2424 0
2424 0
2424 0
2424 5.85877274128893
2424 5.85877274128893
2424 5.85877274128893
2424 2.8690585769719
2424 10.0617640769356
2424 10.0617640769356
2424 0
2424 0
2510 0
2510 86.6629294964939
2510 86.6629294964939
2510 86.6629294964939
2510 86.6629294964939
2510 0
2510 41.2728629776959
2510 25.8519716854319
2510 25.8519716854319
2510 25.8519716854319
2510 25.8519716854319
2510 7.07865589919244
2510 7.07865589919244
2510 7.07865589919244
2510 7.07865589919244
2510 7.07865589919244
2510 0
2510 0
2510 0
2510 0
2510 0
2510 0
2510 17.3292207110705
2510 17.3292207110705
2510 17.3292207110705
2510 0
2510 0
2510 0
2510 0
2510 5.85877274128893
2510 5.85877274128893
2510 5.85877274128893
2510 2.8690585769719
2510 10.0617640769356
2510 10.0617640769356
2510 0
2510 0
1532 0
1532 86.6629294964939
1532 86.6629294964939
1532 86.6629294964939
1532 86.6629294964939
1532 0
1532 41.2728629776959
1532 25.8519716854319
1532 25.8519716854319
1532 25.8519716854319
1532 25.8519716854319
1532 7.07865589919244
1532 7.07865589919244
1532 7.07865589919244
1532 7.07865589919244
1532 7.07865589919244
1532 0
1532 0
1532 0
1532 0
1532 0
1532 0
1532 17.3292207110705
1532 17.3292207110705
1532 17.3292207110705
1532 0
1532 0
1532 0
1532 0
1532 5.85877274128893
1532 5.85877274128893
1532 5.85877274128893
1532 2.8690585769719
1532 10.0617640769356
1532 10.0617640769356
1532 0
1532 0
1628 0
1628 86.6629294964939
1628 86.6629294964939
1628 86.6629294964939
1628 86.6629294964939
1628 0
1628 41.2728629776959
1628 25.8519716854319
1628 25.8519716854319
1628 25.8519716854319
1628 25.8519716854319
1628 7.07865589919244
1628 7.07865589919244
1628 7.07865589919244
1628 7.07865589919244
1628 7.07865589919244
1628 0
1628 0
1628 0
1628 0
1628 0
1628 0
1628 17.3292207110705
1628 17.3292207110705
1628 17.3292207110705
1628 0
1628 0
1628 0
1628 0
1628 5.85877274128893
1628 5.85877274128893
1628 5.85877274128893
1628 2.8690585769719
1628 10.0617640769356
1628 10.0617640769356
1628 0
1628 0
1678 0
1678 86.6629294964939
1678 86.6629294964939
1678 86.6629294964939
1678 86.6629294964939
1678 0
1678 41.2728629776959
1678 25.8519716854319
1678 25.8519716854319
1678 25.8519716854319
1678 25.8519716854319
1678 7.07865589919244
1678 7.07865589919244
1678 7.07865589919244
1678 7.07865589919244
1678 7.07865589919244
1678 0
1678 0
1678 0
1678 0
1678 0
1678 0
1678 17.3292207110705
1678 17.3292207110705
1678 17.3292207110705
1678 0
1678 0
1678 0
1678 0
1678 5.85877274128893
1678 5.85877274128893
1678 5.85877274128893
1678 2.8690585769719
1678 10.0617640769356
1678 10.0617640769356
1678 0
1678 0
2175 0
2175 86.6629294964939
2175 86.6629294964939
2175 86.6629294964939
2175 86.6629294964939
2175 0
2175 41.2728629776959
2175 25.8519716854319
2175 25.8519716854319
2175 25.8519716854319
2175 25.8519716854319
2175 7.07865589919244
2175 7.07865589919244
2175 7.07865589919244
2175 7.07865589919244
2175 7.07865589919244
2175 0
2175 0
2175 0
2175 0
2175 0
2175 0
2175 17.3292207110705
2175 17.3292207110705
2175 17.3292207110705
2175 0
2175 0
2175 0
2175 0
2175 5.85877274128893
2175 5.85877274128893
2175 5.85877274128893
2175 2.8690585769719
2175 10.0617640769356
2175 10.0617640769356
2175 0
2175 0
2340 0
2340 86.6629294964939
2340 86.6629294964939
2340 86.6629294964939
2340 86.6629294964939
2340 0
2340 41.2728629776959
2340 25.8519716854319
2340 25.8519716854319
2340 25.8519716854319
2340 25.8519716854319
2340 7.07865589919244
2340 7.07865589919244
2340 7.07865589919244
2340 7.07865589919244
2340 7.07865589919244
2340 0
2340 0
2340 0
2340 0
2340 0
2340 0
2340 17.3292207110705
2340 17.3292207110705
2340 17.3292207110705
2340 0
2340 0
2340 0
2340 0
2340 5.85877274128893
2340 5.85877274128893
2340 5.85877274128893
2340 2.8690585769719
2340 10.0617640769356
2340 10.0617640769356
2340 0
2340 0
1533 0
1533 86.6629294964939
1533 86.6629294964939
1533 86.6629294964939
1533 86.6629294964939
1533 0
1533 41.2728629776959
1533 25.8519716854319
1533 25.8519716854319
1533 25.8519716854319
1533 25.8519716854319
1533 7.07865589919244
1533 7.07865589919244
1533 7.07865589919244
1533 7.07865589919244
1533 7.07865589919244
1533 0
1533 0
1533 0
1533 0
1533 0
1533 0
1533 17.3292207110705
1533 17.3292207110705
1533 17.3292207110705
1533 0
1533 0
1533 0
1533 0
1533 5.85877274128893
1533 5.85877274128893
1533 5.85877274128893
1533 2.8690585769719
1533 10.0617640769356
1533 10.0617640769356
1533 0
1533 0
1736 0
1736 86.6629294964939
1736 86.6629294964939
1736 86.6629294964939
1736 86.6629294964939
1736 0
1736 41.2728629776959
1736 25.8519716854319
1736 25.8519716854319
1736 25.8519716854319
1736 25.8519716854319
1736 7.07865589919244
1736 7.07865589919244
1736 7.07865589919244
1736 7.07865589919244
1736 7.07865589919244
1736 0
1736 0
1736 0
1736 0
1736 0
1736 0
1736 17.3292207110705
1736 17.3292207110705
1736 17.3292207110705
1736 0
1736 0
1736 0
1736 0
1736 5.85877274128893
1736 5.85877274128893
1736 5.85877274128893
1736 2.8690585769719
1736 10.0617640769356
1736 10.0617640769356
1736 0
1736 0
1862 0
1862 86.6629294964939
1862 86.6629294964939
1862 86.6629294964939
1862 86.6629294964939
1862 0
1862 41.2728629776959
1862 25.8519716854319
1862 25.8519716854319
1862 25.8519716854319
1862 25.8519716854319
1862 7.07865589919244
1862 7.07865589919244
1862 7.07865589919244
1862 7.07865589919244
1862 7.07865589919244
1862 0
1862 0
1862 0
1862 0
1862 0
1862 0
1862 17.3292207110705
1862 17.3292207110705
1862 17.3292207110705
1862 0
1862 0
1862 0
1862 0
1862 5.85877274128893
1862 5.85877274128893
1862 5.85877274128893
1862 2.8690585769719
1862 10.0617640769356
1862 10.0617640769356
1862 0
1862 0
1931 0
1931 86.6629294964939
1931 86.6629294964939
1931 86.6629294964939
1931 86.6629294964939
1931 0
1931 41.2728629776959
1931 25.8519716854319
1931 25.8519716854319
1931 25.8519716854319
1931 25.8519716854319
1931 7.07865589919244
1931 7.07865589919244
1931 7.07865589919244
1931 7.07865589919244
1931 7.07865589919244
1931 0
1931 0
1931 0
1931 0
1931 0
1931 0
1931 17.3292207110705
1931 17.3292207110705
1931 17.3292207110705
1931 0
1931 0
1931 0
1931 0
1931 5.85877274128893
1931 5.85877274128893
1931 5.85877274128893
1931 2.8690585769719
1931 10.0617640769356
1931 10.0617640769356
1931 0
1931 0
1357 0
1357 86.6629294964939
1357 86.6629294964939
1357 86.6629294964939
1357 86.6629294964939
1357 0
1357 41.2728629776959
1357 25.8519716854319
1357 25.8519716854319
1357 25.8519716854319
1357 25.8519716854319
1357 7.07865589919244
1357 7.07865589919244
1357 7.07865589919244
1357 7.07865589919244
1357 7.07865589919244
1357 0
1357 0
1357 0
1357 0
1357 0
1357 0
1357 17.3292207110705
1357 17.3292207110705
1357 17.3292207110705
1357 0
1357 0
1357 0
1357 0
1357 5.85877274128893
1357 5.85877274128893
1357 5.85877274128893
1357 2.8690585769719
1357 10.0617640769356
1357 10.0617640769356
1357 0
1357 0
1583 0
1583 86.6629294964939
1583 86.6629294964939
1583 86.6629294964939
1583 86.6629294964939
1583 0
1583 41.2728629776959
1583 25.8519716854319
1583 25.8519716854319
1583 25.8519716854319
1583 25.8519716854319
1583 7.07865589919244
1583 7.07865589919244
1583 7.07865589919244
1583 7.07865589919244
1583 7.07865589919244
1583 0
1583 0
1583 0
1583 0
1583 0
1583 0
1583 17.3292207110705
1583 17.3292207110705
1583 17.3292207110705
1583 0
1583 0
1583 0
1583 0
1583 5.85877274128893
1583 5.85877274128893
1583 5.85877274128893
1583 2.8690585769719
1583 10.0617640769356
1583 10.0617640769356
1583 0
1583 0
1630 0
1630 86.6629294964939
1630 86.6629294964939
1630 86.6629294964939
1630 86.6629294964939
1630 0
1630 41.2728629776959
1630 25.8519716854319
1630 25.8519716854319
1630 25.8519716854319
1630 25.8519716854319
1630 7.07865589919244
1630 7.07865589919244
1630 7.07865589919244
1630 7.07865589919244
1630 7.07865589919244
1630 0
1630 0
1630 0
1630 0
1630 0
1630 0
1630 17.3292207110705
1630 17.3292207110705
1630 17.3292207110705
1630 0
1630 0
1630 0
1630 0
1630 5.85877274128893
1630 5.85877274128893
1630 5.85877274128893
1630 2.8690585769719
1630 10.0617640769356
1630 10.0617640769356
1630 0
1630 0
1680 0
1680 86.6629294964939
1680 86.6629294964939
1680 86.6629294964939
1680 86.6629294964939
1680 0
1680 41.2728629776959
1680 25.8519716854319
1680 25.8519716854319
1680 25.8519716854319
1680 25.8519716854319
1680 7.07865589919244
1680 7.07865589919244
1680 7.07865589919244
1680 7.07865589919244
1680 7.07865589919244
1680 0
1680 0
1680 0
1680 0
1680 0
1680 0
1680 17.3292207110705
1680 17.3292207110705
1680 17.3292207110705
1680 0
1680 0
1680 0
1680 0
1680 5.85877274128893
1680 5.85877274128893
1680 5.85877274128893
1680 2.8690585769719
1680 10.0617640769356
1680 10.0617640769356
1680 0
1680 0
1737 0
1737 86.6629294964939
1737 86.6629294964939
1737 86.6629294964939
1737 86.6629294964939
1737 0
1737 41.2728629776959
1737 25.8519716854319
1737 25.8519716854319
1737 25.8519716854319
1737 25.8519716854319
1737 7.07865589919244
1737 7.07865589919244
1737 7.07865589919244
1737 7.07865589919244
1737 7.07865589919244
1737 0
1737 0
1737 0
1737 0
1737 0
1737 0
1737 17.3292207110705
1737 17.3292207110705
1737 17.3292207110705
1737 0
1737 0
1737 0
1737 0
1737 5.85877274128893
1737 5.85877274128893
1737 5.85877274128893
1737 2.8690585769719
1737 10.0617640769356
1737 10.0617640769356
1737 0
1737 0
2513 0
2513 86.6629294964939
2513 86.6629294964939
2513 86.6629294964939
2513 86.6629294964939
2513 0
2513 41.2728629776959
2513 25.8519716854319
2513 25.8519716854319
2513 25.8519716854319
2513 25.8519716854319
2513 7.07865589919244
2513 7.07865589919244
2513 7.07865589919244
2513 7.07865589919244
2513 7.07865589919244
2513 0
2513 0
2513 0
2513 0
2513 0
2513 0
2513 17.3292207110705
2513 17.3292207110705
2513 17.3292207110705
2513 0
2513 0
2513 0
2513 0
2513 5.85877274128893
2513 5.85877274128893
2513 5.85877274128893
2513 2.8690585769719
2513 10.0617640769356
2513 10.0617640769356
2513 0
2513 0
1584 0
1584 86.6629294964939
1584 86.6629294964939
1584 86.6629294964939
1584 86.6629294964939
1584 0
1584 41.2728629776959
1584 25.8519716854319
1584 25.8519716854319
1584 25.8519716854319
1584 25.8519716854319
1584 7.07865589919244
1584 7.07865589919244
1584 7.07865589919244
1584 7.07865589919244
1584 7.07865589919244
1584 0
1584 0
1584 0
1584 0
1584 0
1584 0
1584 17.3292207110705
1584 17.3292207110705
1584 17.3292207110705
1584 0
1584 0
1584 0
1584 0
1584 5.85877274128893
1584 5.85877274128893
1584 5.85877274128893
1584 2.8690585769719
1584 10.0617640769356
1584 10.0617640769356
1584 0
1584 0
1631 0
1631 86.6629294964939
1631 86.6629294964939
1631 86.6629294964939
1631 86.6629294964939
1631 0
1631 41.2728629776959
1631 25.8519716854319
1631 25.8519716854319
1631 25.8519716854319
1631 25.8519716854319
1631 7.07865589919244
1631 7.07865589919244
1631 7.07865589919244
1631 7.07865589919244
1631 7.07865589919244
1631 0
1631 0
1631 0
1631 0
1631 0
1631 0
1631 17.3292207110705
1631 17.3292207110705
1631 17.3292207110705
1631 0
1631 0
1631 0
1631 0
1631 5.85877274128893
1631 5.85877274128893
1631 5.85877274128893
1631 2.8690585769719
1631 10.0617640769356
1631 10.0617640769356
1631 0
1631 0
1585 0
1585 86.6629294964939
1585 86.6629294964939
1585 86.6629294964939
1585 86.6629294964939
1585 0
1585 41.2728629776959
1585 25.8519716854319
1585 25.8519716854319
1585 25.8519716854319
1585 25.8519716854319
1585 7.07865589919244
1585 7.07865589919244
1585 7.07865589919244
1585 7.07865589919244
1585 7.07865589919244
1585 0
1585 0
1585 0
1585 0
1585 0
1585 0
1585 17.3292207110705
1585 17.3292207110705
1585 17.3292207110705
1585 0
1585 0
1585 0
1585 0
1585 5.85877274128893
1585 5.85877274128893
1585 5.85877274128893
1585 2.8690585769719
1585 10.0617640769356
1585 10.0617640769356
1585 0
1585 0
1537 0
1537 86.6629294964939
1537 86.6629294964939
1537 86.6629294964939
1537 86.6629294964939
1537 0
1537 41.2728629776959
1537 25.8519716854319
1537 25.8519716854319
1537 25.8519716854319
1537 25.8519716854319
1537 7.07865589919244
1537 7.07865589919244
1537 7.07865589919244
1537 7.07865589919244
1537 7.07865589919244
1537 0
1537 0
1537 0
1537 0
1537 0
1537 0
1537 17.3292207110705
1537 17.3292207110705
1537 17.3292207110705
1537 0
1537 0
1537 0
1537 0
1537 5.85877274128893
1537 5.85877274128893
1537 5.85877274128893
1537 2.8690585769719
1537 10.0617640769356
1537 10.0617640769356
1537 0
1537 0
2427 0
2427 86.6629294964939
2427 86.6629294964939
2427 86.6629294964939
2427 86.6629294964939
2427 0
2427 41.2728629776959
2427 25.8519716854319
2427 25.8519716854319
2427 25.8519716854319
2427 25.8519716854319
2427 7.07865589919244
2427 7.07865589919244
2427 7.07865589919244
2427 7.07865589919244
2427 7.07865589919244
2427 0
2427 0
2427 0
2427 0
2427 0
2427 0
2427 17.3292207110705
2427 17.3292207110705
2427 17.3292207110705
2427 0
2427 0
2427 0
2427 0
2427 5.85877274128893
2427 5.85877274128893
2427 5.85877274128893
2427 2.8690585769719
2427 10.0617640769356
2427 10.0617640769356
2427 0
2427 0
2701 0
2701 86.6629294964939
2701 86.6629294964939
2701 86.6629294964939
2701 86.6629294964939
2701 0
2701 41.2728629776959
2701 25.8519716854319
2701 25.8519716854319
2701 25.8519716854319
2701 25.8519716854319
2701 7.07865589919244
2701 7.07865589919244
2701 7.07865589919244
2701 7.07865589919244
2701 7.07865589919244
2701 0
2701 0
2701 0
2701 0
2701 0
2701 0
2701 17.3292207110705
2701 17.3292207110705
2701 17.3292207110705
2701 0
2701 0
2701 0
2701 0
2701 5.85877274128893
2701 5.85877274128893
2701 5.85877274128893
2701 2.8690585769719
2701 10.0617640769356
2701 10.0617640769356
2701 0
2701 0
2890 0
2890 86.6629294964939
2890 86.6629294964939
2890 86.6629294964939
2890 86.6629294964939
2890 0
2890 41.2728629776959
2890 25.8519716854319
2890 25.8519716854319
2890 25.8519716854319
2890 25.8519716854319
2890 7.07865589919244
2890 7.07865589919244
2890 7.07865589919244
2890 7.07865589919244
2890 7.07865589919244
2890 0
2890 0
2890 0
2890 0
2890 0
2890 0
2890 17.3292207110705
2890 17.3292207110705
2890 17.3292207110705
2890 0
2890 0
2890 0
2890 0
2890 5.85877274128893
2890 5.85877274128893
2890 5.85877274128893
2890 2.8690585769719
2890 10.0617640769356
2890 10.0617640769356
2890 0
2890 0
2517 0
2517 86.6629294964939
2517 86.6629294964939
2517 86.6629294964939
2517 86.6629294964939
2517 0
2517 41.2728629776959
2517 25.8519716854319
2517 25.8519716854319
2517 25.8519716854319
2517 25.8519716854319
2517 7.07865589919244
2517 7.07865589919244
2517 7.07865589919244
2517 7.07865589919244
2517 7.07865589919244
2517 0
2517 0
2517 0
2517 0
2517 0
2517 0
2517 17.3292207110705
2517 17.3292207110705
2517 17.3292207110705
2517 0
2517 0
2517 0
2517 0
2517 5.85877274128893
2517 5.85877274128893
2517 5.85877274128893
2517 2.8690585769719
2517 10.0617640769356
2517 10.0617640769356
2517 0
2517 0
1234 0
1234 86.6629294964939
1234 86.6629294964939
1234 86.6629294964939
1234 86.6629294964939
1234 0
1234 41.2728629776959
1234 25.8519716854319
1234 25.8519716854319
1234 25.8519716854319
1234 25.8519716854319
1234 7.07865589919244
1234 7.07865589919244
1234 7.07865589919244
1234 7.07865589919244
1234 7.07865589919244
1234 0
1234 0
1234 0
1234 0
1234 0
1234 0
1234 17.3292207110705
1234 17.3292207110705
1234 17.3292207110705
1234 0
1234 0
1234 0
1234 0
1234 5.85877274128893
1234 5.85877274128893
1234 5.85877274128893
1234 2.8690585769719
1234 10.0617640769356
1234 10.0617640769356
1234 0
1234 0
2892 0
2892 86.6629294964939
2892 86.6629294964939
2892 86.6629294964939
2892 86.6629294964939
2892 0
2892 41.2728629776959
2892 25.8519716854319
2892 25.8519716854319
2892 25.8519716854319
2892 25.8519716854319
2892 7.07865589919244
2892 7.07865589919244
2892 7.07865589919244
2892 7.07865589919244
2892 7.07865589919244
2892 0
2892 0
2892 0
2892 0
2892 0
2892 0
2892 17.3292207110705
2892 17.3292207110705
2892 17.3292207110705
2892 0
2892 0
2892 0
2892 0
2892 5.85877274128893
2892 5.85877274128893
2892 5.85877274128893
2892 2.8690585769719
2892 10.0617640769356
2892 10.0617640769356
2892 0
2892 0
2981 0
2981 86.6629294964939
2981 86.6629294964939
2981 86.6629294964939
2981 86.6629294964939
2981 0
2981 41.2728629776959
2981 25.8519716854319
2981 25.8519716854319
2981 25.8519716854319
2981 25.8519716854319
2981 7.07865589919244
2981 7.07865589919244
2981 7.07865589919244
2981 7.07865589919244
2981 7.07865589919244
2981 0
2981 0
2981 0
2981 0
2981 0
2981 0
2981 17.3292207110705
2981 17.3292207110705
2981 17.3292207110705
2981 0
2981 0
2981 0
2981 0
2981 5.85877274128893
2981 5.85877274128893
2981 5.85877274128893
2981 2.8690585769719
2981 10.0617640769356
2981 10.0617640769356
2981 0
2981 0
2982 0
2982 86.6629294964939
2982 86.6629294964939
2982 86.6629294964939
2982 86.6629294964939
2982 0
2982 41.2728629776959
2982 25.8519716854319
2982 25.8519716854319
2982 25.8519716854319
2982 25.8519716854319
2982 7.07865589919244
2982 7.07865589919244
2982 7.07865589919244
2982 7.07865589919244
2982 7.07865589919244
2982 0
2982 0
2982 0
2982 0
2982 0
2982 0
2982 17.3292207110705
2982 17.3292207110705
2982 17.3292207110705
2982 0
2982 0
2982 0
2982 0
2982 5.85877274128893
2982 5.85877274128893
2982 5.85877274128893
2982 2.8690585769719
2982 10.0617640769356
2982 10.0617640769356
2982 0
2982 0
2894 0
2894 86.6629294964939
2894 86.6629294964939
2894 86.6629294964939
2894 86.6629294964939
2894 0
2894 41.2728629776959
2894 25.8519716854319
2894 25.8519716854319
2894 25.8519716854319
2894 25.8519716854319
2894 7.07865589919244
2894 7.07865589919244
2894 7.07865589919244
2894 7.07865589919244
2894 7.07865589919244
2894 0
2894 0
2894 0
2894 0
2894 0
2894 0
2894 17.3292207110705
2894 17.3292207110705
2894 17.3292207110705
2894 0
2894 0
2894 0
2894 0
2894 5.85877274128893
2894 5.85877274128893
2894 5.85877274128893
2894 2.8690585769719
2894 10.0617640769356
2894 10.0617640769356
2894 0
2894 0
2983 0
2983 86.6629294964939
2983 86.6629294964939
2983 86.6629294964939
2983 86.6629294964939
2983 0
2983 41.2728629776959
2983 25.8519716854319
2983 25.8519716854319
2983 25.8519716854319
2983 25.8519716854319
2983 7.07865589919244
2983 7.07865589919244
2983 7.07865589919244
2983 7.07865589919244
2983 7.07865589919244
2983 0
2983 0
2983 0
2983 0
2983 0
2983 0
2983 17.3292207110705
2983 17.3292207110705
2983 17.3292207110705
2983 0
2983 0
2983 0
2983 0
2983 5.85877274128893
2983 5.85877274128893
2983 5.85877274128893
2983 2.8690585769719
2983 10.0617640769356
2983 10.0617640769356
2983 0
2983 0
2613 0
2613 86.6629294964939
2613 86.6629294964939
2613 86.6629294964939
2613 86.6629294964939
2613 0
2613 41.2728629776959
2613 25.8519716854319
2613 25.8519716854319
2613 25.8519716854319
2613 25.8519716854319
2613 7.07865589919244
2613 7.07865589919244
2613 7.07865589919244
2613 7.07865589919244
2613 7.07865589919244
2613 0
2613 0
2613 0
2613 0
2613 0
2613 0
2613 17.3292207110705
2613 17.3292207110705
2613 17.3292207110705
2613 0
2613 0
2613 0
2613 0
2613 5.85877274128893
2613 5.85877274128893
2613 5.85877274128893
2613 2.8690585769719
2613 10.0617640769356
2613 10.0617640769356
2613 0
2613 0
2800 0
2800 86.6629294964939
2800 86.6629294964939
2800 86.6629294964939
2800 86.6629294964939
2800 0
2800 41.2728629776959
2800 25.8519716854319
2800 25.8519716854319
2800 25.8519716854319
2800 25.8519716854319
2800 7.07865589919244
2800 7.07865589919244
2800 7.07865589919244
2800 7.07865589919244
2800 7.07865589919244
2800 0
2800 0
2800 0
2800 0
2800 0
2800 0
2800 17.3292207110705
2800 17.3292207110705
2800 17.3292207110705
2800 0
2800 0
2800 0
2800 0
2800 5.85877274128893
2800 5.85877274128893
2800 5.85877274128893
2800 2.8690585769719
2800 10.0617640769356
2800 10.0617640769356
2800 0
2800 0
2896 0
2896 86.6629294964939
2896 86.6629294964939
2896 86.6629294964939
2896 86.6629294964939
2896 0
2896 41.2728629776959
2896 25.8519716854319
2896 25.8519716854319
2896 25.8519716854319
2896 25.8519716854319
2896 7.07865589919244
2896 7.07865589919244
2896 7.07865589919244
2896 7.07865589919244
2896 7.07865589919244
2896 0
2896 0
2896 0
2896 0
2896 0
2896 0
2896 17.3292207110705
2896 17.3292207110705
2896 17.3292207110705
2896 0
2896 0
2896 0
2896 0
2896 5.85877274128893
2896 5.85877274128893
2896 5.85877274128893
2896 2.8690585769719
2896 10.0617640769356
2896 10.0617640769356
2896 0
2896 0
2707 0
2707 86.6629294964939
2707 86.6629294964939
2707 86.6629294964939
2707 86.6629294964939
2707 0
2707 41.2728629776959
2707 25.8519716854319
2707 25.8519716854319
2707 25.8519716854319
2707 25.8519716854319
2707 7.07865589919244
2707 7.07865589919244
2707 7.07865589919244
2707 7.07865589919244
2707 7.07865589919244
2707 0
2707 0
2707 0
2707 0
2707 0
2707 0
2707 17.3292207110705
2707 17.3292207110705
2707 17.3292207110705
2707 0
2707 0
2707 0
2707 0
2707 5.85877274128893
2707 5.85877274128893
2707 5.85877274128893
2707 2.8690585769719
2707 10.0617640769356
2707 10.0617640769356
2707 0
2707 0
2801 0
2801 86.6629294964939
2801 86.6629294964939
2801 86.6629294964939
2801 86.6629294964939
2801 0
2801 41.2728629776959
2801 25.8519716854319
2801 25.8519716854319
2801 25.8519716854319
2801 25.8519716854319
2801 7.07865589919244
2801 7.07865589919244
2801 7.07865589919244
2801 7.07865589919244
2801 7.07865589919244
2801 0
2801 0
2801 0
2801 0
2801 0
2801 0
2801 17.3292207110705
2801 17.3292207110705
2801 17.3292207110705
2801 0
2801 0
2801 0
2801 0
2801 5.85877274128893
2801 5.85877274128893
2801 5.85877274128893
2801 2.8690585769719
2801 10.0617640769356
2801 10.0617640769356
2801 0
2801 0
2615 0
2615 86.6629294964939
2615 86.6629294964939
2615 86.6629294964939
2615 86.6629294964939
2615 0
2615 41.2728629776959
2615 25.8519716854319
2615 25.8519716854319
2615 25.8519716854319
2615 25.8519716854319
2615 7.07865589919244
2615 7.07865589919244
2615 7.07865589919244
2615 7.07865589919244
2615 7.07865589919244
2615 0
2615 0
2615 0
2615 0
2615 0
2615 0
2615 17.3292207110705
2615 17.3292207110705
2615 17.3292207110705
2615 0
2615 0
2615 0
2615 0
2615 5.85877274128893
2615 5.85877274128893
2615 5.85877274128893
2615 2.8690585769719
2615 10.0617640769356
2615 10.0617640769356
2615 0
2615 0
2708 0
2708 86.6629294964939
2708 86.6629294964939
2708 86.6629294964939
2708 86.6629294964939
2708 0
2708 41.2728629776959
2708 25.8519716854319
2708 25.8519716854319
2708 25.8519716854319
2708 25.8519716854319
2708 7.07865589919244
2708 7.07865589919244
2708 7.07865589919244
2708 7.07865589919244
2708 7.07865589919244
2708 0
2708 0
2708 0
2708 0
2708 0
2708 0
2708 17.3292207110705
2708 17.3292207110705
2708 17.3292207110705
2708 0
2708 0
2708 0
2708 0
2708 5.85877274128893
2708 5.85877274128893
2708 5.85877274128893
2708 2.8690585769719
2708 10.0617640769356
2708 10.0617640769356
2708 0
2708 0
