pt_graph scale
4804 418.104831492066
4804 418.104831492066
4804 418.104831492066
4804 16.2976506140842
4804 46.407466436374
4804 46.407466436374
4804 0.208960843373494
4804 0.208960843373494
4804 0.120625281164897
4804 0
4804 0
4804 0.160325333507038
4804 28.3919163700434
4804 28.3919163700434
4804 0
4804 0.77906543442073
4804 0
4804 0
4804 1.0345236079077
4804 18.8755115600355
4804 18.8755115600355
4841 418.104831492066
4841 418.104831492066
4841 418.104831492066
4841 16.2976506140842
4841 46.407466436374
4841 46.407466436374
4841 0.208960843373494
4841 0.208960843373494
4841 0.120625281164897
4841 0
4841 0
4841 0.160325333507038
4841 28.3919163700434
4841 28.3919163700434
4841 0
4841 0.77906543442073
4841 0
4841 0
4841 1.0345236079077
4841 18.8755115600355
4841 18.8755115600355
4884 418.104831492066
4884 418.104831492066
4884 418.104831492066
4884 16.2976506140842
4884 46.407466436374
4884 46.407466436374
4884 0.208960843373494
4884 0.208960843373494
4884 0.120625281164897
4884 0
4884 0
4884 0.160325333507038
4884 28.3919163700434
4884 28.3919163700434
4884 0
4884 0.77906543442073
4884 0
4884 0
4884 1.0345236079077
4884 18.8755115600355
4884 18.8755115600355
2166 418.104831492066
2166 418.104831492066
2166 418.104831492066
2166 16.2976506140842
2166 46.407466436374
2166 46.407466436374
2166 0.208960843373494
2166 0.208960843373494
2166 0.120625281164897
2166 0
2166 0
2166 0.160325333507038
2166 28.3919163700434
2166 28.3919163700434
2166 0
2166 0.77906543442073
2166 0
2166 0
2166 1.0345236079077
2166 18.8755115600355
2166 18.8755115600355
2348 418.104831492066
2348 418.104831492066
2348 418.104831492066
2348 16.2976506140842
2348 46.407466436374
2348 46.407466436374
2348 0.208960843373494
2348 0.208960843373494
2348 0.120625281164897
2348 0
2348 0
2348 0.160325333507038
2348 28.3919163700434
2348 28.3919163700434
2348 0
2348 0.77906543442073
2348 0
2348 0
2348 1.0345236079077
2348 18.8755115600355
2348 18.8755115600355
4676 418.104831492066
4676 418.104831492066
4676 418.104831492066
4676 16.2976506140842
4676 46.407466436374
4676 46.407466436374
4676 0.208960843373494
4676 0.208960843373494
4676 0.120625281164897
4676 0
4676 0
4676 0.160325333507038
4676 28.3919163700434
4676 28.3919163700434
4676 0
4676 0.77906543442073
4676 0
4676 0
4676 1.0345236079077
4676 18.8755115600355
4676 18.8755115600355
4805 418.104831492066
4805 418.104831492066
4805 418.104831492066
4805 16.2976506140842
4805 46.407466436374
4805 46.407466436374
4805 0.208960843373494
4805 0.208960843373494
4805 0.120625281164897
4805 0
4805 0
4805 0.160325333507038
4805 28.3919163700434
4805 28.3919163700434
4805 0
4805 0.77906543442073
4805 0
4805 0
4805 1.0345236079077
4805 18.8755115600355
4805 18.8755115600355
4842 418.104831492066
4842 418.104831492066
4842 418.104831492066
4842 16.2976506140842
4842 46.407466436374
4842 46.407466436374
4842 0.208960843373494
4842 0.208960843373494
4842 0.120625281164897
4842 0
4842 0
4842 0.160325333507038
4842 28.3919163700434
4842 28.3919163700434
4842 0
4842 0.77906543442073
4842 0
4842 0
4842 1.0345236079077
4842 18.8755115600355
4842 18.8755115600355
4885 418.104831492066
4885 418.104831492066
4885 418.104831492066
4885 16.2976506140842
4885 46.407466436374
4885 46.407466436374
4885 0.208960843373494
4885 0.208960843373494
4885 0.120625281164897
4885 0
4885 0
4885 0.160325333507038
4885 28.3919163700434
4885 28.3919163700434
4885 0
4885 0.77906543442073
4885 0
4885 0
4885 1.0345236079077
4885 18.8755115600355
4885 18.8755115600355
4929 418.104831492066
4929 418.104831492066
4929 418.104831492066
4929 16.2976506140842
4929 46.407466436374
4929 46.407466436374
4929 0.208960843373494
4929 0.208960843373494
4929 0.120625281164897
4929 0
4929 0
4929 0.160325333507038
4929 28.3919163700434
4929 28.3919163700434
4929 0
4929 0.77906543442073
4929 0
4929 0
4929 1.0345236079077
4929 18.8755115600355
4929 18.8755115600355
4974 418.104831492066
4974 418.104831492066
4974 418.104831492066
4974 16.2976506140842
4974 46.407466436374
4974 46.407466436374
4974 0.208960843373494
4974 0.208960843373494
4974 0.120625281164897
4974 0
4974 0
4974 0.160325333507038
4974 28.3919163700434
4974 28.3919163700434
4974 0
4974 0.77906543442073
4974 0
4974 0
4974 1.0345236079077
4974 18.8755115600355
4974 18.8755115600355
2167 418.104831492066
2167 418.104831492066
2167 418.104831492066
2167 16.2976506140842
2167 46.407466436374
2167 46.407466436374
2167 0.208960843373494
2167 0.208960843373494
2167 0.120625281164897
2167 0
2167 0
2167 0.160325333507038
2167 28.3919163700434
2167 28.3919163700434
2167 0
2167 0.77906543442073
2167 0
2167 0
2167 1.0345236079077
2167 18.8755115600355
2167 18.8755115600355
2349 418.104831492066
2349 418.104831492066
2349 418.104831492066
2349 16.2976506140842
2349 46.407466436374
2349 46.407466436374
2349 0.208960843373494
2349 0.208960843373494
2349 0.120625281164897
2349 0
2349 0
2349 0.160325333507038
2349 28.3919163700434
2349 28.3919163700434
2349 0
2349 0.77906543442073
2349 0
2349 0
2349 1.0345236079077
2349 18.8755115600355
2349 18.8755115600355
4738 418.104831492066
4738 418.104831492066
4738 418.104831492066
4738 16.2976506140842
4738 46.407466436374
4738 46.407466436374
4738 0.208960843373494
4738 0.208960843373494
4738 0.120625281164897
4738 0
4738 0
4738 0.160325333507038
4738 28.3919163700434
4738 28.3919163700434
4738 0
4738 0.77906543442073
4738 0
4738 0
4738 1.0345236079077
4738 18.8755115600355
4738 18.8755115600355
4806 418.104831492066
4806 418.104831492066
4806 418.104831492066
4806 16.2976506140842
4806 46.407466436374
4806 46.407466436374
4806 0.208960843373494
4806 0.208960843373494
4806 0.120625281164897
4806 0
4806 0
4806 0.160325333507038
4806 28.3919163700434
4806 28.3919163700434
4806 0
4806 0.77906543442073
4806 0
4806 0
4806 1.0345236079077
4806 18.8755115600355
4806 18.8755115600355
4843 418.104831492066
4843 418.104831492066
4843 418.104831492066
4843 16.2976506140842
4843 46.407466436374
4843 46.407466436374
4843 0.208960843373494
4843 0.208960843373494
4843 0.120625281164897
4843 0
4843 0
4843 0.160325333507038
4843 28.3919163700434
4843 28.3919163700434
4843 0
4843 0.77906543442073
4843 0
4843 0
4843 1.0345236079077
4843 18.8755115600355
4843 18.8755115600355
4886 418.104831492066
4886 418.104831492066
4886 418.104831492066
4886 16.2976506140842
4886 46.407466436374
4886 46.407466436374
4886 0.208960843373494
4886 0.208960843373494
4886 0.120625281164897
4886 0
4886 0
4886 0.160325333507038
4886 28.3919163700434
4886 28.3919163700434
4886 0
4886 0.77906543442073
4886 0
4886 0
4886 1.0345236079077
4886 18.8755115600355
4886 18.8755115600355
4930 418.104831492066
4930 418.104831492066
4930 418.104831492066
4930 16.2976506140842
4930 46.407466436374
4930 46.407466436374
4930 0.208960843373494
4930 0.208960843373494
4930 0.120625281164897
4930 0
4930 0
4930 0.160325333507038
4930 28.3919163700434
4930 28.3919163700434
4930 0
4930 0.77906543442073
4930 0
4930 0
4930 1.0345236079077
4930 18.8755115600355
4930 18.8755115600355
4975 418.104831492066
4975 418.104831492066
4975 418.104831492066
4975 16.2976506140842
4975 46.407466436374
4975 46.407466436374
4975 0.208960843373494
4975 0.208960843373494
4975 0.120625281164897
4975 0
4975 0
4975 0.160325333507038
4975 28.3919163700434
4975 28.3919163700434
4975 0
4975 0.77906543442073
4975 0
4975 0
4975 1.0345236079077
4975 18.8755115600355
4975 18.8755115600355
2440 418.104831492066
2440 418.104831492066
2440 418.104831492066
2440 16.2976506140842
2440 46.407466436374
2440 46.407466436374
2440 0.208960843373494
2440 0.208960843373494
2440 0.120625281164897
2440 0
2440 0
2440 0.160325333507038
2440 28.3919163700434
2440 28.3919163700434
2440 0
2440 0.77906543442073
2440 0
2440 0
2440 1.0345236079077
2440 18.8755115600355
2440 18.8755115600355
2522 418.104831492066
2522 418.104831492066
2522 418.104831492066
2522 16.2976506140842
2522 46.407466436374
2522 46.407466436374
2522 0.208960843373494
2522 0.208960843373494
2522 0.120625281164897
2522 0
2522 0
2522 0.160325333507038
2522 28.3919163700434
2522 28.3919163700434
2522 0
2522 0.77906543442073
2522 0
2522 0
2522 1.0345236079077
2522 18.8755115600355
2522 18.8755115600355
2672 418.104831492066
2672 418.104831492066
2672 418.104831492066
2672 16.2976506140842
2672 46.407466436374
2672 46.407466436374
2672 0.208960843373494
2672 0.208960843373494
2672 0.120625281164897
2672 0
2672 0
2672 0.160325333507038
2672 28.3919163700434
2672 28.3919163700434
2672 0
2672 0.77906543442073
2672 0
2672 0
2672 1.0345236079077
2672 18.8755115600355
2672 18.8755115600355
2742 418.104831492066
2742 418.104831492066
2742 418.104831492066
2742 16.2976506140842
2742 46.407466436374
2742 46.407466436374
2742 0.208960843373494
2742 0.208960843373494
2742 0.120625281164897
2742 0
2742 0
2742 0.160325333507038
2742 28.3919163700434
2742 28.3919163700434
2742 0
2742 0.77906543442073
2742 0
2742 0
2742 1.0345236079077
2742 18.8755115600355
2742 18.8755115600355
2816 418.104831492066
2816 418.104831492066
2816 418.104831492066
2816 16.2976506140842
2816 46.407466436374
2816 46.407466436374
2816 0.208960843373494
2816 0.208960843373494
2816 0.120625281164897
2816 0
2816 0
2816 0.160325333507038
2816 28.3919163700434
2816 28.3919163700434
2816 0
2816 0.77906543442073
2816 0
2816 0
2816 1.0345236079077
2816 18.8755115600355
2816 18.8755115600355
2946 418.104831492066
2946 418.104831492066
2946 418.104831492066
2946 16.2976506140842
2946 46.407466436374
2946 46.407466436374
2946 0.208960843373494
2946 0.208960843373494
2946 0.120625281164897
2946 0
2946 0
2946 0.160325333507038
2946 28.3919163700434
2946 28.3919163700434
2946 0
2946 0.77906543442073
2946 0
2946 0
2946 1.0345236079077
2946 18.8755115600355
2946 18.8755115600355
4976 418.104831492066
4976 418.104831492066
4976 418.104831492066
4976 16.2976506140842
4976 46.407466436374
4976 46.407466436374
4976 0.208960843373494
4976 0.208960843373494
4976 0.120625281164897
4976 0
4976 0
4976 0.160325333507038
4976 28.3919163700434
4976 28.3919163700434
4976 0
4976 0.77906543442073
4976 0
4976 0
4976 1.0345236079077
4976 18.8755115600355
4976 18.8755115600355
2673 418.104831492066
2673 418.104831492066
2673 418.104831492066
2673 16.2976506140842
2673 46.407466436374
2673 46.407466436374
2673 0.208960843373494
2673 0.208960843373494
2673 0.120625281164897
2673 0
2673 0
2673 0.160325333507038
2673 28.3919163700434
2673 28.3919163700434
2673 0
2673 0.77906543442073
2673 0
2673 0
2673 1.0345236079077
2673 18.8755115600355
2673 18.8755115600355
2817 418.104831492066
2817 418.104831492066
2817 418.104831492066
2817 16.2976506140842
2817 46.407466436374
2817 46.407466436374
2817 0.208960843373494
2817 0.208960843373494
2817 0.120625281164897
2817 0
2817 0
2817 0.160325333507038
2817 28.3919163700434
2817 28.3919163700434
2817 0
2817 0.77906543442073
2817 0
2817 0
2817 1.0345236079077
2817 18.8755115600355
2817 18.8755115600355
2883 418.104831492066
2883 418.104831492066
2883 418.104831492066
2883 16.2976506140842
2883 46.407466436374
2883 46.407466436374
2883 0.208960843373494
2883 0.208960843373494
2883 0.120625281164897
2883 0
2883 0
2883 0.160325333507038
2883 28.3919163700434
2883 28.3919163700434
2883 0
2883 0.77906543442073
2883 0
2883 0
2883 1.0345236079077
2883 18.8755115600355
2883 18.8755115600355
2947 418.104831492066
2947 418.104831492066
2947 418.104831492066
2947 16.2976506140842
2947 46.407466436374
2947 46.407466436374
2947 0.208960843373494
2947 0.208960843373494
2947 0.120625281164897
2947 0
2947 0
2947 0.160325333507038
2947 28.3919163700434
2947 28.3919163700434
2947 0
2947 0.77906543442073
2947 0
2947 0
2947 1.0345236079077
2947 18.8755115600355
2947 18.8755115600355
3065 418.104831492066
3065 418.104831492066
3065 418.104831492066
3065 16.2976506140842
3065 46.407466436374
3065 46.407466436374
3065 0.208960843373494
3065 0.208960843373494
3065 0.120625281164897
3065 0
3065 0
3065 0.160325333507038
3065 28.3919163700434
3065 28.3919163700434
3065 0
3065 0.77906543442073
3065 0
3065 0
3065 1.0345236079077
3065 18.8755115600355
3065 18.8755115600355
2745 418.104831492066
2745 418.104831492066
2745 418.104831492066
2745 16.2976506140842
2745 46.407466436374
2745 46.407466436374
2745 0.208960843373494
2745 0.208960843373494
2745 0.120625281164897
2745 0
2745 0
2745 0.160325333507038
2745 28.3919163700434
2745 28.3919163700434
2745 0
2745 0.77906543442073
2745 0
2745 0
2745 1.0345236079077
2745 18.8755115600355
2745 18.8755115600355
3179 418.104831492066
3179 418.104831492066
3179 418.104831492066
3179 16.2976506140842
3179 46.407466436374
3179 46.407466436374
3179 0.208960843373494
3179 0.208960843373494
3179 0.120625281164897
3179 0
3179 0
3179 0.160325333507038
3179 28.3919163700434
3179 28.3919163700434
3179 0
3179 0.77906543442073
3179 0
3179 0
3179 1.0345236079077
3179 18.8755115600355
3179 18.8755115600355
3348 418.104831492066
3348 418.104831492066
3348 418.104831492066
3348 16.2976506140842
3348 46.407466436374
3348 46.407466436374
3348 0.208960843373494
3348 0.208960843373494
3348 0.120625281164897
3348 0
3348 0
3348 0.160325333507038
3348 28.3919163700434
3348 28.3919163700434
3348 0
3348 0.77906543442073
3348 0
3348 0
3348 1.0345236079077
3348 18.8755115600355
3348 18.8755115600355
1547 418.104831492066
1547 418.104831492066
1547 418.104831492066
1547 16.2976506140842
1547 46.407466436374
1547 46.407466436374
1547 0.208960843373494
1547 0.208960843373494
1547 0.120625281164897
1547 0
1547 0
1547 0.160325333507038
1547 28.3919163700434
1547 28.3919163700434
1547 0
1547 0.77906543442073
1547 0
1547 0
1547 1.0345236079077
1547 18.8755115600355
1547 18.8755115600355
915 418.104831492066
915 418.104831492066
915 418.104831492066
915 16.2976506140842
915 46.407466436374
915 46.407466436374
915 0.208960843373494
915 0.208960843373494
915 0.120625281164897
915 0
915 0
915 0.160325333507038
915 28.3919163700434
915 28.3919163700434
915 0
915 0.77906543442073
915 0
915 0
915 1.0345236079077
915 18.8755115600355
915 18.8755115600355
965 418.104831492066
965 418.104831492066
965 418.104831492066
965 16.2976506140842
965 46.407466436374
965 46.407466436374
965 0.208960843373494
965 0.208960843373494
965 0.120625281164897
965 0
965 0
965 0.160325333507038
965 28.3919163700434
965 28.3919163700434
965 0
965 0.77906543442073
965 0
965 0
965 1.0345236079077
965 18.8755115600355
965 18.8755115600355
1548 418.104831492066
1548 418.104831492066
1548 418.104831492066
1548 16.2976506140842
1548 46.407466436374
1548 46.407466436374
1548 0.208960843373494
1548 0.208960843373494
1548 0.120625281164897
1548 0
1548 0
1548 0.160325333507038
1548 28.3919163700434
1548 28.3919163700434
1548 0
1548 0.77906543442073
1548 0
1548 0
1548 1.0345236079077
1548 18.8755115600355
1548 18.8755115600355
1627 418.104831492066
1627 418.104831492066
1627 418.104831492066
1627 16.2976506140842
1627 46.407466436374
1627 46.407466436374
1627 0.208960843373494
1627 0.208960843373494
1627 0.120625281164897
1627 0
1627 0
1627 0.160325333507038
1627 28.3919163700434
1627 28.3919163700434
1627 0
1627 0.77906543442073
1627 0
1627 0
1627 1.0345236079077
1627 18.8755115600355
1627 18.8755115600355
869 418.104831492066
869 418.104831492066
869 418.104831492066
869 16.2976506140842
869 46.407466436374
869 46.407466436374
869 0.208960843373494
869 0.208960843373494
869 0.120625281164897
869 0
869 0
869 0.160325333507038
869 28.3919163700434
869 28.3919163700434
869 0
869 0.77906543442073
869 0
869 0
869 1.0345236079077
869 18.8755115600355
869 18.8755115600355
1549 418.104831492066
1549 418.104831492066
1549 418.104831492066
1549 16.2976506140842
1549 46.407466436374
1549 46.407466436374
1549 0.208960843373494
1549 0.208960843373494
1549 0.120625281164897
1549 0
1549 0
1549 0.160325333507038
1549 28.3919163700434
1549 28.3919163700434
1549 0
1549 0.77906543442073
1549 0
1549 0
1549 1.0345236079077
1549 18.8755115600355
1549 18.8755115600355
3636 418.104831492066
3636 418.104831492066
3636 418.104831492066
3636 16.2976506140842
3636 46.407466436374
3636 46.407466436374
3636 0.208960843373494
3636 0.208960843373494
3636 0.120625281164897
3636 0
3636 0
3636 0.160325333507038
3636 28.3919163700434
3636 28.3919163700434
3636 0
3636 0.77906543442073
3636 0
3636 0
3636 1.0345236079077
3636 18.8755115600355
3636 18.8755115600355
967 418.104831492066
967 418.104831492066
967 418.104831492066
967 16.2976506140842
967 46.407466436374
967 46.407466436374
967 0.208960843373494
967 0.208960843373494
967 0.120625281164897
967 0
967 0
967 0.160325333507038
967 28.3919163700434
967 28.3919163700434
967 0
967 0.77906543442073
967 0
967 0
967 1.0345236079077
967 18.8755115600355
967 18.8755115600355
1024 418.104831492066
1024 418.104831492066
1024 418.104831492066
1024 16.2976506140842
1024 46.407466436374
1024 46.407466436374
1024 0.208960843373494
1024 0.208960843373494
1024 0.120625281164897
1024 0
1024 0
1024 0.160325333507038
1024 28.3919163700434
1024 28.3919163700434
1024 0
1024 0.77906543442073
1024 0
1024 0
1024 1.0345236079077
1024 18.8755115600355
1024 18.8755115600355
1082 418.104831492066
1082 418.104831492066
1082 418.104831492066
1082 16.2976506140842
1082 46.407466436374
1082 46.407466436374
1082 0.208960843373494
1082 0.208960843373494
1082 0.120625281164897
1082 0
1082 0
1082 0.160325333507038
1082 28.3919163700434
1082 28.3919163700434
1082 0
1082 0.77906543442073
1082 0
1082 0
1082 1.0345236079077
1082 18.8755115600355
1082 18.8755115600355
1150 418.104831492066
1150 418.104831492066
1150 418.104831492066
1150 16.2976506140842
1150 46.407466436374
1150 46.407466436374
1150 0.208960843373494
1150 0.208960843373494
1150 0.120625281164897
1150 0
1150 0
1150 0.160325333507038
1150 28.3919163700434
1150 28.3919163700434
1150 0
1150 0.77906543442073
1150 0
1150 0
1150 1.0345236079077
1150 18.8755115600355
1150 18.8755115600355
1219 418.104831492066
1219 418.104831492066
1219 418.104831492066
1219 16.2976506140842
1219 46.407466436374
1219 46.407466436374
1219 0.208960843373494
1219 0.208960843373494
1219 0.120625281164897
1219 0
1219 0
1219 0.160325333507038
1219 28.3919163700434
1219 28.3919163700434
1219 0
1219 0.77906543442073
1219 0
1219 0
1219 1.0345236079077
1219 18.8755115600355
1219 18.8755115600355
1296 418.104831492066
1296 418.104831492066
1296 418.104831492066
1296 16.2976506140842
1296 46.407466436374
1296 46.407466436374
1296 0.208960843373494
1296 0.208960843373494
1296 0.120625281164897
1296 0
1296 0
1296 0.160325333507038
1296 28.3919163700434
1296 28.3919163700434
1296 0
1296 0.77906543442073
1296 0
1296 0
1296 1.0345236079077
1296 18.8755115600355
1296 18.8755115600355
728 418.104831492066
728 418.104831492066
728 418.104831492066
728 16.2976506140842
728 46.407466436374
728 46.407466436374
728 0.208960843373494
728 0.208960843373494
728 0.120625281164897
728 0
728 0
728 0.160325333507038
728 28.3919163700434
728 28.3919163700434
728 0
728 0.77906543442073
728 0
728 0
728 1.0345236079077
728 18.8755115600355
728 18.8755115600355
919 418.104831492066
919 418.104831492066
919 418.104831492066
919 16.2976506140842
919 46.407466436374
919 46.407466436374
919 0.208960843373494
919 0.208960843373494
919 0.120625281164897
919 0
919 0
919 0.160325333507038
919 28.3919163700434
919 28.3919163700434
919 0
919 0.77906543442073
919 0
919 0
919 1.0345236079077
919 18.8755115600355
919 18.8755115600355
1221 418.104831492066
1221 418.104831492066
1221 418.104831492066
1221 16.2976506140842
1221 46.407466436374
1221 46.407466436374
1221 0.208960843373494
1221 0.208960843373494
1221 0.120625281164897
1221 0
1221 0
1221 0.160325333507038
1221 28.3919163700434
1221 28.3919163700434
1221 0
1221 0.77906543442073
1221 0
1221 0
1221 1.0345236079077
1221 18.8755115600355
1221 18.8755115600355
920 418.104831492066
920 418.104831492066
920 418.104831492066
920 16.2976506140842
920 46.407466436374
920 46.407466436374
920 0.208960843373494
920 0.208960843373494
920 0.120625281164897
920 0
920 0
920 0.160325333507038
920 28.3919163700434
920 28.3919163700434
920 0
920 0.77906543442073
920 0
920 0
920 1.0345236079077
920 18.8755115600355
920 18.8755115600355
4488 418.104831492066
4488 418.104831492066
4488 418.104831492066
4488 16.2976506140842
4488 46.407466436374
4488 46.407466436374
4488 0.208960843373494
4488 0.208960843373494
4488 0.120625281164897
4488 0
4488 0
4488 0.160325333507038
4488 28.3919163700434
4488 28.3919163700434
4488 0
4488 0.77906543442073
4488 0
4488 0
4488 1.0345236079077
4488 18.8755115600355
4488 18.8755115600355
4514 418.104831492066
4514 418.104831492066
4514 418.104831492066
4514 16.2976506140842
4514 46.407466436374
4514 46.407466436374
4514 0.208960843373494
4514 0.208960843373494
4514 0.120625281164897
4514 0
4514 0
4514 0.160325333507038
4514 28.3919163700434
4514 28.3919163700434
4514 0
4514 0.77906543442073
4514 0
4514 0
4514 1.0345236079077
4514 18.8755115600355
4514 18.8755115600355
4541 418.104831492066
4541 418.104831492066
4541 418.104831492066
4541 16.2976506140842
4541 46.407466436374
4541 46.407466436374
4541 0.208960843373494
4541 0.208960843373494
4541 0.120625281164897
4541 0
4541 0
4541 0.160325333507038
4541 28.3919163700434
4541 28.3919163700434
4541 0
4541 0.77906543442073
4541 0
4541 0
4541 1.0345236079077
4541 18.8755115600355
4541 18.8755115600355
4570 418.104831492066
4570 418.104831492066
4570 418.104831492066
4570 16.2976506140842
4570 46.407466436374
4570 46.407466436374
4570 0.208960843373494
4570 0.208960843373494
4570 0.120625281164897
4570 0
4570 0
4570 0.160325333507038
4570 28.3919163700434
4570 28.3919163700434
4570 0
4570 0.77906543442073
4570 0
4570 0
4570 1.0345236079077
4570 18.8755115600355
4570 18.8755115600355
874 418.104831492066
874 418.104831492066
874 418.104831492066
874 16.2976506140842
874 46.407466436374
874 46.407466436374
874 0.208960843373494
874 0.208960843373494
874 0.120625281164897
874 0
874 0
874 0.160325333507038
874 28.3919163700434
874 28.3919163700434
874 0
874 0.77906543442073
874 0
874 0
874 1.0345236079077
874 18.8755115600355
874 18.8755115600355
4632 418.104831492066
4632 418.104831492066
4632 418.104831492066
4632 16.2976506140842
4632 46.407466436374
4632 46.407466436374
4632 0.208960843373494
4632 0.208960843373494
4632 0.120625281164897
4632 0
4632 0
4632 0.160325333507038
4632 28.3919163700434
4632 28.3919163700434
4632 0
4632 0.77906543442073
4632 0
4632 0
4632 1.0345236079077
4632 18.8755115600355
4632 18.8755115600355
4662 418.104831492066
4662 418.104831492066
4662 418.104831492066
4662 16.2976506140842
4662 46.407466436374
4662 46.407466436374
4662 0.208960843373494
4662 0.208960843373494
4662 0.120625281164897
4662 0
4662 0
4662 0.160325333507038
4662 28.3919163700434
4662 28.3919163700434
4662 0
4662 0.77906543442073
4662 0
4662 0
4662 1.0345236079077
4662 18.8755115600355
4662 18.8755115600355
4236 418.104831492066
4236 418.104831492066
4236 418.104831492066
4236 16.2976506140842
4236 46.407466436374
4236 46.407466436374
4236 0.208960843373494
4236 0.208960843373494
4236 0.120625281164897
4236 0
4236 0
4236 0.160325333507038
4236 28.3919163700434
4236 28.3919163700434
4236 0
4236 0.77906543442073
4236 0
4236 0
4236 1.0345236079077
4236 18.8755115600355
4236 18.8755115600355
4276 418.104831492066
4276 418.104831492066
4276 418.104831492066
4276 16.2976506140842
4276 46.407466436374
4276 46.407466436374
4276 0.208960843373494
4276 0.208960843373494
4276 0.120625281164897
4276 0
4276 0
4276 0.160325333507038
4276 28.3919163700434
4276 28.3919163700434
4276 0
4276 0.77906543442073
4276 0
4276 0
4276 1.0345236079077
4276 18.8755115600355
4276 18.8755115600355
4633 418.104831492066
4633 418.104831492066
4633 418.104831492066
4633 16.2976506140842
4633 46.407466436374
4633 46.407466436374
4633 0.208960843373494
4633 0.208960843373494
4633 0.120625281164897
4633 0
4633 0
4633 0.160325333507038
4633 28.3919163700434
4633 28.3919163700434
4633 0
4633 0.77906543442073
4633 0
4633 0
4633 1.0345236079077
4633 18.8755115600355
4633 18.8755115600355
4694 418.104831492066
4694 418.104831492066
4694 418.104831492066
4694 16.2976506140842
4694 46.407466436374
4694 46.407466436374
4694 0.208960843373494
4694 0.208960843373494
4694 0.120625281164897
4694 0
4694 0
4694 0.160325333507038
4694 28.3919163700434
4694 28.3919163700434
4694 0
4694 0.77906543442073
4694 0
4694 0
4694 1.0345236079077
4694 18.8755115600355
4694 18.8755115600355
3948 418.104831492066
3948 418.104831492066
3948 418.104831492066
3948 16.2976506140842
3948 46.407466436374
3948 46.407466436374
3948 0.208960843373494
3948 0.208960843373494
3948 0.120625281164897
3948 0
3948 0
3948 0.160325333507038
3948 28.3919163700434
3948 28.3919163700434
3948 0
3948 0.77906543442073
3948 0
3948 0
3948 1.0345236079077
3948 18.8755115600355
3948 18.8755115600355
4470 418.104831492066
4470 418.104831492066
4470 418.104831492066
4470 16.2976506140842
4470 46.407466436374
4470 46.407466436374
4470 0.208960843373494
4470 0.208960843373494
4470 0.120625281164897
4470 0
4470 0
4470 0.160325333507038
4470 28.3919163700434
4470 28.3919163700434
4470 0
4470 0.77906543442073
4470 0
4470 0
4470 1.0345236079077
4470 18.8755115600355
4470 18.8755115600355
4697 418.104831492066
4697 418.104831492066
4697 418.104831492066
4697 16.2976506140842
4697 46.407466436374
4697 46.407466436374
4697 0.208960843373494
4697 0.208960843373494
4697 0.120625281164897
4697 0
4697 0
4697 0.160325333507038
4697 28.3919163700434
4697 28.3919163700434
4697 0
4697 0.77906543442073
4697 0
4697 0
4697 1.0345236079077
4697 18.8755115600355
4697 18.8755115600355
4789 418.104831492066
4789 418.104831492066
4789 418.104831492066
4789 16.2976506140842
4789 46.407466436374
4789 46.407466436374
4789 0.208960843373494
4789 0.208960843373494
4789 0.120625281164897
4789 0
4789 0
4789 0.160325333507038
4789 28.3919163700434
4789 28.3919163700434
4789 0
4789 0.77906543442073
4789 0
4789 0
4789 1.0345236079077
4789 18.8755115600355
4789 18.8755115600355
4826 418.104831492066
4826 418.104831492066
4826 418.104831492066
4826 16.2976506140842
4826 46.407466436374
4826 46.407466436374
4826 0.208960843373494
4826 0.208960843373494
4826 0.120625281164897
4826 0
4826 0
4826 0.160325333507038
4826 28.3919163700434
4826 28.3919163700434
4826 0
4826 0.77906543442073
4826 0
4826 0
4826 1.0345236079077
4826 18.8755115600355
4826 18.8755115600355
4863 418.104831492066
4863 418.104831492066
4863 418.104831492066
4863 16.2976506140842
4863 46.407466436374
4863 46.407466436374
4863 0.208960843373494
4863 0.208960843373494
4863 0.120625281164897
4863 0
4863 0
4863 0.160325333507038
4863 28.3919163700434
4863 28.3919163700434
4863 0
4863 0.77906543442073
4863 0
4863 0
4863 1.0345236079077
4863 18.8755115600355
4863 18.8755115600355
4907 418.104831492066
4907 418.104831492066
4907 418.104831492066
4907 16.2976506140842
4907 46.407466436374
4907 46.407466436374
4907 0.208960843373494
4907 0.208960843373494
4907 0.120625281164897
4907 0
4907 0
4907 0.160325333507038
4907 28.3919163700434
4907 28.3919163700434
4907 0
4907 0.77906543442073
4907 0
4907 0
4907 1.0345236079077
4907 18.8755115600355
4907 18.8755115600355
4996 418.104831492066
4996 418.104831492066
4996 418.104831492066
4996 16.2976506140842
4996 46.407466436374
4996 46.407466436374
4996 0.208960843373494
4996 0.208960843373494
4996 0.120625281164897
4996 0
4996 0
4996 0.160325333507038
4996 28.3919163700434
4996 28.3919163700434
4996 0
4996 0.77906543442073
4996 0
4996 0
4996 1.0345236079077
4996 18.8755115600355
4996 18.8755115600355
5042 418.104831492066
5042 418.104831492066
5042 418.104831492066
5042 16.2976506140842
5042 46.407466436374
5042 46.407466436374
5042 0.208960843373494
5042 0.208960843373494
5042 0.120625281164897
5042 0
5042 0
5042 0.160325333507038
5042 28.3919163700434
5042 28.3919163700434
5042 0
5042 0.77906543442073
5042 0
5042 0
5042 1.0345236079077
5042 18.8755115600355
5042 18.8755115600355
4496 418.104831492066
4496 418.104831492066
4496 418.104831492066
4496 16.2976506140842
4496 46.407466436374
4496 46.407466436374
4496 0.208960843373494
4496 0.208960843373494
4496 0.120625281164897
4496 0
4496 0
4496 0.160325333507038
4496 28.3919163700434
4496 28.3919163700434
4496 0
4496 0.77906543442073
4496 0
4496 0
4496 1.0345236079077
4496 18.8755115600355
4496 18.8755115600355
1810 418.104831492066
1810 418.104831492066
1810 418.104831492066
1810 16.2976506140842
1810 46.407466436374
1810 46.407466436374
1810 0.208960843373494
1810 0.208960843373494
1810 0.120625281164897
1810 0
1810 0
1810 0.160325333507038
1810 28.3919163700434
1810 28.3919163700434
1810 0
1810 0.77906543442073
1810 0
1810 0
1810 1.0345236079077
1810 18.8755115600355
1810 18.8755115600355
2184 418.104831492066
2184 418.104831492066
2184 418.104831492066
2184 16.2976506140842
2184 46.407466436374
2184 46.407466436374
2184 0.208960843373494
2184 0.208960843373494
2184 0.120625281164897
2184 0
2184 0
2184 0.160325333507038
2184 28.3919163700434
2184 28.3919163700434
2184 0
2184 0.77906543442073
2184 0
2184 0
2184 1.0345236079077
2184 18.8755115600355
2184 18.8755115600355
2273 418.104831492066
2273 418.104831492066
2273 418.104831492066
2273 16.2976506140842
2273 46.407466436374
2273 46.407466436374
2273 0.208960843373494
2273 0.208960843373494
2273 0.120625281164897
2273 0
2273 0
2273 0.160325333507038
2273 28.3919163700434
2273 28.3919163700434
2273 0
2273 0.77906543442073
2273 0
2273 0
2273 1.0345236079077
2273 18.8755115600355
2273 18.8755115600355
4830 418.104831492066
4830 418.104831492066
4830 418.104831492066
4830 16.2976506140842
4830 46.407466436374
4830 46.407466436374
4830 0.208960843373494
4830 0.208960843373494
4830 0.120625281164897
4830 0
4830 0
4830 0.160325333507038
4830 28.3919163700434
4830 28.3919163700434
4830 0
4830 0.77906543442073
4830 0
4830 0
4830 1.0345236079077
4830 18.8755115600355
4830 18.8755115600355
2090 418.104831492066
2090 418.104831492066
2090 418.104831492066
2090 16.2976506140842
2090 46.407466436374
2090 46.407466436374
2090 0.208960843373494
2090 0.208960843373494
2090 0.120625281164897
2090 0
2090 0
2090 0.160325333507038
2090 28.3919163700434
2090 28.3919163700434
2090 0
2090 0.77906543442073
2090 0
2090 0
2090 1.0345236079077
2090 18.8755115600355
2090 18.8755115600355
2186 418.104831492066
2186 418.104831492066
2186 418.104831492066
2186 16.2976506140842
2186 46.407466436374
2186 46.407466436374
2186 0.208960843373494
2186 0.208960843373494
2186 0.120625281164897
2186 0
2186 0
2186 0.160325333507038
2186 28.3919163700434
2186 28.3919163700434
2186 0
2186 0.77906543442073
2186 0
2186 0
2186 1.0345236079077
2186 18.8755115600355
2186 18.8755115600355
1997 418.104831492066
1997 418.104831492066
1997 418.104831492066
1997 16.2976506140842
1997 46.407466436374
1997 46.407466436374
1997 0.208960843373494
1997 0.208960843373494
1997 0.120625281164897
1997 0
1997 0
1997 0.160325333507038
1997 28.3919163700434
1997 28.3919163700434
1997 0
1997 0.77906543442073
1997 0
1997 0
1997 1.0345236079077
1997 18.8755115600355
1997 18.8755115600355
2091 418.104831492066
2091 418.104831492066
2091 418.104831492066
2091 16.2976506140842
2091 46.407466436374
2091 46.407466436374
2091 0.208960843373494
2091 0.208960843373494
2091 0.120625281164897
2091 0
2091 0
2091 0.160325333507038
2091 28.3919163700434
2091 28.3919163700434
2091 0
2091 0.77906543442073
2091 0
2091 0
2091 1.0345236079077
2091 18.8755115600355
2091 18.8755115600355
1905 418.104831492066
1905 418.104831492066
1905 418.104831492066
1905 16.2976506140842
1905 46.407466436374
1905 46.407466436374
1905 0.208960843373494
1905 0.208960843373494
1905 0.120625281164897
1905 0
1905 0
1905 0.160325333507038
1905 28.3919163700434
1905 28.3919163700434
1905 0
1905 0.77906543442073
1905 0
1905 0
1905 1.0345236079077
1905 18.8755115600355
1905 18.8755115600355
3651 418.104831492066
3651 418.104831492066
3651 418.104831492066
3651 16.2976506140842
3651 46.407466436374
3651 46.407466436374
3651 0.208960843373494
3651 0.208960843373494
3651 0.120625281164897
3651 0
3651 0
3651 0.160325333507038
3651 28.3919163700434
3651 28.3919163700434
3651 0
3651 0.77906543442073
3651 0
3651 0
3651 1.0345236079077
3651 18.8755115600355
3651 18.8755115600355
3488 418.104831492066
3488 418.104831492066
3488 418.104831492066
3488 16.2976506140842
3488 46.407466436374
3488 46.407466436374
3488 0.208960843373494
3488 0.208960843373494
3488 0.120625281164897
3488 0
3488 0
3488 0.160325333507038
3488 28.3919163700434
3488 28.3919163700434
3488 0
3488 0.77906543442073
3488 0
3488 0
3488 1.0345236079077
3488 18.8755115600355
3488 18.8755115600355
3526 418.104831492066
3526 418.104831492066
3526 418.104831492066
3526 16.2976506140842
3526 46.407466436374
3526 46.407466436374
3526 0.208960843373494
3526 0.208960843373494
3526 0.120625281164897
3526 0
3526 0
3526 0.160325333507038
3526 28.3919163700434
3526 28.3919163700434
3526 0
3526 0.77906543442073
3526 0
3526 0
3526 1.0345236079077
3526 18.8755115600355
3526 18.8755115600355
3452 418.104831492066
3452 418.104831492066
3452 418.104831492066
3452 16.2976506140842
3452 46.407466436374
3452 46.407466436374
3452 0.208960843373494
3452 0.208960843373494
3452 0.120625281164897
3452 0
3452 0
3452 0.160325333507038
3452 28.3919163700434
3452 28.3919163700434
3452 0
3452 0.77906543442073
3452 0
3452 0
3452 1.0345236079077
3452 18.8755115600355
3452 18.8755115600355
2111 418.104831492066
2111 418.104831492066
2111 418.104831492066
2111 16.2976506140842
2111 46.407466436374
2111 46.407466436374
2111 0.208960843373494
2111 0.208960843373494
2111 0.120625281164897
2111 0
2111 0
2111 0.160325333507038
2111 28.3919163700434
2111 28.3919163700434
2111 0
2111 0.77906543442073
2111 0
2111 0
2111 1.0345236079077
2111 18.8755115600355
2111 18.8755115600355
3366 418.104831492066
3366 418.104831492066
3366 418.104831492066
3366 16.2976506140842
3366 46.407466436374
3366 46.407466436374
3366 0.208960843373494
3366 0.208960843373494
3366 0.120625281164897
3366 0
3366 0
3366 0.160325333507038
3366 28.3919163700434
3366 28.3919163700434
3366 0
3366 0.77906543442073
3366 0
3366 0
3366 1.0345236079077
3366 18.8755115600355
3366 18.8755115600355
3146 418.104831492066
3146 418.104831492066
3146 418.104831492066
3146 16.2976506140842
3146 46.407466436374
3146 46.407466436374
3146 0.208960843373494
3146 0.208960843373494
3146 0.120625281164897
3146 0
3146 0
3146 0.160325333507038
3146 28.3919163700434
3146 28.3919163700434
3146 0
3146 0.77906543442073
3146 0
3146 0
3146 1.0345236079077
3146 18.8755115600355
3146 18.8755115600355
3257 418.104831492066
3257 418.104831492066
3257 418.104831492066
3257 16.2976506140842
3257 46.407466436374
3257 46.407466436374
3257 0.208960843373494
3257 0.208960843373494
3257 0.120625281164897
3257 0
3257 0
3257 0.160325333507038
3257 28.3919163700434
3257 28.3919163700434
3257 0
3257 0.77906543442073
3257 0
3257 0
3257 1.0345236079077
3257 18.8755115600355
3257 18.8755115600355
3738 418.104831492066
3738 418.104831492066
3738 418.104831492066
3738 16.2976506140842
3738 46.407466436374
3738 46.407466436374
3738 0.208960843373494
3738 0.208960843373494
3738 0.120625281164897
3738 0
3738 0
3738 0.160325333507038
3738 28.3919163700434
3738 28.3919163700434
3738 0
3738 0.77906543442073
3738 0
3738 0
3738 1.0345236079077
3738 18.8755115600355
3738 18.8755115600355
3035 418.104831492066
3035 418.104831492066
3035 418.104831492066
3035 16.2976506140842
3035 46.407466436374
3035 46.407466436374
3035 0.208960843373494
3035 0.208960843373494
3035 0.120625281164897
3035 0
3035 0
3035 0.160325333507038
3035 28.3919163700434
3035 28.3919163700434
3035 0
3035 0.77906543442073
3035 0
3035 0
3035 1.0345236079077
3035 18.8755115600355
3035 18.8755115600355
3205 418.104831492066
3205 418.104831492066
3205 418.104831492066
3205 16.2976506140842
3205 46.407466436374
3205 46.407466436374
3205 0.208960843373494
3205 0.208960843373494
3205 0.120625281164897
3205 0
3205 0
3205 0.160325333507038
3205 28.3919163700434
3205 28.3919163700434
3205 0
3205 0.77906543442073
3205 0
3205 0
3205 1.0345236079077
3205 18.8755115600355
3205 18.8755115600355
3617 418.104831492066
3617 418.104831492066
3617 418.104831492066
3617 16.2976506140842
3617 46.407466436374
3617 46.407466436374
3617 0.208960843373494
3617 0.208960843373494
3617 0.120625281164897
3617 0
3617 0
3617 0.160325333507038
3617 28.3919163700434
3617 28.3919163700434
3617 0
3617 0.77906543442073
3617 0
3617 0
3617 1.0345236079077
3617 18.8755115600355
3617 18.8755115600355
3660 418.104831492066
3660 418.104831492066
3660 418.104831492066
3660 16.2976506140842
3660 46.407466436374
3660 46.407466436374
3660 0.208960843373494
3660 0.208960843373494
3660 0.120625281164897
3660 0
3660 0
3660 0.160325333507038
3660 28.3919163700434
3660 28.3919163700434
3660 0
3660 0.77906543442073
3660 0
3660 0
3660 1.0345236079077
3660 18.8755115600355
3660 18.8755115600355
3700 418.104831492066
3700 418.104831492066
3700 418.104831492066
3700 16.2976506140842
3700 46.407466436374
3700 46.407466436374
3700 0.208960843373494
3700 0.208960843373494
3700 0.120625281164897
3700 0
3700 0
3700 0.160325333507038
3700 28.3919163700434
3700 28.3919163700434
3700 0
3700 0.77906543442073
3700 0
3700 0
3700 1.0345236079077
3700 18.8755115600355
3700 18.8755115600355
3206 418.104831492066
3206 418.104831492066
3206 418.104831492066
3206 16.2976506140842
3206 46.407466436374
3206 46.407466436374
3206 0.208960843373494
3206 0.208960843373494
3206 0.120625281164897
3206 0
3206 0
3206 0.160325333507038
3206 28.3919163700434
3206 28.3919163700434
3206 0
3206 0.77906543442073
3206 0
3206 0
3206 1.0345236079077
3206 18.8755115600355
3206 18.8755115600355
3534 418.104831492066
3534 418.104831492066
3534 418.104831492066
3534 16.2976506140842
3534 46.407466436374
3534 46.407466436374
3534 0.208960843373494
3534 0.208960843373494
3534 0.120625281164897
3534 0
3534 0
3534 0.160325333507038
3534 28.3919163700434
3534 28.3919163700434
3534 0
3534 0.77906543442073
3534 0
3534 0
3534 1.0345236079077
3534 18.8755115600355
3534 18.8755115600355
3577 418.104831492066
3577 418.104831492066
3577 418.104831492066
3577 16.2976506140842
3577 46.407466436374
3577 46.407466436374
3577 0.208960843373494
3577 0.208960843373494
3577 0.120625281164897
3577 0
3577 0
3577 0.160325333507038
3577 28.3919163700434
3577 28.3919163700434
3577 0
3577 0.77906543442073
3577 0
3577 0
3577 1.0345236079077
3577 18.8755115600355
3577 18.8755115600355
3618 418.104831492066
3618 418.104831492066
3618 418.104831492066
3618 16.2976506140842
3618 46.407466436374
3618 46.407466436374
3618 0.208960843373494
3618 0.208960843373494
3618 0.120625281164897
3618 0
3618 0
3618 0.160325333507038
3618 28.3919163700434
3618 28.3919163700434
3618 0
3618 0.77906543442073
3618 0
3618 0
3618 1.0345236079077
3618 18.8755115600355
3618 18.8755115600355
3261 418.104831492066
3261 418.104831492066
3261 418.104831492066
3261 16.2976506140842
3261 46.407466436374
3261 46.407466436374
3261 0.208960843373494
3261 0.208960843373494
3261 0.120625281164897
3261 0
3261 0
3261 0.160325333507038
3261 28.3919163700434
3261 28.3919163700434
3261 0
3261 0.77906543442073
3261 0
3261 0
3261 1.0345236079077
3261 18.8755115600355
3261 18.8755115600355
3619 418.104831492066
3619 418.104831492066
3619 418.104831492066
3619 16.2976506140842
3619 46.407466436374
3619 46.407466436374
3619 0.208960843373494
3619 0.208960843373494
3619 0.120625281164897
3619 0
3619 0
3619 0.160325333507038
3619 28.3919163700434
3619 28.3919163700434
3619 0
3619 0.77906543442073
3619 0
3619 0
3619 1.0345236079077
3619 18.8755115600355
3619 18.8755115600355
3702 418.104831492066
3702 418.104831492066
3702 418.104831492066
3702 16.2976506140842
3702 46.407466436374
3702 46.407466436374
3702 0.208960843373494
3702 0.208960843373494
3702 0.120625281164897
3702 0
3702 0
3702 0.160325333507038
3702 28.3919163700434
3702 28.3919163700434
3702 0
3702 0.77906543442073
3702 0
3702 0
3702 1.0345236079077
3702 18.8755115600355
3702 18.8755115600355
3322 418.104831492066
3322 418.104831492066
3322 418.104831492066
3322 16.2976506140842
3322 46.407466436374
3322 46.407466436374
3322 0.208960843373494
3322 0.208960843373494
3322 0.120625281164897
3322 0
3322 0
3322 0.160325333507038
3322 28.3919163700434
3322 28.3919163700434
3322 0
3322 0.77906543442073
3322 0
3322 0
3322 1.0345236079077
3322 18.8755115600355
3322 18.8755115600355
3461 418.104831492066
3461 418.104831492066
3461 418.104831492066
3461 16.2976506140842
3461 46.407466436374
3461 46.407466436374
3461 0.208960843373494
3461 0.208960843373494
3461 0.120625281164897
3461 0
3461 0
3461 0.160325333507038
3461 28.3919163700434
3461 28.3919163700434
3461 0
3461 0.77906543442073
3461 0
3461 0
3461 1.0345236079077
3461 18.8755115600355
3461 18.8755115600355
3498 418.104831492066
3498 418.104831492066
3498 418.104831492066
3498 16.2976506140842
3498 46.407466436374
3498 46.407466436374
3498 0.208960843373494
3498 0.208960843373494
3498 0.120625281164897
3498 0
3498 0
3498 0.160325333507038
3498 28.3919163700434
3498 28.3919163700434
3498 0
3498 0.77906543442073
3498 0
3498 0
3498 1.0345236079077
3498 18.8755115600355
3498 18.8755115600355
3536 418.104831492066
3536 418.104831492066
3536 418.104831492066
3536 16.2976506140842
3536 46.407466436374
3536 46.407466436374
3536 0.208960843373494
3536 0.208960843373494
3536 0.120625281164897
3536 0
3536 0
3536 0.160325333507038
3536 28.3919163700434
3536 28.3919163700434
3536 0
3536 0.77906543442073
3536 0
3536 0
3536 1.0345236079077
3536 18.8755115600355
3536 18.8755115600355
3579 418.104831492066
3579 418.104831492066
3579 418.104831492066
3579 16.2976506140842
3579 46.407466436374
3579 46.407466436374
3579 0.208960843373494
3579 0.208960843373494
3579 0.120625281164897
3579 0
3579 0
3579 0.160325333507038
3579 28.3919163700434
3579 28.3919163700434
3579 0
3579 0.77906543442073
3579 0
3579 0
3579 1.0345236079077
3579 18.8755115600355
3579 18.8755115600355
3620 418.104831492066
3620 418.104831492066
3620 418.104831492066
3620 16.2976506140842
3620 46.407466436374
3620 46.407466436374
3620 0.208960843373494
3620 0.208960843373494
3620 0.120625281164897
3620 0
3620 0
3620 0.160325333507038
3620 28.3919163700434
3620 28.3919163700434
3620 0
3620 0.77906543442073
3620 0
3620 0
3620 1.0345236079077
3620 18.8755115600355
3620 18.8755115600355
3663 418.104831492066
3663 418.104831492066
3663 418.104831492066
3663 16.2976506140842
3663 46.407466436374
3663 46.407466436374
3663 0.208960843373494
3663 0.208960843373494
3663 0.120625281164897
3663 0
3663 0
3663 0.160325333507038
3663 28.3919163700434
3663 28.3919163700434
3663 0
3663 0.77906543442073
3663 0
3663 0
3663 1.0345236079077
3663 18.8755115600355
3663 18.8755115600355
3703 418.104831492066
3703 418.104831492066
3703 418.104831492066
3703 16.2976506140842
3703 46.407466436374
3703 46.407466436374
3703 0.208960843373494
3703 0.208960843373494
3703 0.120625281164897
3703 0
3703 0
3703 0.160325333507038
3703 28.3919163700434
3703 28.3919163700434
3703 0
3703 0.77906543442073
3703 0
3703 0
3703 1.0345236079077
3703 18.8755115600355
3703 18.8755115600355
3743 418.104831492066
3743 418.104831492066
3743 418.104831492066
3743 16.2976506140842
3743 46.407466436374
3743 46.407466436374
3743 0.208960843373494
3743 0.208960843373494
3743 0.120625281164897
3743 0
3743 0
3743 0.160325333507038
3743 28.3919163700434
3743 28.3919163700434
3743 0
3743 0.77906543442073
3743 0
3743 0
3743 1.0345236079077
3743 18.8755115600355
3743 18.8755115600355
3209 418.104831492066
3209 418.104831492066
3209 418.104831492066
3209 16.2976506140842
3209 46.407466436374
3209 46.407466436374
3209 0.208960843373494
3209 0.208960843373494
3209 0.120625281164897
3209 0
3209 0
3209 0.160325333507038
3209 28.3919163700434
3209 28.3919163700434
3209 0
3209 0.77906543442073
3209 0
3209 0
3209 1.0345236079077
3209 18.8755115600355
3209 18.8755115600355
3323 418.104831492066
3323 418.104831492066
3323 418.104831492066
3323 16.2976506140842
3323 46.407466436374
3323 46.407466436374
3323 0.208960843373494
3323 0.208960843373494
3323 0.120625281164897
3323 0
3323 0
3323 0.160325333507038
3323 28.3919163700434
3323 28.3919163700434
3323 0
3323 0.77906543442073
3323 0
3323 0
3323 1.0345236079077
3323 18.8755115600355
3323 18.8755115600355
3374 418.104831492066
3374 418.104831492066
3374 418.104831492066
3374 16.2976506140842
3374 46.407466436374
3374 46.407466436374
3374 0.208960843373494
3374 0.208960843373494
3374 0.120625281164897
3374 0
3374 0
3374 0.160325333507038
3374 28.3919163700434
3374 28.3919163700434
3374 0
3374 0.77906543442073
3374 0
3374 0
3374 1.0345236079077
3374 18.8755115600355
3374 18.8755115600355
3462 418.104831492066
3462 418.104831492066
3462 418.104831492066
3462 16.2976506140842
3462 46.407466436374
3462 46.407466436374
3462 0.208960843373494
3462 0.208960843373494
3462 0.120625281164897
3462 0
3462 0
3462 0.160325333507038
3462 28.3919163700434
3462 28.3919163700434
3462 0
3462 0.77906543442073
3462 0
3462 0
3462 1.0345236079077
3462 18.8755115600355
3462 18.8755115600355
3499 418.104831492066
3499 418.104831492066
3499 418.104831492066
3499 16.2976506140842
3499 46.407466436374
3499 46.407466436374
3499 0.208960843373494
3499 0.208960843373494
3499 0.120625281164897
3499 0
3499 0
3499 0.160325333507038
3499 28.3919163700434
3499 28.3919163700434
3499 0
3499 0.77906543442073
3499 0
3499 0
3499 1.0345236079077
3499 18.8755115600355
3499 18.8755115600355
3537 418.104831492066
3537 418.104831492066
3537 418.104831492066
3537 16.2976506140842
3537 46.407466436374
3537 46.407466436374
3537 0.208960843373494
3537 0.208960843373494
3537 0.120625281164897
3537 0
3537 0
3537 0.160325333507038
3537 28.3919163700434
3537 28.3919163700434
3537 0
3537 0.77906543442073
3537 0
3537 0
3537 1.0345236079077
3537 18.8755115600355
3537 18.8755115600355
3580 418.104831492066
3580 418.104831492066
3580 418.104831492066
3580 16.2976506140842
3580 46.407466436374
3580 46.407466436374
3580 0.208960843373494
3580 0.208960843373494
3580 0.120625281164897
3580 0
3580 0
3580 0.160325333507038
3580 28.3919163700434
3580 28.3919163700434
3580 0
3580 0.77906543442073
3580 0
3580 0
3580 1.0345236079077
3580 18.8755115600355
3580 18.8755115600355
3621 418.104831492066
3621 418.104831492066
3621 418.104831492066
3621 16.2976506140842
3621 46.407466436374
3621 46.407466436374
3621 0.208960843373494
3621 0.208960843373494
3621 0.120625281164897
3621 0
3621 0
3621 0.160325333507038
3621 28.3919163700434
3621 28.3919163700434
3621 0
3621 0.77906543442073
3621 0
3621 0
3621 1.0345236079077
3621 18.8755115600355
3621 18.8755115600355
3664 418.104831492066
3664 418.104831492066
3664 418.104831492066
3664 16.2976506140842
3664 46.407466436374
3664 46.407466436374
3664 0.208960843373494
3664 0.208960843373494
3664 0.120625281164897
3664 0
3664 0
3664 0.160325333507038
3664 28.3919163700434
3664 28.3919163700434
3664 0
3664 0.77906543442073
3664 0
3664 0
3664 1.0345236079077
3664 18.8755115600355
3664 18.8755115600355
3704 418.104831492066
3704 418.104831492066
3704 418.104831492066
3704 16.2976506140842
3704 46.407466436374
3704 46.407466436374
3704 0.208960843373494
3704 0.208960843373494
3704 0.120625281164897
3704 0
3704 0
3704 0.160325333507038
3704 28.3919163700434
3704 28.3919163700434
3704 0
3704 0.77906543442073
3704 0
3704 0
3704 1.0345236079077
3704 18.8755115600355
3704 18.8755115600355
3210 418.104831492066
3210 418.104831492066
3210 418.104831492066
3210 16.2976506140842
3210 46.407466436374
3210 46.407466436374
3210 0.208960843373494
3210 0.208960843373494
3210 0.120625281164897
3210 0
3210 0
3210 0.160325333507038
3210 28.3919163700434
3210 28.3919163700434
3210 0
3210 0.77906543442073
3210 0
3210 0
3210 1.0345236079077
3210 18.8755115600355
3210 18.8755115600355
3264 418.104831492066
3264 418.104831492066
3264 418.104831492066
3264 16.2976506140842
3264 46.407466436374
3264 46.407466436374
3264 0.208960843373494
3264 0.208960843373494
3264 0.120625281164897
3264 0
3264 0
3264 0.160325333507038
3264 28.3919163700434
3264 28.3919163700434
3264 0
3264 0.77906543442073
3264 0
3264 0
3264 1.0345236079077
3264 18.8755115600355
3264 18.8755115600355
3538 418.104831492066
3538 418.104831492066
3538 418.104831492066
3538 16.2976506140842
3538 46.407466436374
3538 46.407466436374
3538 0.208960843373494
3538 0.208960843373494
3538 0.120625281164897
3538 0
3538 0
3538 0.160325333507038
3538 28.3919163700434
3538 28.3919163700434
3538 0
3538 0.77906543442073
3538 0
3538 0
3538 1.0345236079077
3538 18.8755115600355
3538 18.8755115600355
3581 418.104831492066
3581 418.104831492066
3581 418.104831492066
3581 16.2976506140842
3581 46.407466436374
3581 46.407466436374
3581 0.208960843373494
3581 0.208960843373494
3581 0.120625281164897
3581 0
3581 0
3581 0.160325333507038
3581 28.3919163700434
3581 28.3919163700434
3581 0
3581 0.77906543442073
3581 0
3581 0
3581 1.0345236079077
3581 18.8755115600355
3581 18.8755115600355
3622 418.104831492066
3622 418.104831492066
3622 418.104831492066
3622 16.2976506140842
3622 46.407466436374
3622 46.407466436374
3622 0.208960843373494
3622 0.208960843373494
3622 0.120625281164897
3622 0
3622 0
3622 0.160325333507038
3622 28.3919163700434
3622 28.3919163700434
3622 0
3622 0.77906543442073
3622 0
3622 0
3622 1.0345236079077
3622 18.8755115600355
3622 18.8755115600355
3665 418.104831492066
3665 418.104831492066
3665 418.104831492066
3665 16.2976506140842
3665 46.407466436374
3665 46.407466436374
3665 0.208960843373494
3665 0.208960843373494
3665 0.120625281164897
3665 0
3665 0
3665 0.160325333507038
3665 28.3919163700434
3665 28.3919163700434
3665 0
3665 0.77906543442073
3665 0
3665 0
3665 1.0345236079077
3665 18.8755115600355
3665 18.8755115600355
3155 418.104831492066
3155 418.104831492066
3155 418.104831492066
3155 16.2976506140842
3155 46.407466436374
3155 46.407466436374
3155 0.208960843373494
3155 0.208960843373494
3155 0.120625281164897
3155 0
3155 0
3155 0.160325333507038
3155 28.3919163700434
3155 28.3919163700434
3155 0
3155 0.77906543442073
3155 0
3155 0
3155 1.0345236079077
3155 18.8755115600355
3155 18.8755115600355
3582 418.104831492066
3582 418.104831492066
3582 418.104831492066
3582 16.2976506140842
3582 46.407466436374
3582 46.407466436374
3582 0.208960843373494
3582 0.208960843373494
3582 0.120625281164897
3582 0
3582 0
3582 0.160325333507038
3582 28.3919163700434
3582 28.3919163700434
3582 0
3582 0.77906543442073
3582 0
3582 0
3582 1.0345236079077
3582 18.8755115600355
3582 18.8755115600355
3623 418.104831492066
3623 418.104831492066
3623 418.104831492066
3623 16.2976506140842
3623 46.407466436374
3623 46.407466436374
3623 0.208960843373494
3623 0.208960843373494
3623 0.120625281164897
3623 0
3623 0
3623 0.160325333507038
3623 28.3919163700434
3623 28.3919163700434
3623 0
3623 0.77906543442073
3623 0
3623 0
3623 1.0345236079077
3623 18.8755115600355
3623 18.8755115600355
3666 418.104831492066
3666 418.104831492066
3666 418.104831492066
3666 16.2976506140842
3666 46.407466436374
3666 46.407466436374
3666 0.208960843373494
3666 0.208960843373494
3666 0.120625281164897
3666 0
3666 0
3666 0.160325333507038
3666 28.3919163700434
3666 28.3919163700434
3666 0
3666 0.77906543442073
3666 0
3666 0
3666 1.0345236079077
3666 18.8755115600355
3666 18.8755115600355
3101 418.104831492066
3101 418.104831492066
3101 418.104831492066
3101 16.2976506140842
3101 46.407466436374
3101 46.407466436374
3101 0.208960843373494
3101 0.208960843373494
3101 0.120625281164897
3101 0
3101 0
3101 0.160325333507038
3101 28.3919163700434
3101 28.3919163700434
3101 0
3101 0.77906543442073
3101 0
3101 0
3101 1.0345236079077
3101 18.8755115600355
3101 18.8755115600355
3156 418.104831492066
3156 418.104831492066
3156 418.104831492066
3156 16.2976506140842
3156 46.407466436374
3156 46.407466436374
3156 0.208960843373494
3156 0.208960843373494
3156 0.120625281164897
3156 0
3156 0
3156 0.160325333507038
3156 28.3919163700434
3156 28.3919163700434
3156 0
3156 0.77906543442073
3156 0
3156 0
3156 1.0345236079077
3156 18.8755115600355
3156 18.8755115600355
3212 418.104831492066
3212 418.104831492066
3212 418.104831492066
3212 16.2976506140842
3212 46.407466436374
3212 46.407466436374
3212 0.208960843373494
3212 0.208960843373494
3212 0.120625281164897
3212 0
3212 0
3212 0.160325333507038
3212 28.3919163700434
3212 28.3919163700434
3212 0
3212 0.77906543442073
3212 0
3212 0
3212 1.0345236079077
3212 18.8755115600355
3212 18.8755115600355
3502 418.104831492066
3502 418.104831492066
3502 418.104831492066
3502 16.2976506140842
3502 46.407466436374
3502 46.407466436374
3502 0.208960843373494
3502 0.208960843373494
3502 0.120625281164897
3502 0
3502 0
3502 0.160325333507038
3502 28.3919163700434
3502 28.3919163700434
3502 0
3502 0.77906543442073
3502 0
3502 0
3502 1.0345236079077
3502 18.8755115600355
3502 18.8755115600355
3540 418.104831492066
3540 418.104831492066
3540 418.104831492066
3540 16.2976506140842
3540 46.407466436374
3540 46.407466436374
3540 0.208960843373494
3540 0.208960843373494
3540 0.120625281164897
3540 0
3540 0
3540 0.160325333507038
3540 28.3919163700434
3540 28.3919163700434
3540 0
3540 0.77906543442073
3540 0
3540 0
3540 1.0345236079077
3540 18.8755115600355
3540 18.8755115600355
3043 418.104831492066
3043 418.104831492066
3043 418.104831492066
3043 16.2976506140842
3043 46.407466436374
3043 46.407466436374
3043 0.208960843373494
3043 0.208960843373494
3043 0.120625281164897
3043 0
3043 0
3043 0.160325333507038
3043 28.3919163700434
3043 28.3919163700434
3043 0
3043 0.77906543442073
3043 0
3043 0
3043 1.0345236079077
3043 18.8755115600355
3043 18.8755115600355
3157 418.104831492066
3157 418.104831492066
3157 418.104831492066
3157 16.2976506140842
3157 46.407466436374
3157 46.407466436374
3157 0.208960843373494
3157 0.208960843373494
3157 0.120625281164897
3157 0
3157 0
3157 0.160325333507038
3157 28.3919163700434
3157 28.3919163700434
3157 0
3157 0.77906543442073
3157 0
3157 0
3157 1.0345236079077
3157 18.8755115600355
3157 18.8755115600355
3213 418.104831492066
3213 418.104831492066
3213 418.104831492066
3213 16.2976506140842
3213 46.407466436374
3213 46.407466436374
3213 0.208960843373494
3213 0.208960843373494
3213 0.120625281164897
3213 0
3213 0
3213 0.160325333507038
3213 28.3919163700434
3213 28.3919163700434
3213 0
3213 0.77906543442073
3213 0
3213 0
3213 1.0345236079077
3213 18.8755115600355
3213 18.8755115600355
3267 418.104831492066
3267 418.104831492066
3267 418.104831492066
3267 16.2976506140842
3267 46.407466436374
3267 46.407466436374
3267 0.208960843373494
3267 0.208960843373494
3267 0.120625281164897
3267 0
3267 0
3267 0.160325333507038
3267 28.3919163700434
3267 28.3919163700434
3267 0
3267 0.77906543442073
3267 0
3267 0
3267 1.0345236079077
3267 18.8755115600355
3267 18.8755115600355
3327 418.104831492066
3327 418.104831492066
3327 418.104831492066
3327 16.2976506140842
3327 46.407466436374
3327 46.407466436374
3327 0.208960843373494
3327 0.208960843373494
3327 0.120625281164897
3327 0
3327 0
3327 0.160325333507038
3327 28.3919163700434
3327 28.3919163700434
3327 0
3327 0.77906543442073
3327 0
3327 0
3327 1.0345236079077
3327 18.8755115600355
3327 18.8755115600355
3378 418.104831492066
3378 418.104831492066
3378 418.104831492066
3378 16.2976506140842
3378 46.407466436374
3378 46.407466436374
3378 0.208960843373494
3378 0.208960843373494
3378 0.120625281164897
3378 0
3378 0
3378 0.160325333507038
3378 28.3919163700434
3378 28.3919163700434
3378 0
3378 0.77906543442073
3378 0
3378 0
3378 1.0345236079077
3378 18.8755115600355
3378 18.8755115600355
3423 418.104831492066
3423 418.104831492066
3423 418.104831492066
3423 16.2976506140842
3423 46.407466436374
3423 46.407466436374
3423 0.208960843373494
3423 0.208960843373494
3423 0.120625281164897
3423 0
3423 0
3423 0.160325333507038
3423 28.3919163700434
3423 28.3919163700434
3423 0
3423 0.77906543442073
3423 0
3423 0
3423 1.0345236079077
3423 18.8755115600355
3423 18.8755115600355
3503 418.104831492066
3503 418.104831492066
3503 418.104831492066
3503 16.2976506140842
3503 46.407466436374
3503 46.407466436374
3503 0.208960843373494
3503 0.208960843373494
3503 0.120625281164897
3503 0
3503 0
3503 0.160325333507038
3503 28.3919163700434
3503 28.3919163700434
3503 0
3503 0.77906543442073
3503 0
3503 0
3503 1.0345236079077
3503 18.8755115600355
3503 18.8755115600355
3541 418.104831492066
3541 418.104831492066
3541 418.104831492066
3541 16.2976506140842
3541 46.407466436374
3541 46.407466436374
3541 0.208960843373494
3541 0.208960843373494
3541 0.120625281164897
3541 0
3541 0
3541 0.160325333507038
3541 28.3919163700434
3541 28.3919163700434
3541 0
3541 0.77906543442073
3541 0
3541 0
3541 1.0345236079077
3541 18.8755115600355
3541 18.8755115600355
3584 418.104831492066
3584 418.104831492066
3584 418.104831492066
3584 16.2976506140842
3584 46.407466436374
3584 46.407466436374
3584 0.208960843373494
3584 0.208960843373494
3584 0.120625281164897
3584 0
3584 0
3584 0.160325333507038
3584 28.3919163700434
3584 28.3919163700434
3584 0
3584 0.77906543442073
3584 0
3584 0
3584 1.0345236079077
3584 18.8755115600355
3584 18.8755115600355
3625 418.104831492066
3625 418.104831492066
3625 418.104831492066
3625 16.2976506140842
3625 46.407466436374
3625 46.407466436374
3625 0.208960843373494
3625 0.208960843373494
3625 0.120625281164897
3625 0
3625 0
3625 0.160325333507038
3625 28.3919163700434
3625 28.3919163700434
3625 0
3625 0.77906543442073
3625 0
3625 0
3625 1.0345236079077
3625 18.8755115600355
3625 18.8755115600355
3158 418.104831492066
3158 418.104831492066
3158 418.104831492066
3158 16.2976506140842
3158 46.407466436374
3158 46.407466436374
3158 0.208960843373494
3158 0.208960843373494
3158 0.120625281164897
3158 0
3158 0
3158 0.160325333507038
3158 28.3919163700434
3158 28.3919163700434
3158 0
3158 0.77906543442073
3158 0
3158 0
3158 1.0345236079077
3158 18.8755115600355
3158 18.8755115600355
3214 418.104831492066
3214 418.104831492066
3214 418.104831492066
3214 16.2976506140842
3214 46.407466436374
3214 46.407466436374
3214 0.208960843373494
3214 0.208960843373494
3214 0.120625281164897
3214 0
3214 0
3214 0.160325333507038
3214 28.3919163700434
3214 28.3919163700434
3214 0
3214 0.77906543442073
3214 0
3214 0
3214 1.0345236079077
3214 18.8755115600355
3214 18.8755115600355
3268 418.104831492066
3268 418.104831492066
3268 418.104831492066
3268 16.2976506140842
3268 46.407466436374
3268 46.407466436374
3268 0.208960843373494
3268 0.208960843373494
3268 0.120625281164897
3268 0
3268 0
3268 0.160325333507038
3268 28.3919163700434
3268 28.3919163700434
3268 0
3268 0.77906543442073
3268 0
3268 0
3268 1.0345236079077
3268 18.8755115600355
3268 18.8755115600355
3328 418.104831492066
3328 418.104831492066
3328 418.104831492066
3328 16.2976506140842
3328 46.407466436374
3328 46.407466436374
3328 0.208960843373494
3328 0.208960843373494
3328 0.120625281164897
3328 0
3328 0
3328 0.160325333507038
3328 28.3919163700434
3328 28.3919163700434
3328 0
3328 0.77906543442073
3328 0
3328 0
3328 1.0345236079077
3328 18.8755115600355
3328 18.8755115600355
3379 418.104831492066
3379 418.104831492066
3379 418.104831492066
3379 16.2976506140842
3379 46.407466436374
3379 46.407466436374
3379 0.208960843373494
3379 0.208960843373494
3379 0.120625281164897
3379 0
3379 0
3379 0.160325333507038
3379 28.3919163700434
3379 28.3919163700434
3379 0
3379 0.77906543442073
3379 0
3379 0
3379 1.0345236079077
3379 18.8755115600355
3379 18.8755115600355
3424 418.104831492066
3424 418.104831492066
3424 418.104831492066
3424 16.2976506140842
3424 46.407466436374
3424 46.407466436374
3424 0.208960843373494
3424 0.208960843373494
3424 0.120625281164897
3424 0
3424 0
3424 0.160325333507038
3424 28.3919163700434
3424 28.3919163700434
3424 0
3424 0.77906543442073
3424 0
3424 0
3424 1.0345236079077
3424 18.8755115600355
3424 18.8755115600355
3467 418.104831492066
3467 418.104831492066
3467 418.104831492066
3467 16.2976506140842
3467 46.407466436374
3467 46.407466436374
3467 0.208960843373494
3467 0.208960843373494
3467 0.120625281164897
3467 0
3467 0
3467 0.160325333507038
3467 28.3919163700434
3467 28.3919163700434
3467 0
3467 0.77906543442073
3467 0
3467 0
3467 1.0345236079077
3467 18.8755115600355
3467 18.8755115600355
3504 418.104831492066
3504 418.104831492066
3504 418.104831492066
3504 16.2976506140842
3504 46.407466436374
3504 46.407466436374
3504 0.208960843373494
3504 0.208960843373494
3504 0.120625281164897
3504 0
3504 0
3504 0.160325333507038
3504 28.3919163700434
3504 28.3919163700434
3504 0
3504 0.77906543442073
3504 0
3504 0
3504 1.0345236079077
3504 18.8755115600355
3504 18.8755115600355
2857 418.104831492066
2857 418.104831492066
2857 418.104831492066
2857 16.2976506140842
2857 46.407466436374
2857 46.407466436374
2857 0.208960843373494
2857 0.208960843373494
2857 0.120625281164897
2857 0
2857 0
2857 0.160325333507038
2857 28.3919163700434
2857 28.3919163700434
2857 0
2857 0.77906543442073
2857 0
2857 0
2857 1.0345236079077
2857 18.8755115600355
2857 18.8755115600355
2923 418.104831492066
2923 418.104831492066
2923 418.104831492066
2923 16.2976506140842
2923 46.407466436374
2923 46.407466436374
2923 0.208960843373494
2923 0.208960843373494
2923 0.120625281164897
2923 0
2923 0
2923 0.160325333507038
2923 28.3919163700434
2923 28.3919163700434
2923 0
2923 0.77906543442073
2923 0
2923 0
2923 1.0345236079077
2923 18.8755115600355
2923 18.8755115600355
3329 418.104831492066
3329 418.104831492066
3329 418.104831492066
3329 16.2976506140842
3329 46.407466436374
3329 46.407466436374
3329 0.208960843373494
3329 0.208960843373494
3329 0.120625281164897
3329 0
3329 0
3329 0.160325333507038
3329 28.3919163700434
3329 28.3919163700434
3329 0
3329 0.77906543442073
3329 0
3329 0
3329 1.0345236079077
3329 18.8755115600355
3329 18.8755115600355
3380 418.104831492066
3380 418.104831492066
3380 418.104831492066
3380 16.2976506140842
3380 46.407466436374
3380 46.407466436374
3380 0.208960843373494
3380 0.208960843373494
3380 0.120625281164897
3380 0
3380 0
3380 0.160325333507038
3380 28.3919163700434
3380 28.3919163700434
3380 0
3380 0.77906543442073
3380 0
3380 0
3380 1.0345236079077
3380 18.8755115600355
3380 18.8755115600355
2786 418.104831492066
2786 418.104831492066
2786 418.104831492066
2786 16.2976506140842
2786 46.407466436374
2786 46.407466436374
2786 0.208960843373494
2786 0.208960843373494
2786 0.120625281164897
2786 0
2786 0
2786 0.160325333507038
2786 28.3919163700434
2786 28.3919163700434
2786 0
2786 0.77906543442073
2786 0
2786 0
2786 1.0345236079077
2786 18.8755115600355
2786 18.8755115600355
2858 418.104831492066
2858 418.104831492066
2858 418.104831492066
2858 16.2976506140842
2858 46.407466436374
2858 46.407466436374
2858 0.208960843373494
2858 0.208960843373494
2858 0.120625281164897
2858 0
2858 0
2858 0.160325333507038
2858 28.3919163700434
2858 28.3919163700434
2858 0
2858 0.77906543442073
2858 0
2858 0
2858 1.0345236079077
2858 18.8755115600355
2858 18.8755115600355
2924 418.104831492066
2924 418.104831492066
2924 418.104831492066
2924 16.2976506140842
2924 46.407466436374
2924 46.407466436374
2924 0.208960843373494
2924 0.208960843373494
2924 0.120625281164897
2924 0
2924 0
2924 0.160325333507038
2924 28.3919163700434
2924 28.3919163700434
2924 0
2924 0.77906543442073
2924 0
2924 0
2924 1.0345236079077
2924 18.8755115600355
2924 18.8755115600355
3105 418.104831492066
3105 418.104831492066
3105 418.104831492066
3105 16.2976506140842
3105 46.407466436374
3105 46.407466436374
3105 0.208960843373494
3105 0.208960843373494
3105 0.120625281164897
3105 0
3105 0
3105 0.160325333507038
3105 28.3919163700434
3105 28.3919163700434
3105 0
3105 0.77906543442073
3105 0
3105 0
3105 1.0345236079077
3105 18.8755115600355
3105 18.8755115600355
2716 418.104831492066
2716 418.104831492066
2716 418.104831492066
2716 16.2976506140842
2716 46.407466436374
2716 46.407466436374
2716 0.208960843373494
2716 0.208960843373494
2716 0.120625281164897
2716 0
2716 0
2716 0.160325333507038
2716 28.3919163700434
2716 28.3919163700434
2716 0
2716 0.77906543442073
2716 0
2716 0
2716 1.0345236079077
2716 18.8755115600355
2716 18.8755115600355
2787 418.104831492066
2787 418.104831492066
2787 418.104831492066
2787 16.2976506140842
2787 46.407466436374
2787 46.407466436374
2787 0.208960843373494
2787 0.208960843373494
2787 0.120625281164897
2787 0
2787 0
2787 0.160325333507038
2787 28.3919163700434
2787 28.3919163700434
2787 0
2787 0.77906543442073
2787 0
2787 0
2787 1.0345236079077
2787 18.8755115600355
2787 18.8755115600355
