pt_graph shape
27273 1
27273 1
27273 1
27273 1
27273 1
27273 1
27273 1
27273 1
27273 1
27273 1
27273 1
27273 1
27273 1
27273 1
27273 1
27273 1
27273 1
27273 1
27273 1
27273 1
27273 1
4840 1
4840 1
4840 1
4840 1
4840 1
4840 1
4840 1
4840 1
4840 1
4840 1
4840 1
4840 1
4840 1
4840 1
4840 1
4840 1
4840 1
4840 1
4840 1
4840 1
4840 1
2669 1
2669 1
2669 1
2669 1
2669 1
2669 1
2669 1
2669 1
2669 1
2669 1
2669 1
2669 1
2669 1
2669 1
2669 1
2669 1
2669 1
2669 1
2669 1
2669 1
2669 1
4804 1
4804 1
4804 1
4804 1
4804 1
4804 1
4804 1
4804 1
4804 1
4804 1
4804 1
4804 1
4804 1
4804 1
4804 1
4804 1
4804 1
4804 1
4804 1
4804 1
4804 1
4841 1
4841 1
4841 1
4841 1
4841 1
4841 1
4841 1
4841 1
4841 1
4841 1
4841 1
4841 1
4841 1
4841 1
4841 1
4841 1
4841 1
4841 1
4841 1
4841 1
4841 1
4884 1
4884 1
4884 1
4884 1
4884 1
4884 1
4884 1
4884 1
4884 1
4884 1
4884 1
4884 1
4884 1
4884 1
4884 1
4884 1
4884 1
4884 1
4884 1
4884 1
4884 1
2069 1
2069 1
2069 1
2069 1
2069 1
2069 1
2069 1
2069 1
2069 1
2069 1
2069 1
2069 1
2069 1
2069 1
2069 1
2069 1
2069 1
2069 1
2069 1
2069 1
2069 1
2166 1
2166 1
2166 1
2166 1
2166 1
2166 1
2166 1
2166 1
2166 1
2166 1
2166 1
2166 1
2166 1
2166 1
2166 1
2166 1
2166 1
2166 1
2166 1
2166 1
2166 1
2257 1
2257 1
2257 1
2257 1
2257 1
2257 1
2257 1
2257 1
2257 1
2257 1
2257 1
2257 1
2257 1
2257 1
2257 1
2257 1
2257 1
2257 1
2257 1
2257 1
2257 1
2348 1
2348 1
2348 1
2348 1
2348 1
2348 1
2348 1
2348 1
2348 1
2348 1
2348 1
2348 1
2348 1
2348 1
2348 1
2348 1
2348 1
2348 1
2348 1
2348 1
2348 1
2438 1
2438 1
2438 1
2438 1
2438 1
2438 1
2438 1
2438 1
2438 1
2438 1
2438 1
2438 1
2438 1
2438 1
2438 1
2438 1
2438 1
2438 1
2438 1
2438 1
2438 1
4768 1
4768 1
4768 1
4768 1
4768 1
4768 1
4768 1
4768 1
4768 1
4768 1
4768 1
4768 1
4768 1
4768 1
4768 1
4768 1
4768 1
4768 1
4768 1
4768 1
4768 1
4805 1
4805 1
4805 1
4805 1
4805 1
4805 1
4805 1
4805 1
4805 1
4805 1
4805 1
4805 1
4805 1
4805 1
4805 1
4805 1
4805 1
4805 1
4805 1
4805 1
4805 1
4842 1
4842 1
4842 1
4842 1
4842 1
4842 1
4842 1
4842 1
4842 1
4842 1
4842 1
4842 1
4842 1
4842 1
4842 1
4842 1
4842 1
4842 1
4842 1
4842 1
4842 1
4885 1
4885 1
4885 1
4885 1
4885 1
4885 1
4885 1
4885 1
4885 1
4885 1
4885 1
4885 1
4885 1
4885 1
4885 1
4885 1
4885 1
4885 1
4885 1
4885 1
4885 1
4929 1
4929 1
4929 1
4929 1
4929 1
4929 1
4929 1
4929 1
4929 1
4929 1
4929 1
4929 1
4929 1
4929 1
4929 1
4929 1
4929 1
4929 1
4929 1
4929 1
4929 1
2167 1
2167 1
2167 1
2167 1
2167 1
2167 1
2167 1
2167 1
2167 1
2167 1
2167 1
2167 1
2167 1
2167 1
2167 1
2167 1
2167 1
2167 1
2167 1
2167 1
2167 1
2258 1
2258 1
2258 1
2258 1
2258 1
2258 1
2258 1
2258 1
2258 1
2258 1
2258 1
2258 1
2258 1
2258 1
2258 1
2258 1
2258 1
2258 1
2258 1
2258 1
2258 1
2349 1
2349 1
2349 1
2349 1
2349 1
2349 1
2349 1
2349 1
2349 1
2349 1
2349 1
2349 1
2349 1
2349 1
2349 1
2349 1
2349 1
2349 1
2349 1
2349 1
2349 1
2439 1
2439 1
2439 1
2439 1
2439 1
2439 1
2439 1
2439 1
2439 1
2439 1
2439 1
2439 1
2439 1
2439 1
2439 1
2439 1
2439 1
2439 1
2439 1
2439 1
2439 1
2521 1
2521 1
2521 1
2521 1
2521 1
2521 1
2521 1
2521 1
2521 1
2521 1
2521 1
2521 1
2521 1
2521 1
2521 1
2521 1
2521 1
2521 1
2521 1
2521 1
2521 1
2599 1
2599 1
2599 1
2599 1
2599 1
2599 1
2599 1
2599 1
2599 1
2599 1
2599 1
2599 1
2599 1
2599 1
2599 1
2599 1
2599 1
2599 1
2599 1
2599 1
2599 1
4707 1
4707 1
4707 1
4707 1
4707 1
4707 1
4707 1
4707 1
4707 1
4707 1
4707 1
4707 1
4707 1
4707 1
4707 1
4707 1
4707 1
4707 1
4707 1
4707 1
4707 1
4806 1
4806 1
4806 1
4806 1
4806 1
4806 1
4806 1
4806 1
4806 1
4806 1
4806 1
4806 1
4806 1
4806 1
4806 1
4806 1
4806 1
4806 1
4806 1
4806 1
4806 1
4843 1
4843 1
4843 1
4843 1
4843 1
4843 1
4843 1
4843 1
4843 1
4843 1
4843 1
4843 1
4843 1
4843 1
4843 1
4843 1
4843 1
4843 1
4843 1
4843 1
4843 1
4886 1
4886 1
4886 1
4886 1
4886 1
4886 1
4886 1
4886 1
4886 1
4886 1
4886 1
4886 1
4886 1
4886 1
4886 1
4886 1
4886 1
4886 1
4886 1
4886 1
4886 1
4930 1
4930 1
4930 1
4930 1
4930 1
4930 1
4930 1
4930 1
4930 1
4930 1
4930 1
4930 1
4930 1
4930 1
4930 1
4930 1
4930 1
4930 1
4930 1
4930 1
4930 1
2440 1
2440 1
2440 1
2440 1
2440 1
2440 1
2440 1
2440 1
2440 1
2440 1
2440 1
2440 1
2440 1
2440 1
2440 1
2440 1
2440 1
2440 1
2440 1
2440 1
2440 1
2522 1
2522 1
2522 1
2522 1
2522 1
2522 1
2522 1
2522 1
2522 1
2522 1
2522 1
2522 1
2522 1
2522 1
2522 1
2522 1
2522 1
2522 1
2522 1
2522 1
2522 1
2600 1
2600 1
2600 1
2600 1
2600 1
2600 1
2600 1
2600 1
2600 1
2600 1
2600 1
2600 1
2600 1
2600 1
2600 1
2600 1
2600 1
2600 1
2600 1
2600 1
2600 1
2672 1
2672 1
2672 1
2672 1
2672 1
2672 1
2672 1
2672 1
2672 1
2672 1
2672 1
2672 1
2672 1
2672 1
2672 1
2672 1
2672 1
2672 1
2672 1
2672 1
2672 1
2742 1
2742 1
2742 1
2742 1
2742 1
2742 1
2742 1
2742 1
2742 1
2742 1
2742 1
2742 1
2742 1
2742 1
2742 1
2742 1
2742 1
2742 1
2742 1
2742 1
2742 1
2816 1
2816 1
2816 1
2816 1
2816 1
2816 1
2816 1
2816 1
2816 1
2816 1
2816 1
2816 1
2816 1
2816 1
2816 1
2816 1
2816 1
2816 1
2816 1
2816 1
2816 1
2882 1
2882 1
2882 1
2882 1
2882 1
2882 1
2882 1
2882 1
2882 1
2882 1
2882 1
2882 1
2882 1
2882 1
2882 1
2882 1
2882 1
2882 1
2882 1
2882 1
2882 1
2946 1
2946 1
2946 1
2946 1
2946 1
2946 1
2946 1
2946 1
2946 1
2946 1
2946 1
2946 1
2946 1
2946 1
2946 1
2946 1
2946 1
2946 1
2946 1
2946 1
2946 1
4844 1
4844 1
4844 1
4844 1
4844 1
4844 1
4844 1
4844 1
4844 1
4844 1
4844 1
4844 1
4844 1
4844 1
4844 1
4844 1
4844 1
4844 1
4844 1
4844 1
4844 1
2601 1
2601 1
2601 1
2601 1
2601 1
2601 1
2601 1
2601 1
2601 1
2601 1
2601 1
2601 1
2601 1
2601 1
2601 1
2601 1
2601 1
2601 1
2601 1
2601 1
2601 1
2673 1
2673 1
2673 1
2673 1
2673 1
2673 1
2673 1
2673 1
2673 1
2673 1
2673 1
2673 1
2673 1
2673 1
2673 1
2673 1
2673 1
2673 1
2673 1
2673 1
2673 1
2743 1
2743 1
2743 1
2743 1
2743 1
2743 1
2743 1
2743 1
2743 1
2743 1
2743 1
2743 1
2743 1
2743 1
2743 1
2743 1
2743 1
2743 1
2743 1
2743 1
2743 1
2817 1
2817 1
2817 1
2817 1
2817 1
2817 1
2817 1
2817 1
2817 1
2817 1
2817 1
2817 1
2817 1
2817 1
2817 1
2817 1
2817 1
2817 1
2817 1
2817 1
2817 1
2883 1
2883 1
2883 1
2883 1
2883 1
2883 1
2883 1
2883 1
2883 1
2883 1
2883 1
2883 1
2883 1
2883 1
2883 1
2883 1
2883 1
2883 1
2883 1
2883 1
2883 1
2947 1
2947 1
2947 1
2947 1
2947 1
2947 1
2947 1
2947 1
2947 1
2947 1
2947 1
2947 1
2947 1
2947 1
2947 1
2947 1
2947 1
2947 1
2947 1
2947 1
2947 1
3006 1
3006 1
3006 1
3006 1
3006 1
3006 1
3006 1
3006 1
3006 1
3006 1
3006 1
3006 1
3006 1
3006 1
3006 1
3006 1
3006 1
3006 1
3006 1
3006 1
3006 1
3065 1
3065 1
3065 1
3065 1
3065 1
3065 1
3065 1
3065 1
3065 1
3065 1
3065 1
3065 1
3065 1
3065 1
3065 1
3065 1
3065 1
3065 1
3065 1
3065 1
3065 1
3121 1
3121 1
3121 1
3121 1
3121 1
3121 1
3121 1
3121 1
3121 1
3121 1
3121 1
3121 1
3121 1
3121 1
3121 1
3121 1
3121 1
3121 1
3121 1
3121 1
3121 1
3175 1
3175 1
3175 1
3175 1
3175 1
3175 1
3175 1
3175 1
3175 1
3175 1
3175 1
3175 1
3175 1
3175 1
3175 1
3175 1
3175 1
3175 1
3175 1
3175 1
3175 1
3231 1
3231 1
3231 1
3231 1
3231 1
3231 1
3231 1
3231 1
3231 1
3231 1
3231 1
3231 1
3231 1
3231 1
3231 1
3231 1
3231 1
3231 1
3231 1
3231 1
3231 1
3473 1
3473 1
3473 1
3473 1
3473 1
3473 1
3473 1
3473 1
3473 1
3473 1
3473 1
3473 1
3473 1
3473 1
3473 1
3473 1
3473 1
3473 1
3473 1
3473 1
3473 1
4808 1
4808 1
4808 1
4808 1
4808 1
4808 1
4808 1
4808 1
4808 1
4808 1
4808 1
4808 1
4808 1
4808 1
4808 1
4808 1
4808 1
4808 1
4808 1
4808 1
4808 1
2674 1
2674 1
2674 1
2674 1
2674 1
2674 1
2674 1
2674 1
2674 1
2674 1
2674 1
2674 1
2674 1
2674 1
2674 1
2674 1
2674 1
2674 1
2674 1
2674 1
2674 1
2744 1
2744 1
2744 1
2744 1
2744 1
2744 1
2744 1
2744 1
2744 1
2744 1
2744 1
2744 1
2744 1
2744 1
2744 1
2744 1
2744 1
2744 1
2744 1
2744 1
2744 1
2884 1
2884 1
2884 1
2884 1
2884 1
2884 1
2884 1
2884 1
2884 1
2884 1
2884 1
2884 1
2884 1
2884 1
2884 1
2884 1
2884 1
2884 1
2884 1
2884 1
2884 1
3007 1
3007 1
3007 1
3007 1
3007 1
3007 1
3007 1
3007 1
3007 1
3007 1
3007 1
3007 1
3007 1
3007 1
3007 1
3007 1
3007 1
3007 1
3007 1
3007 1
3007 1
3232 1
3232 1
3232 1
3232 1
3232 1
3232 1
3232 1
3232 1
3232 1
3232 1
3232 1
3232 1
3232 1
3232 1
3232 1
3232 1
3232 1
3232 1
3232 1
3232 1
3232 1
4710 1
4710 1
4710 1
4710 1
4710 1
4710 1
4710 1
4710 1
4710 1
4710 1
4710 1
4710 1
4710 1
4710 1
4710 1
4710 1
4710 1
4710 1
4710 1
4710 1
4710 1
2675 1
2675 1
2675 1
2675 1
2675 1
2675 1
2675 1
2675 1
2675 1
2675 1
2675 1
2675 1
2675 1
2675 1
2675 1
2675 1
2675 1
2675 1
2675 1
2675 1
2675 1
2745 1
2745 1
2745 1
2745 1
2745 1
2745 1
2745 1
2745 1
2745 1
2745 1
2745 1
2745 1
2745 1
2745 1
2745 1
2745 1
2745 1
2745 1
2745 1
2745 1
2745 1
2819 1
2819 1
2819 1
2819 1
2819 1
2819 1
2819 1
2819 1
2819 1
2819 1
2819 1
2819 1
2819 1
2819 1
2819 1
2819 1
2819 1
2819 1
2819 1
2819 1
2819 1
2885 1
2885 1
2885 1
2885 1
2885 1
2885 1
2885 1
2885 1
2885 1
2885 1
2885 1
2885 1
2885 1
2885 1
2885 1
2885 1
2885 1
2885 1
2885 1
2885 1
2885 1
3177 1
3177 1
3177 1
3177 1
3177 1
3177 1
3177 1
3177 1
3177 1
3177 1
3177 1
3177 1
3177 1
3177 1
3177 1
3177 1
3177 1
3177 1
3177 1
3177 1
3177 1
3346 1
3346 1
3346 1
3346 1
3346 1
3346 1
3346 1
3346 1
3346 1
3346 1
3346 1
3346 1
3346 1
3346 1
3346 1
3346 1
3346 1
3346 1
3346 1
3346 1
3346 1
1794 1
1794 1
1794 1
1794 1
1794 1
1794 1
1794 1
1794 1
1794 1
1794 1
1794 1
1794 1
1794 1
1794 1
1794 1
1794 1
1794 1
1794 1
1794 1
1794 1
1794 1
2746 1
2746 1
2746 1
2746 1
2746 1
2746 1
2746 1
2746 1
2746 1
2746 1
2746 1
2746 1
2746 1
2746 1
2746 1
2746 1
2746 1
2746 1
2746 1
2746 1
2746 1
4015 1
4015 1
4015 1
4015 1
4015 1
4015 1
4015 1
4015 1
4015 1
4015 1
4015 1
4015 1
4015 1
4015 1
4015 1
4015 1
4015 1
4015 1
4015 1
4015 1
4015 1
4774 1
4774 1
4774 1
4774 1
4774 1
4774 1
4774 1
4774 1
4774 1
4774 1
4774 1
4774 1
4774 1
4774 1
4774 1
4774 1
4774 1
4774 1
4774 1
4774 1
4774 1
1291 1
1291 1
1291 1
1291 1
1291 1
1291 1
1291 1
1291 1
1291 1
1291 1
1291 1
1291 1
1291 1
1291 1
1291 1
1291 1
1291 1
1291 1
1291 1
1291 1
1291 1
1459 1
1459 1
1459 1
1459 1
1459 1
1459 1
1459 1
1459 1
1459 1
1459 1
1459 1
1459 1
1459 1
1459 1
1459 1
1459 1
1459 1
1459 1
1459 1
1459 1
1459 1
1545 1
1545 1
1545 1
1545 1
1545 1
1545 1
1545 1
1545 1
1545 1
1545 1
1545 1
1545 1
1545 1
1545 1
1545 1
1545 1
1545 1
1545 1
1545 1
1545 1
1545 1
1624 1
1624 1
1624 1
1624 1
1624 1
1624 1
1624 1
1624 1
1624 1
1624 1
1624 1
1624 1
1624 1
1624 1
1624 1
1624 1
1624 1
1624 1
1624 1
1624 1
1624 1
4506 1
4506 1
4506 1
4506 1
4506 1
4506 1
4506 1
4506 1
4506 1
4506 1
4506 1
4506 1
4506 1
4506 1
4506 1
4506 1
4506 1
4506 1
4506 1
4506 1
4506 1
3070 1
3070 1
3070 1
3070 1
3070 1
3070 1
3070 1
3070 1
3070 1
3070 1
3070 1
3070 1
3070 1
3070 1
3070 1
3070 1
3070 1
3070 1
3070 1
3070 1
3070 1
770 1
770 1
770 1
770 1
770 1
770 1
770 1
770 1
770 1
770 1
770 1
770 1
770 1
770 1
770 1
770 1
770 1
770 1
770 1
770 1
770 1
1547 1
1547 1
1547 1
1547 1
1547 1
1547 1
1547 1
1547 1
1547 1
1547 1
1547 1
1547 1
1547 1
1547 1
1547 1
1547 1
1547 1
1547 1
1547 1
1547 1
1547 1
2679 1
2679 1
2679 1
2679 1
2679 1
2679 1
2679 1
2679 1
2679 1
2679 1
2679 1
2679 1
2679 1
2679 1
2679 1
2679 1
2679 1
2679 1
2679 1
2679 1
2679 1
3713 1
3713 1
3713 1
3713 1
3713 1
3713 1
3713 1
3713 1
3713 1
3713 1
3713 1
3713 1
3713 1
3713 1
3713 1
3713 1
3713 1
3713 1
3713 1
3713 1
3713 1
27888 1
27888 1
27888 1
27888 1
27888 1
27888 1
27888 1
27888 1
27888 1
27888 1
27888 1
27888 1
27888 1
27888 1
27888 1
27888 1
27888 1
27888 1
27888 1
27888 1
27888 1
819 1
819 1
819 1
819 1
819 1
819 1
819 1
819 1
819 1
819 1
819 1
819 1
819 1
819 1
819 1
819 1
819 1
819 1
819 1
819 1
819 1
868 1
868 1
868 1
868 1
868 1
868 1
868 1
868 1
868 1
868 1
868 1
868 1
868 1
868 1
868 1
868 1
868 1
868 1
868 1
868 1
868 1
915 1
915 1
915 1
915 1
915 1
915 1
915 1
915 1
915 1
915 1
915 1
915 1
915 1
915 1
915 1
915 1
915 1
915 1
915 1
915 1
915 1
1462 1
1462 1
1462 1
1462 1
1462 1
1462 1
1462 1
1462 1
1462 1
1462 1
1462 1
1462 1
1462 1
1462 1
1462 1
1462 1
1462 1
1462 1
1462 1
1462 1
1462 1
1548 1
1548 1
1548 1
1548 1
1548 1
1548 1
1548 1
1548 1
1548 1
1548 1
1548 1
1548 1
1548 1
1548 1
1548 1
1548 1
1548 1
1548 1
1548 1
1548 1
1548 1
1627 1
1627 1
1627 1
1627 1
1627 1
1627 1
1627 1
1627 1
1627 1
1627 1
1627 1
1627 1
1627 1
1627 1
1627 1
1627 1
1627 1
1627 1
1627 1
1627 1
1627 1
4372 1
4372 1
4372 1
4372 1
4372 1
4372 1
4372 1
4372 1
4372 1
4372 1
4372 1
4372 1
4372 1
4372 1
4372 1
4372 1
4372 1
4372 1
4372 1
4372 1
4372 1
4483 1
4483 1
4483 1
4483 1
4483 1
4483 1
4483 1
4483 1
4483 1
4483 1
4483 1
4483 1
4483 1
4483 1
4483 1
4483 1
4483 1
4483 1
4483 1
4483 1
4483 1
820 1
820 1
820 1
820 1
820 1
820 1
820 1
820 1
820 1
820 1
820 1
820 1
820 1
820 1
820 1
820 1
820 1
820 1
820 1
820 1
820 1
869 1
869 1
869 1
869 1
869 1
869 1
869 1
869 1
869 1
869 1
869 1
869 1
869 1
869 1
869 1
869 1
869 1
869 1
869 1
869 1
869 1
1081 1
1081 1
1081 1
1081 1
1081 1
1081 1
1081 1
1081 1
1081 1
1081 1
1081 1
1081 1
1081 1
1081 1
1081 1
1081 1
1081 1
1081 1
1081 1
1081 1
1081 1
1218 1
1218 1
1218 1
1218 1
1218 1
1218 1
1218 1
1218 1
1218 1
1218 1
1218 1
1218 1
1218 1
1218 1
1218 1
1218 1
1218 1
1218 1
1218 1
1218 1
1218 1
1549 1
1549 1
1549 1
1549 1
1549 1
1549 1
1549 1
1549 1
1549 1
1549 1
1549 1
1549 1
1549 1
1549 1
1549 1
1549 1
1549 1
1549 1
1549 1
1549 1
1549 1
1628 1
1628 1
1628 1
1628 1
1628 1
1628 1
1628 1
1628 1
1628 1
1628 1
1628 1
1628 1
1628 1
1628 1
1628 1
1628 1
1628 1
1628 1
1628 1
1628 1
1628 1
1890 1
1890 1
1890 1
1890 1
1890 1
1890 1
1890 1
1890 1
1890 1
1890 1
1890 1
1890 1
1890 1
1890 1
1890 1
1890 1
1890 1
1890 1
1890 1
1890 1
1890 1
2355 1
2355 1
2355 1
2355 1
2355 1
2355 1
2355 1
2355 1
2355 1
2355 1
2355 1
2355 1
2355 1
2355 1
2355 1
2355 1
2355 1
2355 1
2355 1
2355 1
2355 1
4093 1
4093 1
4093 1
4093 1
4093 1
4093 1
4093 1
4093 1
4093 1
4093 1
4093 1
4093 1
4093 1
4093 1
4093 1
4093 1
4093 1
4093 1
4093 1
4093 1
4093 1
4187 1
4187 1
4187 1
4187 1
4187 1
4187 1
4187 1
4187 1
4187 1
4187 1
4187 1
4187 1
4187 1
4187 1
4187 1
4187 1
4187 1
4187 1
4187 1
4187 1
4187 1
4230 1
4230 1
4230 1
4230 1
4230 1
4230 1
4230 1
4230 1
4230 1
4230 1
4230 1
4230 1
4230 1
4230 1
4230 1
4230 1
4230 1
4230 1
4230 1
4230 1
4230 1
4460 1
4460 1
4460 1
4460 1
4460 1
4460 1
4460 1
4460 1
4460 1
4460 1
4460 1
4460 1
4460 1
4460 1
4460 1
4460 1
4460 1
4460 1
4460 1
4460 1
4460 1
917 1
917 1
917 1
917 1
917 1
917 1
917 1
917 1
917 1
917 1
917 1
917 1
917 1
917 1
917 1
917 1
917 1
917 1
917 1
917 1
917 1
967 1
967 1
967 1
967 1
967 1
967 1
967 1
967 1
967 1
967 1
967 1
967 1
967 1
967 1
967 1
967 1
967 1
967 1
967 1
967 1
967 1
1024 1
1024 1
1024 1
1024 1
1024 1
1024 1
1024 1
1024 1
1024 1
1024 1
1024 1
1024 1
1024 1
1024 1
1024 1
1024 1
1024 1
1024 1
1024 1
1024 1
1024 1
1082 1
1082 1
1082 1
1082 1
1082 1
1082 1
1082 1
1082 1
1082 1
1082 1
1082 1
1082 1
1082 1
1082 1
1082 1
1082 1
1082 1
1082 1
1082 1
1082 1
1082 1
1150 1
1150 1
1150 1
1150 1
1150 1
1150 1
1150 1
1150 1
1150 1
1150 1
1150 1
1150 1
1150 1
1150 1
1150 1
1150 1
1150 1
1150 1
1150 1
1150 1
1150 1
1219 1
1219 1
1219 1
1219 1
1219 1
1219 1
1219 1
1219 1
1219 1
1219 1
1219 1
1219 1
1219 1
1219 1
1219 1
1219 1
1219 1
1219 1
1219 1
1219 1
1219 1
1296 1
1296 1
1296 1
1296 1
1296 1
1296 1
1296 1
1296 1
1296 1
1296 1
1296 1
1296 1
1296 1
1296 1
1296 1
1296 1
1296 1
1296 1
1296 1
1296 1
1296 1
1378 1
1378 1
1378 1
1378 1
1378 1
1378 1
1378 1
1378 1
1378 1
1378 1
1378 1
1378 1
1378 1
1378 1
1378 1
1378 1
1378 1
1378 1
1378 1
1378 1
1378 1
1629 1
1629 1
1629 1
1629 1
1629 1
1629 1
1629 1
1629 1
1629 1
1629 1
1629 1
1629 1
1629 1
1629 1
1629 1
1629 1
1629 1
1629 1
1629 1
1629 1
1629 1
2173 1
2173 1
2173 1
2173 1
2173 1
2173 1
2173 1
2173 1
2173 1
2173 1
2173 1
2173 1
2173 1
2173 1
2173 1
2173 1
2173 1
2173 1
2173 1
2173 1
2173 1
4511 1
4511 1
4511 1
4511 1
4511 1
4511 1
4511 1
4511 1
4511 1
4511 1
4511 1
4511 1
4511 1
4511 1
4511 1
4511 1
4511 1
4511 1
4511 1
4511 1
4511 1
4854 1
4854 1
4854 1
4854 1
4854 1
4854 1
4854 1
4854 1
4854 1
4854 1
4854 1
4854 1
4854 1
4854 1
4854 1
4854 1
4854 1
4854 1
4854 1
4854 1
4854 1
4986 1
4986 1
4986 1
4986 1
4986 1
4986 1
4986 1
4986 1
4986 1
4986 1
4986 1
4986 1
4986 1
4986 1
4986 1
4986 1
4986 1
4986 1
4986 1
4986 1
4986 1
822 1
822 1
822 1
822 1
822 1
822 1
822 1
822 1
822 1
822 1
822 1
822 1
822 1
822 1
822 1
822 1
822 1
822 1
822 1
822 1
822 1
871 1
871 1
871 1
871 1
871 1
871 1
871 1
871 1
871 1
871 1
871 1
871 1
871 1
871 1
871 1
871 1
871 1
871 1
871 1
871 1
871 1
918 1
918 1
918 1
918 1
918 1
918 1
918 1
918 1
918 1
918 1
918 1
918 1
918 1
918 1
918 1
918 1
918 1
918 1
918 1
918 1
918 1
4375 1
4375 1
4375 1
4375 1
4375 1
4375 1
4375 1
4375 1
4375 1
4375 1
4375 1
4375 1
4375 1
4375 1
4375 1
4375 1
4375 1
4375 1
4375 1
4375 1
4375 1
4395 1
4395 1
4395 1
4395 1
4395 1
4395 1
4395 1
4395 1
4395 1
4395 1
4395 1
4395 1
4395 1
4395 1
4395 1
4395 1
4395 1
4395 1
4395 1
4395 1
4395 1
4438 1
4438 1
4438 1
4438 1
4438 1
4438 1
4438 1
4438 1
4438 1
4438 1
4438 1
4438 1
4438 1
4438 1
4438 1
4438 1
4438 1
4438 1
4438 1
4438 1
4438 1
728 1
728 1
728 1
728 1
728 1
728 1
728 1
728 1
728 1
728 1
728 1
728 1
728 1
728 1
728 1
728 1
728 1
728 1
728 1
728 1
728 1
775 1
775 1
775 1
775 1
775 1
775 1
775 1
775 1
775 1
775 1
775 1
775 1
775 1
775 1
775 1
775 1
775 1
775 1
775 1
775 1
775 1
823 1
823 1
823 1
823 1
823 1
823 1
823 1
823 1
823 1
823 1
823 1
823 1
823 1
823 1
823 1
823 1
823 1
823 1
823 1
823 1
823 1
872 1
872 1
872 1
872 1
872 1
872 1
872 1
872 1
872 1
872 1
872 1
872 1
872 1
872 1
872 1
872 1
872 1
872 1
872 1
872 1
872 1
919 1
919 1
919 1
919 1
919 1
919 1
919 1
919 1
919 1
919 1
919 1
919 1
919 1
919 1
919 1
919 1
919 1
919 1
919 1
919 1
919 1
1026 1
1026 1
1026 1
1026 1
1026 1
1026 1
1026 1
1026 1
1026 1
1026 1
1026 1
1026 1
1026 1
1026 1
1026 1
1026 1
1026 1
1026 1
1026 1
1026 1
1026 1
1152 1
1152 1
1152 1
1152 1
1152 1
1152 1
1152 1
1152 1
1152 1
1152 1
1152 1
1152 1
1152 1
1152 1
1152 1
1152 1
1152 1
1152 1
1152 1
1152 1
1152 1
1221 1
1221 1
1221 1
1221 1
1221 1
1221 1
1221 1
1221 1
1221 1
1221 1
1221 1
1221 1
1221 1
1221 1
1221 1
1221 1
1221 1
1221 1
1221 1
1221 1
1221 1
4304 1
4304 1
4304 1
4304 1
4304 1
4304 1
4304 1
4304 1
4304 1
4304 1
4304 1
4304 1
4304 1
4304 1
4304 1
4304 1
4304 1
4304 1
4304 1
4304 1
4304 1
4354 1
4354 1
4354 1
4354 1
4354 1
4354 1
4354 1
4354 1
4354 1
4354 1
4354 1
4354 1
4354 1
4354 1
4354 1
4354 1
4354 1
4354 1
4354 1
4354 1
4354 1
4569 1
4569 1
4569 1
4569 1
4569 1
4569 1
4569 1
4569 1
4569 1
4569 1
4569 1
4569 1
4569 1
4569 1
4569 1
4569 1
4569 1
4569 1
4569 1
4569 1
4569 1
4598 1
4598 1
4598 1
4598 1
4598 1
4598 1
4598 1
4598 1
4598 1
4598 1
4598 1
4598 1
4598 1
4598 1
4598 1
4598 1
4598 1
4598 1
4598 1
4598 1
4598 1
4630 1
4630 1
4630 1
4630 1
4630 1
4630 1
4630 1
4630 1
4630 1
4630 1
4630 1
4630 1
4630 1
4630 1
4630 1
4630 1
4630 1
4630 1
4630 1
4630 1
4630 1
920 1
920 1
920 1
920 1
920 1
920 1
920 1
920 1
920 1
920 1
920 1
920 1
920 1
920 1
920 1
920 1
920 1
920 1
920 1
920 1
920 1
970 1
970 1
970 1
970 1
970 1
970 1
970 1
970 1
970 1
970 1
970 1
970 1
970 1
970 1
970 1
970 1
970 1
970 1
970 1
970 1
970 1
1027 1
1027 1
1027 1
1027 1
1027 1
1027 1
1027 1
1027 1
1027 1
1027 1
1027 1
1027 1
1027 1
1027 1
1027 1
1027 1
1027 1
1027 1
1027 1
1027 1
1027 1
1085 1
1085 1
1085 1
1085 1
1085 1
1085 1
1085 1
1085 1
1085 1
1085 1
1085 1
1085 1
1085 1
1085 1
1085 1
1085 1
1085 1
1085 1
1085 1
1085 1
1085 1
4464 1
4464 1
4464 1
4464 1
4464 1
4464 1
4464 1
4464 1
4464 1
4464 1
4464 1
4464 1
4464 1
4464 1
4464 1
4464 1
4464 1
4464 1
4464 1
4464 1
4464 1
4488 1
4488 1
4488 1
4488 1
4488 1
4488 1
4488 1
4488 1
4488 1
4488 1
4488 1
4488 1
4488 1
4488 1
4488 1
4488 1
4488 1
4488 1
4488 1
4488 1
4488 1
4514 1
4514 1
4514 1
4514 1
4514 1
4514 1
4514 1
4514 1
4514 1
4514 1
4514 1
4514 1
4514 1
4514 1
4514 1
4514 1
4514 1
4514 1
4514 1
4514 1
4514 1
4541 1
4541 1
4541 1
4541 1
4541 1
4541 1
4541 1
4541 1
4541 1
4541 1
4541 1
4541 1
4541 1
4541 1
4541 1
4541 1
4541 1
4541 1
4541 1
4541 1
4541 1
4570 1
4570 1
4570 1
4570 1
4570 1
4570 1
4570 1
4570 1
4570 1
4570 1
4570 1
4570 1
4570 1
4570 1
4570 1
4570 1
4570 1
4570 1
4570 1
4570 1
4570 1
4631 1
4631 1
4631 1
4631 1
4631 1
4631 1
4631 1
4631 1
4631 1
4631 1
4631 1
4631 1
4631 1
4631 1
4631 1
4631 1
4631 1
4631 1
4631 1
4631 1
4631 1
27343 1
27343 1
27343 1
27343 1
27343 1
27343 1
27343 1
27343 1
27343 1
27343 1
27343 1
27343 1
27343 1
27343 1
27343 1
27343 1
27343 1
27343 1
27343 1
27343 1
27343 1
874 1
874 1
874 1
874 1
874 1
874 1
874 1
874 1
874 1
874 1
874 1
874 1
874 1
874 1
874 1
874 1
874 1
874 1
874 1
874 1
874 1
921 1
921 1
921 1
921 1
921 1
921 1
921 1
921 1
921 1
921 1
921 1
921 1
921 1
921 1
921 1
921 1
921 1
921 1
921 1
921 1
921 1
3641 1
3641 1
3641 1
3641 1
3641 1
3641 1
3641 1
3641 1
3641 1
3641 1
3641 1
3641 1
3641 1
3641 1
3641 1
3641 1
3641 1
3641 1
3641 1
3641 1
3641 1
3793 1
3793 1
3793 1
3793 1
3793 1
3793 1
3793 1
3793 1
3793 1
3793 1
3793 1
3793 1
3793 1
3793 1
3793 1
3793 1
3793 1
3793 1
3793 1
3793 1
3793 1
3984 1
3984 1
3984 1
3984 1
3984 1
3984 1
3984 1
3984 1
3984 1
3984 1
3984 1
3984 1
3984 1
3984 1
3984 1
3984 1
3984 1
3984 1
3984 1
3984 1
3984 1
4378 1
4378 1
4378 1
4378 1
4378 1
4378 1
4378 1
4378 1
4378 1
4378 1
4378 1
4378 1
4378 1
4378 1
4378 1
4378 1
4378 1
4378 1
4378 1
4378 1
4378 1
4441 1
4441 1
4441 1
4441 1
4441 1
4441 1
4441 1
4441 1
4441 1
4441 1
4441 1
4441 1
4441 1
4441 1
4441 1
4441 1
4441 1
4441 1
4441 1
4441 1
4441 1
4465 1
4465 1
4465 1
4465 1
4465 1
4465 1
4465 1
4465 1
4465 1
4465 1
4465 1
4465 1
4465 1
4465 1
4465 1
4465 1
4465 1
4465 1
4465 1
4465 1
4465 1
4515 1
4515 1
4515 1
4515 1
4515 1
4515 1
4515 1
4515 1
4515 1
4515 1
4515 1
4515 1
4515 1
4515 1
4515 1
4515 1
4515 1
4515 1
4515 1
4515 1
4515 1
4571 1
4571 1
4571 1
4571 1
4571 1
4571 1
4571 1
4571 1
4571 1
4571 1
4571 1
4571 1
4571 1
4571 1
4571 1
4571 1
4571 1
4571 1
4571 1
4571 1
4571 1
4600 1
4600 1
4600 1
4600 1
4600 1
4600 1
4600 1
4600 1
4600 1
4600 1
4600 1
4600 1
4600 1
4600 1
4600 1
4600 1
4600 1
4600 1
4600 1
4600 1
4600 1
4632 1
4632 1
4632 1
4632 1
4632 1
4632 1
4632 1
4632 1
4632 1
4632 1
4632 1
4632 1
4632 1
4632 1
4632 1
4632 1
4632 1
4632 1
4632 1
4632 1
4632 1
4662 1
4662 1
4662 1
4662 1
4662 1
4662 1
4662 1
4662 1
4662 1
4662 1
4662 1
4662 1
4662 1
4662 1
4662 1
4662 1
4662 1
4662 1
4662 1
4662 1
4662 1
4692 1
4692 1
4692 1
4692 1
4692 1
4692 1
4692 1
4692 1
4692 1
4692 1
4692 1
4692 1
4692 1
4692 1
4692 1
4692 1
4692 1
4692 1
4692 1
4692 1
4692 1
826 1
826 1
826 1
826 1
826 1
826 1
826 1
826 1
826 1
826 1
826 1
826 1
826 1
826 1
826 1
826 1
826 1
826 1
826 1
826 1
826 1
875 1
875 1
875 1
875 1
875 1
875 1
875 1
875 1
875 1
875 1
875 1
875 1
875 1
875 1
875 1
875 1
875 1
875 1
875 1
875 1
875 1
1154 1
1154 1
1154 1
1154 1
1154 1
1154 1
1154 1
1154 1
1154 1
1154 1
1154 1
1154 1
1154 1
1154 1
1154 1
1154 1
1154 1
1154 1
1154 1
1154 1
1154 1
3017 1
3017 1
3017 1
3017 1
3017 1
3017 1
3017 1
3017 1
3017 1
3017 1
3017 1
3017 1
3017 1
3017 1
3017 1
3017 1
3017 1
3017 1
3017 1
3017 1
3017 1
4258 1
4258 1
4258 1
4258 1
4258 1
4258 1
4258 1
4258 1
4258 1
4258 1
4258 1
4258 1
4258 1
4258 1
4258 1
4258 1
4258 1
4258 1
4258 1
4258 1
4258 1
4276 1
4276 1
4276 1
4276 1
4276 1
4276 1
4276 1
4276 1
4276 1
4276 1
4276 1
4276 1
4276 1
4276 1
4276 1
4276 1
4276 1
4276 1
4276 1
4276 1
4276 1
4379 1
4379 1
4379 1
4379 1
4379 1
4379 1
4379 1
4379 1
4379 1
4379 1
4379 1
4379 1
4379 1
4379 1
4379 1
4379 1
4379 1
4379 1
4379 1
4379 1
4379 1
4572 1
4572 1
4572 1
4572 1
4572 1
4572 1
4572 1
4572 1
4572 1
4572 1
4572 1
4572 1
4572 1
4572 1
4572 1
4572 1
4572 1
4572 1
4572 1
4572 1
4572 1
4601 1
4601 1
4601 1
4601 1
4601 1
4601 1
4601 1
4601 1
4601 1
4601 1
4601 1
4601 1
4601 1
4601 1
4601 1
4601 1
4601 1
4601 1
4601 1
4601 1
4601 1
4633 1
4633 1
4633 1
4633 1
4633 1
4633 1
4633 1
4633 1
4633 1
4633 1
4633 1
4633 1
4633 1
4633 1
4633 1
4633 1
4633 1
4633 1
4633 1
4633 1
4633 1
4663 1
4663 1
4663 1
4663 1
4663 1
4663 1
4663 1
4663 1
4663 1
4663 1
4663 1
4663 1
4663 1
4663 1
4663 1
4663 1
4663 1
4663 1
4663 1
4663 1
4663 1
827 1
827 1
827 1
827 1
827 1
827 1
827 1
827 1
827 1
827 1
827 1
827 1
827 1
827 1
827 1
827 1
827 1
827 1
827 1
827 1
827 1
3240 1
3240 1
3240 1
3240 1
3240 1
3240 1
3240 1
3240 1
3240 1
3240 1
3240 1
3240 1
3240 1
3240 1
3240 1
3240 1
3240 1
3240 1
3240 1
3240 1
3240 1
4293 1
4293 1
4293 1
4293 1
4293 1
4293 1
4293 1
4293 1
4293 1
4293 1
4293 1
4293 1
4293 1
4293 1
4293 1
4293 1
4293 1
4293 1
4293 1
4293 1
4293 1
4308 1
4308 1
4308 1
4308 1
4308 1
4308 1
4308 1
4308 1
4308 1
4308 1
4308 1
4308 1
4308 1
4308 1
4308 1
4308 1
4308 1
4308 1
4308 1
4308 1
4308 1
4380 1
4380 1
4380 1
4380 1
4380 1
4380 1
4380 1
4380 1
4380 1
4380 1
4380 1
4380 1
4380 1
4380 1
4380 1
4380 1
4380 1
4380 1
4380 1
4380 1
4380 1
4602 1
4602 1
4602 1
4602 1
4602 1
4602 1
4602 1
4602 1
4602 1
4602 1
4602 1
4602 1
4602 1
4602 1
4602 1
4602 1
4602 1
4602 1
4602 1
4602 1
4602 1
4664 1
4664 1
4664 1
4664 1
4664 1
4664 1
4664 1
4664 1
4664 1
4664 1
4664 1
4664 1
4664 1
4664 1
4664 1
4664 1
4664 1
4664 1
4664 1
4664 1
4664 1
4694 1
4694 1
4694 1
4694 1
4694 1
4694 1
4694 1
4694 1
4694 1
4694 1
4694 1
4694 1
4694 1
4694 1
4694 1
4694 1
4694 1
4694 1
4694 1
4694 1
4694 1
317 1
317 1
317 1
317 1
317 1
317 1
317 1
317 1
317 1
317 1
317 1
317 1
317 1
317 1
317 1
317 1
317 1
317 1
317 1
317 1
317 1
4545 1
4545 1
4545 1
4545 1
4545 1
4545 1
4545 1
4545 1
4545 1
4545 1
4545 1
4545 1
4545 1
4545 1
4545 1
4545 1
4545 1
4545 1
4545 1
4545 1
4545 1
4635 1
4635 1
4635 1
4635 1
4635 1
4635 1
4635 1
4635 1
4635 1
4635 1
4635 1
4635 1
4635 1
4635 1
4635 1
4635 1
4635 1
4635 1
4635 1
4635 1
4635 1
4665 1
4665 1
4665 1
4665 1
4665 1
4665 1
4665 1
4665 1
4665 1
4665 1
4665 1
4665 1
4665 1
4665 1
4665 1
4665 1
4665 1
4665 1
4665 1
4665 1
4665 1
4695 1
4695 1
4695 1
4695 1
4695 1
4695 1
4695 1
4695 1
4695 1
4695 1
4695 1
4695 1
4695 1
4695 1
4695 1
4695 1
4695 1
4695 1
4695 1
4695 1
4695 1
4756 1
4756 1
4756 1
4756 1
4756 1
4756 1
4756 1
4756 1
4756 1
4756 1
4756 1
4756 1
4756 1
4756 1
4756 1
4756 1
4756 1
4756 1
4756 1
4756 1
4756 1
4787 1
4787 1
4787 1
4787 1
4787 1
4787 1
4787 1
4787 1
4787 1
4787 1
4787 1
4787 1
4787 1
4787 1
4787 1
4787 1
4787 1
4787 1
4787 1
4787 1
4787 1
355 1
355 1
355 1
355 1
355 1
355 1
355 1
355 1
355 1
355 1
355 1
355 1
355 1
355 1
355 1
355 1
355 1
355 1
355 1
355 1
355 1
396 1
396 1
396 1
396 1
396 1
396 1
396 1
396 1
396 1
396 1
396 1
396 1
396 1
396 1
396 1
396 1
396 1
396 1
396 1
396 1
396 1
2180 1
2180 1
2180 1
2180 1
2180 1
2180 1
2180 1
2180 1
2180 1
2180 1
2180 1
2180 1
2180 1
2180 1
2180 1
2180 1
2180 1
2180 1
2180 1
2180 1
2180 1
4519 1
4519 1
4519 1
4519 1
4519 1
4519 1
4519 1
4519 1
4519 1
4519 1
4519 1
4519 1
4519 1
4519 1
4519 1
4519 1
4519 1
4519 1
4519 1
4519 1
4519 1
4666 1
4666 1
4666 1
4666 1
4666 1
4666 1
4666 1
4666 1
4666 1
4666 1
4666 1
4666 1
4666 1
4666 1
4666 1
4666 1
4666 1
4666 1
4666 1
4666 1
4666 1
4726 1
4726 1
4726 1
4726 1
4726 1
4726 1
4726 1
4726 1
4726 1
4726 1
4726 1
4726 1
4726 1
4726 1
4726 1
4726 1
4726 1
4726 1
4726 1
4726 1
4726 1
4757 1
4757 1
4757 1
4757 1
4757 1
4757 1
4757 1
4757 1
4757 1
4757 1
4757 1
4757 1
4757 1
4757 1
4757 1
4757 1
4757 1
4757 1
4757 1
4757 1
4757 1
4788 1
4788 1
4788 1
4788 1
4788 1
4788 1
4788 1
4788 1
4788 1
4788 1
4788 1
4788 1
4788 1
4788 1
4788 1
4788 1
4788 1
4788 1
4788 1
4788 1
4788 1
4825 1
4825 1
4825 1
4825 1
4825 1
4825 1
4825 1
4825 1
4825 1
4825 1
4825 1
4825 1
4825 1
4825 1
4825 1
4825 1
4825 1
4825 1
4825 1
4825 1
4825 1
4170 1
4170 1
4170 1
4170 1
4170 1
4170 1
4170 1
4170 1
4170 1
4170 1
4170 1
4170 1
4170 1
4170 1
4170 1
4170 1
4170 1
4170 1
4170 1
4170 1
4170 1
4424 1
4424 1
4424 1
4424 1
4424 1
4424 1
4424 1
4424 1
4424 1
4424 1
4424 1
4424 1
4424 1
4424 1
4424 1
4424 1
4424 1
4424 1
4424 1
4424 1
4424 1
4789 1
4789 1
4789 1
4789 1
4789 1
4789 1
4789 1
4789 1
4789 1
4789 1
4789 1
4789 1
4789 1
4789 1
4789 1
4789 1
4789 1
4789 1
4789 1
4789 1
4789 1
4826 1
4826 1
4826 1
4826 1
4826 1
4826 1
4826 1
4826 1
4826 1
4826 1
4826 1
4826 1
4826 1
4826 1
4826 1
4826 1
4826 1
4826 1
4826 1
4826 1
4826 1
4863 1
4863 1
4863 1
4863 1
4863 1
4863 1
4863 1
4863 1
4863 1
4863 1
4863 1
4863 1
4863 1
4863 1
4863 1
4863 1
4863 1
4863 1
4863 1
4863 1
4863 1
4263 1
4263 1
4263 1
4263 1
4263 1
4263 1
4263 1
4263 1
4263 1
4263 1
4263 1
4263 1
4263 1
4263 1
4263 1
4263 1
4263 1
4263 1
4263 1
4263 1
4263 1
4495 1
4495 1
4495 1
4495 1
4495 1
4495 1
4495 1
4495 1
4495 1
4495 1
4495 1
4495 1
4495 1
4495 1
4495 1
4495 1
4495 1
4495 1
4495 1
4495 1
4495 1
4668 1
4668 1
4668 1
4668 1
4668 1
4668 1
4668 1
4668 1
4668 1
4668 1
4668 1
4668 1
4668 1
4668 1
4668 1
4668 1
4668 1
4668 1
4668 1
4668 1
4668 1
4698 1
4698 1
4698 1
4698 1
4698 1
4698 1
4698 1
4698 1
4698 1
4698 1
4698 1
4698 1
4698 1
4698 1
4698 1
4698 1
4698 1
4698 1
4698 1
4698 1
4698 1
4728 1
4728 1
4728 1
4728 1
4728 1
4728 1
4728 1
4728 1
4728 1
4728 1
4728 1
4728 1
4728 1
4728 1
4728 1
4728 1
4728 1
4728 1
4728 1
4728 1
4728 1
4759 1
4759 1
4759 1
4759 1
4759 1
4759 1
4759 1
4759 1
4759 1
4759 1
4759 1
4759 1
4759 1
4759 1
4759 1
4759 1
4759 1
4759 1
4759 1
4759 1
4759 1
4790 1
4790 1
4790 1
4790 1
4790 1
4790 1
4790 1
4790 1
4790 1
4790 1
4790 1
4790 1
4790 1
4790 1
4790 1
4790 1
4790 1
4790 1
4790 1
4790 1
4790 1
4827 1
4827 1
4827 1
4827 1
4827 1
4827 1
4827 1
4827 1
4827 1
4827 1
4827 1
4827 1
4827 1
4827 1
4827 1
4827 1
4827 1
4827 1
4827 1
4827 1
4827 1
2272 1
2272 1
2272 1
2272 1
2272 1
2272 1
2272 1
2272 1
2272 1
2272 1
2272 1
2272 1
2272 1
2272 1
2272 1
2272 1
2272 1
2272 1
2272 1
2272 1
2272 1
4549 1
4549 1
4549 1
4549 1
4549 1
4549 1
4549 1
4549 1
4549 1
4549 1
4549 1
4549 1
4549 1
4549 1
4549 1
4549 1
4549 1
4549 1
4549 1
4549 1
4549 1
4639 1
4639 1
4639 1
4639 1
4639 1
4639 1
4639 1
4639 1
4639 1
4639 1
4639 1
4639 1
4639 1
4639 1
4639 1
4639 1
4639 1
4639 1
4639 1
4639 1
4639 1
4669 1
4669 1
4669 1
4669 1
4669 1
4669 1
4669 1
4669 1
4669 1
4669 1
4669 1
4669 1
4669 1
4669 1
4669 1
4669 1
4669 1
4669 1
4669 1
4669 1
4669 1
4699 1
4699 1
4699 1
4699 1
4699 1
4699 1
4699 1
4699 1
4699 1
4699 1
4699 1
4699 1
4699 1
4699 1
4699 1
4699 1
4699 1
4699 1
4699 1
4699 1
4699 1
4729 1
4729 1
4729 1
4729 1
4729 1
4729 1
4729 1
4729 1
4729 1
4729 1
4729 1
4729 1
4729 1
4729 1
4729 1
4729 1
4729 1
4729 1
4729 1
4729 1
4729 1
4760 1
4760 1
4760 1
4760 1
4760 1
4760 1
4760 1
4760 1
4760 1
4760 1
4760 1
4760 1
4760 1
4760 1
4760 1
4760 1
4760 1
4760 1
4760 1
4760 1
4760 1
4791 1
4791 1
4791 1
4791 1
4791 1
4791 1
4791 1
4791 1
4791 1
4791 1
4791 1
4791 1
4791 1
4791 1
4791 1
4791 1
4791 1
4791 1
4791 1
4791 1
4791 1
2184 1
2184 1
2184 1
2184 1
2184 1
2184 1
2184 1
2184 1
2184 1
2184 1
2184 1
2184 1
2184 1
2184 1
2184 1
2184 1
2184 1
2184 1
2184 1
2184 1
2184 1
2273 1
2273 1
2273 1
2273 1
2273 1
2273 1
2273 1
2273 1
2273 1
2273 1
2273 1
2273 1
2273 1
2273 1
2273 1
2273 1
2273 1
2273 1
2273 1
2273 1
2273 1
4299 1
4299 1
4299 1
4299 1
4299 1
4299 1
4299 1
4299 1
4299 1
4299 1
4299 1
4299 1
4299 1
4299 1
4299 1
4299 1
4299 1
4299 1
4299 1
4299 1
4299 1
4579 1
4579 1
4579 1
4579 1
4579 1
4579 1
4579 1
4579 1
4579 1
4579 1
4579 1
4579 1
4579 1
4579 1
4579 1
4579 1
4579 1
4579 1
4579 1
4579 1
4579 1
4608 1
4608 1
4608 1
4608 1
4608 1
4608 1
4608 1
4608 1
4608 1
4608 1
4608 1
4608 1
4608 1
4608 1
4608 1
4608 1
4608 1
4608 1
4608 1
4608 1
4608 1
4866 1
4866 1
4866 1
4866 1
4866 1
4866 1
4866 1
4866 1
4866 1
4866 1
4866 1
4866 1
4866 1
4866 1
4866 1
4866 1
4866 1
4866 1
4866 1
4866 1
4866 1
441 1
441 1
441 1
441 1
441 1
441 1
441 1
441 1
441 1
441 1
441 1
441 1
441 1
441 1
441 1
441 1
441 1
441 1
441 1
441 1
441 1
1903 1
1903 1
1903 1
1903 1
1903 1
1903 1
1903 1
1903 1
1903 1
1903 1
1903 1
1903 1
1903 1
1903 1
1903 1
1903 1
1903 1
1903 1
1903 1
1903 1
1903 1
1996 1
1996 1
1996 1
1996 1
1996 1
1996 1
1996 1
1996 1
1996 1
1996 1
1996 1
1996 1
1996 1
1996 1
1996 1
1996 1
1996 1
1996 1
1996 1
1996 1
1996 1
2090 1
2090 1
2090 1
2090 1
2090 1
2090 1
2090 1
2090 1
2090 1
2090 1
2090 1
2090 1
2090 1
2090 1
2090 1
2090 1
2090 1
2090 1
2090 1
2090 1
2090 1
2186 1
2186 1
2186 1
2186 1
2186 1
2186 1
2186 1
2186 1
2186 1
2186 1
2186 1
2186 1
2186 1
2186 1
2186 1
2186 1
2186 1
2186 1
2186 1
2186 1
2186 1
1997 1
1997 1
1997 1
1997 1
1997 1
1997 1
1997 1
1997 1
1997 1
1997 1
1997 1
1997 1
1997 1
1997 1
1997 1
1997 1
1997 1
1997 1
1997 1
1997 1
1997 1
2091 1
2091 1
2091 1
2091 1
2091 1
2091 1
2091 1
2091 1
2091 1
2091 1
2091 1
2091 1
2091 1
2091 1
2091 1
2091 1
2091 1
2091 1
2091 1
2091 1
2091 1
4036 1
4036 1
4036 1
4036 1
4036 1
4036 1
4036 1
4036 1
4036 1
4036 1
4036 1
4036 1
4036 1
4036 1
4036 1
4036 1
4036 1
4036 1
4036 1
4036 1
4036 1
1905 1
1905 1
1905 1
1905 1
1905 1
1905 1
1905 1
1905 1
1905 1
1905 1
1905 1
1905 1
1905 1
1905 1
1905 1
1905 1
1905 1
1905 1
1905 1
1905 1
1905 1
4038 1
4038 1
4038 1
4038 1
4038 1
4038 1
4038 1
4038 1
4038 1
4038 1
4038 1
4038 1
4038 1
4038 1
4038 1
4038 1
4038 1
4038 1
4038 1
4038 1
4038 1
27587 1
27587 1
27587 1
27587 1
27587 1
27587 1
27587 1
27587 1
27587 1
27587 1
27587 1
27587 1
27587 1
27587 1
27587 1
27587 1
27587 1
27587 1
27587 1
27587 1
27587 1
975 1
975 1
975 1
975 1
975 1
975 1
975 1
975 1
975 1
975 1
975 1
975 1
975 1
975 1
975 1
975 1
975 1
975 1
975 1
975 1
975 1
3999 1
3999 1
3999 1
3999 1
3999 1
3999 1
3999 1
3999 1
3999 1
3999 1
3999 1
3999 1
3999 1
3999 1
3999 1
3999 1
3999 1
3999 1
3999 1
3999 1
3999 1
4205 1
4205 1
4205 1
4205 1
4205 1
4205 1
4205 1
4205 1
4205 1
4205 1
4205 1
4205 1
4205 1
4205 1
4205 1
4205 1
4205 1
4205 1
4205 1
4205 1
4205 1
3243 1
3243 1
3243 1
3243 1
3243 1
3243 1
3243 1
3243 1
3243 1
3243 1
3243 1
3243 1
3243 1
3243 1
3243 1
3243 1
3243 1
3243 1
3243 1
3243 1
3243 1
3448 1
3448 1
3448 1
3448 1
3448 1
3448 1
3448 1
3448 1
3448 1
3448 1
3448 1
3448 1
3448 1
3448 1
3448 1
3448 1
3448 1
3448 1
3448 1
3448 1
3448 1
1041 1
1041 1
1041 1
1041 1
1041 1
1041 1
1041 1
1041 1
1041 1
1041 1
1041 1
1041 1
1041 1
1041 1
1041 1
1041 1
1041 1
1041 1
1041 1
1041 1
1041 1
2106 1
2106 1
2106 1
2106 1
2106 1
2106 1
2106 1
2106 1
2106 1
2106 1
2106 1
2106 1
2106 1
2106 1
2106 1
2106 1
2106 1
2106 1
2106 1
2106 1
2106 1
2201 1
2201 1
2201 1
2201 1
2201 1
2201 1
2201 1
2201 1
2201 1
2201 1
2201 1
2201 1
2201 1
2201 1
2201 1
2201 1
2201 1
2201 1
2201 1
2201 1
2201 1
1829 1
1829 1
1829 1
1829 1
1829 1
1829 1
1829 1
1829 1
1829 1
1829 1
1829 1
1829 1
1829 1
1829 1
1829 1
1829 1
1829 1
1829 1
1829 1
1829 1
1829 1
1920 1
1920 1
1920 1
1920 1
1920 1
1920 1
1920 1
1920 1
1920 1
1920 1
1920 1
1920 1
1920 1
1920 1
1920 1
1920 1
1920 1
1920 1
1920 1
1920 1
1920 1
2202 1
2202 1
2202 1
2202 1
2202 1
2202 1
2202 1
2202 1
2202 1
2202 1
2202 1
2202 1
2202 1
2202 1
2202 1
2202 1
2202 1
2202 1
2202 1
2202 1
2202 1
2290 1
2290 1
2290 1
2290 1
2290 1
2290 1
2290 1
2290 1
2290 1
2290 1
2290 1
2290 1
2290 1
2290 1
2290 1
2290 1
2290 1
2290 1
2290 1
2290 1
2290 1
2547 1
2547 1
2547 1
2547 1
2547 1
2547 1
2547 1
2547 1
2547 1
2547 1
2547 1
2547 1
2547 1
2547 1
2547 1
2547 1
2547 1
2547 1
2547 1
2547 1
2547 1
3028 1
3028 1
3028 1
3028 1
3028 1
3028 1
3028 1
3028 1
3028 1
3028 1
3028 1
3028 1
3028 1
3028 1
3028 1
3028 1
3028 1
3028 1
3028 1
3028 1
3028 1
3807 1
3807 1
3807 1
3807 1
3807 1
3807 1
3807 1
3807 1
3807 1
3807 1
3807 1
3807 1
3807 1
3807 1
3807 1
3807 1
3807 1
3807 1
3807 1
3807 1
3807 1
1830 1
1830 1
1830 1
1830 1
1830 1
1830 1
1830 1
1830 1
1830 1
1830 1
1830 1
1830 1
1830 1
1830 1
1830 1
1830 1
1830 1
1830 1
1830 1
1830 1
1830 1
3488 1
3488 1
3488 1
3488 1
3488 1
3488 1
3488 1
3488 1
3488 1
3488 1
3488 1
3488 1
3488 1
3488 1
3488 1
3488 1
3488 1
3488 1
3488 1
3488 1
3488 1
3526 1
3526 1
3526 1
3526 1
3526 1
3526 1
3526 1
3526 1
3526 1
3526 1
3526 1
3526 1
3526 1
3526 1
3526 1
3526 1
3526 1
3526 1
3526 1
3526 1
3526 1
3967 1
3967 1
3967 1
3967 1
3967 1
3967 1
3967 1
3967 1
3967 1
3967 1
3967 1
3967 1
3967 1
3967 1
3967 1
3967 1
3967 1
3967 1
3967 1
3967 1
3967 1
3364 1
3364 1
3364 1
3364 1
3364 1
3364 1
3364 1
3364 1
3364 1
3364 1
3364 1
3364 1
3364 1
3364 1
3364 1
3364 1
3364 1
3364 1
3364 1
3364 1
3364 1
3409 1
3409 1
3409 1
3409 1
3409 1
3409 1
3409 1
3409 1
3409 1
3409 1
3409 1
3409 1
3409 1
3409 1
3409 1
3409 1
3409 1
3409 1
3409 1
3409 1
3409 1
3452 1
3452 1
3452 1
3452 1
3452 1
3452 1
3452 1
3452 1
3452 1
3452 1
3452 1
3452 1
3452 1
3452 1
3452 1
3452 1
3452 1
3452 1
3452 1
3452 1
3452 1
3654 1
3654 1
3654 1
3654 1
3654 1
3654 1
3654 1
3654 1
3654 1
3654 1
3654 1
3654 1
3654 1
3654 1
3654 1
3654 1
3654 1
3654 1
3654 1
3654 1
3654 1
3314 1
3314 1
3314 1
3314 1
3314 1
3314 1
3314 1
3314 1
3314 1
3314 1
3314 1
3314 1
3314 1
3314 1
3314 1
3314 1
3314 1
3314 1
3314 1
3314 1
3314 1
3365 1
3365 1
3365 1
3365 1
3365 1
3365 1
3365 1
3365 1
3365 1
3365 1
3365 1
3365 1
3365 1
3365 1
3365 1
3365 1
3365 1
3365 1
3365 1
3365 1
3365 1
3410 1
3410 1
3410 1
3410 1
3410 1
3410 1
3410 1
3410 1
3410 1
3410 1
3410 1
3410 1
3410 1
3410 1
3410 1
3410 1
3410 1
3410 1
3410 1
3410 1
3410 1
2909 1
2909 1
2909 1
2909 1
2909 1
2909 1
2909 1
2909 1
2909 1
2909 1
2909 1
2909 1
2909 1
2909 1
2909 1
2909 1
2909 1
2909 1
2909 1
2909 1
2909 1
2972 1
2972 1
2972 1
2972 1
2972 1
2972 1
2972 1
2972 1
2972 1
2972 1
2972 1
2972 1
2972 1
2972 1
2972 1
2972 1
2972 1
2972 1
2972 1
2972 1
2972 1
3091 1
3091 1
3091 1
3091 1
3091 1
3091 1
3091 1
3091 1
3091 1
3091 1
3091 1
3091 1
3091 1
3091 1
3091 1
3091 1
3091 1
3091 1
3091 1
3091 1
3091 1
3411 1
3411 1
3411 1
3411 1
3411 1
3411 1
3411 1
3411 1
3411 1
3411 1
3411 1
3411 1
3411 1
3411 1
3411 1
3411 1
3411 1
3411 1
3411 1
3411 1
3411 1
3529 1
3529 1
3529 1
3529 1
3529 1
3529 1
3529 1
3529 1
3529 1
3529 1
3529 1
3529 1
3529 1
3529 1
3529 1
3529 1
3529 1
3529 1
3529 1
3529 1
3529 1
2910 1
2910 1
2910 1
2910 1
2910 1
2910 1
2910 1
2910 1
2910 1
2910 1
2910 1
2910 1
2910 1
2910 1
2910 1
2910 1
2910 1
2910 1
2910 1
2910 1
2910 1
2973 1
2973 1
2973 1
2973 1
2973 1
2973 1
2973 1
2973 1
2973 1
2973 1
2973 1
2973 1
2973 1
2973 1
2973 1
2973 1
2973 1
2973 1
2973 1
2973 1
2973 1
3092 1
3092 1
3092 1
3092 1
3092 1
3092 1
3092 1
3092 1
3092 1
3092 1
3092 1
3092 1
3092 1
3092 1
3092 1
3092 1
3092 1
3092 1
3092 1
3092 1
3092 1
3146 1
3146 1
3146 1
3146 1
3146 1
3146 1
3146 1
3146 1
3146 1
3146 1
3146 1
3146 1
3146 1
3146 1
3146 1
3146 1
3146 1
3146 1
3146 1
3146 1
3146 1
3202 1
3202 1
3202 1
3202 1
3202 1
3202 1
3202 1
3202 1
3202 1
3202 1
3202 1
3202 1
3202 1
3202 1
3202 1
3202 1
3202 1
3202 1
3202 1
3202 1
3202 1
3316 1
3316 1
3316 1
3316 1
3316 1
3316 1
3316 1
3316 1
3316 1
3316 1
3316 1
3316 1
3316 1
3316 1
3316 1
3316 1
3316 1
3316 1
3316 1
3316 1
3316 1
3929 1
3929 1
3929 1
3929 1
3929 1
3929 1
3929 1
3929 1
3929 1
3929 1
3929 1
3929 1
3929 1
3929 1
3929 1
3929 1
3929 1
3929 1
3929 1
3929 1
3929 1
2974 1
2974 1
2974 1
2974 1
2974 1
2974 1
2974 1
2974 1
2974 1
2974 1
2974 1
2974 1
2974 1
2974 1
2974 1
2974 1
2974 1
2974 1
2974 1
2974 1
2974 1
3034 1
3034 1
3034 1
3034 1
3034 1
3034 1
3034 1
3034 1
3034 1
3034 1
3034 1
3034 1
3034 1
3034 1
3034 1
3034 1
3034 1
3034 1
3034 1
3034 1
3034 1
3093 1
3093 1
3093 1
3093 1
3093 1
3093 1
3093 1
3093 1
3093 1
3093 1
3093 1
3093 1
3093 1
3093 1
3093 1
3093 1
3093 1
3093 1
3093 1
3093 1
3093 1
3147 1
3147 1
3147 1
3147 1
3147 1
3147 1
3147 1
3147 1
3147 1
3147 1
3147 1
3147 1
3147 1
3147 1
3147 1
3147 1
3147 1
3147 1
3147 1
3147 1
3147 1
3203 1
3203 1
3203 1
3203 1
3203 1
3203 1
3203 1
3203 1
3203 1
3203 1
3203 1
3203 1
3203 1
3203 1
3203 1
3203 1
3203 1
3203 1
3203 1
3203 1
3203 1
3257 1
3257 1
3257 1
3257 1
3257 1
3257 1
3257 1
3257 1
3257 1
3257 1
3257 1
3257 1
3257 1
3257 1
3257 1
3257 1
3257 1
3257 1
3257 1
3257 1
3257 1
3317 1
3317 1
3317 1
3317 1
3317 1
3317 1
3317 1
3317 1
3317 1
3317 1
3317 1
3317 1
3317 1
3317 1
3317 1
3317 1
3317 1
3317 1
3317 1
3317 1
3317 1
3658 1
3658 1
3658 1
3658 1
3658 1
3658 1
3658 1
3658 1
3658 1
3658 1
3658 1
3658 1
3658 1
3658 1
3658 1
3658 1
3658 1
3658 1
3658 1
3658 1
3658 1
3813 1
3813 1
3813 1
3813 1
3813 1
3813 1
3813 1
3813 1
3813 1
3813 1
3813 1
3813 1
3813 1
3813 1
3813 1
3813 1
3813 1
3813 1
3813 1
3813 1
3813 1
3035 1
3035 1
3035 1
3035 1
3035 1
3035 1
3035 1
3035 1
3035 1
3035 1
3035 1
3035 1
3035 1
3035 1
3035 1
3035 1
3035 1
3035 1
3035 1
3035 1
3035 1
3094 1
3094 1
3094 1
3094 1
3094 1
3094 1
3094 1
3094 1
3094 1
3094 1
3094 1
3094 1
3094 1
3094 1
3094 1
3094 1
3094 1
3094 1
3094 1
3094 1
3094 1
3148 1
3148 1
3148 1
3148 1
3148 1
3148 1
3148 1
3148 1
3148 1
3148 1
3148 1
3148 1
3148 1
3148 1
3148 1
3148 1
3148 1
3148 1
3148 1
3148 1
3148 1
3258 1
3258 1
3258 1
3258 1
3258 1
3258 1
3258 1
3258 1
3258 1
3258 1
3258 1
3258 1
3258 1
3258 1
3258 1
3258 1
3258 1
3258 1
3258 1
3258 1
3258 1
3318 1
3318 1
3318 1
3318 1
3318 1
3318 1
3318 1
3318 1
3318 1
3318 1
3318 1
3318 1
3318 1
3318 1
3318 1
3318 1
3318 1
3318 1
3318 1
3318 1
3318 1
3616 1
3616 1
3616 1
3616 1
3616 1
3616 1
3616 1
3616 1
3616 1
3616 1
3616 1
3616 1
3616 1
3616 1
3616 1
3616 1
3616 1
3616 1
3616 1
3616 1
3616 1
3659 1
3659 1
3659 1
3659 1
3659 1
3659 1
3659 1
3659 1
3659 1
3659 1
3659 1
3659 1
3659 1
3659 1
3659 1
3659 1
3659 1
3659 1
3659 1
3659 1
3659 1
3699 1
3699 1
3699 1
3699 1
3699 1
3699 1
3699 1
3699 1
3699 1
3699 1
3699 1
3699 1
3699 1
3699 1
3699 1
3699 1
3699 1
3699 1
3699 1
3699 1
3699 1
3739 1
3739 1
3739 1
3739 1
3739 1
3739 1
3739 1
3739 1
3739 1
3739 1
3739 1
3739 1
3739 1
3739 1
3739 1
3739 1
3739 1
3739 1
3739 1
3739 1
3739 1
3777 1
3777 1
3777 1
3777 1
3777 1
3777 1
3777 1
3777 1
3777 1
3777 1
3777 1
3777 1
3777 1
3777 1
3777 1
3777 1
3777 1
3777 1
3777 1
3777 1
3777 1
3814 1
3814 1
3814 1
3814 1
3814 1
3814 1
3814 1
3814 1
3814 1
3814 1
3814 1
3814 1
3814 1
3814 1
3814 1
3814 1
3814 1
3814 1
3814 1
3814 1
3814 1
3852 1
3852 1
3852 1
3852 1
3852 1
3852 1
3852 1
3852 1
3852 1
3852 1
3852 1
3852 1
3852 1
3852 1
3852 1
3852 1
3852 1
3852 1
3852 1
3852 1
3852 1
1483 1
1483 1
1483 1
1483 1
1483 1
1483 1
1483 1
1483 1
1483 1
1483 1
1483 1
1483 1
1483 1
1483 1
1483 1
1483 1
1483 1
1483 1
1483 1
1483 1
1483 1
3149 1
3149 1
3149 1
3149 1
3149 1
3149 1
3149 1
3149 1
3149 1
3149 1
3149 1
3149 1
3149 1
3149 1
3149 1
3149 1
3149 1
3149 1
3149 1
3149 1
3149 1
3259 1
3259 1
3259 1
3259 1
3259 1
3259 1
3259 1
3259 1
3259 1
3259 1
3259 1
3259 1
3259 1
3259 1
3259 1
3259 1
3259 1
3259 1
3259 1
3259 1
3259 1
3319 1
3319 1
3319 1
3319 1
3319 1
3319 1
3319 1
3319 1
3319 1
3319 1
3319 1
3319 1
3319 1
3319 1
3319 1
3319 1
3319 1
3319 1
3319 1
3319 1
3319 1
3617 1
3617 1
3617 1
3617 1
3617 1
3617 1
3617 1
3617 1
3617 1
3617 1
3617 1
3617 1
3617 1
3617 1
3617 1
3617 1
3617 1
3617 1
3617 1
3617 1
3617 1
3660 1
3660 1
3660 1
3660 1
3660 1
3660 1
3660 1
3660 1
3660 1
3660 1
3660 1
3660 1
3660 1
3660 1
3660 1
3660 1
3660 1
3660 1
3660 1
3660 1
3660 1
3700 1
3700 1
3700 1
3700 1
3700 1
3700 1
3700 1
3700 1
3700 1
3700 1
3700 1
3700 1
3700 1
3700 1
3700 1
3700 1
3700 1
3700 1
3700 1
3700 1
3700 1
3740 1
3740 1
3740 1
3740 1
3740 1
3740 1
3740 1
3740 1
3740 1
3740 1
3740 1
3740 1
3740 1
3740 1
3740 1
3740 1
3740 1
3740 1
3740 1
3740 1
3740 1
3260 1
3260 1
3260 1
3260 1
3260 1
3260 1
3260 1
3260 1
3260 1
3260 1
3260 1
3260 1
3260 1
3260 1
3260 1
3260 1
3260 1
3260 1
3260 1
3260 1
3260 1
3320 1
3320 1
3320 1
3320 1
3320 1
3320 1
3320 1
3320 1
3320 1
3320 1
3320 1
3320 1
3320 1
3320 1
3320 1
3320 1
3320 1
3320 1
3320 1
3320 1
3320 1
3371 1
3371 1
3371 1
3371 1
3371 1
3371 1
3371 1
3371 1
3371 1
3371 1
3371 1
3371 1
3371 1
3371 1
3371 1
3371 1
3371 1
3371 1
3371 1
3371 1
3371 1
3416 1
3416 1
3416 1
3416 1
3416 1
3416 1
3416 1
3416 1
3416 1
3416 1
3416 1
3416 1
3416 1
3416 1
3416 1
3416 1
3416 1
3416 1
3416 1
3416 1
3416 1
3459 1
3459 1
3459 1
3459 1
3459 1
3459 1
3459 1
3459 1
3459 1
3459 1
3459 1
3459 1
3459 1
3459 1
3459 1
3459 1
3459 1
3459 1
3459 1
3459 1
3459 1
3496 1
3496 1
3496 1
3496 1
3496 1
3496 1
3496 1
3496 1
3496 1
3496 1
3496 1
3496 1
3496 1
3496 1
3496 1
3496 1
3496 1
3496 1
3496 1
3496 1
3496 1
3534 1
3534 1
3534 1
3534 1
3534 1
3534 1
3534 1
3534 1
3534 1
3534 1
3534 1
3534 1
3534 1
3534 1
3534 1
3534 1
3534 1
3534 1
3534 1
3534 1
3534 1
3577 1
3577 1
3577 1
3577 1
3577 1
3577 1
3577 1
3577 1
3577 1
3577 1
3577 1
3577 1
3577 1
3577 1
3577 1
3577 1
3577 1
3577 1
3577 1
3577 1
3577 1
3618 1
3618 1
3618 1
3618 1
3618 1
3618 1
3618 1
3618 1
3618 1
3618 1
3618 1
3618 1
3618 1
3618 1
3618 1
3618 1
3618 1
3618 1
3618 1
3618 1
3618 1
3661 1
3661 1
3661 1
3661 1
3661 1
3661 1
3661 1
3661 1
3661 1
3661 1
3661 1
3661 1
3661 1
3661 1
3661 1
3661 1
3661 1
3661 1
3661 1
3661 1
3661 1
3701 1
3701 1
3701 1
3701 1
3701 1
3701 1
3701 1
3701 1
3701 1
3701 1
3701 1
3701 1
3701 1
3701 1
3701 1
3701 1
3701 1
3701 1
3701 1
3701 1
3701 1
3741 1
3741 1
3741 1
3741 1
3741 1
3741 1
3741 1
3741 1
3741 1
3741 1
3741 1
3741 1
3741 1
3741 1
3741 1
3741 1
3741 1
3741 1
3741 1
3741 1
3741 1
3854 1
3854 1
3854 1
3854 1
3854 1
3854 1
3854 1
3854 1
3854 1
3854 1
3854 1
3854 1
3854 1
3854 1
3854 1
3854 1
3854 1
3854 1
3854 1
3854 1
3854 1
3261 1
3261 1
3261 1
3261 1
3261 1
3261 1
3261 1
3261 1
3261 1
3261 1
3261 1
3261 1
3261 1
3261 1
3261 1
3261 1
3261 1
3261 1
3261 1
3261 1
3261 1
3372 1
3372 1
3372 1
3372 1
3372 1
3372 1
3372 1
3372 1
3372 1
3372 1
3372 1
3372 1
3372 1
3372 1
3372 1
3372 1
3372 1
3372 1
3372 1
3372 1
3372 1
3417 1
3417 1
3417 1
3417 1
3417 1
3417 1
3417 1
3417 1
3417 1
3417 1
3417 1
3417 1
3417 1
3417 1
3417 1
3417 1
3417 1
3417 1
3417 1
3417 1
3417 1
3578 1
3578 1
3578 1
3578 1
3578 1
3578 1
3578 1
3578 1
3578 1
3578 1
3578 1
3578 1
3578 1
3578 1
3578 1
3578 1
3578 1
3578 1
3578 1
3578 1
3578 1
3619 1
3619 1
3619 1
3619 1
3619 1
3619 1
3619 1
3619 1
3619 1
3619 1
3619 1
3619 1
3619 1
3619 1
3619 1
3619 1
3619 1
3619 1
3619 1
3619 1
3619 1
3662 1
3662 1
3662 1
3662 1
3662 1
3662 1
3662 1
3662 1
3662 1
3662 1
3662 1
3662 1
3662 1
3662 1
3662 1
3662 1
3662 1
3662 1
3662 1
3662 1
3662 1
3702 1
3702 1
3702 1
3702 1
3702 1
3702 1
3702 1
3702 1
3702 1
3702 1
3702 1
3702 1
3702 1
3702 1
3702 1
3702 1
3702 1
3702 1
3702 1
3702 1
3702 1
3742 1
3742 1
3742 1
3742 1
3742 1
3742 1
3742 1
3742 1
3742 1
3742 1
3742 1
3742 1
3742 1
3742 1
3742 1
3742 1
3742 1
3742 1
3742 1
3742 1
3742 1
1741 1
1741 1
1741 1
1741 1
1741 1
1741 1
1741 1
1741 1
1741 1
1741 1
1741 1
1741 1
1741 1
1741 1
1741 1
1741 1
1741 1
1741 1
1741 1
1741 1
1741 1
2850 1
2850 1
2850 1
2850 1
2850 1
2850 1
2850 1
2850 1
2850 1
2850 1
2850 1
2850 1
2850 1
2850 1
2850 1
2850 1
2850 1
2850 1
2850 1
2850 1
2850 1
3208 1
3208 1
3208 1
3208 1
3208 1
3208 1
3208 1
3208 1
3208 1
3208 1
3208 1
3208 1
3208 1
3208 1
3208 1
3208 1
3208 1
3208 1
3208 1
3208 1
3208 1
3262 1
3262 1
3262 1
3262 1
3262 1
3262 1
3262 1
3262 1
3262 1
3262 1
3262 1
3262 1
3262 1
3262 1
3262 1
3262 1
3262 1
3262 1
3262 1
3262 1
3262 1
3322 1
3322 1
3322 1
3322 1
3322 1
3322 1
3322 1
3322 1
3322 1
3322 1
3322 1
3322 1
3322 1
3322 1
3322 1
3322 1
3322 1
3322 1
3322 1
3322 1
3322 1
3373 1
3373 1
3373 1
3373 1
3373 1
3373 1
3373 1
3373 1
3373 1
3373 1
3373 1
3373 1
3373 1
3373 1
3373 1
3373 1
3373 1
3373 1
3373 1
3373 1
3373 1
3418 1
3418 1
3418 1
3418 1
3418 1
3418 1
3418 1
3418 1
3418 1
3418 1
3418 1
3418 1
3418 1
3418 1
3418 1
3418 1
3418 1
3418 1
3418 1
3418 1
3418 1
3461 1
3461 1
3461 1
3461 1
3461 1
3461 1
3461 1
3461 1
3461 1
3461 1
3461 1
3461 1
3461 1
3461 1
3461 1
3461 1
3461 1
3461 1
3461 1
3461 1
3461 1
3498 1
3498 1
3498 1
3498 1
3498 1
3498 1
3498 1
3498 1
3498 1
3498 1
3498 1
3498 1
3498 1
3498 1
3498 1
3498 1
3498 1
3498 1
3498 1
3498 1
3498 1
3536 1
3536 1
3536 1
3536 1
3536 1
3536 1
3536 1
3536 1
3536 1
3536 1
3536 1
3536 1
3536 1
3536 1
3536 1
3536 1
3536 1
3536 1
3536 1
3536 1
3536 1
3579 1
3579 1
3579 1
3579 1
3579 1
3579 1
3579 1
3579 1
3579 1
3579 1
3579 1
3579 1
3579 1
3579 1
3579 1
3579 1
3579 1
3579 1
3579 1
3579 1
3579 1
3620 1
3620 1
3620 1
3620 1
3620 1
3620 1
3620 1
3620 1
3620 1
3620 1
3620 1
3620 1
3620 1
3620 1
3620 1
3620 1
3620 1
3620 1
3620 1
3620 1
3620 1
3663 1
3663 1
3663 1
3663 1
3663 1
3663 1
3663 1
3663 1
3663 1
3663 1
3663 1
3663 1
3663 1
3663 1
3663 1
3663 1
3663 1
3663 1
3663 1
3663 1
3663 1
3703 1
3703 1
3703 1
3703 1
3703 1
3703 1
3703 1
3703 1
3703 1
3703 1
3703 1
3703 1
3703 1
3703 1
3703 1
3703 1
3703 1
3703 1
3703 1
3703 1
3703 1
3153 1
3153 1
3153 1
3153 1
3153 1
3153 1
3153 1
3153 1
3153 1
3153 1
3153 1
3153 1
3153 1
3153 1
3153 1
3153 1
3153 1
3153 1
3153 1
3153 1
3153 1
3209 1
3209 1
3209 1
3209 1
3209 1
3209 1
3209 1
3209 1
3209 1
3209 1
3209 1
3209 1
3209 1
3209 1
3209 1
3209 1
3209 1
3209 1
3209 1
3209 1
3209 1
3323 1
3323 1
3323 1
3323 1
3323 1
3323 1
3323 1
3323 1
3323 1
3323 1
3323 1
3323 1
3323 1
3323 1
3323 1
3323 1
3323 1
3323 1
3323 1
3323 1
3323 1
3374 1
3374 1
3374 1
3374 1
3374 1
3374 1
3374 1
3374 1
3374 1
3374 1
3374 1
3374 1
3374 1
3374 1
3374 1
3374 1
3374 1
3374 1
3374 1
3374 1
3374 1
3462 1
3462 1
3462 1
3462 1
3462 1
3462 1
3462 1
3462 1
3462 1
3462 1
3462 1
3462 1
3462 1
3462 1
3462 1
3462 1
3462 1
3462 1
3462 1
3462 1
3462 1
3499 1
3499 1
3499 1
3499 1
3499 1
3499 1
3499 1
3499 1
3499 1
3499 1
3499 1
3499 1
3499 1
3499 1
3499 1
3499 1
3499 1
3499 1
3499 1
3499 1
3499 1
3537 1
3537 1
3537 1
3537 1
3537 1
3537 1
3537 1
3537 1
3537 1
3537 1
3537 1
3537 1
3537 1
3537 1
3537 1
3537 1
3537 1
3537 1
3537 1
3537 1
3537 1
3580 1
3580 1
3580 1
3580 1
3580 1
3580 1
3580 1
3580 1
3580 1
3580 1
3580 1
3580 1
3580 1
3580 1
3580 1
3580 1
3580 1
3580 1
3580 1
3580 1
3580 1
3621 1
3621 1
3621 1
3621 1
3621 1
3621 1
3621 1
3621 1
3621 1
3621 1
3621 1
3621 1
3621 1
3621 1
3621 1
3621 1
3621 1
3621 1
3621 1
3621 1
3621 1
3664 1
3664 1
3664 1
3664 1
3664 1
3664 1
3664 1
3664 1
3664 1
3664 1
3664 1
3664 1
3664 1
3664 1
3664 1
3664 1
3664 1
3664 1
3664 1
3664 1
3664 1
3210 1
3210 1
3210 1
3210 1
3210 1
3210 1
3210 1
3210 1
3210 1
3210 1
3210 1
3210 1
3210 1
3210 1
3210 1
3210 1
3210 1
3210 1
3210 1
3210 1
3210 1
3264 1
3264 1
3264 1
3264 1
3264 1
3264 1
3264 1
3264 1
3264 1
3264 1
3264 1
3264 1
3264 1
3264 1
3264 1
3264 1
3264 1
3264 1
3264 1
3264 1
3264 1
3324 1
3324 1
3324 1
3324 1
3324 1
3324 1
3324 1
3324 1
3324 1
3324 1
3324 1
3324 1
3324 1
3324 1
3324 1
3324 1
3324 1
3324 1
3324 1
3324 1
3324 1
3420 1
3420 1
3420 1
3420 1
3420 1
3420 1
3420 1
3420 1
3420 1
3420 1
3420 1
3420 1
3420 1
3420 1
3420 1
3420 1
3420 1
3420 1
3420 1
3420 1
3420 1
3500 1
3500 1
3500 1
3500 1
3500 1
3500 1
3500 1
3500 1
3500 1
3500 1
3500 1
3500 1
3500 1
3500 1
3500 1
3500 1
3500 1
3500 1
3500 1
3500 1
3500 1
3538 1
3538 1
3538 1
3538 1
3538 1
3538 1
3538 1
3538 1
3538 1
3538 1
3538 1
3538 1
3538 1
3538 1
3538 1
3538 1
3538 1
3538 1
3538 1
3538 1
3538 1
3155 1
3155 1
3155 1
3155 1
3155 1
3155 1
3155 1
3155 1
3155 1
3155 1
3155 1
3155 1
3155 1
3155 1
3155 1
3155 1
3155 1
3155 1
3155 1
3155 1
3155 1
3211 1
3211 1
3211 1
3211 1
3211 1
3211 1
3211 1
3211 1
3211 1
3211 1
3211 1
3211 1
3211 1
3211 1
3211 1
3211 1
3211 1
3211 1
3211 1
3211 1
3211 1
3265 1
3265 1
3265 1
3265 1
3265 1
3265 1
3265 1
3265 1
3265 1
3265 1
3265 1
3265 1
3265 1
3265 1
3265 1
3265 1
3265 1
3265 1
3265 1
3265 1
3265 1
3421 1
3421 1
3421 1
3421 1
3421 1
3421 1
3421 1
3421 1
3421 1
3421 1
3421 1
3421 1
3421 1
3421 1
3421 1
3421 1
3421 1
3421 1
3421 1
3421 1
3421 1
3101 1
3101 1
3101 1
3101 1
3101 1
3101 1
3101 1
3101 1
3101 1
3101 1
3101 1
3101 1
3101 1
3101 1
3101 1
3101 1
3101 1
3101 1
3101 1
3101 1
3101 1
3156 1
3156 1
3156 1
3156 1
3156 1
3156 1
3156 1
3156 1
3156 1
3156 1
3156 1
3156 1
3156 1
3156 1
3156 1
3156 1
3156 1
3156 1
3156 1
3156 1
3156 1
3212 1
3212 1
3212 1
3212 1
3212 1
3212 1
3212 1
3212 1
3212 1
3212 1
3212 1
3212 1
3212 1
3212 1
3212 1
3212 1
3212 1
3212 1
3212 1
3212 1
3212 1
2028 1
2028 1
2028 1
2028 1
2028 1
2028 1
2028 1
2028 1
2028 1
2028 1
2028 1
2028 1
2028 1
2028 1
2028 1
2028 1
2028 1
2028 1
2028 1
2028 1
2028 1
2984 1
2984 1
2984 1
2984 1
2984 1
2984 1
2984 1
2984 1
2984 1
2984 1
2984 1
2984 1
2984 1
2984 1
2984 1
2984 1
2984 1
2984 1
2984 1
2984 1
2984 1
2482 1
2482 1
2482 1
2482 1
2482 1
2482 1
2482 1
2482 1
2482 1
2482 1
2482 1
2482 1
2482 1
2482 1
2482 1
2482 1
2482 1
2482 1
2482 1
2482 1
2482 1
