pt_graph shape
8580 1
8580 1
8580 1
8580 1
8580 1
8580 1
8580 1
8580 1
8580 1
8580 1
8580 1
8580 1
8580 1
8580 1
8580 1
8580 1
8580 1
8580 1
8580 1
8580 1
8580 1
32 1
32 1
32 1
32 1
32 1
32 1
32 1
32 1
32 1
32 1
32 1
32 1
32 1
32 1
32 1
32 1
32 1
32 1
32 1
32 1
32 1
33 1
33 1
33 1
33 1
33 1
33 1
33 1
33 1
33 1
33 1
33 1
33 1
33 1
33 1
33 1
33 1
33 1
33 1
33 1
33 1
33 1
7977 1
7977 1
7977 1
7977 1
7977 1
7977 1
7977 1
7977 1
7977 1
7977 1
7977 1
7977 1
7977 1
7977 1
7977 1
7977 1
7977 1
7977 1
7977 1
7977 1
7977 1
7952 1
7952 1
7952 1
7952 1
7952 1
7952 1
7952 1
7952 1
7952 1
7952 1
7952 1
7952 1
7952 1
7952 1
7952 1
7952 1
7952 1
7952 1
7952 1
7952 1
7952 1
8556 1
8556 1
8556 1
8556 1
8556 1
8556 1
8556 1
8556 1
8556 1
8556 1
8556 1
8556 1
8556 1
8556 1
8556 1
8556 1
8556 1
8556 1
8556 1
8556 1
8556 1
50 1
50 1
50 1
50 1
50 1
50 1
50 1
50 1
50 1
50 1
50 1
50 1
50 1
50 1
50 1
50 1
50 1
50 1
50 1
50 1
50 1
51 1
51 1
51 1
51 1
51 1
51 1
51 1
51 1
51 1
51 1
51 1
51 1
51 1
51 1
51 1
51 1
51 1
51 1
51 1
51 1
51 1
7937 1
7937 1
7937 1
7937 1
7937 1
7937 1
7937 1
7937 1
7937 1
7937 1
7937 1
7937 1
7937 1
7937 1
7937 1
7937 1
7937 1
7937 1
7937 1
7937 1
7937 1
52 1
52 1
52 1
52 1
52 1
52 1
52 1
52 1
52 1
52 1
52 1
52 1
52 1
52 1
52 1
52 1
52 1
52 1
52 1
52 1
52 1
53 1
53 1
53 1
53 1
53 1
53 1
53 1
53 1
53 1
53 1
53 1
53 1
53 1
53 1
53 1
53 1
53 1
53 1
53 1
53 1
53 1
80 1
80 1
80 1
80 1
80 1
80 1
80 1
80 1
80 1
80 1
80 1
80 1
80 1
80 1
80 1
80 1
80 1
80 1
80 1
80 1
80 1
81 1
81 1
81 1
81 1
81 1
81 1
81 1
81 1
81 1
81 1
81 1
81 1
81 1
81 1
81 1
81 1
81 1
81 1
81 1
81 1
81 1
82 1
82 1
82 1
82 1
82 1
82 1
82 1
82 1
82 1
82 1
82 1
82 1
82 1
82 1
82 1
82 1
82 1
82 1
82 1
82 1
82 1
83 1
83 1
83 1
83 1
83 1
83 1
83 1
83 1
83 1
83 1
83 1
83 1
83 1
83 1
83 1
83 1
83 1
83 1
83 1
83 1
83 1
116 1
116 1
116 1
116 1
116 1
116 1
116 1
116 1
116 1
116 1
116 1
116 1
116 1
116 1
116 1
116 1
116 1
116 1
116 1
116 1
116 1
117 1
117 1
117 1
117 1
117 1
117 1
117 1
117 1
117 1
117 1
117 1
117 1
117 1
117 1
117 1
117 1
117 1
117 1
117 1
117 1
117 1
118 1
118 1
118 1
118 1
118 1
118 1
118 1
118 1
118 1
118 1
118 1
118 1
118 1
118 1
118 1
118 1
118 1
118 1
118 1
118 1
118 1
119 1
119 1
119 1
119 1
119 1
119 1
119 1
119 1
119 1
119 1
119 1
119 1
119 1
119 1
119 1
119 1
119 1
119 1
119 1
119 1
119 1
120 1
120 1
120 1
120 1
120 1
120 1
120 1
120 1
120 1
120 1
120 1
120 1
120 1
120 1
120 1
120 1
120 1
120 1
120 1
120 1
120 1
121 1
121 1
121 1
121 1
121 1
121 1
121 1
121 1
121 1
121 1
121 1
121 1
121 1
121 1
121 1
121 1
121 1
121 1
121 1
121 1
121 1
159 1
159 1
159 1
159 1
159 1
159 1
159 1
159 1
159 1
159 1
159 1
159 1
159 1
159 1
159 1
159 1
159 1
159 1
159 1
159 1
159 1
160 1
160 1
160 1
160 1
160 1
160 1
160 1
160 1
160 1
160 1
160 1
160 1
160 1
160 1
160 1
160 1
160 1
160 1
160 1
160 1
160 1
161 1
161 1
161 1
161 1
161 1
161 1
161 1
161 1
161 1
161 1
161 1
161 1
161 1
161 1
161 1
161 1
161 1
161 1
161 1
161 1
161 1
163 1
163 1
163 1
163 1
163 1
163 1
163 1
163 1
163 1
163 1
163 1
163 1
163 1
163 1
163 1
163 1
163 1
163 1
163 1
163 1
163 1
204 1
204 1
204 1
204 1
204 1
204 1
204 1
204 1
204 1
204 1
204 1
204 1
204 1
204 1
204 1
204 1
204 1
204 1
204 1
204 1
204 1
