pt_graph scale
8532 220.545339215718
8532 220.545339215718
8532 220.545339215718
8532 8.92722943433133
8532 25.3050304330572
8532 25.3050304330572
8532 0.166258346232527
8532 0.166258346232527
8532 0.104504418681071
8532 0
8532 0
8532 0.0832249328304159
8532 16.8602220210468
8532 16.8602220210468
8532 0
8532 0.77661884864794
8532 0
8532 0
8532 0.888014056052162
8532 9.54812026272255
8532 9.54812026272255
14 220.545339215718
14 220.545339215718
14 220.545339215718
14 8.92722943433133
14 25.3050304330572
14 25.3050304330572
14 0.166258346232527
14 0.166258346232527
14 0.104504418681071
14 0
14 0
14 0.0832249328304159
14 16.8602220210468
14 16.8602220210468
14 0
14 0.77661884864794
14 0
14 0
14 0.888014056052162
14 9.54812026272255
14 9.54812026272255
8552 220.545339215718
8552 220.545339215718
8552 220.545339215718
8552 8.92722943433133
8552 25.3050304330572
8552 25.3050304330572
8552 0.166258346232527
8552 0.166258346232527
8552 0.104504418681071
8552 0
8552 0
8552 0.0832249328304159
8552 16.8602220210468
8552 16.8602220210468
8552 0
8552 0.77661884864794
8552 0
8552 0
8552 0.888014056052162
8552 9.54812026272255
8552 9.54812026272255
7965 220.545339215718
7965 220.545339215718
7965 220.545339215718
7965 8.92722943433133
7965 25.3050304330572
7965 25.3050304330572
7965 0.166258346232527
7965 0.166258346232527
7965 0.104504418681071
7965 0
7965 0
7965 0.0832249328304159
7965 16.8602220210468
7965 16.8602220210468
7965 0
7965 0.77661884864794
7965 0
7965 0
7965 0.888014056052162
7965 9.54812026272255
7965 9.54812026272255
17 220.545339215718
17 220.545339215718
17 220.545339215718
17 8.92722943433133
17 25.3050304330572
17 25.3050304330572
17 0.166258346232527
17 0.166258346232527
17 0.104504418681071
17 0
17 0
17 0.0832249328304159
17 16.8602220210468
17 16.8602220210468
17 0
17 0.77661884864794
17 0
17 0
17 0.888014056052162
17 9.54812026272255
17 9.54812026272255
18 220.545339215718
18 220.545339215718
18 220.545339215718
18 8.92722943433133
18 25.3050304330572
18 25.3050304330572
18 0.166258346232527
18 0.166258346232527
18 0.104504418681071
18 0
18 0
18 0.0832249328304159
18 16.8602220210468
18 16.8602220210468
18 0
18 0.77661884864794
18 0
18 0
18 0.888014056052162
18 9.54812026272255
18 9.54812026272255
19 220.545339215718
19 220.545339215718
19 220.545339215718
19 8.92722943433133
19 25.3050304330572
19 25.3050304330572
19 0.166258346232527
19 0.166258346232527
19 0.104504418681071
19 0
19 0
19 0.0832249328304159
19 16.8602220210468
19 16.8602220210468
19 0
19 0.77661884864794
19 0
19 0
19 0.888014056052162
19 9.54812026272255
19 9.54812026272255
7937 220.545339215718
7937 220.545339215718
7937 220.545339215718
7937 8.92722943433133
7937 25.3050304330572
7937 25.3050304330572
7937 0.166258346232527
7937 0.166258346232527
7937 0.104504418681071
7937 0
7937 0
7937 0.0832249328304159
7937 16.8602220210468
7937 16.8602220210468
7937 0
7937 0.77661884864794
7937 0
7937 0
7937 0.888014056052162
7937 9.54812026272255
7937 9.54812026272255
7955 220.545339215718
7955 220.545339215718
7955 220.545339215718
7955 8.92722943433133
7955 25.3050304330572
7955 25.3050304330572
7955 0.166258346232527
7955 0.166258346232527
7955 0.104504418681071
7955 0
7955 0
7955 0.0832249328304159
7955 16.8602220210468
7955 16.8602220210468
7955 0
7955 0.77661884864794
7955 0
7955 0
7955 0.888014056052162
7955 9.54812026272255
7955 9.54812026272255
25 220.545339215718
25 220.545339215718
25 220.545339215718
25 8.92722943433133
25 25.3050304330572
25 25.3050304330572
25 0.166258346232527
25 0.166258346232527
25 0.104504418681071
25 0
25 0
25 0.0832249328304159
25 16.8602220210468
25 16.8602220210468
25 0
25 0.77661884864794
25 0
25 0
25 0.888014056052162
25 9.54812026272255
25 9.54812026272255
26 220.545339215718
26 220.545339215718
26 220.545339215718
26 8.92722943433133
26 25.3050304330572
26 25.3050304330572
26 0.166258346232527
26 0.166258346232527
26 0.104504418681071
26 0
26 0
26 0.0832249328304159
26 16.8602220210468
26 16.8602220210468
26 0
26 0.77661884864794
26 0
26 0
26 0.888014056052162
26 9.54812026272255
26 9.54812026272255
27 220.545339215718
27 220.545339215718
27 220.545339215718
27 8.92722943433133
27 25.3050304330572
27 25.3050304330572
27 0.166258346232527
27 0.166258346232527
27 0.104504418681071
27 0
27 0
27 0.0832249328304159
27 16.8602220210468
27 16.8602220210468
27 0
27 0.77661884864794
27 0
27 0
27 0.888014056052162
27 9.54812026272255
27 9.54812026272255
38 220.545339215718
38 220.545339215718
38 220.545339215718
38 8.92722943433133
38 25.3050304330572
38 25.3050304330572
38 0.166258346232527
38 0.166258346232527
38 0.104504418681071
38 0
38 0
38 0.0832249328304159
38 16.8602220210468
38 16.8602220210468
38 0
38 0.77661884864794
38 0
38 0
38 0.888014056052162
38 9.54812026272255
38 9.54812026272255
39 220.545339215718
39 220.545339215718
39 220.545339215718
39 8.92722943433133
39 25.3050304330572
39 25.3050304330572
39 0.166258346232527
39 0.166258346232527
39 0.104504418681071
39 0
39 0
39 0.0832249328304159
39 16.8602220210468
39 16.8602220210468
39 0
39 0.77661884864794
39 0
39 0
39 0.888014056052162
39 9.54812026272255
39 9.54812026272255
115 220.545339215718
115 220.545339215718
115 220.545339215718
115 8.92722943433133
115 25.3050304330572
115 25.3050304330572
115 0.166258346232527
115 0.166258346232527
115 0.104504418681071
115 0
115 0
115 0.0832249328304159
115 16.8602220210468
115 16.8602220210468
115 0
115 0.77661884864794
115 0
115 0
115 0.888014056052162
115 9.54812026272255
115 9.54812026272255
116 220.545339215718
116 220.545339215718
116 220.545339215718
116 8.92722943433133
116 25.3050304330572
116 25.3050304330572
116 0.166258346232527
116 0.166258346232527
116 0.104504418681071
116 0
116 0
116 0.0832249328304159
116 16.8602220210468
116 16.8602220210468
116 0
116 0.77661884864794
116 0
116 0
116 0.888014056052162
116 9.54812026272255
116 9.54812026272255
117 220.545339215718
117 220.545339215718
117 220.545339215718
117 8.92722943433133
117 25.3050304330572
117 25.3050304330572
117 0.166258346232527
117 0.166258346232527
117 0.104504418681071
117 0
117 0
117 0.0832249328304159
117 16.8602220210468
117 16.8602220210468
117 0
117 0.77661884864794
117 0
117 0
117 0.888014056052162
117 9.54812026272255
117 9.54812026272255
118 220.545339215718
118 220.545339215718
118 220.545339215718
118 8.92722943433133
118 25.3050304330572
118 25.3050304330572
118 0.166258346232527
118 0.166258346232527
118 0.104504418681071
118 0
118 0
118 0.0832249328304159
118 16.8602220210468
118 16.8602220210468
118 0
118 0.77661884864794
118 0
118 0
118 0.888014056052162
118 9.54812026272255
118 9.54812026272255
159 220.545339215718
159 220.545339215718
159 220.545339215718
159 8.92722943433133
159 25.3050304330572
159 25.3050304330572
159 0.166258346232527
159 0.166258346232527
159 0.104504418681071
159 0
159 0
159 0.0832249328304159
159 16.8602220210468
159 16.8602220210468
159 0
159 0.77661884864794
159 0
159 0
159 0.888014056052162
159 9.54812026272255
159 9.54812026272255
160 220.545339215718
160 220.545339215718
160 220.545339215718
160 8.92722943433133
160 25.3050304330572
160 25.3050304330572
160 0.166258346232527
160 0.166258346232527
160 0.104504418681071
160 0
160 0
160 0.0832249328304159
160 16.8602220210468
160 16.8602220210468
160 0
160 0.77661884864794
160 0
160 0
160 0.888014056052162
160 9.54812026272255
160 9.54812026272255
161 220.545339215718
161 220.545339215718
161 220.545339215718
161 8.92722943433133
161 25.3050304330572
161 25.3050304330572
161 0.166258346232527
161 0.166258346232527
161 0.104504418681071
161 0
161 0
161 0.0832249328304159
161 16.8602220210468
161 16.8602220210468
161 0
161 0.77661884864794
161 0
161 0
161 0.888014056052162
161 9.54812026272255
161 9.54812026272255
202 220.545339215718
202 220.545339215718
202 220.545339215718
202 8.92722943433133
202 25.3050304330572
202 25.3050304330572
202 0.166258346232527
202 0.166258346232527
202 0.104504418681071
202 0
202 0
202 0.0832249328304159
202 16.8602220210468
202 16.8602220210468
202 0
202 0.77661884864794
202 0
202 0
202 0.888014056052162
202 9.54812026272255
202 9.54812026272255
203 220.545339215718
203 220.545339215718
203 220.545339215718
203 8.92722943433133
203 25.3050304330572
203 25.3050304330572
203 0.166258346232527
203 0.166258346232527
203 0.104504418681071
203 0
203 0
203 0.0832249328304159
203 16.8602220210468
203 16.8602220210468
203 0
203 0.77661884864794
203 0
203 0
203 0.888014056052162
203 9.54812026272255
203 9.54812026272255
128 220.545339215718
128 220.545339215718
128 220.545339215718
128 8.92722943433133
128 25.3050304330572
128 25.3050304330572
128 0.166258346232527
128 0.166258346232527
128 0.104504418681071
128 0
128 0
128 0.0832249328304159
128 16.8602220210468
128 16.8602220210468
128 0
128 0.77661884864794
128 0
128 0
128 0.888014056052162
128 9.54812026272255
128 9.54812026272255
129 220.545339215718
129 220.545339215718
129 220.545339215718
129 8.92722943433133
129 25.3050304330572
129 25.3050304330572
129 0.166258346232527
129 0.166258346232527
129 0.104504418681071
129 0
129 0
129 0.0832249328304159
129 16.8602220210468
129 16.8602220210468
129 0
129 0.77661884864794
129 0
129 0
129 0.888014056052162
129 9.54812026272255
129 9.54812026272255
251 220.545339215718
251 220.545339215718
251 220.545339215718
251 8.92722943433133
251 25.3050304330572
251 25.3050304330572
251 0.166258346232527
251 0.166258346232527
251 0.104504418681071
251 0
251 0
251 0.0832249328304159
251 16.8602220210468
251 16.8602220210468
251 0
251 0.77661884864794
251 0
251 0
251 0.888014056052162
251 9.54812026272255
251 9.54812026272255
170 220.545339215718
170 220.545339215718
170 220.545339215718
170 8.92722943433133
170 25.3050304330572
170 25.3050304330572
170 0.166258346232527
170 0.166258346232527
170 0.104504418681071
170 0
170 0
170 0.0832249328304159
170 16.8602220210468
170 16.8602220210468
170 0
170 0.77661884864794
170 0
170 0
170 0.888014056052162
170 9.54812026272255
170 9.54812026272255
366 220.545339215718
366 220.545339215718
366 220.545339215718
366 8.92722943433133
366 25.3050304330572
366 25.3050304330572
366 0.166258346232527
366 0.166258346232527
366 0.104504418681071
366 0
366 0
366 0.0832249328304159
366 16.8602220210468
366 16.8602220210468
366 0
366 0.77661884864794
366 0
366 0
366 0.888014056052162
366 9.54812026272255
366 9.54812026272255
310 220.545339215718
310 220.545339215718
310 220.545339215718
310 8.92722943433133
310 25.3050304330572
310 25.3050304330572
310 0.166258346232527
310 0.166258346232527
310 0.104504418681071
310 0
310 0
310 0.0832249328304159
310 16.8602220210468
310 16.8602220210468
310 0
310 0.77661884864794
310 0
310 0
310 0.888014056052162
310 9.54812026272255
310 9.54812026272255
318 220.545339215718
318 220.545339215718
318 220.545339215718
318 8.92722943433133
318 25.3050304330572
318 25.3050304330572
318 0.166258346232527
318 0.166258346232527
318 0.104504418681071
318 0
318 0
318 0.0832249328304159
318 16.8602220210468
318 16.8602220210468
318 0
318 0.77661884864794
318 0
318 0
318 0.888014056052162
318 9.54812026272255
318 9.54812026272255
266 220.545339215718
266 220.545339215718
266 220.545339215718
266 8.92722943433133
266 25.3050304330572
266 25.3050304330572
266 0.166258346232527
266 0.166258346232527
266 0.104504418681071
266 0
266 0
266 0.0832249328304159
266 16.8602220210468
266 16.8602220210468
266 0
266 0.77661884864794
266 0
266 0
266 0.888014056052162
266 9.54812026272255
266 9.54812026272255
376 220.545339215718
376 220.545339215718
376 220.545339215718
376 8.92722943433133
376 25.3050304330572
376 25.3050304330572
376 0.166258346232527
376 0.166258346232527
376 0.104504418681071
376 0
376 0
376 0.0832249328304159
376 16.8602220210468
376 16.8602220210468
376 0
376 0.77661884864794
376 0
376 0
376 0.888014056052162
376 9.54812026272255
376 9.54812026272255
436 220.545339215718
436 220.545339215718
436 220.545339215718
436 8.92722943433133
436 25.3050304330572
436 25.3050304330572
436 0.166258346232527
436 0.166258346232527
436 0.104504418681071
436 0
436 0
436 0.0832249328304159
436 16.8602220210468
436 16.8602220210468
436 0
436 0.77661884864794
436 0
436 0
436 0.888014056052162
436 9.54812026272255
436 9.54812026272255
504 220.545339215718
504 220.545339215718
504 220.545339215718
504 8.92722943433133
504 25.3050304330572
504 25.3050304330572
504 0.166258346232527
504 0.166258346232527
504 0.104504418681071
504 0
504 0
504 0.0832249328304159
504 16.8602220210468
504 16.8602220210468
504 0
504 0.77661884864794
504 0
504 0
504 0.888014056052162
504 9.54812026272255
504 9.54812026272255
333 220.545339215718
333 220.545339215718
333 220.545339215718
333 8.92722943433133
333 25.3050304330572
333 25.3050304330572
333 0.166258346232527
333 0.166258346232527
333 0.104504418681071
333 0
333 0
333 0.0832249328304159
333 16.8602220210468
333 16.8602220210468
333 0
333 0.77661884864794
333 0
333 0
333 0.888014056052162
333 9.54812026272255
333 9.54812026272255
446 220.545339215718
446 220.545339215718
446 220.545339215718
446 8.92722943433133
446 25.3050304330572
446 25.3050304330572
446 0.166258346232527
446 0.166258346232527
446 0.104504418681071
446 0
446 0
446 0.0832249328304159
446 16.8602220210468
446 16.8602220210468
446 0
446 0.77661884864794
446 0
446 0
446 0.888014056052162
446 9.54812026272255
446 9.54812026272255
447 220.545339215718
447 220.545339215718
447 220.545339215718
447 8.92722943433133
447 25.3050304330572
447 25.3050304330572
447 0.166258346232527
447 0.166258346232527
447 0.104504418681071
447 0
447 0
447 0.0832249328304159
447 16.8602220210468
447 16.8602220210468
447 0
447 0.77661884864794
447 0
447 0
447 0.888014056052162
447 9.54812026272255
447 9.54812026272255
393 220.545339215718
393 220.545339215718
393 220.545339215718
393 8.92722943433133
393 25.3050304330572
393 25.3050304330572
393 0.166258346232527
393 0.166258346232527
393 0.104504418681071
393 0
393 0
393 0.0832249328304159
393 16.8602220210468
393 16.8602220210468
393 0
393 0.77661884864794
393 0
393 0
393 0.888014056052162
393 9.54812026272255
393 9.54812026272255
657 220.545339215718
657 220.545339215718
657 220.545339215718
657 8.92722943433133
657 25.3050304330572
657 25.3050304330572
657 0.166258346232527
657 0.166258346232527
657 0.104504418681071
657 0
657 0
657 0.0832249328304159
657 16.8602220210468
657 16.8602220210468
657 0
657 0.77661884864794
657 0
657 0
657 0.888014056052162
657 9.54812026272255
657 9.54812026272255
588 220.545339215718
588 220.545339215718
588 220.545339215718
588 8.92722943433133
588 25.3050304330572
588 25.3050304330572
588 0.166258346232527
588 0.166258346232527
588 0.104504418681071
588 0
588 0
588 0.0832249328304159
588 16.8602220210468
588 16.8602220210468
588 0
588 0.77661884864794
588 0
588 0
588 0.888014056052162
588 9.54812026272255
588 9.54812026272255
659 220.545339215718
659 220.545339215718
659 220.545339215718
659 8.92722943433133
659 25.3050304330572
659 25.3050304330572
659 0.166258346232527
659 0.166258346232527
659 0.104504418681071
659 0
659 0
659 0.0832249328304159
659 16.8602220210468
659 16.8602220210468
659 0
659 0.77661884864794
659 0
659 0
659 0.888014056052162
659 9.54812026272255
659 9.54812026272255
821 220.545339215718
821 220.545339215718
821 220.545339215718
821 8.92722943433133
821 25.3050304330572
821 25.3050304330572
821 0.166258346232527
821 0.166258346232527
821 0.104504418681071
821 0
821 0
821 0.0832249328304159
821 16.8602220210468
821 16.8602220210468
821 0
821 0.77661884864794
821 0
821 0
821 0.888014056052162
821 9.54812026272255
821 9.54812026272255
822 220.545339215718
822 220.545339215718
822 220.545339215718
822 8.92722943433133
822 25.3050304330572
822 25.3050304330572
822 0.166258346232527
822 0.166258346232527
822 0.104504418681071
822 0
822 0
822 0.0832249328304159
822 16.8602220210468
822 16.8602220210468
822 0
822 0.77661884864794
822 0
822 0
822 0.888014056052162
822 9.54812026272255
822 9.54812026272255
601 220.545339215718
601 220.545339215718
601 220.545339215718
601 8.92722943433133
601 25.3050304330572
601 25.3050304330572
601 0.166258346232527
601 0.166258346232527
601 0.104504418681071
601 0
601 0
601 0.0832249328304159
601 16.8602220210468
601 16.8602220210468
601 0
601 0.77661884864794
601 0
601 0
601 0.888014056052162
601 9.54812026272255
601 9.54812026272255
823 220.545339215718
823 220.545339215718
823 220.545339215718
823 8.92722943433133
823 25.3050304330572
823 25.3050304330572
823 0.166258346232527
823 0.166258346232527
823 0.104504418681071
823 0
823 0
823 0.0832249328304159
823 16.8602220210468
823 16.8602220210468
823 0
823 0.77661884864794
823 0
823 0
823 0.888014056052162
823 9.54812026272255
823 9.54812026272255
603 220.545339215718
603 220.545339215718
603 220.545339215718
603 8.92722943433133
603 25.3050304330572
603 25.3050304330572
603 0.166258346232527
603 0.166258346232527
603 0.104504418681071
603 0
603 0
603 0.0832249328304159
603 16.8602220210468
603 16.8602220210468
603 0
603 0.77661884864794
603 0
603 0
603 0.888014056052162
603 9.54812026272255
603 9.54812026272255
904 220.545339215718
904 220.545339215718
904 220.545339215718
904 8.92722943433133
904 25.3050304330572
904 25.3050304330572
904 0.166258346232527
904 0.166258346232527
904 0.104504418681071
904 0
904 0
904 0.0832249328304159
904 16.8602220210468
904 16.8602220210468
904 0
904 0.77661884864794
904 0
904 0
904 0.888014056052162
904 9.54812026272255
904 9.54812026272255
8929 220.545339215718
8929 220.545339215718
8929 220.545339215718
8929 8.92722943433133
8929 25.3050304330572
8929 25.3050304330572
8929 0.166258346232527
8929 0.166258346232527
8929 0.104504418681071
8929 0
8929 0
8929 0.0832249328304159
8929 16.8602220210468
8929 16.8602220210468
8929 0
8929 0.77661884864794
8929 0
8929 0
8929 0.888014056052162
8929 9.54812026272255
8929 9.54812026272255
678 220.545339215718
678 220.545339215718
678 220.545339215718
678 8.92722943433133
678 25.3050304330572
678 25.3050304330572
678 0.166258346232527
678 0.166258346232527
678 0.104504418681071
678 0
678 0
678 0.0832249328304159
678 16.8602220210468
678 16.8602220210468
678 0
678 0.77661884864794
678 0
678 0
678 0.888014056052162
678 9.54812026272255
678 9.54812026272255
680 220.545339215718
680 220.545339215718
680 220.545339215718
680 8.92722943433133
680 25.3050304330572
680 25.3050304330572
680 0.166258346232527
680 0.166258346232527
680 0.104504418681071
680 0
680 0
680 0.0832249328304159
680 16.8602220210468
680 16.8602220210468
680 0
680 0.77661884864794
680 0
680 0
680 0.888014056052162
680 9.54812026272255
680 9.54812026272255
982 220.545339215718
982 220.545339215718
982 220.545339215718
982 8.92722943433133
982 25.3050304330572
982 25.3050304330572
982 0.166258346232527
982 0.166258346232527
982 0.104504418681071
982 0
982 0
982 0.0832249328304159
982 16.8602220210468
982 16.8602220210468
982 0
982 0.77661884864794
982 0
982 0
982 0.888014056052162
982 9.54812026272255
982 9.54812026272255
760 220.545339215718
760 220.545339215718
760 220.545339215718
760 8.92722943433133
760 25.3050304330572
760 25.3050304330572
760 0.166258346232527
760 0.166258346232527
760 0.104504418681071
760 0
760 0
760 0.0832249328304159
760 16.8602220210468
760 16.8602220210468
760 0
760 0.77661884864794
760 0
760 0
760 0.888014056052162
760 9.54812026272255
760 9.54812026272255
1064 220.545339215718
1064 220.545339215718
1064 220.545339215718
1064 8.92722943433133
1064 25.3050304330572
1064 25.3050304330572
1064 0.166258346232527
1064 0.166258346232527
1064 0.104504418681071
1064 0
1064 0
1064 0.0832249328304159
1064 16.8602220210468
1064 16.8602220210468
1064 0
1064 0.77661884864794
1064 0
1064 0
1064 0.888014056052162
1064 9.54812026272255
1064 9.54812026272255
838 220.545339215718
838 220.545339215718
838 220.545339215718
838 8.92722943433133
838 25.3050304330572
838 25.3050304330572
838 0.166258346232527
838 0.166258346232527
838 0.104504418681071
838 0
838 0
838 0.0832249328304159
838 16.8602220210468
838 16.8602220210468
838 0
838 0.77661884864794
838 0
838 0
838 0.888014056052162
838 9.54812026272255
838 9.54812026272255
841 220.545339215718
841 220.545339215718
841 220.545339215718
841 8.92722943433133
841 25.3050304330572
841 25.3050304330572
841 0.166258346232527
841 0.166258346232527
841 0.104504418681071
841 0
841 0
841 0.0832249328304159
841 16.8602220210468
841 16.8602220210468
841 0
841 0.77661884864794
841 0
841 0
841 0.888014056052162
841 9.54812026272255
841 9.54812026272255
844 220.545339215718
844 220.545339215718
844 220.545339215718
844 8.92722943433133
844 25.3050304330572
844 25.3050304330572
844 0.166258346232527
844 0.166258346232527
844 0.104504418681071
844 0
844 0
844 0.0832249328304159
844 16.8602220210468
844 16.8602220210468
844 0
844 0.77661884864794
844 0
844 0
844 0.888014056052162
844 9.54812026272255
844 9.54812026272255
845 220.545339215718
845 220.545339215718
845 220.545339215718
845 8.92722943433133
845 25.3050304330572
845 25.3050304330572
845 0.166258346232527
845 0.166258346232527
845 0.104504418681071
845 0
845 0
845 0.0832249328304159
845 16.8602220210468
845 16.8602220210468
845 0
845 0.77661884864794
845 0
845 0
845 0.888014056052162
845 9.54812026272255
845 9.54812026272255
1148 220.545339215718
1148 220.545339215718
1148 220.545339215718
1148 8.92722943433133
1148 25.3050304330572
1148 25.3050304330572
1148 0.166258346232527
1148 0.166258346232527
1148 0.104504418681071
1148 0
1148 0
1148 0.0832249328304159
1148 16.8602220210468
1148 16.8602220210468
1148 0
1148 0.77661884864794
1148 0
1148 0
1148 0.888014056052162
1148 9.54812026272255
1148 9.54812026272255
847 220.545339215718
847 220.545339215718
847 220.545339215718
847 8.92722943433133
847 25.3050304330572
847 25.3050304330572
847 0.166258346232527
847 0.166258346232527
847 0.104504418681071
847 0
847 0
847 0.0832249328304159
847 16.8602220210468
847 16.8602220210468
847 0
847 0.77661884864794
847 0
847 0
847 0.888014056052162
847 9.54812026272255
847 9.54812026272255
848 220.545339215718
848 220.545339215718
848 220.545339215718
848 8.92722943433133
848 25.3050304330572
848 25.3050304330572
848 0.166258346232527
848 0.166258346232527
848 0.104504418681071
848 0
848 0
848 0.0832249328304159
848 16.8602220210468
848 16.8602220210468
848 0
848 0.77661884864794
848 0
848 0
848 0.888014056052162
848 9.54812026272255
848 9.54812026272255
923 220.545339215718
923 220.545339215718
923 220.545339215718
923 8.92722943433133
923 25.3050304330572
923 25.3050304330572
923 0.166258346232527
923 0.166258346232527
923 0.104504418681071
923 0
923 0
923 0.0832249328304159
923 16.8602220210468
923 16.8602220210468
923 0
923 0.77661884864794
923 0
923 0
923 0.888014056052162
923 9.54812026272255
923 9.54812026272255
924 220.545339215718
924 220.545339215718
924 220.545339215718
924 8.92722943433133
924 25.3050304330572
924 25.3050304330572
924 0.166258346232527
924 0.166258346232527
924 0.104504418681071
924 0
924 0
924 0.0832249328304159
924 16.8602220210468
924 16.8602220210468
924 0
924 0.77661884864794
924 0
924 0
924 0.888014056052162
924 9.54812026272255
924 9.54812026272255
926 220.545339215718
926 220.545339215718
926 220.545339215718
926 8.92722943433133
926 25.3050304330572
926 25.3050304330572
926 0.166258346232527
926 0.166258346232527
926 0.104504418681071
926 0
926 0
926 0.0832249328304159
926 16.8602220210468
926 16.8602220210468
926 0
926 0.77661884864794
926 0
926 0
926 0.888014056052162
926 9.54812026272255
926 9.54812026272255
928 220.545339215718
928 220.545339215718
928 220.545339215718
928 8.92722943433133
928 25.3050304330572
928 25.3050304330572
928 0.166258346232527
928 0.166258346232527
928 0.104504418681071
928 0
928 0
928 0.0832249328304159
928 16.8602220210468
928 16.8602220210468
928 0
928 0.77661884864794
928 0
928 0
928 0.888014056052162
928 9.54812026272255
928 9.54812026272255
1009 220.545339215718
1009 220.545339215718
1009 220.545339215718
1009 8.92722943433133
1009 25.3050304330572
1009 25.3050304330572
1009 0.166258346232527
1009 0.166258346232527
1009 0.104504418681071
1009 0
1009 0
1009 0.0832249328304159
1009 16.8602220210468
1009 16.8602220210468
1009 0
1009 0.77661884864794
1009 0
1009 0
1009 0.888014056052162
1009 9.54812026272255
1009 9.54812026272255
1082 220.545339215718
1082 220.545339215718
1082 220.545339215718
1082 8.92722943433133
1082 25.3050304330572
1082 25.3050304330572
1082 0.166258346232527
1082 0.166258346232527
1082 0.104504418681071
1082 0
1082 0
1082 0.0832249328304159
1082 16.8602220210468
1082 16.8602220210468
1082 0
1082 0.77661884864794
1082 0
1082 0
1082 0.888014056052162
1082 9.54812026272255
1082 9.54812026272255
1012 220.545339215718
1012 220.545339215718
1012 220.545339215718
1012 8.92722943433133
1012 25.3050304330572
1012 25.3050304330572
1012 0.166258346232527
1012 0.166258346232527
1012 0.104504418681071
1012 0
1012 0
1012 0.0832249328304159
1012 16.8602220210468
1012 16.8602220210468
1012 0
1012 0.77661884864794
1012 0
1012 0
1012 0.888014056052162
1012 9.54812026272255
1012 9.54812026272255
1084 220.545339215718
1084 220.545339215718
1084 220.545339215718
1084 8.92722943433133
1084 25.3050304330572
1084 25.3050304330572
1084 0.166258346232527
1084 0.166258346232527
1084 0.104504418681071
1084 0
1084 0
1084 0.0832249328304159
1084 16.8602220210468
1084 16.8602220210468
1084 0
1084 0.77661884864794
1084 0
1084 0
1084 0.888014056052162
1084 9.54812026272255
1084 9.54812026272255
1238 220.545339215718
1238 220.545339215718
1238 220.545339215718
1238 8.92722943433133
1238 25.3050304330572
1238 25.3050304330572
1238 0.166258346232527
1238 0.166258346232527
1238 0.104504418681071
1238 0
1238 0
1238 0.0832249328304159
1238 16.8602220210468
1238 16.8602220210468
1238 0
1238 0.77661884864794
1238 0
1238 0
1238 0.888014056052162
1238 9.54812026272255
1238 9.54812026272255
1090 220.545339215718
1090 220.545339215718
1090 220.545339215718
1090 8.92722943433133
1090 25.3050304330572
1090 25.3050304330572
1090 0.166258346232527
1090 0.166258346232527
1090 0.104504418681071
1090 0
1090 0
1090 0.0832249328304159
1090 16.8602220210468
1090 16.8602220210468
1090 0
1090 0.77661884864794
1090 0
1090 0
1090 0.888014056052162
1090 9.54812026272255
1090 9.54812026272255
7998 220.545339215718
7998 220.545339215718
7998 220.545339215718
7998 8.92722943433133
7998 25.3050304330572
7998 25.3050304330572
7998 0.166258346232527
7998 0.166258346232527
7998 0.104504418681071
7998 0
7998 0
7998 0.0832249328304159
7998 16.8602220210468
7998 16.8602220210468
7998 0
7998 0.77661884864794
7998 0
7998 0
7998 0.888014056052162
7998 9.54812026272255
7998 9.54812026272255
1091 220.545339215718
1091 220.545339215718
1091 220.545339215718
1091 8.92722943433133
1091 25.3050304330572
1091 25.3050304330572
1091 0.166258346232527
1091 0.166258346232527
1091 0.104504418681071
1091 0
1091 0
1091 0.0832249328304159
1091 16.8602220210468
1091 16.8602220210468
1091 0
1091 0.77661884864794
1091 0
1091 0
1091 0.888014056052162
1091 9.54812026272255
1091 9.54812026272255
1092 220.545339215718
1092 220.545339215718
1092 220.545339215718
1092 8.92722943433133
1092 25.3050304330572
1092 25.3050304330572
1092 0.166258346232527
1092 0.166258346232527
1092 0.104504418681071
1092 0
1092 0
1092 0.0832249328304159
1092 16.8602220210468
1092 16.8602220210468
1092 0
1092 0.77661884864794
1092 0
1092 0
1092 0.888014056052162
1092 9.54812026272255
1092 9.54812026272255
1317 220.545339215718
1317 220.545339215718
1317 220.545339215718
1317 8.92722943433133
1317 25.3050304330572
1317 25.3050304330572
1317 0.166258346232527
1317 0.166258346232527
1317 0.104504418681071
1317 0
1317 0
1317 0.0832249328304159
1317 16.8602220210468
1317 16.8602220210468
1317 0
1317 0.77661884864794
1317 0
1317 0
1317 0.888014056052162
1317 9.54812026272255
1317 9.54812026272255
1093 220.545339215718
1093 220.545339215718
1093 220.545339215718
1093 8.92722943433133
1093 25.3050304330572
1093 25.3050304330572
1093 0.166258346232527
1093 0.166258346232527
1093 0.104504418681071
1093 0
1093 0
1093 0.0832249328304159
1093 16.8602220210468
1093 16.8602220210468
1093 0
1093 0.77661884864794
1093 0
1093 0
1093 0.888014056052162
1093 9.54812026272255
1093 9.54812026272255
1165 220.545339215718
1165 220.545339215718
1165 220.545339215718
1165 8.92722943433133
1165 25.3050304330572
1165 25.3050304330572
1165 0.166258346232527
1165 0.166258346232527
1165 0.104504418681071
1165 0
1165 0
1165 0.0832249328304159
1165 16.8602220210468
1165 16.8602220210468
1165 0
1165 0.77661884864794
1165 0
1165 0
1165 0.888014056052162
1165 9.54812026272255
1165 9.54812026272255
1094 220.545339215718
1094 220.545339215718
1094 220.545339215718
1094 8.92722943433133
1094 25.3050304330572
1094 25.3050304330572
1094 0.166258346232527
1094 0.166258346232527
1094 0.104504418681071
1094 0
1094 0
1094 0.0832249328304159
1094 16.8602220210468
1094 16.8602220210468
1094 0
1094 0.77661884864794
1094 0
1094 0
1094 0.888014056052162
1094 9.54812026272255
1094 9.54812026272255
8937 220.545339215718
8937 220.545339215718
8937 220.545339215718
8937 8.92722943433133
8937 25.3050304330572
8937 25.3050304330572
8937 0.166258346232527
8937 0.166258346232527
8937 0.104504418681071
8937 0
8937 0
8937 0.0832249328304159
8937 16.8602220210468
8937 16.8602220210468
8937 0
8937 0.77661884864794
8937 0
8937 0
8937 0.888014056052162
8937 9.54812026272255
8937 9.54812026272255
1241 220.545339215718
1241 220.545339215718
1241 220.545339215718
1241 8.92722943433133
1241 25.3050304330572
1241 25.3050304330572
1241 0.166258346232527
1241 0.166258346232527
1241 0.104504418681071
1241 0
1241 0
1241 0.0832249328304159
1241 16.8602220210468
1241 16.8602220210468
1241 0
1241 0.77661884864794
1241 0
1241 0
1241 0.888014056052162
1241 9.54812026272255
1241 9.54812026272255
1172 220.545339215718
1172 220.545339215718
1172 220.545339215718
1172 8.92722943433133
1172 25.3050304330572
1172 25.3050304330572
1172 0.166258346232527
1172 0.166258346232527
1172 0.104504418681071
1172 0
1172 0
1172 0.0832249328304159
1172 16.8602220210468
1172 16.8602220210468
1172 0
1172 0.77661884864794
1172 0
1172 0
1172 0.888014056052162
1172 9.54812026272255
1172 9.54812026272255
1174 220.545339215718
1174 220.545339215718
1174 220.545339215718
1174 8.92722943433133
1174 25.3050304330572
1174 25.3050304330572
1174 0.166258346232527
1174 0.166258346232527
1174 0.104504418681071
1174 0
1174 0
1174 0.0832249328304159
1174 16.8602220210468
1174 16.8602220210468
1174 0
1174 0.77661884864794
1174 0
1174 0
1174 0.888014056052162
1174 9.54812026272255
1174 9.54812026272255
1396 220.545339215718
1396 220.545339215718
1396 220.545339215718
1396 8.92722943433133
1396 25.3050304330572
1396 25.3050304330572
1396 0.166258346232527
1396 0.166258346232527
1396 0.104504418681071
1396 0
1396 0
1396 0.0832249328304159
1396 16.8602220210468
1396 16.8602220210468
1396 0
1396 0.77661884864794
1396 0
1396 0
1396 0.888014056052162
1396 9.54812026272255
1396 9.54812026272255
1252 220.545339215718
1252 220.545339215718
1252 220.545339215718
1252 8.92722943433133
1252 25.3050304330572
1252 25.3050304330572
1252 0.166258346232527
1252 0.166258346232527
1252 0.104504418681071
1252 0
1252 0
1252 0.0832249328304159
1252 16.8602220210468
1252 16.8602220210468
1252 0
1252 0.77661884864794
1252 0
1252 0
1252 0.888014056052162
1252 9.54812026272255
1252 9.54812026272255
1321 220.545339215718
1321 220.545339215718
1321 220.545339215718
1321 8.92722943433133
1321 25.3050304330572
1321 25.3050304330572
1321 0.166258346232527
1321 0.166258346232527
1321 0.104504418681071
1321 0
1321 0
1321 0.0832249328304159
1321 16.8602220210468
1321 16.8602220210468
1321 0
1321 0.77661884864794
1321 0
1321 0
1321 0.888014056052162
1321 9.54812026272255
1321 9.54812026272255
1462 220.545339215718
1462 220.545339215718
1462 220.545339215718
1462 8.92722943433133
1462 25.3050304330572
1462 25.3050304330572
1462 0.166258346232527
1462 0.166258346232527
1462 0.104504418681071
1462 0
1462 0
1462 0.0832249328304159
1462 16.8602220210468
1462 16.8602220210468
1462 0
1462 0.77661884864794
1462 0
1462 0
1462 0.888014056052162
1462 9.54812026272255
1462 9.54812026272255
1324 220.545339215718
1324 220.545339215718
1324 220.545339215718
1324 8.92722943433133
1324 25.3050304330572
1324 25.3050304330572
1324 0.166258346232527
1324 0.166258346232527
1324 0.104504418681071
1324 0
1324 0
1324 0.0832249328304159
1324 16.8602220210468
1324 16.8602220210468
1324 0
1324 0.77661884864794
1324 0
1324 0
1324 0.888014056052162
1324 9.54812026272255
1324 9.54812026272255
1256 220.545339215718
1256 220.545339215718
1256 220.545339215718
1256 8.92722943433133
1256 25.3050304330572
1256 25.3050304330572
1256 0.166258346232527
1256 0.166258346232527
1256 0.104504418681071
1256 0
1256 0
1256 0.0832249328304159
1256 16.8602220210468
1256 16.8602220210468
1256 0
1256 0.77661884864794
1256 0
1256 0
1256 0.888014056052162
1256 9.54812026272255
1256 9.54812026272255
1463 220.545339215718
1463 220.545339215718
1463 220.545339215718
1463 8.92722943433133
1463 25.3050304330572
1463 25.3050304330572
1463 0.166258346232527
1463 0.166258346232527
1463 0.104504418681071
1463 0
1463 0
1463 0.0832249328304159
1463 16.8602220210468
1463 16.8602220210468
1463 0
1463 0.77661884864794
1463 0
1463 0
1463 0.888014056052162
1463 9.54812026272255
1463 9.54812026272255
1258 220.545339215718
1258 220.545339215718
1258 220.545339215718
1258 8.92722943433133
1258 25.3050304330572
1258 25.3050304330572
1258 0.166258346232527
1258 0.166258346232527
1258 0.104504418681071
1258 0
1258 0
1258 0.0832249328304159
1258 16.8602220210468
1258 16.8602220210468
1258 0
1258 0.77661884864794
1258 0
1258 0
1258 0.888014056052162
1258 9.54812026272255
1258 9.54812026272255
1328 220.545339215718
1328 220.545339215718
1328 220.545339215718
1328 8.92722943433133
1328 25.3050304330572
1328 25.3050304330572
1328 0.166258346232527
1328 0.166258346232527
1328 0.104504418681071
1328 0
1328 0
1328 0.0832249328304159
1328 16.8602220210468
1328 16.8602220210468
1328 0
1328 0.77661884864794
1328 0
1328 0
1328 0.888014056052162
1328 9.54812026272255
1328 9.54812026272255
1329 220.545339215718
1329 220.545339215718
1329 220.545339215718
1329 8.92722943433133
1329 25.3050304330572
1329 25.3050304330572
1329 0.166258346232527
1329 0.166258346232527
1329 0.104504418681071
1329 0
1329 0
1329 0.0832249328304159
1329 16.8602220210468
1329 16.8602220210468
1329 0
1329 0.77661884864794
1329 0
1329 0
1329 0.888014056052162
1329 9.54812026272255
1329 9.54812026272255
1526 220.545339215718
1526 220.545339215718
1526 220.545339215718
1526 8.92722943433133
1526 25.3050304330572
1526 25.3050304330572
1526 0.166258346232527
1526 0.166258346232527
1526 0.104504418681071
1526 0
1526 0
1526 0.0832249328304159
1526 16.8602220210468
1526 16.8602220210468
1526 0
1526 0.77661884864794
1526 0
1526 0
1526 0.888014056052162
1526 9.54812026272255
1526 9.54812026272255
1336 220.545339215718
1336 220.545339215718
1336 220.545339215718
1336 8.92722943433133
1336 25.3050304330572
1336 25.3050304330572
1336 0.166258346232527
1336 0.166258346232527
1336 0.104504418681071
1336 0
1336 0
1336 0.0832249328304159
1336 16.8602220210468
1336 16.8602220210468
1336 0
1336 0.77661884864794
1336 0
1336 0
1336 0.888014056052162
1336 9.54812026272255
1336 9.54812026272255
1590 220.545339215718
1590 220.545339215718
1590 220.545339215718
1590 8.92722943433133
1590 25.3050304330572
1590 25.3050304330572
1590 0.166258346232527
1590 0.166258346232527
1590 0.104504418681071
1590 0
1590 0
1590 0.0832249328304159
1590 16.8602220210468
1590 16.8602220210468
1590 0
1590 0.77661884864794
1590 0
1590 0
1590 0.888014056052162
1590 9.54812026272255
1590 9.54812026272255
1406 220.545339215718
1406 220.545339215718
1406 220.545339215718
1406 8.92722943433133
1406 25.3050304330572
1406 25.3050304330572
1406 0.166258346232527
1406 0.166258346232527
1406 0.104504418681071
1406 0
1406 0
1406 0.0832249328304159
1406 16.8602220210468
1406 16.8602220210468
1406 0
1406 0.77661884864794
1406 0
1406 0
1406 0.888014056052162
1406 9.54812026272255
1406 9.54812026272255
1783 220.545339215718
1783 220.545339215718
1783 220.545339215718
1783 8.92722943433133
1783 25.3050304330572
1783 25.3050304330572
1783 0.166258346232527
1783 0.166258346232527
1783 0.104504418681071
1783 0
1783 0
1783 0.0832249328304159
1783 16.8602220210468
1783 16.8602220210468
1783 0
1783 0.77661884864794
1783 0
1783 0
1783 0.888014056052162
1783 9.54812026272255
1783 9.54812026272255
1847 220.545339215718
1847 220.545339215718
1847 220.545339215718
1847 8.92722943433133
1847 25.3050304330572
1847 25.3050304330572
1847 0.166258346232527
1847 0.166258346232527
1847 0.104504418681071
1847 0
1847 0
1847 0.0832249328304159
1847 16.8602220210468
1847 16.8602220210468
1847 0
1847 0.77661884864794
1847 0
1847 0
1847 0.888014056052162
1847 9.54812026272255
1847 9.54812026272255
1848 220.545339215718
1848 220.545339215718
1848 220.545339215718
1848 8.92722943433133
1848 25.3050304330572
1848 25.3050304330572
1848 0.166258346232527
1848 0.166258346232527
1848 0.104504418681071
1848 0
1848 0
1848 0.0832249328304159
1848 16.8602220210468
1848 16.8602220210468
1848 0
1848 0.77661884864794
1848 0
1848 0
1848 0.888014056052162
1848 9.54812026272255
1848 9.54812026272255
1854 220.545339215718
1854 220.545339215718
1854 220.545339215718
1854 8.92722943433133
1854 25.3050304330572
1854 25.3050304330572
1854 0.166258346232527
1854 0.166258346232527
1854 0.104504418681071
1854 0
1854 0
1854 0.0832249328304159
1854 16.8602220210468
1854 16.8602220210468
1854 0
1854 0.77661884864794
1854 0
1854 0
1854 0.888014056052162
1854 9.54812026272255
1854 9.54812026272255
1924 220.545339215718
1924 220.545339215718
1924 220.545339215718
1924 8.92722943433133
1924 25.3050304330572
1924 25.3050304330572
1924 0.166258346232527
1924 0.166258346232527
1924 0.104504418681071
1924 0
1924 0
1924 0.0832249328304159
1924 16.8602220210468
1924 16.8602220210468
1924 0
1924 0.77661884864794
1924 0
1924 0
1924 0.888014056052162
1924 9.54812026272255
1924 9.54812026272255
2051 220.545339215718
2051 220.545339215718
2051 220.545339215718
2051 8.92722943433133
2051 25.3050304330572
2051 25.3050304330572
2051 0.166258346232527
2051 0.166258346232527
2051 0.104504418681071
2051 0
2051 0
2051 0.0832249328304159
2051 16.8602220210468
2051 16.8602220210468
2051 0
2051 0.77661884864794
2051 0
2051 0
2051 0.888014056052162
2051 9.54812026272255
2051 9.54812026272255
2166 220.545339215718
2166 220.545339215718
2166 220.545339215718
2166 8.92722943433133
2166 25.3050304330572
2166 25.3050304330572
2166 0.166258346232527
2166 0.166258346232527
2166 0.104504418681071
2166 0
2166 0
2166 0.0832249328304159
2166 16.8602220210468
2166 16.8602220210468
2166 0
2166 0.77661884864794
2166 0
2166 0
2166 0.888014056052162
2166 9.54812026272255
2166 9.54812026272255
2115 220.545339215718
2115 220.545339215718
2115 220.545339215718
2115 8.92722943433133
2115 25.3050304330572
2115 25.3050304330572
2115 0.166258346232527
2115 0.166258346232527
2115 0.104504418681071
2115 0
2115 0
2115 0.0832249328304159
2115 16.8602220210468
2115 16.8602220210468
2115 0
2115 0.77661884864794
2115 0
2115 0
2115 0.888014056052162
2115 9.54812026272255
2115 9.54812026272255
2175 220.545339215718
2175 220.545339215718
2175 220.545339215718
2175 8.92722943433133
2175 25.3050304330572
2175 25.3050304330572
2175 0.166258346232527
2175 0.166258346232527
2175 0.104504418681071
2175 0
2175 0
2175 0.0832249328304159
2175 16.8602220210468
2175 16.8602220210468
2175 0
2175 0.77661884864794
2175 0
2175 0
2175 0.888014056052162
2175 9.54812026272255
2175 9.54812026272255
8960 220.545339215718
8960 220.545339215718
8960 220.545339215718
8960 8.92722943433133
8960 25.3050304330572
8960 25.3050304330572
8960 0.166258346232527
8960 0.166258346232527
8960 0.104504418681071
8960 0
8960 0
8960 0.0832249328304159
8960 16.8602220210468
8960 16.8602220210468
8960 0
8960 0.77661884864794
8960 0
8960 0
8960 0.888014056052162
8960 9.54812026272255
8960 9.54812026272255
2177 220.545339215718
2177 220.545339215718
2177 220.545339215718
2177 8.92722943433133
2177 25.3050304330572
2177 25.3050304330572
2177 0.166258346232527
2177 0.166258346232527
2177 0.104504418681071
2177 0
2177 0
2177 0.0832249328304159
2177 16.8602220210468
2177 16.8602220210468
2177 0
2177 0.77661884864794
2177 0
2177 0
2177 0.888014056052162
2177 9.54812026272255
2177 9.54812026272255
2282 220.545339215718
2282 220.545339215718
2282 220.545339215718
2282 8.92722943433133
2282 25.3050304330572
2282 25.3050304330572
2282 0.166258346232527
2282 0.166258346232527
2282 0.104504418681071
2282 0
2282 0
2282 0.0832249328304159
2282 16.8602220210468
2282 16.8602220210468
2282 0
2282 0.77661884864794
2282 0
2282 0
2282 0.888014056052162
2282 9.54812026272255
2282 9.54812026272255
8268 220.545339215718
8268 220.545339215718
8268 220.545339215718
8268 8.92722943433133
8268 25.3050304330572
8268 25.3050304330572
8268 0.166258346232527
8268 0.166258346232527
8268 0.104504418681071
8268 0
8268 0
8268 0.0832249328304159
8268 16.8602220210468
8268 16.8602220210468
8268 0
8268 0.77661884864794
8268 0
8268 0
8268 0.888014056052162
8268 9.54812026272255
8268 9.54812026272255
2333 220.545339215718
2333 220.545339215718
2333 220.545339215718
2333 8.92722943433133
2333 25.3050304330572
2333 25.3050304330572
2333 0.166258346232527
2333 0.166258346232527
2333 0.104504418681071
2333 0
2333 0
2333 0.0832249328304159
2333 16.8602220210468
2333 16.8602220210468
2333 0
2333 0.77661884864794
2333 0
2333 0
2333 0.888014056052162
2333 9.54812026272255
2333 9.54812026272255
2385 220.545339215718
2385 220.545339215718
2385 220.545339215718
2385 8.92722943433133
2385 25.3050304330572
2385 25.3050304330572
2385 0.166258346232527
2385 0.166258346232527
2385 0.104504418681071
2385 0
2385 0
2385 0.0832249328304159
2385 16.8602220210468
2385 16.8602220210468
2385 0
2385 0.77661884864794
2385 0
2385 0
2385 0.888014056052162
2385 9.54812026272255
2385 9.54812026272255
2386 220.545339215718
2386 220.545339215718
2386 220.545339215718
2386 8.92722943433133
2386 25.3050304330572
2386 25.3050304330572
2386 0.166258346232527
2386 0.166258346232527
2386 0.104504418681071
2386 0
2386 0
2386 0.0832249328304159
2386 16.8602220210468
2386 16.8602220210468
2386 0
2386 0.77661884864794
2386 0
2386 0
2386 0.888014056052162
2386 9.54812026272255
2386 9.54812026272255
2341 220.545339215718
2341 220.545339215718
2341 220.545339215718
2341 8.92722943433133
2341 25.3050304330572
2341 25.3050304330572
2341 0.166258346232527
2341 0.166258346232527
2341 0.104504418681071
2341 0
2341 0
2341 0.0832249328304159
2341 16.8602220210468
2341 16.8602220210468
2341 0
2341 0.77661884864794
2341 0
2341 0
2341 0.888014056052162
2341 9.54812026272255
2341 9.54812026272255
8170 220.545339215718
8170 220.545339215718
8170 220.545339215718
8170 8.92722943433133
8170 25.3050304330572
8170 25.3050304330572
8170 0.166258346232527
8170 0.166258346232527
8170 0.104504418681071
8170 0
8170 0
8170 0.0832249328304159
8170 16.8602220210468
8170 16.8602220210468
8170 0
8170 0.77661884864794
8170 0
8170 0
8170 0.888014056052162
8170 9.54812026272255
8170 9.54812026272255
2394 220.545339215718
2394 220.545339215718
2394 220.545339215718
2394 8.92722943433133
2394 25.3050304330572
2394 25.3050304330572
2394 0.166258346232527
2394 0.166258346232527
2394 0.104504418681071
2394 0
2394 0
2394 0.0832249328304159
2394 16.8602220210468
2394 16.8602220210468
2394 0
2394 0.77661884864794
2394 0
2394 0
2394 0.888014056052162
2394 9.54812026272255
2394 9.54812026272255
2395 220.545339215718
2395 220.545339215718
2395 220.545339215718
2395 8.92722943433133
2395 25.3050304330572
2395 25.3050304330572
2395 0.166258346232527
2395 0.166258346232527
2395 0.104504418681071
2395 0
2395 0
2395 0.0832249328304159
2395 16.8602220210468
2395 16.8602220210468
2395 0
2395 0.77661884864794
2395 0
2395 0
2395 0.888014056052162
2395 9.54812026272255
2395 9.54812026272255
2442 220.545339215718
2442 220.545339215718
2442 220.545339215718
2442 8.92722943433133
2442 25.3050304330572
2442 25.3050304330572
2442 0.166258346232527
2442 0.166258346232527
2442 0.104504418681071
2442 0
2442 0
2442 0.0832249328304159
2442 16.8602220210468
2442 16.8602220210468
2442 0
2442 0.77661884864794
2442 0
2442 0
2442 0.888014056052162
2442 9.54812026272255
2442 9.54812026272255
2444 220.545339215718
2444 220.545339215718
2444 220.545339215718
2444 8.92722943433133
2444 25.3050304330572
2444 25.3050304330572
2444 0.166258346232527
2444 0.166258346232527
2444 0.104504418681071
2444 0
2444 0
2444 0.0832249328304159
2444 16.8602220210468
2444 16.8602220210468
2444 0
2444 0.77661884864794
2444 0
2444 0
2444 0.888014056052162
2444 9.54812026272255
2444 9.54812026272255
8608 220.545339215718
8608 220.545339215718
8608 220.545339215718
8608 8.92722943433133
8608 25.3050304330572
8608 25.3050304330572
8608 0.166258346232527
8608 0.166258346232527
8608 0.104504418681071
8608 0
8608 0
8608 0.0832249328304159
8608 16.8602220210468
8608 16.8602220210468
8608 0
8608 0.77661884864794
8608 0
8608 0
8608 0.888014056052162
8608 9.54812026272255
8608 9.54812026272255
2541 220.545339215718
2541 220.545339215718
2541 220.545339215718
2541 8.92722943433133
2541 25.3050304330572
2541 25.3050304330572
2541 0.166258346232527
2541 0.166258346232527
2541 0.104504418681071
2541 0
2541 0
2541 0.0832249328304159
2541 16.8602220210468
2541 16.8602220210468
2541 0
2541 0.77661884864794
2541 0
2541 0
2541 0.888014056052162
2541 9.54812026272255
2541 9.54812026272255
2544 220.545339215718
2544 220.545339215718
2544 220.545339215718
2544 8.92722943433133
2544 25.3050304330572
2544 25.3050304330572
2544 0.166258346232527
2544 0.166258346232527
2544 0.104504418681071
2544 0
2544 0
2544 0.0832249328304159
2544 16.8602220210468
2544 16.8602220210468
2544 0
2544 0.77661884864794
2544 0
2544 0
2544 0.888014056052162
2544 9.54812026272255
2544 9.54812026272255
2589 220.545339215718
2589 220.545339215718
2589 220.545339215718
2589 8.92722943433133
2589 25.3050304330572
2589 25.3050304330572
2589 0.166258346232527
2589 0.166258346232527
2589 0.104504418681071
2589 0
2589 0
2589 0.0832249328304159
2589 16.8602220210468
2589 16.8602220210468
2589 0
2589 0.77661884864794
2589 0
2589 0
2589 0.888014056052162
2589 9.54812026272255
2589 9.54812026272255
2590 220.545339215718
2590 220.545339215718
2590 220.545339215718
2590 8.92722943433133
2590 25.3050304330572
2590 25.3050304330572
2590 0.166258346232527
2590 0.166258346232527
2590 0.104504418681071
2590 0
2590 0
2590 0.0832249328304159
2590 16.8602220210468
2590 16.8602220210468
2590 0
2590 0.77661884864794
2590 0
2590 0
2590 0.888014056052162
2590 9.54812026272255
2590 9.54812026272255
2593 220.545339215718
2593 220.545339215718
2593 220.545339215718
2593 8.92722943433133
2593 25.3050304330572
2593 25.3050304330572
2593 0.166258346232527
2593 0.166258346232527
2593 0.104504418681071
2593 0
2593 0
2593 0.0832249328304159
2593 16.8602220210468
2593 16.8602220210468
2593 0
2593 0.77661884864794
2593 0
2593 0
2593 0.888014056052162
2593 9.54812026272255
2593 9.54812026272255
2595 220.545339215718
2595 220.545339215718
2595 220.545339215718
2595 8.92722943433133
2595 25.3050304330572
2595 25.3050304330572
2595 0.166258346232527
2595 0.166258346232527
2595 0.104504418681071
2595 0
2595 0
2595 0.0832249328304159
2595 16.8602220210468
2595 16.8602220210468
2595 0
2595 0.77661884864794
2595 0
2595 0
2595 0.888014056052162
2595 9.54812026272255
2595 9.54812026272255
2642 220.545339215718
2642 220.545339215718
2642 220.545339215718
2642 8.92722943433133
2642 25.3050304330572
2642 25.3050304330572
2642 0.166258346232527
2642 0.166258346232527
2642 0.104504418681071
2642 0
2642 0
2642 0.0832249328304159
2642 16.8602220210468
2642 16.8602220210468
2642 0
2642 0.77661884864794
2642 0
2642 0
2642 0.888014056052162
2642 9.54812026272255
2642 9.54812026272255
2643 220.545339215718
2643 220.545339215718
2643 220.545339215718
2643 8.92722943433133
2643 25.3050304330572
2643 25.3050304330572
2643 0.166258346232527
2643 0.166258346232527
2643 0.104504418681071
2643 0
2643 0
2643 0.0832249328304159
2643 16.8602220210468
2643 16.8602220210468
2643 0
2643 0.77661884864794
2643 0
2643 0
2643 0.888014056052162
2643 9.54812026272255
2643 9.54812026272255
2644 220.545339215718
2644 220.545339215718
2644 220.545339215718
2644 8.92722943433133
2644 25.3050304330572
2644 25.3050304330572
2644 0.166258346232527
2644 0.166258346232527
2644 0.104504418681071
2644 0
2644 0
2644 0.0832249328304159
2644 16.8602220210468
2644 16.8602220210468
2644 0
2644 0.77661884864794
2644 0
2644 0
2644 0.888014056052162
2644 9.54812026272255
2644 9.54812026272255
2647 220.545339215718
2647 220.545339215718
2647 220.545339215718
2647 8.92722943433133
2647 25.3050304330572
2647 25.3050304330572
2647 0.166258346232527
2647 0.166258346232527
2647 0.104504418681071
2647 0
2647 0
2647 0.0832249328304159
2647 16.8602220210468
2647 16.8602220210468
2647 0
2647 0.77661884864794
2647 0
2647 0
2647 0.888014056052162
2647 9.54812026272255
2647 9.54812026272255
2739 220.545339215718
2739 220.545339215718
2739 220.545339215718
2739 8.92722943433133
2739 25.3050304330572
2739 25.3050304330572
2739 0.166258346232527
2739 0.166258346232527
2739 0.104504418681071
2739 0
2739 0
2739 0.0832249328304159
2739 16.8602220210468
2739 16.8602220210468
2739 0
2739 0.77661884864794
2739 0
2739 0
2739 0.888014056052162
2739 9.54812026272255
2739 9.54812026272255
2695 220.545339215718
2695 220.545339215718
2695 220.545339215718
2695 8.92722943433133
2695 25.3050304330572
2695 25.3050304330572
2695 0.166258346232527
2695 0.166258346232527
2695 0.104504418681071
2695 0
2695 0
2695 0.0832249328304159
2695 16.8602220210468
2695 16.8602220210468
2695 0
2695 0.77661884864794
2695 0
2695 0
2695 0.888014056052162
2695 9.54812026272255
2695 9.54812026272255
2696 220.545339215718
2696 220.545339215718
2696 220.545339215718
2696 8.92722943433133
2696 25.3050304330572
2696 25.3050304330572
2696 0.166258346232527
2696 0.166258346232527
2696 0.104504418681071
2696 0
2696 0
2696 0.0832249328304159
2696 16.8602220210468
2696 16.8602220210468
2696 0
2696 0.77661884864794
2696 0
2696 0
2696 0.888014056052162
2696 9.54812026272255
2696 9.54812026272255
2697 220.545339215718
2697 220.545339215718
2697 220.545339215718
2697 8.92722943433133
2697 25.3050304330572
2697 25.3050304330572
2697 0.166258346232527
2697 0.166258346232527
2697 0.104504418681071
2697 0
2697 0
2697 0.0832249328304159
2697 16.8602220210468
2697 16.8602220210468
2697 0
2697 0.77661884864794
2697 0
2697 0
2697 0.888014056052162
2697 9.54812026272255
2697 9.54812026272255
2698 220.545339215718
2698 220.545339215718
2698 220.545339215718
2698 8.92722943433133
2698 25.3050304330572
2698 25.3050304330572
2698 0.166258346232527
2698 0.166258346232527
2698 0.104504418681071
2698 0
2698 0
2698 0.0832249328304159
2698 16.8602220210468
2698 16.8602220210468
2698 0
2698 0.77661884864794
2698 0
2698 0
2698 0.888014056052162
2698 9.54812026272255
2698 9.54812026272255
2699 220.545339215718
2699 220.545339215718
2699 220.545339215718
2699 8.92722943433133
2699 25.3050304330572
2699 25.3050304330572
2699 0.166258346232527
2699 0.166258346232527
2699 0.104504418681071
2699 0
2699 0
2699 0.0832249328304159
2699 16.8602220210468
2699 16.8602220210468
2699 0
2699 0.77661884864794
2699 0
2699 0
2699 0.888014056052162
2699 9.54812026272255
2699 9.54812026272255
2745 220.545339215718
2745 220.545339215718
2745 220.545339215718
2745 8.92722943433133
2745 25.3050304330572
2745 25.3050304330572
2745 0.166258346232527
2745 0.166258346232527
2745 0.104504418681071
2745 0
2745 0
2745 0.0832249328304159
2745 16.8602220210468
2745 16.8602220210468
2745 0
2745 0.77661884864794
2745 0
2745 0
2745 0.888014056052162
2745 9.54812026272255
2745 9.54812026272255
2746 220.545339215718
2746 220.545339215718
2746 220.545339215718
2746 8.92722943433133
2746 25.3050304330572
2746 25.3050304330572
2746 0.166258346232527
2746 0.166258346232527
2746 0.104504418681071
2746 0
2746 0
2746 0.0832249328304159
2746 16.8602220210468
2746 16.8602220210468
2746 0
2746 0.77661884864794
2746 0
2746 0
2746 0.888014056052162
2746 9.54812026272255
2746 9.54812026272255
2748 220.545339215718
2748 220.545339215718
2748 220.545339215718
2748 8.92722943433133
2748 25.3050304330572
2748 25.3050304330572
2748 0.166258346232527
2748 0.166258346232527
2748 0.104504418681071
2748 0
2748 0
2748 0.0832249328304159
2748 16.8602220210468
2748 16.8602220210468
2748 0
2748 0.77661884864794
2748 0
2748 0
2748 0.888014056052162
2748 9.54812026272255
2748 9.54812026272255
2749 220.545339215718
2749 220.545339215718
2749 220.545339215718
2749 8.92722943433133
2749 25.3050304330572
2749 25.3050304330572
2749 0.166258346232527
2749 0.166258346232527
2749 0.104504418681071
2749 0
2749 0
2749 0.0832249328304159
2749 16.8602220210468
2749 16.8602220210468
2749 0
2749 0.77661884864794
2749 0
2749 0
2749 0.888014056052162
2749 9.54812026272255
2749 9.54812026272255
2798 220.545339215718
2798 220.545339215718
2798 220.545339215718
2798 8.92722943433133
2798 25.3050304330572
2798 25.3050304330572
2798 0.166258346232527
2798 0.166258346232527
2798 0.104504418681071
2798 0
2798 0
2798 0.0832249328304159
2798 16.8602220210468
2798 16.8602220210468
2798 0
2798 0.77661884864794
2798 0
2798 0
2798 0.888014056052162
2798 9.54812026272255
2798 9.54812026272255
2800 220.545339215718
2800 220.545339215718
2800 220.545339215718
2800 8.92722943433133
2800 25.3050304330572
2800 25.3050304330572
2800 0.166258346232527
2800 0.166258346232527
2800 0.104504418681071
2800 0
2800 0
2800 0.0832249328304159
2800 16.8602220210468
2800 16.8602220210468
2800 0
2800 0.77661884864794
2800 0
2800 0
2800 0.888014056052162
2800 9.54812026272255
2800 9.54812026272255
2801 220.545339215718
2801 220.545339215718
2801 220.545339215718
2801 8.92722943433133
2801 25.3050304330572
2801 25.3050304330572
2801 0.166258346232527
2801 0.166258346232527
2801 0.104504418681071
2801 0
2801 0
2801 0.0832249328304159
2801 16.8602220210468
2801 16.8602220210468
2801 0
2801 0.77661884864794
2801 0
2801 0
2801 0.888014056052162
2801 9.54812026272255
2801 9.54812026272255
2898 220.545339215718
2898 220.545339215718
2898 220.545339215718
2898 8.92722943433133
2898 25.3050304330572
2898 25.3050304330572
2898 0.166258346232527
2898 0.166258346232527
2898 0.104504418681071
2898 0
2898 0
2898 0.0832249328304159
2898 16.8602220210468
2898 16.8602220210468
2898 0
2898 0.77661884864794
2898 0
2898 0
2898 0.888014056052162
2898 9.54812026272255
2898 9.54812026272255
2850 220.545339215718
2850 220.545339215718
2850 220.545339215718
2850 8.92722943433133
2850 25.3050304330572
2850 25.3050304330572
2850 0.166258346232527
2850 0.166258346232527
2850 0.104504418681071
2850 0
2850 0
2850 0.0832249328304159
2850 16.8602220210468
2850 16.8602220210468
2850 0
2850 0.77661884864794
2850 0
2850 0
2850 0.888014056052162
2850 9.54812026272255
2850 9.54812026272255
2953 220.545339215718
2953 220.545339215718
2953 220.545339215718
2953 8.92722943433133
2953 25.3050304330572
2953 25.3050304330572
2953 0.166258346232527
2953 0.166258346232527
2953 0.104504418681071
2953 0
2953 0
2953 0.0832249328304159
2953 16.8602220210468
2953 16.8602220210468
2953 0
2953 0.77661884864794
2953 0
2953 0
2953 0.888014056052162
2953 9.54812026272255
2953 9.54812026272255
2905 220.545339215718
2905 220.545339215718
2905 220.545339215718
2905 8.92722943433133
2905 25.3050304330572
2905 25.3050304330572
2905 0.166258346232527
2905 0.166258346232527
2905 0.104504418681071
2905 0
2905 0
2905 0.0832249328304159
2905 16.8602220210468
2905 16.8602220210468
2905 0
2905 0.77661884864794
2905 0
2905 0
2905 0.888014056052162
2905 9.54812026272255
2905 9.54812026272255
2906 220.545339215718
2906 220.545339215718
2906 220.545339215718
2906 8.92722943433133
2906 25.3050304330572
2906 25.3050304330572
2906 0.166258346232527
2906 0.166258346232527
2906 0.104504418681071
2906 0
2906 0
2906 0.0832249328304159
2906 16.8602220210468
2906 16.8602220210468
2906 0
2906 0.77661884864794
2906 0
2906 0
2906 0.888014056052162
2906 9.54812026272255
2906 9.54812026272255
3066 220.545339215718
3066 220.545339215718
3066 220.545339215718
3066 8.92722943433133
3066 25.3050304330572
3066 25.3050304330572
3066 0.166258346232527
3066 0.166258346232527
3066 0.104504418681071
3066 0
3066 0
3066 0.0832249328304159
3066 16.8602220210468
3066 16.8602220210468
3066 0
3066 0.77661884864794
3066 0
3066 0
3066 0.888014056052162
3066 9.54812026272255
3066 9.54812026272255
