pt_graph scale
14 418.104831492066
14 418.104831492066
14 418.104831492066
14 16.2976506140842
14 46.407466436374
14 46.407466436374
14 0.208960843373494
14 0.208960843373494
14 0.120625281164897
14 0
14 0
14 0.160325333507038
14 28.3919163700434
14 28.3919163700434
14 0
14 0.77906543442073
14 0
14 0
14 1.0345236079077
14 18.8755115600355
14 18.8755115600355
8776 418.104831492066
8776 418.104831492066
8776 418.104831492066
8776 16.2976506140842
8776 46.407466436374
8776 46.407466436374
8776 0.208960843373494
8776 0.208960843373494
8776 0.120625281164897
8776 0
8776 0
8776 0.160325333507038
8776 28.3919163700434
8776 28.3919163700434
8776 0
8776 0.77906543442073
8776 0
8776 0
8776 1.0345236079077
8776 18.8755115600355
8776 18.8755115600355
18 418.104831492066
18 418.104831492066
18 418.104831492066
18 16.2976506140842
18 46.407466436374
18 46.407466436374
18 0.208960843373494
18 0.208960843373494
18 0.120625281164897
18 0
18 0
18 0.160325333507038
18 28.3919163700434
18 28.3919163700434
18 0
18 0.77906543442073
18 0
18 0
18 1.0345236079077
18 18.8755115600355
18 18.8755115600355
25 418.104831492066
25 418.104831492066
25 418.104831492066
25 16.2976506140842
25 46.407466436374
25 46.407466436374
25 0.208960843373494
25 0.208960843373494
25 0.120625281164897
25 0
25 0
25 0.160325333507038
25 28.3919163700434
25 28.3919163700434
25 0
25 0.77906543442073
25 0
25 0
25 1.0345236079077
25 18.8755115600355
25 18.8755115600355
26 418.104831492066
26 418.104831492066
26 418.104831492066
26 16.2976506140842
26 46.407466436374
26 46.407466436374
26 0.208960843373494
26 0.208960843373494
26 0.120625281164897
26 0
26 0
26 0.160325333507038
26 28.3919163700434
26 28.3919163700434
26 0
26 0.77906543442073
26 0
26 0
26 1.0345236079077
26 18.8755115600355
26 18.8755115600355
38 418.104831492066
38 418.104831492066
38 418.104831492066
38 16.2976506140842
38 46.407466436374
38 46.407466436374
38 0.208960843373494
38 0.208960843373494
38 0.120625281164897
38 0
38 0
38 0.160325333507038
38 28.3919163700434
38 28.3919163700434
38 0
38 0.77906543442073
38 0
38 0
38 1.0345236079077
38 18.8755115600355
38 18.8755115600355
39 418.104831492066
39 418.104831492066
39 418.104831492066
39 16.2976506140842
39 46.407466436374
39 46.407466436374
39 0.208960843373494
39 0.208960843373494
39 0.120625281164897
39 0
39 0
39 0.160325333507038
39 28.3919163700434
39 28.3919163700434
39 0
39 0.77906543442073
39 0
39 0
39 1.0345236079077
39 18.8755115600355
39 18.8755115600355
115 418.104831492066
115 418.104831492066
115 418.104831492066
115 16.2976506140842
115 46.407466436374
115 46.407466436374
115 0.208960843373494
115 0.208960843373494
115 0.120625281164897
115 0
115 0
115 0.160325333507038
115 28.3919163700434
115 28.3919163700434
115 0
115 0.77906543442073
115 0
115 0
115 1.0345236079077
115 18.8755115600355
115 18.8755115600355
161 418.104831492066
161 418.104831492066
161 418.104831492066
161 16.2976506140842
161 46.407466436374
161 46.407466436374
161 0.208960843373494
161 0.208960843373494
161 0.120625281164897
161 0
161 0
161 0.160325333507038
161 28.3919163700434
161 28.3919163700434
161 0
161 0.77906543442073
161 0
161 0
161 1.0345236079077
161 18.8755115600355
161 18.8755115600355
259 418.104831492066
259 418.104831492066
259 418.104831492066
259 16.2976506140842
259 46.407466436374
259 46.407466436374
259 0.208960843373494
259 0.208960843373494
259 0.120625281164897
259 0
259 0
259 0.160325333507038
259 28.3919163700434
259 28.3919163700434
259 0
259 0.77906543442073
259 0
259 0
259 1.0345236079077
259 18.8755115600355
259 18.8755115600355
186 418.104831492066
186 418.104831492066
186 418.104831492066
186 16.2976506140842
186 46.407466436374
186 46.407466436374
186 0.208960843373494
186 0.208960843373494
186 0.120625281164897
186 0
186 0
186 0.160325333507038
186 28.3919163700434
186 28.3919163700434
186 0
186 0.77906543442073
186 0
186 0
186 1.0345236079077
186 18.8755115600355
186 18.8755115600355
230 418.104831492066
230 418.104831492066
230 418.104831492066
230 16.2976506140842
230 46.407466436374
230 46.407466436374
230 0.208960843373494
230 0.208960843373494
230 0.120625281164897
230 0
230 0
230 0.160325333507038
230 28.3919163700434
230 28.3919163700434
230 0
230 0.77906543442073
230 0
230 0
230 1.0345236079077
230 18.8755115600355
230 18.8755115600355
232 418.104831492066
232 418.104831492066
232 418.104831492066
232 16.2976506140842
232 46.407466436374
232 46.407466436374
232 0.208960843373494
232 0.208960843373494
232 0.120625281164897
232 0
232 0
232 0.160325333507038
232 28.3919163700434
232 28.3919163700434
232 0
232 0.77906543442073
232 0
232 0
232 1.0345236079077
232 18.8755115600355
232 18.8755115600355
233 418.104831492066
233 418.104831492066
233 418.104831492066
233 16.2976506140842
233 46.407466436374
233 46.407466436374
233 0.208960843373494
233 0.208960843373494
233 0.120625281164897
233 0
233 0
233 0.160325333507038
233 28.3919163700434
233 28.3919163700434
233 0
233 0.77906543442073
233 0
233 0
233 1.0345236079077
233 18.8755115600355
233 18.8755115600355
504 418.104831492066
504 418.104831492066
504 418.104831492066
504 16.2976506140842
504 46.407466436374
504 46.407466436374
504 0.208960843373494
504 0.208960843373494
504 0.120625281164897
504 0
504 0
504 0.160325333507038
504 28.3919163700434
504 28.3919163700434
504 0
504 0.77906543442073
504 0
504 0
504 1.0345236079077
504 18.8755115600355
504 18.8755115600355
276 418.104831492066
276 418.104831492066
276 418.104831492066
276 16.2976506140842
276 46.407466436374
276 46.407466436374
276 0.208960843373494
276 0.208960843373494
276 0.120625281164897
276 0
276 0
276 0.160325333507038
276 28.3919163700434
276 28.3919163700434
276 0
276 0.77906543442073
276 0
276 0
276 1.0345236079077
276 18.8755115600355
276 18.8755115600355
279 418.104831492066
279 418.104831492066
279 418.104831492066
279 16.2976506140842
279 46.407466436374
279 46.407466436374
279 0.208960843373494
279 0.208960843373494
279 0.120625281164897
279 0
279 0
279 0.160325333507038
279 28.3919163700434
279 28.3919163700434
279 0
279 0.77906543442073
279 0
279 0
279 1.0345236079077
279 18.8755115600355
279 18.8755115600355
583 418.104831492066
583 418.104831492066
583 418.104831492066
583 16.2976506140842
583 46.407466436374
583 46.407466436374
583 0.208960843373494
583 0.208960843373494
583 0.120625281164897
583 0
583 0
583 0.160325333507038
583 28.3919163700434
583 28.3919163700434
583 0
583 0.77906543442073
583 0
583 0
583 1.0345236079077
583 18.8755115600355
583 18.8755115600355
402 418.104831492066
402 418.104831492066
402 418.104831492066
402 16.2976506140842
402 46.407466436374
402 46.407466436374
402 0.208960843373494
402 0.208960843373494
402 0.120625281164897
402 0
402 0
402 0.160325333507038
402 28.3919163700434
402 28.3919163700434
402 0
402 0.77906543442073
402 0
402 0
402 1.0345236079077
402 18.8755115600355
402 18.8755115600355
741 418.104831492066
741 418.104831492066
741 418.104831492066
741 16.2976506140842
741 46.407466436374
741 46.407466436374
741 0.208960843373494
741 0.208960843373494
741 0.120625281164897
741 0
741 0
741 0.160325333507038
741 28.3919163700434
741 28.3919163700434
741 0
741 0.77906543442073
741 0
741 0
741 1.0345236079077
741 18.8755115600355
741 18.8755115600355
464 418.104831492066
464 418.104831492066
464 418.104831492066
464 16.2976506140842
464 46.407466436374
464 46.407466436374
464 0.208960843373494
464 0.208960843373494
464 0.120625281164897
464 0
464 0
464 0.160325333507038
464 28.3919163700434
464 28.3919163700434
464 0
464 0.77906543442073
464 0
464 0
464 1.0345236079077
464 18.8755115600355
464 18.8755115600355
465 418.104831492066
465 418.104831492066
465 418.104831492066
465 16.2976506140842
465 46.407466436374
465 46.407466436374
465 0.208960843373494
465 0.208960843373494
465 0.120625281164897
465 0
465 0
465 0.160325333507038
465 28.3919163700434
465 28.3919163700434
465 0
465 0.77906543442073
465 0
465 0
465 1.0345236079077
465 18.8755115600355
465 18.8755115600355
469 418.104831492066
469 418.104831492066
469 418.104831492066
469 16.2976506140842
469 46.407466436374
469 46.407466436374
469 0.208960843373494
469 0.208960843373494
469 0.120625281164897
469 0
469 0
469 0.160325333507038
469 28.3919163700434
469 28.3919163700434
469 0
469 0.77906543442073
469 0
469 0
469 1.0345236079077
469 18.8755115600355
469 18.8755115600355
477 418.104831492066
477 418.104831492066
477 418.104831492066
477 16.2976506140842
477 46.407466436374
477 46.407466436374
477 0.208960843373494
477 0.208960843373494
477 0.120625281164897
477 0
477 0
477 0.160325333507038
477 28.3919163700434
477 28.3919163700434
477 0
477 0.77906543442073
477 0
477 0
477 1.0345236079077
477 18.8755115600355
477 18.8755115600355
539 418.104831492066
539 418.104831492066
539 418.104831492066
539 16.2976506140842
539 46.407466436374
539 46.407466436374
539 0.208960843373494
539 0.208960843373494
539 0.120625281164897
539 0
539 0
539 0.160325333507038
539 28.3919163700434
539 28.3919163700434
539 0
539 0.77906543442073
539 0
539 0
539 1.0345236079077
539 18.8755115600355
539 18.8755115600355
540 418.104831492066
540 418.104831492066
540 418.104831492066
540 16.2976506140842
540 46.407466436374
540 46.407466436374
540 0.208960843373494
540 0.208960843373494
540 0.120625281164897
540 0
540 0
540 0.160325333507038
540 28.3919163700434
540 28.3919163700434
540 0
540 0.77906543442073
540 0
540 0
540 1.0345236079077
540 18.8755115600355
540 18.8755115600355
541 418.104831492066
541 418.104831492066
541 418.104831492066
541 16.2976506140842
541 46.407466436374
541 46.407466436374
541 0.208960843373494
541 0.208960843373494
541 0.120625281164897
541 0
541 0
541 0.160325333507038
541 28.3919163700434
541 28.3919163700434
541 0
541 0.77906543442073
541 0
541 0
541 1.0345236079077
541 18.8755115600355
541 18.8755115600355
604 418.104831492066
604 418.104831492066
604 418.104831492066
604 16.2976506140842
604 46.407466436374
604 46.407466436374
604 0.208960843373494
604 0.208960843373494
604 0.120625281164897
604 0
604 0
604 0.160325333507038
604 28.3919163700434
604 28.3919163700434
604 0
604 0.77906543442073
604 0
604 0
604 1.0345236079077
604 18.8755115600355
604 18.8755115600355
542 418.104831492066
542 418.104831492066
542 418.104831492066
542 16.2976506140842
542 46.407466436374
542 46.407466436374
542 0.208960843373494
542 0.208960843373494
542 0.120625281164897
542 0
542 0
542 0.160325333507038
542 28.3919163700434
542 28.3919163700434
542 0
542 0.77906543442073
542 0
542 0
542 1.0345236079077
542 18.8755115600355
542 18.8755115600355
675 418.104831492066
675 418.104831492066
675 418.104831492066
675 16.2976506140842
675 46.407466436374
675 46.407466436374
675 0.208960843373494
675 0.208960843373494
675 0.120625281164897
675 0
675 0
675 0.160325333507038
675 28.3919163700434
675 28.3919163700434
675 0
675 0.77906543442073
675 0
675 0
675 1.0345236079077
675 18.8755115600355
675 18.8755115600355
615 418.104831492066
615 418.104831492066
615 418.104831492066
615 16.2976506140842
615 46.407466436374
615 46.407466436374
615 0.208960843373494
615 0.208960843373494
615 0.120625281164897
615 0
615 0
615 0.160325333507038
615 28.3919163700434
615 28.3919163700434
615 0
615 0.77906543442073
615 0
615 0
615 1.0345236079077
615 18.8755115600355
615 18.8755115600355
563 418.104831492066
563 418.104831492066
563 418.104831492066
563 16.2976506140842
563 46.407466436374
563 46.407466436374
563 0.208960843373494
563 0.208960843373494
563 0.120625281164897
563 0
563 0
563 0.160325333507038
563 28.3919163700434
563 28.3919163700434
563 0
563 0.77906543442073
563 0
563 0
563 1.0345236079077
563 18.8755115600355
563 18.8755115600355
617 418.104831492066
617 418.104831492066
617 418.104831492066
617 16.2976506140842
617 46.407466436374
617 46.407466436374
617 0.208960843373494
617 0.208960843373494
617 0.120625281164897
617 0
617 0
617 0.160325333507038
617 28.3919163700434
617 28.3919163700434
617 0
617 0.77906543442073
617 0
617 0
617 1.0345236079077
617 18.8755115600355
617 18.8755115600355
618 418.104831492066
618 418.104831492066
618 418.104831492066
618 16.2976506140842
618 46.407466436374
618 46.407466436374
618 0.208960843373494
618 0.208960843373494
618 0.120625281164897
618 0
618 0
618 0.160325333507038
618 28.3919163700434
618 28.3919163700434
618 0
618 0.77906543442073
618 0
618 0
618 1.0345236079077
618 18.8755115600355
618 18.8755115600355
619 418.104831492066
619 418.104831492066
619 418.104831492066
619 16.2976506140842
619 46.407466436374
619 46.407466436374
619 0.208960843373494
619 0.208960843373494
619 0.120625281164897
619 0
619 0
619 0.160325333507038
619 28.3919163700434
619 28.3919163700434
619 0
619 0.77906543442073
619 0
619 0
619 1.0345236079077
619 18.8755115600355
619 18.8755115600355
692 418.104831492066
692 418.104831492066
692 418.104831492066
692 16.2976506140842
692 46.407466436374
692 46.407466436374
692 0.208960843373494
692 0.208960843373494
692 0.120625281164897
692 0
692 0
692 0.160325333507038
692 28.3919163700434
692 28.3919163700434
692 0
692 0.77906543442073
692 0
692 0
692 1.0345236079077
692 18.8755115600355
692 18.8755115600355
693 418.104831492066
693 418.104831492066
693 418.104831492066
693 16.2976506140842
693 46.407466436374
693 46.407466436374
693 0.208960843373494
693 0.208960843373494
693 0.120625281164897
693 0
693 0
693 0.160325333507038
693 28.3919163700434
693 28.3919163700434
693 0
693 0.77906543442073
693 0
693 0
693 1.0345236079077
693 18.8755115600355
693 18.8755115600355
694 418.104831492066
694 418.104831492066
694 418.104831492066
694 16.2976506140842
694 46.407466436374
694 46.407466436374
694 0.208960843373494
694 0.208960843373494
694 0.120625281164897
694 0
694 0
694 0.160325333507038
694 28.3919163700434
694 28.3919163700434
694 0
694 0.77906543442073
694 0
694 0
694 1.0345236079077
694 18.8755115600355
694 18.8755115600355
695 418.104831492066
695 418.104831492066
695 418.104831492066
695 16.2976506140842
695 46.407466436374
695 46.407466436374
695 0.208960843373494
695 0.208960843373494
695 0.120625281164897
695 0
695 0
695 0.160325333507038
695 28.3919163700434
695 28.3919163700434
695 0
695 0.77906543442073
695 0
695 0
695 1.0345236079077
695 18.8755115600355
695 18.8755115600355
836 418.104831492066
836 418.104831492066
836 418.104831492066
836 16.2976506140842
836 46.407466436374
836 46.407466436374
836 0.208960843373494
836 0.208960843373494
836 0.120625281164897
836 0
836 0
836 0.160325333507038
836 28.3919163700434
836 28.3919163700434
836 0
836 0.77906543442073
836 0
836 0
836 1.0345236079077
836 18.8755115600355
836 18.8755115600355
838 418.104831492066
838 418.104831492066
838 418.104831492066
838 16.2976506140842
838 46.407466436374
838 46.407466436374
838 0.208960843373494
838 0.208960843373494
838 0.120625281164897
838 0
838 0
838 0.160325333507038
838 28.3919163700434
838 28.3919163700434
838 0
838 0.77906543442073
838 0
838 0
838 1.0345236079077
838 18.8755115600355
838 18.8755115600355
843 418.104831492066
843 418.104831492066
843 418.104831492066
843 16.2976506140842
843 46.407466436374
843 46.407466436374
843 0.208960843373494
843 0.208960843373494
843 0.120625281164897
843 0
843 0
843 0.160325333507038
843 28.3919163700434
843 28.3919163700434
843 0
843 0.77906543442073
843 0
843 0
843 1.0345236079077
843 18.8755115600355
843 18.8755115600355
773 418.104831492066
773 418.104831492066
773 418.104831492066
773 16.2976506140842
773 46.407466436374
773 46.407466436374
773 0.208960843373494
773 0.208960843373494
773 0.120625281164897
773 0
773 0
773 0.160325333507038
773 28.3919163700434
773 28.3919163700434
773 0
773 0.77906543442073
773 0
773 0
773 1.0345236079077
773 18.8755115600355
773 18.8755115600355
774 418.104831492066
774 418.104831492066
774 418.104831492066
774 16.2976506140842
774 46.407466436374
774 46.407466436374
774 0.208960843373494
774 0.208960843373494
774 0.120625281164897
774 0
774 0
774 0.160325333507038
774 28.3919163700434
774 28.3919163700434
774 0
774 0.77906543442073
774 0
774 0
774 1.0345236079077
774 18.8755115600355
774 18.8755115600355
775 418.104831492066
775 418.104831492066
775 418.104831492066
775 16.2976506140842
775 46.407466436374
775 46.407466436374
775 0.208960843373494
775 0.208960843373494
775 0.120625281164897
775 0
775 0
775 0.160325333507038
775 28.3919163700434
775 28.3919163700434
775 0
775 0.77906543442073
775 0
775 0
775 1.0345236079077
775 18.8755115600355
775 18.8755115600355
915 418.104831492066
915 418.104831492066
915 418.104831492066
915 16.2976506140842
915 46.407466436374
915 46.407466436374
915 0.208960843373494
915 0.208960843373494
915 0.120625281164897
915 0
915 0
915 0.160325333507038
915 28.3919163700434
915 28.3919163700434
915 0
915 0.77906543442073
915 0
915 0
915 1.0345236079077
915 18.8755115600355
915 18.8755115600355
786 418.104831492066
786 418.104831492066
786 418.104831492066
786 16.2976506140842
786 46.407466436374
786 46.407466436374
786 0.208960843373494
786 0.208960843373494
786 0.120625281164897
786 0
786 0
786 0.160325333507038
786 28.3919163700434
786 28.3919163700434
786 0
786 0.77906543442073
786 0
786 0
786 1.0345236079077
786 18.8755115600355
786 18.8755115600355
920 418.104831492066
920 418.104831492066
920 418.104831492066
920 16.2976506140842
920 46.407466436374
920 46.407466436374
920 0.208960843373494
920 0.208960843373494
920 0.120625281164897
920 0
920 0
920 0.160325333507038
920 28.3919163700434
920 28.3919163700434
920 0
920 0.77906543442073
920 0
920 0
920 1.0345236079077
920 18.8755115600355
920 18.8755115600355
788 418.104831492066
788 418.104831492066
788 418.104831492066
788 16.2976506140842
788 46.407466436374
788 46.407466436374
788 0.208960843373494
788 0.208960843373494
788 0.120625281164897
788 0
788 0
788 0.160325333507038
788 28.3919163700434
788 28.3919163700434
788 0
788 0.77906543442073
788 0
788 0
788 1.0345236079077
788 18.8755115600355
788 18.8755115600355
855 418.104831492066
855 418.104831492066
855 418.104831492066
855 16.2976506140842
855 46.407466436374
855 46.407466436374
855 0.208960843373494
855 0.208960843373494
855 0.120625281164897
855 0
855 0
855 0.160325333507038
855 28.3919163700434
855 28.3919163700434
855 0
855 0.77906543442073
855 0
855 0
855 1.0345236079077
855 18.8755115600355
855 18.8755115600355
1229 418.104831492066
1229 418.104831492066
1229 418.104831492066
1229 16.2976506140842
1229 46.407466436374
1229 46.407466436374
1229 0.208960843373494
1229 0.208960843373494
1229 0.120625281164897
1229 0
1229 0
1229 0.160325333507038
1229 28.3919163700434
1229 28.3919163700434
1229 0
1229 0.77906543442073
1229 0
1229 0
1229 1.0345236079077
1229 18.8755115600355
1229 18.8755115600355
856 418.104831492066
856 418.104831492066
856 418.104831492066
856 16.2976506140842
856 46.407466436374
856 46.407466436374
856 0.208960843373494
856 0.208960843373494
856 0.120625281164897
856 0
856 0
856 0.160325333507038
856 28.3919163700434
856 28.3919163700434
856 0
856 0.77906543442073
856 0
856 0
856 1.0345236079077
856 18.8755115600355
856 18.8755115600355
935 418.104831492066
935 418.104831492066
935 418.104831492066
935 16.2976506140842
935 46.407466436374
935 46.407466436374
935 0.208960843373494
935 0.208960843373494
935 0.120625281164897
935 0
935 0
935 0.160325333507038
935 28.3919163700434
935 28.3919163700434
935 0
935 0.77906543442073
935 0
935 0
935 1.0345236079077
935 18.8755115600355
935 18.8755115600355
1009 418.104831492066
1009 418.104831492066
1009 418.104831492066
1009 16.2976506140842
1009 46.407466436374
1009 46.407466436374
1009 0.208960843373494
1009 0.208960843373494
1009 0.120625281164897
1009 0
1009 0
1009 0.160325333507038
1009 28.3919163700434
1009 28.3919163700434
1009 0
1009 0.77906543442073
1009 0
1009 0
1009 1.0345236079077
1009 18.8755115600355
1009 18.8755115600355
8624 418.104831492066
8624 418.104831492066
8624 418.104831492066
8624 16.2976506140842
8624 46.407466436374
8624 46.407466436374
8624 0.208960843373494
8624 0.208960843373494
8624 0.120625281164897
8624 0
8624 0
8624 0.160325333507038
8624 28.3919163700434
8624 28.3919163700434
8624 0
8624 0.77906543442073
8624 0
8624 0
8624 1.0345236079077
8624 18.8755115600355
8624 18.8755115600355
1085 418.104831492066
1085 418.104831492066
1085 418.104831492066
1085 16.2976506140842
1085 46.407466436374
1085 46.407466436374
1085 0.208960843373494
1085 0.208960843373494
1085 0.120625281164897
1085 0
1085 0
1085 0.160325333507038
1085 28.3919163700434
1085 28.3919163700434
1085 0
1085 0.77906543442073
1085 0
1085 0
1085 1.0345236079077
1085 18.8755115600355
1085 18.8755115600355
1091 418.104831492066
1091 418.104831492066
1091 418.104831492066
1091 16.2976506140842
1091 46.407466436374
1091 46.407466436374
1091 0.208960843373494
1091 0.208960843373494
1091 0.120625281164897
1091 0
1091 0
1091 0.160325333507038
1091 28.3919163700434
1091 28.3919163700434
1091 0
1091 0.77906543442073
1091 0
1091 0
1091 1.0345236079077
1091 18.8755115600355
1091 18.8755115600355
1094 418.104831492066
1094 418.104831492066
1094 418.104831492066
1094 16.2976506140842
1094 46.407466436374
1094 46.407466436374
1094 0.208960843373494
1094 0.208960843373494
1094 0.120625281164897
1094 0
1094 0
1094 0.160325333507038
1094 28.3919163700434
1094 28.3919163700434
1094 0
1094 0.77906543442073
1094 0
1094 0
1094 1.0345236079077
1094 18.8755115600355
1094 18.8755115600355
1028 418.104831492066
1028 418.104831492066
1028 418.104831492066
1028 16.2976506140842
1028 46.407466436374
1028 46.407466436374
1028 0.208960843373494
1028 0.208960843373494
1028 0.120625281164897
1028 0
1028 0
1028 0.160325333507038
1028 28.3919163700434
1028 28.3919163700434
1028 0
1028 0.77906543442073
1028 0
1028 0
1028 1.0345236079077
1028 18.8755115600355
1028 18.8755115600355
1029 418.104831492066
1029 418.104831492066
1029 418.104831492066
1029 16.2976506140842
1029 46.407466436374
1029 46.407466436374
1029 0.208960843373494
1029 0.208960843373494
1029 0.120625281164897
1029 0
1029 0
1029 0.160325333507038
1029 28.3919163700434
1029 28.3919163700434
1029 0
1029 0.77906543442073
1029 0
1029 0
1029 1.0345236079077
1029 18.8755115600355
1029 18.8755115600355
1030 418.104831492066
1030 418.104831492066
1030 418.104831492066
1030 16.2976506140842
1030 46.407466436374
1030 46.407466436374
1030 0.208960843373494
1030 0.208960843373494
1030 0.120625281164897
1030 0
1030 0
1030 0.160325333507038
1030 28.3919163700434
1030 28.3919163700434
1030 0
1030 0.77906543442073
1030 0
1030 0
1030 1.0345236079077
1030 18.8755115600355
1030 18.8755115600355
1031 418.104831492066
1031 418.104831492066
1031 418.104831492066
1031 16.2976506140842
1031 46.407466436374
1031 46.407466436374
1031 0.208960843373494
1031 0.208960843373494
1031 0.120625281164897
1031 0
1031 0
1031 0.160325333507038
1031 28.3919163700434
1031 28.3919163700434
1031 0
1031 0.77906543442073
1031 0
1031 0
1031 1.0345236079077
1031 18.8755115600355
1031 18.8755115600355
1032 418.104831492066
1032 418.104831492066
1032 418.104831492066
1032 16.2976506140842
1032 46.407466436374
1032 46.407466436374
1032 0.208960843373494
1032 0.208960843373494
1032 0.120625281164897
1032 0
1032 0
1032 0.160325333507038
1032 28.3919163700434
1032 28.3919163700434
1032 0
1032 0.77906543442073
1032 0
1032 0
1032 1.0345236079077
1032 18.8755115600355
1032 18.8755115600355
1100 418.104831492066
1100 418.104831492066
1100 418.104831492066
1100 16.2976506140842
1100 46.407466436374
1100 46.407466436374
1100 0.208960843373494
1100 0.208960843373494
1100 0.120625281164897
1100 0
1100 0
1100 0.160325333507038
1100 28.3919163700434
1100 28.3919163700434
1100 0
1100 0.77906543442073
1100 0
1100 0
1100 1.0345236079077
1100 18.8755115600355
1100 18.8755115600355
1102 418.104831492066
1102 418.104831492066
1102 418.104831492066
1102 16.2976506140842
1102 46.407466436374
1102 46.407466436374
1102 0.208960843373494
1102 0.208960843373494
1102 0.120625281164897
1102 0
1102 0
1102 0.160325333507038
1102 28.3919163700434
1102 28.3919163700434
1102 0
1102 0.77906543442073
1102 0
1102 0
1102 1.0345236079077
1102 18.8755115600355
1102 18.8755115600355
1396 418.104831492066
1396 418.104831492066
1396 418.104831492066
1396 16.2976506140842
1396 46.407466436374
1396 46.407466436374
1396 0.208960843373494
1396 0.208960843373494
1396 0.120625281164897
1396 0
1396 0
1396 0.160325333507038
1396 28.3919163700434
1396 28.3919163700434
1396 0
1396 0.77906543442073
1396 0
1396 0
1396 1.0345236079077
1396 18.8755115600355
1396 18.8755115600355
1112 418.104831492066
1112 418.104831492066
1112 418.104831492066
1112 16.2976506140842
1112 46.407466436374
1112 46.407466436374
1112 0.208960843373494
1112 0.208960843373494
1112 0.120625281164897
1112 0
1112 0
1112 0.160325333507038
1112 28.3919163700434
1112 28.3919163700434
1112 0
1112 0.77906543442073
1112 0
1112 0
1112 1.0345236079077
1112 18.8755115600355
1112 18.8755115600355
1113 418.104831492066
1113 418.104831492066
1113 418.104831492066
1113 16.2976506140842
1113 46.407466436374
1113 46.407466436374
1113 0.208960843373494
1113 0.208960843373494
1113 0.120625281164897
1113 0
1113 0
1113 0.160325333507038
1113 28.3919163700434
1113 28.3919163700434
1113 0
1113 0.77906543442073
1113 0
1113 0
1113 1.0345236079077
1113 18.8755115600355
1113 18.8755115600355
1114 418.104831492066
1114 418.104831492066
1114 418.104831492066
1114 16.2976506140842
1114 46.407466436374
1114 46.407466436374
1114 0.208960843373494
1114 0.208960843373494
1114 0.120625281164897
1114 0
1114 0
1114 0.160325333507038
1114 28.3919163700434
1114 28.3919163700434
1114 0
1114 0.77906543442073
1114 0
1114 0
1114 1.0345236079077
1114 18.8755115600355
1114 18.8755115600355
1116 418.104831492066
1116 418.104831492066
1116 418.104831492066
1116 16.2976506140842
1116 46.407466436374
1116 46.407466436374
1116 0.208960843373494
1116 0.208960843373494
1116 0.120625281164897
1116 0
1116 0
1116 0.160325333507038
1116 28.3919163700434
1116 28.3919163700434
1116 0
1116 0.77906543442073
1116 0
1116 0
1116 1.0345236079077
1116 18.8755115600355
1116 18.8755115600355
1119 418.104831492066
1119 418.104831492066
1119 418.104831492066
1119 16.2976506140842
1119 46.407466436374
1119 46.407466436374
1119 0.208960843373494
1119 0.208960843373494
1119 0.120625281164897
1119 0
1119 0
1119 0.160325333507038
1119 28.3919163700434
1119 28.3919163700434
1119 0
1119 0.77906543442073
1119 0
1119 0
1119 1.0345236079077
1119 18.8755115600355
1119 18.8755115600355
1185 418.104831492066
1185 418.104831492066
1185 418.104831492066
1185 16.2976506140842
1185 46.407466436374
1185 46.407466436374
1185 0.208960843373494
1185 0.208960843373494
1185 0.120625281164897
1185 0
1185 0
1185 0.160325333507038
1185 28.3919163700434
1185 28.3919163700434
1185 0
1185 0.77906543442073
1185 0
1185 0
1185 1.0345236079077
1185 18.8755115600355
1185 18.8755115600355
1256 418.104831492066
1256 418.104831492066
1256 418.104831492066
1256 16.2976506140842
1256 46.407466436374
1256 46.407466436374
1256 0.208960843373494
1256 0.208960843373494
1256 0.120625281164897
1256 0
1256 0
1256 0.160325333507038
1256 28.3919163700434
1256 28.3919163700434
1256 0
1256 0.77906543442073
1256 0
1256 0
1256 1.0345236079077
1256 18.8755115600355
1256 18.8755115600355
1189 418.104831492066
1189 418.104831492066
1189 418.104831492066
1189 16.2976506140842
1189 46.407466436374
1189 46.407466436374
1189 0.208960843373494
1189 0.208960843373494
1189 0.120625281164897
1189 0
1189 0
1189 0.160325333507038
1189 28.3919163700434
1189 28.3919163700434
1189 0
1189 0.77906543442073
1189 0
1189 0
1189 1.0345236079077
1189 18.8755115600355
1189 18.8755115600355
1190 418.104831492066
1190 418.104831492066
1190 418.104831492066
1190 16.2976506140842
1190 46.407466436374
1190 46.407466436374
1190 0.208960843373494
1190 0.208960843373494
1190 0.120625281164897
1190 0
1190 0
1190 0.160325333507038
1190 28.3919163700434
1190 28.3919163700434
1190 0
1190 0.77906543442073
1190 0
1190 0
1190 1.0345236079077
1190 18.8755115600355
1190 18.8755115600355
1193 418.104831492066
1193 418.104831492066
1193 418.104831492066
1193 16.2976506140842
1193 46.407466436374
1193 46.407466436374
1193 0.208960843373494
1193 0.208960843373494
1193 0.120625281164897
1193 0
1193 0
1193 0.160325333507038
1193 28.3919163700434
1193 28.3919163700434
1193 0
1193 0.77906543442073
1193 0
1193 0
1193 1.0345236079077
1193 18.8755115600355
1193 18.8755115600355
1199 418.104831492066
1199 418.104831492066
1199 418.104831492066
1199 16.2976506140842
1199 46.407466436374
1199 46.407466436374
1199 0.208960843373494
1199 0.208960843373494
1199 0.120625281164897
1199 0
1199 0
1199 0.160325333507038
1199 28.3919163700434
1199 28.3919163700434
1199 0
1199 0.77906543442073
1199 0
1199 0
1199 1.0345236079077
1199 18.8755115600355
1199 18.8755115600355
1200 418.104831492066
1200 418.104831492066
1200 418.104831492066
1200 16.2976506140842
1200 46.407466436374
1200 46.407466436374
1200 0.208960843373494
1200 0.208960843373494
1200 0.120625281164897
1200 0
1200 0
1200 0.160325333507038
1200 28.3919163700434
1200 28.3919163700434
1200 0
1200 0.77906543442073
1200 0
1200 0
1200 1.0345236079077
1200 18.8755115600355
1200 18.8755115600355
1203 418.104831492066
1203 418.104831492066
1203 418.104831492066
1203 16.2976506140842
1203 46.407466436374
1203 46.407466436374
1203 0.208960843373494
1203 0.208960843373494
1203 0.120625281164897
1203 0
1203 0
1203 0.160325333507038
1203 28.3919163700434
1203 28.3919163700434
1203 0
1203 0.77906543442073
1203 0
1203 0
1203 1.0345236079077
1203 18.8755115600355
1203 18.8755115600355
1266 418.104831492066
1266 418.104831492066
1266 418.104831492066
1266 16.2976506140842
1266 46.407466436374
1266 46.407466436374
1266 0.208960843373494
1266 0.208960843373494
1266 0.120625281164897
1266 0
1266 0
1266 0.160325333507038
1266 28.3919163700434
1266 28.3919163700434
1266 0
1266 0.77906543442073
1266 0
1266 0
1266 1.0345236079077
1266 18.8755115600355
1266 18.8755115600355
1276 418.104831492066
1276 418.104831492066
1276 418.104831492066
1276 16.2976506140842
1276 46.407466436374
1276 46.407466436374
1276 0.208960843373494
1276 0.208960843373494
1276 0.120625281164897
1276 0
1276 0
1276 0.160325333507038
1276 28.3919163700434
1276 28.3919163700434
1276 0
1276 0.77906543442073
1276 0
1276 0
1276 1.0345236079077
1276 18.8755115600355
1276 18.8755115600355
1283 418.104831492066
1283 418.104831492066
1283 418.104831492066
1283 16.2976506140842
1283 46.407466436374
1283 46.407466436374
1283 0.208960843373494
1283 0.208960843373494
1283 0.120625281164897
1283 0
1283 0
1283 0.160325333507038
1283 28.3919163700434
1283 28.3919163700434
1283 0
1283 0.77906543442073
1283 0
1283 0
1283 1.0345236079077
1283 18.8755115600355
1283 18.8755115600355
1284 418.104831492066
1284 418.104831492066
1284 418.104831492066
1284 16.2976506140842
1284 46.407466436374
1284 46.407466436374
1284 0.208960843373494
1284 0.208960843373494
1284 0.120625281164897
1284 0
1284 0
1284 0.160325333507038
1284 28.3919163700434
1284 28.3919163700434
1284 0
1284 0.77906543442073
1284 0
1284 0
1284 1.0345236079077
1284 18.8755115600355
1284 18.8755115600355
1286 418.104831492066
1286 418.104831492066
1286 418.104831492066
1286 16.2976506140842
1286 46.407466436374
1286 46.407466436374
1286 0.208960843373494
1286 0.208960843373494
1286 0.120625281164897
1286 0
1286 0
1286 0.160325333507038
1286 28.3919163700434
1286 28.3919163700434
1286 0
1286 0.77906543442073
1286 0
1286 0
1286 1.0345236079077
1286 18.8755115600355
1286 18.8755115600355
1590 418.104831492066
1590 418.104831492066
1590 418.104831492066
1590 16.2976506140842
1590 46.407466436374
1590 46.407466436374
1590 0.208960843373494
1590 0.208960843373494
1590 0.120625281164897
1590 0
1590 0
1590 0.160325333507038
1590 28.3919163700434
1590 28.3919163700434
1590 0
1590 0.77906543442073
1590 0
1590 0
1590 1.0345236079077
1590 18.8755115600355
1590 18.8755115600355
1406 418.104831492066
1406 418.104831492066
1406 418.104831492066
1406 16.2976506140842
1406 46.407466436374
1406 46.407466436374
1406 0.208960843373494
1406 0.208960843373494
1406 0.120625281164897
1406 0
1406 0
1406 0.160325333507038
1406 28.3919163700434
1406 28.3919163700434
1406 0
1406 0.77906543442073
1406 0
1406 0
1406 1.0345236079077
1406 18.8755115600355
1406 18.8755115600355
1409 418.104831492066
1409 418.104831492066
1409 418.104831492066
1409 16.2976506140842
1409 46.407466436374
1409 46.407466436374
1409 0.208960843373494
1409 0.208960843373494
1409 0.120625281164897
1409 0
1409 0
1409 0.160325333507038
1409 28.3919163700434
1409 28.3919163700434
1409 0
1409 0.77906543442073
1409 0
1409 0
1409 1.0345236079077
1409 18.8755115600355
1409 18.8755115600355
1360 418.104831492066
1360 418.104831492066
1360 418.104831492066
1360 16.2976506140842
1360 46.407466436374
1360 46.407466436374
1360 0.208960843373494
1360 0.208960843373494
1360 0.120625281164897
1360 0
1360 0
1360 0.160325333507038
1360 28.3919163700434
1360 28.3919163700434
1360 0
1360 0.77906543442073
1360 0
1360 0
1360 1.0345236079077
1360 18.8755115600355
1360 18.8755115600355
1484 418.104831492066
1484 418.104831492066
1484 418.104831492066
1484 16.2976506140842
1484 46.407466436374
1484 46.407466436374
1484 0.208960843373494
1484 0.208960843373494
1484 0.120625281164897
1484 0
1484 0
1484 0.160325333507038
1484 28.3919163700434
1484 28.3919163700434
1484 0
1484 0.77906543442073
1484 0
1484 0
1484 1.0345236079077
1484 18.8755115600355
1484 18.8755115600355
1606 418.104831492066
1606 418.104831492066
1606 418.104831492066
1606 16.2976506140842
1606 46.407466436374
1606 46.407466436374
1606 0.208960843373494
1606 0.208960843373494
1606 0.120625281164897
1606 0
1606 0
1606 0.160325333507038
1606 28.3919163700434
1606 28.3919163700434
1606 0
1606 0.77906543442073
1606 0
1606 0
1606 1.0345236079077
1606 18.8755115600355
1606 18.8755115600355
1607 418.104831492066
1607 418.104831492066
1607 418.104831492066
1607 16.2976506140842
1607 46.407466436374
1607 46.407466436374
1607 0.208960843373494
1607 0.208960843373494
1607 0.120625281164897
1607 0
1607 0
1607 0.160325333507038
1607 28.3919163700434
1607 28.3919163700434
1607 0
1607 0.77906543442073
1607 0
1607 0
1607 1.0345236079077
1607 18.8755115600355
1607 18.8755115600355
2489 418.104831492066
2489 418.104831492066
2489 418.104831492066
2489 16.2976506140842
2489 46.407466436374
2489 46.407466436374
2489 0.208960843373494
2489 0.208960843373494
2489 0.120625281164897
2489 0
2489 0
2489 0.160325333507038
2489 28.3919163700434
2489 28.3919163700434
2489 0
2489 0.77906543442073
2489 0
2489 0
2489 1.0345236079077
2489 18.8755115600355
2489 18.8755115600355
2546 418.104831492066
2546 418.104831492066
2546 418.104831492066
2546 16.2976506140842
2546 46.407466436374
2546 46.407466436374
2546 0.208960843373494
2546 0.208960843373494
2546 0.120625281164897
2546 0
2546 0
2546 0.160325333507038
2546 28.3919163700434
2546 28.3919163700434
2546 0
2546 0.77906543442073
2546 0
2546 0
2546 1.0345236079077
2546 18.8755115600355
2546 18.8755115600355
2588 418.104831492066
2588 418.104831492066
2588 418.104831492066
2588 16.2976506140842
2588 46.407466436374
2588 46.407466436374
2588 0.208960843373494
2588 0.208960843373494
2588 0.120625281164897
2588 0
2588 0
2588 0.160325333507038
2588 28.3919163700434
2588 28.3919163700434
2588 0
2588 0.77906543442073
2588 0
2588 0
2588 1.0345236079077
2588 18.8755115600355
2588 18.8755115600355
2589 418.104831492066
2589 418.104831492066
2589 418.104831492066
2589 16.2976506140842
2589 46.407466436374
2589 46.407466436374
2589 0.208960843373494
2589 0.208960843373494
2589 0.120625281164897
2589 0
2589 0
2589 0.160325333507038
2589 28.3919163700434
2589 28.3919163700434
2589 0
2589 0.77906543442073
2589 0
2589 0
2589 1.0345236079077
2589 18.8755115600355
2589 18.8755115600355
2594 418.104831492066
2594 418.104831492066
2594 418.104831492066
2594 16.2976506140842
2594 46.407466436374
2594 46.407466436374
2594 0.208960843373494
2594 0.208960843373494
2594 0.120625281164897
2594 0
2594 0
2594 0.160325333507038
2594 28.3919163700434
2594 28.3919163700434
2594 0
2594 0.77906543442073
2594 0
2594 0
2594 1.0345236079077
2594 18.8755115600355
2594 18.8755115600355
2644 418.104831492066
2644 418.104831492066
2644 418.104831492066
2644 16.2976506140842
2644 46.407466436374
2644 46.407466436374
2644 0.208960843373494
2644 0.208960843373494
2644 0.120625281164897
2644 0
2644 0
2644 0.160325333507038
2644 28.3919163700434
2644 28.3919163700434
2644 0
2644 0.77906543442073
2644 0
2644 0
2644 1.0345236079077
2644 18.8755115600355
2644 18.8755115600355
2647 418.104831492066
2647 418.104831492066
2647 418.104831492066
2647 16.2976506140842
2647 46.407466436374
2647 46.407466436374
2647 0.208960843373494
2647 0.208960843373494
2647 0.120625281164897
2647 0
2647 0
2647 0.160325333507038
2647 28.3919163700434
2647 28.3919163700434
2647 0
2647 0.77906543442073
2647 0
2647 0
2647 1.0345236079077
2647 18.8755115600355
2647 18.8755115600355
2698 418.104831492066
2698 418.104831492066
2698 418.104831492066
2698 16.2976506140842
2698 46.407466436374
2698 46.407466436374
2698 0.208960843373494
2698 0.208960843373494
2698 0.120625281164897
2698 0
2698 0
2698 0.160325333507038
2698 28.3919163700434
2698 28.3919163700434
2698 0
2698 0.77906543442073
2698 0
2698 0
2698 1.0345236079077
2698 18.8755115600355
2698 18.8755115600355
2746 418.104831492066
2746 418.104831492066
2746 418.104831492066
2746 16.2976506140842
2746 46.407466436374
2746 46.407466436374
2746 0.208960843373494
2746 0.208960843373494
2746 0.120625281164897
2746 0
2746 0
2746 0.160325333507038
2746 28.3919163700434
2746 28.3919163700434
2746 0
2746 0.77906543442073
2746 0
2746 0
2746 1.0345236079077
2746 18.8755115600355
2746 18.8755115600355
2747 418.104831492066
2747 418.104831492066
2747 418.104831492066
2747 16.2976506140842
2747 46.407466436374
2747 46.407466436374
2747 0.208960843373494
2747 0.208960843373494
2747 0.120625281164897
2747 0
2747 0
2747 0.160325333507038
2747 28.3919163700434
2747 28.3919163700434
2747 0
2747 0.77906543442073
2747 0
2747 0
2747 1.0345236079077
2747 18.8755115600355
2747 18.8755115600355
2749 418.104831492066
2749 418.104831492066
2749 418.104831492066
2749 16.2976506140842
2749 46.407466436374
2749 46.407466436374
2749 0.208960843373494
2749 0.208960843373494
2749 0.120625281164897
2749 0
2749 0
2749 0.160325333507038
2749 28.3919163700434
2749 28.3919163700434
2749 0
2749 0.77906543442073
2749 0
2749 0
2749 1.0345236079077
2749 18.8755115600355
2749 18.8755115600355
2800 418.104831492066
2800 418.104831492066
2800 418.104831492066
2800 16.2976506140842
2800 46.407466436374
2800 46.407466436374
2800 0.208960843373494
2800 0.208960843373494
2800 0.120625281164897
2800 0
2800 0
2800 0.160325333507038
2800 28.3919163700434
2800 28.3919163700434
2800 0
2800 0.77906543442073
2800 0
2800 0
2800 1.0345236079077
2800 18.8755115600355
2800 18.8755115600355
2851 418.104831492066
2851 418.104831492066
2851 418.104831492066
2851 16.2976506140842
2851 46.407466436374
2851 46.407466436374
2851 0.208960843373494
2851 0.208960843373494
2851 0.120625281164897
2851 0
2851 0
2851 0.160325333507038
2851 28.3919163700434
2851 28.3919163700434
2851 0
2851 0.77906543442073
2851 0
2851 0
2851 1.0345236079077
2851 18.8755115600355
2851 18.8755115600355
2853 418.104831492066
2853 418.104831492066
2853 418.104831492066
2853 16.2976506140842
2853 46.407466436374
2853 46.407466436374
2853 0.208960843373494
2853 0.208960843373494
2853 0.120625281164897
2853 0
2853 0
2853 0.160325333507038
2853 28.3919163700434
2853 28.3919163700434
2853 0
2853 0.77906543442073
2853 0
2853 0
2853 1.0345236079077
2853 18.8755115600355
2853 18.8755115600355
2854 418.104831492066
2854 418.104831492066
2854 418.104831492066
2854 16.2976506140842
2854 46.407466436374
2854 46.407466436374
2854 0.208960843373494
2854 0.208960843373494
2854 0.120625281164897
2854 0
2854 0
2854 0.160325333507038
2854 28.3919163700434
2854 28.3919163700434
2854 0
2854 0.77906543442073
2854 0
2854 0
2854 1.0345236079077
2854 18.8755115600355
2854 18.8755115600355
2909 418.104831492066
2909 418.104831492066
2909 418.104831492066
2909 16.2976506140842
2909 46.407466436374
2909 46.407466436374
2909 0.208960843373494
2909 0.208960843373494
2909 0.120625281164897
2909 0
2909 0
2909 0.160325333507038
2909 28.3919163700434
2909 28.3919163700434
2909 0
2909 0.77906543442073
2909 0
2909 0
2909 1.0345236079077
2909 18.8755115600355
2909 18.8755115600355
2962 418.104831492066
2962 418.104831492066
2962 418.104831492066
2962 16.2976506140842
2962 46.407466436374
2962 46.407466436374
2962 0.208960843373494
2962 0.208960843373494
2962 0.120625281164897
2962 0
2962 0
2962 0.160325333507038
2962 28.3919163700434
2962 28.3919163700434
2962 0
2962 0.77906543442073
2962 0
2962 0
2962 1.0345236079077
2962 18.8755115600355
2962 18.8755115600355
2965 418.104831492066
2965 418.104831492066
2965 418.104831492066
2965 16.2976506140842
2965 46.407466436374
2965 46.407466436374
2965 0.208960843373494
2965 0.208960843373494
2965 0.120625281164897
2965 0
2965 0
2965 0.160325333507038
2965 28.3919163700434
2965 28.3919163700434
2965 0
2965 0.77906543442073
2965 0
2965 0
2965 1.0345236079077
2965 18.8755115600355
2965 18.8755115600355
3020 418.104831492066
3020 418.104831492066
3020 418.104831492066
3020 16.2976506140842
3020 46.407466436374
3020 46.407466436374
3020 0.208960843373494
3020 0.208960843373494
3020 0.120625281164897
3020 0
3020 0
3020 0.160325333507038
3020 28.3919163700434
3020 28.3919163700434
3020 0
3020 0.77906543442073
3020 0
3020 0
3020 1.0345236079077
3020 18.8755115600355
3020 18.8755115600355
