pt_graph shape
5550 1
5550 1
5550 1
5550 1
5550 1
5550 1
5550 1
5550 1
5550 1
5550 1
5550 1
5550 1
5550 1
5550 1
5550 1
5550 1
5550 1
5550 1
5550 1
5550 1
5550 1
5550 1
5550 1
5550 1
5550 1
5550 1
5550 1
5550 1
5550 1
5550 1
5550 1
5550 1
5550 1
5550 1
5550 1
5550 1
5550 1
5514 1
5514 1
5514 1
5514 1
5514 1
5514 1
5514 1
5514 1
5514 1
5514 1
5514 1
5514 1
5514 1
5514 1
5514 1
5514 1
5514 1
5514 1
5514 1
5514 1
5514 1
5514 1
5514 1
5514 1
5514 1
5514 1
5514 1
5514 1
5514 1
5514 1
5514 1
5514 1
5514 1
5514 1
5514 1
5514 1
5514 1
5551 1
5551 1
5551 1
5551 1
5551 1
5551 1
5551 1
5551 1
5551 1
5551 1
5551 1
5551 1
5551 1
5551 1
5551 1
5551 1
5551 1
5551 1
5551 1
5551 1
5551 1
5551 1
5551 1
5551 1
5551 1
5551 1
5551 1
5551 1
5551 1
5551 1
5551 1
5551 1
5551 1
5551 1
5551 1
5551 1
5551 1
5594 1
5594 1
5594 1
5594 1
5594 1
5594 1
5594 1
5594 1
5594 1
5594 1
5594 1
5594 1
5594 1
5594 1
5594 1
5594 1
5594 1
5594 1
5594 1
5594 1
5594 1
5594 1
5594 1
5594 1
5594 1
5594 1
5594 1
5594 1
5594 1
5594 1
5594 1
5594 1
5594 1
5594 1
5594 1
5594 1
5594 1
5638 1
5638 1
5638 1
5638 1
5638 1
5638 1
5638 1
5638 1
5638 1
5638 1
5638 1
5638 1
5638 1
5638 1
5638 1
5638 1
5638 1
5638 1
5638 1
5638 1
5638 1
5638 1
5638 1
5638 1
5638 1
5638 1
5638 1
5638 1
5638 1
5638 1
5638 1
5638 1
5638 1
5638 1
5638 1
5638 1
5638 1
5683 1
5683 1
5683 1
5683 1
5683 1
5683 1
5683 1
5683 1
5683 1
5683 1
5683 1
5683 1
5683 1
5683 1
5683 1
5683 1
5683 1
5683 1
5683 1
5683 1
5683 1
5683 1
5683 1
5683 1
5683 1
5683 1
5683 1
5683 1
5683 1
5683 1
5683 1
5683 1
5683 1
5683 1
5683 1
5683 1
5683 1
2779 1
2779 1
2779 1
2779 1
2779 1
2779 1
2779 1
2779 1
2779 1
2779 1
2779 1
2779 1
2779 1
2779 1
2779 1
2779 1
2779 1
2779 1
2779 1
2779 1
2779 1
2779 1
2779 1
2779 1
2779 1
2779 1
2779 1
2779 1
2779 1
2779 1
2779 1
2779 1
2779 1
2779 1
2779 1
2779 1
2779 1
2876 1
2876 1
2876 1
2876 1
2876 1
2876 1
2876 1
2876 1
2876 1
2876 1
2876 1
2876 1
2876 1
2876 1
2876 1
2876 1
2876 1
2876 1
2876 1
2876 1
2876 1
2876 1
2876 1
2876 1
2876 1
2876 1
2876 1
2876 1
2876 1
2876 1
2876 1
2876 1
2876 1
2876 1
2876 1
2876 1
2876 1
3058 1
3058 1
3058 1
3058 1
3058 1
3058 1
3058 1
3058 1
3058 1
3058 1
3058 1
3058 1
3058 1
3058 1
3058 1
3058 1
3058 1
3058 1
3058 1
3058 1
3058 1
3058 1
3058 1
3058 1
3058 1
3058 1
3058 1
3058 1
3058 1
3058 1
3058 1
3058 1
3058 1
3058 1
3058 1
3058 1
3058 1
5515 1
5515 1
5515 1
5515 1
5515 1
5515 1
5515 1
5515 1
5515 1
5515 1
5515 1
5515 1
5515 1
5515 1
5515 1
5515 1
5515 1
5515 1
5515 1
5515 1
5515 1
5515 1
5515 1
5515 1
5515 1
5515 1
5515 1
5515 1
5515 1
5515 1
5515 1
5515 1
5515 1
5515 1
5515 1
5515 1
5515 1
5552 1
5552 1
5552 1
5552 1
5552 1
5552 1
5552 1
5552 1
5552 1
5552 1
5552 1
5552 1
5552 1
5552 1
5552 1
5552 1
5552 1
5552 1
5552 1
5552 1
5552 1
5552 1
5552 1
5552 1
5552 1
5552 1
5552 1
5552 1
5552 1
5552 1
5552 1
5552 1
5552 1
5552 1
5552 1
5552 1
5552 1
5595 1
5595 1
5595 1
5595 1
5595 1
5595 1
5595 1
5595 1
5595 1
5595 1
5595 1
5595 1
5595 1
5595 1
5595 1
5595 1
5595 1
5595 1
5595 1
5595 1
5595 1
5595 1
5595 1
5595 1
5595 1
5595 1
5595 1
5595 1
5595 1
5595 1
5595 1
5595 1
5595 1
5595 1
5595 1
5595 1
5595 1
5639 1
5639 1
5639 1
5639 1
5639 1
5639 1
5639 1
5639 1
5639 1
5639 1
5639 1
5639 1
5639 1
5639 1
5639 1
5639 1
5639 1
5639 1
5639 1
5639 1
5639 1
5639 1
5639 1
5639 1
5639 1
5639 1
5639 1
5639 1
5639 1
5639 1
5639 1
5639 1
5639 1
5639 1
5639 1
5639 1
5639 1
5684 1
5684 1
5684 1
5684 1
5684 1
5684 1
5684 1
5684 1
5684 1
5684 1
5684 1
5684 1
5684 1
5684 1
5684 1
5684 1
5684 1
5684 1
5684 1
5684 1
5684 1
5684 1
5684 1
5684 1
5684 1
5684 1
5684 1
5684 1
5684 1
5684 1
5684 1
5684 1
5684 1
5684 1
5684 1
5684 1
5684 1
2877 1
2877 1
2877 1
2877 1
2877 1
2877 1
2877 1
2877 1
2877 1
2877 1
2877 1
2877 1
2877 1
2877 1
2877 1
2877 1
2877 1
2877 1
2877 1
2877 1
2877 1
2877 1
2877 1
2877 1
2877 1
2877 1
2877 1
2877 1
2877 1
2877 1
2877 1
2877 1
2877 1
2877 1
2877 1
2877 1
2877 1
2968 1
2968 1
2968 1
2968 1
2968 1
2968 1
2968 1
2968 1
2968 1
2968 1
2968 1
2968 1
2968 1
2968 1
2968 1
2968 1
2968 1
2968 1
2968 1
2968 1
2968 1
2968 1
2968 1
2968 1
2968 1
2968 1
2968 1
2968 1
2968 1
2968 1
2968 1
2968 1
2968 1
2968 1
2968 1
2968 1
2968 1
3059 1
3059 1
3059 1
3059 1
3059 1
3059 1
3059 1
3059 1
3059 1
3059 1
3059 1
3059 1
3059 1
3059 1
3059 1
3059 1
3059 1
3059 1
3059 1
3059 1
3059 1
3059 1
3059 1
3059 1
3059 1
3059 1
3059 1
3059 1
3059 1
3059 1
3059 1
3059 1
3059 1
3059 1
3059 1
3059 1
3059 1
3149 1
3149 1
3149 1
3149 1
3149 1
3149 1
3149 1
3149 1
3149 1
3149 1
3149 1
3149 1
3149 1
3149 1
3149 1
3149 1
3149 1
3149 1
3149 1
3149 1
3149 1
3149 1
3149 1
3149 1
3149 1
3149 1
3149 1
3149 1
3149 1
3149 1
3149 1
3149 1
3149 1
3149 1
3149 1
3149 1
3149 1
3231 1
3231 1
3231 1
3231 1
3231 1
3231 1
3231 1
3231 1
3231 1
3231 1
3231 1
3231 1
3231 1
3231 1
3231 1
3231 1
3231 1
3231 1
3231 1
3231 1
3231 1
3231 1
3231 1
3231 1
3231 1
3231 1
3231 1
3231 1
3231 1
3231 1
3231 1
3231 1
3231 1
3231 1
3231 1
3231 1
3231 1
5516 1
5516 1
5516 1
5516 1
5516 1
5516 1
5516 1
5516 1
5516 1
5516 1
5516 1
5516 1
5516 1
5516 1
5516 1
5516 1
5516 1
5516 1
5516 1
5516 1
5516 1
5516 1
5516 1
5516 1
5516 1
5516 1
5516 1
5516 1
5516 1
5516 1
5516 1
5516 1
5516 1
5516 1
5516 1
5516 1
5516 1
5553 1
5553 1
5553 1
5553 1
5553 1
5553 1
5553 1
5553 1
5553 1
5553 1
5553 1
5553 1
5553 1
5553 1
5553 1
5553 1
5553 1
5553 1
5553 1
5553 1
5553 1
5553 1
5553 1
5553 1
5553 1
5553 1
5553 1
5553 1
5553 1
5553 1
5553 1
5553 1
5553 1
5553 1
5553 1
5553 1
5553 1
5596 1
5596 1
5596 1
5596 1
5596 1
5596 1
5596 1
5596 1
5596 1
5596 1
5596 1
5596 1
5596 1
5596 1
5596 1
5596 1
5596 1
5596 1
5596 1
5596 1
5596 1
5596 1
5596 1
5596 1
5596 1
5596 1
5596 1
5596 1
5596 1
5596 1
5596 1
5596 1
5596 1
5596 1
5596 1
5596 1
5596 1
5640 1
5640 1
5640 1
5640 1
5640 1
5640 1
5640 1
5640 1
5640 1
5640 1
5640 1
5640 1
5640 1
5640 1
5640 1
5640 1
5640 1
5640 1
5640 1
5640 1
5640 1
5640 1
5640 1
5640 1
5640 1
5640 1
5640 1
5640 1
5640 1
5640 1
5640 1
5640 1
5640 1
5640 1
5640 1
5640 1
5640 1
5685 1
5685 1
5685 1
5685 1
5685 1
5685 1
5685 1
5685 1
5685 1
5685 1
5685 1
5685 1
5685 1
5685 1
5685 1
5685 1
5685 1
5685 1
5685 1
5685 1
5685 1
5685 1
5685 1
5685 1
5685 1
5685 1
5685 1
5685 1
5685 1
5685 1
5685 1
5685 1
5685 1
5685 1
5685 1
5685 1
5685 1
3150 1
3150 1
3150 1
3150 1
3150 1
3150 1
3150 1
3150 1
3150 1
3150 1
3150 1
3150 1
3150 1
3150 1
3150 1
3150 1
3150 1
3150 1
3150 1
3150 1
3150 1
3150 1
3150 1
3150 1
3150 1
3150 1
3150 1
3150 1
3150 1
3150 1
3150 1
3150 1
3150 1
3150 1
3150 1
3150 1
3150 1
3232 1
3232 1
3232 1
3232 1
3232 1
3232 1
3232 1
3232 1
3232 1
3232 1
3232 1
3232 1
3232 1
3232 1
3232 1
3232 1
3232 1
3232 1
3232 1
3232 1
3232 1
3232 1
3232 1
3232 1
3232 1
3232 1
3232 1
3232 1
3232 1
3232 1
3232 1
3232 1
3232 1
3232 1
3232 1
3232 1
3232 1
3310 1
3310 1
3310 1
3310 1
3310 1
3310 1
3310 1
3310 1
3310 1
3310 1
3310 1
3310 1
3310 1
3310 1
3310 1
3310 1
3310 1
3310 1
3310 1
3310 1
3310 1
3310 1
3310 1
3310 1
3310 1
3310 1
3310 1
3310 1
3310 1
3310 1
3310 1
3310 1
3310 1
3310 1
3310 1
3310 1
3310 1
3382 1
3382 1
3382 1
3382 1
3382 1
3382 1
3382 1
3382 1
3382 1
3382 1
3382 1
3382 1
3382 1
3382 1
3382 1
3382 1
3382 1
3382 1
3382 1
3382 1
3382 1
3382 1
3382 1
3382 1
3382 1
3382 1
3382 1
3382 1
3382 1
3382 1
3382 1
3382 1
3382 1
3382 1
3382 1
3382 1
3382 1
3452 1
3452 1
3452 1
3452 1
3452 1
3452 1
3452 1
3452 1
3452 1
3452 1
3452 1
3452 1
3452 1
3452 1
3452 1
3452 1
3452 1
3452 1
3452 1
3452 1
3452 1
3452 1
3452 1
3452 1
3452 1
3452 1
3452 1
3452 1
3452 1
3452 1
3452 1
3452 1
3452 1
3452 1
3452 1
3452 1
3452 1
3526 1
3526 1
3526 1
3526 1
3526 1
3526 1
3526 1
3526 1
3526 1
3526 1
3526 1
3526 1
3526 1
3526 1
3526 1
3526 1
3526 1
3526 1
3526 1
3526 1
3526 1
3526 1
3526 1
3526 1
3526 1
3526 1
3526 1
3526 1
3526 1
3526 1
3526 1
3526 1
3526 1
3526 1
3526 1
3526 1
3526 1
3656 1
3656 1
3656 1
3656 1
3656 1
3656 1
3656 1
3656 1
3656 1
3656 1
3656 1
3656 1
3656 1
3656 1
3656 1
3656 1
3656 1
3656 1
3656 1
3656 1
3656 1
3656 1
3656 1
3656 1
3656 1
3656 1
3656 1
3656 1
3656 1
3656 1
3656 1
3656 1
3656 1
3656 1
3656 1
3656 1
3656 1
5686 1
5686 1
5686 1
5686 1
5686 1
5686 1
5686 1
5686 1
5686 1
5686 1
5686 1
5686 1
5686 1
5686 1
5686 1
5686 1
5686 1
5686 1
5686 1
5686 1
5686 1
5686 1
5686 1
5686 1
5686 1
5686 1
5686 1
5686 1
5686 1
5686 1
5686 1
5686 1
5686 1
5686 1
5686 1
5686 1
5686 1
3383 1
3383 1
3383 1
3383 1
3383 1
3383 1
3383 1
3383 1
3383 1
3383 1
3383 1
3383 1
3383 1
3383 1
3383 1
3383 1
3383 1
3383 1
3383 1
3383 1
3383 1
3383 1
3383 1
3383 1
3383 1
3383 1
3383 1
3383 1
3383 1
3383 1
3383 1
3383 1
3383 1
3383 1
3383 1
3383 1
3383 1
3453 1
3453 1
3453 1
3453 1
3453 1
3453 1
3453 1
3453 1
3453 1
3453 1
3453 1
3453 1
3453 1
3453 1
3453 1
3453 1
3453 1
3453 1
3453 1
3453 1
3453 1
3453 1
3453 1
3453 1
3453 1
3453 1
3453 1
3453 1
3453 1
3453 1
3453 1
3453 1
3453 1
3453 1
3453 1
3453 1
3453 1
3527 1
3527 1
3527 1
3527 1
3527 1
3527 1
3527 1
3527 1
3527 1
3527 1
3527 1
3527 1
3527 1
3527 1
3527 1
3527 1
3527 1
3527 1
3527 1
3527 1
3527 1
3527 1
3527 1
3527 1
3527 1
3527 1
3527 1
3527 1
3527 1
3527 1
3527 1
3527 1
3527 1
3527 1
3527 1
3527 1
3527 1
3593 1
3593 1
3593 1
3593 1
3593 1
3593 1
3593 1
3593 1
3593 1
3593 1
3593 1
3593 1
3593 1
3593 1
3593 1
3593 1
3593 1
3593 1
3593 1
3593 1
3593 1
3593 1
3593 1
3593 1
3593 1
3593 1
3593 1
3593 1
3593 1
3593 1
3593 1
3593 1
3593 1
3593 1
3593 1
3593 1
3593 1
3657 1
3657 1
3657 1
3657 1
3657 1
3657 1
3657 1
3657 1
3657 1
3657 1
3657 1
3657 1
3657 1
3657 1
3657 1
3657 1
3657 1
3657 1
3657 1
3657 1
3657 1
3657 1
3657 1
3657 1
3657 1
3657 1
3657 1
3657 1
3657 1
3657 1
3657 1
3657 1
3657 1
3657 1
3657 1
3657 1
3657 1
3716 1
3716 1
3716 1
3716 1
3716 1
3716 1
3716 1
3716 1
3716 1
3716 1
3716 1
3716 1
3716 1
3716 1
3716 1
3716 1
3716 1
3716 1
3716 1
3716 1
3716 1
3716 1
3716 1
3716 1
3716 1
3716 1
3716 1
3716 1
3716 1
3716 1
3716 1
3716 1
3716 1
3716 1
3716 1
3716 1
3716 1
3775 1
3775 1
3775 1
3775 1
3775 1
3775 1
3775 1
3775 1
3775 1
3775 1
3775 1
3775 1
3775 1
3775 1
3775 1
3775 1
3775 1
3775 1
3775 1
3775 1
3775 1
3775 1
3775 1
3775 1
3775 1
3775 1
3775 1
3775 1
3775 1
3775 1
3775 1
3775 1
3775 1
3775 1
3775 1
3775 1
3775 1
3831 1
3831 1
3831 1
3831 1
3831 1
3831 1
3831 1
3831 1
3831 1
3831 1
3831 1
3831 1
3831 1
3831 1
3831 1
3831 1
3831 1
3831 1
3831 1
3831 1
3831 1
3831 1
3831 1
3831 1
3831 1
3831 1
3831 1
3831 1
3831 1
3831 1
3831 1
3831 1
3831 1
3831 1
3831 1
3831 1
3831 1
4000 1
4000 1
4000 1
4000 1
4000 1
4000 1
4000 1
4000 1
4000 1
4000 1
4000 1
4000 1
4000 1
4000 1
4000 1
4000 1
4000 1
4000 1
4000 1
4000 1
4000 1
4000 1
4000 1
4000 1
4000 1
4000 1
4000 1
4000 1
4000 1
4000 1
4000 1
4000 1
4000 1
4000 1
4000 1
4000 1
4000 1
3384 1
3384 1
3384 1
3384 1
3384 1
3384 1
3384 1
3384 1
3384 1
3384 1
3384 1
3384 1
3384 1
3384 1
3384 1
3384 1
3384 1
3384 1
3384 1
3384 1
3384 1
3384 1
3384 1
3384 1
3384 1
3384 1
3384 1
3384 1
3384 1
3384 1
3384 1
3384 1
3384 1
3384 1
3384 1
3384 1
3384 1
5777 1
5777 1
5777 1
5777 1
5777 1
5777 1
5777 1
5777 1
5777 1
5777 1
5777 1
5777 1
5777 1
5777 1
5777 1
5777 1
5777 1
5777 1
5777 1
5777 1
5777 1
5777 1
5777 1
5777 1
5777 1
5777 1
5777 1
5777 1
5777 1
5777 1
5777 1
5777 1
5777 1
5777 1
5777 1
5777 1
5777 1
6323 1
6323 1
6323 1
6323 1
6323 1
6323 1
6323 1
6323 1
6323 1
6323 1
6323 1
6323 1
6323 1
6323 1
6323 1
6323 1
6323 1
6323 1
6323 1
6323 1
6323 1
6323 1
6323 1
6323 1
6323 1
6323 1
6323 1
6323 1
6323 1
6323 1
6323 1
6323 1
6323 1
6323 1
6323 1
6323 1
6323 1
3455 1
3455 1
3455 1
3455 1
3455 1
3455 1
3455 1
3455 1
3455 1
3455 1
3455 1
3455 1
3455 1
3455 1
3455 1
3455 1
3455 1
3455 1
3455 1
3455 1
3455 1
3455 1
3455 1
3455 1
3455 1
3455 1
3455 1
3455 1
3455 1
3455 1
3455 1
3455 1
3455 1
3455 1
3455 1
3455 1
3455 1
5820 1
5820 1
5820 1
5820 1
5820 1
5820 1
5820 1
5820 1
5820 1
5820 1
5820 1
5820 1
5820 1
5820 1
5820 1
5820 1
5820 1
5820 1
5820 1
5820 1
5820 1
5820 1
5820 1
5820 1
5820 1
5820 1
5820 1
5820 1
5820 1
5820 1
5820 1
5820 1
5820 1
5820 1
5820 1
5820 1
5820 1
6166 1
6166 1
6166 1
6166 1
6166 1
6166 1
6166 1
6166 1
6166 1
6166 1
6166 1
6166 1
6166 1
6166 1
6166 1
6166 1
6166 1
6166 1
6166 1
6166 1
6166 1
6166 1
6166 1
6166 1
6166 1
6166 1
6166 1
6166 1
6166 1
6166 1
6166 1
6166 1
6166 1
6166 1
6166 1
6166 1
6166 1
6364 1
6364 1
6364 1
6364 1
6364 1
6364 1
6364 1
6364 1
6364 1
6364 1
6364 1
6364 1
6364 1
6364 1
6364 1
6364 1
6364 1
6364 1
6364 1
6364 1
6364 1
6364 1
6364 1
6364 1
6364 1
6364 1
6364 1
6364 1
6364 1
6364 1
6364 1
6364 1
6364 1
6364 1
6364 1
6364 1
6364 1
3456 1
3456 1
3456 1
3456 1
3456 1
3456 1
3456 1
3456 1
3456 1
3456 1
3456 1
3456 1
3456 1
3456 1
3456 1
3456 1
3456 1
3456 1
3456 1
3456 1
3456 1
3456 1
3456 1
3456 1
3456 1
3456 1
3456 1
3456 1
3456 1
3456 1
3456 1
3456 1
3456 1
3456 1
3456 1
3456 1
3456 1
1480 1
1480 1
1480 1
1480 1
1480 1
1480 1
1480 1
1480 1
1480 1
1480 1
1480 1
1480 1
1480 1
1480 1
1480 1
1480 1
1480 1
1480 1
1480 1
1480 1
1480 1
1480 1
1480 1
1480 1
1480 1
1480 1
1480 1
1480 1
1480 1
1480 1
1480 1
1480 1
1480 1
1480 1
1480 1
1480 1
1480 1
2257 1
2257 1
2257 1
2257 1
2257 1
2257 1
2257 1
2257 1
2257 1
2257 1
2257 1
2257 1
2257 1
2257 1
2257 1
2257 1
2257 1
2257 1
2257 1
2257 1
2257 1
2257 1
2257 1
2257 1
2257 1
2257 1
2257 1
2257 1
2257 1
2257 1
2257 1
2257 1
2257 1
2257 1
2257 1
2257 1
2257 1
2336 1
2336 1
2336 1
2336 1
2336 1
2336 1
2336 1
2336 1
2336 1
2336 1
2336 1
2336 1
2336 1
2336 1
2336 1
2336 1
2336 1
2336 1
2336 1
2336 1
2336 1
2336 1
2336 1
2336 1
2336 1
2336 1
2336 1
2336 1
2336 1
2336 1
2336 1
2336 1
2336 1
2336 1
2336 1
2336 1
2336 1
3459 1
3459 1
3459 1
3459 1
3459 1
3459 1
3459 1
3459 1
3459 1
3459 1
3459 1
3459 1
3459 1
3459 1
3459 1
3459 1
3459 1
3459 1
3459 1
3459 1
3459 1
3459 1
3459 1
3459 1
3459 1
3459 1
3459 1
3459 1
3459 1
3459 1
3459 1
3459 1
3459 1
3459 1
3459 1
3459 1
3459 1
1529 1
1529 1
1529 1
1529 1
1529 1
1529 1
1529 1
1529 1
1529 1
1529 1
1529 1
1529 1
1529 1
1529 1
1529 1
1529 1
1529 1
1529 1
1529 1
1529 1
1529 1
1529 1
1529 1
1529 1
1529 1
1529 1
1529 1
1529 1
1529 1
1529 1
1529 1
1529 1
1529 1
1529 1
1529 1
1529 1
1529 1
1625 1
1625 1
1625 1
1625 1
1625 1
1625 1
1625 1
1625 1
1625 1
1625 1
1625 1
1625 1
1625 1
1625 1
1625 1
1625 1
1625 1
1625 1
1625 1
1625 1
1625 1
1625 1
1625 1
1625 1
1625 1
1625 1
1625 1
1625 1
1625 1
1625 1
1625 1
1625 1
1625 1
1625 1
1625 1
1625 1
1625 1
2258 1
2258 1
2258 1
2258 1
2258 1
2258 1
2258 1
2258 1
2258 1
2258 1
2258 1
2258 1
2258 1
2258 1
2258 1
2258 1
2258 1
2258 1
2258 1
2258 1
2258 1
2258 1
2258 1
2258 1
2258 1
2258 1
2258 1
2258 1
2258 1
2258 1
2258 1
2258 1
2258 1
2258 1
2258 1
2258 1
2258 1
2337 1
2337 1
2337 1
2337 1
2337 1
2337 1
2337 1
2337 1
2337 1
2337 1
2337 1
2337 1
2337 1
2337 1
2337 1
2337 1
2337 1
2337 1
2337 1
2337 1
2337 1
2337 1
2337 1
2337 1
2337 1
2337 1
2337 1
2337 1
2337 1
2337 1
2337 1
2337 1
2337 1
2337 1
2337 1
2337 1
2337 1
2422 1
2422 1
2422 1
2422 1
2422 1
2422 1
2422 1
2422 1
2422 1
2422 1
2422 1
2422 1
2422 1
2422 1
2422 1
2422 1
2422 1
2422 1
2422 1
2422 1
2422 1
2422 1
2422 1
2422 1
2422 1
2422 1
2422 1
2422 1
2422 1
2422 1
2422 1
2422 1
2422 1
2422 1
2422 1
2422 1
2422 1
1530 1
1530 1
1530 1
1530 1
1530 1
1530 1
1530 1
1530 1
1530 1
1530 1
1530 1
1530 1
1530 1
1530 1
1530 1
1530 1
1530 1
1530 1
1530 1
1530 1
1530 1
1530 1
1530 1
1530 1
1530 1
1530 1
1530 1
1530 1
1530 1
1530 1
1530 1
1530 1
1530 1
1530 1
1530 1
1530 1
1530 1
2259 1
2259 1
2259 1
2259 1
2259 1
2259 1
2259 1
2259 1
2259 1
2259 1
2259 1
2259 1
2259 1
2259 1
2259 1
2259 1
2259 1
2259 1
2259 1
2259 1
2259 1
2259 1
2259 1
2259 1
2259 1
2259 1
2259 1
2259 1
2259 1
2259 1
2259 1
2259 1
2259 1
2259 1
2259 1
2259 1
2259 1
5170 1
5170 1
5170 1
5170 1
5170 1
5170 1
5170 1
5170 1
5170 1
5170 1
5170 1
5170 1
5170 1
5170 1
5170 1
5170 1
5170 1
5170 1
5170 1
5170 1
5170 1
5170 1
5170 1
5170 1
5170 1
5170 1
5170 1
5170 1
5170 1
5170 1
5170 1
5170 1
5170 1
5170 1
5170 1
5170 1
5170 1
5826 1
5826 1
5826 1
5826 1
5826 1
5826 1
5826 1
5826 1
5826 1
5826 1
5826 1
5826 1
5826 1
5826 1
5826 1
5826 1
5826 1
5826 1
5826 1
5826 1
5826 1
5826 1
5826 1
5826 1
5826 1
5826 1
5826 1
5826 1
5826 1
5826 1
5826 1
5826 1
5826 1
5826 1
5826 1
5826 1
5826 1
5946 1
5946 1
5946 1
5946 1
5946 1
5946 1
5946 1
5946 1
5946 1
5946 1
5946 1
5946 1
5946 1
5946 1
5946 1
5946 1
5946 1
5946 1
5946 1
5946 1
5946 1
5946 1
5946 1
5946 1
5946 1
5946 1
5946 1
5946 1
5946 1
5946 1
5946 1
5946 1
5946 1
5946 1
5946 1
5946 1
5946 1
5983 1
5983 1
5983 1
5983 1
5983 1
5983 1
5983 1
5983 1
5983 1
5983 1
5983 1
5983 1
5983 1
5983 1
5983 1
5983 1
5983 1
5983 1
5983 1
5983 1
5983 1
5983 1
5983 1
5983 1
5983 1
5983 1
5983 1
5983 1
5983 1
5983 1
5983 1
5983 1
5983 1
5983 1
5983 1
5983 1
5983 1
6134 1
6134 1
6134 1
6134 1
6134 1
6134 1
6134 1
6134 1
6134 1
6134 1
6134 1
6134 1
6134 1
6134 1
6134 1
6134 1
6134 1
6134 1
6134 1
6134 1
6134 1
6134 1
6134 1
6134 1
6134 1
6134 1
6134 1
6134 1
6134 1
6134 1
6134 1
6134 1
6134 1
6134 1
6134 1
6134 1
6134 1
6290 1
6290 1
6290 1
6290 1
6290 1
6290 1
6290 1
6290 1
6290 1
6290 1
6290 1
6290 1
6290 1
6290 1
6290 1
6290 1
6290 1
6290 1
6290 1
6290 1
6290 1
6290 1
6290 1
6290 1
6290 1
6290 1
6290 1
6290 1
6290 1
6290 1
6290 1
6290 1
6290 1
6290 1
6290 1
6290 1
6290 1
6330 1
6330 1
6330 1
6330 1
6330 1
6330 1
6330 1
6330 1
6330 1
6330 1
6330 1
6330 1
6330 1
6330 1
6330 1
6330 1
6330 1
6330 1
6330 1
6330 1
6330 1
6330 1
6330 1
6330 1
6330 1
6330 1
6330 1
6330 1
6330 1
6330 1
6330 1
6330 1
6330 1
6330 1
6330 1
6330 1
6330 1
6370 1
6370 1
6370 1
6370 1
6370 1
6370 1
6370 1
6370 1
6370 1
6370 1
6370 1
6370 1
6370 1
6370 1
6370 1
6370 1
6370 1
6370 1
6370 1
6370 1
6370 1
6370 1
6370 1
6370 1
6370 1
6370 1
6370 1
6370 1
6370 1
6370 1
6370 1
6370 1
6370 1
6370 1
6370 1
6370 1
6370 1
1677 1
1677 1
1677 1
1677 1
1677 1
1677 1
1677 1
1677 1
1677 1
1677 1
1677 1
1677 1
1677 1
1677 1
1677 1
1677 1
1677 1
1677 1
1677 1
1677 1
1677 1
1677 1
1677 1
1677 1
1677 1
1677 1
1677 1
1677 1
1677 1
1677 1
1677 1
1677 1
1677 1
1677 1
1677 1
1677 1
1677 1
1734 1
1734 1
1734 1
1734 1
1734 1
1734 1
1734 1
1734 1
1734 1
1734 1
1734 1
1734 1
1734 1
1734 1
1734 1
1734 1
1734 1
1734 1
1734 1
1734 1
1734 1
1734 1
1734 1
1734 1
1734 1
1734 1
1734 1
1734 1
1734 1
1734 1
1734 1
1734 1
1734 1
1734 1
1734 1
1734 1
1734 1
1792 1
1792 1
1792 1
1792 1
1792 1
1792 1
1792 1
1792 1
1792 1
1792 1
1792 1
1792 1
1792 1
1792 1
1792 1
1792 1
1792 1
1792 1
1792 1
1792 1
1792 1
1792 1
1792 1
1792 1
1792 1
1792 1
1792 1
1792 1
1792 1
1792 1
1792 1
1792 1
1792 1
1792 1
1792 1
1792 1
1792 1
1860 1
1860 1
1860 1
1860 1
1860 1
1860 1
1860 1
1860 1
1860 1
1860 1
1860 1
1860 1
1860 1
1860 1
1860 1
1860 1
1860 1
1860 1
1860 1
1860 1
1860 1
1860 1
1860 1
1860 1
1860 1
1860 1
1860 1
1860 1
1860 1
1860 1
1860 1
1860 1
1860 1
1860 1
1860 1
1860 1
1860 1
1929 1
1929 1
1929 1
1929 1
1929 1
1929 1
1929 1
1929 1
1929 1
1929 1
1929 1
1929 1
1929 1
1929 1
1929 1
1929 1
1929 1
1929 1
1929 1
1929 1
1929 1
1929 1
1929 1
1929 1
1929 1
1929 1
1929 1
1929 1
1929 1
1929 1
1929 1
1929 1
1929 1
1929 1
1929 1
1929 1
1929 1
2006 1
2006 1
2006 1
2006 1
2006 1
2006 1
2006 1
2006 1
2006 1
2006 1
2006 1
2006 1
2006 1
2006 1
2006 1
2006 1
2006 1
2006 1
2006 1
2006 1
2006 1
2006 1
2006 1
2006 1
2006 1
2006 1
2006 1
2006 1
2006 1
2006 1
2006 1
2006 1
2006 1
2006 1
2006 1
2006 1
2006 1
2088 1
2088 1
2088 1
2088 1
2088 1
2088 1
2088 1
2088 1
2088 1
2088 1
2088 1
2088 1
2088 1
2088 1
2088 1
2088 1
2088 1
2088 1
2088 1
2088 1
2088 1
2088 1
2088 1
2088 1
2088 1
2088 1
2088 1
2088 1
2088 1
2088 1
2088 1
2088 1
2088 1
2088 1
2088 1
2088 1
2088 1
5907 1
5907 1
5907 1
5907 1
5907 1
5907 1
5907 1
5907 1
5907 1
5907 1
5907 1
5907 1
5907 1
5907 1
5907 1
5907 1
5907 1
5907 1
5907 1
5907 1
5907 1
5907 1
5907 1
5907 1
5907 1
5907 1
5907 1
5907 1
5907 1
5907 1
5907 1
5907 1
5907 1
5907 1
5907 1
5907 1
5907 1
5984 1
5984 1
5984 1
5984 1
5984 1
5984 1
5984 1
5984 1
5984 1
5984 1
5984 1
5984 1
5984 1
5984 1
5984 1
5984 1
5984 1
5984 1
5984 1
5984 1
5984 1
5984 1
5984 1
5984 1
5984 1
5984 1
5984 1
5984 1
5984 1
5984 1
5984 1
5984 1
5984 1
5984 1
5984 1
5984 1
5984 1
6212 1
6212 1
6212 1
6212 1
6212 1
6212 1
6212 1
6212 1
6212 1
6212 1
6212 1
6212 1
6212 1
6212 1
6212 1
6212 1
6212 1
6212 1
6212 1
6212 1
6212 1
6212 1
6212 1
6212 1
6212 1
6212 1
6212 1
6212 1
6212 1
6212 1
6212 1
6212 1
6212 1
6212 1
6212 1
6212 1
6212 1
6251 1
6251 1
6251 1
6251 1
6251 1
6251 1
6251 1
6251 1
6251 1
6251 1
6251 1
6251 1
6251 1
6251 1
6251 1
6251 1
6251 1
6251 1
6251 1
6251 1
6251 1
6251 1
6251 1
6251 1
6251 1
6251 1
6251 1
6251 1
6251 1
6251 1
6251 1
6251 1
6251 1
6251 1
6251 1
6251 1
6251 1
6331 1
6331 1
6331 1
6331 1
6331 1
6331 1
6331 1
6331 1
6331 1
6331 1
6331 1
6331 1
6331 1
6331 1
6331 1
6331 1
6331 1
6331 1
6331 1
6331 1
6331 1
6331 1
6331 1
6331 1
6331 1
6331 1
6331 1
6331 1
6331 1
6331 1
6331 1
6331 1
6331 1
6331 1
6331 1
6331 1
6331 1
1628 1
1628 1
1628 1
1628 1
1628 1
1628 1
1628 1
1628 1
1628 1
1628 1
1628 1
1628 1
1628 1
1628 1
1628 1
1628 1
1628 1
1628 1
1628 1
1628 1
1628 1
1628 1
1628 1
1628 1
1628 1
1628 1
1628 1
1628 1
1628 1
1628 1
1628 1
1628 1
1628 1
1628 1
1628 1
1628 1
1628 1
5868 1
5868 1
5868 1
5868 1
5868 1
5868 1
5868 1
5868 1
5868 1
5868 1
5868 1
5868 1
5868 1
5868 1
5868 1
5868 1
5868 1
5868 1
5868 1
5868 1
5868 1
5868 1
5868 1
5868 1
5868 1
5868 1
5868 1
5868 1
5868 1
5868 1
5868 1
5868 1
5868 1
5868 1
5868 1
5868 1
5868 1
5908 1
5908 1
5908 1
5908 1
5908 1
5908 1
5908 1
5908 1
5908 1
5908 1
5908 1
5908 1
5908 1
5908 1
5908 1
5908 1
5908 1
5908 1
5908 1
5908 1
5908 1
5908 1
5908 1
5908 1
5908 1
5908 1
5908 1
5908 1
5908 1
5908 1
5908 1
5908 1
5908 1
5908 1
5908 1
5908 1
5908 1
5948 1
5948 1
5948 1
5948 1
5948 1
5948 1
5948 1
5948 1
5948 1
5948 1
5948 1
5948 1
5948 1
5948 1
5948 1
5948 1
5948 1
5948 1
5948 1
5948 1
5948 1
5948 1
5948 1
5948 1
5948 1
5948 1
5948 1
5948 1
5948 1
5948 1
5948 1
5948 1
5948 1
5948 1
5948 1
5948 1
5948 1
5985 1
5985 1
5985 1
5985 1
5985 1
5985 1
5985 1
5985 1
5985 1
5985 1
5985 1
5985 1
5985 1
5985 1
5985 1
5985 1
5985 1
5985 1
5985 1
5985 1
5985 1
5985 1
5985 1
5985 1
5985 1
5985 1
5985 1
5985 1
5985 1
5985 1
5985 1
5985 1
5985 1
5985 1
5985 1
5985 1
5985 1
6023 1
6023 1
6023 1
6023 1
6023 1
6023 1
6023 1
6023 1
6023 1
6023 1
6023 1
6023 1
6023 1
6023 1
6023 1
6023 1
6023 1
6023 1
6023 1
6023 1
6023 1
6023 1
6023 1
6023 1
6023 1
6023 1
6023 1
6023 1
6023 1
6023 1
6023 1
6023 1
6023 1
6023 1
6023 1
6023 1
6023 1
6061 1
6061 1
6061 1
6061 1
6061 1
6061 1
6061 1
6061 1
6061 1
6061 1
6061 1
6061 1
6061 1
6061 1
6061 1
6061 1
6061 1
6061 1
6061 1
6061 1
6061 1
6061 1
6061 1
6061 1
6061 1
6061 1
6061 1
6061 1
6061 1
6061 1
6061 1
6061 1
6061 1
6061 1
6061 1
6061 1
6061 1
6136 1
6136 1
6136 1
6136 1
6136 1
6136 1
6136 1
6136 1
6136 1
6136 1
6136 1
6136 1
6136 1
6136 1
6136 1
6136 1
6136 1
6136 1
6136 1
6136 1
6136 1
6136 1
6136 1
6136 1
6136 1
6136 1
6136 1
6136 1
6136 1
6136 1
6136 1
6136 1
6136 1
6136 1
6136 1
6136 1
6136 1
6174 1
6174 1
6174 1
6174 1
6174 1
6174 1
6174 1
6174 1
6174 1
6174 1
6174 1
6174 1
6174 1
6174 1
6174 1
6174 1
6174 1
6174 1
6174 1
6174 1
6174 1
6174 1
6174 1
6174 1
6174 1
6174 1
6174 1
6174 1
6174 1
6174 1
6174 1
6174 1
6174 1
6174 1
6174 1
6174 1
6174 1
6213 1
6213 1
6213 1
6213 1
6213 1
6213 1
6213 1
6213 1
6213 1
6213 1
6213 1
6213 1
6213 1
6213 1
6213 1
6213 1
6213 1
6213 1
6213 1
6213 1
6213 1
6213 1
6213 1
6213 1
6213 1
6213 1
6213 1
6213 1
6213 1
6213 1
6213 1
6213 1
6213 1
6213 1
6213 1
6213 1
6213 1
6252 1
6252 1
6252 1
6252 1
6252 1
6252 1
6252 1
6252 1
6252 1
6252 1
6252 1
6252 1
6252 1
6252 1
6252 1
6252 1
6252 1
6252 1
6252 1
6252 1
6252 1
6252 1
6252 1
6252 1
6252 1
6252 1
6252 1
6252 1
6252 1
6252 1
6252 1
6252 1
6252 1
6252 1
6252 1
6252 1
6252 1
6292 1
6292 1
6292 1
6292 1
6292 1
6292 1
6292 1
6292 1
6292 1
6292 1
6292 1
6292 1
6292 1
6292 1
6292 1
6292 1
6292 1
6292 1
6292 1
6292 1
6292 1
6292 1
6292 1
6292 1
6292 1
6292 1
6292 1
6292 1
6292 1
6292 1
6292 1
6292 1
6292 1
6292 1
6292 1
6292 1
6292 1
6332 1
6332 1
6332 1
6332 1
6332 1
6332 1
6332 1
6332 1
6332 1
6332 1
6332 1
6332 1
6332 1
6332 1
6332 1
6332 1
6332 1
6332 1
6332 1
6332 1
6332 1
6332 1
6332 1
6332 1
6332 1
6332 1
6332 1
6332 1
6332 1
6332 1
6332 1
6332 1
6332 1
6332 1
6332 1
6332 1
6332 1
1582 1
1582 1
1582 1
1582 1
1582 1
1582 1
1582 1
1582 1
1582 1
1582 1
1582 1
1582 1
1582 1
1582 1
1582 1
1582 1
1582 1
1582 1
1582 1
1582 1
1582 1
1582 1
1582 1
1582 1
1582 1
1582 1
1582 1
1582 1
1582 1
1582 1
1582 1
1582 1
1582 1
1582 1
1582 1
1582 1
1582 1
1629 1
1629 1
1629 1
1629 1
1629 1
1629 1
1629 1
1629 1
1629 1
1629 1
1629 1
1629 1
1629 1
1629 1
1629 1
1629 1
1629 1
1629 1
1629 1
1629 1
1629 1
1629 1
1629 1
1629 1
1629 1
1629 1
1629 1
1629 1
1629 1
1629 1
1629 1
1629 1
1629 1
1629 1
1629 1
1629 1
1629 1
1794 1
1794 1
1794 1
1794 1
1794 1
1794 1
1794 1
1794 1
1794 1
1794 1
1794 1
1794 1
1794 1
1794 1
1794 1
1794 1
1794 1
1794 1
1794 1
1794 1
1794 1
1794 1
1794 1
1794 1
1794 1
1794 1
1794 1
1794 1
1794 1
1794 1
1794 1
1794 1
1794 1
1794 1
1794 1
1794 1
1794 1
1862 1
1862 1
1862 1
1862 1
1862 1
1862 1
1862 1
1862 1
1862 1
1862 1
1862 1
1862 1
1862 1
1862 1
1862 1
1862 1
1862 1
1862 1
1862 1
1862 1
1862 1
1862 1
1862 1
1862 1
1862 1
1862 1
1862 1
1862 1
1862 1
1862 1
1862 1
1862 1
1862 1
1862 1
1862 1
1862 1
1862 1
1931 1
1931 1
1931 1
1931 1
1931 1
1931 1
1931 1
1931 1
1931 1
1931 1
1931 1
1931 1
1931 1
1931 1
1931 1
1931 1
1931 1
1931 1
1931 1
1931 1
1931 1
1931 1
1931 1
1931 1
1931 1
1931 1
1931 1
1931 1
1931 1
1931 1
1931 1
1931 1
1931 1
1931 1
1931 1
1931 1
1931 1
5250 1
5250 1
5250 1
5250 1
5250 1
5250 1
5250 1
5250 1
5250 1
5250 1
5250 1
5250 1
5250 1
5250 1
5250 1
5250 1
5250 1
5250 1
5250 1
5250 1
5250 1
5250 1
5250 1
5250 1
5250 1
5250 1
5250 1
5250 1
5250 1
5250 1
5250 1
5250 1
5250 1
5250 1
5250 1
5250 1
5250 1
5949 1
5949 1
5949 1
5949 1
5949 1
5949 1
5949 1
5949 1
5949 1
5949 1
5949 1
5949 1
5949 1
5949 1
5949 1
5949 1
5949 1
5949 1
5949 1
5949 1
5949 1
5949 1
5949 1
5949 1
5949 1
5949 1
5949 1
5949 1
5949 1
5949 1
5949 1
5949 1
5949 1
5949 1
5949 1
5949 1
5949 1
5986 1
5986 1
5986 1
5986 1
5986 1
5986 1
5986 1
5986 1
5986 1
5986 1
5986 1
5986 1
5986 1
5986 1
5986 1
5986 1
5986 1
5986 1
5986 1
5986 1
5986 1
5986 1
5986 1
5986 1
5986 1
5986 1
5986 1
5986 1
5986 1
5986 1
5986 1
5986 1
5986 1
5986 1
5986 1
5986 1
5986 1
6024 1
6024 1
6024 1
6024 1
6024 1
6024 1
6024 1
6024 1
6024 1
6024 1
6024 1
6024 1
6024 1
6024 1
6024 1
6024 1
6024 1
6024 1
6024 1
6024 1
6024 1
6024 1
6024 1
6024 1
6024 1
6024 1
6024 1
6024 1
6024 1
6024 1
6024 1
6024 1
6024 1
6024 1
6024 1
6024 1
6024 1
6062 1
6062 1
6062 1
6062 1
6062 1
6062 1
6062 1
6062 1
6062 1
6062 1
6062 1
6062 1
6062 1
6062 1
6062 1
6062 1
6062 1
6062 1
6062 1
6062 1
6062 1
6062 1
6062 1
6062 1
6062 1
6062 1
6062 1
6062 1
6062 1
6062 1
6062 1
6062 1
6062 1
6062 1
6062 1
6062 1
6062 1
6100 1
6100 1
6100 1
6100 1
6100 1
6100 1
6100 1
6100 1
6100 1
6100 1
6100 1
6100 1
6100 1
6100 1
6100 1
6100 1
6100 1
6100 1
6100 1
6100 1
6100 1
6100 1
6100 1
6100 1
6100 1
6100 1
6100 1
6100 1
6100 1
6100 1
6100 1
6100 1
6100 1
6100 1
6100 1
6100 1
6100 1
6137 1
6137 1
6137 1
6137 1
6137 1
6137 1
6137 1
6137 1
6137 1
6137 1
6137 1
6137 1
6137 1
6137 1
6137 1
6137 1
6137 1
6137 1
6137 1
6137 1
6137 1
6137 1
6137 1
6137 1
6137 1
6137 1
6137 1
6137 1
6137 1
6137 1
6137 1
6137 1
6137 1
6137 1
6137 1
6137 1
6137 1
6175 1
6175 1
6175 1
6175 1
6175 1
6175 1
6175 1
6175 1
6175 1
6175 1
6175 1
6175 1
6175 1
6175 1
6175 1
6175 1
6175 1
6175 1
6175 1
6175 1
6175 1
6175 1
6175 1
6175 1
6175 1
6175 1
6175 1
6175 1
6175 1
6175 1
6175 1
6175 1
6175 1
6175 1
6175 1
6175 1
6175 1
6214 1
6214 1
6214 1
6214 1
6214 1
6214 1
6214 1
6214 1
6214 1
6214 1
6214 1
6214 1
6214 1
6214 1
6214 1
6214 1
6214 1
6214 1
6214 1
6214 1
6214 1
6214 1
6214 1
6214 1
6214 1
6214 1
6214 1
6214 1
6214 1
6214 1
6214 1
6214 1
6214 1
6214 1
6214 1
6214 1
6214 1
6253 1
6253 1
6253 1
6253 1
6253 1
6253 1
6253 1
6253 1
6253 1
6253 1
6253 1
6253 1
6253 1
6253 1
6253 1
6253 1
6253 1
6253 1
6253 1
6253 1
6253 1
6253 1
6253 1
6253 1
6253 1
6253 1
6253 1
6253 1
6253 1
6253 1
6253 1
6253 1
6253 1
6253 1
6253 1
6253 1
6253 1
6293 1
6293 1
6293 1
6293 1
6293 1
6293 1
6293 1
6293 1
6293 1
6293 1
6293 1
6293 1
6293 1
6293 1
6293 1
6293 1
6293 1
6293 1
6293 1
6293 1
6293 1
6293 1
6293 1
6293 1
6293 1
6293 1
6293 1
6293 1
6293 1
6293 1
6293 1
6293 1
6293 1
6293 1
6293 1
6293 1
6293 1
6333 1
6333 1
6333 1
6333 1
6333 1
6333 1
6333 1
6333 1
6333 1
6333 1
6333 1
6333 1
6333 1
6333 1
6333 1
6333 1
6333 1
6333 1
6333 1
6333 1
6333 1
6333 1
6333 1
6333 1
6333 1
6333 1
6333 1
6333 1
6333 1
6333 1
6333 1
6333 1
6333 1
6333 1
6333 1
6333 1
6333 1
1583 1
1583 1
1583 1
1583 1
1583 1
1583 1
1583 1
1583 1
1583 1
1583 1
1583 1
1583 1
1583 1
1583 1
1583 1
1583 1
1583 1
1583 1
1583 1
1583 1
1583 1
1583 1
1583 1
1583 1
1583 1
1583 1
1583 1
1583 1
1583 1
1583 1
1583 1
1583 1
1583 1
1583 1
1583 1
1583 1
1583 1
1630 1
1630 1
1630 1
1630 1
1630 1
1630 1
1630 1
1630 1
1630 1
1630 1
1630 1
1630 1
1630 1
1630 1
1630 1
1630 1
1630 1
1630 1
1630 1
1630 1
1630 1
1630 1
1630 1
1630 1
1630 1
1630 1
1630 1
1630 1
1630 1
1630 1
1630 1
1630 1
1630 1
1630 1
1630 1
1630 1
1630 1
1680 1
1680 1
1680 1
1680 1
1680 1
1680 1
1680 1
1680 1
1680 1
1680 1
1680 1
1680 1
1680 1
1680 1
1680 1
1680 1
1680 1
1680 1
1680 1
1680 1
1680 1
1680 1
1680 1
1680 1
1680 1
1680 1
1680 1
1680 1
1680 1
1680 1
1680 1
1680 1
1680 1
1680 1
1680 1
1680 1
1680 1
5174 1
5174 1
5174 1
5174 1
5174 1
5174 1
5174 1
5174 1
5174 1
5174 1
5174 1
5174 1
5174 1
5174 1
5174 1
5174 1
5174 1
5174 1
5174 1
5174 1
5174 1
5174 1
5174 1
5174 1
5174 1
5174 1
5174 1
5174 1
5174 1
5174 1
5174 1
5174 1
5174 1
5174 1
5174 1
5174 1
5174 1
5198 1
5198 1
5198 1
5198 1
5198 1
5198 1
5198 1
5198 1
5198 1
5198 1
5198 1
5198 1
5198 1
5198 1
5198 1
5198 1
5198 1
5198 1
5198 1
5198 1
5198 1
5198 1
5198 1
5198 1
5198 1
5198 1
5198 1
5198 1
5198 1
5198 1
5198 1
5198 1
5198 1
5198 1
5198 1
5198 1
5198 1
5224 1
5224 1
5224 1
5224 1
5224 1
5224 1
5224 1
5224 1
5224 1
5224 1
5224 1
5224 1
5224 1
5224 1
5224 1
5224 1
5224 1
5224 1
5224 1
5224 1
5224 1
5224 1
5224 1
5224 1
5224 1
5224 1
5224 1
5224 1
5224 1
5224 1
5224 1
5224 1
5224 1
5224 1
5224 1
5224 1
5224 1
5251 1
5251 1
5251 1
5251 1
5251 1
5251 1
5251 1
5251 1
5251 1
5251 1
5251 1
5251 1
5251 1
5251 1
5251 1
5251 1
5251 1
5251 1
5251 1
5251 1
5251 1
5251 1
5251 1
5251 1
5251 1
5251 1
5251 1
5251 1
5251 1
5251 1
5251 1
5251 1
5251 1
5251 1
5251 1
5251 1
5251 1
5280 1
5280 1
5280 1
5280 1
5280 1
5280 1
5280 1
5280 1
5280 1
5280 1
5280 1
5280 1
5280 1
5280 1
5280 1
5280 1
5280 1
5280 1
5280 1
5280 1
5280 1
5280 1
5280 1
5280 1
5280 1
5280 1
5280 1
5280 1
5280 1
5280 1
5280 1
5280 1
5280 1
5280 1
5280 1
5280 1
5280 1
5309 1
5309 1
5309 1
5309 1
5309 1
5309 1
5309 1
5309 1
5309 1
5309 1
5309 1
5309 1
5309 1
5309 1
5309 1
5309 1
5309 1
5309 1
5309 1
5309 1
5309 1
5309 1
5309 1
5309 1
5309 1
5309 1
5309 1
5309 1
5309 1
5309 1
5309 1
5309 1
5309 1
5309 1
5309 1
5309 1
5309 1
5341 1
5341 1
5341 1
5341 1
5341 1
5341 1
5341 1
5341 1
5341 1
5341 1
5341 1
5341 1
5341 1
5341 1
5341 1
5341 1
5341 1
5341 1
5341 1
5341 1
5341 1
5341 1
5341 1
5341 1
5341 1
5341 1
5341 1
5341 1
5341 1
5341 1
5341 1
5341 1
5341 1
5341 1
5341 1
5341 1
5341 1
6254 1
6254 1
6254 1
6254 1
6254 1
6254 1
6254 1
6254 1
6254 1
6254 1
6254 1
6254 1
6254 1
6254 1
6254 1
6254 1
6254 1
6254 1
6254 1
6254 1
6254 1
6254 1
6254 1
6254 1
6254 1
6254 1
6254 1
6254 1
6254 1
6254 1
6254 1
6254 1
6254 1
6254 1
6254 1
6254 1
6254 1
6294 1
6294 1
6294 1
6294 1
6294 1
6294 1
6294 1
6294 1
6294 1
6294 1
6294 1
6294 1
6294 1
6294 1
6294 1
6294 1
6294 1
6294 1
6294 1
6294 1
6294 1
6294 1
6294 1
6294 1
6294 1
6294 1
6294 1
6294 1
6294 1
6294 1
6294 1
6294 1
6294 1
6294 1
6294 1
6294 1
6294 1
1584 1
1584 1
1584 1
1584 1
1584 1
1584 1
1584 1
1584 1
1584 1
1584 1
1584 1
1584 1
1584 1
1584 1
1584 1
1584 1
1584 1
1584 1
1584 1
1584 1
1584 1
1584 1
1584 1
1584 1
1584 1
1584 1
1584 1
1584 1
1584 1
1584 1
1584 1
1584 1
1584 1
1584 1
1584 1
1584 1
1584 1
1631 1
1631 1
1631 1
1631 1
1631 1
1631 1
1631 1
1631 1
1631 1
1631 1
1631 1
1631 1
1631 1
1631 1
1631 1
1631 1
1631 1
1631 1
1631 1
1631 1
1631 1
1631 1
1631 1
1631 1
1631 1
1631 1
1631 1
1631 1
1631 1
1631 1
1631 1
1631 1
1631 1
1631 1
1631 1
1631 1
1631 1
4430 1
4430 1
4430 1
4430 1
4430 1
4430 1
4430 1
4430 1
4430 1
4430 1
4430 1
4430 1
4430 1
4430 1
4430 1
4430 1
4430 1
4430 1
4430 1
4430 1
4430 1
4430 1
4430 1
4430 1
4430 1
4430 1
4430 1
4430 1
4430 1
4430 1
4430 1
4430 1
4430 1
4430 1
4430 1
4430 1
4430 1
4945 1
4945 1
4945 1
4945 1
4945 1
4945 1
4945 1
4945 1
4945 1
4945 1
4945 1
4945 1
4945 1
4945 1
4945 1
4945 1
4945 1
4945 1
4945 1
4945 1
4945 1
4945 1
4945 1
4945 1
4945 1
4945 1
4945 1
4945 1
4945 1
4945 1
4945 1
4945 1
4945 1
4945 1
4945 1
4945 1
4945 1
5151 1
5151 1
5151 1
5151 1
5151 1
5151 1
5151 1
5151 1
5151 1
5151 1
5151 1
5151 1
5151 1
5151 1
5151 1
5151 1
5151 1
5151 1
5151 1
5151 1
5151 1
5151 1
5151 1
5151 1
5151 1
5151 1
5151 1
5151 1
5151 1
5151 1
5151 1
5151 1
5151 1
5151 1
5151 1
5151 1
5151 1
5225 1
5225 1
5225 1
5225 1
5225 1
5225 1
5225 1
5225 1
5225 1
5225 1
5225 1
5225 1
5225 1
5225 1
5225 1
5225 1
5225 1
5225 1
5225 1
5225 1
5225 1
5225 1
5225 1
5225 1
5225 1
5225 1
5225 1
5225 1
5225 1
5225 1
5225 1
5225 1
5225 1
5225 1
5225 1
5225 1
5225 1
5281 1
5281 1
5281 1
5281 1
5281 1
5281 1
5281 1
5281 1
5281 1
5281 1
5281 1
5281 1
5281 1
5281 1
5281 1
5281 1
5281 1
5281 1
5281 1
5281 1
5281 1
5281 1
5281 1
5281 1
5281 1
5281 1
5281 1
5281 1
5281 1
5281 1
5281 1
5281 1
5281 1
5281 1
5281 1
5281 1
5281 1
5310 1
5310 1
5310 1
5310 1
5310 1
5310 1
5310 1
5310 1
5310 1
5310 1
5310 1
5310 1
5310 1
5310 1
5310 1
5310 1
5310 1
5310 1
5310 1
5310 1
5310 1
5310 1
5310 1
5310 1
5310 1
5310 1
5310 1
5310 1
5310 1
5310 1
5310 1
5310 1
5310 1
5310 1
5310 1
5310 1
5310 1
5342 1
5342 1
5342 1
5342 1
5342 1
5342 1
5342 1
5342 1
5342 1
5342 1
5342 1
5342 1
5342 1
5342 1
5342 1
5342 1
5342 1
5342 1
5342 1
5342 1
5342 1
5342 1
5342 1
5342 1
5342 1
5342 1
5342 1
5342 1
5342 1
5342 1
5342 1
5342 1
5342 1
5342 1
5342 1
5342 1
5342 1
5372 1
5372 1
5372 1
5372 1
5372 1
5372 1
5372 1
5372 1
5372 1
5372 1
5372 1
5372 1
5372 1
5372 1
5372 1
5372 1
5372 1
5372 1
5372 1
5372 1
5372 1
5372 1
5372 1
5372 1
5372 1
5372 1
5372 1
5372 1
5372 1
5372 1
5372 1
5372 1
5372 1
5372 1
5372 1
5372 1
5372 1
6295 1
6295 1
6295 1
6295 1
6295 1
6295 1
6295 1
6295 1
6295 1
6295 1
6295 1
6295 1
6295 1
6295 1
6295 1
6295 1
6295 1
6295 1
6295 1
6295 1
6295 1
6295 1
6295 1
6295 1
6295 1
6295 1
6295 1
6295 1
6295 1
6295 1
6295 1
6295 1
6295 1
6295 1
6295 1
6295 1
6295 1
1585 1
1585 1
1585 1
1585 1
1585 1
1585 1
1585 1
1585 1
1585 1
1585 1
1585 1
1585 1
1585 1
1585 1
1585 1
1585 1
1585 1
1585 1
1585 1
1585 1
1585 1
1585 1
1585 1
1585 1
1585 1
1585 1
1585 1
1585 1
1585 1
1585 1
1585 1
1585 1
1585 1
1585 1
1585 1
1585 1
1585 1
4968 1
4968 1
4968 1
4968 1
4968 1
4968 1
4968 1
4968 1
4968 1
4968 1
4968 1
4968 1
4968 1
4968 1
4968 1
4968 1
4968 1
4968 1
4968 1
4968 1
4968 1
4968 1
4968 1
4968 1
4968 1
4968 1
4968 1
4968 1
4968 1
4968 1
4968 1
4968 1
4968 1
4968 1
4968 1
4968 1
4968 1
5311 1
5311 1
5311 1
5311 1
5311 1
5311 1
5311 1
5311 1
5311 1
5311 1
5311 1
5311 1
5311 1
5311 1
5311 1
5311 1
5311 1
5311 1
5311 1
5311 1
5311 1
5311 1
5311 1
5311 1
5311 1
5311 1
5311 1
5311 1
5311 1
5311 1
5311 1
5311 1
5311 1
5311 1
5311 1
5311 1
5311 1
5343 1
5343 1
5343 1
5343 1
5343 1
5343 1
5343 1
5343 1
5343 1
5343 1
5343 1
5343 1
5343 1
5343 1
5343 1
5343 1
5343 1
5343 1
5343 1
5343 1
5343 1
5343 1
5343 1
5343 1
5343 1
5343 1
5343 1
5343 1
5343 1
5343 1
5343 1
5343 1
5343 1
5343 1
5343 1
5343 1
5343 1
5373 1
5373 1
5373 1
5373 1
5373 1
5373 1
5373 1
5373 1
5373 1
5373 1
5373 1
5373 1
5373 1
5373 1
5373 1
5373 1
5373 1
5373 1
5373 1
5373 1
5373 1
5373 1
5373 1
5373 1
5373 1
5373 1
5373 1
5373 1
5373 1
5373 1
5373 1
5373 1
5373 1
5373 1
5373 1
5373 1
5373 1
1537 1
1537 1
1537 1
1537 1
1537 1
1537 1
1537 1
1537 1
1537 1
1537 1
1537 1
1537 1
1537 1
1537 1
1537 1
1537 1
1537 1
1537 1
1537 1
1537 1
1537 1
1537 1
1537 1
1537 1
1537 1
1537 1
1537 1
1537 1
1537 1
1537 1
1537 1
1537 1
1537 1
1537 1
1537 1
1537 1
1537 1
5374 1
5374 1
5374 1
5374 1
5374 1
5374 1
5374 1
5374 1
5374 1
5374 1
5374 1
5374 1
5374 1
5374 1
5374 1
5374 1
5374 1
5374 1
5374 1
5374 1
5374 1
5374 1
5374 1
5374 1
5374 1
5374 1
5374 1
5374 1
5374 1
5374 1
5374 1
5374 1
5374 1
5374 1
5374 1
5374 1
5374 1
5404 1
5404 1
5404 1
5404 1
5404 1
5404 1
5404 1
5404 1
5404 1
5404 1
5404 1
5404 1
5404 1
5404 1
5404 1
5404 1
5404 1
5404 1
5404 1
5404 1
5404 1
5404 1
5404 1
5404 1
5404 1
5404 1
5404 1
5404 1
5404 1
5404 1
5404 1
5404 1
5404 1
5404 1
5404 1
5404 1
5404 1
5375 1
5375 1
5375 1
5375 1
5375 1
5375 1
5375 1
5375 1
5375 1
5375 1
5375 1
5375 1
5375 1
5375 1
5375 1
5375 1
5375 1
5375 1
5375 1
5375 1
5375 1
5375 1
5375 1
5375 1
5375 1
5375 1
5375 1
5375 1
5375 1
5375 1
5375 1
5375 1
5375 1
5375 1
5375 1
5375 1
5375 1
5405 1
5405 1
5405 1
5405 1
5405 1
5405 1
5405 1
5405 1
5405 1
5405 1
5405 1
5405 1
5405 1
5405 1
5405 1
5405 1
5405 1
5405 1
5405 1
5405 1
5405 1
5405 1
5405 1
5405 1
5405 1
5405 1
5405 1
5405 1
5405 1
5405 1
5405 1
5405 1
5405 1
5405 1
5405 1
5405 1
5405 1
5466 1
5466 1
5466 1
5466 1
5466 1
5466 1
5466 1
5466 1
5466 1
5466 1
5466 1
5466 1
5466 1
5466 1
5466 1
5466 1
5466 1
5466 1
5466 1
5466 1
5466 1
5466 1
5466 1
5466 1
5466 1
5466 1
5466 1
5466 1
5466 1
5466 1
5466 1
5466 1
5466 1
5466 1
5466 1
5466 1
5466 1
2890 1
2890 1
2890 1
2890 1
2890 1
2890 1
2890 1
2890 1
2890 1
2890 1
2890 1
2890 1
2890 1
2890 1
2890 1
2890 1
2890 1
2890 1
2890 1
2890 1
2890 1
2890 1
2890 1
2890 1
2890 1
2890 1
2890 1
2890 1
2890 1
2890 1
2890 1
2890 1
2890 1
2890 1
2890 1
2890 1
2890 1
5314 1
5314 1
5314 1
5314 1
5314 1
5314 1
5314 1
5314 1
5314 1
5314 1
5314 1
5314 1
5314 1
5314 1
5314 1
5314 1
5314 1
5314 1
5314 1
5314 1
5314 1
5314 1
5314 1
5314 1
5314 1
5314 1
5314 1
5314 1
5314 1
5314 1
5314 1
5314 1
5314 1
5314 1
5314 1
5314 1
5314 1
5376 1
5376 1
5376 1
5376 1
5376 1
5376 1
5376 1
5376 1
5376 1
5376 1
5376 1
5376 1
5376 1
5376 1
5376 1
5376 1
5376 1
5376 1
5376 1
5376 1
5376 1
5376 1
5376 1
5376 1
5376 1
5376 1
5376 1
5376 1
5376 1
5376 1
5376 1
5376 1
5376 1
5376 1
5376 1
5376 1
5376 1
5436 1
5436 1
5436 1
5436 1
5436 1
5436 1
5436 1
5436 1
5436 1
5436 1
5436 1
5436 1
5436 1
5436 1
5436 1
5436 1
5436 1
5436 1
5436 1
5436 1
5436 1
5436 1
5436 1
5436 1
5436 1
5436 1
5436 1
5436 1
5436 1
5436 1
5436 1
5436 1
5436 1
5436 1
5436 1
5436 1
5436 1
5467 1
5467 1
5467 1
5467 1
5467 1
5467 1
5467 1
5467 1
5467 1
5467 1
5467 1
5467 1
5467 1
5467 1
5467 1
5467 1
5467 1
5467 1
5467 1
5467 1
5467 1
5467 1
5467 1
5467 1
5467 1
5467 1
5467 1
5467 1
5467 1
5467 1
5467 1
5467 1
5467 1
5467 1
5467 1
5467 1
5467 1
5498 1
5498 1
5498 1
5498 1
5498 1
5498 1
5498 1
5498 1
5498 1
5498 1
5498 1
5498 1
5498 1
5498 1
5498 1
5498 1
5498 1
5498 1
5498 1
5498 1
5498 1
5498 1
5498 1
5498 1
5498 1
5498 1
5498 1
5498 1
5498 1
5498 1
5498 1
5498 1
5498 1
5498 1
5498 1
5498 1
5498 1
5793 1
5793 1
5793 1
5793 1
5793 1
5793 1
5793 1
5793 1
5793 1
5793 1
5793 1
5793 1
5793 1
5793 1
5793 1
5793 1
5793 1
5793 1
5793 1
5793 1
5793 1
5793 1
5793 1
5793 1
5793 1
5793 1
5793 1
5793 1
5793 1
5793 1
5793 1
5793 1
5793 1
5793 1
5793 1
5793 1
5793 1
5437 1
5437 1
5437 1
5437 1
5437 1
5437 1
5437 1
5437 1
5437 1
5437 1
5437 1
5437 1
5437 1
5437 1
5437 1
5437 1
5437 1
5437 1
5437 1
5437 1
5437 1
5437 1
5437 1
5437 1
5437 1
5437 1
5437 1
5437 1
5437 1
5437 1
5437 1
5437 1
5437 1
5437 1
5437 1
5437 1
5437 1
5468 1
5468 1
5468 1
5468 1
5468 1
5468 1
5468 1
5468 1
5468 1
5468 1
5468 1
5468 1
5468 1
5468 1
5468 1
5468 1
5468 1
5468 1
5468 1
5468 1
5468 1
5468 1
5468 1
5468 1
5468 1
5468 1
5468 1
5468 1
5468 1
5468 1
5468 1
5468 1
5468 1
5468 1
5468 1
5468 1
5468 1
5499 1
5499 1
5499 1
5499 1
5499 1
5499 1
5499 1
5499 1
5499 1
5499 1
5499 1
5499 1
5499 1
5499 1
5499 1
5499 1
5499 1
5499 1
5499 1
5499 1
5499 1
5499 1
5499 1
5499 1
5499 1
5499 1
5499 1
5499 1
5499 1
5499 1
5499 1
5499 1
5499 1
5499 1
5499 1
5499 1
5499 1
5536 1
5536 1
5536 1
5536 1
5536 1
5536 1
5536 1
5536 1
5536 1
5536 1
5536 1
5536 1
5536 1
5536 1
5536 1
5536 1
5536 1
5536 1
5536 1
5536 1
5536 1
5536 1
5536 1
5536 1
5536 1
5536 1
5536 1
5536 1
5536 1
5536 1
5536 1
5536 1
5536 1
5536 1
5536 1
5536 1
5536 1
5751 1
5751 1
5751 1
5751 1
5751 1
5751 1
5751 1
5751 1
5751 1
5751 1
5751 1
5751 1
5751 1
5751 1
5751 1
5751 1
5751 1
5751 1
5751 1
5751 1
5751 1
5751 1
5751 1
5751 1
5751 1
5751 1
5751 1
5751 1
5751 1
5751 1
5751 1
5751 1
5751 1
5751 1
5751 1
5751 1
5751 1
5794 1
5794 1
5794 1
5794 1
5794 1
5794 1
5794 1
5794 1
5794 1
5794 1
5794 1
5794 1
5794 1
5794 1
5794 1
5794 1
5794 1
5794 1
5794 1
5794 1
5794 1
5794 1
5794 1
5794 1
5794 1
5794 1
5794 1
5794 1
5794 1
5794 1
5794 1
5794 1
5794 1
5794 1
5794 1
5794 1
5794 1
2892 1
2892 1
2892 1
2892 1
2892 1
2892 1
2892 1
2892 1
2892 1
2892 1
2892 1
2892 1
2892 1
2892 1
2892 1
2892 1
2892 1
2892 1
2892 1
2892 1
2892 1
2892 1
2892 1
2892 1
2892 1
2892 1
2892 1
2892 1
2892 1
2892 1
2892 1
2892 1
2892 1
2892 1
2892 1
2892 1
2892 1
5348 1
5348 1
5348 1
5348 1
5348 1
5348 1
5348 1
5348 1
5348 1
5348 1
5348 1
5348 1
5348 1
5348 1
5348 1
5348 1
5348 1
5348 1
5348 1
5348 1
5348 1
5348 1
5348 1
5348 1
5348 1
5348 1
5348 1
5348 1
5348 1
5348 1
5348 1
5348 1
5348 1
5348 1
5348 1
5348 1
5348 1
5438 1
5438 1
5438 1
5438 1
5438 1
5438 1
5438 1
5438 1
5438 1
5438 1
5438 1
5438 1
5438 1
5438 1
5438 1
5438 1
5438 1
5438 1
5438 1
5438 1
5438 1
5438 1
5438 1
5438 1
5438 1
5438 1
5438 1
5438 1
5438 1
5438 1
5438 1
5438 1
5438 1
5438 1
5438 1
5438 1
5438 1
5537 1
5537 1
5537 1
5537 1
5537 1
5537 1
5537 1
5537 1
5537 1
5537 1
5537 1
5537 1
5537 1
5537 1
5537 1
5537 1
5537 1
5537 1
5537 1
5537 1
5537 1
5537 1
5537 1
5537 1
5537 1
5537 1
5537 1
5537 1
5537 1
5537 1
5537 1
5537 1
5537 1
5537 1
5537 1
5537 1
5537 1
5617 1
5617 1
5617 1
5617 1
5617 1
5617 1
5617 1
5617 1
5617 1
5617 1
5617 1
5617 1
5617 1
5617 1
5617 1
5617 1
5617 1
5617 1
5617 1
5617 1
5617 1
5617 1
5617 1
5617 1
5617 1
5617 1
5617 1
5617 1
5617 1
5617 1
5617 1
5617 1
5617 1
5617 1
5617 1
5617 1
5617 1
5661 1
5661 1
5661 1
5661 1
5661 1
5661 1
5661 1
5661 1
5661 1
5661 1
5661 1
5661 1
5661 1
5661 1
5661 1
5661 1
5661 1
5661 1
5661 1
5661 1
5661 1
5661 1
5661 1
5661 1
5661 1
5661 1
5661 1
5661 1
5661 1
5661 1
5661 1
5661 1
5661 1
5661 1
5661 1
5661 1
5661 1
5706 1
5706 1
5706 1
5706 1
5706 1
5706 1
5706 1
5706 1
5706 1
5706 1
5706 1
5706 1
5706 1
5706 1
5706 1
5706 1
5706 1
5706 1
5706 1
5706 1
5706 1
5706 1
5706 1
5706 1
5706 1
5706 1
5706 1
5706 1
5706 1
5706 1
5706 1
5706 1
5706 1
5706 1
5706 1
5706 1
5706 1
5752 1
5752 1
5752 1
5752 1
5752 1
5752 1
5752 1
5752 1
5752 1
5752 1
5752 1
5752 1
5752 1
5752 1
5752 1
5752 1
5752 1
5752 1
5752 1
5752 1
5752 1
5752 1
5752 1
5752 1
5752 1
5752 1
5752 1
5752 1
5752 1
5752 1
5752 1
5752 1
5752 1
5752 1
5752 1
5752 1
5752 1
5795 1
5795 1
5795 1
5795 1
5795 1
5795 1
5795 1
5795 1
5795 1
5795 1
5795 1
5795 1
5795 1
5795 1
5795 1
5795 1
5795 1
5795 1
5795 1
5795 1
5795 1
5795 1
5795 1
5795 1
5795 1
5795 1
5795 1
5795 1
5795 1
5795 1
5795 1
5795 1
5795 1
5795 1
5795 1
5795 1
5795 1
2982 1
2982 1
2982 1
2982 1
2982 1
2982 1
2982 1
2982 1
2982 1
2982 1
2982 1
2982 1
2982 1
2982 1
2982 1
2982 1
2982 1
2982 1
2982 1
2982 1
2982 1
2982 1
2982 1
2982 1
2982 1
2982 1
2982 1
2982 1
2982 1
2982 1
2982 1
2982 1
2982 1
2982 1
2982 1
2982 1
2982 1
5073 1
5073 1
5073 1
5073 1
5073 1
5073 1
5073 1
5073 1
5073 1
5073 1
5073 1
5073 1
5073 1
5073 1
5073 1
5073 1
5073 1
5073 1
5073 1
5073 1
5073 1
5073 1
5073 1
5073 1
5073 1
5073 1
5073 1
5073 1
5073 1
5073 1
5073 1
5073 1
5073 1
5073 1
5073 1
5073 1
5073 1
5379 1
5379 1
5379 1
5379 1
5379 1
5379 1
5379 1
5379 1
5379 1
5379 1
5379 1
5379 1
5379 1
5379 1
5379 1
5379 1
5379 1
5379 1
5379 1
5379 1
5379 1
5379 1
5379 1
5379 1
5379 1
5379 1
5379 1
5379 1
5379 1
5379 1
5379 1
5379 1
5379 1
5379 1
5379 1
5379 1
5379 1
5409 1
5409 1
5409 1
5409 1
5409 1
5409 1
5409 1
5409 1
5409 1
5409 1
5409 1
5409 1
5409 1
5409 1
5409 1
5409 1
5409 1
5409 1
5409 1
5409 1
5409 1
5409 1
5409 1
5409 1
5409 1
5409 1
5409 1
5409 1
5409 1
5409 1
5409 1
5409 1
5409 1
5409 1
5409 1
5409 1
5409 1
5439 1
5439 1
5439 1
5439 1
5439 1
5439 1
5439 1
5439 1
5439 1
5439 1
5439 1
5439 1
5439 1
5439 1
5439 1
5439 1
5439 1
5439 1
5439 1
5439 1
5439 1
5439 1
5439 1
5439 1
5439 1
5439 1
5439 1
5439 1
5439 1
5439 1
5439 1
5439 1
5439 1
5439 1
5439 1
5439 1
5439 1
5796 1
5796 1
5796 1
5796 1
5796 1
5796 1
5796 1
5796 1
5796 1
5796 1
5796 1
5796 1
5796 1
5796 1
5796 1
5796 1
5796 1
5796 1
5796 1
5796 1
5796 1
5796 1
5796 1
5796 1
5796 1
5796 1
5796 1
5796 1
5796 1
5796 1
5796 1
5796 1
5796 1
5796 1
5796 1
5796 1
5796 1
2798 1
2798 1
2798 1
2798 1
2798 1
2798 1
2798 1
2798 1
2798 1
2798 1
2798 1
2798 1
2798 1
2798 1
2798 1
2798 1
2798 1
2798 1
2798 1
2798 1
2798 1
2798 1
2798 1
2798 1
2798 1
2798 1
2798 1
2798 1
2798 1
2798 1
2798 1
2798 1
2798 1
2798 1
2798 1
2798 1
2798 1
2894 1
2894 1
2894 1
2894 1
2894 1
2894 1
2894 1
2894 1
2894 1
2894 1
2894 1
2894 1
2894 1
2894 1
2894 1
2894 1
2894 1
2894 1
2894 1
2894 1
2894 1
2894 1
2894 1
2894 1
2894 1
2894 1
2894 1
2894 1
2894 1
2894 1
2894 1
2894 1
2894 1
2894 1
2894 1
2894 1
2894 1
2983 1
2983 1
2983 1
2983 1
2983 1
2983 1
2983 1
2983 1
2983 1
2983 1
2983 1
2983 1
2983 1
2983 1
2983 1
2983 1
2983 1
2983 1
2983 1
2983 1
2983 1
2983 1
2983 1
2983 1
2983 1
2983 1
2983 1
2983 1
2983 1
2983 1
2983 1
2983 1
2983 1
2983 1
2983 1
2983 1
2983 1
5410 1
5410 1
5410 1
5410 1
5410 1
5410 1
5410 1
5410 1
5410 1
5410 1
5410 1
5410 1
5410 1
5410 1
5410 1
5410 1
5410 1
5410 1
5410 1
5410 1
5410 1
5410 1
5410 1
5410 1
5410 1
5410 1
5410 1
5410 1
5410 1
5410 1
5410 1
5410 1
5410 1
5410 1
5410 1
5410 1
5410 1
2895 1
2895 1
2895 1
2895 1
2895 1
2895 1
2895 1
2895 1
2895 1
2895 1
2895 1
2895 1
2895 1
2895 1
2895 1
2895 1
2895 1
2895 1
2895 1
2895 1
2895 1
2895 1
2895 1
2895 1
2895 1
2895 1
2895 1
2895 1
2895 1
2895 1
2895 1
2895 1
2895 1
2895 1
2895 1
2895 1
2895 1
5577 1
5577 1
5577 1
5577 1
5577 1
5577 1
5577 1
5577 1
5577 1
5577 1
5577 1
5577 1
5577 1
5577 1
5577 1
5577 1
5577 1
5577 1
5577 1
5577 1
5577 1
5577 1
5577 1
5577 1
5577 1
5577 1
5577 1
5577 1
5577 1
5577 1
5577 1
5577 1
5577 1
5577 1
5577 1
5577 1
5577 1
5620 1
5620 1
5620 1
5620 1
5620 1
5620 1
5620 1
5620 1
5620 1
5620 1
5620 1
5620 1
5620 1
5620 1
5620 1
5620 1
5620 1
5620 1
5620 1
5620 1
5620 1
5620 1
5620 1
5620 1
5620 1
5620 1
5620 1
5620 1
5620 1
5620 1
5620 1
5620 1
5620 1
5620 1
5620 1
5620 1
5620 1
2613 1
2613 1
2613 1
2613 1
2613 1
2613 1
2613 1
2613 1
2613 1
2613 1
2613 1
2613 1
2613 1
2613 1
2613 1
2613 1
2613 1
2613 1
2613 1
2613 1
2613 1
2613 1
2613 1
2613 1
2613 1
2613 1
2613 1
2613 1
2613 1
2613 1
2613 1
2613 1
2613 1
2613 1
2613 1
2613 1
2613 1
2800 1
2800 1
2800 1
2800 1
2800 1
2800 1
2800 1
2800 1
2800 1
2800 1
2800 1
2800 1
2800 1
2800 1
2800 1
2800 1
2800 1
2800 1
2800 1
2800 1
2800 1
2800 1
2800 1
2800 1
2800 1
2800 1
2800 1
2800 1
2800 1
2800 1
2800 1
2800 1
2800 1
2800 1
2800 1
2800 1
2800 1
2896 1
2896 1
2896 1
2896 1
2896 1
2896 1
2896 1
2896 1
2896 1
2896 1
2896 1
2896 1
2896 1
2896 1
2896 1
2896 1
2896 1
2896 1
2896 1
2896 1
2896 1
2896 1
2896 1
2896 1
2896 1
2896 1
2896 1
2896 1
2896 1
2896 1
2896 1
2896 1
2896 1
2896 1
2896 1
2896 1
2896 1
5382 1
5382 1
5382 1
5382 1
5382 1
5382 1
5382 1
5382 1
5382 1
5382 1
5382 1
5382 1
5382 1
5382 1
5382 1
5382 1
5382 1
5382 1
5382 1
5382 1
5382 1
5382 1
5382 1
5382 1
5382 1
5382 1
5382 1
5382 1
5382 1
5382 1
5382 1
5382 1
5382 1
5382 1
5382 1
5382 1
5382 1
5665 1
5665 1
5665 1
5665 1
5665 1
5665 1
5665 1
5665 1
5665 1
5665 1
5665 1
5665 1
5665 1
5665 1
5665 1
5665 1
5665 1
5665 1
5665 1
5665 1
5665 1
5665 1
5665 1
5665 1
5665 1
5665 1
5665 1
5665 1
5665 1
5665 1
5665 1
5665 1
5665 1
5665 1
5665 1
5665 1
5665 1
5756 1
5756 1
5756 1
5756 1
5756 1
5756 1
5756 1
5756 1
5756 1
5756 1
5756 1
5756 1
5756 1
5756 1
5756 1
5756 1
5756 1
5756 1
5756 1
5756 1
5756 1
5756 1
5756 1
5756 1
5756 1
5756 1
5756 1
5756 1
5756 1
5756 1
5756 1
5756 1
5756 1
5756 1
5756 1
5756 1
5756 1
2707 1
2707 1
2707 1
2707 1
2707 1
2707 1
2707 1
2707 1
2707 1
2707 1
2707 1
2707 1
2707 1
2707 1
2707 1
2707 1
2707 1
2707 1
2707 1
2707 1
2707 1
2707 1
2707 1
2707 1
2707 1
2707 1
2707 1
2707 1
2707 1
2707 1
2707 1
2707 1
2707 1
2707 1
2707 1
2707 1
2707 1
2801 1
2801 1
2801 1
2801 1
2801 1
2801 1
2801 1
2801 1
2801 1
2801 1
2801 1
2801 1
2801 1
2801 1
2801 1
2801 1
2801 1
2801 1
2801 1
2801 1
2801 1
2801 1
2801 1
2801 1
2801 1
2801 1
2801 1
2801 1
2801 1
2801 1
2801 1
2801 1
2801 1
2801 1
2801 1
2801 1
2801 1
5711 1
5711 1
5711 1
5711 1
5711 1
5711 1
5711 1
5711 1
5711 1
5711 1
5711 1
5711 1
5711 1
5711 1
5711 1
5711 1
5711 1
5711 1
5711 1
5711 1
5711 1
5711 1
5711 1
5711 1
5711 1
5711 1
5711 1
5711 1
5711 1
5711 1
5711 1
5711 1
5711 1
5711 1
5711 1
5711 1
5711 1
5757 1
5757 1
5757 1
5757 1
5757 1
5757 1
5757 1
5757 1
5757 1
5757 1
5757 1
5757 1
5757 1
5757 1
5757 1
5757 1
5757 1
5757 1
5757 1
5757 1
5757 1
5757 1
5757 1
5757 1
5757 1
5757 1
5757 1
5757 1
5757 1
5757 1
5757 1
5757 1
5757 1
5757 1
5757 1
5757 1
5757 1
5800 1
5800 1
5800 1
5800 1
5800 1
5800 1
5800 1
5800 1
5800 1
5800 1
5800 1
5800 1
5800 1
5800 1
5800 1
5800 1
5800 1
5800 1
5800 1
5800 1
5800 1
5800 1
5800 1
5800 1
5800 1
5800 1
5800 1
5800 1
5800 1
5800 1
5800 1
5800 1
5800 1
5800 1
5800 1
5800 1
5800 1
5842 1
5842 1
5842 1
5842 1
5842 1
5842 1
5842 1
5842 1
5842 1
5842 1
5842 1
5842 1
5842 1
5842 1
5842 1
5842 1
5842 1
5842 1
5842 1
5842 1
5842 1
5842 1
5842 1
5842 1
5842 1
5842 1
5842 1
5842 1
5842 1
5842 1
5842 1
5842 1
5842 1
5842 1
5842 1
5842 1
5842 1
5882 1
5882 1
5882 1
5882 1
5882 1
5882 1
5882 1
5882 1
5882 1
5882 1
5882 1
5882 1
5882 1
5882 1
5882 1
5882 1
5882 1
5882 1
5882 1
5882 1
5882 1
5882 1
5882 1
5882 1
5882 1
5882 1
5882 1
5882 1
5882 1
5882 1
5882 1
5882 1
5882 1
5882 1
5882 1
5882 1
5882 1
2615 1
2615 1
2615 1
2615 1
2615 1
2615 1
2615 1
2615 1
2615 1
2615 1
2615 1
2615 1
2615 1
2615 1
2615 1
2615 1
2615 1
2615 1
2615 1
2615 1
2615 1
2615 1
2615 1
2615 1
2615 1
2615 1
2615 1
2615 1
2615 1
2615 1
2615 1
2615 1
2615 1
2615 1
2615 1
2615 1
2615 1
5801 1
5801 1
5801 1
5801 1
5801 1
5801 1
5801 1
5801 1
5801 1
5801 1
5801 1
5801 1
5801 1
5801 1
5801 1
5801 1
5801 1
5801 1
5801 1
5801 1
5801 1
5801 1
5801 1
5801 1
5801 1
5801 1
5801 1
5801 1
5801 1
5801 1
5801 1
5801 1
5801 1
5801 1
5801 1
5801 1
5801 1
5843 1
5843 1
5843 1
5843 1
5843 1
5843 1
5843 1
5843 1
5843 1
5843 1
5843 1
5843 1
5843 1
5843 1
5843 1
5843 1
5843 1
5843 1
5843 1
5843 1
5843 1
5843 1
5843 1
5843 1
5843 1
5843 1
5843 1
5843 1
5843 1
5843 1
5843 1
5843 1
5843 1
5843 1
5843 1
5843 1
5843 1
5883 1
5883 1
5883 1
5883 1
5883 1
5883 1
5883 1
5883 1
5883 1
5883 1
5883 1
5883 1
5883 1
5883 1
5883 1
5883 1
5883 1
5883 1
5883 1
5883 1
5883 1
5883 1
5883 1
5883 1
5883 1
5883 1
5883 1
5883 1
5883 1
5883 1
5883 1
5883 1
5883 1
5883 1
5883 1
5883 1
5883 1
5920 1
5920 1
5920 1
5920 1
5920 1
5920 1
5920 1
5920 1
5920 1
5920 1
5920 1
5920 1
5920 1
5920 1
5920 1
5920 1
5920 1
5920 1
5920 1
5920 1
5920 1
5920 1
5920 1
5920 1
5920 1
5920 1
5920 1
5920 1
5920 1
5920 1
5920 1
5920 1
5920 1
5920 1
5920 1
5920 1
5920 1
2616 1
2616 1
2616 1
2616 1
2616 1
2616 1
2616 1
2616 1
2616 1
2616 1
2616 1
2616 1
2616 1
2616 1
2616 1
2616 1
2616 1
2616 1
2616 1
2616 1
2616 1
2616 1
2616 1
2616 1
2616 1
2616 1
2616 1
2616 1
2616 1
2616 1
2616 1
2616 1
2616 1
2616 1
2616 1
2616 1
2616 1
5884 1
5884 1
5884 1
5884 1
5884 1
5884 1
5884 1
5884 1
5884 1
5884 1
5884 1
5884 1
5884 1
5884 1
5884 1
5884 1
5884 1
5884 1
5884 1
5884 1
5884 1
5884 1
5884 1
5884 1
5884 1
5884 1
5884 1
5884 1
5884 1
5884 1
5884 1
5884 1
5884 1
5884 1
5884 1
5884 1
5884 1
5716 1
5716 1
5716 1
5716 1
5716 1
5716 1
5716 1
5716 1
5716 1
5716 1
5716 1
5716 1
5716 1
5716 1
5716 1
5716 1
5716 1
5716 1
5716 1
5716 1
5716 1
5716 1
5716 1
5716 1
5716 1
5716 1
5716 1
5716 1
5716 1
5716 1
5716 1
5716 1
5716 1
5716 1
5716 1
5716 1
5716 1
2722 1
2722 1
2722 1
2722 1
2722 1
2722 1
2722 1
2722 1
2722 1
2722 1
2722 1
2722 1
2722 1
2722 1
2722 1
2722 1
2722 1
2722 1
2722 1
2722 1
2722 1
2722 1
2722 1
2722 1
2722 1
2722 1
2722 1
2722 1
2722 1
2722 1
2722 1
2722 1
2722 1
2722 1
2722 1
2722 1
2722 1
2816 1
2816 1
2816 1
2816 1
2816 1
2816 1
2816 1
2816 1
2816 1
2816 1
2816 1
2816 1
2816 1
2816 1
2816 1
2816 1
2816 1
2816 1
2816 1
2816 1
2816 1
2816 1
2816 1
2816 1
2816 1
2816 1
2816 1
2816 1
2816 1
2816 1
2816 1
2816 1
2816 1
2816 1
2816 1
2816 1
2816 1
2911 1
2911 1
2911 1
2911 1
2911 1
2911 1
2911 1
2911 1
2911 1
2911 1
2911 1
2911 1
2911 1
2911 1
2911 1
2911 1
2911 1
2911 1
2911 1
2911 1
2911 1
2911 1
2911 1
2911 1
2911 1
2911 1
2911 1
2911 1
2911 1
2911 1
2911 1
2911 1
2911 1
2911 1
2911 1
2911 1
2911 1
2539 1
2539 1
2539 1
2539 1
2539 1
2539 1
2539 1
2539 1
2539 1
2539 1
2539 1
2539 1
2539 1
2539 1
2539 1
2539 1
2539 1
2539 1
2539 1
2539 1
2539 1
2539 1
2539 1
2539 1
2539 1
2539 1
2539 1
2539 1
2539 1
2539 1
2539 1
2539 1
2539 1
2539 1
2539 1
2539 1
2539 1
2630 1
2630 1
2630 1
2630 1
2630 1
2630 1
2630 1
2630 1
2630 1
2630 1
2630 1
2630 1
2630 1
2630 1
2630 1
2630 1
2630 1
2630 1
2630 1
2630 1
2630 1
2630 1
2630 1
2630 1
2630 1
2630 1
2630 1
2630 1
2630 1
2630 1
2630 1
2630 1
2630 1
2630 1
2630 1
2630 1
2630 1
2912 1
2912 1
2912 1
2912 1
2912 1
2912 1
2912 1
2912 1
2912 1
2912 1
2912 1
2912 1
2912 1
2912 1
2912 1
2912 1
2912 1
2912 1
2912 1
2912 1
2912 1
2912 1
2912 1
2912 1
2912 1
2912 1
2912 1
2912 1
2912 1
2912 1
2912 1
2912 1
2912 1
2912 1
2912 1
2912 1
2912 1
3000 1
3000 1
3000 1
3000 1
3000 1
3000 1
3000 1
3000 1
3000 1
3000 1
3000 1
3000 1
3000 1
3000 1
3000 1
3000 1
3000 1
3000 1
3000 1
3000 1
3000 1
3000 1
3000 1
3000 1
3000 1
3000 1
3000 1
3000 1
3000 1
3000 1
3000 1
3000 1
3000 1
3000 1
3000 1
3000 1
3000 1
3797 1
3797 1
3797 1
3797 1
3797 1
3797 1
3797 1
3797 1
3797 1
3797 1
3797 1
3797 1
3797 1
3797 1
3797 1
3797 1
3797 1
3797 1
3797 1
3797 1
3797 1
3797 1
3797 1
3797 1
3797 1
3797 1
3797 1
3797 1
3797 1
3797 1
3797 1
3797 1
3797 1
3797 1
3797 1
3797 1
3797 1
4117 1
4117 1
4117 1
4117 1
4117 1
4117 1
4117 1
4117 1
4117 1
4117 1
4117 1
4117 1
4117 1
4117 1
4117 1
4117 1
4117 1
4117 1
4117 1
4117 1
4117 1
4117 1
4117 1
4117 1
4117 1
4117 1
4117 1
4117 1
4117 1
4117 1
4117 1
4117 1
4117 1
4117 1
4117 1
4117 1
4117 1
4198 1
4198 1
4198 1
4198 1
4198 1
4198 1
4198 1
4198 1
4198 1
4198 1
4198 1
4198 1
4198 1
4198 1
4198 1
4198 1
4198 1
4198 1
4198 1
4198 1
4198 1
4198 1
4198 1
4198 1
4198 1
4198 1
4198 1
4198 1
4198 1
4198 1
4198 1
4198 1
4198 1
4198 1
4198 1
4198 1
4198 1
4236 1
4236 1
4236 1
4236 1
4236 1
4236 1
4236 1
4236 1
4236 1
4236 1
4236 1
4236 1
4236 1
4236 1
4236 1
4236 1
4236 1
4236 1
4236 1
4236 1
4236 1
4236 1
4236 1
4236 1
4236 1
4236 1
4236 1
4236 1
4236 1
4236 1
4236 1
4236 1
4236 1
4236 1
4236 1
4236 1
4236 1
3799 1
3799 1
3799 1
3799 1
3799 1
3799 1
3799 1
3799 1
3799 1
3799 1
3799 1
3799 1
3799 1
3799 1
3799 1
3799 1
3799 1
3799 1
3799 1
3799 1
3799 1
3799 1
3799 1
3799 1
3799 1
3799 1
3799 1
3799 1
3799 1
3799 1
3799 1
3799 1
3799 1
3799 1
3799 1
3799 1
3799 1
4162 1
4162 1
4162 1
4162 1
4162 1
4162 1
4162 1
4162 1
4162 1
4162 1
4162 1
4162 1
4162 1
4162 1
4162 1
4162 1
4162 1
4162 1
4162 1
4162 1
4162 1
4162 1
4162 1
4162 1
4162 1
4162 1
4162 1
4162 1
4162 1
4162 1
4162 1
4162 1
4162 1
4162 1
4162 1
4162 1
4162 1
4199 1
4199 1
4199 1
4199 1
4199 1
4199 1
4199 1
4199 1
4199 1
4199 1
4199 1
4199 1
4199 1
4199 1
4199 1
4199 1
4199 1
4199 1
4199 1
4199 1
4199 1
4199 1
4199 1
4199 1
4199 1
4199 1
4199 1
4199 1
4199 1
4199 1
4199 1
4199 1
4199 1
4199 1
4199 1
4199 1
4199 1
4237 1
4237 1
4237 1
4237 1
4237 1
4237 1
4237 1
4237 1
4237 1
4237 1
4237 1
4237 1
4237 1
4237 1
4237 1
4237 1
4237 1
4237 1
4237 1
4237 1
4237 1
4237 1
4237 1
4237 1
4237 1
4237 1
4237 1
4237 1
4237 1
4237 1
4237 1
4237 1
4237 1
4237 1
4237 1
4237 1
4237 1
4280 1
4280 1
4280 1
4280 1
4280 1
4280 1
4280 1
4280 1
4280 1
4280 1
4280 1
4280 1
4280 1
4280 1
4280 1
4280 1
4280 1
4280 1
4280 1
4280 1
4280 1
4280 1
4280 1
4280 1
4280 1
4280 1
4280 1
4280 1
4280 1
4280 1
4280 1
4280 1
4280 1
4280 1
4280 1
4280 1
4280 1
3093 1
3093 1
3093 1
3093 1
3093 1
3093 1
3093 1
3093 1
3093 1
3093 1
3093 1
3093 1
3093 1
3093 1
3093 1
3093 1
3093 1
3093 1
3093 1
3093 1
3093 1
3093 1
3093 1
3093 1
3093 1
3093 1
3093 1
3093 1
3093 1
3093 1
3093 1
3093 1
3093 1
3093 1
3093 1
3093 1
3093 1
4121 1
4121 1
4121 1
4121 1
4121 1
4121 1
4121 1
4121 1
4121 1
4121 1
4121 1
4121 1
4121 1
4121 1
4121 1
4121 1
4121 1
4121 1
4121 1
4121 1
4121 1
4121 1
4121 1
4121 1
4121 1
4121 1
4121 1
4121 1
4121 1
4121 1
4121 1
4121 1
4121 1
4121 1
4121 1
4121 1
4121 1
3339 1
3339 1
3339 1
3339 1
3339 1
3339 1
3339 1
3339 1
3339 1
3339 1
3339 1
3339 1
3339 1
3339 1
3339 1
3339 1
3339 1
3339 1
3339 1
3339 1
3339 1
3339 1
3339 1
3339 1
3339 1
3339 1
3339 1
3339 1
3339 1
3339 1
3339 1
3339 1
3339 1
3339 1
3339 1
3339 1
3339 1
3683 1
3683 1
3683 1
3683 1
3683 1
3683 1
3683 1
3683 1
3683 1
3683 1
3683 1
3683 1
3683 1
3683 1
3683 1
3683 1
3683 1
3683 1
3683 1
3683 1
3683 1
3683 1
3683 1
3683 1
3683 1
3683 1
3683 1
3683 1
3683 1
3683 1
3683 1
3683 1
3683 1
3683 1
3683 1
3683 1
3683 1
3743 1
3743 1
3743 1
3743 1
3743 1
3743 1
3743 1
3743 1
3743 1
3743 1
3743 1
3743 1
3743 1
3743 1
3743 1
3743 1
3743 1
3743 1
3743 1
3743 1
3743 1
3743 1
3743 1
3743 1
3743 1
3743 1
3743 1
3743 1
3743 1
3743 1
3743 1
3743 1
3743 1
3743 1
3743 1
3743 1
3743 1
3856 1
3856 1
3856 1
3856 1
3856 1
3856 1
3856 1
3856 1
3856 1
3856 1
3856 1
3856 1
3856 1
3856 1
3856 1
3856 1
3856 1
3856 1
3856 1
3856 1
3856 1
3856 1
3856 1
3856 1
3856 1
3856 1
3856 1
3856 1
3856 1
3856 1
3856 1
3856 1
3856 1
3856 1
3856 1
3856 1
3856 1
4077 1
4077 1
4077 1
4077 1
4077 1
4077 1
4077 1
4077 1
4077 1
4077 1
4077 1
4077 1
4077 1
4077 1
4077 1
4077 1
4077 1
4077 1
4077 1
4077 1
4077 1
4077 1
4077 1
4077 1
4077 1
4077 1
4077 1
4077 1
4077 1
4077 1
4077 1
4077 1
4077 1
4077 1
4077 1
4077 1
4077 1
4202 1
4202 1
4202 1
4202 1
4202 1
4202 1
4202 1
4202 1
4202 1
4202 1
4202 1
4202 1
4202 1
4202 1
4202 1
4202 1
4202 1
4202 1
4202 1
4202 1
4202 1
4202 1
4202 1
4202 1
4202 1
4202 1
4202 1
4202 1
4202 1
4202 1
4202 1
4202 1
4202 1
4202 1
4202 1
4202 1
4202 1
3096 1
3096 1
3096 1
3096 1
3096 1
3096 1
3096 1
3096 1
3096 1
3096 1
3096 1
3096 1
3096 1
3096 1
3096 1
3096 1
3096 1
3096 1
3096 1
3096 1
3096 1
3096 1
3096 1
3096 1
3096 1
3096 1
3096 1
3096 1
3096 1
3096 1
3096 1
3096 1
3096 1
3096 1
3096 1
3096 1
3096 1
3483 1
3483 1
3483 1
3483 1
3483 1
3483 1
3483 1
3483 1
3483 1
3483 1
3483 1
3483 1
3483 1
3483 1
3483 1
3483 1
3483 1
3483 1
3483 1
3483 1
3483 1
3483 1
3483 1
3483 1
3483 1
3483 1
3483 1
3483 1
3483 1
3483 1
3483 1
3483 1
3483 1
3483 1
3483 1
3483 1
3483 1
3744 1
3744 1
3744 1
3744 1
3744 1
3744 1
3744 1
3744 1
3744 1
3744 1
3744 1
3744 1
3744 1
3744 1
3744 1
3744 1
3744 1
3744 1
3744 1
3744 1
3744 1
3744 1
3744 1
3744 1
3744 1
3744 1
3744 1
3744 1
3744 1
3744 1
3744 1
3744 1
3744 1
3744 1
3744 1
3744 1
3744 1
3803 1
3803 1
3803 1
3803 1
3803 1
3803 1
3803 1
3803 1
3803 1
3803 1
3803 1
3803 1
3803 1
3803 1
3803 1
3803 1
3803 1
3803 1
3803 1
3803 1
3803 1
3803 1
3803 1
3803 1
3803 1
3803 1
3803 1
3803 1
3803 1
3803 1
3803 1
3803 1
3803 1
3803 1
3803 1
3803 1
3803 1
3857 1
3857 1
3857 1
3857 1
3857 1
3857 1
3857 1
3857 1
3857 1
3857 1
3857 1
3857 1
3857 1
3857 1
3857 1
3857 1
3857 1
3857 1
3857 1
3857 1
3857 1
3857 1
3857 1
3857 1
3857 1
3857 1
3857 1
3857 1
3857 1
3857 1
3857 1
3857 1
3857 1
3857 1
3857 1
3857 1
3857 1
3913 1
3913 1
3913 1
3913 1
3913 1
3913 1
3913 1
3913 1
3913 1
3913 1
3913 1
3913 1
3913 1
3913 1
3913 1
3913 1
3913 1
3913 1
3913 1
3913 1
3913 1
3913 1
3913 1
3913 1
3913 1
3913 1
3913 1
3913 1
3913 1
3913 1
3913 1
3913 1
3913 1
3913 1
3913 1
3913 1
3913 1
3967 1
3967 1
3967 1
3967 1
3967 1
3967 1
3967 1
3967 1
3967 1
3967 1
3967 1
3967 1
3967 1
3967 1
3967 1
3967 1
3967 1
3967 1
3967 1
3967 1
3967 1
3967 1
3967 1
3967 1
3967 1
3967 1
3967 1
3967 1
3967 1
3967 1
3967 1
3967 1
3967 1
3967 1
3967 1
3967 1
3967 1
4078 1
4078 1
4078 1
4078 1
4078 1
4078 1
4078 1
4078 1
4078 1
4078 1
4078 1
4078 1
4078 1
4078 1
4078 1
4078 1
4078 1
4078 1
4078 1
4078 1
4078 1
4078 1
4078 1
4078 1
4078 1
4078 1
4078 1
4078 1
4078 1
4078 1
4078 1
4078 1
4078 1
4078 1
4078 1
4078 1
4078 1
4325 1
4325 1
4325 1
4325 1
4325 1
4325 1
4325 1
4325 1
4325 1
4325 1
4325 1
4325 1
4325 1
4325 1
4325 1
4325 1
4325 1
4325 1
4325 1
4325 1
4325 1
4325 1
4325 1
4325 1
4325 1
4325 1
4325 1
4325 1
4325 1
4325 1
4325 1
4325 1
4325 1
4325 1
4325 1
4325 1
4325 1
4368 1
4368 1
4368 1
4368 1
4368 1
4368 1
4368 1
4368 1
4368 1
4368 1
4368 1
4368 1
4368 1
4368 1
4368 1
4368 1
4368 1
4368 1
4368 1
4368 1
4368 1
4368 1
4368 1
4368 1
4368 1
4368 1
4368 1
4368 1
4368 1
4368 1
4368 1
4368 1
4368 1
4368 1
4368 1
4368 1
4368 1
4523 1
4523 1
4523 1
4523 1
4523 1
4523 1
4523 1
4523 1
4523 1
4523 1
4523 1
4523 1
4523 1
4523 1
4523 1
4523 1
4523 1
4523 1
4523 1
4523 1
4523 1
4523 1
4523 1
4523 1
4523 1
4523 1
4523 1
4523 1
4523 1
4523 1
4523 1
4523 1
4523 1
4523 1
4523 1
4523 1
4523 1
3745 1
3745 1
3745 1
3745 1
3745 1
3745 1
3745 1
3745 1
3745 1
3745 1
3745 1
3745 1
3745 1
3745 1
3745 1
3745 1
3745 1
3745 1
3745 1
3745 1
3745 1
3745 1
3745 1
3745 1
3745 1
3745 1
3745 1
3745 1
3745 1
3745 1
3745 1
3745 1
3745 1
3745 1
3745 1
3745 1
3745 1
3804 1
3804 1
3804 1
3804 1
3804 1
3804 1
3804 1
3804 1
3804 1
3804 1
3804 1
3804 1
3804 1
3804 1
3804 1
3804 1
3804 1
3804 1
3804 1
3804 1
3804 1
3804 1
3804 1
3804 1
3804 1
3804 1
3804 1
3804 1
3804 1
3804 1
3804 1
3804 1
3804 1
3804 1
3804 1
3804 1
3804 1
4369 1
4369 1
4369 1
4369 1
4369 1
4369 1
4369 1
4369 1
4369 1
4369 1
4369 1
4369 1
4369 1
4369 1
4369 1
4369 1
4369 1
4369 1
4369 1
4369 1
4369 1
4369 1
4369 1
4369 1
4369 1
4369 1
4369 1
4369 1
4369 1
4369 1
4369 1
4369 1
4369 1
4369 1
4369 1
4369 1
4369 1
4409 1
4409 1
4409 1
4409 1
4409 1
4409 1
4409 1
4409 1
4409 1
4409 1
4409 1
4409 1
4409 1
4409 1
4409 1
4409 1
4409 1
4409 1
4409 1
4409 1
4409 1
4409 1
4409 1
4409 1
4409 1
4409 1
4409 1
4409 1
4409 1
4409 1
4409 1
4409 1
4409 1
4409 1
4409 1
4409 1
4409 1
3805 1
3805 1
3805 1
3805 1
3805 1
3805 1
3805 1
3805 1
3805 1
3805 1
3805 1
3805 1
3805 1
3805 1
3805 1
3805 1
3805 1
3805 1
3805 1
3805 1
3805 1
3805 1
3805 1
3805 1
3805 1
3805 1
3805 1
3805 1
3805 1
3805 1
3805 1
3805 1
3805 1
3805 1
3805 1
3805 1
3805 1
3859 1
3859 1
3859 1
3859 1
3859 1
3859 1
3859 1
3859 1
3859 1
3859 1
3859 1
3859 1
3859 1
3859 1
3859 1
3859 1
3859 1
3859 1
3859 1
3859 1
3859 1
3859 1
3859 1
3859 1
3859 1
3859 1
3859 1
3859 1
3859 1
3859 1
3859 1
3859 1
3859 1
3859 1
3859 1
3859 1
3859 1
4029 1
4029 1
4029 1
4029 1
4029 1
4029 1
4029 1
4029 1
4029 1
4029 1
4029 1
4029 1
4029 1
4029 1
4029 1
4029 1
4029 1
4029 1
4029 1
4029 1
4029 1
4029 1
4029 1
4029 1
4029 1
4029 1
4029 1
4029 1
4029 1
4029 1
4029 1
4029 1
4029 1
4029 1
4029 1
4029 1
4029 1
4080 1
4080 1
4080 1
4080 1
4080 1
4080 1
4080 1
4080 1
4080 1
4080 1
4080 1
4080 1
4080 1
4080 1
4080 1
4080 1
4080 1
4080 1
4080 1
4080 1
4080 1
4080 1
4080 1
4080 1
4080 1
4080 1
4080 1
4080 1
4080 1
4080 1
4080 1
4080 1
4080 1
4080 1
4080 1
4080 1
4080 1
