pt_graph freq
1065 0.75
1065 0.25
1530 0.75
1530 0.25
1537 0.75
1537 0.25
1579 0.75
1579 0.25
1581 0.75
1581 0.25
1584 0.75
1584 0.25
1625 0.75
1625 0.25
1627 0.75
1627 0.25
1628 0.75
1628 0.25
1630 0.75
1630 0.25
1677 0.75
1677 0.25
1733 0.75
1733 0.25
1734 0.75
1734 0.25
1792 0.75
1792 0.25
1860 0.75
1860 0.25
1862 0.75
1862 0.25
1929 0.75
1929 0.25
1931 0.75
1931 0.25
2006 0.75
2006 0.25
2172 0.75
2172 0.25
2255 0.75
2255 0.25
2257 0.75
2257 0.25
2258 0.75
2258 0.25
2259 0.75
2259 0.25
2334 0.75
2334 0.25
2336 0.75
2336 0.25
2337 0.75
2337 0.25
2347 0.75
2347 0.25
2418 0.75
2418 0.25
2539 0.75
2539 0.25
2594 0.75
2594 0.25
2615 0.75
2615 0.25
2630 0.75
2630 0.25
2707 0.75
2707 0.25
2779 0.75
2779 0.25
2780 0.75
2780 0.25
2800 0.75
2800 0.25
2801 0.75
2801 0.25
2816 0.75
2816 0.25
2876 0.75
2876 0.25
2877 0.75
2877 0.25
2894 0.75
2894 0.25
2895 0.75
2895 0.25
2896 0.75
2896 0.25
2910 0.75
2910 0.25
2911 0.75
2911 0.25
2912 0.75
2912 0.25
2968 0.75
2968 0.25
2981 0.75
2981 0.25
2982 0.75
2982 0.25
2983 0.75
2983 0.25
3058 0.75
3058 0.25
3059 0.75
3059 0.25
3095 0.75
3095 0.25
3150 0.75
3150 0.25
3232 0.75
3232 0.25
3233 0.75
3233 0.25
3247 0.75
3247 0.25
3310 0.75
3310 0.25
3382 0.75
3382 0.25
3383 0.75
3383 0.25
3411 0.75
3411 0.25
3426 0.75
3426 0.25
3427 0.75
3427 0.25
3452 0.75
3452 0.25
3455 0.75
3455 0.25
3456 0.75
3456 0.25
3496 0.75
3496 0.25
3497 0.75
3497 0.25
3525 0.75
3525 0.25
3526 0.75
3526 0.25
3567 0.75
3567 0.25
3568 0.75
3568 0.25
3569 0.75
3569 0.25
3570 0.75
3570 0.25
3593 0.75
3593 0.25
3632 0.75
3632 0.25
3633 0.75
3633 0.25
3634 0.75
3634 0.25
3635 0.75
3635 0.25
3656 0.75
3656 0.25
3657 0.75
3657 0.25
3683 0.75
3683 0.25
3684 0.75
3684 0.25
3695 0.75
3695 0.25
3697 0.75
3697 0.25
3698 0.75
3698 0.25
3716 0.75
3716 0.25
3744 0.75
3744 0.25
3745 0.75
3745 0.25
3752 0.75
3752 0.25
3753 0.75
3753 0.25
3757 0.75
3757 0.25
3775 0.75
3775 0.25
3804 0.75
3804 0.25
3811 0.75
3811 0.25
3816 0.75
3816 0.25
3831 0.75
3831 0.25
3858 0.75
3858 0.25
3865 0.75
3865 0.25
3866 0.75
3866 0.25
3867 0.75
3867 0.25
3871 0.75
3871 0.25
3885 0.75
3885 0.25
3913 0.75
3913 0.25
3915 0.75
3915 0.25
3916 0.75
3916 0.25
3918 0.75
3918 0.25
3919 0.75
3919 0.25
3921 0.75
3921 0.25
3922 0.75
3922 0.25
3923 0.75
3923 0.25
3924 0.75
3924 0.25
3968 0.75
3968 0.25
3970 0.75
3970 0.25
3974 0.75
3974 0.25
3975 0.75
3975 0.25
3976 0.75
3976 0.25
3977 0.75
3977 0.25
3978 0.75
3978 0.25
4025 0.75
4025 0.25
4031 0.75
4031 0.25
4032 0.75
4032 0.25
4033 0.75
4033 0.25
4034 0.75
4034 0.25
4037 0.75
4037 0.25
4038 0.75
4038 0.25
4039 0.75
4039 0.25
4081 0.75
4081 0.25
4084 0.75
4084 0.25
4088 0.75
4088 0.25
4089 0.75
4089 0.25
4090 0.75
4090 0.25
4091 0.75
4091 0.25
4103 0.75
4103 0.25
4117 0.75
4117 0.25
4121 0.75
4121 0.25
4126 0.75
4126 0.25
4127 0.75
4127 0.25
4133 0.75
4133 0.25
4134 0.75
4134 0.25
4135 0.75
4135 0.25
4162 0.75
4162 0.25
4163 0.75
4163 0.25
4169 0.75
4169 0.25
4171 0.75
4171 0.25
4172 0.75
4172 0.25
4176 0.75
4176 0.25
4177 0.75
4177 0.25
4198 0.75
4198 0.25
4199 0.75
4199 0.25
4206 0.75
4206 0.25
4208 0.75
4208 0.25
4209 0.75
4209 0.25
4212 0.75
4212 0.25
4213 0.75
4213 0.25
4214 0.75
4214 0.25
4215 0.75
4215 0.25
4244 0.75
4244 0.25
4246 0.75
4246 0.25
4247 0.75
4247 0.25
4248 0.75
4248 0.25
4249 0.75
4249 0.25
4250 0.75
4250 0.25
4251 0.75
4251 0.25
4252 0.75
4252 0.25
4253 0.75
4253 0.25
4279 0.75
4279 0.25
4287 0.75
4287 0.25
4288 0.75
4288 0.25
4289 0.75
4289 0.25
4290 0.75
4290 0.25
4291 0.75
4291 0.25
4292 0.75
4292 0.25
4294 0.75
4294 0.25
4295 0.75
4295 0.25
4327 0.75
4327 0.25
4328 0.75
4328 0.25
4329 0.75
4329 0.25
4330 0.75
4330 0.25
4331 0.75
4331 0.25
4332 0.75
4332 0.25
4333 0.75
4333 0.25
4335 0.75
4335 0.25
4368 0.75
4368 0.25
4369 0.75
4369 0.25
4370 0.75
4370 0.25
4371 0.75
4371 0.25
4372 0.75
4372 0.25
4373 0.75
4373 0.25
4374 0.75
4374 0.25
4375 0.75
4375 0.25
4376 0.75
4376 0.25
4377 0.75
4377 0.25
4378 0.75
4378 0.25
4406 0.75
4406 0.25
4410 0.75
4410 0.25
4411 0.75
4411 0.25
4412 0.75
4412 0.25
4413 0.75
4413 0.25
4414 0.75
4414 0.25
4415 0.75
4415 0.25
4450 0.75
4450 0.25
4524 0.75
4524 0.25
4562 0.75
4562 0.25
4579 0.75
4579 0.25
4624 0.75
4624 0.25
4943 0.75
4943 0.25
4987 0.75
4987 0.25
5068 0.75
5068 0.25
5174 0.75
5174 0.25
5175 0.75
5175 0.25
5181 0.75
5181 0.25
5198 0.75
5198 0.25
5224 0.75
5224 0.25
5225 0.75
5225 0.25
5233 0.75
5233 0.25
5251 0.75
5251 0.25
5252 0.75
5252 0.25
5255 0.75
5255 0.25
5262 0.75
5262 0.25
5308 0.75
5308 0.25
5309 0.75
5309 0.25
5311 0.75
5311 0.25
5340 0.75
5340 0.25
5341 0.75
5341 0.25
5342 0.75
5342 0.25
5343 0.75
5343 0.25
5345 0.75
5345 0.25
5372 0.75
5372 0.25
5373 0.75
5373 0.25
5374 0.75
5374 0.25
5376 0.75
5376 0.25
5386 0.75
5386 0.25
5408 0.75
5408 0.25
5435 0.75
5435 0.25
5436 0.75
5436 0.25
5468 0.75
5468 0.25
5499 0.75
5499 0.25
5500 0.75
5500 0.25
5502 0.75
5502 0.25
5514 0.75
5514 0.25
5515 0.75
5515 0.25
5516 0.75
5516 0.25
5536 0.75
5536 0.25
5537 0.75
5537 0.25
5551 0.75
5551 0.25
5552 0.75
5552 0.25
5553 0.75
5553 0.25
5555 0.75
5555 0.25
5564 0.75
5564 0.25
5572 0.75
5572 0.25
5577 0.75
5577 0.25
5593 0.75
5593 0.25
5594 0.75
5594 0.25
5596 0.75
5596 0.25
5620 0.75
5620 0.25
5639 0.75
5639 0.25
5640 0.75
5640 0.25
5665 0.75
5665 0.25
5666 0.75
5666 0.25
5684 0.75
5684 0.25
5685 0.75
5685 0.25
5686 0.75
5686 0.25
5696 0.75
5696 0.25
5706 0.75
5706 0.25
5711 0.75
5711 0.25
5712 0.75
5712 0.25
5730 0.75
5730 0.25
5752 0.75
5752 0.25
5757 0.75
5757 0.25
5795 0.75
5795 0.25
5826 0.75
5826 0.25
5866 0.75
5866 0.25
5867 0.75
5867 0.25
5868 0.75
5868 0.25
