pt_graph shape
6209 1
6209 1
6209 1
6209 1
6209 1
6209 1
6209 1
6209 1
6209 1
6209 1
6209 1
6209 1
6209 1
6209 1
6209 1
6209 1
6209 1
6209 1
6209 1
6209 1
6209 1
6242 1
6242 1
6242 1
6242 1
6242 1
6242 1
6242 1
6242 1
6242 1
6242 1
6242 1
6242 1
6242 1
6242 1
6242 1
6242 1
6242 1
6242 1
6242 1
6242 1
6242 1
6256 1
6256 1
6256 1
6256 1
6256 1
6256 1
6256 1
6256 1
6256 1
6256 1
6256 1
6256 1
6256 1
6256 1
6256 1
6256 1
6256 1
6256 1
6256 1
6256 1
6256 1
6247 1
6247 1
6247 1
6247 1
6247 1
6247 1
6247 1
6247 1
6247 1
6247 1
6247 1
6247 1
6247 1
6247 1
6247 1
6247 1
6247 1
6247 1
6247 1
6247 1
6247 1
6358 1
6358 1
6358 1
6358 1
6358 1
6358 1
6358 1
6358 1
6358 1
6358 1
6358 1
6358 1
6358 1
6358 1
6358 1
6358 1
6358 1
6358 1
6358 1
6358 1
6358 1
6447 1
6447 1
6447 1
6447 1
6447 1
6447 1
6447 1
6447 1
6447 1
6447 1
6447 1
6447 1
6447 1
6447 1
6447 1
6447 1
6447 1
6447 1
6447 1
6447 1
6447 1
6856 1
6856 1
6856 1
6856 1
6856 1
6856 1
6856 1
6856 1
6856 1
6856 1
6856 1
6856 1
6856 1
6856 1
6856 1
6856 1
6856 1
6856 1
6856 1
6856 1
6856 1
7898 1
7898 1
7898 1
7898 1
7898 1
7898 1
7898 1
7898 1
7898 1
7898 1
7898 1
7898 1
7898 1
7898 1
7898 1
7898 1
7898 1
7898 1
7898 1
7898 1
7898 1
7912 1
7912 1
7912 1
7912 1
7912 1
7912 1
7912 1
7912 1
7912 1
7912 1
7912 1
7912 1
7912 1
7912 1
7912 1
7912 1
7912 1
7912 1
7912 1
7912 1
7912 1
