pt_graph cpue_kghour
5026 0
5026 0
5026 0
5026 0
5026 0
5026 0
5026 0
5026 15
5026 15
5026 15
5026 15
5026 0
5026 0
5026 0
5026 0
5026 0
5026 0
5026 0
5026 0
5026 0
5026 0
5026 0
5026 0
5026 0
5026 0
5026 0
5026 0
5026 0
5026 0
5026 0
5026 0
5026 0
5026 0
5026 0
5026 0
5026 15
5026 349.999999999999
5042 0
5042 0
5042 0
5042 0
5042 0
5042 0
5042 0
5042 15
5042 15
5042 15
5042 15
5042 0
5042 0
5042 0
5042 0
5042 0
5042 0
5042 0
5042 0
5042 0
5042 0
5042 0
5042 0
5042 0
5042 0
5042 0
5042 0
5042 0
5042 0
5042 0
5042 0
5042 0
5042 0
5042 0
5042 0
5042 15
5042 349.999999999999
4955 0
4955 0
4955 0
4955 0
4955 0
4955 0
4955 0
4955 15
4955 15
4955 15
4955 15
4955 0
4955 0
4955 0
4955 0
4955 0
4955 0
4955 0
4955 0
4955 0
4955 0
4955 0
4955 0
4955 0
4955 0
4955 0
4955 0
4955 0
4955 0
4955 0
4955 0
4955 0
4955 0
4955 0
4955 0
4955 15
4955 349.999999999999
4977 0
4977 0
4977 0
4977 0
4977 0
4977 0
4977 0
4977 15
4977 15
4977 15
4977 15
4977 0
4977 0
4977 0
4977 0
4977 0
4977 0
4977 0
4977 0
4977 0
4977 0
4977 0
4977 0
4977 0
4977 0
4977 0
4977 0
4977 0
4977 0
4977 0
4977 0
4977 0
4977 0
4977 0
4977 0
4977 15
4977 349.999999999999
5060 0
5060 0
5060 0
5060 0
5060 0
5060 0
5060 0
5060 15
5060 15
5060 15
5060 15
5060 0
5060 0
5060 0
5060 0
5060 0
5060 0
5060 0
5060 0
5060 0
5060 0
5060 0
5060 0
5060 0
5060 0
5060 0
5060 0
5060 0
5060 0
5060 0
5060 0
5060 0
5060 0
5060 0
5060 0
5060 15
5060 349.999999999999
5079 0
5079 0
5079 0
5079 0
5079 0
5079 0
5079 0
5079 15
5079 15
5079 15
5079 15
5079 0
5079 0
5079 0
5079 0
5079 0
5079 0
5079 0
5079 0
5079 0
5079 0
5079 0
5079 0
5079 0
5079 0
5079 0
5079 0
5079 0
5079 0
5079 0
5079 0
5079 0
5079 0
5079 0
5079 0
5079 15
5079 349.999999999999
37468 0
37468 0
37468 0
37468 0
37468 0
37468 0
37468 0
37468 15
37468 15
37468 15
37468 15
37468 0
37468 0
37468 0
37468 0
37468 0
37468 0
37468 0
37468 0
37468 0
37468 0
37468 0
37468 0
37468 0
37468 0
37468 0
37468 0
37468 0
37468 0
37468 0
37468 0
37468 0
37468 0
37468 0
37468 0
37468 15
37468 349.999999999999
5080 0
5080 0
5080 0
5080 0
5080 0
5080 0
5080 0
5080 15
5080 15
5080 15
5080 15
5080 0
5080 0
5080 0
5080 0
5080 0
5080 0
5080 0
5080 0
5080 0
5080 0
5080 0
5080 0
5080 0
5080 0
5080 0
5080 0
5080 0
5080 0
5080 0
5080 0
5080 0
5080 0
5080 0
5080 0
5080 15
5080 349.999999999999
5102 0
5102 0
5102 0
5102 0
5102 0
5102 0
5102 0
5102 15
5102 15
5102 15
5102 15
5102 0
5102 0
5102 0
5102 0
5102 0
5102 0
5102 0
5102 0
5102 0
5102 0
5102 0
5102 0
5102 0
5102 0
5102 0
5102 0
5102 0
5102 0
5102 0
5102 0
5102 0
5102 0
5102 0
5102 0
5102 15
5102 349.999999999999
5122 0
5122 0
5122 0
5122 0
5122 0
5122 0
5122 0
5122 15
5122 15
5122 15
5122 15
5122 0
5122 0
5122 0
5122 0
5122 0
5122 0
5122 0
5122 0
5122 0
5122 0
5122 0
5122 0
5122 0
5122 0
5122 0
5122 0
5122 0
5122 0
5122 0
5122 0
5122 0
5122 0
5122 0
5122 0
5122 15
5122 349.999999999999
4799 0
4799 0
4799 0
4799 0
4799 0
4799 0
4799 0
4799 15
4799 15
4799 15
4799 15
4799 0
4799 0
4799 0
4799 0
4799 0
4799 0
4799 0
4799 0
4799 0
4799 0
4799 0
4799 0
4799 0
4799 0
4799 0
4799 0
4799 0
4799 0
4799 0
4799 0
4799 0
4799 0
4799 0
4799 0
4799 15
4799 349.999999999999
4833 0
4833 0
4833 0
4833 0
4833 0
4833 0
4833 0
4833 15
4833 15
4833 15
4833 15
4833 0
4833 0
4833 0
4833 0
4833 0
4833 0
4833 0
4833 0
4833 0
4833 0
4833 0
4833 0
4833 0
4833 0
4833 0
4833 0
4833 0
4833 0
4833 0
4833 0
4833 0
4833 0
4833 0
4833 0
4833 15
4833 349.999999999999
4957 0
4957 0
4957 0
4957 0
4957 0
4957 0
4957 0
4957 15
4957 15
4957 15
4957 15
4957 0
4957 0
4957 0
4957 0
4957 0
4957 0
4957 0
4957 0
4957 0
4957 0
4957 0
4957 0
4957 0
4957 0
4957 0
4957 0
4957 0
4957 0
4957 0
4957 0
4957 0
4957 0
4957 0
4957 0
4957 15
4957 349.999999999999
4995 0
4995 0
4995 0
4995 0
4995 0
4995 0
4995 0
4995 15
4995 15
4995 15
4995 15
4995 0
4995 0
4995 0
4995 0
4995 0
4995 0
4995 0
4995 0
4995 0
4995 0
4995 0
4995 0
4995 0
4995 0
4995 0
4995 0
4995 0
4995 0
4995 0
4995 0
4995 0
4995 0
4995 0
4995 0
4995 15
4995 349.999999999999
36898 0
36898 0
36898 0
36898 0
36898 0
36898 0
36898 0
36898 15
36898 15
36898 15
36898 15
36898 0
36898 0
36898 0
36898 0
36898 0
36898 0
36898 0
36898 0
36898 0
36898 0
36898 0
36898 0
36898 0
36898 0
36898 0
36898 0
36898 0
36898 0
36898 0
36898 0
36898 0
36898 0
36898 0
36898 0
36898 15
36898 349.999999999999
4726 0
4726 0
4726 0
4726 0
4726 0
4726 0
4726 0
4726 15
4726 15
4726 15
4726 15
4726 0
4726 0
4726 0
4726 0
4726 0
4726 0
4726 0
4726 0
4726 0
4726 0
4726 0
4726 0
4726 0
4726 0
4726 0
4726 0
4726 0
4726 0
4726 0
4726 0
4726 0
4726 0
4726 0
4726 0
4726 15
4726 349.999999999999
4866 0
4866 0
4866 0
4866 0
4866 0
4866 0
4866 0
4866 15
4866 15
4866 15
4866 15
4866 0
4866 0
4866 0
4866 0
4866 0
4866 0
4866 0
4866 0
4866 0
4866 0
4866 0
4866 0
4866 0
4866 0
4866 0
4866 0
4866 0
4866 0
4866 0
4866 0
4866 0
4866 0
4866 0
4866 0
4866 15
4866 349.999999999999
4936 0
4936 0
4936 0
4936 0
4936 0
4936 0
4936 0
4936 15
4936 15
4936 15
4936 15
4936 0
4936 0
4936 0
4936 0
4936 0
4936 0
4936 0
4936 0
4936 0
4936 0
4936 0
4936 0
4936 0
4936 0
4936 0
4936 0
4936 0
4936 0
4936 0
4936 0
4936 0
4936 0
4936 0
4936 0
4936 15
4936 349.999999999999
4958 0
4958 0
4958 0
4958 0
4958 0
4958 0
4958 0
4958 15
4958 15
4958 15
4958 15
4958 0
4958 0
4958 0
4958 0
4958 0
4958 0
4958 0
4958 0
4958 0
4958 0
4958 0
4958 0
4958 0
4958 0
4958 0
4958 0
4958 0
4958 0
4958 0
4958 0
4958 0
4958 0
4958 0
4958 0
4958 15
4958 349.999999999999
5144 0
5144 0
5144 0
5144 0
5144 0
5144 0
5144 0
5144 15
5144 15
5144 15
5144 15
5144 0
5144 0
5144 0
5144 0
5144 0
5144 0
5144 0
5144 0
5144 0
5144 0
5144 0
5144 0
5144 0
5144 0
5144 0
5144 0
5144 0
5144 0
5144 0
5144 0
5144 0
5144 0
5144 0
5144 0
5144 15
5144 349.999999999999
36844 0
36844 0
36844 0
36844 0
36844 0
36844 0
36844 0
36844 15
36844 15
36844 15
36844 15
36844 0
36844 0
36844 0
36844 0
36844 0
36844 0
36844 0
36844 0
36844 0
36844 0
36844 0
36844 0
36844 0
36844 0
36844 0
36844 0
36844 0
36844 0
36844 0
36844 0
36844 0
36844 0
36844 0
36844 0
36844 15
36844 349.999999999999
36845 0
36845 0
36845 0
36845 0
36845 0
36845 0
36845 0
36845 15
36845 15
36845 15
36845 15
36845 0
36845 0
36845 0
36845 0
36845 0
36845 0
36845 0
36845 0
36845 0
36845 0
36845 0
36845 0
36845 0
36845 0
36845 0
36845 0
36845 0
36845 0
36845 0
36845 0
36845 0
36845 0
36845 0
36845 0
36845 15
36845 349.999999999999
4727 0
4727 0
4727 0
4727 0
4727 0
4727 0
4727 0
4727 15
4727 15
4727 15
4727 15
4727 0
4727 0
4727 0
4727 0
4727 0
4727 0
4727 0
4727 0
4727 0
4727 0
4727 0
4727 0
4727 0
4727 0
4727 0
4727 0
4727 0
4727 0
4727 0
4727 0
4727 0
4727 0
4727 0
4727 0
4727 15
4727 349.999999999999
4764 0
4764 0
4764 0
4764 0
4764 0
4764 0
4764 0
4764 15
4764 15
4764 15
4764 15
4764 0
4764 0
4764 0
4764 0
4764 0
4764 0
4764 0
4764 0
4764 0
4764 0
4764 0
4764 0
4764 0
4764 0
4764 0
4764 0
4764 0
4764 0
4764 0
4764 0
4764 0
4764 0
4764 0
4764 0
4764 15
4764 349.999999999999
4800 0
4800 0
4800 0
4800 0
4800 0
4800 0
4800 0
4800 15
4800 15
4800 15
4800 15
4800 0
4800 0
4800 0
4800 0
4800 0
4800 0
4800 0
4800 0
4800 0
4800 0
4800 0
4800 0
4800 0
4800 0
4800 0
4800 0
4800 0
4800 0
4800 0
4800 0
4800 0
4800 0
4800 0
4800 0
4800 15
4800 349.999999999999
4834 0
4834 0
4834 0
4834 0
4834 0
4834 0
4834 0
4834 15
4834 15
4834 15
4834 15
4834 0
4834 0
4834 0
4834 0
4834 0
4834 0
4834 0
4834 0
4834 0
4834 0
4834 0
4834 0
4834 0
4834 0
4834 0
4834 0
4834 0
4834 0
4834 0
4834 0
4834 0
4834 0
4834 0
4834 0
4834 15
4834 349.999999999999
4867 0
4867 0
4867 0
4867 0
4867 0
4867 0
4867 0
4867 15
4867 15
4867 15
4867 15
4867 0
4867 0
4867 0
4867 0
4867 0
4867 0
4867 0
4867 0
4867 0
4867 0
4867 0
4867 0
4867 0
4867 0
4867 0
4867 0
4867 0
4867 0
4867 0
4867 0
4867 0
4867 0
4867 0
4867 0
4867 15
4867 349.999999999999
4894 0
4894 0
4894 0
4894 0
4894 0
4894 0
4894 0
4894 15
4894 15
4894 15
4894 15
4894 0
4894 0
4894 0
4894 0
4894 0
4894 0
4894 0
4894 0
4894 0
4894 0
4894 0
4894 0
4894 0
4894 0
4894 0
4894 0
4894 0
4894 0
4894 0
4894 0
4894 0
4894 0
4894 0
4894 0
4894 15
4894 349.999999999999
4916 0
4916 0
4916 0
4916 0
4916 0
4916 0
4916 0
4916 15
4916 15
4916 15
4916 15
4916 0
4916 0
4916 0
4916 0
4916 0
4916 0
4916 0
4916 0
4916 0
4916 0
4916 0
4916 0
4916 0
4916 0
4916 0
4916 0
4916 0
4916 0
4916 0
4916 0
4916 0
4916 0
4916 0
4916 0
4916 15
4916 349.999999999999
4937 0
4937 0
4937 0
4937 0
4937 0
4937 0
4937 0
4937 15
4937 15
4937 15
4937 15
4937 0
4937 0
4937 0
4937 0
4937 0
4937 0
4937 0
4937 0
4937 0
4937 0
4937 0
4937 0
4937 0
4937 0
4937 0
4937 0
4937 0
4937 0
4937 0
4937 0
4937 0
4937 0
4937 0
4937 0
4937 15
4937 349.999999999999
4959 0
4959 0
4959 0
4959 0
4959 0
4959 0
4959 0
4959 15
4959 15
4959 15
4959 15
4959 0
4959 0
4959 0
4959 0
4959 0
4959 0
4959 0
4959 0
4959 0
4959 0
4959 0
4959 0
4959 0
4959 0
4959 0
4959 0
4959 0
4959 0
4959 0
4959 0
4959 0
4959 0
4959 0
4959 0
4959 15
4959 349.999999999999
5123 0
5123 0
5123 0
5123 0
5123 0
5123 0
5123 0
5123 15
5123 15
5123 15
5123 15
5123 0
5123 0
5123 0
5123 0
5123 0
5123 0
5123 0
5123 0
5123 0
5123 0
5123 0
5123 0
5123 0
5123 0
5123 0
5123 0
5123 0
5123 0
5123 0
5123 0
5123 0
5123 0
5123 0
5123 0
5123 15
5123 349.999999999999
5145 0
5145 0
5145 0
5145 0
5145 0
5145 0
5145 0
5145 15
5145 15
5145 15
5145 15
5145 0
5145 0
5145 0
5145 0
5145 0
5145 0
5145 0
5145 0
5145 0
5145 0
5145 0
5145 0
5145 0
5145 0
5145 0
5145 0
5145 0
5145 0
5145 0
5145 0
5145 0
5145 0
5145 0
5145 0
5145 15
5145 349.999999999999
36884 0
36884 0
36884 0
36884 0
36884 0
36884 0
36884 0
36884 15
36884 15
36884 15
36884 15
36884 0
36884 0
36884 0
36884 0
36884 0
36884 0
36884 0
36884 0
36884 0
36884 0
36884 0
36884 0
36884 0
36884 0
36884 0
36884 0
36884 0
36884 0
36884 0
36884 0
36884 0
36884 0
36884 0
36884 0
36884 15
36884 349.999999999999
36897 0
36897 0
36897 0
36897 0
36897 0
36897 0
36897 0
36897 15
36897 15
36897 15
36897 15
36897 0
36897 0
36897 0
36897 0
36897 0
36897 0
36897 0
36897 0
36897 0
36897 0
36897 0
36897 0
36897 0
36897 0
36897 0
36897 0
36897 0
36897 0
36897 0
36897 0
36897 0
36897 0
36897 0
36897 0
36897 15
36897 349.999999999999
36875 0
36875 0
36875 0
36875 0
36875 0
36875 0
36875 0
36875 15
36875 15
36875 15
36875 15
36875 0
36875 0
36875 0
36875 0
36875 0
36875 0
36875 0
36875 0
36875 0
36875 0
36875 0
36875 0
36875 0
36875 0
36875 0
36875 0
36875 0
36875 0
36875 0
36875 0
36875 0
36875 0
36875 0
36875 0
36875 15
36875 349.999999999999
4765 0
4765 0
4765 0
4765 0
4765 0
4765 0
4765 0
4765 15
4765 15
4765 15
4765 15
4765 0
4765 0
4765 0
4765 0
4765 0
4765 0
4765 0
4765 0
4765 0
4765 0
4765 0
4765 0
4765 0
4765 0
4765 0
4765 0
4765 0
4765 0
4765 0
4765 0
4765 0
4765 0
4765 0
4765 0
4765 15
4765 349.999999999999
4801 0
4801 0
4801 0
4801 0
4801 0
4801 0
4801 0
4801 15
4801 15
4801 15
4801 15
4801 0
4801 0
4801 0
4801 0
4801 0
4801 0
4801 0
4801 0
4801 0
4801 0
4801 0
4801 0
4801 0
4801 0
4801 0
4801 0
4801 0
4801 0
4801 0
4801 0
4801 0
4801 0
4801 0
4801 0
4801 15
4801 349.999999999999
4835 0
4835 0
4835 0
4835 0
4835 0
4835 0
4835 0
4835 15
4835 15
4835 15
4835 15
4835 0
4835 0
4835 0
4835 0
4835 0
4835 0
4835 0
4835 0
4835 0
4835 0
4835 0
4835 0
4835 0
4835 0
4835 0
4835 0
4835 0
4835 0
4835 0
4835 0
4835 0
4835 0
4835 0
4835 0
4835 15
4835 349.999999999999
4868 0
4868 0
4868 0
4868 0
4868 0
4868 0
4868 0
4868 15
4868 15
4868 15
4868 15
4868 0
4868 0
4868 0
4868 0
4868 0
4868 0
4868 0
4868 0
4868 0
4868 0
4868 0
4868 0
4868 0
4868 0
4868 0
4868 0
4868 0
4868 0
4868 0
4868 0
4868 0
4868 0
4868 0
4868 0
4868 15
4868 349.999999999999
4895 0
4895 0
4895 0
4895 0
4895 0
4895 0
4895 0
4895 15
4895 15
4895 15
4895 15
4895 0
4895 0
4895 0
4895 0
4895 0
4895 0
4895 0
4895 0
4895 0
4895 0
4895 0
4895 0
4895 0
4895 0
4895 0
4895 0
4895 0
4895 0
4895 0
4895 0
4895 0
4895 0
4895 0
4895 0
4895 15
4895 349.999999999999
4917 0
4917 0
4917 0
4917 0
4917 0
4917 0
4917 0
4917 15
4917 15
4917 15
4917 15
4917 0
4917 0
4917 0
4917 0
4917 0
4917 0
4917 0
4917 0
4917 0
4917 0
4917 0
4917 0
4917 0
4917 0
4917 0
4917 0
4917 0
4917 0
4917 0
4917 0
4917 0
4917 0
4917 0
4917 0
4917 15
4917 349.999999999999
4938 0
4938 0
4938 0
4938 0
4938 0
4938 0
4938 0
4938 15
4938 15
4938 15
4938 15
4938 0
4938 0
4938 0
4938 0
4938 0
4938 0
4938 0
4938 0
4938 0
4938 0
4938 0
4938 0
4938 0
4938 0
4938 0
4938 0
4938 0
4938 0
4938 0
4938 0
4938 0
4938 0
4938 0
4938 0
4938 15
4938 349.999999999999
4960 0
4960 0
4960 0
4960 0
4960 0
4960 0
4960 0
4960 15
4960 15
4960 15
4960 15
4960 0
4960 0
4960 0
4960 0
4960 0
4960 0
4960 0
4960 0
4960 0
4960 0
4960 0
4960 0
4960 0
4960 0
4960 0
4960 0
4960 0
4960 0
4960 0
4960 0
4960 0
4960 0
4960 0
4960 0
4960 15
4960 349.999999999999
5061 0
5061 0
5061 0
5061 0
5061 0
5061 0
5061 0
5061 15
5061 15
5061 15
5061 15
5061 0
5061 0
5061 0
5061 0
5061 0
5061 0
5061 0
5061 0
5061 0
5061 0
5061 0
5061 0
5061 0
5061 0
5061 0
5061 0
5061 0
5061 0
5061 0
5061 0
5061 0
5061 0
5061 0
5061 0
5061 15
5061 349.999999999999
5081 0
5081 0
5081 0
5081 0
5081 0
5081 0
5081 0
5081 15
5081 15
5081 15
5081 15
5081 0
5081 0
5081 0
5081 0
5081 0
5081 0
5081 0
5081 0
5081 0
5081 0
5081 0
5081 0
5081 0
5081 0
5081 0
5081 0
5081 0
5081 0
5081 0
5081 0
5081 0
5081 0
5081 0
5081 0
5081 15
5081 349.999999999999
36876 0
36876 0
36876 0
36876 0
36876 0
36876 0
36876 0
36876 15
36876 15
36876 15
36876 15
36876 0
36876 0
36876 0
36876 0
36876 0
36876 0
36876 0
36876 0
36876 0
36876 0
36876 0
36876 0
36876 0
36876 0
36876 0
36876 0
36876 0
36876 0
36876 0
36876 0
36876 0
36876 0
36876 0
36876 0
36876 15
36876 349.999999999999
36858 0
36858 0
36858 0
36858 0
36858 0
36858 0
36858 0
36858 15
36858 15
36858 15
36858 15
36858 0
36858 0
36858 0
36858 0
36858 0
36858 0
36858 0
36858 0
36858 0
36858 0
36858 0
36858 0
36858 0
36858 0
36858 0
36858 0
36858 0
36858 0
36858 0
36858 0
36858 0
36858 0
36858 0
36858 0
36858 15
36858 349.999999999999
4766 0
4766 0
4766 0
4766 0
4766 0
4766 0
4766 0
4766 15
4766 15
4766 15
4766 15
4766 0
4766 0
4766 0
4766 0
4766 0
4766 0
4766 0
4766 0
4766 0
4766 0
4766 0
4766 0
4766 0
4766 0
4766 0
4766 0
4766 0
4766 0
4766 0
4766 0
4766 0
4766 0
4766 0
4766 0
4766 15
4766 349.999999999999
4802 0
4802 0
4802 0
4802 0
4802 0
4802 0
4802 0
4802 15
4802 15
4802 15
4802 15
4802 0
4802 0
4802 0
4802 0
4802 0
4802 0
4802 0
4802 0
4802 0
4802 0
4802 0
4802 0
4802 0
4802 0
4802 0
4802 0
4802 0
4802 0
4802 0
4802 0
4802 0
4802 0
4802 0
4802 0
4802 15
4802 349.999999999999
4836 0
4836 0
4836 0
4836 0
4836 0
4836 0
4836 0
4836 15
4836 15
4836 15
4836 15
4836 0
4836 0
4836 0
4836 0
4836 0
4836 0
4836 0
4836 0
4836 0
4836 0
4836 0
4836 0
4836 0
4836 0
4836 0
4836 0
4836 0
4836 0
4836 0
4836 0
4836 0
4836 0
4836 0
4836 0
4836 15
4836 349.999999999999
4869 0
4869 0
4869 0
4869 0
4869 0
4869 0
4869 0
4869 15
4869 15
4869 15
4869 15
4869 0
4869 0
4869 0
4869 0
4869 0
4869 0
4869 0
4869 0
4869 0
4869 0
4869 0
4869 0
4869 0
4869 0
4869 0
4869 0
4869 0
4869 0
4869 0
4869 0
4869 0
4869 0
4869 0
4869 0
4869 15
4869 349.999999999999
4896 0
4896 0
4896 0
4896 0
4896 0
4896 0
4896 0
4896 15
4896 15
4896 15
4896 15
4896 0
4896 0
4896 0
4896 0
4896 0
4896 0
4896 0
4896 0
4896 0
4896 0
4896 0
4896 0
4896 0
4896 0
4896 0
4896 0
4896 0
4896 0
4896 0
4896 0
4896 0
4896 0
4896 0
4896 0
4896 15
4896 349.999999999999
4918 0
4918 0
4918 0
4918 0
4918 0
4918 0
4918 0
4918 15
4918 15
4918 15
4918 15
4918 0
4918 0
4918 0
4918 0
4918 0
4918 0
4918 0
4918 0
4918 0
4918 0
4918 0
4918 0
4918 0
4918 0
4918 0
4918 0
4918 0
4918 0
4918 0
4918 0
4918 0
4918 0
4918 0
4918 0
4918 15
4918 349.999999999999
4939 0
4939 0
4939 0
4939 0
4939 0
4939 0
4939 0
4939 15
4939 15
4939 15
4939 15
4939 0
4939 0
4939 0
4939 0
4939 0
4939 0
4939 0
4939 0
4939 0
4939 0
4939 0
4939 0
4939 0
4939 0
4939 0
4939 0
4939 0
4939 0
4939 0
4939 0
4939 0
4939 0
4939 0
4939 0
4939 15
4939 349.999999999999
4979 0
4979 0
4979 0
4979 0
4979 0
4979 0
4979 0
4979 15
4979 15
4979 15
4979 15
4979 0
4979 0
4979 0
4979 0
4979 0
4979 0
4979 0
4979 0
4979 0
4979 0
4979 0
4979 0
4979 0
4979 0
4979 0
4979 0
4979 0
4979 0
4979 0
4979 0
4979 0
4979 0
4979 0
4979 0
4979 15
4979 349.999999999999
4996 0
4996 0
4996 0
4996 0
4996 0
4996 0
4996 0
4996 15
4996 15
4996 15
4996 15
4996 0
4996 0
4996 0
4996 0
4996 0
4996 0
4996 0
4996 0
4996 0
4996 0
4996 0
4996 0
4996 0
4996 0
4996 0
4996 0
4996 0
4996 0
4996 0
4996 0
4996 0
4996 0
4996 0
4996 0
4996 15
4996 349.999999999999
5027 0
5027 0
5027 0
5027 0
5027 0
5027 0
5027 0
5027 15
5027 15
5027 15
5027 15
5027 0
5027 0
5027 0
5027 0
5027 0
5027 0
5027 0
5027 0
5027 0
5027 0
5027 0
5027 0
5027 0
5027 0
5027 0
5027 0
5027 0
5027 0
5027 0
5027 0
5027 0
5027 0
5027 0
5027 0
5027 15
5027 349.999999999999
5044 0
5044 0
5044 0
5044 0
5044 0
5044 0
5044 0
5044 15
5044 15
5044 15
5044 15
5044 0
5044 0
5044 0
5044 0
5044 0
5044 0
5044 0
5044 0
5044 0
5044 0
5044 0
5044 0
5044 0
5044 0
5044 0
5044 0
5044 0
5044 0
5044 0
5044 0
5044 0
5044 0
5044 0
5044 0
5044 15
5044 349.999999999999
5082 0
5082 0
5082 0
5082 0
5082 0
5082 0
5082 0
5082 15
5082 15
5082 15
5082 15
5082 0
5082 0
5082 0
5082 0
5082 0
5082 0
5082 0
5082 0
5082 0
5082 0
5082 0
5082 0
5082 0
5082 0
5082 0
5082 0
5082 0
5082 0
5082 0
5082 0
5082 0
5082 0
5082 0
5082 0
5082 15
5082 349.999999999999
4803 0
4803 0
4803 0
4803 0
4803 0
4803 0
4803 0
4803 15
4803 15
4803 15
4803 15
4803 0
4803 0
4803 0
4803 0
4803 0
4803 0
4803 0
4803 0
4803 0
4803 0
4803 0
4803 0
4803 0
4803 0
4803 0
4803 0
4803 0
4803 0
4803 0
4803 0
4803 0
4803 0
4803 0
4803 0
4803 15
4803 349.999999999999
4837 0
4837 0
4837 0
4837 0
4837 0
4837 0
4837 0
4837 15
4837 15
4837 15
4837 15
4837 0
4837 0
4837 0
4837 0
4837 0
4837 0
4837 0
4837 0
4837 0
4837 0
4837 0
4837 0
4837 0
4837 0
4837 0
4837 0
4837 0
4837 0
4837 0
4837 0
4837 0
4837 0
4837 0
4837 0
4837 15
4837 349.999999999999
4870 0
4870 0
4870 0
4870 0
4870 0
4870 0
4870 0
4870 15
4870 15
4870 15
4870 15
4870 0
4870 0
4870 0
4870 0
4870 0
4870 0
4870 0
4870 0
4870 0
4870 0
4870 0
4870 0
4870 0
4870 0
4870 0
4870 0
4870 0
4870 0
4870 0
4870 0
4870 0
4870 0
4870 0
4870 0
4870 15
4870 349.999999999999
4897 0
4897 0
4897 0
4897 0
4897 0
4897 0
4897 0
4897 15
4897 15
4897 15
4897 15
4897 0
4897 0
4897 0
4897 0
4897 0
4897 0
4897 0
4897 0
4897 0
4897 0
4897 0
4897 0
4897 0
4897 0
4897 0
4897 0
4897 0
4897 0
4897 0
4897 0
4897 0
4897 0
4897 0
4897 0
4897 15
4897 349.999999999999
4919 0
4919 0
4919 0
4919 0
4919 0
4919 0
4919 0
4919 15
4919 15
4919 15
4919 15
4919 0
4919 0
4919 0
4919 0
4919 0
4919 0
4919 0
4919 0
4919 0
4919 0
4919 0
4919 0
4919 0
4919 0
4919 0
4919 0
4919 0
4919 0
4919 0
4919 0
4919 0
4919 0
4919 0
4919 0
4919 15
4919 349.999999999999
4940 0
4940 0
4940 0
4940 0
4940 0
4940 0
4940 0
4940 15
4940 15
4940 15
4940 15
4940 0
4940 0
4940 0
4940 0
4940 0
4940 0
4940 0
4940 0
4940 0
4940 0
4940 0
4940 0
4940 0
4940 0
4940 0
4940 0
4940 0
4940 0
4940 0
4940 0
4940 0
4940 0
4940 0
4940 0
4940 15
4940 349.999999999999
4962 0
4962 0
4962 0
4962 0
4962 0
4962 0
4962 0
4962 15
4962 15
4962 15
4962 15
4962 0
4962 0
4962 0
4962 0
4962 0
4962 0
4962 0
4962 0
4962 0
4962 0
4962 0
4962 0
4962 0
4962 0
4962 0
4962 0
4962 0
4962 0
4962 0
4962 0
4962 0
4962 0
4962 0
4962 0
4962 15
4962 349.999999999999
4980 0
4980 0
4980 0
4980 0
4980 0
4980 0
4980 0
4980 15
4980 15
4980 15
4980 15
4980 0
4980 0
4980 0
4980 0
4980 0
4980 0
4980 0
4980 0
4980 0
4980 0
4980 0
4980 0
4980 0
4980 0
4980 0
4980 0
4980 0
4980 0
4980 0
4980 0
4980 0
4980 0
4980 0
4980 0
4980 15
4980 349.999999999999
5011 0
5011 0
5011 0
5011 0
5011 0
5011 0
5011 0
5011 15
5011 15
5011 15
5011 15
5011 0
5011 0
5011 0
5011 0
5011 0
5011 0
5011 0
5011 0
5011 0
5011 0
5011 0
5011 0
5011 0
5011 0
5011 0
5011 0
5011 0
5011 0
5011 0
5011 0
5011 0
5011 0
5011 0
5011 0
5011 15
5011 349.999999999999
5062 0
5062 0
5062 0
5062 0
5062 0
5062 0
5062 0
5062 15
5062 15
5062 15
5062 15
5062 0
5062 0
5062 0
5062 0
5062 0
5062 0
5062 0
5062 0
5062 0
5062 0
5062 0
5062 0
5062 0
5062 0
5062 0
5062 0
5062 0
5062 0
5062 0
5062 0
5062 0
5062 0
5062 0
5062 0
5062 15
5062 349.999999999999
5083 0
5083 0
5083 0
5083 0
5083 0
5083 0
5083 0
5083 15
5083 15
5083 15
5083 15
5083 0
5083 0
5083 0
5083 0
5083 0
5083 0
5083 0
5083 0
5083 0
5083 0
5083 0
5083 0
5083 0
5083 0
5083 0
5083 0
5083 0
5083 0
5083 0
5083 0
5083 0
5083 0
5083 0
5083 0
5083 15
5083 349.999999999999
5103 0
5103 0
5103 0
5103 0
5103 0
5103 0
5103 0
5103 15
5103 15
5103 15
5103 15
5103 0
5103 0
5103 0
5103 0
5103 0
5103 0
5103 0
5103 0
5103 0
5103 0
5103 0
5103 0
5103 0
5103 0
5103 0
5103 0
5103 0
5103 0
5103 0
5103 0
5103 0
5103 0
5103 0
5103 0
5103 15
5103 349.999999999999
36896 0
36896 0
36896 0
36896 0
36896 0
36896 0
36896 0
36896 15
36896 15
36896 15
36896 15
36896 0
36896 0
36896 0
36896 0
36896 0
36896 0
36896 0
36896 0
36896 0
36896 0
36896 0
36896 0
36896 0
36896 0
36896 0
36896 0
36896 0
36896 0
36896 0
36896 0
36896 0
36896 0
36896 0
36896 0
36896 15
36896 349.999999999999
4871 0
4871 0
4871 0
4871 0
4871 0
4871 0
4871 0
4871 15
4871 15
4871 15
4871 15
4871 0
4871 0
4871 0
4871 0
4871 0
4871 0
4871 0
4871 0
4871 0
4871 0
4871 0
4871 0
4871 0
4871 0
4871 0
4871 0
4871 0
4871 0
4871 0
4871 0
4871 0
4871 0
4871 0
4871 0
4871 15
4871 349.999999999999
4898 0
4898 0
4898 0
4898 0
4898 0
4898 0
4898 0
4898 15
4898 15
4898 15
4898 15
4898 0
4898 0
4898 0
4898 0
4898 0
4898 0
4898 0
4898 0
4898 0
4898 0
4898 0
4898 0
4898 0
4898 0
4898 0
4898 0
4898 0
4898 0
4898 0
4898 0
4898 0
4898 0
4898 0
4898 0
4898 15
4898 349.999999999999
4920 0
4920 0
4920 0
4920 0
4920 0
4920 0
4920 0
4920 15
4920 15
4920 15
4920 15
4920 0
4920 0
4920 0
4920 0
4920 0
4920 0
4920 0
4920 0
4920 0
4920 0
4920 0
4920 0
4920 0
4920 0
4920 0
4920 0
4920 0
4920 0
4920 0
4920 0
4920 0
4920 0
4920 0
4920 0
4920 15
4920 349.999999999999
4941 0
4941 0
4941 0
4941 0
4941 0
4941 0
4941 0
4941 15
4941 15
4941 15
4941 15
4941 0
4941 0
4941 0
4941 0
4941 0
4941 0
4941 0
4941 0
4941 0
4941 0
4941 0
4941 0
4941 0
4941 0
4941 0
4941 0
4941 0
4941 0
4941 0
4941 0
4941 0
4941 0
4941 0
4941 0
4941 15
4941 349.999999999999
4963 0
4963 0
4963 0
4963 0
4963 0
4963 0
4963 0
4963 15
4963 15
4963 15
4963 15
4963 0
4963 0
4963 0
4963 0
4963 0
4963 0
4963 0
4963 0
4963 0
4963 0
4963 0
4963 0
4963 0
4963 0
4963 0
4963 0
4963 0
4963 0
4963 0
4963 0
4963 0
4963 0
4963 0
4963 0
4963 15
4963 349.999999999999
4981 0
4981 0
4981 0
4981 0
4981 0
4981 0
4981 0
4981 15
4981 15
4981 15
4981 15
4981 0
4981 0
4981 0
4981 0
4981 0
4981 0
4981 0
4981 0
4981 0
4981 0
4981 0
4981 0
4981 0
4981 0
4981 0
4981 0
4981 0
4981 0
4981 0
4981 0
4981 0
4981 0
4981 0
4981 0
4981 15
4981 349.999999999999
4997 0
4997 0
4997 0
4997 0
4997 0
4997 0
4997 0
4997 15
4997 15
4997 15
4997 15
4997 0
4997 0
4997 0
4997 0
4997 0
4997 0
4997 0
4997 0
4997 0
4997 0
4997 0
4997 0
4997 0
4997 0
4997 0
4997 0
4997 0
4997 0
4997 0
4997 0
4997 0
4997 0
4997 0
4997 0
4997 15
4997 349.999999999999
5012 0
5012 0
5012 0
5012 0
5012 0
5012 0
5012 0
5012 15
5012 15
5012 15
5012 15
5012 0
5012 0
5012 0
5012 0
5012 0
5012 0
5012 0
5012 0
5012 0
5012 0
5012 0
5012 0
5012 0
5012 0
5012 0
5012 0
5012 0
5012 0
5012 0
5012 0
5012 0
5012 0
5012 0
5012 0
5012 15
5012 349.999999999999
4982 0
4982 0
4982 0
4982 0
4982 0
4982 0
4982 0
4982 15
4982 15
4982 15
4982 15
4982 0
4982 0
4982 0
4982 0
4982 0
4982 0
4982 0
4982 0
4982 0
4982 0
4982 0
4982 0
4982 0
4982 0
4982 0
4982 0
4982 0
4982 0
4982 0
4982 0
4982 0
4982 0
4982 0
4982 0
4982 15
4982 349.999999999999
