pt_graph shape
5383 1
5383 1
5383 1
5383 1
5383 1
5383 1
5383 1
5383 1
5383 1
5383 1
5383 1
5383 1
5383 1
5383 1
5383 1
5383 1
5383 1
5383 1
5383 1
5383 1
5383 1
5383 1
5383 1
5383 1
5383 1
5383 1
5383 1
5383 1
5383 1
5383 1
5383 1
5383 1
5383 1
5383 1
5383 1
5383 1
5383 1
5413 1
5413 1
5413 1
5413 1
5413 1
5413 1
5413 1
5413 1
5413 1
5413 1
5413 1
5413 1
5413 1
5413 1
5413 1
5413 1
5413 1
5413 1
5413 1
5413 1
5413 1
5413 1
5413 1
5413 1
5413 1
5413 1
5413 1
5413 1
5413 1
5413 1
5413 1
5413 1
5413 1
5413 1
5413 1
5413 1
5413 1
5443 1
5443 1
5443 1
5443 1
5443 1
5443 1
5443 1
5443 1
5443 1
5443 1
5443 1
5443 1
5443 1
5443 1
5443 1
5443 1
5443 1
5443 1
5443 1
5443 1
5443 1
5443 1
5443 1
5443 1
5443 1
5443 1
5443 1
5443 1
5443 1
5443 1
5443 1
5443 1
5443 1
5443 1
5443 1
5443 1
5443 1
5474 1
5474 1
5474 1
5474 1
5474 1
5474 1
5474 1
5474 1
5474 1
5474 1
5474 1
5474 1
5474 1
5474 1
5474 1
5474 1
5474 1
5474 1
5474 1
5474 1
5474 1
5474 1
5474 1
5474 1
5474 1
5474 1
5474 1
5474 1
5474 1
5474 1
5474 1
5474 1
5474 1
5474 1
5474 1
5474 1
5474 1
5509 1
5509 1
5509 1
5509 1
5509 1
5509 1
5509 1
5509 1
5509 1
5509 1
5509 1
5509 1
5509 1
5509 1
5509 1
5509 1
5509 1
5509 1
5509 1
5509 1
5509 1
5509 1
5509 1
5509 1
5509 1
5509 1
5509 1
5509 1
5509 1
5509 1
5509 1
5509 1
5509 1
5509 1
5509 1
5509 1
5509 1
5548 1
5548 1
5548 1
5548 1
5548 1
5548 1
5548 1
5548 1
5548 1
5548 1
5548 1
5548 1
5548 1
5548 1
5548 1
5548 1
5548 1
5548 1
5548 1
5548 1
5548 1
5548 1
5548 1
5548 1
5548 1
5548 1
5548 1
5548 1
5548 1
5548 1
5548 1
5548 1
5548 1
5548 1
5548 1
5548 1
5548 1
5589 1
5589 1
5589 1
5589 1
5589 1
5589 1
5589 1
5589 1
5589 1
5589 1
5589 1
5589 1
5589 1
5589 1
5589 1
5589 1
5589 1
5589 1
5589 1
5589 1
5589 1
5589 1
5589 1
5589 1
5589 1
5589 1
5589 1
5589 1
5589 1
5589 1
5589 1
5589 1
5589 1
5589 1
5589 1
5589 1
5589 1
5354 1
5354 1
5354 1
5354 1
5354 1
5354 1
5354 1
5354 1
5354 1
5354 1
5354 1
5354 1
5354 1
5354 1
5354 1
5354 1
5354 1
5354 1
5354 1
5354 1
5354 1
5354 1
5354 1
5354 1
5354 1
5354 1
5354 1
5354 1
5354 1
5354 1
5354 1
5354 1
5354 1
5354 1
5354 1
5354 1
5354 1
5384 1
5384 1
5384 1
5384 1
5384 1
5384 1
5384 1
5384 1
5384 1
5384 1
5384 1
5384 1
5384 1
5384 1
5384 1
5384 1
5384 1
5384 1
5384 1
5384 1
5384 1
5384 1
5384 1
5384 1
5384 1
5384 1
5384 1
5384 1
5384 1
5384 1
5384 1
5384 1
5384 1
5384 1
5384 1
5384 1
5384 1
5414 1
5414 1
5414 1
5414 1
5414 1
5414 1
5414 1
5414 1
5414 1
5414 1
5414 1
5414 1
5414 1
5414 1
5414 1
5414 1
5414 1
5414 1
5414 1
5414 1
5414 1
5414 1
5414 1
5414 1
5414 1
5414 1
5414 1
5414 1
5414 1
5414 1
5414 1
5414 1
5414 1
5414 1
5414 1
5414 1
5414 1
5444 1
5444 1
5444 1
5444 1
5444 1
5444 1
5444 1
5444 1
5444 1
5444 1
5444 1
5444 1
5444 1
5444 1
5444 1
5444 1
5444 1
5444 1
5444 1
5444 1
5444 1
5444 1
5444 1
5444 1
5444 1
5444 1
5444 1
5444 1
5444 1
5444 1
5444 1
5444 1
5444 1
5444 1
5444 1
5444 1
5444 1
5475 1
5475 1
5475 1
5475 1
5475 1
5475 1
5475 1
5475 1
5475 1
5475 1
5475 1
5475 1
5475 1
5475 1
5475 1
5475 1
5475 1
5475 1
5475 1
5475 1
5475 1
5475 1
5475 1
5475 1
5475 1
5475 1
5475 1
5475 1
5475 1
5475 1
5475 1
5475 1
5475 1
5475 1
5475 1
5475 1
5475 1
5510 1
5510 1
5510 1
5510 1
5510 1
5510 1
5510 1
5510 1
5510 1
5510 1
5510 1
5510 1
5510 1
5510 1
5510 1
5510 1
5510 1
5510 1
5510 1
5510 1
5510 1
5510 1
5510 1
5510 1
5510 1
5510 1
5510 1
5510 1
5510 1
5510 1
5510 1
5510 1
5510 1
5510 1
5510 1
5510 1
5510 1
5590 1
5590 1
5590 1
5590 1
5590 1
5590 1
5590 1
5590 1
5590 1
5590 1
5590 1
5590 1
5590 1
5590 1
5590 1
5590 1
5590 1
5590 1
5590 1
5590 1
5590 1
5590 1
5590 1
5590 1
5590 1
5590 1
5590 1
5590 1
5590 1
5590 1
5590 1
5590 1
5590 1
5590 1
5590 1
5590 1
5590 1
5635 1
5635 1
5635 1
5635 1
5635 1
5635 1
5635 1
5635 1
5635 1
5635 1
5635 1
5635 1
5635 1
5635 1
5635 1
5635 1
5635 1
5635 1
5635 1
5635 1
5635 1
5635 1
5635 1
5635 1
5635 1
5635 1
5635 1
5635 1
5635 1
5635 1
5635 1
5635 1
5635 1
5635 1
5635 1
5635 1
5635 1
36862 1
36862 1
36862 1
36862 1
36862 1
36862 1
36862 1
36862 1
36862 1
36862 1
36862 1
36862 1
36862 1
36862 1
36862 1
36862 1
36862 1
36862 1
36862 1
36862 1
36862 1
36862 1
36862 1
36862 1
36862 1
36862 1
36862 1
36862 1
36862 1
36862 1
36862 1
36862 1
36862 1
36862 1
36862 1
36862 1
36862 1
37497 1
37497 1
37497 1
37497 1
37497 1
37497 1
37497 1
37497 1
37497 1
37497 1
37497 1
37497 1
37497 1
37497 1
37497 1
37497 1
37497 1
37497 1
37497 1
37497 1
37497 1
37497 1
37497 1
37497 1
37497 1
37497 1
37497 1
37497 1
37497 1
37497 1
37497 1
37497 1
37497 1
37497 1
37497 1
37497 1
37497 1
5511 1
5511 1
5511 1
5511 1
5511 1
5511 1
5511 1
5511 1
5511 1
5511 1
5511 1
5511 1
5511 1
5511 1
5511 1
5511 1
5511 1
5511 1
5511 1
5511 1
5511 1
5511 1
5511 1
5511 1
5511 1
5511 1
5511 1
5511 1
5511 1
5511 1
5511 1
5511 1
5511 1
5511 1
5511 1
5511 1
5511 1
5591 1
5591 1
5591 1
5591 1
5591 1
5591 1
5591 1
5591 1
5591 1
5591 1
5591 1
5591 1
5591 1
5591 1
5591 1
5591 1
5591 1
5591 1
5591 1
5591 1
5591 1
5591 1
5591 1
5591 1
5591 1
5591 1
5591 1
5591 1
5591 1
5591 1
5591 1
5591 1
5591 1
5591 1
5591 1
5591 1
5591 1
37444 1
37444 1
37444 1
37444 1
37444 1
37444 1
37444 1
37444 1
37444 1
37444 1
37444 1
37444 1
37444 1
37444 1
37444 1
37444 1
37444 1
37444 1
37444 1
37444 1
37444 1
37444 1
37444 1
37444 1
37444 1
37444 1
37444 1
37444 1
37444 1
37444 1
37444 1
37444 1
37444 1
37444 1
37444 1
37444 1
37444 1
37502 1
37502 1
37502 1
37502 1
37502 1
37502 1
37502 1
37502 1
37502 1
37502 1
37502 1
37502 1
37502 1
37502 1
37502 1
37502 1
37502 1
37502 1
37502 1
37502 1
37502 1
37502 1
37502 1
37502 1
37502 1
37502 1
37502 1
37502 1
37502 1
37502 1
37502 1
37502 1
37502 1
37502 1
37502 1
37502 1
37502 1
5512 1
5512 1
5512 1
5512 1
5512 1
5512 1
5512 1
5512 1
5512 1
5512 1
5512 1
5512 1
5512 1
5512 1
5512 1
5512 1
5512 1
5512 1
5512 1
5512 1
5512 1
5512 1
5512 1
5512 1
5512 1
5512 1
5512 1
5512 1
5512 1
5512 1
5512 1
5512 1
5512 1
5512 1
5512 1
5512 1
5512 1
5549 1
5549 1
5549 1
5549 1
5549 1
5549 1
5549 1
5549 1
5549 1
5549 1
5549 1
5549 1
5549 1
5549 1
5549 1
5549 1
5549 1
5549 1
5549 1
5549 1
5549 1
5549 1
5549 1
5549 1
5549 1
5549 1
5549 1
5549 1
5549 1
5549 1
5549 1
5549 1
5549 1
5549 1
5549 1
5549 1
5549 1
5592 1
5592 1
5592 1
5592 1
5592 1
5592 1
5592 1
5592 1
5592 1
5592 1
5592 1
5592 1
5592 1
5592 1
5592 1
5592 1
5592 1
5592 1
5592 1
5592 1
5592 1
5592 1
5592 1
5592 1
5592 1
5592 1
5592 1
5592 1
5592 1
5592 1
5592 1
5592 1
5592 1
5592 1
5592 1
5592 1
5592 1
5445 1
5445 1
5445 1
5445 1
5445 1
5445 1
5445 1
5445 1
5445 1
5445 1
5445 1
5445 1
5445 1
5445 1
5445 1
5445 1
5445 1
5445 1
5445 1
5445 1
5445 1
5445 1
5445 1
5445 1
5445 1
5445 1
5445 1
5445 1
5445 1
5445 1
5445 1
5445 1
5445 1
5445 1
5445 1
5445 1
5445 1
5476 1
5476 1
5476 1
5476 1
5476 1
5476 1
5476 1
5476 1
5476 1
5476 1
5476 1
5476 1
5476 1
5476 1
5476 1
5476 1
5476 1
5476 1
5476 1
5476 1
5476 1
5476 1
5476 1
5476 1
5476 1
5476 1
5476 1
5476 1
5476 1
5476 1
5476 1
5476 1
5476 1
5476 1
5476 1
5476 1
5476 1
5513 1
5513 1
5513 1
5513 1
5513 1
5513 1
5513 1
5513 1
5513 1
5513 1
5513 1
5513 1
5513 1
5513 1
5513 1
5513 1
5513 1
5513 1
5513 1
5513 1
5513 1
5513 1
5513 1
5513 1
5513 1
5513 1
5513 1
5513 1
5513 1
5513 1
5513 1
5513 1
5513 1
5513 1
5513 1
5513 1
5513 1
5550 1
5550 1
5550 1
5550 1
5550 1
5550 1
5550 1
5550 1
5550 1
5550 1
5550 1
5550 1
5550 1
5550 1
5550 1
5550 1
5550 1
5550 1
5550 1
5550 1
5550 1
5550 1
5550 1
5550 1
5550 1
5550 1
5550 1
5550 1
5550 1
5550 1
5550 1
5550 1
5550 1
5550 1
5550 1
5550 1
5550 1
