pt_graph scale
3058 0
3058 0
3058 0
3058 0
3058 0
3058 0
3058 0
3058 0
3058 0
3058 0
3058 0
3058 0
3058 0
3058 0
3058 0
3058 0
3058 0
3058 0
3058 0
3058 0
3058 0
3058 0
3058 0
3058 0
3058 0
3058 0
3058 255.265151515152
3058 0
3058 0
3058 0
3058 0
3058 0
3058 0
3058 0
3058 0
3058 0
3058 0
3309 0
3309 0
3309 0
3309 0
3309 0
3309 0
3309 0
3309 0
3309 0
3309 0
3309 0
3309 0
3309 0
3309 0
3309 0
3309 0
3309 0
3309 0
3309 0
3309 0
3309 0
3309 0
3309 0
3309 0
3309 0
3309 0
3309 255.265151515152
3309 0
3309 0
3309 0
3309 0
3309 0
3309 0
3309 0
3309 0
3309 0
3309 0
3310 0
3310 0
3310 0
3310 0
3310 0
3310 0
3310 0
3310 0
3310 0
3310 0
3310 0
3310 0
3310 0
3310 0
3310 0
3310 0
3310 0
3310 0
3310 0
3310 0
3310 0
3310 0
3310 0
3310 0
3310 0
3310 0
3310 255.265151515152
3310 0
3310 0
3310 0
3310 0
3310 0
3310 0
3310 0
3310 0
3310 0
3310 0
3382 0
3382 0
3382 0
3382 0
3382 0
3382 0
3382 0
3382 0
3382 0
3382 0
3382 0
3382 0
3382 0
3382 0
3382 0
3382 0
3382 0
3382 0
3382 0
3382 0
3382 0
3382 0
3382 0
3382 0
3382 0
3382 0
3382 255.265151515152
3382 0
3382 0
3382 0
3382 0
3382 0
3382 0
3382 0
3382 0
3382 0
3382 0
5242 0
5242 0
5242 0
5242 0
5242 0
5242 0
5242 0
5242 0
5242 0
5242 0
5242 0
5242 0
5242 0
5242 0
5242 0
5242 0
5242 0
5242 0
5242 0
5242 0
5242 0
5242 0
5242 0
5242 0
5242 0
5242 0
5242 255.265151515152
5242 0
5242 0
5242 0
5242 0
5242 0
5242 0
5242 0
5242 0
5242 0
5242 0
5216 0
5216 0
5216 0
5216 0
5216 0
5216 0
5216 0
5216 0
5216 0
5216 0
5216 0
5216 0
5216 0
5216 0
5216 0
5216 0
5216 0
5216 0
5216 0
5216 0
5216 0
5216 0
5216 0
5216 0
5216 0
5216 0
5216 255.265151515152
5216 0
5216 0
5216 0
5216 0
5216 0
5216 0
5216 0
5216 0
5216 0
5216 0
5191 0
5191 0
5191 0
5191 0
5191 0
5191 0
5191 0
5191 0
5191 0
5191 0
5191 0
5191 0
5191 0
5191 0
5191 0
5191 0
5191 0
5191 0
5191 0
5191 0
5191 0
5191 0
5191 0
5191 0
5191 0
5191 0
5191 255.265151515152
5191 0
5191 0
5191 0
5191 0
5191 0
5191 0
5191 0
5191 0
5191 0
5191 0
1435 0
1435 0
1435 0
1435 0
1435 0
1435 0
1435 0
1435 0
1435 0
1435 0
1435 0
1435 0
1435 0
1435 0
1435 0
1435 0
1435 0
1435 0
1435 0
1435 0
1435 0
1435 0
1435 0
1435 0
1435 0
1435 0
1435 255.265151515152
1435 0
1435 0
1435 0
1435 0
1435 0
1435 0
1435 0
1435 0
1435 0
1435 0
1480 0
1480 0
1480 0
1480 0
1480 0
1480 0
1480 0
1480 0
1480 0
1480 0
1480 0
1480 0
1480 0
1480 0
1480 0
1480 0
1480 0
1480 0
1480 0
1480 0
1480 0
1480 0
1480 0
1480 0
1480 0
1480 0
1480 255.265151515152
1480 0
1480 0
1480 0
1480 0
1480 0
1480 0
1480 0
1480 0
1480 0
1480 0
3459 0
3459 0
3459 0
3459 0
3459 0
3459 0
3459 0
3459 0
3459 0
3459 0
3459 0
3459 0
3459 0
3459 0
3459 0
3459 0
3459 0
3459 0
3459 0
3459 0
3459 0
3459 0
3459 0
3459 0
3459 0
3459 0
3459 255.265151515152
3459 0
3459 0
3459 0
3459 0
3459 0
3459 0
3459 0
3459 0
3459 0
3459 0
5192 0
5192 0
5192 0
5192 0
5192 0
5192 0
5192 0
5192 0
5192 0
5192 0
5192 0
5192 0
5192 0
5192 0
5192 0
5192 0
5192 0
5192 0
5192 0
5192 0
5192 0
5192 0
5192 0
5192 0
5192 0
5192 0
5192 255.265151515152
5192 0
5192 0
5192 0
5192 0
5192 0
5192 0
5192 0
5192 0
5192 0
5192 0
5193 0
5193 0
5193 0
5193 0
5193 0
5193 0
5193 0
5193 0
5193 0
5193 0
5193 0
5193 0
5193 0
5193 0
5193 0
5193 0
5193 0
5193 0
5193 0
5193 0
5193 0
5193 0
5193 0
5193 0
5193 0
5193 0
5193 255.265151515152
5193 0
5193 0
5193 0
5193 0
5193 0
5193 0
5193 0
5193 0
5193 0
5193 0
36514 0
36514 0
36514 0
36514 0
36514 0
36514 0
36514 0
36514 0
36514 0
36514 0
36514 0
36514 0
36514 0
36514 0
36514 0
36514 0
36514 0
36514 0
36514 0
36514 0
36514 0
36514 0
36514 0
36514 0
36514 0
36514 0
36514 255.265151515152
36514 0
36514 0
36514 0
36514 0
36514 0
36514 0
36514 0
36514 0
36514 0
36514 0
36477 0
36477 0
36477 0
36477 0
36477 0
36477 0
36477 0
36477 0
36477 0
36477 0
36477 0
36477 0
36477 0
36477 0
36477 0
36477 0
36477 0
36477 0
36477 0
36477 0
36477 0
36477 0
36477 0
36477 0
36477 0
36477 0
36477 255.265151515152
36477 0
36477 0
36477 0
36477 0
36477 0
36477 0
36477 0
36477 0
36477 0
36477 0
5830 0
5830 0
5830 0
5830 0
5830 0
5830 0
5830 0
5830 0
5830 0
5830 0
5830 0
5830 0
5830 0
5830 0
5830 0
5830 0
5830 0
5830 0
5830 0
5830 0
5830 0
5830 0
5830 0
5830 0
5830 0
5830 0
5830 255.265151515152
5830 0
5830 0
5830 0
5830 0
5830 0
5830 0
5830 0
5830 0
5830 0
5830 0
5831 0
5831 0
5831 0
5831 0
5831 0
5831 0
5831 0
5831 0
5831 0
5831 0
5831 0
5831 0
5831 0
5831 0
5831 0
5831 0
5831 0
5831 0
5831 0
5831 0
5831 0
5831 0
5831 0
5831 0
5831 0
5831 0
5831 255.265151515152
5831 0
5831 0
5831 0
5831 0
5831 0
5831 0
5831 0
5831 0
5831 0
5831 0
5871 0
5871 0
5871 0
5871 0
5871 0
5871 0
5871 0
5871 0
5871 0
5871 0
5871 0
5871 0
5871 0
5871 0
5871 0
5871 0
5871 0
5871 0
5871 0
5871 0
5871 0
5871 0
5871 0
5871 0
5871 0
5871 0
5871 255.265151515152
5871 0
5871 0
5871 0
5871 0
5871 0
5871 0
5871 0
5871 0
5871 0
5871 0
36288 0
36288 0
36288 0
36288 0
36288 0
36288 0
36288 0
36288 0
36288 0
36288 0
36288 0
36288 0
36288 0
36288 0
36288 0
36288 0
36288 0
36288 0
36288 0
36288 0
36288 0
36288 0
36288 0
36288 0
36288 0
36288 0
36288 255.265151515152
36288 0
36288 0
36288 0
36288 0
36288 0
36288 0
36288 0
36288 0
36288 0
36288 0
6219 0
6219 0
6219 0
6219 0
6219 0
6219 0
6219 0
6219 0
6219 0
6219 0
6219 0
6219 0
6219 0
6219 0
6219 0
6219 0
6219 0
6219 0
6219 0
6219 0
6219 0
6219 0
6219 0
6219 0
6219 0
6219 0
6219 255.265151515152
6219 0
6219 0
6219 0
6219 0
6219 0
6219 0
6219 0
6219 0
6219 0
6219 0
33636 0
33636 0
33636 0
33636 0
33636 0
33636 0
33636 0
33636 0
33636 0
33636 0
33636 0
33636 0
33636 0
33636 0
33636 0
33636 0
33636 0
33636 0
33636 0
33636 0
33636 0
33636 0
33636 0
33636 0
33636 0
33636 0
33636 255.265151515152
33636 0
33636 0
33636 0
33636 0
33636 0
33636 0
33636 0
33636 0
33636 0
33636 0
33848 0
33848 0
33848 0
33848 0
33848 0
33848 0
33848 0
33848 0
33848 0
33848 0
33848 0
33848 0
33848 0
33848 0
33848 0
33848 0
33848 0
33848 0
33848 0
33848 0
33848 0
33848 0
33848 0
33848 0
33848 0
33848 0
33848 255.265151515152
33848 0
33848 0
33848 0
33848 0
33848 0
33848 0
33848 0
33848 0
33848 0
33848 0
36368 0
36368 0
36368 0
36368 0
36368 0
36368 0
36368 0
36368 0
36368 0
36368 0
36368 0
36368 0
36368 0
36368 0
36368 0
36368 0
36368 0
36368 0
36368 0
36368 0
36368 0
36368 0
36368 0
36368 0
36368 0
36368 0
36368 255.265151515152
36368 0
36368 0
36368 0
36368 0
36368 0
36368 0
36368 0
36368 0
36368 0
36368 0
4473 0
4473 0
4473 0
4473 0
4473 0
4473 0
4473 0
4473 0
4473 0
4473 0
4473 0
4473 0
4473 0
4473 0
4473 0
4473 0
4473 0
4473 0
4473 0
4473 0
4473 0
4473 0
4473 0
4473 0
4473 0
4473 0
4473 255.265151515152
4473 0
4473 0
4473 0
4473 0
4473 0
4473 0
4473 0
4473 0
4473 0
4473 0
33954 0
33954 0
33954 0
33954 0
33954 0
33954 0
33954 0
33954 0
33954 0
33954 0
33954 0
33954 0
33954 0
33954 0
33954 0
33954 0
33954 0
33954 0
33954 0
33954 0
33954 0
33954 0
33954 0
33954 0
33954 0
33954 0
33954 255.265151515152
33954 0
33954 0
33954 0
33954 0
33954 0
33954 0
33954 0
33954 0
33954 0
33954 0
36291 0
36291 0
36291 0
36291 0
36291 0
36291 0
36291 0
36291 0
36291 0
36291 0
36291 0
36291 0
36291 0
36291 0
36291 0
36291 0
36291 0
36291 0
36291 0
36291 0
36291 0
36291 0
36291 0
36291 0
36291 0
36291 0
36291 255.265151515152
36291 0
36291 0
36291 0
36291 0
36291 0
36291 0
36291 0
36291 0
36291 0
36291 0
36331 0
36331 0
36331 0
36331 0
36331 0
36331 0
36331 0
36331 0
36331 0
36331 0
36331 0
36331 0
36331 0
36331 0
36331 0
36331 0
36331 0
36331 0
36331 0
36331 0
36331 0
36331 0
36331 0
36331 0
36331 0
36331 0
36331 255.265151515152
36331 0
36331 0
36331 0
36331 0
36331 0
36331 0
36331 0
36331 0
36331 0
36331 0
33955 0
33955 0
33955 0
33955 0
33955 0
33955 0
33955 0
33955 0
33955 0
33955 0
33955 0
33955 0
33955 0
33955 0
33955 0
33955 0
33955 0
33955 0
33955 0
33955 0
33955 0
33955 0
33955 0
33955 0
33955 0
33955 0
33955 255.265151515152
33955 0
33955 0
33955 0
33955 0
33955 0
33955 0
33955 0
33955 0
33955 0
33955 0
34059 0
34059 0
34059 0
34059 0
34059 0
34059 0
34059 0
34059 0
34059 0
34059 0
34059 0
34059 0
34059 0
34059 0
34059 0
34059 0
34059 0
34059 0
34059 0
34059 0
34059 0
34059 0
34059 0
34059 0
34059 0
34059 0
34059 255.265151515152
34059 0
34059 0
34059 0
34059 0
34059 0
34059 0
34059 0
34059 0
34059 0
34059 0
36292 0
36292 0
36292 0
36292 0
36292 0
36292 0
36292 0
36292 0
36292 0
36292 0
36292 0
36292 0
36292 0
36292 0
36292 0
36292 0
36292 0
36292 0
36292 0
36292 0
36292 0
36292 0
36292 0
36292 0
36292 0
36292 0
36292 255.265151515152
36292 0
36292 0
36292 0
36292 0
36292 0
36292 0
36292 0
36292 0
36292 0
36292 0
32343 0
32343 0
32343 0
32343 0
32343 0
32343 0
32343 0
32343 0
32343 0
32343 0
32343 0
32343 0
32343 0
32343 0
32343 0
32343 0
32343 0
32343 0
32343 0
32343 0
32343 0
32343 0
32343 0
32343 0
32343 0
32343 0
32343 255.265151515152
32343 0
32343 0
32343 0
32343 0
32343 0
32343 0
32343 0
32343 0
32343 0
32343 0
32453 0
32453 0
32453 0
32453 0
32453 0
32453 0
32453 0
32453 0
32453 0
32453 0
32453 0
32453 0
32453 0
32453 0
32453 0
32453 0
32453 0
32453 0
32453 0
32453 0
32453 0
32453 0
32453 0
32453 0
32453 0
32453 0
32453 255.265151515152
32453 0
32453 0
32453 0
32453 0
32453 0
32453 0
32453 0
32453 0
32453 0
32453 0
32562 0
32562 0
32562 0
32562 0
32562 0
32562 0
32562 0
32562 0
32562 0
32562 0
32562 0
32562 0
32562 0
32562 0
32562 0
32562 0
32562 0
32562 0
32562 0
32562 0
32562 0
32562 0
32562 0
32562 0
32562 0
32562 0
32562 255.265151515152
32562 0
32562 0
32562 0
32562 0
32562 0
32562 0
32562 0
32562 0
32562 0
32562 0
32671 0
32671 0
32671 0
32671 0
32671 0
32671 0
32671 0
32671 0
32671 0
32671 0
32671 0
32671 0
32671 0
32671 0
32671 0
32671 0
32671 0
32671 0
32671 0
32671 0
32671 0
32671 0
32671 0
32671 0
32671 0
32671 0
32671 255.265151515152
32671 0
32671 0
32671 0
32671 0
32671 0
32671 0
32671 0
32671 0
32671 0
32671 0
34468 0
34468 0
34468 0
34468 0
34468 0
34468 0
34468 0
34468 0
34468 0
34468 0
34468 0
34468 0
34468 0
34468 0
34468 0
34468 0
34468 0
34468 0
34468 0
34468 0
34468 0
34468 0
34468 0
34468 0
34468 0
34468 0
34468 255.265151515152
34468 0
34468 0
34468 0
34468 0
34468 0
34468 0
34468 0
34468 0
34468 0
34468 0
5712 0
5712 0
5712 0
5712 0
5712 0
5712 0
5712 0
5712 0
5712 0
5712 0
5712 0
5712 0
5712 0
5712 0
5712 0
5712 0
5712 0
5712 0
5712 0
5712 0
5712 0
5712 0
5712 0
5712 0
5712 0
5712 0
5712 255.265151515152
5712 0
5712 0
5712 0
5712 0
5712 0
5712 0
5712 0
5712 0
5712 0
5712 0
36485 0
36485 0
36485 0
36485 0
36485 0
36485 0
36485 0
36485 0
36485 0
36485 0
36485 0
36485 0
36485 0
36485 0
36485 0
36485 0
36485 0
36485 0
36485 0
36485 0
36485 0
36485 0
36485 0
36485 0
36485 0
36485 0
36485 255.265151515152
36485 0
36485 0
36485 0
36485 0
36485 0
36485 0
36485 0
36485 0
36485 0
36485 0
36523 0
36523 0
36523 0
36523 0
36523 0
36523 0
36523 0
36523 0
36523 0
36523 0
36523 0
36523 0
36523 0
36523 0
36523 0
36523 0
36523 0
36523 0
36523 0
36523 0
36523 0
36523 0
36523 0
36523 0
36523 0
36523 0
36523 255.265151515152
36523 0
36523 0
36523 0
36523 0
36523 0
36523 0
36523 0
36523 0
36523 0
36523 0
36561 0
36561 0
36561 0
36561 0
36561 0
36561 0
36561 0
36561 0
36561 0
36561 0
36561 0
36561 0
36561 0
36561 0
36561 0
36561 0
36561 0
36561 0
36561 0
36561 0
36561 0
36561 0
36561 0
36561 0
36561 0
36561 0
36561 255.265151515152
36561 0
36561 0
36561 0
36561 0
36561 0
36561 0
36561 0
36561 0
36561 0
36561 0
5845 0
5845 0
5845 0
5845 0
5845 0
5845 0
5845 0
5845 0
5845 0
5845 0
5845 0
5845 0
5845 0
5845 0
5845 0
5845 0
5845 0
5845 0
5845 0
5845 0
5845 0
5845 0
5845 0
5845 0
5845 0
5845 0
5845 255.265151515152
5845 0
5845 0
5845 0
5845 0
5845 0
5845 0
5845 0
5845 0
5845 0
5845 0
5885 0
5885 0
5885 0
5885 0
5885 0
5885 0
5885 0
5885 0
5885 0
5885 0
5885 0
5885 0
5885 0
5885 0
5885 0
5885 0
5885 0
5885 0
5885 0
5885 0
5885 0
5885 0
5885 0
5885 0
5885 0
5885 0
5885 255.265151515152
5885 0
5885 0
5885 0
5885 0
5885 0
5885 0
5885 0
5885 0
5885 0
5885 0
5960 0
5960 0
5960 0
5960 0
5960 0
5960 0
5960 0
5960 0
5960 0
5960 0
5960 0
5960 0
5960 0
5960 0
5960 0
5960 0
5960 0
5960 0
5960 0
5960 0
5960 0
5960 0
5960 0
5960 0
5960 0
5960 0
5960 255.265151515152
5960 0
5960 0
5960 0
5960 0
5960 0
5960 0
5960 0
5960 0
5960 0
5960 0
5670 0
5670 0
5670 0
5670 0
5670 0
5670 0
5670 0
5670 0
5670 0
5670 0
5670 0
5670 0
5670 0
5670 0
5670 0
5670 0
5670 0
5670 0
5670 0
5670 0
5670 0
5670 0
5670 0
5670 0
5670 0
5670 0
5670 255.265151515152
5670 0
5670 0
5670 0
5670 0
5670 0
5670 0
5670 0
5670 0
5670 0
5670 0
5761 0
5761 0
5761 0
5761 0
5761 0
5761 0
5761 0
5761 0
5761 0
5761 0
5761 0
5761 0
5761 0
5761 0
5761 0
5761 0
5761 0
5761 0
5761 0
5761 0
5761 0
5761 0
5761 0
5761 0
5761 0
5761 0
5761 255.265151515152
5761 0
5761 0
5761 0
5761 0
5761 0
5761 0
5761 0
5761 0
5761 0
5761 0
5804 0
5804 0
5804 0
5804 0
5804 0
5804 0
5804 0
5804 0
5804 0
5804 0
5804 0
5804 0
5804 0
5804 0
5804 0
5804 0
5804 0
5804 0
5804 0
5804 0
5804 0
5804 0
5804 0
5804 0
5804 0
5804 0
5804 255.265151515152
5804 0
5804 0
5804 0
5804 0
5804 0
5804 0
5804 0
5804 0
5804 0
5804 0
5846 0
5846 0
5846 0
5846 0
5846 0
5846 0
5846 0
5846 0
5846 0
5846 0
5846 0
5846 0
5846 0
5846 0
5846 0
5846 0
5846 0
5846 0
5846 0
5846 0
5846 0
5846 0
5846 0
5846 0
5846 0
5846 0
5846 255.265151515152
5846 0
5846 0
5846 0
5846 0
5846 0
5846 0
5846 0
5846 0
5846 0
5846 0
5886 0
5886 0
5886 0
5886 0
5886 0
5886 0
5886 0
5886 0
5886 0
5886 0
5886 0
5886 0
5886 0
5886 0
5886 0
5886 0
5886 0
5886 0
5886 0
5886 0
5886 0
5886 0
5886 0
5886 0
5886 0
5886 0
5886 255.265151515152
5886 0
5886 0
5886 0
5886 0
5886 0
5886 0
5886 0
5886 0
5886 0
5886 0
36411 0
36411 0
36411 0
36411 0
36411 0
36411 0
36411 0
36411 0
36411 0
36411 0
36411 0
36411 0
36411 0
36411 0
36411 0
36411 0
36411 0
36411 0
36411 0
36411 0
36411 0
36411 0
36411 0
36411 0
36411 0
36411 0
36411 255.265151515152
36411 0
36411 0
36411 0
36411 0
36411 0
36411 0
36411 0
36411 0
36411 0
36411 0
36449 0
36449 0
36449 0
36449 0
36449 0
36449 0
36449 0
36449 0
36449 0
36449 0
36449 0
36449 0
36449 0
36449 0
36449 0
36449 0
36449 0
36449 0
36449 0
36449 0
36449 0
36449 0
36449 0
36449 0
36449 0
36449 0
36449 255.265151515152
36449 0
36449 0
36449 0
36449 0
36449 0
36449 0
36449 0
36449 0
36449 0
36449 0
36524 0
36524 0
36524 0
36524 0
36524 0
36524 0
36524 0
36524 0
36524 0
36524 0
36524 0
36524 0
36524 0
36524 0
36524 0
36524 0
36524 0
36524 0
36524 0
36524 0
36524 0
36524 0
36524 0
36524 0
36524 0
36524 0
36524 255.265151515152
36524 0
36524 0
36524 0
36524 0
36524 0
36524 0
36524 0
36524 0
36524 0
36524 0
5671 0
5671 0
5671 0
5671 0
5671 0
5671 0
5671 0
5671 0
5671 0
5671 0
5671 0
5671 0
5671 0
5671 0
5671 0
5671 0
5671 0
5671 0
5671 0
5671 0
5671 0
5671 0
5671 0
5671 0
5671 0
5671 0
5671 255.265151515152
5671 0
5671 0
5671 0
5671 0
5671 0
5671 0
5671 0
5671 0
5671 0
5671 0
5716 0
5716 0
5716 0
5716 0
5716 0
5716 0
5716 0
5716 0
5716 0
5716 0
5716 0
5716 0
5716 0
5716 0
5716 0
5716 0
5716 0
5716 0
5716 0
5716 0
5716 0
5716 0
5716 0
5716 0
5716 0
5716 0
5716 255.265151515152
5716 0
5716 0
5716 0
5716 0
5716 0
5716 0
5716 0
5716 0
5716 0
5716 0
5762 0
5762 0
5762 0
5762 0
5762 0
5762 0
5762 0
5762 0
5762 0
5762 0
5762 0
5762 0
5762 0
5762 0
5762 0
5762 0
5762 0
5762 0
5762 0
5762 0
5762 0
5762 0
5762 0
5762 0
5762 0
5762 0
5762 255.265151515152
5762 0
5762 0
5762 0
5762 0
5762 0
5762 0
5762 0
5762 0
5762 0
5762 0
5805 0
5805 0
5805 0
5805 0
5805 0
5805 0
5805 0
5805 0
5805 0
5805 0
5805 0
5805 0
5805 0
5805 0
5805 0
5805 0
5805 0
5805 0
5805 0
5805 0
5805 0
5805 0
5805 0
5805 0
5805 0
5805 0
5805 255.265151515152
5805 0
5805 0
5805 0
5805 0
5805 0
5805 0
5805 0
5805 0
5805 0
5805 0
5924 0
5924 0
5924 0
5924 0
5924 0
5924 0
5924 0
5924 0
5924 0
5924 0
5924 0
5924 0
5924 0
5924 0
5924 0
5924 0
5924 0
5924 0
5924 0
5924 0
5924 0
5924 0
5924 0
5924 0
5924 0
5924 0
5924 255.265151515152
5924 0
5924 0
5924 0
5924 0
5924 0
5924 0
5924 0
5924 0
5924 0
5924 0
6000 0
6000 0
6000 0
6000 0
6000 0
6000 0
6000 0
6000 0
6000 0
6000 0
6000 0
6000 0
6000 0
6000 0
6000 0
6000 0
6000 0
6000 0
6000 0
6000 0
6000 0
6000 0
6000 0
6000 0
6000 0
6000 0
6000 255.265151515152
6000 0
6000 0
6000 0
6000 0
6000 0
6000 0
6000 0
6000 0
6000 0
6000 0
6076 0
6076 0
6076 0
6076 0
6076 0
6076 0
6076 0
6076 0
6076 0
6076 0
6076 0
6076 0
6076 0
6076 0
6076 0
6076 0
6076 0
6076 0
6076 0
6076 0
6076 0
6076 0
6076 0
6076 0
6076 0
6076 0
6076 255.265151515152
6076 0
6076 0
6076 0
6076 0
6076 0
6076 0
6076 0
6076 0
6076 0
6076 0
6114 0
6114 0
6114 0
6114 0
6114 0
6114 0
6114 0
6114 0
6114 0
6114 0
6114 0
6114 0
6114 0
6114 0
6114 0
6114 0
6114 0
6114 0
6114 0
6114 0
6114 0
6114 0
6114 0
6114 0
6114 0
6114 0
6114 255.265151515152
6114 0
6114 0
6114 0
6114 0
6114 0
6114 0
6114 0
6114 0
6114 0
6114 0
6152 0
6152 0
6152 0
6152 0
6152 0
6152 0
6152 0
6152 0
6152 0
6152 0
6152 0
6152 0
6152 0
6152 0
6152 0
6152 0
6152 0
6152 0
6152 0
6152 0
6152 0
6152 0
6152 0
6152 0
6152 0
6152 0
6152 255.265151515152
6152 0
6152 0
6152 0
6152 0
6152 0
6152 0
6152 0
6152 0
6152 0
6152 0
5672 0
5672 0
5672 0
5672 0
5672 0
5672 0
5672 0
5672 0
5672 0
5672 0
5672 0
5672 0
5672 0
5672 0
5672 0
5672 0
5672 0
5672 0
5672 0
5672 0
5672 0
5672 0
5672 0
5672 0
5672 0
5672 0
5672 255.265151515152
5672 0
5672 0
5672 0
5672 0
5672 0
5672 0
5672 0
5672 0
5672 0
5672 0
5717 0
5717 0
5717 0
5717 0
5717 0
5717 0
5717 0
5717 0
5717 0
5717 0
5717 0
5717 0
5717 0
5717 0
5717 0
5717 0
5717 0
5717 0
5717 0
5717 0
5717 0
5717 0
5717 0
5717 0
5717 0
5717 0
5717 255.265151515152
5717 0
5717 0
5717 0
5717 0
5717 0
5717 0
5717 0
5717 0
5717 0
5717 0
5925 0
5925 0
5925 0
5925 0
5925 0
5925 0
5925 0
5925 0
5925 0
5925 0
5925 0
5925 0
5925 0
5925 0
5925 0
5925 0
5925 0
5925 0
5925 0
5925 0
5925 0
5925 0
5925 0
5925 0
5925 0
5925 0
5925 255.265151515152
5925 0
5925 0
5925 0
5925 0
5925 0
5925 0
5925 0
5925 0
5925 0
5925 0
5963 0
5963 0
5963 0
5963 0
5963 0
5963 0
5963 0
5963 0
5963 0
5963 0
5963 0
5963 0
5963 0
5963 0
5963 0
5963 0
5963 0
5963 0
5963 0
5963 0
5963 0
5963 0
5963 0
5963 0
5963 0
5963 0
5963 255.265151515152
5963 0
5963 0
5963 0
5963 0
5963 0
5963 0
5963 0
5963 0
5963 0
5963 0
6001 0
6001 0
6001 0
6001 0
6001 0
6001 0
6001 0
6001 0
6001 0
6001 0
6001 0
6001 0
6001 0
6001 0
6001 0
6001 0
6001 0
6001 0
6001 0
6001 0
6001 0
6001 0
6001 0
6001 0
6001 0
6001 0
6001 255.265151515152
6001 0
6001 0
6001 0
6001 0
6001 0
6001 0
6001 0
6001 0
6001 0
6001 0
6039 0
6039 0
6039 0
6039 0
6039 0
6039 0
6039 0
6039 0
6039 0
6039 0
6039 0
6039 0
6039 0
6039 0
6039 0
6039 0
6039 0
6039 0
6039 0
6039 0
6039 0
6039 0
6039 0
6039 0
6039 0
6039 0
6039 255.265151515152
6039 0
6039 0
6039 0
6039 0
6039 0
6039 0
6039 0
6039 0
6039 0
6039 0
6077 0
6077 0
6077 0
6077 0
6077 0
6077 0
6077 0
6077 0
6077 0
6077 0
6077 0
6077 0
6077 0
6077 0
6077 0
6077 0
6077 0
6077 0
6077 0
6077 0
6077 0
6077 0
6077 0
6077 0
6077 0
6077 0
6077 255.265151515152
6077 0
6077 0
6077 0
6077 0
6077 0
6077 0
6077 0
6077 0
6077 0
6077 0
6115 0
6115 0
6115 0
6115 0
6115 0
6115 0
6115 0
6115 0
6115 0
6115 0
6115 0
6115 0
6115 0
6115 0
6115 0
6115 0
6115 0
6115 0
6115 0
6115 0
6115 0
6115 0
6115 0
6115 0
6115 0
6115 0
6115 255.265151515152
6115 0
6115 0
6115 0
6115 0
6115 0
6115 0
6115 0
6115 0
6115 0
6115 0
6191 0
6191 0
6191 0
6191 0
6191 0
6191 0
6191 0
6191 0
6191 0
6191 0
6191 0
6191 0
6191 0
6191 0
6191 0
6191 0
6191 0
6191 0
6191 0
6191 0
6191 0
6191 0
6191 0
6191 0
6191 0
6191 0
6191 255.265151515152
6191 0
6191 0
6191 0
6191 0
6191 0
6191 0
6191 0
6191 0
6191 0
6191 0
6231 0
6231 0
6231 0
6231 0
6231 0
6231 0
6231 0
6231 0
6231 0
6231 0
6231 0
6231 0
6231 0
6231 0
6231 0
6231 0
6231 0
6231 0
6231 0
6231 0
6231 0
6231 0
6231 0
6231 0
6231 0
6231 0
6231 255.265151515152
6231 0
6231 0
6231 0
6231 0
6231 0
6231 0
6231 0
6231 0
6231 0
6231 0
6272 0
6272 0
6272 0
6272 0
6272 0
6272 0
6272 0
6272 0
6272 0
6272 0
6272 0
6272 0
6272 0
6272 0
6272 0
6272 0
6272 0
6272 0
6272 0
6272 0
6272 0
6272 0
6272 0
6272 0
6272 0
6272 0
6272 255.265151515152
6272 0
6272 0
6272 0
6272 0
6272 0
6272 0
6272 0
6272 0
6272 0
6272 0
6312 0
6312 0
6312 0
6312 0
6312 0
6312 0
6312 0
6312 0
6312 0
6312 0
6312 0
6312 0
6312 0
6312 0
6312 0
6312 0
6312 0
6312 0
6312 0
6312 0
6312 0
6312 0
6312 0
6312 0
6312 0
6312 0
6312 255.265151515152
6312 0
6312 0
6312 0
6312 0
6312 0
6312 0
6312 0
6312 0
6312 0
6312 0
6352 0
6352 0
6352 0
6352 0
6352 0
6352 0
6352 0
6352 0
6352 0
6352 0
6352 0
6352 0
6352 0
6352 0
6352 0
6352 0
6352 0
6352 0
6352 0
6352 0
6352 0
6352 0
6352 0
6352 0
6352 0
6352 0
6352 255.265151515152
6352 0
6352 0
6352 0
6352 0
6352 0
6352 0
6352 0
6352 0
6352 0
6352 0
36487 0
36487 0
36487 0
36487 0
36487 0
36487 0
36487 0
36487 0
36487 0
36487 0
36487 0
36487 0
36487 0
36487 0
36487 0
36487 0
36487 0
36487 0
36487 0
36487 0
36487 0
36487 0
36487 0
36487 0
36487 0
36487 0
36487 255.265151515152
36487 0
36487 0
36487 0
36487 0
36487 0
36487 0
36487 0
36487 0
36487 0
36487 0
5849 0
5849 0
5849 0
5849 0
5849 0
5849 0
5849 0
5849 0
5849 0
5849 0
5849 0
5849 0
5849 0
5849 0
5849 0
5849 0
5849 0
5849 0
5849 0
5849 0
5849 0
5849 0
5849 0
5849 0
5849 0
5849 0
5849 255.265151515152
5849 0
5849 0
5849 0
5849 0
5849 0
5849 0
5849 0
5849 0
5849 0
5849 0
5889 0
5889 0
5889 0
5889 0
5889 0
5889 0
5889 0
5889 0
5889 0
5889 0
5889 0
5889 0
5889 0
5889 0
5889 0
5889 0
5889 0
5889 0
5889 0
5889 0
5889 0
5889 0
5889 0
5889 0
5889 0
5889 0
5889 255.265151515152
5889 0
5889 0
5889 0
5889 0
5889 0
5889 0
5889 0
5889 0
5889 0
5889 0
5926 0
5926 0
5926 0
5926 0
5926 0
5926 0
5926 0
5926 0
5926 0
5926 0
5926 0
5926 0
5926 0
5926 0
5926 0
5926 0
5926 0
5926 0
5926 0
5926 0
5926 0
5926 0
5926 0
5926 0
5926 0
5926 0
5926 255.265151515152
5926 0
5926 0
5926 0
5926 0
5926 0
5926 0
5926 0
5926 0
5926 0
5926 0
5964 0
5964 0
5964 0
5964 0
5964 0
5964 0
5964 0
5964 0
5964 0
5964 0
5964 0
5964 0
5964 0
5964 0
5964 0
5964 0
5964 0
5964 0
5964 0
5964 0
5964 0
5964 0
5964 0
5964 0
5964 0
5964 0
5964 255.265151515152
5964 0
5964 0
5964 0
5964 0
5964 0
5964 0
5964 0
5964 0
5964 0
5964 0
6002 0
6002 0
6002 0
6002 0
6002 0
6002 0
6002 0
6002 0
6002 0
6002 0
6002 0
6002 0
6002 0
6002 0
6002 0
6002 0
6002 0
6002 0
6002 0
6002 0
6002 0
6002 0
6002 0
6002 0
6002 0
6002 0
6002 255.265151515152
6002 0
6002 0
6002 0
6002 0
6002 0
6002 0
6002 0
6002 0
6002 0
6002 0
6313 0
6313 0
6313 0
6313 0
6313 0
6313 0
6313 0
6313 0
6313 0
6313 0
6313 0
6313 0
6313 0
6313 0
6313 0
6313 0
6313 0
6313 0
6313 0
6313 0
6313 0
6313 0
6313 0
6313 0
6313 0
6313 0
6313 255.265151515152
6313 0
6313 0
6313 0
6313 0
6313 0
6313 0
6313 0
6313 0
6313 0
6313 0
6393 0
6393 0
6393 0
6393 0
6393 0
6393 0
6393 0
6393 0
6393 0
6393 0
6393 0
6393 0
6393 0
6393 0
6393 0
6393 0
6393 0
6393 0
6393 0
6393 0
6393 0
6393 0
6393 0
6393 0
6393 0
6393 0
6393 255.265151515152
6393 0
6393 0
6393 0
6393 0
6393 0
6393 0
6393 0
6393 0
6393 0
6393 0
6514 0
6514 0
6514 0
6514 0
6514 0
6514 0
6514 0
6514 0
6514 0
6514 0
6514 0
6514 0
6514 0
6514 0
6514 0
6514 0
6514 0
6514 0
6514 0
6514 0
6514 0
6514 0
6514 0
6514 0
6514 0
6514 0
6514 255.265151515152
6514 0
6514 0
6514 0
6514 0
6514 0
6514 0
6514 0
6514 0
6514 0
6514 0
6592 0
6592 0
6592 0
6592 0
6592 0
6592 0
6592 0
6592 0
6592 0
6592 0
6592 0
6592 0
6592 0
6592 0
6592 0
6592 0
6592 0
6592 0
6592 0
6592 0
6592 0
6592 0
6592 0
6592 0
6592 0
6592 0
6592 255.265151515152
6592 0
6592 0
6592 0
6592 0
6592 0
6592 0
6592 0
6592 0
6592 0
6592 0
5927 0
5927 0
5927 0
5927 0
5927 0
5927 0
5927 0
5927 0
5927 0
5927 0
5927 0
5927 0
5927 0
5927 0
5927 0
5927 0
5927 0
5927 0
5927 0
5927 0
5927 0
5927 0
5927 0
5927 0
5927 0
5927 0
5927 255.265151515152
5927 0
5927 0
5927 0
5927 0
5927 0
5927 0
5927 0
5927 0
5927 0
5927 0
6155 0
6155 0
6155 0
6155 0
6155 0
6155 0
6155 0
6155 0
6155 0
6155 0
6155 0
6155 0
6155 0
6155 0
6155 0
6155 0
6155 0
6155 0
6155 0
6155 0
6155 0
6155 0
6155 0
6155 0
6155 0
6155 0
6155 255.265151515152
6155 0
6155 0
6155 0
6155 0
6155 0
6155 0
6155 0
6155 0
6155 0
6155 0
6233 0
6233 0
6233 0
6233 0
6233 0
6233 0
6233 0
6233 0
6233 0
6233 0
6233 0
6233 0
6233 0
6233 0
6233 0
6233 0
6233 0
6233 0
6233 0
6233 0
6233 0
6233 0
6233 0
6233 0
6233 0
6233 0
6233 255.265151515152
6233 0
6233 0
6233 0
6233 0
6233 0
6233 0
6233 0
6233 0
6233 0
6233 0
36375 0
36375 0
36375 0
36375 0
36375 0
36375 0
36375 0
36375 0
36375 0
36375 0
36375 0
36375 0
36375 0
36375 0
36375 0
36375 0
36375 0
36375 0
36375 0
36375 0
36375 0
36375 0
36375 0
36375 0
36375 0
36375 0
36375 255.265151515152
36375 0
36375 0
36375 0
36375 0
36375 0
36375 0
36375 0
36375 0
36375 0
36375 0
36413 0
36413 0
36413 0
36413 0
36413 0
36413 0
36413 0
36413 0
36413 0
36413 0
36413 0
36413 0
36413 0
36413 0
36413 0
36413 0
36413 0
36413 0
36413 0
36413 0
36413 0
36413 0
36413 0
36413 0
36413 0
36413 0
36413 255.265151515152
36413 0
36413 0
36413 0
36413 0
36413 0
36413 0
36413 0
36413 0
36413 0
36413 0
36679 0
36679 0
36679 0
36679 0
36679 0
36679 0
36679 0
36679 0
36679 0
36679 0
36679 0
36679 0
36679 0
36679 0
36679 0
36679 0
36679 0
36679 0
36679 0
36679 0
36679 0
36679 0
36679 0
36679 0
36679 0
36679 0
36679 255.265151515152
36679 0
36679 0
36679 0
36679 0
36679 0
36679 0
36679 0
36679 0
36679 0
36679 0
6234 0
6234 0
6234 0
6234 0
6234 0
6234 0
6234 0
6234 0
6234 0
6234 0
6234 0
6234 0
6234 0
6234 0
6234 0
6234 0
6234 0
6234 0
6234 0
6234 0
6234 0
6234 0
6234 0
6234 0
6234 0
6234 0
6234 255.265151515152
6234 0
6234 0
6234 0
6234 0
6234 0
6234 0
6234 0
6234 0
6234 0
6234 0
6316 0
6316 0
6316 0
6316 0
6316 0
6316 0
6316 0
6316 0
6316 0
6316 0
6316 0
6316 0
6316 0
6316 0
6316 0
6316 0
6316 0
6316 0
6316 0
6316 0
6316 0
6316 0
6316 0
6316 0
6316 0
6316 0
6316 255.265151515152
6316 0
6316 0
6316 0
6316 0
6316 0
6316 0
6316 0
6316 0
6316 0
6316 0
6356 0
6356 0
6356 0
6356 0
6356 0
6356 0
6356 0
6356 0
6356 0
6356 0
6356 0
6356 0
6356 0
6356 0
6356 0
6356 0
6356 0
6356 0
6356 0
6356 0
6356 0
6356 0
6356 0
6356 0
6356 0
6356 0
6356 255.265151515152
6356 0
6356 0
6356 0
6356 0
6356 0
6356 0
6356 0
6356 0
6356 0
6356 0
6396 0
6396 0
6396 0
6396 0
6396 0
6396 0
6396 0
6396 0
6396 0
6396 0
6396 0
6396 0
6396 0
6396 0
6396 0
6396 0
6396 0
6396 0
6396 0
6396 0
6396 0
6396 0
6396 0
6396 0
6396 0
6396 0
6396 255.265151515152
6396 0
6396 0
6396 0
6396 0
6396 0
6396 0
6396 0
6396 0
6396 0
6396 0
6397 0
6397 0
6397 0
6397 0
6397 0
6397 0
6397 0
6397 0
6397 0
6397 0
6397 0
6397 0
6397 0
6397 0
6397 0
6397 0
6397 0
6397 0
6397 0
6397 0
6397 0
6397 0
6397 0
6397 0
6397 0
6397 0
6397 255.265151515152
6397 0
6397 0
6397 0
6397 0
6397 0
6397 0
6397 0
6397 0
6397 0
6397 0
6437 0
6437 0
6437 0
6437 0
6437 0
6437 0
6437 0
6437 0
6437 0
6437 0
6437 0
6437 0
6437 0
6437 0
6437 0
6437 0
6437 0
6437 0
6437 0
6437 0
6437 0
6437 0
6437 0
6437 0
6437 0
6437 0
6437 255.265151515152
6437 0
6437 0
6437 0
6437 0
6437 0
6437 0
6437 0
6437 0
6437 0
6437 0
6477 0
6477 0
6477 0
6477 0
6477 0
6477 0
6477 0
6477 0
6477 0
6477 0
6477 0
6477 0
6477 0
6477 0
6477 0
6477 0
6477 0
6477 0
6477 0
6477 0
6477 0
6477 0
6477 0
6477 0
6477 0
6477 0
6477 255.265151515152
6477 0
6477 0
6477 0
6477 0
6477 0
6477 0
6477 0
6477 0
6477 0
6477 0
35724 0
35724 0
35724 0
35724 0
35724 0
35724 0
35724 0
35724 0
35724 0
35724 0
35724 0
35724 0
35724 0
35724 0
35724 0
35724 0
35724 0
35724 0
35724 0
35724 0
35724 0
35724 0
35724 0
35724 0
35724 0
35724 0
35724 255.265151515152
35724 0
35724 0
35724 0
35724 0
35724 0
35724 0
35724 0
35724 0
35724 0
35724 0
35875 0
35875 0
35875 0
35875 0
35875 0
35875 0
35875 0
35875 0
35875 0
35875 0
35875 0
35875 0
35875 0
35875 0
35875 0
35875 0
35875 0
35875 0
35875 0
35875 0
35875 0
35875 0
35875 0
35875 0
35875 0
35875 0
35875 255.265151515152
35875 0
35875 0
35875 0
35875 0
35875 0
35875 0
35875 0
35875 0
35875 0
35875 0
36022 0
36022 0
36022 0
36022 0
36022 0
36022 0
36022 0
36022 0
36022 0
36022 0
36022 0
36022 0
36022 0
36022 0
36022 0
36022 0
36022 0
36022 0
36022 0
36022 0
36022 0
36022 0
36022 0
36022 0
36022 0
36022 0
36022 255.265151515152
36022 0
36022 0
36022 0
36022 0
36022 0
36022 0
36022 0
36022 0
36022 0
36022 0
37678 0
37678 0
37678 0
37678 0
37678 0
37678 0
37678 0
37678 0
37678 0
37678 0
37678 0
37678 0
37678 0
37678 0
37678 0
37678 0
37678 0
37678 0
37678 0
37678 0
37678 0
37678 0
37678 0
37678 0
37678 0
37678 0
37678 255.265151515152
37678 0
37678 0
37678 0
37678 0
37678 0
37678 0
37678 0
37678 0
37678 0
37678 0
36740 0
36740 0
36740 0
36740 0
36740 0
36740 0
36740 0
36740 0
36740 0
36740 0
36740 0
36740 0
36740 0
36740 0
36740 0
36740 0
36740 0
36740 0
36740 0
36740 0
36740 0
36740 0
36740 0
36740 0
36740 0
36740 0
36740 255.265151515152
36740 0
36740 0
36740 0
36740 0
36740 0
36740 0
36740 0
36740 0
36740 0
36740 0
285 0
285 0
285 0
285 0
285 0
285 0
285 0
285 0
285 0
285 0
285 0
285 0
285 0
285 0
285 0
285 0
285 0
285 0
285 0
285 0
285 0
285 0
285 0
285 0
285 0
285 0
285 255.265151515152
285 0
285 0
285 0
285 0
285 0
285 0
285 0
285 0
285 0
285 0
308 0
308 0
308 0
308 0
308 0
308 0
308 0
308 0
308 0
308 0
308 0
308 0
308 0
308 0
308 0
308 0
308 0
308 0
308 0
308 0
308 0
308 0
308 0
308 0
308 0
308 0
308 255.265151515152
308 0
308 0
308 0
308 0
308 0
308 0
308 0
308 0
308 0
308 0
36349 0
36349 0
36349 0
36349 0
36349 0
36349 0
36349 0
36349 0
36349 0
36349 0
36349 0
36349 0
36349 0
36349 0
36349 0
36349 0
36349 0
36349 0
36349 0
36349 0
36349 0
36349 0
36349 0
36349 0
36349 0
36349 0
36349 255.265151515152
36349 0
36349 0
36349 0
36349 0
36349 0
36349 0
36349 0
36349 0
36349 0
36349 0
36425 0
36425 0
36425 0
36425 0
36425 0
36425 0
36425 0
36425 0
36425 0
36425 0
36425 0
36425 0
36425 0
36425 0
36425 0
36425 0
36425 0
36425 0
36425 0
36425 0
36425 0
36425 0
36425 0
36425 0
36425 0
36425 0
36425 255.265151515152
36425 0
36425 0
36425 0
36425 0
36425 0
36425 0
36425 0
36425 0
36425 0
36425 0
36463 0
36463 0
36463 0
36463 0
36463 0
36463 0
36463 0
36463 0
36463 0
36463 0
36463 0
36463 0
36463 0
36463 0
36463 0
36463 0
36463 0
36463 0
36463 0
36463 0
36463 0
36463 0
36463 0
36463 0
36463 0
36463 0
36463 255.265151515152
36463 0
36463 0
36463 0
36463 0
36463 0
36463 0
36463 0
36463 0
36463 0
36463 0
36538 0
36538 0
36538 0
36538 0
36538 0
36538 0
36538 0
36538 0
36538 0
36538 0
36538 0
36538 0
36538 0
36538 0
36538 0
36538 0
36538 0
36538 0
36538 0
36538 0
36538 0
36538 0
36538 0
36538 0
36538 0
36538 0
36538 255.265151515152
36538 0
36538 0
36538 0
36538 0
36538 0
36538 0
36538 0
36538 0
36538 0
36538 0
309 0
309 0
309 0
309 0
309 0
309 0
309 0
309 0
309 0
309 0
309 0
309 0
309 0
309 0
309 0
309 0
309 0
309 0
309 0
309 0
309 0
309 0
309 0
309 0
309 0
309 0
309 255.265151515152
309 0
309 0
309 0
309 0
309 0
309 0
309 0
309 0
309 0
309 0
332 0
332 0
332 0
332 0
332 0
332 0
332 0
332 0
332 0
332 0
332 0
332 0
332 0
332 0
332 0
332 0
332 0
332 0
332 0
332 0
332 0
332 0
332 0
332 0
332 0
332 0
332 255.265151515152
332 0
332 0
332 0
332 0
332 0
332 0
332 0
332 0
332 0
332 0
379 0
379 0
379 0
379 0
379 0
379 0
379 0
379 0
379 0
379 0
379 0
379 0
379 0
379 0
379 0
379 0
379 0
379 0
379 0
379 0
379 0
379 0
379 0
379 0
379 0
379 0
379 255.265151515152
379 0
379 0
379 0
379 0
379 0
379 0
379 0
379 0
379 0
379 0
36998 0
36998 0
36998 0
36998 0
36998 0
36998 0
36998 0
36998 0
36998 0
36998 0
36998 0
36998 0
36998 0
36998 0
36998 0
36998 0
36998 0
36998 0
36998 0
36998 0
36998 0
36998 0
36998 0
36998 0
36998 0
36998 0
36998 255.265151515152
36998 0
36998 0
36998 0
36998 0
36998 0
36998 0
36998 0
36998 0
36998 0
36998 0
404 0
404 0
404 0
404 0
404 0
404 0
404 0
404 0
404 0
404 0
404 0
404 0
404 0
404 0
404 0
404 0
404 0
404 0
404 0
404 0
404 0
404 0
404 0
404 0
404 0
404 0
404 255.265151515152
404 0
404 0
404 0
404 0
404 0
404 0
404 0
404 0
404 0
404 0
429 0
429 0
429 0
429 0
429 0
429 0
429 0
429 0
429 0
429 0
429 0
429 0
429 0
429 0
429 0
429 0
429 0
429 0
429 0
429 0
429 0
429 0
429 0
429 0
429 0
429 0
429 255.265151515152
429 0
429 0
429 0
429 0
429 0
429 0
429 0
429 0
429 0
429 0
476 0
476 0
476 0
476 0
476 0
476 0
476 0
476 0
476 0
476 0
476 0
476 0
476 0
476 0
476 0
476 0
476 0
476 0
476 0
476 0
476 0
476 0
476 0
476 0
476 0
476 0
476 255.265151515152
476 0
476 0
476 0
476 0
476 0
476 0
476 0
476 0
476 0
476 0
500 0
500 0
500 0
500 0
500 0
500 0
500 0
500 0
500 0
500 0
500 0
500 0
500 0
500 0
500 0
500 0
500 0
500 0
500 0
500 0
500 0
500 0
500 0
500 0
500 0
500 0
500 255.265151515152
500 0
500 0
500 0
500 0
500 0
500 0
500 0
500 0
500 0
500 0
454 0
454 0
454 0
454 0
454 0
454 0
454 0
454 0
454 0
454 0
454 0
454 0
454 0
454 0
454 0
454 0
454 0
454 0
454 0
454 0
454 0
454 0
454 0
454 0
454 0
454 0
454 255.265151515152
454 0
454 0
454 0
454 0
454 0
454 0
454 0
454 0
454 0
454 0
501 0
501 0
501 0
501 0
501 0
501 0
501 0
501 0
501 0
501 0
501 0
501 0
501 0
501 0
501 0
501 0
501 0
501 0
501 0
501 0
501 0
501 0
501 0
501 0
501 0
501 0
501 255.265151515152
501 0
501 0
501 0
501 0
501 0
501 0
501 0
501 0
501 0
501 0
3425 0
3425 0
3425 0
3425 0
3425 0
3425 0
3425 0
3425 0
3425 0
3425 0
3425 0
3425 0
3425 0
3425 0
3425 0
3425 0
3425 0
3425 0
3425 0
3425 0
3425 0
3425 0
3425 0
3425 0
3425 0
3425 0
3425 255.265151515152
3425 0
3425 0
3425 0
3425 0
3425 0
3425 0
3425 0
3425 0
3425 0
3425 0
433 0
433 0
433 0
433 0
433 0
433 0
433 0
433 0
433 0
433 0
433 0
433 0
433 0
433 0
433 0
433 0
433 0
433 0
433 0
433 0
433 0
433 0
433 0
433 0
433 0
433 0
433 255.265151515152
433 0
433 0
433 0
433 0
433 0
433 0
433 0
433 0
433 0
433 0
385 0
385 0
385 0
385 0
385 0
385 0
385 0
385 0
385 0
385 0
385 0
385 0
385 0
385 0
385 0
385 0
385 0
385 0
385 0
385 0
385 0
385 0
385 0
385 0
385 0
385 0
385 255.265151515152
385 0
385 0
385 0
385 0
385 0
385 0
385 0
385 0
385 0
385 0
409 0
409 0
409 0
409 0
409 0
409 0
409 0
409 0
409 0
409 0
409 0
409 0
409 0
409 0
409 0
409 0
409 0
409 0
409 0
409 0
409 0
409 0
409 0
409 0
409 0
409 0
409 255.265151515152
409 0
409 0
409 0
409 0
409 0
409 0
409 0
409 0
409 0
409 0
458 0
458 0
458 0
458 0
458 0
458 0
458 0
458 0
458 0
458 0
458 0
458 0
458 0
458 0
458 0
458 0
458 0
458 0
458 0
458 0
458 0
458 0
458 0
458 0
458 0
458 0
458 255.265151515152
458 0
458 0
458 0
458 0
458 0
458 0
458 0
458 0
458 0
458 0
481 0
481 0
481 0
481 0
481 0
481 0
481 0
481 0
481 0
481 0
481 0
481 0
481 0
481 0
481 0
481 0
481 0
481 0
481 0
481 0
481 0
481 0
481 0
481 0
481 0
481 0
481 255.265151515152
481 0
481 0
481 0
481 0
481 0
481 0
481 0
481 0
481 0
481 0
505 0
505 0
505 0
505 0
505 0
505 0
505 0
505 0
505 0
505 0
505 0
505 0
505 0
505 0
505 0
505 0
505 0
505 0
505 0
505 0
505 0
505 0
505 0
505 0
505 0
505 0
505 255.265151515152
505 0
505 0
505 0
505 0
505 0
505 0
505 0
505 0
505 0
505 0
530 0
530 0
530 0
530 0
530 0
530 0
530 0
530 0
530 0
530 0
530 0
530 0
530 0
530 0
530 0
530 0
530 0
530 0
530 0
530 0
530 0
530 0
530 0
530 0
530 0
530 0
530 255.265151515152
530 0
530 0
530 0
530 0
530 0
530 0
530 0
530 0
530 0
530 0
555 0
555 0
555 0
555 0
555 0
555 0
555 0
555 0
555 0
555 0
555 0
555 0
555 0
555 0
555 0
555 0
555 0
555 0
555 0
555 0
555 0
555 0
555 0
555 0
555 0
555 0
555 255.265151515152
555 0
555 0
555 0
555 0
555 0
555 0
555 0
555 0
555 0
555 0
2291 0
2291 0
2291 0
2291 0
2291 0
2291 0
2291 0
2291 0
2291 0
2291 0
2291 0
2291 0
2291 0
2291 0
2291 0
2291 0
2291 0
2291 0
2291 0
2291 0
2291 0
2291 0
2291 0
2291 0
2291 0
2291 0
2291 255.265151515152
2291 0
2291 0
2291 0
2291 0
2291 0
2291 0
2291 0
2291 0
2291 0
2291 0
2373 0
2373 0
2373 0
2373 0
2373 0
2373 0
2373 0
2373 0
2373 0
2373 0
2373 0
2373 0
2373 0
2373 0
2373 0
2373 0
2373 0
2373 0
2373 0
2373 0
2373 0
2373 0
2373 0
2373 0
2373 0
2373 0
2373 255.265151515152
2373 0
2373 0
2373 0
2373 0
2373 0
2373 0
2373 0
2373 0
2373 0
2373 0
2463 0
2463 0
2463 0
2463 0
2463 0
2463 0
2463 0
2463 0
2463 0
2463 0
2463 0
2463 0
2463 0
2463 0
2463 0
2463 0
2463 0
2463 0
2463 0
2463 0
2463 0
2463 0
2463 0
2463 0
2463 0
2463 0
2463 255.265151515152
2463 0
2463 0
2463 0
2463 0
2463 0
2463 0
2463 0
2463 0
2463 0
2463 0
506 0
506 0
506 0
506 0
506 0
506 0
506 0
506 0
506 0
506 0
506 0
506 0
506 0
506 0
506 0
506 0
506 0
506 0
506 0
506 0
506 0
506 0
506 0
506 0
506 0
506 0
506 255.265151515152
506 0
506 0
506 0
506 0
506 0
506 0
506 0
506 0
506 0
506 0
531 0
531 0
531 0
531 0
531 0
531 0
531 0
531 0
531 0
531 0
531 0
531 0
531 0
531 0
531 0
531 0
531 0
531 0
531 0
531 0
531 0
531 0
531 0
531 0
531 0
531 0
531 255.265151515152
531 0
531 0
531 0
531 0
531 0
531 0
531 0
531 0
531 0
531 0
556 0
556 0
556 0
556 0
556 0
556 0
556 0
556 0
556 0
556 0
556 0
556 0
556 0
556 0
556 0
556 0
556 0
556 0
556 0
556 0
556 0
556 0
556 0
556 0
556 0
556 0
556 255.265151515152
556 0
556 0
556 0
556 0
556 0
556 0
556 0
556 0
556 0
556 0
582 0
582 0
582 0
582 0
582 0
582 0
582 0
582 0
582 0
582 0
582 0
582 0
582 0
582 0
582 0
582 0
582 0
582 0
582 0
582 0
582 0
582 0
582 0
582 0
582 0
582 0
582 255.265151515152
582 0
582 0
582 0
582 0
582 0
582 0
582 0
582 0
582 0
582 0
608 0
608 0
608 0
608 0
608 0
608 0
608 0
608 0
608 0
608 0
608 0
608 0
608 0
608 0
608 0
608 0
608 0
608 0
608 0
608 0
608 0
608 0
608 0
608 0
608 0
608 0
608 255.265151515152
608 0
608 0
608 0
608 0
608 0
608 0
608 0
608 0
608 0
608 0
2464 0
2464 0
2464 0
2464 0
2464 0
2464 0
2464 0
2464 0
2464 0
2464 0
2464 0
2464 0
2464 0
2464 0
2464 0
2464 0
2464 0
2464 0
2464 0
2464 0
2464 0
2464 0
2464 0
2464 0
2464 0
2464 0
2464 255.265151515152
2464 0
2464 0
2464 0
2464 0
2464 0
2464 0
2464 0
2464 0
2464 0
2464 0
2650 0
2650 0
2650 0
2650 0
2650 0
2650 0
2650 0
2650 0
2650 0
2650 0
2650 0
2650 0
2650 0
2650 0
2650 0
2650 0
2650 0
2650 0
2650 0
2650 0
2650 0
2650 0
2650 0
2650 0
2650 0
2650 0
2650 255.265151515152
2650 0
2650 0
2650 0
2650 0
2650 0
2650 0
2650 0
2650 0
2650 0
2650 0
2934 0
2934 0
2934 0
2934 0
2934 0
2934 0
2934 0
2934 0
2934 0
2934 0
2934 0
2934 0
2934 0
2934 0
2934 0
2934 0
2934 0
2934 0
2934 0
2934 0
2934 0
2934 0
2934 0
2934 0
2934 0
2934 0
2934 255.265151515152
2934 0
2934 0
2934 0
2934 0
2934 0
2934 0
2934 0
2934 0
2934 0
2934 0
2293 0
2293 0
2293 0
2293 0
2293 0
2293 0
2293 0
2293 0
2293 0
2293 0
2293 0
2293 0
2293 0
2293 0
2293 0
2293 0
2293 0
2293 0
2293 0
2293 0
2293 0
2293 0
2293 0
2293 0
2293 0
2293 0
2293 255.265151515152
2293 0
2293 0
2293 0
2293 0
2293 0
2293 0
2293 0
2293 0
2293 0
2293 0
2559 0
2559 0
2559 0
2559 0
2559 0
2559 0
2559 0
2559 0
2559 0
2559 0
2559 0
2559 0
2559 0
2559 0
2559 0
2559 0
2559 0
2559 0
2559 0
2559 0
2559 0
2559 0
2559 0
2559 0
2559 0
2559 0
2559 255.265151515152
2559 0
2559 0
2559 0
2559 0
2559 0
2559 0
2559 0
2559 0
2559 0
2559 0
2211 0
2211 0
2211 0
2211 0
2211 0
2211 0
2211 0
2211 0
2211 0
2211 0
2211 0
2211 0
2211 0
2211 0
2211 0
2211 0
2211 0
2211 0
2211 0
2211 0
2211 0
2211 0
2211 0
2211 0
2211 0
2211 0
2211 255.265151515152
2211 0
2211 0
2211 0
2211 0
2211 0
2211 0
2211 0
2211 0
2211 0
2211 0
2294 0
2294 0
2294 0
2294 0
2294 0
2294 0
2294 0
2294 0
2294 0
2294 0
2294 0
2294 0
2294 0
2294 0
2294 0
2294 0
2294 0
2294 0
2294 0
2294 0
2294 0
2294 0
2294 0
2294 0
2294 0
2294 0
2294 255.265151515152
2294 0
2294 0
2294 0
2294 0
2294 0
2294 0
2294 0
2294 0
2294 0
2294 0
2376 0
2376 0
2376 0
2376 0
2376 0
2376 0
2376 0
2376 0
2376 0
2376 0
2376 0
2376 0
2376 0
2376 0
2376 0
2376 0
2376 0
2376 0
2376 0
2376 0
2376 0
2376 0
2376 0
2376 0
2376 0
2376 0
2376 255.265151515152
2376 0
2376 0
2376 0
2376 0
2376 0
2376 0
2376 0
2376 0
2376 0
2376 0
2652 0
2652 0
2652 0
2652 0
2652 0
2652 0
2652 0
2652 0
2652 0
2652 0
2652 0
2652 0
2652 0
2652 0
2652 0
2652 0
2652 0
2652 0
2652 0
2652 0
2652 0
2652 0
2652 0
2652 0
2652 0
2652 0
2652 255.265151515152
2652 0
2652 0
2652 0
2652 0
2652 0
2652 0
2652 0
2652 0
2652 0
2652 0
807 0
807 0
807 0
807 0
807 0
807 0
807 0
807 0
807 0
807 0
807 0
807 0
807 0
807 0
807 0
807 0
807 0
807 0
807 0
807 0
807 0
807 0
807 0
807 0
807 0
807 0
807 255.265151515152
807 0
807 0
807 0
807 0
807 0
807 0
807 0
807 0
807 0
807 0
837 0
837 0
837 0
837 0
837 0
837 0
837 0
837 0
837 0
837 0
837 0
837 0
837 0
837 0
837 0
837 0
837 0
837 0
837 0
837 0
837 0
837 0
837 0
837 0
837 0
837 0
837 255.265151515152
837 0
837 0
837 0
837 0
837 0
837 0
837 0
837 0
837 0
837 0
965 0
965 0
965 0
965 0
965 0
965 0
965 0
965 0
965 0
965 0
965 0
965 0
965 0
965 0
965 0
965 0
965 0
965 0
965 0
965 0
965 0
965 0
965 0
965 0
965 0
965 0
965 255.265151515152
965 0
965 0
965 0
965 0
965 0
965 0
965 0
965 0
965 0
965 0
1452 0
1452 0
1452 0
1452 0
1452 0
1452 0
1452 0
1452 0
1452 0
1452 0
1452 0
1452 0
1452 0
1452 0
1452 0
1452 0
1452 0
1452 0
1452 0
1452 0
1452 0
1452 0
1452 0
1452 0
1452 0
1452 0
1452 255.265151515152
1452 0
1452 0
1452 0
1452 0
1452 0
1452 0
1452 0
1452 0
1452 0
1452 0
1595 0
1595 0
1595 0
1595 0
1595 0
1595 0
1595 0
1595 0
1595 0
1595 0
1595 0
1595 0
1595 0
1595 0
1595 0
1595 0
1595 0
1595 0
1595 0
1595 0
1595 0
1595 0
1595 0
1595 0
1595 0
1595 0
1595 255.265151515152
1595 0
1595 0
1595 0
1595 0
1595 0
1595 0
1595 0
1595 0
1595 0
1595 0
1548 0
1548 0
1548 0
1548 0
1548 0
1548 0
1548 0
1548 0
1548 0
1548 0
1548 0
1548 0
1548 0
1548 0
1548 0
1548 0
1548 0
1548 0
1548 0
1548 0
1548 0
1548 0
1548 0
1548 0
1548 0
1548 0
1548 255.265151515152
1548 0
1548 0
1548 0
1548 0
1548 0
1548 0
1548 0
1548 0
1548 0
1548 0
2216 0
2216 0
2216 0
2216 0
2216 0
2216 0
2216 0
2216 0
2216 0
2216 0
2216 0
2216 0
2216 0
2216 0
2216 0
2216 0
2216 0
2216 0
2216 0
2216 0
2216 0
2216 0
2216 0
2216 0
2216 0
2216 0
2216 255.265151515152
2216 0
2216 0
2216 0
2216 0
2216 0
2216 0
2216 0
2216 0
2216 0
2216 0
3030 0
3030 0
3030 0
3030 0
3030 0
3030 0
3030 0
3030 0
3030 0
3030 0
3030 0
3030 0
3030 0
3030 0
3030 0
3030 0
3030 0
3030 0
3030 0
3030 0
3030 0
3030 0
3030 0
3030 0
3030 0
3030 0
3030 255.265151515152
3030 0
3030 0
3030 0
3030 0
3030 0
3030 0
3030 0
3030 0
3030 0
3030 0
3121 0
3121 0
3121 0
3121 0
3121 0
3121 0
3121 0
3121 0
3121 0
3121 0
3121 0
3121 0
3121 0
3121 0
3121 0
3121 0
3121 0
3121 0
3121 0
3121 0
3121 0
3121 0
3121 0
3121 0
3121 0
3121 0
3121 255.265151515152
3121 0
3121 0
3121 0
3121 0
3121 0
3121 0
3121 0
3121 0
3121 0
3121 0
3289 0
3289 0
3289 0
3289 0
3289 0
3289 0
3289 0
3289 0
3289 0
3289 0
3289 0
3289 0
3289 0
3289 0
3289 0
3289 0
3289 0
3289 0
3289 0
3289 0
3289 0
3289 0
3289 0
3289 0
3289 0
3289 0
3289 255.265151515152
3289 0
3289 0
3289 0
3289 0
3289 0
3289 0
3289 0
3289 0
3289 0
3289 0
