pt_graph scale
1441 0
1441 41.134448533
1441 41.134448533
1441 41.134448533
1441 41.134448533
1441 0
1441 6.46688269975
1441 0
1441 0
1441 0
1441 0
1441 1677.08890358
1441 1677.08890358
1441 1677.08890358
1441 1677.08890358
1441 1677.08890358
1441 0
1441 0
1441 0
1441 0
1441 0
1441 0
1441 24.2471014225
1441 24.2471014225
1441 24.2471014225
1441 0
1441 1238.239119875
1441 0
1441 0
1441 1440.06427947975
1441 1440.06427947975
1441 1440.06427947975
1441 0
1441 19.13849776025
1441 19.13849776025
1441 0
1441 0
2983 0
2983 41.134448533
2983 41.134448533
2983 41.134448533
2983 41.134448533
2983 0
2983 6.46688269975
2983 0
2983 0
2983 0
2983 0
2983 1677.08890358
2983 1677.08890358
2983 1677.08890358
2983 1677.08890358
2983 1677.08890358
2983 0
2983 0
2983 0
2983 0
2983 0
2983 0
2983 24.2471014225
2983 24.2471014225
2983 24.2471014225
2983 0
2983 1238.239119875
2983 0
2983 0
2983 1440.06427947975
2983 1440.06427947975
2983 1440.06427947975
2983 0
2983 19.13849776025
2983 19.13849776025
2983 0
2983 0
2800 0
2800 41.134448533
2800 41.134448533
2800 41.134448533
2800 41.134448533
2800 0
2800 6.46688269975
2800 0
2800 0
2800 0
2800 0
2800 1677.08890358
2800 1677.08890358
2800 1677.08890358
2800 1677.08890358
2800 1677.08890358
2800 0
2800 0
2800 0
2800 0
2800 0
2800 0
2800 24.2471014225
2800 24.2471014225
2800 24.2471014225
2800 0
2800 1238.239119875
2800 0
2800 0
2800 1440.06427947975
2800 1440.06427947975
2800 1440.06427947975
2800 0
2800 19.13849776025
2800 19.13849776025
2800 0
2800 0
2896 0
2896 41.134448533
2896 41.134448533
2896 41.134448533
2896 41.134448533
2896 0
2896 6.46688269975
2896 0
2896 0
2896 0
2896 0
2896 1677.08890358
2896 1677.08890358
2896 1677.08890358
2896 1677.08890358
2896 1677.08890358
2896 0
2896 0
2896 0
2896 0
2896 0
2896 0
2896 24.2471014225
2896 24.2471014225
2896 24.2471014225
2896 0
2896 1238.239119875
2896 0
2896 0
2896 1440.06427947975
2896 1440.06427947975
2896 1440.06427947975
2896 0
2896 19.13849776025
2896 19.13849776025
2896 0
2896 0
2707 0
2707 41.134448533
2707 41.134448533
2707 41.134448533
2707 41.134448533
2707 0
2707 6.46688269975
2707 0
2707 0
2707 0
2707 0
2707 1677.08890358
2707 1677.08890358
2707 1677.08890358
2707 1677.08890358
2707 1677.08890358
2707 0
2707 0
2707 0
2707 0
2707 0
2707 0
2707 24.2471014225
2707 24.2471014225
2707 24.2471014225
2707 0
2707 1238.239119875
2707 0
2707 0
2707 1440.06427947975
2707 1440.06427947975
2707 1440.06427947975
2707 0
2707 19.13849776025
2707 19.13849776025
2707 0
2707 0
2801 0
2801 41.134448533
2801 41.134448533
2801 41.134448533
2801 41.134448533
2801 0
2801 6.46688269975
2801 0
2801 0
2801 0
2801 0
2801 1677.08890358
2801 1677.08890358
2801 1677.08890358
2801 1677.08890358
2801 1677.08890358
2801 0
2801 0
2801 0
2801 0
2801 0
2801 0
2801 24.2471014225
2801 24.2471014225
2801 24.2471014225
2801 0
2801 1238.239119875
2801 0
2801 0
2801 1440.06427947975
2801 1440.06427947975
2801 1440.06427947975
2801 0
2801 19.13849776025
2801 19.13849776025
2801 0
2801 0
2615 0
2615 41.134448533
2615 41.134448533
2615 41.134448533
2615 41.134448533
2615 0
2615 6.46688269975
2615 0
2615 0
2615 0
2615 0
2615 1677.08890358
2615 1677.08890358
2615 1677.08890358
2615 1677.08890358
2615 1677.08890358
2615 0
2615 0
2615 0
2615 0
2615 0
2615 0
2615 24.2471014225
2615 24.2471014225
2615 24.2471014225
2615 0
2615 1238.239119875
2615 0
2615 0
2615 1440.06427947975
2615 1440.06427947975
2615 1440.06427947975
2615 0
2615 19.13849776025
2615 19.13849776025
2615 0
2615 0
2525 0
2525 41.134448533
2525 41.134448533
2525 41.134448533
2525 41.134448533
2525 0
2525 6.46688269975
2525 0
2525 0
2525 0
2525 0
2525 1677.08890358
2525 1677.08890358
2525 1677.08890358
2525 1677.08890358
2525 1677.08890358
2525 0
2525 0
2525 0
2525 0
2525 0
2525 0
2525 24.2471014225
2525 24.2471014225
2525 24.2471014225
2525 0
2525 1238.239119875
2525 0
2525 0
2525 1440.06427947975
2525 1440.06427947975
2525 1440.06427947975
2525 0
2525 19.13849776025
2525 19.13849776025
2525 0
2525 0
2720 0
2720 41.134448533
2720 41.134448533
2720 41.134448533
2720 41.134448533
2720 0
2720 6.46688269975
2720 0
2720 0
2720 0
2720 0
2720 1677.08890358
2720 1677.08890358
2720 1677.08890358
2720 1677.08890358
2720 1677.08890358
2720 0
2720 0
2720 0
2720 0
2720 0
2720 0
2720 24.2471014225
2720 24.2471014225
2720 24.2471014225
2720 0
2720 1238.239119875
2720 0
2720 0
2720 1440.06427947975
2720 1440.06427947975
2720 1440.06427947975
2720 0
2720 19.13849776025
2720 19.13849776025
2720 0
2720 0
2911 0
2911 41.134448533
2911 41.134448533
2911 41.134448533
2911 41.134448533
2911 0
2911 6.46688269975
2911 0
2911 0
2911 0
2911 0
2911 1677.08890358
2911 1677.08890358
2911 1677.08890358
2911 1677.08890358
2911 1677.08890358
2911 0
2911 0
2911 0
2911 0
2911 0
2911 0
2911 24.2471014225
2911 24.2471014225
2911 24.2471014225
2911 0
2911 1238.239119875
2911 0
2911 0
2911 1440.06427947975
2911 1440.06427947975
2911 1440.06427947975
2911 0
2911 19.13849776025
2911 19.13849776025
2911 0
2911 0
2630 0
2630 41.134448533
2630 41.134448533
2630 41.134448533
2630 41.134448533
2630 0
2630 6.46688269975
2630 0
2630 0
2630 0
2630 0
2630 1677.08890358
2630 1677.08890358
2630 1677.08890358
2630 1677.08890358
2630 1677.08890358
2630 0
2630 0
2630 0
2630 0
2630 0
2630 0
2630 24.2471014225
2630 24.2471014225
2630 24.2471014225
2630 0
2630 1238.239119875
2630 0
2630 0
2630 1440.06427947975
2630 1440.06427947975
2630 1440.06427947975
2630 0
2630 19.13849776025
2630 19.13849776025
2630 0
2630 0
3856 0
3856 41.134448533
3856 41.134448533
3856 41.134448533
3856 41.134448533
3856 0
3856 6.46688269975
3856 0
3856 0
3856 0
3856 0
3856 1677.08890358
3856 1677.08890358
3856 1677.08890358
3856 1677.08890358
3856 1677.08890358
3856 0
3856 0
3856 0
3856 0
3856 0
3856 0
3856 24.2471014225
3856 24.2471014225
3856 24.2471014225
3856 0
3856 1238.239119875
3856 0
3856 0
3856 1440.06427947975
3856 1440.06427947975
3856 1440.06427947975
3856 0
3856 19.13849776025
3856 19.13849776025
3856 0
3856 0
3803 0
3803 41.134448533
3803 41.134448533
3803 41.134448533
3803 41.134448533
3803 0
3803 6.46688269975
3803 0
3803 0
3803 0
3803 0
3803 1677.08890358
3803 1677.08890358
3803 1677.08890358
3803 1677.08890358
3803 1677.08890358
3803 0
3803 0
3803 0
3803 0
3803 0
3803 0
3803 24.2471014225
3803 24.2471014225
3803 24.2471014225
3803 0
3803 1238.239119875
3803 0
3803 0
3803 1440.06427947975
3803 1440.06427947975
3803 1440.06427947975
3803 0
3803 19.13849776025
3803 19.13849776025
3803 0
3803 0
3913 0
3913 41.134448533
3913 41.134448533
3913 41.134448533
3913 41.134448533
3913 0
3913 6.46688269975
3913 0
3913 0
3913 0
3913 0
3913 1677.08890358
3913 1677.08890358
3913 1677.08890358
3913 1677.08890358
3913 1677.08890358
3913 0
3913 0
3913 0
3913 0
3913 0
3913 0
3913 24.2471014225
3913 24.2471014225
3913 24.2471014225
3913 0
3913 1238.239119875
3913 0
3913 0
3913 1440.06427947975
3913 1440.06427947975
3913 1440.06427947975
3913 0
3913 19.13849776025
3913 19.13849776025
3913 0
3913 0
3745 0
3745 41.134448533
3745 41.134448533
3745 41.134448533
3745 41.134448533
3745 0
3745 6.46688269975
3745 0
3745 0
3745 0
3745 0
3745 1677.08890358
3745 1677.08890358
3745 1677.08890358
3745 1677.08890358
3745 1677.08890358
3745 0
3745 0
3745 0
3745 0
3745 0
3745 0
3745 24.2471014225
3745 24.2471014225
3745 24.2471014225
3745 0
3745 1238.239119875
3745 0
3745 0
3745 1440.06427947975
3745 1440.06427947975
3745 1440.06427947975
3745 0
3745 19.13849776025
3745 19.13849776025
3745 0
3745 0
4409 0
4409 41.134448533
4409 41.134448533
4409 41.134448533
4409 41.134448533
4409 0
4409 6.46688269975
4409 0
4409 0
4409 0
4409 0
4409 1677.08890358
4409 1677.08890358
4409 1677.08890358
4409 1677.08890358
4409 1677.08890358
4409 0
4409 0
4409 0
4409 0
4409 0
4409 0
4409 24.2471014225
4409 24.2471014225
4409 24.2471014225
4409 0
4409 1238.239119875
4409 0
4409 0
4409 1440.06427947975
4409 1440.06427947975
4409 1440.06427947975
4409 0
4409 19.13849776025
4409 19.13849776025
4409 0
4409 0
4327 0
4327 41.134448533
4327 41.134448533
4327 41.134448533
4327 41.134448533
4327 0
4327 6.46688269975
4327 0
4327 0
4327 0
4327 0
4327 1677.08890358
4327 1677.08890358
4327 1677.08890358
4327 1677.08890358
4327 1677.08890358
4327 0
4327 0
4327 0
4327 0
4327 0
4327 0
4327 24.2471014225
4327 24.2471014225
4327 24.2471014225
4327 0
4327 1238.239119875
4327 0
4327 0
4327 1440.06427947975
4327 1440.06427947975
4327 1440.06427947975
4327 0
4327 19.13849776025
4327 19.13849776025
4327 0
4327 0
4410 0
4410 41.134448533
4410 41.134448533
4410 41.134448533
4410 41.134448533
4410 0
4410 6.46688269975
4410 0
4410 0
4410 0
4410 0
4410 1677.08890358
4410 1677.08890358
4410 1677.08890358
4410 1677.08890358
4410 1677.08890358
4410 0
4410 0
4410 0
4410 0
4410 0
4410 0
4410 24.2471014225
4410 24.2471014225
4410 24.2471014225
4410 0
4410 1238.239119875
4410 0
4410 0
4410 1440.06427947975
4410 1440.06427947975
4410 1440.06427947975
4410 0
4410 19.13849776025
4410 19.13849776025
4410 0
4410 0
3916 0
3916 41.134448533
3916 41.134448533
3916 41.134448533
3916 41.134448533
3916 0
3916 6.46688269975
3916 0
3916 0
3916 0
3916 0
3916 1677.08890358
3916 1677.08890358
3916 1677.08890358
3916 1677.08890358
3916 1677.08890358
3916 0
3916 0
3916 0
3916 0
3916 0
3916 0
3916 24.2471014225
3916 24.2471014225
3916 24.2471014225
3916 0
3916 1238.239119875
3916 0
3916 0
3916 1440.06427947975
3916 1440.06427947975
3916 1440.06427947975
3916 0
3916 19.13849776025
3916 19.13849776025
3916 0
3916 0
3970 0
3970 41.134448533
3970 41.134448533
3970 41.134448533
3970 41.134448533
3970 0
3970 6.46688269975
3970 0
3970 0
3970 0
3970 0
3970 1677.08890358
3970 1677.08890358
3970 1677.08890358
3970 1677.08890358
3970 1677.08890358
3970 0
3970 0
3970 0
3970 0
3970 0
3970 0
3970 24.2471014225
3970 24.2471014225
3970 24.2471014225
3970 0
3970 1238.239119875
3970 0
3970 0
3970 1440.06427947975
3970 1440.06427947975
3970 1440.06427947975
3970 0
3970 19.13849776025
3970 19.13849776025
3970 0
3970 0
4206 0
4206 41.134448533
4206 41.134448533
4206 41.134448533
4206 41.134448533
4206 0
4206 6.46688269975
4206 0
4206 0
4206 0
4206 0
4206 1677.08890358
4206 1677.08890358
4206 1677.08890358
4206 1677.08890358
4206 1677.08890358
4206 0
4206 0
4206 0
4206 0
4206 0
4206 0
4206 24.2471014225
4206 24.2471014225
4206 24.2471014225
4206 0
4206 1238.239119875
4206 0
4206 0
4206 1440.06427947975
4206 1440.06427947975
4206 1440.06427947975
4206 0
4206 19.13849776025
4206 19.13849776025
4206 0
4206 0
4371 0
4371 41.134448533
4371 41.134448533
4371 41.134448533
4371 41.134448533
4371 0
4371 6.46688269975
4371 0
4371 0
4371 0
4371 0
4371 1677.08890358
4371 1677.08890358
4371 1677.08890358
4371 1677.08890358
4371 1677.08890358
4371 0
4371 0
4371 0
4371 0
4371 0
4371 0
4371 24.2471014225
4371 24.2471014225
4371 24.2471014225
4371 0
4371 1238.239119875
4371 0
4371 0
4371 1440.06427947975
4371 1440.06427947975
4371 1440.06427947975
4371 0
4371 19.13849776025
4371 19.13849776025
4371 0
4371 0
4288 0
4288 41.134448533
4288 41.134448533
4288 41.134448533
4288 41.134448533
4288 0
4288 6.46688269975
4288 0
4288 0
4288 0
4288 0
4288 1677.08890358
4288 1677.08890358
4288 1677.08890358
4288 1677.08890358
4288 1677.08890358
4288 0
4288 0
4288 0
4288 0
4288 0
4288 0
4288 24.2471014225
4288 24.2471014225
4288 24.2471014225
4288 0
4288 1238.239119875
4288 0
4288 0
4288 1440.06427947975
4288 1440.06427947975
4288 1440.06427947975
4288 0
4288 19.13849776025
4288 19.13849776025
4288 0
4288 0
4329 0
4329 41.134448533
4329 41.134448533
4329 41.134448533
4329 41.134448533
4329 0
4329 6.46688269975
4329 0
4329 0
4329 0
4329 0
4329 1677.08890358
4329 1677.08890358
4329 1677.08890358
4329 1677.08890358
4329 1677.08890358
4329 0
4329 0
4329 0
4329 0
4329 0
4329 0
4329 24.2471014225
4329 24.2471014225
4329 24.2471014225
4329 0
4329 1238.239119875
4329 0
4329 0
4329 1440.06427947975
4329 1440.06427947975
4329 1440.06427947975
4329 0
4329 19.13849776025
4329 19.13849776025
4329 0
4329 0
4412 0
4412 41.134448533
4412 41.134448533
4412 41.134448533
4412 41.134448533
4412 0
4412 6.46688269975
4412 0
4412 0
4412 0
4412 0
4412 1677.08890358
4412 1677.08890358
4412 1677.08890358
4412 1677.08890358
4412 1677.08890358
4412 0
4412 0
4412 0
4412 0
4412 0
4412 0
4412 24.2471014225
4412 24.2471014225
4412 24.2471014225
4412 0
4412 1238.239119875
4412 0
4412 0
4412 1440.06427947975
4412 1440.06427947975
4412 1440.06427947975
4412 0
4412 19.13849776025
4412 19.13849776025
4412 0
4412 0
3918 0
3918 41.134448533
3918 41.134448533
3918 41.134448533
3918 41.134448533
3918 0
3918 6.46688269975
3918 0
3918 0
3918 0
3918 0
3918 1677.08890358
3918 1677.08890358
3918 1677.08890358
3918 1677.08890358
3918 1677.08890358
3918 0
3918 0
3918 0
3918 0
3918 0
3918 0
3918 24.2471014225
3918 24.2471014225
3918 24.2471014225
3918 0
3918 1238.239119875
3918 0
3918 0
3918 1440.06427947975
3918 1440.06427947975
3918 1440.06427947975
3918 0
3918 19.13849776025
3918 19.13849776025
3918 0
3918 0
4032 0
4032 41.134448533
4032 41.134448533
4032 41.134448533
4032 41.134448533
4032 0
4032 6.46688269975
4032 0
4032 0
4032 0
4032 0
4032 1677.08890358
4032 1677.08890358
4032 1677.08890358
4032 1677.08890358
4032 1677.08890358
4032 0
4032 0
4032 0
4032 0
4032 0
4032 0
4032 24.2471014225
4032 24.2471014225
4032 24.2471014225
4032 0
4032 1238.239119875
4032 0
4032 0
4032 1440.06427947975
4032 1440.06427947975
4032 1440.06427947975
4032 0
4032 19.13849776025
4032 19.13849776025
4032 0
4032 0
4083 0
4083 41.134448533
4083 41.134448533
4083 41.134448533
4083 41.134448533
4083 0
4083 6.46688269975
4083 0
4083 0
4083 0
4083 0
4083 1677.08890358
4083 1677.08890358
4083 1677.08890358
4083 1677.08890358
4083 1677.08890358
4083 0
4083 0
4083 0
4083 0
4083 0
4083 0
4083 24.2471014225
4083 24.2471014225
4083 24.2471014225
4083 0
4083 1238.239119875
4083 0
4083 0
4083 1440.06427947975
4083 1440.06427947975
4083 1440.06427947975
4083 0
4083 19.13849776025
4083 19.13849776025
4083 0
4083 0
4208 0
4208 41.134448533
4208 41.134448533
4208 41.134448533
4208 41.134448533
4208 0
4208 6.46688269975
4208 0
4208 0
4208 0
4208 0
4208 1677.08890358
4208 1677.08890358
4208 1677.08890358
4208 1677.08890358
4208 1677.08890358
4208 0
4208 0
4208 0
4208 0
4208 0
4208 0
4208 24.2471014225
4208 24.2471014225
4208 24.2471014225
4208 0
4208 1238.239119875
4208 0
4208 0
4208 1440.06427947975
4208 1440.06427947975
4208 1440.06427947975
4208 0
4208 19.13849776025
4208 19.13849776025
4208 0
4208 0
4330 0
4330 41.134448533
4330 41.134448533
4330 41.134448533
4330 41.134448533
4330 0
4330 6.46688269975
4330 0
4330 0
4330 0
4330 0
4330 1677.08890358
4330 1677.08890358
4330 1677.08890358
4330 1677.08890358
4330 1677.08890358
4330 0
4330 0
4330 0
4330 0
4330 0
4330 0
4330 24.2471014225
4330 24.2471014225
4330 24.2471014225
4330 0
4330 1238.239119875
4330 0
4330 0
4330 1440.06427947975
4330 1440.06427947975
4330 1440.06427947975
4330 0
4330 19.13849776025
4330 19.13849776025
4330 0
4330 0
4373 0
4373 41.134448533
4373 41.134448533
4373 41.134448533
4373 41.134448533
4373 0
4373 6.46688269975
4373 0
4373 0
4373 0
4373 0
4373 1677.08890358
4373 1677.08890358
4373 1677.08890358
4373 1677.08890358
4373 1677.08890358
4373 0
4373 0
4373 0
4373 0
4373 0
4373 0
4373 24.2471014225
4373 24.2471014225
4373 24.2471014225
4373 0
4373 1238.239119875
4373 0
4373 0
4373 1440.06427947975
4373 1440.06427947975
4373 1440.06427947975
4373 0
4373 19.13849776025
4373 19.13849776025
4373 0
4373 0
4413 0
4413 41.134448533
4413 41.134448533
4413 41.134448533
4413 41.134448533
4413 0
4413 6.46688269975
4413 0
4413 0
4413 0
4413 0
4413 1677.08890358
4413 1677.08890358
4413 1677.08890358
4413 1677.08890358
4413 1677.08890358
4413 0
4413 0
4413 0
4413 0
4413 0
4413 0
4413 24.2471014225
4413 24.2471014225
4413 24.2471014225
4413 0
4413 1238.239119875
4413 0
4413 0
4413 1440.06427947975
4413 1440.06427947975
4413 1440.06427947975
4413 0
4413 19.13849776025
4413 19.13849776025
4413 0
4413 0
3919 0
3919 41.134448533
3919 41.134448533
3919 41.134448533
3919 41.134448533
3919 0
3919 6.46688269975
3919 0
3919 0
3919 0
3919 0
3919 1677.08890358
3919 1677.08890358
3919 1677.08890358
3919 1677.08890358
3919 1677.08890358
3919 0
3919 0
3919 0
3919 0
3919 0
3919 0
3919 24.2471014225
3919 24.2471014225
3919 24.2471014225
3919 0
3919 1238.239119875
3919 0
3919 0
3919 1440.06427947975
3919 1440.06427947975
3919 1440.06427947975
3919 0
3919 19.13849776025
3919 19.13849776025
3919 0
3919 0
4084 0
4084 41.134448533
4084 41.134448533
4084 41.134448533
4084 41.134448533
4084 0
4084 6.46688269975
4084 0
4084 0
4084 0
4084 0
4084 1677.08890358
4084 1677.08890358
4084 1677.08890358
4084 1677.08890358
4084 1677.08890358
4084 0
4084 0
4084 0
4084 0
4084 0
4084 0
4084 24.2471014225
4084 24.2471014225
4084 24.2471014225
4084 0
4084 1238.239119875
4084 0
4084 0
4084 1440.06427947975
4084 1440.06427947975
4084 1440.06427947975
4084 0
4084 19.13849776025
4084 19.13849776025
4084 0
4084 0
4209 0
4209 41.134448533
4209 41.134448533
4209 41.134448533
4209 41.134448533
4209 0
4209 6.46688269975
4209 0
4209 0
4209 0
4209 0
4209 1677.08890358
4209 1677.08890358
4209 1677.08890358
4209 1677.08890358
4209 1677.08890358
4209 0
4209 0
4209 0
4209 0
4209 0
4209 0
4209 24.2471014225
4209 24.2471014225
4209 24.2471014225
4209 0
4209 1238.239119875
4209 0
4209 0
4209 1440.06427947975
4209 1440.06427947975
4209 1440.06427947975
4209 0
4209 19.13849776025
4209 19.13849776025
4209 0
4209 0
4247 0
4247 41.134448533
4247 41.134448533
4247 41.134448533
4247 41.134448533
4247 0
4247 6.46688269975
4247 0
4247 0
4247 0
4247 0
4247 1677.08890358
4247 1677.08890358
4247 1677.08890358
4247 1677.08890358
4247 1677.08890358
4247 0
4247 0
4247 0
4247 0
4247 0
4247 0
4247 24.2471014225
4247 24.2471014225
4247 24.2471014225
4247 0
4247 1238.239119875
4247 0
4247 0
4247 1440.06427947975
4247 1440.06427947975
4247 1440.06427947975
4247 0
4247 19.13849776025
4247 19.13849776025
4247 0
4247 0
4374 0
4374 41.134448533
4374 41.134448533
4374 41.134448533
4374 41.134448533
4374 0
4374 6.46688269975
4374 0
4374 0
4374 0
4374 0
4374 1677.08890358
4374 1677.08890358
4374 1677.08890358
4374 1677.08890358
4374 1677.08890358
4374 0
4374 0
4374 0
4374 0
4374 0
4374 0
4374 24.2471014225
4374 24.2471014225
4374 24.2471014225
4374 0
4374 1238.239119875
4374 0
4374 0
4374 1440.06427947975
4374 1440.06427947975
4374 1440.06427947975
4374 0
4374 19.13849776025
4374 19.13849776025
4374 0
4374 0
3974 0
3974 41.134448533
3974 41.134448533
3974 41.134448533
3974 41.134448533
3974 0
3974 6.46688269975
3974 0
3974 0
3974 0
3974 0
3974 1677.08890358
3974 1677.08890358
3974 1677.08890358
3974 1677.08890358
3974 1677.08890358
3974 0
3974 0
3974 0
3974 0
3974 0
3974 0
3974 24.2471014225
3974 24.2471014225
3974 24.2471014225
3974 0
3974 1238.239119875
3974 0
3974 0
3974 1440.06427947975
3974 1440.06427947975
3974 1440.06427947975
3974 0
3974 19.13849776025
3974 19.13849776025
3974 0
3974 0
4210 0
4210 41.134448533
4210 41.134448533
4210 41.134448533
4210 41.134448533
4210 0
4210 6.46688269975
4210 0
4210 0
4210 0
4210 0
4210 1677.08890358
4210 1677.08890358
4210 1677.08890358
4210 1677.08890358
4210 1677.08890358
4210 0
4210 0
4210 0
4210 0
4210 0
4210 0
4210 24.2471014225
4210 24.2471014225
4210 24.2471014225
4210 0
4210 1238.239119875
4210 0
4210 0
4210 1440.06427947975
4210 1440.06427947975
4210 1440.06427947975
4210 0
4210 19.13849776025
4210 19.13849776025
4210 0
4210 0
4248 0
4248 41.134448533
4248 41.134448533
4248 41.134448533
4248 41.134448533
4248 0
4248 6.46688269975
4248 0
4248 0
4248 0
4248 0
4248 1677.08890358
4248 1677.08890358
4248 1677.08890358
4248 1677.08890358
4248 1677.08890358
4248 0
4248 0
4248 0
4248 0
4248 0
4248 0
4248 24.2471014225
4248 24.2471014225
4248 24.2471014225
4248 0
4248 1238.239119875
4248 0
4248 0
4248 1440.06427947975
4248 1440.06427947975
4248 1440.06427947975
4248 0
4248 19.13849776025
4248 19.13849776025
4248 0
4248 0
4291 0
4291 41.134448533
4291 41.134448533
4291 41.134448533
4291 41.134448533
4291 0
4291 6.46688269975
4291 0
4291 0
4291 0
4291 0
4291 1677.08890358
4291 1677.08890358
4291 1677.08890358
4291 1677.08890358
4291 1677.08890358
4291 0
4291 0
4291 0
4291 0
4291 0
4291 0
4291 24.2471014225
4291 24.2471014225
4291 24.2471014225
4291 0
4291 1238.239119875
4291 0
4291 0
4291 1440.06427947975
4291 1440.06427947975
4291 1440.06427947975
4291 0
4291 19.13849776025
4291 19.13849776025
4291 0
4291 0
4332 0
4332 41.134448533
4332 41.134448533
4332 41.134448533
4332 41.134448533
4332 0
4332 6.46688269975
4332 0
4332 0
4332 0
4332 0
4332 1677.08890358
4332 1677.08890358
4332 1677.08890358
4332 1677.08890358
4332 1677.08890358
4332 0
4332 0
4332 0
4332 0
4332 0
4332 0
4332 24.2471014225
4332 24.2471014225
4332 24.2471014225
4332 0
4332 1238.239119875
4332 0
4332 0
4332 1440.06427947975
4332 1440.06427947975
4332 1440.06427947975
4332 0
4332 19.13849776025
4332 19.13849776025
4332 0
4332 0
4375 0
4375 41.134448533
4375 41.134448533
4375 41.134448533
4375 41.134448533
4375 0
4375 6.46688269975
4375 0
4375 0
4375 0
4375 0
4375 1677.08890358
4375 1677.08890358
4375 1677.08890358
4375 1677.08890358
4375 1677.08890358
4375 0
4375 0
4375 0
4375 0
4375 0
4375 0
4375 24.2471014225
4375 24.2471014225
4375 24.2471014225
4375 0
4375 1238.239119875
4375 0
4375 0
4375 1440.06427947975
4375 1440.06427947975
4375 1440.06427947975
4375 0
4375 19.13849776025
4375 19.13849776025
4375 0
4375 0
3921 0
3921 41.134448533
3921 41.134448533
3921 41.134448533
3921 41.134448533
3921 0
3921 6.46688269975
3921 0
3921 0
3921 0
3921 0
3921 1677.08890358
3921 1677.08890358
3921 1677.08890358
3921 1677.08890358
3921 1677.08890358
3921 0
3921 0
3921 0
3921 0
3921 0
3921 0
3921 24.2471014225
3921 24.2471014225
3921 24.2471014225
3921 0
3921 1238.239119875
3921 0
3921 0
3921 1440.06427947975
3921 1440.06427947975
3921 1440.06427947975
3921 0
3921 19.13849776025
3921 19.13849776025
3921 0
3921 0
4292 0
4292 41.134448533
4292 41.134448533
4292 41.134448533
4292 41.134448533
4292 0
4292 6.46688269975
4292 0
4292 0
4292 0
4292 0
4292 1677.08890358
4292 1677.08890358
4292 1677.08890358
4292 1677.08890358
4292 1677.08890358
4292 0
4292 0
4292 0
4292 0
4292 0
4292 0
4292 24.2471014225
4292 24.2471014225
4292 24.2471014225
4292 0
4292 1238.239119875
4292 0
4292 0
4292 1440.06427947975
4292 1440.06427947975
4292 1440.06427947975
4292 0
4292 19.13849776025
4292 19.13849776025
4292 0
4292 0
4333 0
4333 41.134448533
4333 41.134448533
4333 41.134448533
4333 41.134448533
4333 0
4333 6.46688269975
4333 0
4333 0
4333 0
4333 0
4333 1677.08890358
4333 1677.08890358
4333 1677.08890358
4333 1677.08890358
4333 1677.08890358
4333 0
4333 0
4333 0
4333 0
4333 0
4333 0
4333 24.2471014225
4333 24.2471014225
4333 24.2471014225
4333 0
4333 1238.239119875
4333 0
4333 0
4333 1440.06427947975
4333 1440.06427947975
4333 1440.06427947975
4333 0
4333 19.13849776025
4333 19.13849776025
4333 0
4333 0
4376 0
4376 41.134448533
4376 41.134448533
4376 41.134448533
4376 41.134448533
4376 0
4376 6.46688269975
4376 0
4376 0
4376 0
4376 0
4376 1677.08890358
4376 1677.08890358
4376 1677.08890358
4376 1677.08890358
4376 1677.08890358
4376 0
4376 0
4376 0
4376 0
4376 0
4376 0
4376 24.2471014225
4376 24.2471014225
4376 24.2471014225
4376 0
4376 1238.239119875
4376 0
4376 0
4376 1440.06427947975
4376 1440.06427947975
4376 1440.06427947975
4376 0
4376 19.13849776025
4376 19.13849776025
4376 0
4376 0
3866 0
3866 41.134448533
3866 41.134448533
3866 41.134448533
3866 41.134448533
3866 0
3866 6.46688269975
3866 0
3866 0
3866 0
3866 0
3866 1677.08890358
3866 1677.08890358
3866 1677.08890358
3866 1677.08890358
3866 1677.08890358
3866 0
3866 0
3866 0
3866 0
3866 0
3866 0
3866 24.2471014225
3866 24.2471014225
3866 24.2471014225
3866 0
3866 1238.239119875
3866 0
3866 0
3866 1440.06427947975
3866 1440.06427947975
3866 1440.06427947975
3866 0
3866 19.13849776025
3866 19.13849776025
3866 0
3866 0
3922 0
3922 41.134448533
3922 41.134448533
3922 41.134448533
3922 41.134448533
3922 0
3922 6.46688269975
3922 0
3922 0
3922 0
3922 0
3922 1677.08890358
3922 1677.08890358
3922 1677.08890358
3922 1677.08890358
3922 1677.08890358
3922 0
3922 0
3922 0
3922 0
3922 0
3922 0
3922 24.2471014225
3922 24.2471014225
3922 24.2471014225
3922 0
3922 1238.239119875
3922 0
3922 0
3922 1440.06427947975
3922 1440.06427947975
3922 1440.06427947975
3922 0
3922 19.13849776025
3922 19.13849776025
3922 0
3922 0
4212 0
4212 41.134448533
4212 41.134448533
4212 41.134448533
4212 41.134448533
4212 0
4212 6.46688269975
4212 0
4212 0
4212 0
4212 0
4212 1677.08890358
4212 1677.08890358
4212 1677.08890358
4212 1677.08890358
4212 1677.08890358
4212 0
4212 0
4212 0
4212 0
4212 0
4212 0
4212 24.2471014225
4212 24.2471014225
4212 24.2471014225
4212 0
4212 1238.239119875
4212 0
4212 0
4212 1440.06427947975
4212 1440.06427947975
4212 1440.06427947975
4212 0
4212 19.13849776025
4212 19.13849776025
4212 0
4212 0
4250 0
4250 41.134448533
4250 41.134448533
4250 41.134448533
4250 41.134448533
4250 0
4250 6.46688269975
4250 0
4250 0
4250 0
4250 0
4250 1677.08890358
4250 1677.08890358
4250 1677.08890358
4250 1677.08890358
4250 1677.08890358
4250 0
4250 0
4250 0
4250 0
4250 0
4250 0
4250 24.2471014225
4250 24.2471014225
4250 24.2471014225
4250 0
4250 1238.239119875
4250 0
4250 0
4250 1440.06427947975
4250 1440.06427947975
4250 1440.06427947975
4250 0
4250 19.13849776025
4250 19.13849776025
4250 0
4250 0
3867 0
3867 41.134448533
3867 41.134448533
3867 41.134448533
3867 41.134448533
3867 0
3867 6.46688269975
3867 0
3867 0
3867 0
3867 0
3867 1677.08890358
3867 1677.08890358
3867 1677.08890358
3867 1677.08890358
3867 1677.08890358
3867 0
3867 0
3867 0
3867 0
3867 0
3867 0
3867 24.2471014225
3867 24.2471014225
3867 24.2471014225
3867 0
3867 1238.239119875
3867 0
3867 0
3867 1440.06427947975
3867 1440.06427947975
3867 1440.06427947975
3867 0
3867 19.13849776025
3867 19.13849776025
3867 0
3867 0
3923 0
3923 41.134448533
3923 41.134448533
3923 41.134448533
3923 41.134448533
3923 0
3923 6.46688269975
3923 0
3923 0
3923 0
3923 0
3923 1677.08890358
3923 1677.08890358
3923 1677.08890358
3923 1677.08890358
3923 1677.08890358
3923 0
3923 0
3923 0
3923 0
3923 0
3923 0
3923 24.2471014225
3923 24.2471014225
3923 24.2471014225
3923 0
3923 1238.239119875
3923 0
3923 0
3923 1440.06427947975
3923 1440.06427947975
3923 1440.06427947975
3923 0
3923 19.13849776025
3923 19.13849776025
3923 0
3923 0
3977 0
3977 41.134448533
3977 41.134448533
3977 41.134448533
3977 41.134448533
3977 0
3977 6.46688269975
3977 0
3977 0
3977 0
3977 0
3977 1677.08890358
3977 1677.08890358
3977 1677.08890358
3977 1677.08890358
3977 1677.08890358
3977 0
3977 0
3977 0
3977 0
3977 0
3977 0
3977 24.2471014225
3977 24.2471014225
3977 24.2471014225
3977 0
3977 1238.239119875
3977 0
3977 0
3977 1440.06427947975
3977 1440.06427947975
3977 1440.06427947975
3977 0
3977 19.13849776025
3977 19.13849776025
3977 0
3977 0
4037 0
4037 41.134448533
4037 41.134448533
4037 41.134448533
4037 41.134448533
4037 0
4037 6.46688269975
4037 0
4037 0
4037 0
4037 0
4037 1677.08890358
4037 1677.08890358
4037 1677.08890358
4037 1677.08890358
4037 1677.08890358
4037 0
4037 0
4037 0
4037 0
4037 0
4037 0
4037 24.2471014225
4037 24.2471014225
4037 24.2471014225
4037 0
4037 1238.239119875
4037 0
4037 0
4037 1440.06427947975
4037 1440.06427947975
4037 1440.06427947975
4037 0
4037 19.13849776025
4037 19.13849776025
4037 0
4037 0
4213 0
4213 41.134448533
4213 41.134448533
4213 41.134448533
4213 41.134448533
4213 0
4213 6.46688269975
4213 0
4213 0
4213 0
4213 0
4213 1677.08890358
4213 1677.08890358
4213 1677.08890358
4213 1677.08890358
4213 1677.08890358
4213 0
4213 0
4213 0
4213 0
4213 0
4213 0
4213 24.2471014225
4213 24.2471014225
4213 24.2471014225
4213 0
4213 1238.239119875
4213 0
4213 0
4213 1440.06427947975
4213 1440.06427947975
4213 1440.06427947975
4213 0
4213 19.13849776025
4213 19.13849776025
4213 0
4213 0
4251 0
4251 41.134448533
4251 41.134448533
4251 41.134448533
4251 41.134448533
4251 0
4251 6.46688269975
4251 0
4251 0
4251 0
4251 0
4251 1677.08890358
4251 1677.08890358
4251 1677.08890358
4251 1677.08890358
4251 1677.08890358
4251 0
4251 0
4251 0
4251 0
4251 0
4251 0
4251 24.2471014225
4251 24.2471014225
4251 24.2471014225
4251 0
4251 1238.239119875
4251 0
4251 0
4251 1440.06427947975
4251 1440.06427947975
4251 1440.06427947975
4251 0
4251 19.13849776025
4251 19.13849776025
4251 0
4251 0
4294 0
4294 41.134448533
4294 41.134448533
4294 41.134448533
4294 41.134448533
4294 0
4294 6.46688269975
4294 0
4294 0
4294 0
4294 0
4294 1677.08890358
4294 1677.08890358
4294 1677.08890358
4294 1677.08890358
4294 1677.08890358
4294 0
4294 0
4294 0
4294 0
4294 0
4294 0
4294 24.2471014225
4294 24.2471014225
4294 24.2471014225
4294 0
4294 1238.239119875
4294 0
4294 0
4294 1440.06427947975
4294 1440.06427947975
4294 1440.06427947975
4294 0
4294 19.13849776025
4294 19.13849776025
4294 0
4294 0
4335 0
4335 41.134448533
4335 41.134448533
4335 41.134448533
4335 41.134448533
4335 0
4335 6.46688269975
4335 0
4335 0
4335 0
4335 0
4335 1677.08890358
4335 1677.08890358
4335 1677.08890358
4335 1677.08890358
4335 1677.08890358
4335 0
4335 0
4335 0
4335 0
4335 0
4335 0
4335 24.2471014225
4335 24.2471014225
4335 24.2471014225
4335 0
4335 1238.239119875
4335 0
4335 0
4335 1440.06427947975
4335 1440.06427947975
4335 1440.06427947975
4335 0
4335 19.13849776025
4335 19.13849776025
4335 0
4335 0
36122 0
36122 41.134448533
36122 41.134448533
36122 41.134448533
36122 41.134448533
36122 0
36122 6.46688269975
36122 0
36122 0
36122 0
36122 0
36122 1677.08890358
36122 1677.08890358
36122 1677.08890358
36122 1677.08890358
36122 1677.08890358
36122 0
36122 0
36122 0
36122 0
36122 0
36122 0
36122 24.2471014225
36122 24.2471014225
36122 24.2471014225
36122 0
36122 1238.239119875
36122 0
36122 0
36122 1440.06427947975
36122 1440.06427947975
36122 1440.06427947975
36122 0
36122 19.13849776025
36122 19.13849776025
36122 0
36122 0
36309 0
36309 41.134448533
36309 41.134448533
36309 41.134448533
36309 41.134448533
36309 0
36309 6.46688269975
36309 0
36309 0
36309 0
36309 0
36309 1677.08890358
36309 1677.08890358
36309 1677.08890358
36309 1677.08890358
36309 1677.08890358
36309 0
36309 0
36309 0
36309 0
36309 0
36309 0
36309 24.2471014225
36309 24.2471014225
36309 24.2471014225
36309 0
36309 1238.239119875
36309 0
36309 0
36309 1440.06427947975
36309 1440.06427947975
36309 1440.06427947975
36309 0
36309 19.13849776025
36309 19.13849776025
36309 0
36309 0
36425 0
36425 41.134448533
36425 41.134448533
36425 41.134448533
36425 41.134448533
36425 0
36425 6.46688269975
36425 0
36425 0
36425 0
36425 0
36425 1677.08890358
36425 1677.08890358
36425 1677.08890358
36425 1677.08890358
36425 1677.08890358
36425 0
36425 0
36425 0
36425 0
36425 0
36425 0
36425 24.2471014225
36425 24.2471014225
36425 24.2471014225
36425 0
36425 1238.239119875
36425 0
36425 0
36425 1440.06427947975
36425 1440.06427947975
36425 1440.06427947975
36425 0
36425 19.13849776025
36425 19.13849776025
36425 0
36425 0
3978 0
3978 41.134448533
3978 41.134448533
3978 41.134448533
3978 41.134448533
3978 0
3978 6.46688269975
3978 0
3978 0
3978 0
3978 0
3978 1677.08890358
3978 1677.08890358
3978 1677.08890358
3978 1677.08890358
3978 1677.08890358
3978 0
3978 0
3978 0
3978 0
3978 0
3978 0
3978 24.2471014225
3978 24.2471014225
3978 24.2471014225
3978 0
3978 1238.239119875
3978 0
3978 0
3978 1440.06427947975
3978 1440.06427947975
3978 1440.06427947975
3978 0
3978 19.13849776025
3978 19.13849776025
3978 0
3978 0
4038 0
4038 41.134448533
4038 41.134448533
4038 41.134448533
4038 41.134448533
4038 0
4038 6.46688269975
4038 0
4038 0
4038 0
4038 0
4038 1677.08890358
4038 1677.08890358
4038 1677.08890358
4038 1677.08890358
4038 1677.08890358
4038 0
4038 0
4038 0
4038 0
4038 0
4038 0
4038 24.2471014225
4038 24.2471014225
4038 24.2471014225
4038 0
4038 1238.239119875
4038 0
4038 0
4038 1440.06427947975
4038 1440.06427947975
4038 1440.06427947975
4038 0
4038 19.13849776025
4038 19.13849776025
4038 0
4038 0
4177 0
4177 41.134448533
4177 41.134448533
4177 41.134448533
4177 41.134448533
4177 0
4177 6.46688269975
4177 0
4177 0
4177 0
4177 0
4177 1677.08890358
4177 1677.08890358
4177 1677.08890358
4177 1677.08890358
4177 1677.08890358
4177 0
4177 0
4177 0
4177 0
4177 0
4177 0
4177 24.2471014225
4177 24.2471014225
4177 24.2471014225
4177 0
4177 1238.239119875
4177 0
4177 0
4177 1440.06427947975
4177 1440.06427947975
4177 1440.06427947975
4177 0
4177 19.13849776025
4177 19.13849776025
4177 0
4177 0
4252 0
4252 41.134448533
4252 41.134448533
4252 41.134448533
4252 41.134448533
4252 0
4252 6.46688269975
4252 0
4252 0
4252 0
4252 0
4252 1677.08890358
4252 1677.08890358
4252 1677.08890358
4252 1677.08890358
4252 1677.08890358
4252 0
4252 0
4252 0
4252 0
4252 0
4252 0
4252 24.2471014225
4252 24.2471014225
4252 24.2471014225
4252 0
4252 1238.239119875
4252 0
4252 0
4252 1440.06427947975
4252 1440.06427947975
4252 1440.06427947975
4252 0
4252 19.13849776025
4252 19.13849776025
4252 0
4252 0
4295 0
4295 41.134448533
4295 41.134448533
4295 41.134448533
4295 41.134448533
4295 0
4295 6.46688269975
4295 0
4295 0
4295 0
4295 0
4295 1677.08890358
4295 1677.08890358
4295 1677.08890358
4295 1677.08890358
4295 1677.08890358
4295 0
4295 0
4295 0
4295 0
4295 0
4295 0
4295 24.2471014225
4295 24.2471014225
4295 24.2471014225
4295 0
4295 1238.239119875
4295 0
4295 0
4295 1440.06427947975
4295 1440.06427947975
4295 1440.06427947975
4295 0
4295 19.13849776025
4295 19.13849776025
4295 0
4295 0
3633 0
3633 41.134448533
3633 41.134448533
3633 41.134448533
3633 41.134448533
3633 0
3633 6.46688269975
3633 0
3633 0
3633 0
3633 0
3633 1677.08890358
3633 1677.08890358
3633 1677.08890358
3633 1677.08890358
3633 1677.08890358
3633 0
3633 0
3633 0
3633 0
3633 0
3633 0
3633 24.2471014225
3633 24.2471014225
3633 24.2471014225
3633 0
3633 1238.239119875
3633 0
3633 0
3633 1440.06427947975
3633 1440.06427947975
3633 1440.06427947975
3633 0
3633 19.13849776025
3633 19.13849776025
3633 0
3633 0
4090 0
4090 41.134448533
4090 41.134448533
4090 41.134448533
4090 41.134448533
4090 0
4090 6.46688269975
4090 0
4090 0
4090 0
4090 0
4090 1677.08890358
4090 1677.08890358
4090 1677.08890358
4090 1677.08890358
4090 1677.08890358
4090 0
4090 0
4090 0
4090 0
4090 0
4090 0
4090 24.2471014225
4090 24.2471014225
4090 24.2471014225
4090 0
4090 1238.239119875
4090 0
4090 0
4090 1440.06427947975
4090 1440.06427947975
4090 1440.06427947975
4090 0
4090 19.13849776025
4090 19.13849776025
4090 0
4090 0
4215 0
4215 41.134448533
4215 41.134448533
4215 41.134448533
4215 41.134448533
4215 0
4215 6.46688269975
4215 0
4215 0
4215 0
4215 0
4215 1677.08890358
4215 1677.08890358
4215 1677.08890358
4215 1677.08890358
4215 1677.08890358
4215 0
4215 0
4215 0
4215 0
4215 0
4215 0
4215 24.2471014225
4215 24.2471014225
4215 24.2471014225
4215 0
4215 1238.239119875
4215 0
4215 0
4215 1440.06427947975
4215 1440.06427947975
4215 1440.06427947975
4215 0
4215 19.13849776025
4215 19.13849776025
4215 0
4215 0
3496 0
3496 41.134448533
3496 41.134448533
3496 41.134448533
3496 41.134448533
3496 0
3496 6.46688269975
3496 0
3496 0
3496 0
3496 0
3496 1677.08890358
3496 1677.08890358
3496 1677.08890358
3496 1677.08890358
3496 1677.08890358
3496 0
3496 0
3496 0
3496 0
3496 0
3496 0
3496 24.2471014225
3496 24.2471014225
3496 24.2471014225
3496 0
3496 1238.239119875
3496 0
3496 0
3496 1440.06427947975
3496 1440.06427947975
3496 1440.06427947975
3496 0
3496 19.13849776025
3496 19.13849776025
3496 0
3496 0
3568 0
3568 41.134448533
3568 41.134448533
3568 41.134448533
3568 41.134448533
3568 0
3568 6.46688269975
3568 0
3568 0
3568 0
3568 0
3568 1677.08890358
3568 1677.08890358
3568 1677.08890358
3568 1677.08890358
3568 1677.08890358
3568 0
3568 0
3568 0
3568 0
3568 0
3568 0
3568 24.2471014225
3568 24.2471014225
3568 24.2471014225
3568 0
3568 1238.239119875
3568 0
3568 0
3568 1440.06427947975
3568 1440.06427947975
3568 1440.06427947975
3568 0
3568 19.13849776025
3568 19.13849776025
3568 0
3568 0
3634 0
3634 41.134448533
3634 41.134448533
3634 41.134448533
3634 41.134448533
3634 0
3634 6.46688269975
3634 0
3634 0
3634 0
3634 0
3634 1677.08890358
3634 1677.08890358
3634 1677.08890358
3634 1677.08890358
3634 1677.08890358
3634 0
3634 0
3634 0
3634 0
3634 0
3634 0
3634 24.2471014225
3634 24.2471014225
3634 24.2471014225
3634 0
3634 1238.239119875
3634 0
3634 0
3634 1440.06427947975
3634 1440.06427947975
3634 1440.06427947975
3634 0
3634 19.13849776025
3634 19.13849776025
3634 0
3634 0
3697 0
3697 41.134448533
3697 41.134448533
3697 41.134448533
3697 41.134448533
3697 0
3697 6.46688269975
3697 0
3697 0
3697 0
3697 0
3697 1677.08890358
3697 1677.08890358
3697 1677.08890358
3697 1677.08890358
3697 1677.08890358
3697 0
3697 0
3697 0
3697 0
3697 0
3697 0
3697 24.2471014225
3697 24.2471014225
3697 24.2471014225
3697 0
3697 1238.239119875
3697 0
3697 0
3697 1440.06427947975
3697 1440.06427947975
3697 1440.06427947975
3697 0
3697 19.13849776025
3697 19.13849776025
3697 0
3697 0
4091 0
4091 41.134448533
4091 41.134448533
4091 41.134448533
4091 41.134448533
4091 0
4091 6.46688269975
4091 0
4091 0
4091 0
4091 0
4091 1677.08890358
4091 1677.08890358
4091 1677.08890358
4091 1677.08890358
4091 1677.08890358
4091 0
4091 0
4091 0
4091 0
4091 0
4091 0
4091 24.2471014225
4091 24.2471014225
4091 24.2471014225
4091 0
4091 1238.239119875
4091 0
4091 0
4091 1440.06427947975
4091 1440.06427947975
4091 1440.06427947975
4091 0
4091 19.13849776025
4091 19.13849776025
4091 0
4091 0
4136 0
4136 41.134448533
4136 41.134448533
4136 41.134448533
4136 41.134448533
4136 0
4136 6.46688269975
4136 0
4136 0
4136 0
4136 0
4136 1677.08890358
4136 1677.08890358
4136 1677.08890358
4136 1677.08890358
4136 1677.08890358
4136 0
4136 0
4136 0
4136 0
4136 0
4136 0
4136 24.2471014225
4136 24.2471014225
4136 24.2471014225
4136 0
4136 1238.239119875
4136 0
4136 0
4136 1440.06427947975
4136 1440.06427947975
4136 1440.06427947975
4136 0
4136 19.13849776025
4136 19.13849776025
4136 0
4136 0
4179 0
4179 41.134448533
4179 41.134448533
4179 41.134448533
4179 41.134448533
4179 0
4179 6.46688269975
4179 0
4179 0
4179 0
4179 0
4179 1677.08890358
4179 1677.08890358
4179 1677.08890358
4179 1677.08890358
4179 1677.08890358
4179 0
4179 0
4179 0
4179 0
4179 0
4179 0
4179 24.2471014225
4179 24.2471014225
4179 24.2471014225
4179 0
4179 1238.239119875
4179 0
4179 0
4179 1440.06427947975
4179 1440.06427947975
4179 1440.06427947975
4179 0
4179 19.13849776025
4179 19.13849776025
4179 0
4179 0
3426 0
3426 41.134448533
3426 41.134448533
3426 41.134448533
3426 41.134448533
3426 0
3426 6.46688269975
3426 0
3426 0
3426 0
3426 0
3426 1677.08890358
3426 1677.08890358
3426 1677.08890358
3426 1677.08890358
3426 1677.08890358
3426 0
3426 0
3426 0
3426 0
3426 0
3426 0
3426 24.2471014225
3426 24.2471014225
3426 24.2471014225
3426 0
3426 1238.239119875
3426 0
3426 0
3426 1440.06427947975
3426 1440.06427947975
3426 1440.06427947975
3426 0
3426 19.13849776025
3426 19.13849776025
3426 0
3426 0
3635 0
3635 41.134448533
3635 41.134448533
3635 41.134448533
3635 41.134448533
3635 0
3635 6.46688269975
3635 0
3635 0
3635 0
3635 0
3635 1677.08890358
3635 1677.08890358
3635 1677.08890358
3635 1677.08890358
3635 1677.08890358
3635 0
3635 0
3635 0
3635 0
3635 0
3635 0
3635 24.2471014225
3635 24.2471014225
3635 24.2471014225
3635 0
3635 1238.239119875
3635 0
3635 0
3635 1440.06427947975
3635 1440.06427947975
3635 1440.06427947975
3635 0
3635 19.13849776025
3635 19.13849776025
3635 0
3635 0
3698 0
3698 41.134448533
3698 41.134448533
3698 41.134448533
3698 41.134448533
3698 0
3698 6.46688269975
3698 0
3698 0
3698 0
3698 0
3698 1677.08890358
3698 1677.08890358
3698 1677.08890358
3698 1677.08890358
3698 1677.08890358
3698 0
3698 0
3698 0
3698 0
3698 0
3698 0
3698 24.2471014225
3698 24.2471014225
3698 24.2471014225
3698 0
3698 1238.239119875
3698 0
3698 0
3698 1440.06427947975
3698 1440.06427947975
3698 1440.06427947975
3698 0
3698 19.13849776025
3698 19.13849776025
3698 0
3698 0
3757 0
3757 41.134448533
3757 41.134448533
3757 41.134448533
3757 41.134448533
3757 0
3757 6.46688269975
3757 0
3757 0
3757 0
3757 0
3757 1677.08890358
3757 1677.08890358
3757 1677.08890358
3757 1677.08890358
3757 1677.08890358
3757 0
3757 0
3757 0
3757 0
3757 0
3757 0
3757 24.2471014225
3757 24.2471014225
3757 24.2471014225
3757 0
3757 1238.239119875
3757 0
3757 0
3757 1440.06427947975
3757 1440.06427947975
3757 1440.06427947975
3757 0
3757 19.13849776025
3757 19.13849776025
3757 0
3757 0
3871 0
3871 41.134448533
3871 41.134448533
3871 41.134448533
3871 41.134448533
3871 0
3871 6.46688269975
3871 0
3871 0
3871 0
3871 0
3871 1677.08890358
3871 1677.08890358
3871 1677.08890358
3871 1677.08890358
3871 1677.08890358
3871 0
3871 0
3871 0
3871 0
3871 0
3871 0
3871 24.2471014225
3871 24.2471014225
3871 24.2471014225
3871 0
3871 1238.239119875
3871 0
3871 0
3871 1440.06427947975
3871 1440.06427947975
3871 1440.06427947975
3871 0
3871 19.13849776025
3871 19.13849776025
3871 0
3871 0
3758 0
3758 41.134448533
3758 41.134448533
3758 41.134448533
3758 41.134448533
3758 0
3758 6.46688269975
3758 0
3758 0
3758 0
3758 0
3758 1677.08890358
3758 1677.08890358
3758 1677.08890358
3758 1677.08890358
3758 1677.08890358
3758 0
3758 0
3758 0
3758 0
3758 0
3758 0
3758 24.2471014225
3758 24.2471014225
3758 24.2471014225
3758 0
3758 1238.239119875
3758 0
3758 0
3758 1440.06427947975
3758 1440.06427947975
3758 1440.06427947975
3758 0
3758 19.13849776025
3758 19.13849776025
3758 0
3758 0
3817 0
3817 41.134448533
3817 41.134448533
3817 41.134448533
3817 41.134448533
3817 0
3817 6.46688269975
3817 0
3817 0
3817 0
3817 0
3817 1677.08890358
3817 1677.08890358
3817 1677.08890358
3817 1677.08890358
3817 1677.08890358
3817 0
3817 0
3817 0
3817 0
3817 0
3817 0
3817 24.2471014225
3817 24.2471014225
3817 24.2471014225
3817 0
3817 1238.239119875
3817 0
3817 0
3817 1440.06427947975
3817 1440.06427947975
3817 1440.06427947975
3817 0
3817 19.13849776025
3817 19.13849776025
3817 0
3817 0
3872 0
3872 41.134448533
3872 41.134448533
3872 41.134448533
3872 41.134448533
3872 0
3872 6.46688269975
3872 0
3872 0
3872 0
3872 0
3872 1677.08890358
3872 1677.08890358
3872 1677.08890358
3872 1677.08890358
3872 1677.08890358
3872 0
3872 0
3872 0
3872 0
3872 0
3872 0
3872 24.2471014225
3872 24.2471014225
3872 24.2471014225
3872 0
3872 1238.239119875
3872 0
3872 0
3872 1440.06427947975
3872 1440.06427947975
3872 1440.06427947975
3872 0
3872 19.13849776025
3872 19.13849776025
3872 0
3872 0
3428 0
3428 41.134448533
3428 41.134448533
3428 41.134448533
3428 41.134448533
3428 0
3428 6.46688269975
3428 0
3428 0
3428 0
3428 0
3428 1677.08890358
3428 1677.08890358
3428 1677.08890358
3428 1677.08890358
3428 1677.08890358
3428 0
3428 0
3428 0
3428 0
3428 0
3428 0
3428 24.2471014225
3428 24.2471014225
3428 24.2471014225
3428 0
3428 1238.239119875
3428 0
3428 0
3428 1440.06427947975
3428 1440.06427947975
3428 1440.06427947975
3428 0
3428 19.13849776025
3428 19.13849776025
3428 0
3428 0
3637 0
3637 41.134448533
3637 41.134448533
3637 41.134448533
3637 41.134448533
3637 0
3637 6.46688269975
3637 0
3637 0
3637 0
3637 0
3637 1677.08890358
3637 1677.08890358
3637 1677.08890358
3637 1677.08890358
3637 1677.08890358
3637 0
3637 0
3637 0
3637 0
3637 0
3637 0
3637 24.2471014225
3637 24.2471014225
3637 24.2471014225
3637 0
3637 1238.239119875
3637 0
3637 0
3637 1440.06427947975
3637 1440.06427947975
3637 1440.06427947975
3637 0
3637 19.13849776025
3637 19.13849776025
3637 0
3637 0
3700 0
3700 41.134448533
3700 41.134448533
3700 41.134448533
3700 41.134448533
3700 0
3700 6.46688269975
3700 0
3700 0
3700 0
3700 0
3700 1677.08890358
3700 1677.08890358
3700 1677.08890358
3700 1677.08890358
3700 1677.08890358
3700 0
3700 0
3700 0
3700 0
3700 0
3700 0
3700 24.2471014225
3700 24.2471014225
3700 24.2471014225
3700 0
3700 1238.239119875
3700 0
3700 0
3700 1440.06427947975
3700 1440.06427947975
3700 1440.06427947975
3700 0
3700 19.13849776025
3700 19.13849776025
3700 0
3700 0
3759 0
3759 41.134448533
3759 41.134448533
3759 41.134448533
3759 41.134448533
3759 0
3759 6.46688269975
3759 0
3759 0
3759 0
3759 0
3759 1677.08890358
3759 1677.08890358
3759 1677.08890358
3759 1677.08890358
3759 1677.08890358
3759 0
3759 0
3759 0
3759 0
3759 0
3759 0
3759 24.2471014225
3759 24.2471014225
3759 24.2471014225
3759 0
3759 1238.239119875
3759 0
3759 0
3759 1440.06427947975
3759 1440.06427947975
3759 1440.06427947975
3759 0
3759 19.13849776025
3759 19.13849776025
3759 0
3759 0
3818 0
3818 41.134448533
3818 41.134448533
3818 41.134448533
3818 41.134448533
3818 0
3818 6.46688269975
3818 0
3818 0
3818 0
3818 0
3818 1677.08890358
3818 1677.08890358
3818 1677.08890358
3818 1677.08890358
3818 1677.08890358
3818 0
3818 0
3818 0
3818 0
3818 0
3818 0
3818 24.2471014225
3818 24.2471014225
3818 24.2471014225
3818 0
3818 1238.239119875
3818 0
3818 0
3818 1440.06427947975
3818 1440.06427947975
3818 1440.06427947975
3818 0
3818 19.13849776025
3818 19.13849776025
3818 0
3818 0
3873 0
3873 41.134448533
3873 41.134448533
3873 41.134448533
3873 41.134448533
3873 0
3873 6.46688269975
3873 0
3873 0
3873 0
3873 0
3873 1677.08890358
3873 1677.08890358
3873 1677.08890358
3873 1677.08890358
3873 1677.08890358
3873 0
3873 0
3873 0
3873 0
3873 0
3873 0
3873 24.2471014225
3873 24.2471014225
3873 24.2471014225
3873 0
3873 1238.239119875
3873 0
3873 0
3873 1440.06427947975
3873 1440.06427947975
3873 1440.06427947975
3873 0
3873 19.13849776025
3873 19.13849776025
3873 0
3873 0
3929 0
3929 41.134448533
3929 41.134448533
3929 41.134448533
3929 41.134448533
3929 0
3929 6.46688269975
3929 0
3929 0
3929 0
3929 0
3929 1677.08890358
3929 1677.08890358
3929 1677.08890358
3929 1677.08890358
3929 1677.08890358
3929 0
3929 0
3929 0
3929 0
3929 0
3929 0
3929 24.2471014225
3929 24.2471014225
3929 24.2471014225
3929 0
3929 1238.239119875
3929 0
3929 0
3929 1440.06427947975
3929 1440.06427947975
3929 1440.06427947975
3929 0
3929 19.13849776025
3929 19.13849776025
3929 0
3929 0
4182 0
4182 41.134448533
4182 41.134448533
4182 41.134448533
4182 41.134448533
4182 0
4182 6.46688269975
4182 0
4182 0
4182 0
4182 0
4182 1677.08890358
4182 1677.08890358
4182 1677.08890358
4182 1677.08890358
4182 1677.08890358
4182 0
4182 0
4182 0
4182 0
4182 0
4182 0
4182 24.2471014225
4182 24.2471014225
4182 24.2471014225
4182 0
4182 1238.239119875
4182 0
4182 0
4182 1440.06427947975
4182 1440.06427947975
4182 1440.06427947975
4182 0
4182 19.13849776025
4182 19.13849776025
4182 0
4182 0
3429 0
3429 41.134448533
3429 41.134448533
3429 41.134448533
3429 41.134448533
3429 0
3429 6.46688269975
3429 0
3429 0
3429 0
3429 0
3429 1677.08890358
3429 1677.08890358
3429 1677.08890358
3429 1677.08890358
3429 1677.08890358
3429 0
3429 0
3429 0
3429 0
3429 0
3429 0
3429 24.2471014225
3429 24.2471014225
3429 24.2471014225
3429 0
3429 1238.239119875
3429 0
3429 0
3429 1440.06427947975
3429 1440.06427947975
3429 1440.06427947975
3429 0
3429 19.13849776025
3429 19.13849776025
3429 0
3429 0
3760 0
3760 41.134448533
3760 41.134448533
3760 41.134448533
3760 41.134448533
3760 0
3760 6.46688269975
3760 0
3760 0
3760 0
3760 0
3760 1677.08890358
3760 1677.08890358
3760 1677.08890358
3760 1677.08890358
3760 1677.08890358
3760 0
3760 0
3760 0
3760 0
3760 0
3760 0
3760 24.2471014225
3760 24.2471014225
3760 24.2471014225
3760 0
3760 1238.239119875
3760 0
3760 0
3760 1440.06427947975
3760 1440.06427947975
3760 1440.06427947975
3760 0
3760 19.13849776025
3760 19.13849776025
3760 0
3760 0
3819 0
3819 41.134448533
3819 41.134448533
3819 41.134448533
3819 41.134448533
3819 0
3819 6.46688269975
3819 0
3819 0
3819 0
3819 0
3819 1677.08890358
3819 1677.08890358
3819 1677.08890358
3819 1677.08890358
3819 1677.08890358
3819 0
3819 0
3819 0
3819 0
3819 0
3819 0
3819 24.2471014225
3819 24.2471014225
3819 24.2471014225
3819 0
3819 1238.239119875
3819 0
3819 0
3819 1440.06427947975
3819 1440.06427947975
3819 1440.06427947975
3819 0
3819 19.13849776025
3819 19.13849776025
3819 0
3819 0
3501 0
3501 41.134448533
3501 41.134448533
3501 41.134448533
3501 41.134448533
3501 0
3501 6.46688269975
3501 0
3501 0
3501 0
3501 0
3501 1677.08890358
3501 1677.08890358
3501 1677.08890358
3501 1677.08890358
3501 1677.08890358
3501 0
3501 0
3501 0
3501 0
3501 0
3501 0
3501 24.2471014225
3501 24.2471014225
3501 24.2471014225
3501 0
3501 1238.239119875
3501 0
3501 0
3501 1440.06427947975
3501 1440.06427947975
3501 1440.06427947975
3501 0
3501 19.13849776025
3501 19.13849776025
3501 0
3501 0
3573 0
3573 41.134448533
3573 41.134448533
3573 41.134448533
3573 41.134448533
3573 0
3573 6.46688269975
3573 0
3573 0
3573 0
3573 0
3573 1677.08890358
3573 1677.08890358
3573 1677.08890358
3573 1677.08890358
3573 1677.08890358
3573 0
3573 0
3573 0
3573 0
3573 0
3573 0
3573 24.2471014225
3573 24.2471014225
3573 24.2471014225
3573 0
3573 1238.239119875
3573 0
3573 0
3573 1440.06427947975
3573 1440.06427947975
3573 1440.06427947975
3573 0
3573 19.13849776025
3573 19.13849776025
3573 0
3573 0
3702 0
3702 41.134448533
3702 41.134448533
3702 41.134448533
3702 41.134448533
3702 0
3702 6.46688269975
3702 0
3702 0
3702 0
3702 0
3702 1677.08890358
3702 1677.08890358
3702 1677.08890358
3702 1677.08890358
3702 1677.08890358
3702 0
3702 0
3702 0
3702 0
3702 0
3702 0
3702 24.2471014225
3702 24.2471014225
3702 24.2471014225
3702 0
3702 1238.239119875
3702 0
3702 0
3702 1440.06427947975
3702 1440.06427947975
3702 1440.06427947975
3702 0
3702 19.13849776025
3702 19.13849776025
3702 0
3702 0
3761 0
3761 41.134448533
3761 41.134448533
3761 41.134448533
3761 41.134448533
3761 0
3761 6.46688269975
3761 0
3761 0
3761 0
3761 0
3761 1677.08890358
3761 1677.08890358
3761 1677.08890358
3761 1677.08890358
3761 1677.08890358
3761 0
3761 0
3761 0
3761 0
3761 0
3761 0
3761 24.2471014225
3761 24.2471014225
3761 24.2471014225
3761 0
3761 1238.239119875
3761 0
3761 0
3761 1440.06427947975
3761 1440.06427947975
3761 1440.06427947975
3761 0
3761 19.13849776025
3761 19.13849776025
3761 0
3761 0
2375 0
2375 41.134448533
2375 41.134448533
2375 41.134448533
2375 41.134448533
2375 0
2375 6.46688269975
2375 0
2375 0
2375 0
2375 0
2375 1677.08890358
2375 1677.08890358
2375 1677.08890358
2375 1677.08890358
2375 1677.08890358
2375 0
2375 0
2375 0
2375 0
2375 0
2375 0
2375 24.2471014225
2375 24.2471014225
2375 24.2471014225
2375 0
2375 1238.239119875
2375 0
2375 0
2375 1440.06427947975
2375 1440.06427947975
2375 1440.06427947975
2375 0
2375 19.13849776025
2375 19.13849776025
2375 0
2375 0
2559 0
2559 41.134448533
2559 41.134448533
2559 41.134448533
2559 41.134448533
2559 0
2559 6.46688269975
2559 0
2559 0
2559 0
2559 0
2559 1677.08890358
2559 1677.08890358
2559 1677.08890358
2559 1677.08890358
2559 1677.08890358
2559 0
2559 0
2559 0
2559 0
2559 0
2559 0
2559 24.2471014225
2559 24.2471014225
2559 24.2471014225
2559 0
2559 1238.239119875
2559 0
2559 0
2559 1440.06427947975
2559 1440.06427947975
2559 1440.06427947975
2559 0
2559 19.13849776025
2559 19.13849776025
2559 0
2559 0
2746 0
2746 41.134448533
2746 41.134448533
2746 41.134448533
2746 41.134448533
2746 0
2746 6.46688269975
2746 0
2746 0
2746 0
2746 0
2746 1677.08890358
2746 1677.08890358
2746 1677.08890358
2746 1677.08890358
2746 1677.08890358
2746 0
2746 0
2746 0
2746 0
2746 0
2746 0
2746 24.2471014225
2746 24.2471014225
2746 24.2471014225
2746 0
2746 1238.239119875
2746 0
2746 0
2746 1440.06427947975
2746 1440.06427947975
2746 1440.06427947975
2746 0
2746 19.13849776025
2746 19.13849776025
2746 0
2746 0
2840 0
2840 41.134448533
2840 41.134448533
2840 41.134448533
2840 41.134448533
2840 0
2840 6.46688269975
2840 0
2840 0
2840 0
2840 0
2840 1677.08890358
2840 1677.08890358
2840 1677.08890358
2840 1677.08890358
2840 1677.08890358
2840 0
2840 0
2840 0
2840 0
2840 0
2840 0
2840 24.2471014225
2840 24.2471014225
2840 24.2471014225
2840 0
2840 1238.239119875
2840 0
2840 0
2840 1440.06427947975
2840 1440.06427947975
2840 1440.06427947975
2840 0
2840 19.13849776025
2840 19.13849776025
2840 0
2840 0
3640 0
3640 41.134448533
3640 41.134448533
3640 41.134448533
3640 41.134448533
3640 0
3640 6.46688269975
3640 0
3640 0
3640 0
3640 0
3640 1677.08890358
3640 1677.08890358
3640 1677.08890358
3640 1677.08890358
3640 1677.08890358
3640 0
3640 0
3640 0
3640 0
3640 0
3640 0
3640 24.2471014225
3640 24.2471014225
3640 24.2471014225
3640 0
3640 1238.239119875
3640 0
3640 0
3640 1440.06427947975
3640 1440.06427947975
3640 1440.06427947975
3640 0
3640 19.13849776025
3640 19.13849776025
3640 0
3640 0
2376 0
2376 41.134448533
2376 41.134448533
2376 41.134448533
2376 41.134448533
2376 0
2376 6.46688269975
2376 0
2376 0
2376 0
2376 0
2376 1677.08890358
2376 1677.08890358
2376 1677.08890358
2376 1677.08890358
2376 1677.08890358
2376 0
2376 0
2376 0
2376 0
2376 0
2376 0
2376 24.2471014225
2376 24.2471014225
2376 24.2471014225
2376 0
2376 1238.239119875
2376 0
2376 0
2376 1440.06427947975
2376 1440.06427947975
2376 1440.06427947975
2376 0
2376 19.13849776025
2376 19.13849776025
2376 0
2376 0
2560 0
2560 41.134448533
2560 41.134448533
2560 41.134448533
2560 41.134448533
2560 0
2560 6.46688269975
2560 0
2560 0
2560 0
2560 0
2560 1677.08890358
2560 1677.08890358
2560 1677.08890358
2560 1677.08890358
2560 1677.08890358
2560 0
2560 0
2560 0
2560 0
2560 0
2560 0
2560 24.2471014225
2560 24.2471014225
2560 24.2471014225
2560 0
2560 1238.239119875
2560 0
2560 0
2560 1440.06427947975
2560 1440.06427947975
2560 1440.06427947975
2560 0
2560 19.13849776025
2560 19.13849776025
2560 0
2560 0
2841 0
2841 41.134448533
2841 41.134448533
2841 41.134448533
2841 41.134448533
2841 0
2841 6.46688269975
2841 0
2841 0
2841 0
2841 0
2841 1677.08890358
2841 1677.08890358
2841 1677.08890358
2841 1677.08890358
2841 1677.08890358
2841 0
2841 0
2841 0
2841 0
2841 0
2841 0
2841 24.2471014225
2841 24.2471014225
2841 24.2471014225
2841 0
2841 1238.239119875
2841 0
2841 0
2841 1440.06427947975
2841 1440.06427947975
2841 1440.06427947975
2841 0
2841 19.13849776025
2841 19.13849776025
2841 0
2841 0
2936 0
2936 41.134448533
2936 41.134448533
2936 41.134448533
2936 41.134448533
2936 0
2936 6.46688269975
2936 0
2936 0
2936 0
2936 0
2936 1677.08890358
2936 1677.08890358
2936 1677.08890358
2936 1677.08890358
2936 1677.08890358
2936 0
2936 0
2936 0
2936 0
2936 0
2936 0
2936 24.2471014225
2936 24.2471014225
2936 24.2471014225
2936 0
2936 1238.239119875
2936 0
2936 0
2936 1440.06427947975
2936 1440.06427947975
2936 1440.06427947975
2936 0
2936 19.13849776025
2936 19.13849776025
2936 0
2936 0
3025 0
3025 41.134448533
3025 41.134448533
3025 41.134448533
3025 41.134448533
3025 0
3025 6.46688269975
3025 0
3025 0
3025 0
3025 0
3025 1677.08890358
3025 1677.08890358
3025 1677.08890358
3025 1677.08890358
3025 1677.08890358
3025 0
3025 0
3025 0
3025 0
3025 0
3025 0
3025 24.2471014225
3025 24.2471014225
3025 24.2471014225
3025 0
3025 1238.239119875
3025 0
3025 0
3025 1440.06427947975
3025 1440.06427947975
3025 1440.06427947975
3025 0
3025 19.13849776025
3025 19.13849776025
3025 0
3025 0
3116 0
3116 41.134448533
3116 41.134448533
3116 41.134448533
3116 41.134448533
3116 0
3116 6.46688269975
3116 0
3116 0
3116 0
3116 0
3116 1677.08890358
3116 1677.08890358
3116 1677.08890358
3116 1677.08890358
3116 1677.08890358
3116 0
3116 0
3116 0
3116 0
3116 0
3116 0
3116 24.2471014225
3116 24.2471014225
3116 24.2471014225
3116 0
3116 1238.239119875
3116 0
3116 0
3116 1440.06427947975
3116 1440.06427947975
3116 1440.06427947975
3116 0
3116 19.13849776025
3116 19.13849776025
3116 0
3116 0
3503 0
3503 41.134448533
3503 41.134448533
3503 41.134448533
3503 41.134448533
3503 0
3503 6.46688269975
3503 0
3503 0
3503 0
3503 0
3503 1677.08890358
3503 1677.08890358
3503 1677.08890358
3503 1677.08890358
3503 1677.08890358
3503 0
3503 0
3503 0
3503 0
3503 0
3503 0
3503 24.2471014225
3503 24.2471014225
3503 24.2471014225
3503 0
3503 1238.239119875
3503 0
3503 0
3503 1440.06427947975
3503 1440.06427947975
3503 1440.06427947975
3503 0
3503 19.13849776025
3503 19.13849776025
3503 0
3503 0
3575 0
3575 41.134448533
3575 41.134448533
3575 41.134448533
3575 41.134448533
3575 0
3575 6.46688269975
3575 0
3575 0
3575 0
3575 0
3575 1677.08890358
3575 1677.08890358
3575 1677.08890358
3575 1677.08890358
3575 1677.08890358
3575 0
3575 0
3575 0
3575 0
3575 0
3575 0
3575 24.2471014225
3575 24.2471014225
3575 24.2471014225
3575 0
3575 1238.239119875
3575 0
3575 0
3575 1440.06427947975
3575 1440.06427947975
3575 1440.06427947975
3575 0
3575 19.13849776025
3575 19.13849776025
3575 0
3575 0
3641 0
3641 41.134448533
3641 41.134448533
3641 41.134448533
3641 41.134448533
3641 0
3641 6.46688269975
3641 0
3641 0
3641 0
3641 0
3641 1677.08890358
3641 1677.08890358
3641 1677.08890358
3641 1677.08890358
3641 1677.08890358
3641 0
3641 0
3641 0
3641 0
3641 0
3641 0
3641 24.2471014225
3641 24.2471014225
3641 24.2471014225
3641 0
3641 1238.239119875
3641 0
3641 0
3641 1440.06427947975
3641 1440.06427947975
3641 1440.06427947975
3641 0
3641 19.13849776025
3641 19.13849776025
3641 0
3641 0
3704 0
3704 41.134448533
3704 41.134448533
3704 41.134448533
3704 41.134448533
3704 0
3704 6.46688269975
3704 0
3704 0
3704 0
3704 0
3704 1677.08890358
3704 1677.08890358
3704 1677.08890358
3704 1677.08890358
3704 1677.08890358
3704 0
3704 0
3704 0
3704 0
3704 0
3704 0
3704 24.2471014225
3704 24.2471014225
3704 24.2471014225
3704 0
3704 1238.239119875
3704 0
3704 0
3704 1440.06427947975
3704 1440.06427947975
3704 1440.06427947975
3704 0
3704 19.13849776025
3704 19.13849776025
3704 0
3704 0
2295 0
2295 41.134448533
2295 41.134448533
2295 41.134448533
2295 41.134448533
2295 0
2295 6.46688269975
2295 0
2295 0
2295 0
2295 0
2295 1677.08890358
2295 1677.08890358
2295 1677.08890358
2295 1677.08890358
2295 1677.08890358
2295 0
2295 0
2295 0
2295 0
2295 0
2295 0
2295 24.2471014225
2295 24.2471014225
2295 24.2471014225
2295 0
2295 1238.239119875
2295 0
2295 0
2295 1440.06427947975
2295 1440.06427947975
2295 1440.06427947975
2295 0
2295 19.13849776025
2295 19.13849776025
2295 0
2295 0
2377 0
2377 41.134448533
2377 41.134448533
2377 41.134448533
2377 41.134448533
2377 0
2377 6.46688269975
2377 0
2377 0
2377 0
2377 0
2377 1677.08890358
2377 1677.08890358
2377 1677.08890358
2377 1677.08890358
2377 1677.08890358
2377 0
2377 0
2377 0
2377 0
2377 0
2377 0
2377 24.2471014225
2377 24.2471014225
2377 24.2471014225
2377 0
2377 1238.239119875
2377 0
2377 0
2377 1440.06427947975
2377 1440.06427947975
2377 1440.06427947975
2377 0
2377 19.13849776025
2377 19.13849776025
2377 0
2377 0
2467 0
2467 41.134448533
2467 41.134448533
2467 41.134448533
2467 41.134448533
2467 0
2467 6.46688269975
2467 0
2467 0
2467 0
2467 0
2467 1677.08890358
2467 1677.08890358
2467 1677.08890358
2467 1677.08890358
2467 1677.08890358
2467 0
2467 0
2467 0
2467 0
2467 0
2467 0
2467 24.2471014225
2467 24.2471014225
2467 24.2471014225
2467 0
2467 1238.239119875
2467 0
2467 0
2467 1440.06427947975
2467 1440.06427947975
2467 1440.06427947975
2467 0
2467 19.13849776025
2467 19.13849776025
2467 0
2467 0
2748 0
2748 41.134448533
2748 41.134448533
2748 41.134448533
2748 41.134448533
2748 0
2748 6.46688269975
2748 0
2748 0
2748 0
2748 0
2748 1677.08890358
2748 1677.08890358
2748 1677.08890358
2748 1677.08890358
2748 1677.08890358
2748 0
2748 0
2748 0
2748 0
2748 0
2748 0
2748 24.2471014225
2748 24.2471014225
2748 24.2471014225
2748 0
2748 1238.239119875
2748 0
2748 0
2748 1440.06427947975
2748 1440.06427947975
2748 1440.06427947975
2748 0
2748 19.13849776025
2748 19.13849776025
2748 0
2748 0
2842 0
2842 41.134448533
2842 41.134448533
2842 41.134448533
2842 41.134448533
2842 0
2842 6.46688269975
2842 0
2842 0
2842 0
2842 0
2842 1677.08890358
2842 1677.08890358
2842 1677.08890358
2842 1677.08890358
2842 1677.08890358
2842 0
2842 0
2842 0
2842 0
2842 0
2842 0
2842 24.2471014225
2842 24.2471014225
2842 24.2471014225
2842 0
2842 1238.239119875
2842 0
2842 0
2842 1440.06427947975
2842 1440.06427947975
2842 1440.06427947975
2842 0
2842 19.13849776025
2842 19.13849776025
2842 0
2842 0
2937 0
2937 41.134448533
2937 41.134448533
2937 41.134448533
2937 41.134448533
2937 0
2937 6.46688269975
2937 0
2937 0
2937 0
2937 0
2937 1677.08890358
2937 1677.08890358
2937 1677.08890358
2937 1677.08890358
2937 1677.08890358
2937 0
2937 0
2937 0
2937 0
2937 0
2937 0
2937 24.2471014225
2937 24.2471014225
2937 24.2471014225
2937 0
2937 1238.239119875
2937 0
2937 0
2937 1440.06427947975
2937 1440.06427947975
2937 1440.06427947975
2937 0
2937 19.13849776025
2937 19.13849776025
2937 0
2937 0
3026 0
3026 41.134448533
3026 41.134448533
3026 41.134448533
3026 41.134448533
3026 0
3026 6.46688269975
3026 0
3026 0
3026 0
3026 0
3026 1677.08890358
3026 1677.08890358
3026 1677.08890358
3026 1677.08890358
3026 1677.08890358
3026 0
3026 0
3026 0
3026 0
3026 0
3026 0
3026 24.2471014225
3026 24.2471014225
3026 24.2471014225
3026 0
3026 1238.239119875
3026 0
3026 0
3026 1440.06427947975
3026 1440.06427947975
3026 1440.06427947975
3026 0
3026 19.13849776025
3026 19.13849776025
3026 0
3026 0
3117 0
3117 41.134448533
3117 41.134448533
3117 41.134448533
3117 41.134448533
3117 0
3117 6.46688269975
3117 0
3117 0
3117 0
3117 0
3117 1677.08890358
3117 1677.08890358
3117 1677.08890358
3117 1677.08890358
3117 1677.08890358
3117 0
3117 0
3117 0
3117 0
3117 0
3117 0
3117 24.2471014225
3117 24.2471014225
3117 24.2471014225
3117 0
3117 1238.239119875
3117 0
3117 0
3117 1440.06427947975
3117 1440.06427947975
3117 1440.06427947975
3117 0
3117 19.13849776025
3117 19.13849776025
3117 0
3117 0
3202 0
3202 41.134448533
3202 41.134448533
3202 41.134448533
3202 41.134448533
3202 0
3202 6.46688269975
3202 0
3202 0
3202 0
3202 0
3202 1677.08890358
3202 1677.08890358
3202 1677.08890358
3202 1677.08890358
3202 1677.08890358
3202 0
3202 0
3202 0
3202 0
3202 0
3202 0
3202 24.2471014225
3202 24.2471014225
3202 24.2471014225
3202 0
3202 1238.239119875
3202 0
3202 0
3202 1440.06427947975
3202 1440.06427947975
3202 1440.06427947975
3202 0
3202 19.13849776025
3202 19.13849776025
3202 0
3202 0
3284 0
3284 41.134448533
3284 41.134448533
3284 41.134448533
3284 41.134448533
3284 0
3284 6.46688269975
3284 0
3284 0
3284 0
3284 0
3284 1677.08890358
3284 1677.08890358
3284 1677.08890358
3284 1677.08890358
3284 1677.08890358
3284 0
3284 0
3284 0
3284 0
3284 0
3284 0
3284 24.2471014225
3284 24.2471014225
3284 24.2471014225
3284 0
3284 1238.239119875
3284 0
3284 0
3284 1440.06427947975
3284 1440.06427947975
3284 1440.06427947975
3284 0
3284 19.13849776025
3284 19.13849776025
3284 0
3284 0
3361 0
3361 41.134448533
3361 41.134448533
3361 41.134448533
3361 41.134448533
3361 0
3361 6.46688269975
3361 0
3361 0
3361 0
3361 0
3361 1677.08890358
3361 1677.08890358
3361 1677.08890358
3361 1677.08890358
3361 1677.08890358
3361 0
3361 0
3361 0
3361 0
3361 0
3361 0
3361 24.2471014225
3361 24.2471014225
3361 24.2471014225
3361 0
3361 1238.239119875
3361 0
3361 0
3361 1440.06427947975
3361 1440.06427947975
3361 1440.06427947975
3361 0
3361 19.13849776025
3361 19.13849776025
3361 0
3361 0
3433 0
3433 41.134448533
3433 41.134448533
3433 41.134448533
3433 41.134448533
3433 0
3433 6.46688269975
3433 0
3433 0
3433 0
3433 0
3433 1677.08890358
3433 1677.08890358
3433 1677.08890358
3433 1677.08890358
3433 1677.08890358
3433 0
3433 0
3433 0
3433 0
3433 0
3433 0
3433 24.2471014225
3433 24.2471014225
3433 24.2471014225
3433 0
3433 1238.239119875
3433 0
3433 0
3433 1440.06427947975
3433 1440.06427947975
3433 1440.06427947975
3433 0
3433 19.13849776025
3433 19.13849776025
3433 0
3433 0
3504 0
3504 41.134448533
3504 41.134448533
3504 41.134448533
3504 41.134448533
3504 0
3504 6.46688269975
3504 0
3504 0
3504 0
3504 0
3504 1677.08890358
3504 1677.08890358
3504 1677.08890358
3504 1677.08890358
3504 1677.08890358
3504 0
3504 0
3504 0
3504 0
3504 0
3504 0
3504 24.2471014225
3504 24.2471014225
3504 24.2471014225
3504 0
3504 1238.239119875
3504 0
3504 0
3504 1440.06427947975
3504 1440.06427947975
3504 1440.06427947975
3504 0
3504 19.13849776025
3504 19.13849776025
3504 0
3504 0
3576 0
3576 41.134448533
3576 41.134448533
3576 41.134448533
3576 41.134448533
3576 0
3576 6.46688269975
3576 0
3576 0
3576 0
3576 0
3576 1677.08890358
3576 1677.08890358
3576 1677.08890358
3576 1677.08890358
3576 1677.08890358
3576 0
3576 0
3576 0
3576 0
3576 0
3576 0
3576 24.2471014225
3576 24.2471014225
3576 24.2471014225
3576 0
3576 1238.239119875
3576 0
3576 0
3576 1440.06427947975
3576 1440.06427947975
3576 1440.06427947975
3576 0
3576 19.13849776025
3576 19.13849776025
3576 0
3576 0
3642 0
3642 41.134448533
3642 41.134448533
3642 41.134448533
3642 41.134448533
3642 0
3642 6.46688269975
3642 0
3642 0
3642 0
3642 0
3642 1677.08890358
3642 1677.08890358
3642 1677.08890358
3642 1677.08890358
3642 1677.08890358
3642 0
3642 0
3642 0
3642 0
3642 0
3642 0
3642 24.2471014225
3642 24.2471014225
3642 24.2471014225
3642 0
3642 1238.239119875
3642 0
3642 0
3642 1440.06427947975
3642 1440.06427947975
3642 1440.06427947975
3642 0
3642 19.13849776025
3642 19.13849776025
3642 0
3642 0
2749 0
2749 41.134448533
2749 41.134448533
2749 41.134448533
2749 41.134448533
2749 0
2749 6.46688269975
2749 0
2749 0
2749 0
2749 0
2749 1677.08890358
2749 1677.08890358
2749 1677.08890358
2749 1677.08890358
2749 1677.08890358
2749 0
2749 0
2749 0
2749 0
2749 0
2749 0
2749 24.2471014225
2749 24.2471014225
2749 24.2471014225
2749 0
2749 1238.239119875
2749 0
2749 0
2749 1440.06427947975
2749 1440.06427947975
2749 1440.06427947975
2749 0
2749 19.13849776025
2749 19.13849776025
2749 0
2749 0
2938 0
2938 41.134448533
2938 41.134448533
2938 41.134448533
2938 41.134448533
2938 0
2938 6.46688269975
2938 0
2938 0
2938 0
2938 0
2938 1677.08890358
2938 1677.08890358
2938 1677.08890358
2938 1677.08890358
2938 1677.08890358
2938 0
2938 0
2938 0
2938 0
2938 0
2938 0
2938 24.2471014225
2938 24.2471014225
2938 24.2471014225
2938 0
2938 1238.239119875
2938 0
2938 0
2938 1440.06427947975
2938 1440.06427947975
2938 1440.06427947975
2938 0
2938 19.13849776025
2938 19.13849776025
2938 0
2938 0
3027 0
3027 41.134448533
3027 41.134448533
3027 41.134448533
3027 41.134448533
3027 0
3027 6.46688269975
3027 0
3027 0
3027 0
3027 0
3027 1677.08890358
3027 1677.08890358
3027 1677.08890358
3027 1677.08890358
3027 1677.08890358
3027 0
3027 0
3027 0
3027 0
3027 0
3027 0
3027 24.2471014225
3027 24.2471014225
3027 24.2471014225
3027 0
3027 1238.239119875
3027 0
3027 0
3027 1440.06427947975
3027 1440.06427947975
3027 1440.06427947975
3027 0
3027 19.13849776025
3027 19.13849776025
3027 0
3027 0
3118 0
3118 41.134448533
3118 41.134448533
3118 41.134448533
3118 41.134448533
3118 0
3118 6.46688269975
3118 0
3118 0
3118 0
3118 0
3118 1677.08890358
3118 1677.08890358
3118 1677.08890358
3118 1677.08890358
3118 1677.08890358
3118 0
3118 0
3118 0
3118 0
3118 0
3118 0
3118 24.2471014225
3118 24.2471014225
3118 24.2471014225
3118 0
3118 1238.239119875
3118 0
3118 0
3118 1440.06427947975
3118 1440.06427947975
3118 1440.06427947975
3118 0
3118 19.13849776025
3118 19.13849776025
3118 0
3118 0
3203 0
3203 41.134448533
3203 41.134448533
3203 41.134448533
3203 41.134448533
3203 0
3203 6.46688269975
3203 0
3203 0
3203 0
3203 0
3203 1677.08890358
3203 1677.08890358
3203 1677.08890358
3203 1677.08890358
3203 1677.08890358
3203 0
3203 0
3203 0
3203 0
3203 0
3203 0
3203 24.2471014225
3203 24.2471014225
3203 24.2471014225
3203 0
3203 1238.239119875
3203 0
3203 0
3203 1440.06427947975
3203 1440.06427947975
3203 1440.06427947975
3203 0
3203 19.13849776025
3203 19.13849776025
3203 0
3203 0
3285 0
3285 41.134448533
3285 41.134448533
3285 41.134448533
3285 41.134448533
3285 0
3285 6.46688269975
3285 0
3285 0
3285 0
3285 0
3285 1677.08890358
3285 1677.08890358
3285 1677.08890358
3285 1677.08890358
3285 1677.08890358
3285 0
3285 0
3285 0
3285 0
3285 0
3285 0
3285 24.2471014225
3285 24.2471014225
3285 24.2471014225
3285 0
3285 1238.239119875
3285 0
3285 0
3285 1440.06427947975
3285 1440.06427947975
3285 1440.06427947975
3285 0
3285 19.13849776025
3285 19.13849776025
3285 0
3285 0
3362 0
3362 41.134448533
3362 41.134448533
3362 41.134448533
3362 41.134448533
3362 0
3362 6.46688269975
3362 0
3362 0
3362 0
3362 0
3362 1677.08890358
3362 1677.08890358
3362 1677.08890358
3362 1677.08890358
3362 1677.08890358
3362 0
3362 0
3362 0
3362 0
3362 0
3362 0
3362 24.2471014225
3362 24.2471014225
3362 24.2471014225
3362 0
3362 1238.239119875
3362 0
3362 0
3362 1440.06427947975
3362 1440.06427947975
3362 1440.06427947975
3362 0
3362 19.13849776025
3362 19.13849776025
3362 0
3362 0
3434 0
3434 41.134448533
3434 41.134448533
3434 41.134448533
3434 41.134448533
3434 0
3434 6.46688269975
3434 0
3434 0
3434 0
3434 0
3434 1677.08890358
3434 1677.08890358
3434 1677.08890358
3434 1677.08890358
3434 1677.08890358
3434 0
3434 0
3434 0
3434 0
3434 0
3434 0
3434 24.2471014225
3434 24.2471014225
3434 24.2471014225
3434 0
3434 1238.239119875
3434 0
3434 0
3434 1440.06427947975
3434 1440.06427947975
3434 1440.06427947975
3434 0
3434 19.13849776025
3434 19.13849776025
3434 0
3434 0
3505 0
3505 41.134448533
3505 41.134448533
3505 41.134448533
3505 41.134448533
3505 0
3505 6.46688269975
3505 0
3505 0
3505 0
3505 0
3505 1677.08890358
3505 1677.08890358
3505 1677.08890358
3505 1677.08890358
3505 1677.08890358
3505 0
3505 0
3505 0
3505 0
3505 0
3505 0
3505 24.2471014225
3505 24.2471014225
3505 24.2471014225
3505 0
3505 1238.239119875
3505 0
3505 0
3505 1440.06427947975
3505 1440.06427947975
3505 1440.06427947975
3505 0
3505 19.13849776025
3505 19.13849776025
3505 0
3505 0
3577 0
3577 41.134448533
3577 41.134448533
3577 41.134448533
3577 41.134448533
3577 0
3577 6.46688269975
3577 0
3577 0
3577 0
3577 0
3577 1677.08890358
3577 1677.08890358
3577 1677.08890358
3577 1677.08890358
3577 1677.08890358
3577 0
3577 0
3577 0
3577 0
3577 0
3577 0
3577 24.2471014225
3577 24.2471014225
3577 24.2471014225
3577 0
3577 1238.239119875
3577 0
3577 0
3577 1440.06427947975
3577 1440.06427947975
3577 1440.06427947975
3577 0
3577 19.13849776025
3577 19.13849776025
3577 0
3577 0
1407 0
1407 41.134448533
1407 41.134448533
1407 41.134448533
1407 41.134448533
1407 0
1407 6.46688269975
1407 0
1407 0
1407 0
1407 0
1407 1677.08890358
1407 1677.08890358
1407 1677.08890358
1407 1677.08890358
1407 1677.08890358
1407 0
1407 0
1407 0
1407 0
1407 0
1407 0
1407 24.2471014225
1407 24.2471014225
1407 24.2471014225
1407 0
1407 1238.239119875
1407 0
1407 0
1407 1440.06427947975
1407 1440.06427947975
1407 1440.06427947975
1407 0
1407 19.13849776025
1407 19.13849776025
1407 0
1407 0
2563 0
2563 41.134448533
2563 41.134448533
2563 41.134448533
2563 41.134448533
2563 0
2563 6.46688269975
2563 0
2563 0
2563 0
2563 0
2563 1677.08890358
2563 1677.08890358
2563 1677.08890358
2563 1677.08890358
2563 1677.08890358
2563 0
2563 0
2563 0
2563 0
2563 0
2563 0
2563 24.2471014225
2563 24.2471014225
2563 24.2471014225
2563 0
2563 1238.239119875
2563 0
2563 0
2563 1440.06427947975
2563 1440.06427947975
2563 1440.06427947975
2563 0
2563 19.13849776025
2563 19.13849776025
2563 0
2563 0
2844 0
2844 41.134448533
2844 41.134448533
2844 41.134448533
2844 41.134448533
2844 0
2844 6.46688269975
2844 0
2844 0
2844 0
2844 0
2844 1677.08890358
2844 1677.08890358
2844 1677.08890358
2844 1677.08890358
2844 1677.08890358
2844 0
2844 0
2844 0
2844 0
2844 0
2844 0
2844 24.2471014225
2844 24.2471014225
2844 24.2471014225
2844 0
2844 1238.239119875
2844 0
2844 0
2844 1440.06427947975
2844 1440.06427947975
2844 1440.06427947975
2844 0
2844 19.13849776025
2844 19.13849776025
2844 0
2844 0
2939 0
2939 41.134448533
2939 41.134448533
2939 41.134448533
2939 41.134448533
2939 0
2939 6.46688269975
2939 0
2939 0
2939 0
2939 0
2939 1677.08890358
2939 1677.08890358
2939 1677.08890358
2939 1677.08890358
2939 1677.08890358
2939 0
2939 0
2939 0
2939 0
2939 0
2939 0
2939 24.2471014225
2939 24.2471014225
2939 24.2471014225
2939 0
2939 1238.239119875
2939 0
2939 0
2939 1440.06427947975
2939 1440.06427947975
2939 1440.06427947975
2939 0
2939 19.13849776025
2939 19.13849776025
2939 0
2939 0
3028 0
3028 41.134448533
3028 41.134448533
3028 41.134448533
3028 41.134448533
3028 0
3028 6.46688269975
3028 0
3028 0
3028 0
3028 0
3028 1677.08890358
3028 1677.08890358
3028 1677.08890358
3028 1677.08890358
3028 1677.08890358
3028 0
3028 0
3028 0
3028 0
3028 0
3028 0
3028 24.2471014225
3028 24.2471014225
3028 24.2471014225
3028 0
3028 1238.239119875
3028 0
3028 0
3028 1440.06427947975
3028 1440.06427947975
3028 1440.06427947975
3028 0
3028 19.13849776025
3028 19.13849776025
3028 0
3028 0
3119 0
3119 41.134448533
3119 41.134448533
3119 41.134448533
3119 41.134448533
3119 0
3119 6.46688269975
3119 0
3119 0
3119 0
3119 0
3119 1677.08890358
3119 1677.08890358
3119 1677.08890358
3119 1677.08890358
3119 1677.08890358
3119 0
3119 0
3119 0
3119 0
3119 0
3119 0
3119 24.2471014225
3119 24.2471014225
3119 24.2471014225
3119 0
3119 1238.239119875
3119 0
3119 0
3119 1440.06427947975
3119 1440.06427947975
3119 1440.06427947975
3119 0
3119 19.13849776025
3119 19.13849776025
3119 0
3119 0
3204 0
3204 41.134448533
3204 41.134448533
3204 41.134448533
3204 41.134448533
3204 0
3204 6.46688269975
3204 0
3204 0
3204 0
3204 0
3204 1677.08890358
3204 1677.08890358
3204 1677.08890358
3204 1677.08890358
3204 1677.08890358
3204 0
3204 0
3204 0
3204 0
3204 0
3204 0
3204 24.2471014225
3204 24.2471014225
3204 24.2471014225
3204 0
3204 1238.239119875
3204 0
3204 0
3204 1440.06427947975
3204 1440.06427947975
3204 1440.06427947975
3204 0
3204 19.13849776025
3204 19.13849776025
3204 0
3204 0
3286 0
3286 41.134448533
3286 41.134448533
3286 41.134448533
3286 41.134448533
3286 0
3286 6.46688269975
3286 0
3286 0
3286 0
3286 0
3286 1677.08890358
3286 1677.08890358
3286 1677.08890358
3286 1677.08890358
3286 1677.08890358
3286 0
3286 0
3286 0
3286 0
3286 0
3286 0
3286 24.2471014225
3286 24.2471014225
3286 24.2471014225
3286 0
3286 1238.239119875
3286 0
3286 0
3286 1440.06427947975
3286 1440.06427947975
3286 1440.06427947975
3286 0
3286 19.13849776025
3286 19.13849776025
3286 0
3286 0
3363 0
3363 41.134448533
3363 41.134448533
3363 41.134448533
3363 41.134448533
3363 0
3363 6.46688269975
3363 0
3363 0
3363 0
3363 0
3363 1677.08890358
3363 1677.08890358
3363 1677.08890358
3363 1677.08890358
3363 1677.08890358
3363 0
3363 0
3363 0
3363 0
3363 0
3363 0
3363 24.2471014225
3363 24.2471014225
3363 24.2471014225
3363 0
3363 1238.239119875
3363 0
3363 0
3363 1440.06427947975
3363 1440.06427947975
3363 1440.06427947975
3363 0
3363 19.13849776025
3363 19.13849776025
3363 0
3363 0
3435 0
3435 41.134448533
3435 41.134448533
3435 41.134448533
3435 41.134448533
3435 0
3435 6.46688269975
3435 0
3435 0
3435 0
3435 0
3435 1677.08890358
3435 1677.08890358
3435 1677.08890358
3435 1677.08890358
3435 1677.08890358
3435 0
3435 0
3435 0
3435 0
3435 0
3435 0
3435 24.2471014225
3435 24.2471014225
3435 24.2471014225
3435 0
3435 1238.239119875
3435 0
3435 0
3435 1440.06427947975
3435 1440.06427947975
3435 1440.06427947975
3435 0
3435 19.13849776025
3435 19.13849776025
3435 0
3435 0
3506 0
3506 41.134448533
3506 41.134448533
3506 41.134448533
3506 41.134448533
3506 0
3506 6.46688269975
3506 0
3506 0
3506 0
3506 0
3506 1677.08890358
3506 1677.08890358
3506 1677.08890358
3506 1677.08890358
3506 1677.08890358
3506 0
3506 0
3506 0
3506 0
3506 0
3506 0
3506 24.2471014225
3506 24.2471014225
3506 24.2471014225
3506 0
3506 1238.239119875
3506 0
3506 0
3506 1440.06427947975
3506 1440.06427947975
3506 1440.06427947975
3506 0
3506 19.13849776025
3506 19.13849776025
3506 0
3506 0
3287 0
3287 41.134448533
3287 41.134448533
3287 41.134448533
3287 41.134448533
3287 0
3287 6.46688269975
3287 0
3287 0
3287 0
3287 0
3287 1677.08890358
3287 1677.08890358
3287 1677.08890358
3287 1677.08890358
3287 1677.08890358
3287 0
3287 0
3287 0
3287 0
3287 0
3287 0
3287 24.2471014225
3287 24.2471014225
3287 24.2471014225
3287 0
3287 1238.239119875
3287 0
3287 0
3287 1440.06427947975
3287 1440.06427947975
3287 1440.06427947975
3287 0
3287 19.13849776025
3287 19.13849776025
3287 0
3287 0
3364 0
3364 41.134448533
3364 41.134448533
3364 41.134448533
3364 41.134448533
3364 0
3364 6.46688269975
3364 0
3364 0
3364 0
3364 0
3364 1677.08890358
3364 1677.08890358
3364 1677.08890358
3364 1677.08890358
3364 1677.08890358
3364 0
3364 0
3364 0
3364 0
3364 0
3364 0
3364 24.2471014225
3364 24.2471014225
3364 24.2471014225
3364 0
3364 1238.239119875
3364 0
3364 0
3364 1440.06427947975
3364 1440.06427947975
3364 1440.06427947975
3364 0
3364 19.13849776025
3364 19.13849776025
3364 0
3364 0
3436 0
3436 41.134448533
3436 41.134448533
3436 41.134448533
3436 41.134448533
3436 0
3436 6.46688269975
3436 0
3436 0
3436 0
3436 0
3436 1677.08890358
3436 1677.08890358
3436 1677.08890358
3436 1677.08890358
3436 1677.08890358
3436 0
3436 0
3436 0
3436 0
3436 0
3436 0
3436 24.2471014225
3436 24.2471014225
3436 24.2471014225
3436 0
3436 1238.239119875
3436 0
3436 0
3436 1440.06427947975
3436 1440.06427947975
3436 1440.06427947975
3436 0
3436 19.13849776025
3436 19.13849776025
3436 0
3436 0
3206 0
3206 41.134448533
3206 41.134448533
3206 41.134448533
3206 41.134448533
3206 0
3206 6.46688269975
3206 0
3206 0
3206 0
3206 0
3206 1677.08890358
3206 1677.08890358
3206 1677.08890358
3206 1677.08890358
3206 1677.08890358
3206 0
3206 0
3206 0
3206 0
3206 0
3206 0
3206 24.2471014225
3206 24.2471014225
3206 24.2471014225
3206 0
3206 1238.239119875
3206 0
3206 0
3206 1440.06427947975
3206 1440.06427947975
3206 1440.06427947975
3206 0
3206 19.13849776025
3206 19.13849776025
3206 0
3206 0
3288 0
3288 41.134448533
3288 41.134448533
3288 41.134448533
3288 41.134448533
3288 0
3288 6.46688269975
3288 0
3288 0
3288 0
3288 0
3288 1677.08890358
3288 1677.08890358
3288 1677.08890358
3288 1677.08890358
3288 1677.08890358
3288 0
3288 0
3288 0
3288 0
3288 0
3288 0
3288 24.2471014225
3288 24.2471014225
3288 24.2471014225
3288 0
3288 1238.239119875
3288 0
3288 0
3288 1440.06427947975
3288 1440.06427947975
3288 1440.06427947975
3288 0
3288 19.13849776025
3288 19.13849776025
3288 0
3288 0
3365 0
3365 41.134448533
3365 41.134448533
3365 41.134448533
3365 41.134448533
3365 0
3365 6.46688269975
3365 0
3365 0
3365 0
3365 0
3365 1677.08890358
3365 1677.08890358
3365 1677.08890358
3365 1677.08890358
3365 1677.08890358
3365 0
3365 0
3365 0
3365 0
3365 0
3365 0
3365 24.2471014225
3365 24.2471014225
3365 24.2471014225
3365 0
3365 1238.239119875
3365 0
3365 0
3365 1440.06427947975
3365 1440.06427947975
3365 1440.06427947975
3365 0
3365 19.13849776025
3365 19.13849776025
3365 0
3365 0
3508 0
3508 41.134448533
3508 41.134448533
3508 41.134448533
3508 41.134448533
3508 0
3508 6.46688269975
3508 0
3508 0
3508 0
3508 0
3508 1677.08890358
3508 1677.08890358
3508 1677.08890358
3508 1677.08890358
3508 1677.08890358
3508 0
3508 0
3508 0
3508 0
3508 0
3508 0
3508 24.2471014225
3508 24.2471014225
3508 24.2471014225
3508 0
3508 1238.239119875
3508 0
3508 0
3508 1440.06427947975
3508 1440.06427947975
3508 1440.06427947975
3508 0
3508 19.13849776025
3508 19.13849776025
3508 0
3508 0
3289 0
3289 41.134448533
3289 41.134448533
3289 41.134448533
3289 41.134448533
3289 0
3289 6.46688269975
3289 0
3289 0
3289 0
3289 0
3289 1677.08890358
3289 1677.08890358
3289 1677.08890358
3289 1677.08890358
3289 1677.08890358
3289 0
3289 0
3289 0
3289 0
3289 0
3289 0
3289 24.2471014225
3289 24.2471014225
3289 24.2471014225
3289 0
3289 1238.239119875
3289 0
3289 0
3289 1440.06427947975
3289 1440.06427947975
3289 1440.06427947975
3289 0
3289 19.13849776025
3289 19.13849776025
3289 0
3289 0
3581 0
3581 41.134448533
3581 41.134448533
3581 41.134448533
3581 41.134448533
3581 0
3581 6.46688269975
3581 0
3581 0
3581 0
3581 0
3581 1677.08890358
3581 1677.08890358
3581 1677.08890358
3581 1677.08890358
3581 1677.08890358
3581 0
3581 0
3581 0
3581 0
3581 0
3581 0
3581 24.2471014225
3581 24.2471014225
3581 24.2471014225
3581 0
3581 1238.239119875
3581 0
3581 0
3581 1440.06427947975
3581 1440.06427947975
3581 1440.06427947975
3581 0
3581 19.13849776025
3581 19.13849776025
3581 0
3581 0
