pt_graph freq
21 1
104 1
126 1
144 1
159 1
182 1
193 1
200 1
204 1
206 1
228 1
247 1
251 1
263 1
265 1
271 1
273 1
275 1
295 1
316 1
344 1
362 1
366 1
387 1
390 1
407 1
409 1
414 1
437 1
439 1
458 1
461 1
464 1
485 1
507 1
531 1
534 1
558 1
586 1
588 1
610 1
611 1
615 1
629 1
637 1
652 1
656 1
668 1
682 1
686 1
695 1
696 1
704 1
706 1
711 1
722 1
724 1
733 1
746 1
747 1
749 1
770 1
773 1
778 1
802 1
826 1
839 1
877 1
896 1
905 1
906 1
907 1
923 1
939 1
1007 1
1033 1
1043 1
1045 1
1075 1
1080 1
1116 1
1125 1
1137 1
1161 1
1166 1
1202 1
1223 1
1250 1
1253 1
1269 1
1290 1
1291 1
1292 1
1293 1
1294 1
1309 1
1310 1
1334 1
1336 1
1338 1
1368 1
1369 1
1371 1
1372 1
1373 1
1374 1
1375 1
1410 1
1411 1
1414 1
1415 1
1451 1
1453 1
1454 1
1455 1
1457 1
1458 1
1463 1
1475 1
1503 1
1505 1
1506 1
1510 1
1511 1
1522 1
1548 1
1549 1
1550 1
1556 1
1567 1
1571 1
1597 1
1599 1
1601 1
1602 1
1603 1
1604 1
1605 1
1618 1
1643 1
1645 1
1646 1
1647 1
1651 1
1666 1
1667 1
1701 1
1704 1
1711 1
1720 1
1721 1
1724 1
1760 1
1761 1
1765 1
1766 1
1767 1
1773 1
1776 1
1777 1
1778 1
1782 1
1827 1
1829 1
1830 1
1838 1
1842 1
1892 1
1898 1
1902 1
1905 1
1909 1
1910 1
1911 1
1973 1
2049 1
2070 1
2139 1
2150 1
2221 1
2224 1
2230 1
2239 1
2304 1
2305 1
2308 1
2309 1
2312 1
2313 1
2320 1
2321 1
2381 1
2383 1
2387 1
2393 1
2399 1
2476 1
2480 1
2486 1
2491 1
2493 1
2567 1
2579 1
2583 1
2661 1
2663 1
2672 1
2675 1
2755 1
2761 1
2950 1
2953 1
2954 1
3043 1
3044 1
3050 1
3136 1
3299 1
3416 1
4366 1
35586 1
35634 1
35641 1
35684 1
35687 1
35693 1
35737 1
35742 1
35830 1
35878 1
35886 1
35935 1
35985 1
35990 1
36021 1
36028 1
36079 1
36080 1
36170 1
36216 1
36219 1
36220 1
36268 1
36353 1
36391 1
36426 1
36429 1
36490 1
36501 1
36504 1
36536 1
36568 1
36580 1
36613 1
36680 1
37061 1
