pt_graph shape
35648 1
35648 1
35648 1
35648 1
35648 1
35648 1
35648 1
35648 1
35648 1
35648 1
35648 1
35648 1
35648 1
35648 1
35648 1
35648 1
35648 1
35648 1
35648 1
35648 1
35648 1
35648 1
35648 1
35648 1
35648 1
35648 1
35648 1
35648 1
35648 1
35648 1
35648 1
35648 1
35648 1
35648 1
35648 1
35648 1
35648 1
36356 1
36356 1
36356 1
36356 1
36356 1
36356 1
36356 1
36356 1
36356 1
36356 1
36356 1
36356 1
36356 1
36356 1
36356 1
36356 1
36356 1
36356 1
36356 1
36356 1
36356 1
36356 1
36356 1
36356 1
36356 1
36356 1
36356 1
36356 1
36356 1
36356 1
36356 1
36356 1
36356 1
36356 1
36356 1
36356 1
36356 1
35899 1
35899 1
35899 1
35899 1
35899 1
35899 1
35899 1
35899 1
35899 1
35899 1
35899 1
35899 1
35899 1
35899 1
35899 1
35899 1
35899 1
35899 1
35899 1
35899 1
35899 1
35899 1
35899 1
35899 1
35899 1
35899 1
35899 1
35899 1
35899 1
35899 1
35899 1
35899 1
35899 1
35899 1
35899 1
35899 1
35899 1
36474 1
36474 1
36474 1
36474 1
36474 1
36474 1
36474 1
36474 1
36474 1
36474 1
36474 1
36474 1
36474 1
36474 1
36474 1
36474 1
36474 1
36474 1
36474 1
36474 1
36474 1
36474 1
36474 1
36474 1
36474 1
36474 1
36474 1
36474 1
36474 1
36474 1
36474 1
36474 1
36474 1
36474 1
36474 1
36474 1
36474 1
36477 1
36477 1
36477 1
36477 1
36477 1
36477 1
36477 1
36477 1
36477 1
36477 1
36477 1
36477 1
36477 1
36477 1
36477 1
36477 1
36477 1
36477 1
36477 1
36477 1
36477 1
36477 1
36477 1
36477 1
36477 1
36477 1
36477 1
36477 1
36477 1
36477 1
36477 1
36477 1
36477 1
36477 1
36477 1
36477 1
36477 1
5830 1
5830 1
5830 1
5830 1
5830 1
5830 1
5830 1
5830 1
5830 1
5830 1
5830 1
5830 1
5830 1
5830 1
5830 1
5830 1
5830 1
5830 1
5830 1
5830 1
5830 1
5830 1
5830 1
5830 1
5830 1
5830 1
5830 1
5830 1
5830 1
5830 1
5830 1
5830 1
5830 1
5830 1
5830 1
5830 1
5830 1
36327 1
36327 1
36327 1
36327 1
36327 1
36327 1
36327 1
36327 1
36327 1
36327 1
36327 1
36327 1
36327 1
36327 1
36327 1
36327 1
36327 1
36327 1
36327 1
36327 1
36327 1
36327 1
36327 1
36327 1
36327 1
36327 1
36327 1
36327 1
36327 1
36327 1
36327 1
36327 1
36327 1
36327 1
36327 1
36327 1
36327 1
5789 1
5789 1
5789 1
5789 1
5789 1
5789 1
5789 1
5789 1
5789 1
5789 1
5789 1
5789 1
5789 1
5789 1
5789 1
5789 1
5789 1
5789 1
5789 1
5789 1
5789 1
5789 1
5789 1
5789 1
5789 1
5789 1
5789 1
5789 1
5789 1
5789 1
5789 1
5789 1
5789 1
5789 1
5789 1
5789 1
5789 1
5831 1
5831 1
5831 1
5831 1
5831 1
5831 1
5831 1
5831 1
5831 1
5831 1
5831 1
5831 1
5831 1
5831 1
5831 1
5831 1
5831 1
5831 1
5831 1
5831 1
5831 1
5831 1
5831 1
5831 1
5831 1
5831 1
5831 1
5831 1
5831 1
5831 1
5831 1
5831 1
5831 1
5831 1
5831 1
5831 1
5831 1
5871 1
5871 1
5871 1
5871 1
5871 1
5871 1
5871 1
5871 1
5871 1
5871 1
5871 1
5871 1
5871 1
5871 1
5871 1
5871 1
5871 1
5871 1
5871 1
5871 1
5871 1
5871 1
5871 1
5871 1
5871 1
5871 1
5871 1
5871 1
5871 1
5871 1
5871 1
5871 1
5871 1
5871 1
5871 1
5871 1
5871 1
5952 1
5952 1
5952 1
5952 1
5952 1
5952 1
5952 1
5952 1
5952 1
5952 1
5952 1
5952 1
5952 1
5952 1
5952 1
5952 1
5952 1
5952 1
5952 1
5952 1
5952 1
5952 1
5952 1
5952 1
5952 1
5952 1
5952 1
5952 1
5952 1
5952 1
5952 1
5952 1
5952 1
5952 1
5952 1
5952 1
5952 1
33636 1
33636 1
33636 1
33636 1
33636 1
33636 1
33636 1
33636 1
33636 1
33636 1
33636 1
33636 1
33636 1
33636 1
33636 1
33636 1
33636 1
33636 1
33636 1
33636 1
33636 1
33636 1
33636 1
33636 1
33636 1
33636 1
33636 1
33636 1
33636 1
33636 1
33636 1
33636 1
33636 1
33636 1
33636 1
33636 1
33636 1
33742 1
33742 1
33742 1
33742 1
33742 1
33742 1
33742 1
33742 1
33742 1
33742 1
33742 1
33742 1
33742 1
33742 1
33742 1
33742 1
33742 1
33742 1
33742 1
33742 1
33742 1
33742 1
33742 1
33742 1
33742 1
33742 1
33742 1
33742 1
33742 1
33742 1
33742 1
33742 1
33742 1
33742 1
33742 1
33742 1
33742 1
36925 1
36925 1
36925 1
36925 1
36925 1
36925 1
36925 1
36925 1
36925 1
36925 1
36925 1
36925 1
36925 1
36925 1
36925 1
36925 1
36925 1
36925 1
36925 1
36925 1
36925 1
36925 1
36925 1
36925 1
36925 1
36925 1
36925 1
36925 1
36925 1
36925 1
36925 1
36925 1
36925 1
36925 1
36925 1
36925 1
36925 1
33848 1
33848 1
33848 1
33848 1
33848 1
33848 1
33848 1
33848 1
33848 1
33848 1
33848 1
33848 1
33848 1
33848 1
33848 1
33848 1
33848 1
33848 1
33848 1
33848 1
33848 1
33848 1
33848 1
33848 1
33848 1
33848 1
33848 1
33848 1
33848 1
33848 1
33848 1
33848 1
33848 1
33848 1
33848 1
33848 1
33848 1
36368 1
36368 1
36368 1
36368 1
36368 1
36368 1
36368 1
36368 1
36368 1
36368 1
36368 1
36368 1
36368 1
36368 1
36368 1
36368 1
36368 1
36368 1
36368 1
36368 1
36368 1
36368 1
36368 1
36368 1
36368 1
36368 1
36368 1
36368 1
36368 1
36368 1
36368 1
36368 1
36368 1
36368 1
36368 1
36368 1
36368 1
33849 1
33849 1
33849 1
33849 1
33849 1
33849 1
33849 1
33849 1
33849 1
33849 1
33849 1
33849 1
33849 1
33849 1
33849 1
33849 1
33849 1
33849 1
33849 1
33849 1
33849 1
33849 1
33849 1
33849 1
33849 1
33849 1
33849 1
33849 1
33849 1
33849 1
33849 1
33849 1
33849 1
33849 1
33849 1
33849 1
33849 1
33954 1
33954 1
33954 1
33954 1
33954 1
33954 1
33954 1
33954 1
33954 1
33954 1
33954 1
33954 1
33954 1
33954 1
33954 1
33954 1
33954 1
33954 1
33954 1
33954 1
33954 1
33954 1
33954 1
33954 1
33954 1
33954 1
33954 1
33954 1
33954 1
33954 1
33954 1
33954 1
33954 1
33954 1
33954 1
33954 1
33954 1
36291 1
36291 1
36291 1
36291 1
36291 1
36291 1
36291 1
36291 1
36291 1
36291 1
36291 1
36291 1
36291 1
36291 1
36291 1
36291 1
36291 1
36291 1
36291 1
36291 1
36291 1
36291 1
36291 1
36291 1
36291 1
36291 1
36291 1
36291 1
36291 1
36291 1
36291 1
36291 1
36291 1
36291 1
36291 1
36291 1
36291 1
36331 1
36331 1
36331 1
36331 1
36331 1
36331 1
36331 1
36331 1
36331 1
36331 1
36331 1
36331 1
36331 1
36331 1
36331 1
36331 1
36331 1
36331 1
36331 1
36331 1
36331 1
36331 1
36331 1
36331 1
36331 1
36331 1
36331 1
36331 1
36331 1
36331 1
36331 1
36331 1
36331 1
36331 1
36331 1
36331 1
36331 1
36369 1
36369 1
36369 1
36369 1
36369 1
36369 1
36369 1
36369 1
36369 1
36369 1
36369 1
36369 1
36369 1
36369 1
36369 1
36369 1
36369 1
36369 1
36369 1
36369 1
36369 1
36369 1
36369 1
36369 1
36369 1
36369 1
36369 1
36369 1
36369 1
36369 1
36369 1
36369 1
36369 1
36369 1
36369 1
36369 1
36369 1
34265 1
34265 1
34265 1
34265 1
34265 1
34265 1
34265 1
34265 1
34265 1
34265 1
34265 1
34265 1
34265 1
34265 1
34265 1
34265 1
34265 1
34265 1
34265 1
34265 1
34265 1
34265 1
34265 1
34265 1
34265 1
34265 1
34265 1
34265 1
34265 1
34265 1
34265 1
34265 1
34265 1
34265 1
34265 1
34265 1
34265 1
36292 1
36292 1
36292 1
36292 1
36292 1
36292 1
36292 1
36292 1
36292 1
36292 1
36292 1
36292 1
36292 1
36292 1
36292 1
36292 1
36292 1
36292 1
36292 1
36292 1
36292 1
36292 1
36292 1
36292 1
36292 1
36292 1
36292 1
36292 1
36292 1
36292 1
36292 1
36292 1
36292 1
36292 1
36292 1
36292 1
36292 1
32780 1
32780 1
32780 1
32780 1
32780 1
32780 1
32780 1
32780 1
32780 1
32780 1
32780 1
32780 1
32780 1
32780 1
32780 1
32780 1
32780 1
32780 1
32780 1
32780 1
32780 1
32780 1
32780 1
32780 1
32780 1
32780 1
32780 1
32780 1
32780 1
32780 1
32780 1
32780 1
32780 1
32780 1
32780 1
32780 1
32780 1
34468 1
34468 1
34468 1
34468 1
34468 1
34468 1
34468 1
34468 1
34468 1
34468 1
34468 1
34468 1
34468 1
34468 1
34468 1
34468 1
34468 1
34468 1
34468 1
34468 1
34468 1
34468 1
34468 1
34468 1
34468 1
34468 1
34468 1
34468 1
34468 1
34468 1
34468 1
34468 1
34468 1
34468 1
34468 1
34468 1
34468 1
32563 1
32563 1
32563 1
32563 1
32563 1
32563 1
32563 1
32563 1
32563 1
32563 1
32563 1
32563 1
32563 1
32563 1
32563 1
32563 1
32563 1
32563 1
32563 1
32563 1
32563 1
32563 1
32563 1
32563 1
32563 1
32563 1
32563 1
32563 1
32563 1
32563 1
32563 1
32563 1
32563 1
32563 1
32563 1
32563 1
32563 1
32672 1
32672 1
32672 1
32672 1
32672 1
32672 1
32672 1
32672 1
32672 1
32672 1
32672 1
32672 1
32672 1
32672 1
32672 1
32672 1
32672 1
32672 1
32672 1
32672 1
32672 1
32672 1
32672 1
32672 1
32672 1
32672 1
32672 1
32672 1
32672 1
32672 1
32672 1
32672 1
32672 1
32672 1
32672 1
32672 1
32672 1
36485 1
36485 1
36485 1
36485 1
36485 1
36485 1
36485 1
36485 1
36485 1
36485 1
36485 1
36485 1
36485 1
36485 1
36485 1
36485 1
36485 1
36485 1
36485 1
36485 1
36485 1
36485 1
36485 1
36485 1
36485 1
36485 1
36485 1
36485 1
36485 1
36485 1
36485 1
36485 1
36485 1
36485 1
36485 1
36485 1
36485 1
36523 1
36523 1
36523 1
36523 1
36523 1
36523 1
36523 1
36523 1
36523 1
36523 1
36523 1
36523 1
36523 1
36523 1
36523 1
36523 1
36523 1
36523 1
36523 1
36523 1
36523 1
36523 1
36523 1
36523 1
36523 1
36523 1
36523 1
36523 1
36523 1
36523 1
36523 1
36523 1
36523 1
36523 1
36523 1
36523 1
36523 1
36561 1
36561 1
36561 1
36561 1
36561 1
36561 1
36561 1
36561 1
36561 1
36561 1
36561 1
36561 1
36561 1
36561 1
36561 1
36561 1
36561 1
36561 1
36561 1
36561 1
36561 1
36561 1
36561 1
36561 1
36561 1
36561 1
36561 1
36561 1
36561 1
36561 1
36561 1
36561 1
36561 1
36561 1
36561 1
36561 1
36561 1
36411 1
36411 1
36411 1
36411 1
36411 1
36411 1
36411 1
36411 1
36411 1
36411 1
36411 1
36411 1
36411 1
36411 1
36411 1
36411 1
36411 1
36411 1
36411 1
36411 1
36411 1
36411 1
36411 1
36411 1
36411 1
36411 1
36411 1
36411 1
36411 1
36411 1
36411 1
36411 1
36411 1
36411 1
36411 1
36411 1
36411 1
36449 1
36449 1
36449 1
36449 1
36449 1
36449 1
36449 1
36449 1
36449 1
36449 1
36449 1
36449 1
36449 1
36449 1
36449 1
36449 1
36449 1
36449 1
36449 1
36449 1
36449 1
36449 1
36449 1
36449 1
36449 1
36449 1
36449 1
36449 1
36449 1
36449 1
36449 1
36449 1
36449 1
36449 1
36449 1
36449 1
36449 1
36524 1
36524 1
36524 1
36524 1
36524 1
36524 1
36524 1
36524 1
36524 1
36524 1
36524 1
36524 1
36524 1
36524 1
36524 1
36524 1
36524 1
36524 1
36524 1
36524 1
36524 1
36524 1
36524 1
36524 1
36524 1
36524 1
36524 1
36524 1
36524 1
36524 1
36524 1
36524 1
36524 1
36524 1
36524 1
36524 1
36524 1
36562 1
36562 1
36562 1
36562 1
36562 1
36562 1
36562 1
36562 1
36562 1
36562 1
36562 1
36562 1
36562 1
36562 1
36562 1
36562 1
36562 1
36562 1
36562 1
36562 1
36562 1
36562 1
36562 1
36562 1
36562 1
36562 1
36562 1
36562 1
36562 1
36562 1
36562 1
36562 1
36562 1
36562 1
36562 1
36562 1
36562 1
36412 1
36412 1
36412 1
36412 1
36412 1
36412 1
36412 1
36412 1
36412 1
36412 1
36412 1
36412 1
36412 1
36412 1
36412 1
36412 1
36412 1
36412 1
36412 1
36412 1
36412 1
36412 1
36412 1
36412 1
36412 1
36412 1
36412 1
36412 1
36412 1
36412 1
36412 1
36412 1
36412 1
36412 1
36412 1
36412 1
36412 1
36487 1
36487 1
36487 1
36487 1
36487 1
36487 1
36487 1
36487 1
36487 1
36487 1
36487 1
36487 1
36487 1
36487 1
36487 1
36487 1
36487 1
36487 1
36487 1
36487 1
36487 1
36487 1
36487 1
36487 1
36487 1
36487 1
36487 1
36487 1
36487 1
36487 1
36487 1
36487 1
36487 1
36487 1
36487 1
36487 1
36487 1
36525 1
36525 1
36525 1
36525 1
36525 1
36525 1
36525 1
36525 1
36525 1
36525 1
36525 1
36525 1
36525 1
36525 1
36525 1
36525 1
36525 1
36525 1
36525 1
36525 1
36525 1
36525 1
36525 1
36525 1
36525 1
36525 1
36525 1
36525 1
36525 1
36525 1
36525 1
36525 1
36525 1
36525 1
36525 1
36525 1
36525 1
36337 1
36337 1
36337 1
36337 1
36337 1
36337 1
36337 1
36337 1
36337 1
36337 1
36337 1
36337 1
36337 1
36337 1
36337 1
36337 1
36337 1
36337 1
36337 1
36337 1
36337 1
36337 1
36337 1
36337 1
36337 1
36337 1
36337 1
36337 1
36337 1
36337 1
36337 1
36337 1
36337 1
36337 1
36337 1
36337 1
36337 1
35384 1
35384 1
35384 1
35384 1
35384 1
35384 1
35384 1
35384 1
35384 1
35384 1
35384 1
35384 1
35384 1
35384 1
35384 1
35384 1
35384 1
35384 1
35384 1
35384 1
35384 1
35384 1
35384 1
35384 1
35384 1
35384 1
35384 1
35384 1
35384 1
35384 1
35384 1
35384 1
35384 1
35384 1
35384 1
35384 1
35384 1
35724 1
35724 1
35724 1
35724 1
35724 1
35724 1
35724 1
35724 1
35724 1
35724 1
35724 1
35724 1
35724 1
35724 1
35724 1
35724 1
35724 1
35724 1
35724 1
35724 1
35724 1
35724 1
35724 1
35724 1
35724 1
35724 1
35724 1
35724 1
35724 1
35724 1
35724 1
35724 1
35724 1
35724 1
35724 1
35724 1
35724 1
35775 1
35775 1
35775 1
35775 1
35775 1
35775 1
35775 1
35775 1
35775 1
35775 1
35775 1
35775 1
35775 1
35775 1
35775 1
35775 1
35775 1
35775 1
35775 1
35775 1
35775 1
35775 1
35775 1
35775 1
35775 1
35775 1
35775 1
35775 1
35775 1
35775 1
35775 1
35775 1
35775 1
35775 1
35775 1
35775 1
35775 1
35875 1
35875 1
35875 1
35875 1
35875 1
35875 1
35875 1
35875 1
35875 1
35875 1
35875 1
35875 1
35875 1
35875 1
35875 1
35875 1
35875 1
35875 1
35875 1
35875 1
35875 1
35875 1
35875 1
35875 1
35875 1
35875 1
35875 1
35875 1
35875 1
35875 1
35875 1
35875 1
35875 1
35875 1
35875 1
35875 1
35875 1
37678 1
37678 1
37678 1
37678 1
37678 1
37678 1
37678 1
37678 1
37678 1
37678 1
37678 1
37678 1
37678 1
37678 1
37678 1
37678 1
37678 1
37678 1
37678 1
37678 1
37678 1
37678 1
37678 1
37678 1
37678 1
37678 1
37678 1
37678 1
37678 1
37678 1
37678 1
37678 1
37678 1
37678 1
37678 1
37678 1
37678 1
3861 1
3861 1
3861 1
3861 1
3861 1
3861 1
3861 1
3861 1
3861 1
3861 1
3861 1
3861 1
3861 1
3861 1
3861 1
3861 1
3861 1
3861 1
3861 1
3861 1
3861 1
3861 1
3861 1
3861 1
3861 1
3861 1
3861 1
3861 1
3861 1
3861 1
3861 1
3861 1
3861 1
3861 1
3861 1
3861 1
3861 1
3971 1
3971 1
3971 1
3971 1
3971 1
3971 1
3971 1
3971 1
3971 1
3971 1
3971 1
3971 1
3971 1
3971 1
3971 1
3971 1
3971 1
3971 1
3971 1
3971 1
3971 1
3971 1
3971 1
3971 1
3971 1
3971 1
3971 1
3971 1
3971 1
3971 1
3971 1
3971 1
3971 1
3971 1
3971 1
3971 1
3971 1
36690 1
36690 1
36690 1
36690 1
36690 1
36690 1
36690 1
36690 1
36690 1
36690 1
36690 1
36690 1
36690 1
36690 1
36690 1
36690 1
36690 1
36690 1
36690 1
36690 1
36690 1
36690 1
36690 1
36690 1
36690 1
36690 1
36690 1
36690 1
36690 1
36690 1
36690 1
36690 1
36690 1
36690 1
36690 1
36690 1
36690 1
36576 1
36576 1
36576 1
36576 1
36576 1
36576 1
36576 1
36576 1
36576 1
36576 1
36576 1
36576 1
36576 1
36576 1
36576 1
36576 1
36576 1
36576 1
36576 1
36576 1
36576 1
36576 1
36576 1
36576 1
36576 1
36576 1
36576 1
36576 1
36576 1
36576 1
36576 1
36576 1
36576 1
36576 1
36576 1
36576 1
36576 1
309 1
309 1
309 1
309 1
309 1
309 1
309 1
309 1
309 1
309 1
309 1
309 1
309 1
309 1
309 1
309 1
309 1
309 1
309 1
309 1
309 1
309 1
309 1
309 1
309 1
309 1
309 1
309 1
309 1
309 1
309 1
309 1
309 1
309 1
309 1
309 1
309 1
379 1
379 1
379 1
379 1
379 1
379 1
379 1
379 1
379 1
379 1
379 1
379 1
379 1
379 1
379 1
379 1
379 1
379 1
379 1
379 1
379 1
379 1
379 1
379 1
379 1
379 1
379 1
379 1
379 1
379 1
379 1
379 1
379 1
379 1
379 1
379 1
379 1
403 1
403 1
403 1
403 1
403 1
403 1
403 1
403 1
403 1
403 1
403 1
403 1
403 1
403 1
403 1
403 1
403 1
403 1
403 1
403 1
403 1
403 1
403 1
403 1
403 1
403 1
403 1
403 1
403 1
403 1
403 1
403 1
403 1
403 1
403 1
403 1
403 1
287 1
287 1
287 1
287 1
287 1
287 1
287 1
287 1
287 1
287 1
287 1
287 1
287 1
287 1
287 1
287 1
287 1
287 1
287 1
287 1
287 1
287 1
287 1
287 1
287 1
287 1
287 1
287 1
287 1
287 1
287 1
287 1
287 1
287 1
287 1
287 1
287 1
404 1
404 1
404 1
404 1
404 1
404 1
404 1
404 1
404 1
404 1
404 1
404 1
404 1
404 1
404 1
404 1
404 1
404 1
404 1
404 1
404 1
404 1
404 1
404 1
404 1
404 1
404 1
404 1
404 1
404 1
404 1
404 1
404 1
404 1
404 1
404 1
404 1
576 1
576 1
576 1
576 1
576 1
576 1
576 1
576 1
576 1
576 1
576 1
576 1
576 1
576 1
576 1
576 1
576 1
576 1
576 1
576 1
576 1
576 1
576 1
576 1
576 1
576 1
576 1
576 1
576 1
576 1
576 1
576 1
576 1
576 1
576 1
576 1
576 1
37193 1
37193 1
37193 1
37193 1
37193 1
37193 1
37193 1
37193 1
37193 1
37193 1
37193 1
37193 1
37193 1
37193 1
37193 1
37193 1
37193 1
37193 1
37193 1
37193 1
37193 1
37193 1
37193 1
37193 1
37193 1
37193 1
37193 1
37193 1
37193 1
37193 1
37193 1
37193 1
37193 1
37193 1
37193 1
37193 1
37193 1
35731 1
35731 1
35731 1
35731 1
35731 1
35731 1
35731 1
35731 1
35731 1
35731 1
35731 1
35731 1
35731 1
35731 1
35731 1
35731 1
35731 1
35731 1
35731 1
35731 1
35731 1
35731 1
35731 1
35731 1
35731 1
35731 1
35731 1
35731 1
35731 1
35731 1
35731 1
35731 1
35731 1
35731 1
35731 1
35731 1
35731 1
35831 1
35831 1
35831 1
35831 1
35831 1
35831 1
35831 1
35831 1
35831 1
35831 1
35831 1
35831 1
35831 1
35831 1
35831 1
35831 1
35831 1
35831 1
35831 1
35831 1
35831 1
35831 1
35831 1
35831 1
35831 1
35831 1
35831 1
35831 1
35831 1
35831 1
35831 1
35831 1
35831 1
35831 1
35831 1
35831 1
35831 1
35930 1
35930 1
35930 1
35930 1
35930 1
35930 1
35930 1
35930 1
35930 1
35930 1
35930 1
35930 1
35930 1
35930 1
35930 1
35930 1
35930 1
35930 1
35930 1
35930 1
35930 1
35930 1
35930 1
35930 1
35930 1
35930 1
35930 1
35930 1
35930 1
35930 1
35930 1
35930 1
35930 1
35930 1
35930 1
35930 1
35930 1
36027 1
36027 1
36027 1
36027 1
36027 1
36027 1
36027 1
36027 1
36027 1
36027 1
36027 1
36027 1
36027 1
36027 1
36027 1
36027 1
36027 1
36027 1
36027 1
36027 1
36027 1
36027 1
36027 1
36027 1
36027 1
36027 1
36027 1
36027 1
36027 1
36027 1
36027 1
36027 1
36027 1
36027 1
36027 1
36027 1
36027 1
36076 1
36076 1
36076 1
36076 1
36076 1
36076 1
36076 1
36076 1
36076 1
36076 1
36076 1
36076 1
36076 1
36076 1
36076 1
36076 1
36076 1
36076 1
36076 1
36076 1
36076 1
36076 1
36076 1
36076 1
36076 1
36076 1
36076 1
36076 1
36076 1
36076 1
36076 1
36076 1
36076 1
36076 1
36076 1
36076 1
36076 1
37061 1
37061 1
37061 1
37061 1
37061 1
37061 1
37061 1
37061 1
37061 1
37061 1
37061 1
37061 1
37061 1
37061 1
37061 1
37061 1
37061 1
37061 1
37061 1
37061 1
37061 1
37061 1
37061 1
37061 1
37061 1
37061 1
37061 1
37061 1
37061 1
37061 1
37061 1
37061 1
37061 1
37061 1
37061 1
37061 1
37061 1
682 1
682 1
682 1
682 1
682 1
682 1
682 1
682 1
682 1
682 1
682 1
682 1
682 1
682 1
682 1
682 1
682 1
682 1
682 1
682 1
682 1
682 1
682 1
682 1
682 1
682 1
682 1
682 1
682 1
682 1
682 1
682 1
682 1
682 1
682 1
682 1
682 1
710 1
710 1
710 1
710 1
710 1
710 1
710 1
710 1
710 1
710 1
710 1
710 1
710 1
710 1
710 1
710 1
710 1
710 1
710 1
710 1
710 1
710 1
710 1
710 1
710 1
710 1
710 1
710 1
710 1
710 1
710 1
710 1
710 1
710 1
710 1
710 1
710 1
738 1
738 1
738 1
738 1
738 1
738 1
738 1
738 1
738 1
738 1
738 1
738 1
738 1
738 1
738 1
738 1
738 1
738 1
738 1
738 1
738 1
738 1
738 1
738 1
738 1
738 1
738 1
738 1
738 1
738 1
738 1
738 1
738 1
738 1
738 1
738 1
738 1
768 1
768 1
768 1
768 1
768 1
768 1
768 1
768 1
768 1
768 1
768 1
768 1
768 1
768 1
768 1
768 1
768 1
768 1
768 1
768 1
768 1
768 1
768 1
768 1
768 1
768 1
768 1
768 1
768 1
768 1
768 1
768 1
768 1
768 1
768 1
768 1
768 1
829 1
829 1
829 1
829 1
829 1
829 1
829 1
829 1
829 1
829 1
829 1
829 1
829 1
829 1
829 1
829 1
829 1
829 1
829 1
829 1
829 1
829 1
829 1
829 1
829 1
829 1
829 1
829 1
829 1
829 1
829 1
829 1
829 1
829 1
829 1
829 1
829 1
861 1
861 1
861 1
861 1
861 1
861 1
861 1
861 1
861 1
861 1
861 1
861 1
861 1
861 1
861 1
861 1
861 1
861 1
861 1
861 1
861 1
861 1
861 1
861 1
861 1
861 1
861 1
861 1
861 1
861 1
861 1
861 1
861 1
861 1
861 1
861 1
861 1
335 1
335 1
335 1
335 1
335 1
335 1
335 1
335 1
335 1
335 1
335 1
335 1
335 1
335 1
335 1
335 1
335 1
335 1
335 1
335 1
335 1
335 1
335 1
335 1
335 1
335 1
335 1
335 1
335 1
335 1
335 1
335 1
335 1
335 1
335 1
335 1
335 1
431 1
431 1
431 1
431 1
431 1
431 1
431 1
431 1
431 1
431 1
431 1
431 1
431 1
431 1
431 1
431 1
431 1
431 1
431 1
431 1
431 1
431 1
431 1
431 1
431 1
431 1
431 1
431 1
431 1
431 1
431 1
431 1
431 1
431 1
431 1
431 1
431 1
711 1
711 1
711 1
711 1
711 1
711 1
711 1
711 1
711 1
711 1
711 1
711 1
711 1
711 1
711 1
711 1
711 1
711 1
711 1
711 1
711 1
711 1
711 1
711 1
711 1
711 1
711 1
711 1
711 1
711 1
711 1
711 1
711 1
711 1
711 1
711 1
711 1
739 1
739 1
739 1
739 1
739 1
739 1
739 1
739 1
739 1
739 1
739 1
739 1
739 1
739 1
739 1
739 1
739 1
739 1
739 1
739 1
739 1
739 1
739 1
739 1
739 1
739 1
739 1
739 1
739 1
739 1
739 1
739 1
739 1
739 1
739 1
739 1
739 1
769 1
769 1
769 1
769 1
769 1
769 1
769 1
769 1
769 1
769 1
769 1
769 1
769 1
769 1
769 1
769 1
769 1
769 1
769 1
769 1
769 1
769 1
769 1
769 1
769 1
769 1
769 1
769 1
769 1
769 1
769 1
769 1
769 1
769 1
769 1
769 1
769 1
800 1
800 1
800 1
800 1
800 1
800 1
800 1
800 1
800 1
800 1
800 1
800 1
800 1
800 1
800 1
800 1
800 1
800 1
800 1
800 1
800 1
800 1
800 1
800 1
800 1
800 1
800 1
800 1
800 1
800 1
800 1
800 1
800 1
800 1
800 1
800 1
800 1
830 1
830 1
830 1
830 1
830 1
830 1
830 1
830 1
830 1
830 1
830 1
830 1
830 1
830 1
830 1
830 1
830 1
830 1
830 1
830 1
830 1
830 1
830 1
830 1
830 1
830 1
830 1
830 1
830 1
830 1
830 1
830 1
830 1
830 1
830 1
830 1
830 1
862 1
862 1
862 1
862 1
862 1
862 1
862 1
862 1
862 1
862 1
862 1
862 1
862 1
862 1
862 1
862 1
862 1
862 1
862 1
862 1
862 1
862 1
862 1
862 1
862 1
862 1
862 1
862 1
862 1
862 1
862 1
862 1
862 1
862 1
862 1
862 1
862 1
958 1
958 1
958 1
958 1
958 1
958 1
958 1
958 1
958 1
958 1
958 1
958 1
958 1
958 1
958 1
958 1
958 1
958 1
958 1
958 1
958 1
958 1
958 1
958 1
958 1
958 1
958 1
958 1
958 1
958 1
958 1
958 1
958 1
958 1
958 1
958 1
958 1
35682 1
35682 1
35682 1
35682 1
35682 1
35682 1
35682 1
35682 1
35682 1
35682 1
35682 1
35682 1
35682 1
35682 1
35682 1
35682 1
35682 1
35682 1
35682 1
35682 1
35682 1
35682 1
35682 1
35682 1
35682 1
35682 1
35682 1
35682 1
35682 1
35682 1
35682 1
35682 1
35682 1
35682 1
35682 1
35682 1
35682 1
36216 1
36216 1
36216 1
36216 1
36216 1
36216 1
36216 1
36216 1
36216 1
36216 1
36216 1
36216 1
36216 1
36216 1
36216 1
36216 1
36216 1
36216 1
36216 1
36216 1
36216 1
36216 1
36216 1
36216 1
36216 1
36216 1
36216 1
36216 1
36216 1
36216 1
36216 1
36216 1
36216 1
36216 1
36216 1
36216 1
36216 1
36351 1
36351 1
36351 1
36351 1
36351 1
36351 1
36351 1
36351 1
36351 1
36351 1
36351 1
36351 1
36351 1
36351 1
36351 1
36351 1
36351 1
36351 1
36351 1
36351 1
36351 1
36351 1
36351 1
36351 1
36351 1
36351 1
36351 1
36351 1
36351 1
36351 1
36351 1
36351 1
36351 1
36351 1
36351 1
36351 1
36351 1
36465 1
36465 1
36465 1
36465 1
36465 1
36465 1
36465 1
36465 1
36465 1
36465 1
36465 1
36465 1
36465 1
36465 1
36465 1
36465 1
36465 1
36465 1
36465 1
36465 1
36465 1
36465 1
36465 1
36465 1
36465 1
36465 1
36465 1
36465 1
36465 1
36465 1
36465 1
36465 1
36465 1
36465 1
36465 1
36465 1
36465 1
456 1
456 1
456 1
456 1
456 1
456 1
456 1
456 1
456 1
456 1
456 1
456 1
456 1
456 1
456 1
456 1
456 1
456 1
456 1
456 1
456 1
456 1
456 1
456 1
456 1
456 1
456 1
456 1
456 1
456 1
456 1
456 1
456 1
456 1
456 1
456 1
456 1
894 1
894 1
894 1
894 1
894 1
894 1
894 1
894 1
894 1
894 1
894 1
894 1
894 1
894 1
894 1
894 1
894 1
894 1
894 1
894 1
894 1
894 1
894 1
894 1
894 1
894 1
894 1
894 1
894 1
894 1
894 1
894 1
894 1
894 1
894 1
894 1
894 1
926 1
926 1
926 1
926 1
926 1
926 1
926 1
926 1
926 1
926 1
926 1
926 1
926 1
926 1
926 1
926 1
926 1
926 1
926 1
926 1
926 1
926 1
926 1
926 1
926 1
926 1
926 1
926 1
926 1
926 1
926 1
926 1
926 1
926 1
926 1
926 1
926 1
959 1
959 1
959 1
959 1
959 1
959 1
959 1
959 1
959 1
959 1
959 1
959 1
959 1
959 1
959 1
959 1
959 1
959 1
959 1
959 1
959 1
959 1
959 1
959 1
959 1
959 1
959 1
959 1
959 1
959 1
959 1
959 1
959 1
959 1
959 1
959 1
959 1
994 1
994 1
994 1
994 1
994 1
994 1
994 1
994 1
994 1
994 1
994 1
994 1
994 1
994 1
994 1
994 1
994 1
994 1
994 1
994 1
994 1
994 1
994 1
994 1
994 1
994 1
994 1
994 1
994 1
994 1
994 1
994 1
994 1
994 1
994 1
994 1
994 1
457 1
457 1
457 1
457 1
457 1
457 1
457 1
457 1
457 1
457 1
457 1
457 1
457 1
457 1
457 1
457 1
457 1
457 1
457 1
457 1
457 1
457 1
457 1
457 1
457 1
457 1
457 1
457 1
457 1
457 1
457 1
457 1
457 1
457 1
457 1
457 1
457 1
580 1
580 1
580 1
580 1
580 1
580 1
580 1
580 1
580 1
580 1
580 1
580 1
580 1
580 1
580 1
580 1
580 1
580 1
580 1
580 1
580 1
580 1
580 1
580 1
580 1
580 1
580 1
580 1
580 1
580 1
580 1
580 1
580 1
580 1
580 1
580 1
580 1
36655 1
36655 1
36655 1
36655 1
36655 1
36655 1
36655 1
36655 1
36655 1
36655 1
36655 1
36655 1
36655 1
36655 1
36655 1
36655 1
36655 1
36655 1
36655 1
36655 1
36655 1
36655 1
36655 1
36655 1
36655 1
36655 1
36655 1
36655 1
36655 1
36655 1
36655 1
36655 1
36655 1
36655 1
36655 1
36655 1
36655 1
338 1
338 1
338 1
338 1
338 1
338 1
338 1
338 1
338 1
338 1
338 1
338 1
338 1
338 1
338 1
338 1
338 1
338 1
338 1
338 1
338 1
338 1
338 1
338 1
338 1
338 1
338 1
338 1
338 1
338 1
338 1
338 1
338 1
338 1
338 1
338 1
338 1
505 1
505 1
505 1
505 1
505 1
505 1
505 1
505 1
505 1
505 1
505 1
505 1
505 1
505 1
505 1
505 1
505 1
505 1
505 1
505 1
505 1
505 1
505 1
505 1
505 1
505 1
505 1
505 1
505 1
505 1
505 1
505 1
505 1
505 1
505 1
505 1
505 1
530 1
530 1
530 1
530 1
530 1
530 1
530 1
530 1
530 1
530 1
530 1
530 1
530 1
530 1
530 1
530 1
530 1
530 1
530 1
530 1
530 1
530 1
530 1
530 1
530 1
530 1
530 1
530 1
530 1
530 1
530 1
530 1
530 1
530 1
530 1
530 1
530 1
896 1
896 1
896 1
896 1
896 1
896 1
896 1
896 1
896 1
896 1
896 1
896 1
896 1
896 1
896 1
896 1
896 1
896 1
896 1
896 1
896 1
896 1
896 1
896 1
896 1
896 1
896 1
896 1
896 1
896 1
896 1
896 1
896 1
896 1
896 1
896 1
896 1
224 1
224 1
224 1
224 1
224 1
224 1
224 1
224 1
224 1
224 1
224 1
224 1
224 1
224 1
224 1
224 1
224 1
224 1
224 1
224 1
224 1
224 1
224 1
224 1
224 1
224 1
224 1
224 1
224 1
224 1
224 1
224 1
224 1
224 1
224 1
224 1
224 1
247 1
247 1
247 1
247 1
247 1
247 1
247 1
247 1
247 1
247 1
247 1
247 1
247 1
247 1
247 1
247 1
247 1
247 1
247 1
247 1
247 1
247 1
247 1
247 1
247 1
247 1
247 1
247 1
247 1
247 1
247 1
247 1
247 1
247 1
247 1
247 1
247 1
316 1
316 1
316 1
316 1
316 1
316 1
316 1
316 1
316 1
316 1
316 1
316 1
316 1
316 1
316 1
316 1
316 1
316 1
316 1
316 1
316 1
316 1
316 1
316 1
316 1
316 1
316 1
316 1
316 1
316 1
316 1
316 1
316 1
316 1
316 1
316 1
316 1
339 1
339 1
339 1
339 1
339 1
339 1
339 1
339 1
339 1
339 1
339 1
339 1
339 1
339 1
339 1
339 1
339 1
339 1
339 1
339 1
339 1
339 1
339 1
339 1
339 1
339 1
339 1
339 1
339 1
339 1
339 1
339 1
339 1
339 1
339 1
339 1
339 1
582 1
582 1
582 1
582 1
582 1
582 1
582 1
582 1
582 1
582 1
582 1
582 1
582 1
582 1
582 1
582 1
582 1
582 1
582 1
582 1
582 1
582 1
582 1
582 1
582 1
582 1
582 1
582 1
582 1
582 1
582 1
582 1
582 1
582 1
582 1
582 1
582 1
608 1
608 1
608 1
608 1
608 1
608 1
608 1
608 1
608 1
608 1
608 1
608 1
608 1
608 1
608 1
608 1
608 1
608 1
608 1
608 1
608 1
608 1
608 1
608 1
608 1
608 1
608 1
608 1
608 1
608 1
608 1
608 1
608 1
608 1
608 1
608 1
608 1
773 1
773 1
773 1
773 1
773 1
773 1
773 1
773 1
773 1
773 1
773 1
773 1
773 1
773 1
773 1
773 1
773 1
773 1
773 1
773 1
773 1
773 1
773 1
773 1
773 1
773 1
773 1
773 1
773 1
773 1
773 1
773 1
773 1
773 1
773 1
773 1
773 1
225 1
225 1
225 1
225 1
225 1
225 1
225 1
225 1
225 1
225 1
225 1
225 1
225 1
225 1
225 1
225 1
225 1
225 1
225 1
225 1
225 1
225 1
225 1
225 1
225 1
225 1
225 1
225 1
225 1
225 1
225 1
225 1
225 1
225 1
225 1
225 1
225 1
248 1
248 1
248 1
248 1
248 1
248 1
248 1
248 1
248 1
248 1
248 1
248 1
248 1
248 1
248 1
248 1
248 1
248 1
248 1
248 1
248 1
248 1
248 1
248 1
248 1
248 1
248 1
248 1
248 1
248 1
248 1
248 1
248 1
248 1
248 1
248 1
248 1
294 1
294 1
294 1
294 1
294 1
294 1
294 1
294 1
294 1
294 1
294 1
294 1
294 1
294 1
294 1
294 1
294 1
294 1
294 1
294 1
294 1
294 1
294 1
294 1
294 1
294 1
294 1
294 1
294 1
294 1
294 1
294 1
294 1
294 1
294 1
294 1
294 1
363 1
363 1
363 1
363 1
363 1
363 1
363 1
363 1
363 1
363 1
363 1
363 1
363 1
363 1
363 1
363 1
363 1
363 1
363 1
363 1
363 1
363 1
363 1
363 1
363 1
363 1
363 1
363 1
363 1
363 1
363 1
363 1
363 1
363 1
363 1
363 1
363 1
411 1
411 1
411 1
411 1
411 1
411 1
411 1
411 1
411 1
411 1
411 1
411 1
411 1
411 1
411 1
411 1
411 1
411 1
411 1
411 1
411 1
411 1
411 1
411 1
411 1
411 1
411 1
411 1
411 1
411 1
411 1
411 1
411 1
411 1
411 1
411 1
411 1
436 1
436 1
436 1
436 1
436 1
436 1
436 1
436 1
436 1
436 1
436 1
436 1
436 1
436 1
436 1
436 1
436 1
436 1
436 1
436 1
436 1
436 1
436 1
436 1
436 1
436 1
436 1
436 1
436 1
436 1
436 1
436 1
436 1
436 1
436 1
436 1
436 1
483 1
483 1
483 1
483 1
483 1
483 1
483 1
483 1
483 1
483 1
483 1
483 1
483 1
483 1
483 1
483 1
483 1
483 1
483 1
483 1
483 1
483 1
483 1
483 1
483 1
483 1
483 1
483 1
483 1
483 1
483 1
483 1
483 1
483 1
483 1
483 1
483 1
609 1
609 1
609 1
609 1
609 1
609 1
609 1
609 1
609 1
609 1
609 1
609 1
609 1
609 1
609 1
609 1
609 1
609 1
609 1
609 1
609 1
609 1
609 1
609 1
609 1
609 1
609 1
609 1
609 1
609 1
609 1
609 1
609 1
609 1
609 1
609 1
609 1
412 1
412 1
412 1
412 1
412 1
412 1
412 1
412 1
412 1
412 1
412 1
412 1
412 1
412 1
412 1
412 1
412 1
412 1
412 1
412 1
412 1
412 1
412 1
412 1
412 1
412 1
412 1
412 1
412 1
412 1
412 1
412 1
412 1
412 1
412 1
412 1
412 1
437 1
437 1
437 1
437 1
437 1
437 1
437 1
437 1
437 1
437 1
437 1
437 1
437 1
437 1
437 1
437 1
437 1
437 1
437 1
437 1
437 1
437 1
437 1
437 1
437 1
437 1
437 1
437 1
437 1
437 1
437 1
437 1
437 1
437 1
437 1
437 1
437 1
461 1
461 1
461 1
461 1
461 1
461 1
461 1
461 1
461 1
461 1
461 1
461 1
461 1
461 1
461 1
461 1
461 1
461 1
461 1
461 1
461 1
461 1
461 1
461 1
461 1
461 1
461 1
461 1
461 1
461 1
461 1
461 1
461 1
461 1
461 1
461 1
461 1
484 1
484 1
484 1
484 1
484 1
484 1
484 1
484 1
484 1
484 1
484 1
484 1
484 1
484 1
484 1
484 1
484 1
484 1
484 1
484 1
484 1
484 1
484 1
484 1
484 1
484 1
484 1
484 1
484 1
484 1
484 1
484 1
484 1
484 1
484 1
484 1
484 1
508 1
508 1
508 1
508 1
508 1
508 1
508 1
508 1
508 1
508 1
508 1
508 1
508 1
508 1
508 1
508 1
508 1
508 1
508 1
508 1
508 1
508 1
508 1
508 1
508 1
508 1
508 1
508 1
508 1
508 1
508 1
508 1
508 1
508 1
508 1
508 1
508 1
533 1
533 1
533 1
533 1
533 1
533 1
533 1
533 1
533 1
533 1
533 1
533 1
533 1
533 1
533 1
533 1
533 1
533 1
533 1
533 1
533 1
533 1
533 1
533 1
533 1
533 1
533 1
533 1
533 1
533 1
533 1
533 1
533 1
533 1
533 1
533 1
533 1
558 1
558 1
558 1
558 1
558 1
558 1
558 1
558 1
558 1
558 1
558 1
558 1
558 1
558 1
558 1
558 1
558 1
558 1
558 1
558 1
558 1
558 1
558 1
558 1
558 1
558 1
558 1
558 1
558 1
558 1
558 1
558 1
558 1
558 1
558 1
558 1
558 1
836 1
836 1
836 1
836 1
836 1
836 1
836 1
836 1
836 1
836 1
836 1
836 1
836 1
836 1
836 1
836 1
836 1
836 1
836 1
836 1
836 1
836 1
836 1
836 1
836 1
836 1
836 1
836 1
836 1
836 1
836 1
836 1
836 1
836 1
836 1
836 1
836 1
868 1
868 1
868 1
868 1
868 1
868 1
868 1
868 1
868 1
868 1
868 1
868 1
868 1
868 1
868 1
868 1
868 1
868 1
868 1
868 1
868 1
868 1
868 1
868 1
868 1
868 1
868 1
868 1
868 1
868 1
868 1
868 1
868 1
868 1
868 1
868 1
868 1
35786 1
35786 1
35786 1
35786 1
35786 1
35786 1
35786 1
35786 1
35786 1
35786 1
35786 1
35786 1
35786 1
35786 1
35786 1
35786 1
35786 1
35786 1
35786 1
35786 1
35786 1
35786 1
35786 1
35786 1
35786 1
35786 1
35786 1
35786 1
35786 1
35786 1
35786 1
35786 1
35786 1
35786 1
35786 1
35786 1
35786 1
389 1
389 1
389 1
389 1
389 1
389 1
389 1
389 1
389 1
389 1
389 1
389 1
389 1
389 1
389 1
389 1
389 1
389 1
389 1
389 1
389 1
389 1
389 1
389 1
389 1
389 1
389 1
389 1
389 1
389 1
389 1
389 1
389 1
389 1
389 1
389 1
389 1
485 1
485 1
485 1
485 1
485 1
485 1
485 1
485 1
485 1
485 1
485 1
485 1
485 1
485 1
485 1
485 1
485 1
485 1
485 1
485 1
485 1
485 1
485 1
485 1
485 1
485 1
485 1
485 1
485 1
485 1
485 1
485 1
485 1
485 1
485 1
485 1
485 1
509 1
509 1
509 1
509 1
509 1
509 1
509 1
509 1
509 1
509 1
509 1
509 1
509 1
509 1
509 1
509 1
509 1
509 1
509 1
509 1
509 1
509 1
509 1
509 1
509 1
509 1
509 1
509 1
509 1
509 1
509 1
509 1
509 1
509 1
509 1
509 1
509 1
534 1
534 1
534 1
534 1
534 1
534 1
534 1
534 1
534 1
534 1
534 1
534 1
534 1
534 1
534 1
534 1
534 1
534 1
534 1
534 1
534 1
534 1
534 1
534 1
534 1
534 1
534 1
534 1
534 1
534 1
534 1
534 1
534 1
534 1
534 1
534 1
534 1
559 1
559 1
559 1
559 1
559 1
559 1
559 1
559 1
559 1
559 1
559 1
559 1
559 1
559 1
559 1
559 1
559 1
559 1
559 1
559 1
559 1
559 1
559 1
559 1
559 1
559 1
559 1
559 1
559 1
559 1
559 1
559 1
559 1
559 1
559 1
559 1
559 1
585 1
585 1
585 1
585 1
585 1
585 1
585 1
585 1
585 1
585 1
585 1
585 1
585 1
585 1
585 1
585 1
585 1
585 1
585 1
585 1
585 1
585 1
585 1
585 1
585 1
585 1
585 1
585 1
585 1
585 1
585 1
585 1
585 1
585 1
585 1
585 1
585 1
611 1
611 1
611 1
611 1
611 1
611 1
611 1
611 1
611 1
611 1
611 1
611 1
611 1
611 1
611 1
611 1
611 1
611 1
611 1
611 1
611 1
611 1
611 1
611 1
611 1
611 1
611 1
611 1
611 1
611 1
611 1
611 1
611 1
611 1
611 1
611 1
611 1
560 1
560 1
560 1
560 1
560 1
560 1
560 1
560 1
560 1
560 1
560 1
560 1
560 1
560 1
560 1
560 1
560 1
560 1
560 1
560 1
560 1
560 1
560 1
560 1
560 1
560 1
560 1
560 1
560 1
560 1
560 1
560 1
560 1
560 1
560 1
560 1
560 1
586 1
586 1
586 1
586 1
586 1
586 1
586 1
586 1
586 1
586 1
586 1
586 1
586 1
586 1
586 1
586 1
586 1
586 1
586 1
586 1
586 1
586 1
586 1
586 1
586 1
586 1
586 1
586 1
586 1
586 1
586 1
586 1
586 1
586 1
586 1
586 1
586 1
612 1
612 1
612 1
612 1
612 1
612 1
612 1
612 1
612 1
612 1
612 1
612 1
612 1
612 1
612 1
612 1
612 1
612 1
612 1
612 1
612 1
612 1
612 1
612 1
612 1
612 1
612 1
612 1
612 1
612 1
612 1
612 1
612 1
612 1
612 1
612 1
612 1
638 1
638 1
638 1
638 1
638 1
638 1
638 1
638 1
638 1
638 1
638 1
638 1
638 1
638 1
638 1
638 1
638 1
638 1
638 1
638 1
638 1
638 1
638 1
638 1
638 1
638 1
638 1
638 1
638 1
638 1
638 1
638 1
638 1
638 1
638 1
638 1
638 1
664 1
664 1
664 1
664 1
664 1
664 1
664 1
664 1
664 1
664 1
664 1
664 1
664 1
664 1
664 1
664 1
664 1
664 1
664 1
664 1
664 1
664 1
664 1
664 1
664 1
664 1
664 1
664 1
664 1
664 1
664 1
664 1
664 1
664 1
664 1
664 1
664 1
1001 1
1001 1
1001 1
1001 1
1001 1
1001 1
1001 1
1001 1
1001 1
1001 1
1001 1
1001 1
1001 1
1001 1
1001 1
1001 1
1001 1
1001 1
1001 1
1001 1
1001 1
1001 1
1001 1
1001 1
1001 1
1001 1
1001 1
1001 1
1001 1
1001 1
1001 1
1001 1
1001 1
1001 1
1001 1
1001 1
1001 1
1037 1
1037 1
1037 1
1037 1
1037 1
1037 1
1037 1
1037 1
1037 1
1037 1
1037 1
1037 1
1037 1
1037 1
1037 1
1037 1
1037 1
1037 1
1037 1
1037 1
1037 1
1037 1
1037 1
1037 1
1037 1
1037 1
1037 1
1037 1
1037 1
1037 1
1037 1
1037 1
1037 1
1037 1
1037 1
1037 1
1037 1
1076 1
1076 1
1076 1
1076 1
1076 1
1076 1
1076 1
1076 1
1076 1
1076 1
1076 1
1076 1
1076 1
1076 1
1076 1
1076 1
1076 1
1076 1
1076 1
1076 1
1076 1
1076 1
1076 1
1076 1
1076 1
1076 1
1076 1
1076 1
1076 1
1076 1
1076 1
1076 1
1076 1
1076 1
1076 1
1076 1
1076 1
1117 1
1117 1
1117 1
1117 1
1117 1
1117 1
1117 1
1117 1
1117 1
1117 1
1117 1
1117 1
1117 1
1117 1
1117 1
1117 1
1117 1
1117 1
1117 1
1117 1
1117 1
1117 1
1117 1
1117 1
1117 1
1117 1
1117 1
1117 1
1117 1
1117 1
1117 1
1117 1
1117 1
1117 1
1117 1
1117 1
1117 1
1161 1
1161 1
1161 1
1161 1
1161 1
1161 1
1161 1
1161 1
1161 1
1161 1
1161 1
1161 1
1161 1
1161 1
1161 1
1161 1
1161 1
1161 1
1161 1
1161 1
1161 1
1161 1
1161 1
1161 1
1161 1
1161 1
1161 1
1161 1
1161 1
1161 1
1161 1
1161 1
1161 1
1161 1
1161 1
1161 1
1161 1
1642 1
1642 1
1642 1
1642 1
1642 1
1642 1
1642 1
1642 1
1642 1
1642 1
1642 1
1642 1
1642 1
1642 1
1642 1
1642 1
1642 1
1642 1
1642 1
1642 1
1642 1
1642 1
1642 1
1642 1
1642 1
1642 1
1642 1
1642 1
1642 1
1642 1
1642 1
1642 1
1642 1
1642 1
1642 1
1642 1
1642 1
34589 1
34589 1
34589 1
34589 1
34589 1
34589 1
34589 1
34589 1
34589 1
34589 1
34589 1
34589 1
34589 1
34589 1
34589 1
34589 1
34589 1
34589 1
34589 1
34589 1
34589 1
34589 1
34589 1
34589 1
34589 1
34589 1
34589 1
34589 1
34589 1
34589 1
34589 1
34589 1
34589 1
34589 1
34589 1
34589 1
34589 1
613 1
613 1
613 1
613 1
613 1
613 1
613 1
613 1
613 1
613 1
613 1
613 1
613 1
613 1
613 1
613 1
613 1
613 1
613 1
613 1
613 1
613 1
613 1
613 1
613 1
613 1
613 1
613 1
613 1
613 1
613 1
613 1
613 1
613 1
613 1
613 1
613 1
639 1
639 1
639 1
639 1
639 1
639 1
639 1
639 1
639 1
639 1
639 1
639 1
639 1
639 1
639 1
639 1
639 1
639 1
639 1
639 1
639 1
639 1
639 1
639 1
639 1
639 1
639 1
639 1
639 1
639 1
639 1
639 1
639 1
639 1
639 1
639 1
639 1
692 1
692 1
692 1
692 1
692 1
692 1
692 1
692 1
692 1
692 1
692 1
692 1
692 1
692 1
692 1
692 1
692 1
692 1
692 1
692 1
692 1
692 1
692 1
692 1
692 1
692 1
692 1
692 1
692 1
692 1
692 1
692 1
692 1
692 1
692 1
692 1
692 1
934 1
934 1
934 1
934 1
934 1
934 1
934 1
934 1
934 1
934 1
934 1
934 1
934 1
934 1
934 1
934 1
934 1
934 1
934 1
934 1
934 1
934 1
934 1
934 1
934 1
934 1
934 1
934 1
934 1
934 1
934 1
934 1
934 1
934 1
934 1
934 1
934 1
967 1
967 1
967 1
967 1
967 1
967 1
967 1
967 1
967 1
967 1
967 1
967 1
967 1
967 1
967 1
967 1
967 1
967 1
967 1
967 1
967 1
967 1
967 1
967 1
967 1
967 1
967 1
967 1
967 1
967 1
967 1
967 1
967 1
967 1
967 1
967 1
967 1
1077 1
1077 1
1077 1
1077 1
1077 1
1077 1
1077 1
1077 1
1077 1
1077 1
1077 1
1077 1
1077 1
1077 1
1077 1
1077 1
1077 1
1077 1
1077 1
1077 1
1077 1
1077 1
1077 1
1077 1
1077 1
1077 1
1077 1
1077 1
1077 1
1077 1
1077 1
1077 1
1077 1
1077 1
1077 1
1077 1
1077 1
1118 1
1118 1
1118 1
1118 1
1118 1
1118 1
1118 1
1118 1
1118 1
1118 1
1118 1
1118 1
1118 1
1118 1
1118 1
1118 1
1118 1
1118 1
1118 1
1118 1
1118 1
1118 1
1118 1
1118 1
1118 1
1118 1
1118 1
1118 1
1118 1
1118 1
1118 1
1118 1
1118 1
1118 1
1118 1
1118 1
1118 1
1162 1
1162 1
1162 1
1162 1
1162 1
1162 1
1162 1
1162 1
1162 1
1162 1
1162 1
1162 1
1162 1
1162 1
1162 1
1162 1
1162 1
1162 1
1162 1
1162 1
1162 1
1162 1
1162 1
1162 1
1162 1
1162 1
1162 1
1162 1
1162 1
1162 1
1162 1
1162 1
1162 1
1162 1
1162 1
1162 1
1162 1
1203 1
1203 1
1203 1
1203 1
1203 1
1203 1
1203 1
1203 1
1203 1
1203 1
1203 1
1203 1
1203 1
1203 1
1203 1
1203 1
1203 1
1203 1
1203 1
1203 1
1203 1
1203 1
1203 1
1203 1
1203 1
1203 1
1203 1
1203 1
1203 1
1203 1
1203 1
1203 1
1203 1
1203 1
1203 1
1203 1
1203 1
1246 1
1246 1
1246 1
1246 1
1246 1
1246 1
1246 1
1246 1
1246 1
1246 1
1246 1
1246 1
1246 1
1246 1
1246 1
1246 1
1246 1
1246 1
1246 1
1246 1
1246 1
1246 1
1246 1
1246 1
1246 1
1246 1
1246 1
1246 1
1246 1
1246 1
1246 1
1246 1
1246 1
1246 1
1246 1
1246 1
1246 1
1287 1
1287 1
1287 1
1287 1
1287 1
1287 1
1287 1
1287 1
1287 1
1287 1
1287 1
1287 1
1287 1
1287 1
1287 1
1287 1
1287 1
1287 1
1287 1
1287 1
1287 1
1287 1
1287 1
1287 1
1287 1
1287 1
1287 1
1287 1
1287 1
1287 1
1287 1
1287 1
1287 1
1287 1
1287 1
1287 1
1287 1
1452 1
1452 1
1452 1
1452 1
1452 1
1452 1
1452 1
1452 1
1452 1
1452 1
1452 1
1452 1
1452 1
1452 1
1452 1
1452 1
1452 1
1452 1
1452 1
1452 1
1452 1
1452 1
1452 1
1452 1
1452 1
1452 1
1452 1
1452 1
1452 1
1452 1
1452 1
1452 1
1452 1
1452 1
1452 1
1452 1
1452 1
1643 1
1643 1
1643 1
1643 1
1643 1
1643 1
1643 1
1643 1
1643 1
1643 1
1643 1
1643 1
1643 1
1643 1
1643 1
1643 1
1643 1
1643 1
1643 1
1643 1
1643 1
1643 1
1643 1
1643 1
1643 1
1643 1
1643 1
1643 1
1643 1
1643 1
1643 1
1643 1
1643 1
1643 1
1643 1
1643 1
1643 1
1701 1
1701 1
1701 1
1701 1
1701 1
1701 1
1701 1
1701 1
1701 1
1701 1
1701 1
1701 1
1701 1
1701 1
1701 1
1701 1
1701 1
1701 1
1701 1
1701 1
1701 1
1701 1
1701 1
1701 1
1701 1
1701 1
1701 1
1701 1
1701 1
1701 1
1701 1
1701 1
1701 1
1701 1
1701 1
1701 1
1701 1
1758 1
1758 1
1758 1
1758 1
1758 1
1758 1
1758 1
1758 1
1758 1
1758 1
1758 1
1758 1
1758 1
1758 1
1758 1
1758 1
1758 1
1758 1
1758 1
1758 1
1758 1
1758 1
1758 1
1758 1
1758 1
1758 1
1758 1
1758 1
1758 1
1758 1
1758 1
1758 1
1758 1
1758 1
1758 1
1758 1
1758 1
1821 1
1821 1
1821 1
1821 1
1821 1
1821 1
1821 1
1821 1
1821 1
1821 1
1821 1
1821 1
1821 1
1821 1
1821 1
1821 1
1821 1
1821 1
1821 1
1821 1
1821 1
1821 1
1821 1
1821 1
1821 1
1821 1
1821 1
1821 1
1821 1
1821 1
1821 1
1821 1
1821 1
1821 1
1821 1
1821 1
1821 1
2128 1
2128 1
2128 1
2128 1
2128 1
2128 1
2128 1
2128 1
2128 1
2128 1
2128 1
2128 1
2128 1
2128 1
2128 1
2128 1
2128 1
2128 1
2128 1
2128 1
2128 1
2128 1
2128 1
2128 1
2128 1
2128 1
2128 1
2128 1
2128 1
2128 1
2128 1
2128 1
2128 1
2128 1
2128 1
2128 1
2128 1
37141 1
37141 1
37141 1
37141 1
37141 1
37141 1
37141 1
37141 1
37141 1
37141 1
37141 1
37141 1
37141 1
37141 1
37141 1
37141 1
37141 1
37141 1
37141 1
37141 1
37141 1
37141 1
37141 1
37141 1
37141 1
37141 1
37141 1
37141 1
37141 1
37141 1
37141 1
37141 1
37141 1
37141 1
37141 1
37141 1
37141 1
666 1
666 1
666 1
666 1
666 1
666 1
666 1
666 1
666 1
666 1
666 1
666 1
666 1
666 1
666 1
666 1
666 1
666 1
666 1
666 1
666 1
666 1
666 1
666 1
666 1
666 1
666 1
666 1
666 1
666 1
666 1
666 1
666 1
666 1
666 1
666 1
666 1
693 1
693 1
693 1
693 1
693 1
693 1
693 1
693 1
693 1
693 1
693 1
693 1
693 1
693 1
693 1
693 1
693 1
693 1
693 1
693 1
693 1
693 1
693 1
693 1
693 1
693 1
693 1
693 1
693 1
693 1
693 1
693 1
693 1
693 1
693 1
693 1
693 1
721 1
721 1
721 1
721 1
721 1
721 1
721 1
721 1
721 1
721 1
721 1
721 1
721 1
721 1
721 1
721 1
721 1
721 1
721 1
721 1
721 1
721 1
721 1
721 1
721 1
721 1
721 1
721 1
721 1
721 1
721 1
721 1
721 1
721 1
721 1
721 1
721 1
749 1
749 1
749 1
749 1
749 1
749 1
749 1
749 1
749 1
749 1
749 1
749 1
749 1
749 1
749 1
749 1
749 1
749 1
749 1
749 1
749 1
749 1
749 1
749 1
749 1
749 1
749 1
749 1
749 1
749 1
749 1
749 1
749 1
749 1
749 1
749 1
749 1
779 1
779 1
779 1
779 1
779 1
779 1
779 1
779 1
779 1
779 1
779 1
779 1
779 1
779 1
779 1
779 1
779 1
779 1
779 1
779 1
779 1
779 1
779 1
779 1
779 1
779 1
779 1
779 1
779 1
779 1
779 1
779 1
779 1
779 1
779 1
779 1
779 1
1039 1
1039 1
1039 1
1039 1
1039 1
1039 1
1039 1
1039 1
1039 1
1039 1
1039 1
1039 1
1039 1
1039 1
1039 1
1039 1
1039 1
1039 1
1039 1
1039 1
1039 1
1039 1
1039 1
1039 1
1039 1
1039 1
1039 1
1039 1
1039 1
1039 1
1039 1
1039 1
1039 1
1039 1
1039 1
1039 1
1039 1
1163 1
1163 1
1163 1
1163 1
1163 1
1163 1
1163 1
1163 1
1163 1
1163 1
1163 1
1163 1
1163 1
1163 1
1163 1
1163 1
1163 1
1163 1
1163 1
1163 1
1163 1
1163 1
1163 1
1163 1
1163 1
1163 1
1163 1
1163 1
1163 1
1163 1
1163 1
1163 1
1163 1
1163 1
1163 1
1163 1
1163 1
1204 1
1204 1
1204 1
1204 1
1204 1
1204 1
1204 1
1204 1
1204 1
1204 1
1204 1
1204 1
1204 1
1204 1
1204 1
1204 1
1204 1
1204 1
1204 1
1204 1
1204 1
1204 1
1204 1
1204 1
1204 1
1204 1
1204 1
1204 1
1204 1
1204 1
1204 1
1204 1
1204 1
1204 1
1204 1
1204 1
1204 1
1247 1
1247 1
1247 1
1247 1
1247 1
1247 1
1247 1
1247 1
1247 1
1247 1
1247 1
1247 1
1247 1
1247 1
1247 1
1247 1
1247 1
1247 1
1247 1
1247 1
1247 1
1247 1
1247 1
1247 1
1247 1
1247 1
1247 1
1247 1
1247 1
1247 1
1247 1
1247 1
1247 1
1247 1
1247 1
1247 1
1247 1
1288 1
1288 1
1288 1
1288 1
1288 1
1288 1
1288 1
1288 1
1288 1
1288 1
1288 1
1288 1
1288 1
1288 1
1288 1
1288 1
1288 1
1288 1
1288 1
1288 1
1288 1
1288 1
1288 1
1288 1
1288 1
1288 1
1288 1
1288 1
1288 1
1288 1
1288 1
1288 1
1288 1
1288 1
1288 1
1288 1
1288 1
1330 1
1330 1
1330 1
1330 1
1330 1
1330 1
1330 1
1330 1
1330 1
1330 1
1330 1
1330 1
1330 1
1330 1
1330 1
1330 1
1330 1
1330 1
1330 1
1330 1
1330 1
1330 1
1330 1
1330 1
1330 1
1330 1
1330 1
1330 1
1330 1
1330 1
1330 1
1330 1
1330 1
1330 1
1330 1
1330 1
1330 1
1408 1
1408 1
1408 1
1408 1
1408 1
1408 1
1408 1
1408 1
1408 1
1408 1
1408 1
1408 1
1408 1
1408 1
1408 1
1408 1
1408 1
1408 1
1408 1
1408 1
1408 1
1408 1
1408 1
1408 1
1408 1
1408 1
1408 1
1408 1
1408 1
1408 1
1408 1
1408 1
1408 1
1408 1
1408 1
1408 1
1408 1
1596 1
1596 1
1596 1
1596 1
1596 1
1596 1
1596 1
1596 1
1596 1
1596 1
1596 1
1596 1
1596 1
1596 1
1596 1
1596 1
1596 1
1596 1
1596 1
1596 1
1596 1
1596 1
1596 1
1596 1
1596 1
1596 1
1596 1
1596 1
1596 1
1596 1
1596 1
1596 1
1596 1
1596 1
1596 1
1596 1
1596 1
841 1
841 1
841 1
841 1
841 1
841 1
841 1
841 1
841 1
841 1
841 1
841 1
841 1
841 1
841 1
841 1
841 1
841 1
841 1
841 1
841 1
841 1
841 1
841 1
841 1
841 1
841 1
841 1
841 1
841 1
841 1
841 1
841 1
841 1
841 1
841 1
841 1
873 1
873 1
873 1
873 1
873 1
873 1
873 1
873 1
873 1
873 1
873 1
873 1
873 1
873 1
873 1
873 1
873 1
873 1
873 1
873 1
873 1
873 1
873 1
873 1
873 1
873 1
873 1
873 1
873 1
873 1
873 1
873 1
873 1
873 1
873 1
873 1
873 1
904 1
904 1
904 1
904 1
904 1
904 1
904 1
904 1
904 1
904 1
904 1
904 1
904 1
904 1
904 1
904 1
904 1
904 1
904 1
904 1
904 1
904 1
904 1
904 1
904 1
904 1
904 1
904 1
904 1
904 1
904 1
904 1
904 1
904 1
904 1
904 1
904 1
936 1
936 1
936 1
936 1
936 1
936 1
936 1
936 1
936 1
936 1
936 1
936 1
936 1
936 1
936 1
936 1
936 1
936 1
936 1
936 1
936 1
936 1
936 1
936 1
936 1
936 1
936 1
936 1
936 1
936 1
936 1
936 1
936 1
936 1
936 1
936 1
936 1
969 1
969 1
969 1
969 1
969 1
969 1
969 1
969 1
969 1
969 1
969 1
969 1
969 1
969 1
969 1
969 1
969 1
969 1
969 1
969 1
969 1
969 1
969 1
969 1
969 1
969 1
969 1
969 1
969 1
969 1
969 1
969 1
969 1
969 1
969 1
969 1
969 1
1004 1
1004 1
1004 1
1004 1
1004 1
1004 1
1004 1
1004 1
1004 1
1004 1
1004 1
1004 1
1004 1
1004 1
1004 1
1004 1
1004 1
1004 1
1004 1
1004 1
1004 1
1004 1
1004 1
1004 1
1004 1
1004 1
1004 1
1004 1
1004 1
1004 1
1004 1
1004 1
1004 1
1004 1
1004 1
1004 1
1004 1
1040 1
1040 1
1040 1
1040 1
1040 1
1040 1
1040 1
1040 1
1040 1
1040 1
1040 1
1040 1
1040 1
1040 1
1040 1
1040 1
1040 1
1040 1
1040 1
1040 1
1040 1
1040 1
1040 1
1040 1
1040 1
1040 1
1040 1
1040 1
1040 1
1040 1
1040 1
1040 1
1040 1
1040 1
1040 1
1040 1
1040 1
1331 1
1331 1
1331 1
1331 1
1331 1
1331 1
1331 1
1331 1
1331 1
1331 1
1331 1
1331 1
1331 1
1331 1
1331 1
1331 1
1331 1
1331 1
1331 1
1331 1
1331 1
1331 1
1331 1
1331 1
1331 1
1331 1
1331 1
1331 1
1331 1
1331 1
1331 1
1331 1
1331 1
1331 1
1331 1
1331 1
1331 1
1645 1
1645 1
1645 1
1645 1
1645 1
1645 1
1645 1
1645 1
1645 1
1645 1
1645 1
1645 1
1645 1
1645 1
1645 1
1645 1
1645 1
1645 1
1645 1
1645 1
1645 1
1645 1
1645 1
1645 1
1645 1
1645 1
1645 1
1645 1
1645 1
1645 1
1645 1
1645 1
1645 1
1645 1
1645 1
1645 1
1645 1
1893 1
1893 1
1893 1
1893 1
1893 1
1893 1
1893 1
1893 1
1893 1
1893 1
1893 1
1893 1
1893 1
1893 1
1893 1
1893 1
1893 1
1893 1
1893 1
1893 1
1893 1
1893 1
1893 1
1893 1
1893 1
1893 1
1893 1
1893 1
1893 1
1893 1
1893 1
1893 1
1893 1
1893 1
1893 1
1893 1
1893 1
2044 1
2044 1
2044 1
2044 1
2044 1
2044 1
2044 1
2044 1
2044 1
2044 1
2044 1
2044 1
2044 1
2044 1
2044 1
2044 1
2044 1
2044 1
2044 1
2044 1
2044 1
2044 1
2044 1
2044 1
2044 1
2044 1
2044 1
2044 1
2044 1
2044 1
2044 1
2044 1
2044 1
2044 1
2044 1
2044 1
2044 1
2216 1
2216 1
2216 1
2216 1
2216 1
2216 1
2216 1
2216 1
2216 1
2216 1
2216 1
2216 1
2216 1
2216 1
2216 1
2216 1
2216 1
2216 1
2216 1
2216 1
2216 1
2216 1
2216 1
2216 1
2216 1
2216 1
2216 1
2216 1
2216 1
2216 1
2216 1
2216 1
2216 1
2216 1
2216 1
2216 1
2216 1
2471 1
2471 1
2471 1
2471 1
2471 1
2471 1
2471 1
2471 1
2471 1
2471 1
2471 1
2471 1
2471 1
2471 1
2471 1
2471 1
2471 1
2471 1
2471 1
2471 1
2471 1
2471 1
2471 1
2471 1
2471 1
2471 1
2471 1
2471 1
2471 1
2471 1
2471 1
2471 1
2471 1
2471 1
2471 1
2471 1
2471 1
2565 1
2565 1
2565 1
2565 1
2565 1
2565 1
2565 1
2565 1
2565 1
2565 1
2565 1
2565 1
2565 1
2565 1
2565 1
2565 1
2565 1
2565 1
2565 1
2565 1
2565 1
2565 1
2565 1
2565 1
2565 1
2565 1
2565 1
2565 1
2565 1
2565 1
2565 1
2565 1
2565 1
2565 1
2565 1
2565 1
2565 1
874 1
874 1
874 1
874 1
874 1
874 1
874 1
874 1
874 1
874 1
874 1
874 1
874 1
874 1
874 1
874 1
874 1
874 1
874 1
874 1
874 1
874 1
874 1
874 1
874 1
874 1
874 1
874 1
874 1
874 1
874 1
874 1
874 1
874 1
874 1
874 1
874 1
937 1
937 1
937 1
937 1
937 1
937 1
937 1
937 1
937 1
937 1
937 1
937 1
937 1
937 1
937 1
937 1
937 1
937 1
937 1
937 1
937 1
937 1
937 1
937 1
937 1
937 1
937 1
937 1
937 1
937 1
937 1
937 1
937 1
937 1
937 1
937 1
937 1
970 1
970 1
970 1
970 1
970 1
970 1
970 1
970 1
970 1
970 1
970 1
970 1
970 1
970 1
970 1
970 1
970 1
970 1
970 1
970 1
970 1
970 1
970 1
970 1
970 1
970 1
970 1
970 1
970 1
970 1
970 1
970 1
970 1
970 1
970 1
970 1
970 1
1005 1
1005 1
1005 1
1005 1
1005 1
1005 1
1005 1
1005 1
1005 1
1005 1
1005 1
1005 1
1005 1
1005 1
1005 1
1005 1
1005 1
1005 1
1005 1
1005 1
1005 1
1005 1
1005 1
1005 1
1005 1
1005 1
1005 1
1005 1
1005 1
1005 1
1005 1
1005 1
1005 1
1005 1
1005 1
1005 1
1005 1
1041 1
1041 1
1041 1
1041 1
1041 1
1041 1
1041 1
1041 1
1041 1
1041 1
1041 1
1041 1
1041 1
1041 1
1041 1
1041 1
1041 1
1041 1
1041 1
1041 1
1041 1
1041 1
1041 1
1041 1
1041 1
1041 1
1041 1
1041 1
1041 1
1041 1
1041 1
1041 1
1041 1
1041 1
1041 1
1041 1
1041 1
1080 1
1080 1
1080 1
1080 1
1080 1
1080 1
1080 1
1080 1
1080 1
1080 1
1080 1
1080 1
1080 1
1080 1
1080 1
1080 1
1080 1
1080 1
1080 1
1080 1
1080 1
1080 1
1080 1
1080 1
1080 1
1080 1
1080 1
1080 1
1080 1
1080 1
1080 1
1080 1
1080 1
1080 1
1080 1
1080 1
1080 1
1121 1
1121 1
1121 1
1121 1
1121 1
1121 1
1121 1
1121 1
1121 1
1121 1
1121 1
1121 1
1121 1
1121 1
1121 1
1121 1
1121 1
1121 1
1121 1
1121 1
1121 1
1121 1
1121 1
1121 1
1121 1
1121 1
1121 1
1121 1
1121 1
1121 1
1121 1
1121 1
1121 1
1121 1
1121 1
1121 1
1121 1
1165 1
1165 1
1165 1
1165 1
1165 1
1165 1
1165 1
1165 1
1165 1
1165 1
1165 1
1165 1
1165 1
1165 1
1165 1
1165 1
1165 1
1165 1
1165 1
1165 1
1165 1
1165 1
1165 1
1165 1
1165 1
1165 1
1165 1
1165 1
1165 1
1165 1
1165 1
1165 1
1165 1
1165 1
1165 1
1165 1
1165 1
1206 1
1206 1
1206 1
1206 1
1206 1
1206 1
1206 1
1206 1
1206 1
1206 1
1206 1
1206 1
1206 1
1206 1
1206 1
1206 1
1206 1
1206 1
1206 1
1206 1
1206 1
1206 1
1206 1
1206 1
1206 1
1206 1
1206 1
1206 1
1206 1
1206 1
1206 1
1206 1
1206 1
1206 1
1206 1
1206 1
1206 1
1249 1
1249 1
1249 1
1249 1
1249 1
1249 1
1249 1
1249 1
1249 1
1249 1
1249 1
1249 1
1249 1
1249 1
1249 1
1249 1
1249 1
1249 1
1249 1
1249 1
1249 1
1249 1
1249 1
1249 1
1249 1
1249 1
1249 1
1249 1
1249 1
1249 1
1249 1
1249 1
1249 1
1249 1
1249 1
1249 1
1249 1
2300 1
2300 1
2300 1
2300 1
2300 1
2300 1
2300 1
2300 1
2300 1
2300 1
2300 1
2300 1
2300 1
2300 1
2300 1
2300 1
2300 1
2300 1
2300 1
2300 1
2300 1
2300 1
2300 1
2300 1
2300 1
2300 1
2300 1
2300 1
2300 1
2300 1
2300 1
2300 1
2300 1
2300 1
2300 1
2300 1
2300 1
2382 1
2382 1
2382 1
2382 1
2382 1
2382 1
2382 1
2382 1
2382 1
2382 1
2382 1
2382 1
2382 1
2382 1
2382 1
2382 1
2382 1
2382 1
2382 1
2382 1
2382 1
2382 1
2382 1
2382 1
2382 1
2382 1
2382 1
2382 1
2382 1
2382 1
2382 1
2382 1
2382 1
2382 1
2382 1
2382 1
2382 1
2566 1
2566 1
2566 1
2566 1
2566 1
2566 1
2566 1
2566 1
2566 1
2566 1
2566 1
2566 1
2566 1
2566 1
2566 1
2566 1
2566 1
2566 1
2566 1
2566 1
2566 1
2566 1
2566 1
2566 1
2566 1
2566 1
2566 1
2566 1
2566 1
2566 1
2566 1
2566 1
2566 1
2566 1
2566 1
2566 1
2566 1
2658 1
2658 1
2658 1
2658 1
2658 1
2658 1
2658 1
2658 1
2658 1
2658 1
2658 1
2658 1
2658 1
2658 1
2658 1
2658 1
2658 1
2658 1
2658 1
2658 1
2658 1
2658 1
2658 1
2658 1
2658 1
2658 1
2658 1
2658 1
2658 1
2658 1
2658 1
2658 1
2658 1
2658 1
2658 1
2658 1
2658 1
34786 1
34786 1
34786 1
34786 1
34786 1
34786 1
34786 1
34786 1
34786 1
34786 1
34786 1
34786 1
34786 1
34786 1
34786 1
34786 1
34786 1
34786 1
34786 1
34786 1
34786 1
34786 1
34786 1
34786 1
34786 1
34786 1
34786 1
34786 1
34786 1
34786 1
34786 1
34786 1
34786 1
34786 1
34786 1
34786 1
34786 1
971 1
971 1
971 1
971 1
971 1
971 1
971 1
971 1
971 1
971 1
971 1
971 1
971 1
971 1
971 1
971 1
971 1
971 1
971 1
971 1
971 1
971 1
971 1
971 1
971 1
971 1
971 1
971 1
971 1
971 1
971 1
971 1
971 1
971 1
971 1
971 1
971 1
1081 1
1081 1
1081 1
1081 1
1081 1
1081 1
1081 1
1081 1
1081 1
1081 1
1081 1
1081 1
1081 1
1081 1
1081 1
1081 1
1081 1
1081 1
1081 1
1081 1
1081 1
1081 1
1081 1
1081 1
1081 1
1081 1
1081 1
1081 1
1081 1
1081 1
1081 1
1081 1
1081 1
1081 1
1081 1
1081 1
1081 1
1122 1
1122 1
1122 1
1122 1
1122 1
1122 1
1122 1
1122 1
1122 1
1122 1
1122 1
1122 1
1122 1
1122 1
1122 1
1122 1
1122 1
1122 1
1122 1
1122 1
1122 1
1122 1
1122 1
1122 1
1122 1
1122 1
1122 1
1122 1
1122 1
1122 1
1122 1
1122 1
1122 1
1122 1
1122 1
1122 1
1122 1
2301 1
2301 1
2301 1
2301 1
2301 1
2301 1
2301 1
2301 1
2301 1
2301 1
2301 1
2301 1
2301 1
2301 1
2301 1
2301 1
2301 1
2301 1
2301 1
2301 1
2301 1
2301 1
2301 1
2301 1
2301 1
2301 1
2301 1
2301 1
2301 1
2301 1
2301 1
2301 1
2301 1
2301 1
2301 1
2301 1
2301 1
2383 1
2383 1
2383 1
2383 1
2383 1
2383 1
2383 1
2383 1
2383 1
2383 1
2383 1
2383 1
2383 1
2383 1
2383 1
2383 1
2383 1
2383 1
2383 1
2383 1
2383 1
2383 1
2383 1
2383 1
2383 1
2383 1
2383 1
2383 1
2383 1
2383 1
2383 1
2383 1
2383 1
2383 1
2383 1
2383 1
2383 1
1208 1
1208 1
1208 1
1208 1
1208 1
1208 1
1208 1
1208 1
1208 1
1208 1
1208 1
1208 1
1208 1
1208 1
1208 1
1208 1
1208 1
1208 1
1208 1
1208 1
1208 1
1208 1
1208 1
1208 1
1208 1
1208 1
1208 1
1208 1
1208 1
1208 1
1208 1
1208 1
1208 1
1208 1
1208 1
1208 1
1208 1
35195 1
35195 1
35195 1
35195 1
35195 1
35195 1
35195 1
35195 1
35195 1
35195 1
35195 1
35195 1
35195 1
35195 1
35195 1
35195 1
35195 1
35195 1
35195 1
35195 1
35195 1
35195 1
35195 1
35195 1
35195 1
35195 1
35195 1
35195 1
35195 1
35195 1
35195 1
35195 1
35195 1
35195 1
35195 1
35195 1
35195 1
34292 1
34292 1
34292 1
34292 1
34292 1
34292 1
34292 1
34292 1
34292 1
34292 1
34292 1
34292 1
34292 1
34292 1
34292 1
34292 1
34292 1
34292 1
34292 1
34292 1
34292 1
34292 1
34292 1
34292 1
34292 1
34292 1
34292 1
34292 1
34292 1
34292 1
34292 1
34292 1
34292 1
34292 1
34292 1
34292 1
34292 1
34494 1
34494 1
34494 1
34494 1
34494 1
34494 1
34494 1
34494 1
34494 1
34494 1
34494 1
34494 1
34494 1
34494 1
34494 1
34494 1
34494 1
34494 1
34494 1
34494 1
34494 1
34494 1
34494 1
34494 1
34494 1
34494 1
34494 1
34494 1
34494 1
34494 1
34494 1
34494 1
34494 1
34494 1
34494 1
34494 1
34494 1
34593 1
34593 1
34593 1
34593 1
34593 1
34593 1
34593 1
34593 1
34593 1
34593 1
34593 1
34593 1
34593 1
34593 1
34593 1
34593 1
34593 1
34593 1
34593 1
34593 1
34593 1
34593 1
34593 1
34593 1
34593 1
34593 1
34593 1
34593 1
34593 1
34593 1
34593 1
34593 1
34593 1
34593 1
34593 1
34593 1
34593 1
34691 1
34691 1
34691 1
34691 1
34691 1
34691 1
34691 1
34691 1
34691 1
34691 1
34691 1
34691 1
34691 1
34691 1
34691 1
34691 1
34691 1
34691 1
34691 1
34691 1
34691 1
34691 1
34691 1
34691 1
34691 1
34691 1
34691 1
34691 1
34691 1
34691 1
34691 1
34691 1
34691 1
34691 1
34691 1
34691 1
34691 1
32589 1
32589 1
32589 1
32589 1
32589 1
32589 1
32589 1
32589 1
32589 1
32589 1
32589 1
32589 1
32589 1
32589 1
32589 1
32589 1
32589 1
32589 1
32589 1
32589 1
32589 1
32589 1
32589 1
32589 1
32589 1
32589 1
32589 1
32589 1
32589 1
32589 1
32589 1
32589 1
32589 1
32589 1
32589 1
32589 1
32589 1
31613 1
31613 1
31613 1
31613 1
31613 1
31613 1
31613 1
31613 1
31613 1
31613 1
31613 1
31613 1
31613 1
31613 1
31613 1
31613 1
31613 1
31613 1
31613 1
31613 1
31613 1
31613 1
31613 1
31613 1
31613 1
31613 1
31613 1
31613 1
31613 1
31613 1
31613 1
31613 1
31613 1
31613 1
31613 1
31613 1
31613 1
33984 1
33984 1
33984 1
33984 1
33984 1
33984 1
33984 1
33984 1
33984 1
33984 1
33984 1
33984 1
33984 1
33984 1
33984 1
33984 1
33984 1
33984 1
33984 1
33984 1
33984 1
33984 1
33984 1
33984 1
33984 1
33984 1
33984 1
33984 1
33984 1
33984 1
33984 1
33984 1
33984 1
33984 1
33984 1
33984 1
33984 1
33134 1
33134 1
33134 1
33134 1
33134 1
33134 1
33134 1
33134 1
33134 1
33134 1
33134 1
33134 1
33134 1
33134 1
33134 1
33134 1
33134 1
33134 1
33134 1
33134 1
33134 1
33134 1
33134 1
33134 1
33134 1
33134 1
33134 1
33134 1
33134 1
33134 1
33134 1
33134 1
33134 1
33134 1
33134 1
33134 1
33134 1
32919 1
32919 1
32919 1
32919 1
32919 1
32919 1
32919 1
32919 1
32919 1
32919 1
32919 1
32919 1
32919 1
32919 1
32919 1
32919 1
32919 1
32919 1
32919 1
32919 1
32919 1
32919 1
32919 1
32919 1
32919 1
32919 1
32919 1
32919 1
32919 1
32919 1
32919 1
32919 1
32919 1
32919 1
32919 1
32919 1
32919 1
33882 1
33882 1
33882 1
33882 1
33882 1
33882 1
33882 1
33882 1
33882 1
33882 1
33882 1
33882 1
33882 1
33882 1
33882 1
33882 1
33882 1
33882 1
33882 1
33882 1
33882 1
33882 1
33882 1
33882 1
33882 1
33882 1
33882 1
33882 1
33882 1
33882 1
33882 1
33882 1
33882 1
33882 1
33882 1
33882 1
33882 1
33352 1
33352 1
33352 1
33352 1
33352 1
33352 1
33352 1
33352 1
33352 1
33352 1
33352 1
33352 1
33352 1
33352 1
33352 1
33352 1
33352 1
33352 1
33352 1
33352 1
33352 1
33352 1
33352 1
33352 1
33352 1
33352 1
33352 1
33352 1
33352 1
33352 1
33352 1
33352 1
33352 1
33352 1
33352 1
33352 1
33352 1
33030 1
33030 1
33030 1
33030 1
33030 1
33030 1
33030 1
33030 1
33030 1
33030 1
33030 1
33030 1
33030 1
33030 1
33030 1
33030 1
33030 1
33030 1
33030 1
33030 1
33030 1
33030 1
33030 1
33030 1
33030 1
33030 1
33030 1
33030 1
33030 1
33030 1
33030 1
33030 1
33030 1
33030 1
33030 1
33030 1
33030 1
33567 1
33567 1
33567 1
33567 1
33567 1
33567 1
33567 1
33567 1
33567 1
33567 1
33567 1
33567 1
33567 1
33567 1
33567 1
33567 1
33567 1
33567 1
33567 1
33567 1
33567 1
33567 1
33567 1
33567 1
33567 1
33567 1
33567 1
33567 1
33567 1
33567 1
33567 1
33567 1
33567 1
33567 1
33567 1
33567 1
33567 1
33673 1
33673 1
33673 1
33673 1
33673 1
33673 1
33673 1
33673 1
33673 1
33673 1
33673 1
33673 1
33673 1
33673 1
33673 1
33673 1
33673 1
33673 1
33673 1
33673 1
33673 1
33673 1
33673 1
33673 1
33673 1
33673 1
33673 1
33673 1
33673 1
33673 1
33673 1
33673 1
33673 1
33673 1
33673 1
33673 1
33673 1
33779 1
33779 1
33779 1
33779 1
33779 1
33779 1
33779 1
33779 1
33779 1
33779 1
33779 1
33779 1
33779 1
33779 1
33779 1
33779 1
33779 1
33779 1
33779 1
33779 1
33779 1
33779 1
33779 1
33779 1
33779 1
33779 1
33779 1
33779 1
33779 1
33779 1
33779 1
33779 1
33779 1
33779 1
33779 1
33779 1
33779 1
33884 1
33884 1
33884 1
33884 1
33884 1
33884 1
33884 1
33884 1
33884 1
33884 1
33884 1
33884 1
33884 1
33884 1
33884 1
33884 1
33884 1
33884 1
33884 1
33884 1
33884 1
33884 1
33884 1
33884 1
33884 1
33884 1
33884 1
33884 1
33884 1
33884 1
33884 1
33884 1
33884 1
33884 1
33884 1
33884 1
33884 1
33250 1
33250 1
33250 1
33250 1
33250 1
33250 1
33250 1
33250 1
33250 1
33250 1
33250 1
33250 1
33250 1
33250 1
33250 1
33250 1
33250 1
33250 1
33250 1
33250 1
33250 1
33250 1
33250 1
33250 1
33250 1
33250 1
33250 1
33250 1
33250 1
33250 1
33250 1
33250 1
33250 1
33250 1
33250 1
33250 1
33250 1
33143 1
33143 1
33143 1
33143 1
33143 1
33143 1
33143 1
33143 1
33143 1
33143 1
33143 1
33143 1
33143 1
33143 1
33143 1
33143 1
33143 1
33143 1
33143 1
33143 1
33143 1
33143 1
33143 1
33143 1
33143 1
33143 1
33143 1
33143 1
33143 1
33143 1
33143 1
33143 1
33143 1
33143 1
33143 1
33143 1
33143 1
33251 1
33251 1
33251 1
33251 1
33251 1
33251 1
33251 1
33251 1
33251 1
33251 1
33251 1
33251 1
33251 1
33251 1
33251 1
33251 1
33251 1
33251 1
33251 1
33251 1
33251 1
33251 1
33251 1
33251 1
33251 1
33251 1
33251 1
33251 1
33251 1
33251 1
33251 1
33251 1
33251 1
33251 1
33251 1
33251 1
33251 1
33573 1
33573 1
33573 1
33573 1
33573 1
33573 1
33573 1
33573 1
33573 1
33573 1
33573 1
33573 1
33573 1
33573 1
33573 1
33573 1
33573 1
33573 1
33573 1
33573 1
33573 1
33573 1
33573 1
33573 1
33573 1
33573 1
33573 1
33573 1
33573 1
33573 1
33573 1
33573 1
33573 1
33573 1
33573 1
33573 1
33573 1
33037 1
33037 1
33037 1
33037 1
33037 1
33037 1
33037 1
33037 1
33037 1
33037 1
33037 1
33037 1
33037 1
33037 1
33037 1
33037 1
33037 1
33037 1
33037 1
33037 1
33037 1
33037 1
33037 1
33037 1
33037 1
33037 1
33037 1
33037 1
33037 1
33037 1
33037 1
33037 1
33037 1
33037 1
33037 1
33037 1
33037 1
33254 1
33254 1
33254 1
33254 1
33254 1
33254 1
33254 1
33254 1
33254 1
33254 1
33254 1
33254 1
33254 1
33254 1
33254 1
33254 1
33254 1
33254 1
33254 1
33254 1
33254 1
33254 1
33254 1
33254 1
33254 1
33254 1
33254 1
33254 1
33254 1
33254 1
33254 1
33254 1
33254 1
33254 1
33254 1
33254 1
33254 1
33255 1
33255 1
33255 1
33255 1
33255 1
33255 1
33255 1
33255 1
33255 1
33255 1
33255 1
33255 1
33255 1
33255 1
33255 1
33255 1
33255 1
33255 1
33255 1
33255 1
33255 1
33255 1
33255 1
33255 1
33255 1
33255 1
33255 1
33255 1
33255 1
33255 1
33255 1
33255 1
33255 1
33255 1
33255 1
33255 1
33255 1
33470 1
33470 1
33470 1
33470 1
33470 1
33470 1
33470 1
33470 1
33470 1
33470 1
33470 1
33470 1
33470 1
33470 1
33470 1
33470 1
33470 1
33470 1
33470 1
33470 1
33470 1
33470 1
33470 1
33470 1
33470 1
33470 1
33470 1
33470 1
33470 1
33470 1
33470 1
33470 1
33470 1
33470 1
33470 1
33470 1
33470 1
33149 1
33149 1
33149 1
33149 1
33149 1
33149 1
33149 1
33149 1
33149 1
33149 1
33149 1
33149 1
33149 1
33149 1
33149 1
33149 1
33149 1
33149 1
33149 1
33149 1
33149 1
33149 1
33149 1
33149 1
33149 1
33149 1
33149 1
33149 1
33149 1
33149 1
33149 1
33149 1
33149 1
33149 1
33149 1
33149 1
33149 1
33044 1
33044 1
33044 1
33044 1
33044 1
33044 1
33044 1
33044 1
33044 1
33044 1
33044 1
33044 1
33044 1
33044 1
33044 1
33044 1
33044 1
33044 1
33044 1
33044 1
33044 1
33044 1
33044 1
33044 1
33044 1
33044 1
33044 1
33044 1
33044 1
33044 1
33044 1
33044 1
33044 1
33044 1
33044 1
33044 1
33044 1
