pt_graph cpue_kghour
1024 418.104831492066
1024 418.104831492066
1024 418.104831492066
1024 16.2976506140842
1024 46.407466436374
1024 46.407466436374
1024 0.208960843373494
1024 0.208960843373494
1024 0.120625281164897
1024 0
1024 0
1024 0.160325333507038
1024 28.3919163700434
1024 28.3919163700434
1024 0
1024 0.77906543442073
1024 0
1024 0
1024 1.0345236079077
1024 18.8755115600355
1024 18.8755115600355
1082 418.104831492066
1082 418.104831492066
1082 418.104831492066
1082 16.2976506140842
1082 46.407466436374
1082 46.407466436374
1082 0.208960843373494
1082 0.208960843373494
1082 0.120625281164897
1082 0
1082 0
1082 0.160325333507038
1082 28.3919163700434
1082 28.3919163700434
1082 0
1082 0.77906543442073
1082 0
1082 0
1082 1.0345236079077
1082 18.8755115600355
1082 18.8755115600355
1150 418.104831492066
1150 418.104831492066
1150 418.104831492066
1150 16.2976506140842
1150 46.407466436374
1150 46.407466436374
1150 0.208960843373494
1150 0.208960843373494
1150 0.120625281164897
1150 0
1150 0
1150 0.160325333507038
1150 28.3919163700434
1150 28.3919163700434
1150 0
1150 0.77906543442073
1150 0
1150 0
1150 1.0345236079077
1150 18.8755115600355
1150 18.8755115600355
1296 418.104831492066
1296 418.104831492066
1296 418.104831492066
1296 16.2976506140842
1296 46.407466436374
1296 46.407466436374
1296 0.208960843373494
1296 0.208960843373494
1296 0.120625281164897
1296 0
1296 0
1296 0.160325333507038
1296 28.3919163700434
1296 28.3919163700434
1296 0
1296 0.77906543442073
1296 0
1296 0
1296 1.0345236079077
1296 18.8755115600355
1296 18.8755115600355
1152 418.104831492066
1152 418.104831492066
1152 418.104831492066
1152 16.2976506140842
1152 46.407466436374
1152 46.407466436374
1152 0.208960843373494
1152 0.208960843373494
1152 0.120625281164897
1152 0
1152 0
1152 0.160325333507038
1152 28.3919163700434
1152 28.3919163700434
1152 0
1152 0.77906543442073
1152 0
1152 0
1152 1.0345236079077
1152 18.8755115600355
1152 18.8755115600355
729 418.104831492066
729 418.104831492066
729 418.104831492066
729 16.2976506140842
729 46.407466436374
729 46.407466436374
729 0.208960843373494
729 0.208960843373494
729 0.120625281164897
729 0
729 0
729 0.160325333507038
729 28.3919163700434
729 28.3919163700434
729 0
729 0.77906543442073
729 0
729 0
729 1.0345236079077
729 18.8755115600355
729 18.8755115600355
920 418.104831492066
920 418.104831492066
920 418.104831492066
920 16.2976506140842
920 46.407466436374
920 46.407466436374
920 0.208960843373494
920 0.208960843373494
920 0.120625281164897
920 0
920 0
920 0.160325333507038
920 28.3919163700434
920 28.3919163700434
920 0
920 0.77906543442073
920 0
920 0
920 1.0345236079077
920 18.8755115600355
920 18.8755115600355
874 418.104831492066
874 418.104831492066
874 418.104831492066
874 16.2976506140842
874 46.407466436374
874 46.407466436374
874 0.208960843373494
874 0.208960843373494
874 0.120625281164897
874 0
874 0
874 0.160325333507038
874 28.3919163700434
874 28.3919163700434
874 0
874 0.77906543442073
874 0
874 0
874 1.0345236079077
874 18.8755115600355
874 18.8755115600355
317 418.104831492066
317 418.104831492066
317 418.104831492066
317 16.2976506140842
317 46.407466436374
317 46.407466436374
317 0.208960843373494
317 0.208960843373494
317 0.120625281164897
317 0
317 0
317 0.160325333507038
317 28.3919163700434
317 28.3919163700434
317 0
317 0.77906543442073
317 0
317 0
317 1.0345236079077
317 18.8755115600355
317 18.8755115600355
731 418.104831492066
731 418.104831492066
731 418.104831492066
731 16.2976506140842
731 46.407466436374
731 46.407466436374
731 0.208960843373494
731 0.208960843373494
731 0.120625281164897
731 0
731 0
731 0.160325333507038
731 28.3919163700434
731 28.3919163700434
731 0
731 0.77906543442073
731 0
731 0
731 1.0345236079077
731 18.8755115600355
731 18.8755115600355
2273 418.104831492066
2273 418.104831492066
2273 418.104831492066
2273 16.2976506140842
2273 46.407466436374
2273 46.407466436374
2273 0.208960843373494
2273 0.208960843373494
2273 0.120625281164897
2273 0
2273 0
2273 0.160325333507038
2273 28.3919163700434
2273 28.3919163700434
2273 0
2273 0.77906543442073
2273 0
2273 0
2273 1.0345236079077
2273 18.8755115600355
2273 18.8755115600355
2185 418.104831492066
2185 418.104831492066
2185 418.104831492066
2185 16.2976506140842
2185 46.407466436374
2185 46.407466436374
2185 0.208960843373494
2185 0.208960843373494
2185 0.120625281164897
2185 0
2185 0
2185 0.160325333507038
2185 28.3919163700434
2185 28.3919163700434
2185 0
2185 0.77906543442073
2185 0
2185 0
2185 1.0345236079077
2185 18.8755115600355
2185 18.8755115600355
2090 418.104831492066
2090 418.104831492066
2090 418.104831492066
2090 16.2976506140842
2090 46.407466436374
2090 46.407466436374
2090 0.208960843373494
2090 0.208960843373494
2090 0.120625281164897
2090 0
2090 0
2090 0.160325333507038
2090 28.3919163700434
2090 28.3919163700434
2090 0
2090 0.77906543442073
2090 0
2090 0
2090 1.0345236079077
2090 18.8755115600355
2090 18.8755115600355
2186 418.104831492066
2186 418.104831492066
2186 418.104831492066
2186 16.2976506140842
2186 46.407466436374
2186 46.407466436374
2186 0.208960843373494
2186 0.208960843373494
2186 0.120625281164897
2186 0
2186 0
2186 0.160325333507038
2186 28.3919163700434
2186 28.3919163700434
2186 0
2186 0.77906543442073
2186 0
2186 0
2186 1.0345236079077
2186 18.8755115600355
2186 18.8755115600355
1997 418.104831492066
1997 418.104831492066
1997 418.104831492066
1997 16.2976506140842
1997 46.407466436374
1997 46.407466436374
1997 0.208960843373494
1997 0.208960843373494
1997 0.120625281164897
1997 0
1997 0
1997 0.160325333507038
1997 28.3919163700434
1997 28.3919163700434
1997 0
1997 0.77906543442073
1997 0
1997 0
1997 1.0345236079077
1997 18.8755115600355
1997 18.8755115600355
1905 418.104831492066
1905 418.104831492066
1905 418.104831492066
1905 16.2976506140842
1905 46.407466436374
1905 46.407466436374
1905 0.208960843373494
1905 0.208960843373494
1905 0.120625281164897
1905 0
1905 0
1905 0.160325333507038
1905 28.3919163700434
1905 28.3919163700434
1905 0
1905 0.77906543442073
1905 0
1905 0
1905 1.0345236079077
1905 18.8755115600355
1905 18.8755115600355
1829 418.104831492066
1829 418.104831492066
1829 418.104831492066
1829 16.2976506140842
1829 46.407466436374
1829 46.407466436374
1829 0.208960843373494
1829 0.208960843373494
1829 0.120625281164897
1829 0
1829 0
1829 0.160325333507038
1829 28.3919163700434
1829 28.3919163700434
1829 0
1829 0.77906543442073
1829 0
1829 0
1829 1.0345236079077
1829 18.8755115600355
1829 18.8755115600355
1920 418.104831492066
1920 418.104831492066
1920 418.104831492066
1920 16.2976506140842
1920 46.407466436374
1920 46.407466436374
1920 0.208960843373494
1920 0.208960843373494
1920 0.120625281164897
1920 0
1920 0
1920 0.160325333507038
1920 28.3919163700434
1920 28.3919163700434
1920 0
1920 0.77906543442073
1920 0
1920 0
1920 1.0345236079077
1920 18.8755115600355
1920 18.8755115600355
3259 418.104831492066
3259 418.104831492066
3259 418.104831492066
3259 16.2976506140842
3259 46.407466436374
3259 46.407466436374
3259 0.208960843373494
3259 0.208960843373494
3259 0.120625281164897
3259 0
3259 0
3259 0.160325333507038
3259 28.3919163700434
3259 28.3919163700434
3259 0
3259 0.77906543442073
3259 0
3259 0
3259 1.0345236079077
3259 18.8755115600355
3259 18.8755115600355
3617 418.104831492066
3617 418.104831492066
3617 418.104831492066
3617 16.2976506140842
3617 46.407466436374
3617 46.407466436374
3617 0.208960843373494
3617 0.208960843373494
3617 0.120625281164897
3617 0
3617 0
3617 0.160325333507038
3617 28.3919163700434
3617 28.3919163700434
3617 0
3617 0.77906543442073
3617 0
3617 0
3617 1.0345236079077
3617 18.8755115600355
3617 18.8755115600355
3534 418.104831492066
3534 418.104831492066
3534 418.104831492066
3534 16.2976506140842
3534 46.407466436374
3534 46.407466436374
3534 0.208960843373494
3534 0.208960843373494
3534 0.120625281164897
3534 0
3534 0
3534 0.160325333507038
3534 28.3919163700434
3534 28.3919163700434
3534 0
3534 0.77906543442073
3534 0
3534 0
3534 1.0345236079077
3534 18.8755115600355
3534 18.8755115600355
3779 418.104831492066
3779 418.104831492066
3779 418.104831492066
3779 16.2976506140842
3779 46.407466436374
3779 46.407466436374
3779 0.208960843373494
3779 0.208960843373494
3779 0.120625281164897
3779 0
3779 0
3779 0.160325333507038
3779 28.3919163700434
3779 28.3919163700434
3779 0
3779 0.77906543442073
3779 0
3779 0
3779 1.0345236079077
3779 18.8755115600355
3779 18.8755115600355
3417 418.104831492066
3417 418.104831492066
3417 418.104831492066
3417 16.2976506140842
3417 46.407466436374
3417 46.407466436374
3417 0.208960843373494
3417 0.208960843373494
3417 0.120625281164897
3417 0
3417 0
3417 0.160325333507038
3417 28.3919163700434
3417 28.3919163700434
3417 0
3417 0.77906543442073
3417 0
3417 0
3417 1.0345236079077
3417 18.8755115600355
3417 18.8755115600355
2916 418.104831492066
2916 418.104831492066
2916 418.104831492066
2916 16.2976506140842
2916 46.407466436374
2916 46.407466436374
2916 0.208960843373494
2916 0.208960843373494
2916 0.120625281164897
2916 0
2916 0
2916 0.160325333507038
2916 28.3919163700434
2916 28.3919163700434
2916 0
2916 0.77906543442073
2916 0
2916 0
2916 1.0345236079077
2916 18.8755115600355
2916 18.8755115600355
3620 418.104831492066
3620 418.104831492066
3620 418.104831492066
3620 16.2976506140842
3620 46.407466436374
3620 46.407466436374
3620 0.208960843373494
3620 0.208960843373494
3620 0.120625281164897
3620 0
3620 0
3620 0.160325333507038
3620 28.3919163700434
3620 28.3919163700434
3620 0
3620 0.77906543442073
3620 0
3620 0
3620 1.0345236079077
3620 18.8755115600355
3620 18.8755115600355
3663 418.104831492066
3663 418.104831492066
3663 418.104831492066
3663 16.2976506140842
3663 46.407466436374
3663 46.407466436374
3663 0.208960843373494
3663 0.208960843373494
3663 0.120625281164897
3663 0
3663 0
3663 0.160325333507038
3663 28.3919163700434
3663 28.3919163700434
3663 0
3663 0.77906543442073
3663 0
3663 0
3663 1.0345236079077
3663 18.8755115600355
3663 18.8755115600355
3703 418.104831492066
3703 418.104831492066
3703 418.104831492066
3703 16.2976506140842
3703 46.407466436374
3703 46.407466436374
3703 0.208960843373494
3703 0.208960843373494
3703 0.120625281164897
3703 0
3703 0
3703 0.160325333507038
3703 28.3919163700434
3703 28.3919163700434
3703 0
3703 0.77906543442073
3703 0
3703 0
3703 1.0345236079077
3703 18.8755115600355
3703 18.8755115600355
3209 418.104831492066
3209 418.104831492066
3209 418.104831492066
3209 16.2976506140842
3209 46.407466436374
3209 46.407466436374
3209 0.208960843373494
3209 0.208960843373494
3209 0.120625281164897
3209 0
3209 0
3209 0.160325333507038
3209 28.3919163700434
3209 28.3919163700434
3209 0
3209 0.77906543442073
3209 0
3209 0
3209 1.0345236079077
3209 18.8755115600355
3209 18.8755115600355
3374 418.104831492066
3374 418.104831492066
3374 418.104831492066
3374 16.2976506140842
3374 46.407466436374
3374 46.407466436374
3374 0.208960843373494
3374 0.208960843373494
3374 0.120625281164897
3374 0
3374 0
3374 0.160325333507038
3374 28.3919163700434
3374 28.3919163700434
3374 0
3374 0.77906543442073
3374 0
3374 0
3374 1.0345236079077
3374 18.8755115600355
3374 18.8755115600355
3462 418.104831492066
3462 418.104831492066
3462 418.104831492066
3462 16.2976506140842
3462 46.407466436374
3462 46.407466436374
3462 0.208960843373494
3462 0.208960843373494
3462 0.120625281164897
3462 0
3462 0
3462 0.160325333507038
3462 28.3919163700434
3462 28.3919163700434
3462 0
3462 0.77906543442073
3462 0
3462 0
3462 1.0345236079077
3462 18.8755115600355
3462 18.8755115600355
3499 418.104831492066
3499 418.104831492066
3499 418.104831492066
3499 16.2976506140842
3499 46.407466436374
3499 46.407466436374
3499 0.208960843373494
3499 0.208960843373494
3499 0.120625281164897
3499 0
3499 0
3499 0.160325333507038
3499 28.3919163700434
3499 28.3919163700434
3499 0
3499 0.77906543442073
3499 0
3499 0
3499 1.0345236079077
3499 18.8755115600355
3499 18.8755115600355
3537 418.104831492066
3537 418.104831492066
3537 418.104831492066
3537 16.2976506140842
3537 46.407466436374
3537 46.407466436374
3537 0.208960843373494
3537 0.208960843373494
3537 0.120625281164897
3537 0
3537 0
3537 0.160325333507038
3537 28.3919163700434
3537 28.3919163700434
3537 0
3537 0.77906543442073
3537 0
3537 0
3537 1.0345236079077
3537 18.8755115600355
3537 18.8755115600355
3664 418.104831492066
3664 418.104831492066
3664 418.104831492066
3664 16.2976506140842
3664 46.407466436374
3664 46.407466436374
3664 0.208960843373494
3664 0.208960843373494
3664 0.120625281164897
3664 0
3664 0
3664 0.160325333507038
3664 28.3919163700434
3664 28.3919163700434
3664 0
3664 0.77906543442073
3664 0
3664 0
3664 1.0345236079077
3664 18.8755115600355
3664 18.8755115600355
3500 418.104831492066
3500 418.104831492066
3500 418.104831492066
3500 16.2976506140842
3500 46.407466436374
3500 46.407466436374
3500 0.208960843373494
3500 0.208960843373494
3500 0.120625281164897
3500 0
3500 0
3500 0.160325333507038
3500 28.3919163700434
3500 28.3919163700434
3500 0
3500 0.77906543442073
3500 0
3500 0
3500 1.0345236079077
3500 18.8755115600355
3500 18.8755115600355
3538 418.104831492066
3538 418.104831492066
3538 418.104831492066
3538 16.2976506140842
3538 46.407466436374
3538 46.407466436374
3538 0.208960843373494
3538 0.208960843373494
3538 0.120625281164897
3538 0
3538 0
3538 0.160325333507038
3538 28.3919163700434
3538 28.3919163700434
3538 0
3538 0.77906543442073
3538 0
3538 0
3538 1.0345236079077
3538 18.8755115600355
3538 18.8755115600355
3581 418.104831492066
3581 418.104831492066
3581 418.104831492066
3581 16.2976506140842
3581 46.407466436374
3581 46.407466436374
3581 0.208960843373494
3581 0.208960843373494
3581 0.120625281164897
3581 0
3581 0
3581 0.160325333507038
3581 28.3919163700434
3581 28.3919163700434
3581 0
3581 0.77906543442073
3581 0
3581 0
3581 1.0345236079077
3581 18.8755115600355
3581 18.8755115600355
3622 418.104831492066
3622 418.104831492066
3622 418.104831492066
3622 16.2976506140842
3622 46.407466436374
3622 46.407466436374
3622 0.208960843373494
3622 0.208960843373494
3622 0.120625281164897
3622 0
3622 0
3622 0.160325333507038
3622 28.3919163700434
3622 28.3919163700434
3622 0
3622 0.77906543442073
3622 0
3622 0
3622 1.0345236079077
3622 18.8755115600355
3622 18.8755115600355
3665 418.104831492066
3665 418.104831492066
3665 418.104831492066
3665 16.2976506140842
3665 46.407466436374
3665 46.407466436374
3665 0.208960843373494
3665 0.208960843373494
3665 0.120625281164897
3665 0
3665 0
3665 0.160325333507038
3665 28.3919163700434
3665 28.3919163700434
3665 0
3665 0.77906543442073
3665 0
3665 0
3665 1.0345236079077
3665 18.8755115600355
3665 18.8755115600355
3582 418.104831492066
3582 418.104831492066
3582 418.104831492066
3582 16.2976506140842
3582 46.407466436374
3582 46.407466436374
3582 0.208960843373494
3582 0.208960843373494
3582 0.120625281164897
3582 0
3582 0
3582 0.160325333507038
3582 28.3919163700434
3582 28.3919163700434
3582 0
3582 0.77906543442073
3582 0
3582 0
3582 1.0345236079077
3582 18.8755115600355
3582 18.8755115600355
3623 418.104831492066
3623 418.104831492066
3623 418.104831492066
3623 16.2976506140842
3623 46.407466436374
3623 46.407466436374
3623 0.208960843373494
3623 0.208960843373494
3623 0.120625281164897
3623 0
3623 0
3623 0.160325333507038
3623 28.3919163700434
3623 28.3919163700434
3623 0
3623 0.77906543442073
3623 0
3623 0
3623 1.0345236079077
3623 18.8755115600355
3623 18.8755115600355
3666 418.104831492066
3666 418.104831492066
3666 418.104831492066
3666 16.2976506140842
3666 46.407466436374
3666 46.407466436374
3666 0.208960843373494
3666 0.208960843373494
3666 0.120625281164897
3666 0
3666 0
3666 0.160325333507038
3666 28.3919163700434
3666 28.3919163700434
3666 0
3666 0.77906543442073
3666 0
3666 0
3666 1.0345236079077
3666 18.8755115600355
3666 18.8755115600355
3540 418.104831492066
3540 418.104831492066
3540 418.104831492066
3540 16.2976506140842
3540 46.407466436374
3540 46.407466436374
3540 0.208960843373494
3540 0.208960843373494
3540 0.120625281164897
3540 0
3540 0
3540 0.160325333507038
3540 28.3919163700434
3540 28.3919163700434
3540 0
3540 0.77906543442073
3540 0
3540 0
3540 1.0345236079077
3540 18.8755115600355
3540 18.8755115600355
3624 418.104831492066
3624 418.104831492066
3624 418.104831492066
3624 16.2976506140842
3624 46.407466436374
3624 46.407466436374
3624 0.208960843373494
3624 0.208960843373494
3624 0.120625281164897
3624 0
3624 0
3624 0.160325333507038
3624 28.3919163700434
3624 28.3919163700434
3624 0
3624 0.77906543442073
3624 0
3624 0
3624 1.0345236079077
3624 18.8755115600355
3624 18.8755115600355
3157 418.104831492066
3157 418.104831492066
3157 418.104831492066
3157 16.2976506140842
3157 46.407466436374
3157 46.407466436374
3157 0.208960843373494
3157 0.208960843373494
3157 0.120625281164897
3157 0
3157 0
3157 0.160325333507038
3157 28.3919163700434
3157 28.3919163700434
3157 0
3157 0.77906543442073
3157 0
3157 0
3157 1.0345236079077
3157 18.8755115600355
3157 18.8755115600355
3213 418.104831492066
3213 418.104831492066
3213 418.104831492066
3213 16.2976506140842
3213 46.407466436374
3213 46.407466436374
3213 0.208960843373494
3213 0.208960843373494
3213 0.120625281164897
3213 0
3213 0
3213 0.160325333507038
3213 28.3919163700434
3213 28.3919163700434
3213 0
3213 0.77906543442073
3213 0
3213 0
3213 1.0345236079077
3213 18.8755115600355
3213 18.8755115600355
3267 418.104831492066
3267 418.104831492066
3267 418.104831492066
3267 16.2976506140842
3267 46.407466436374
3267 46.407466436374
3267 0.208960843373494
3267 0.208960843373494
3267 0.120625281164897
3267 0
3267 0
3267 0.160325333507038
3267 28.3919163700434
3267 28.3919163700434
3267 0
3267 0.77906543442073
3267 0
3267 0
3267 1.0345236079077
3267 18.8755115600355
3267 18.8755115600355
3327 418.104831492066
3327 418.104831492066
3327 418.104831492066
3327 16.2976506140842
3327 46.407466436374
3327 46.407466436374
3327 0.208960843373494
3327 0.208960843373494
3327 0.120625281164897
3327 0
3327 0
3327 0.160325333507038
3327 28.3919163700434
3327 28.3919163700434
3327 0
3327 0.77906543442073
3327 0
3327 0
3327 1.0345236079077
3327 18.8755115600355
3327 18.8755115600355
3378 418.104831492066
3378 418.104831492066
3378 418.104831492066
3378 16.2976506140842
3378 46.407466436374
3378 46.407466436374
3378 0.208960843373494
3378 0.208960843373494
3378 0.120625281164897
3378 0
3378 0
3378 0.160325333507038
3378 28.3919163700434
3378 28.3919163700434
3378 0
3378 0.77906543442073
3378 0
3378 0
3378 1.0345236079077
3378 18.8755115600355
3378 18.8755115600355
3503 418.104831492066
3503 418.104831492066
3503 418.104831492066
3503 16.2976506140842
3503 46.407466436374
3503 46.407466436374
3503 0.208960843373494
3503 0.208960843373494
3503 0.120625281164897
3503 0
3503 0
3503 0.160325333507038
3503 28.3919163700434
3503 28.3919163700434
3503 0
3503 0.77906543442073
3503 0
3503 0
3503 1.0345236079077
3503 18.8755115600355
3503 18.8755115600355
3541 418.104831492066
3541 418.104831492066
3541 418.104831492066
3541 16.2976506140842
3541 46.407466436374
3541 46.407466436374
3541 0.208960843373494
3541 0.208960843373494
3541 0.120625281164897
3541 0
3541 0
3541 0.160325333507038
3541 28.3919163700434
3541 28.3919163700434
3541 0
3541 0.77906543442073
3541 0
3541 0
3541 1.0345236079077
3541 18.8755115600355
3541 18.8755115600355
3584 418.104831492066
3584 418.104831492066
3584 418.104831492066
3584 16.2976506140842
3584 46.407466436374
3584 46.407466436374
3584 0.208960843373494
3584 0.208960843373494
3584 0.120625281164897
3584 0
3584 0
3584 0.160325333507038
3584 28.3919163700434
3584 28.3919163700434
3584 0
3584 0.77906543442073
3584 0
3584 0
3584 1.0345236079077
3584 18.8755115600355
3584 18.8755115600355
3625 418.104831492066
3625 418.104831492066
3625 418.104831492066
3625 16.2976506140842
3625 46.407466436374
3625 46.407466436374
3625 0.208960843373494
3625 0.208960843373494
3625 0.120625281164897
3625 0
3625 0
3625 0.160325333507038
3625 28.3919163700434
3625 28.3919163700434
3625 0
3625 0.77906543442073
3625 0
3625 0
3625 1.0345236079077
3625 18.8755115600355
3625 18.8755115600355
3214 418.104831492066
3214 418.104831492066
3214 418.104831492066
3214 16.2976506140842
3214 46.407466436374
3214 46.407466436374
3214 0.208960843373494
3214 0.208960843373494
3214 0.120625281164897
3214 0
3214 0
3214 0.160325333507038
3214 28.3919163700434
3214 28.3919163700434
3214 0
3214 0.77906543442073
3214 0
3214 0
3214 1.0345236079077
3214 18.8755115600355
3214 18.8755115600355
3268 418.104831492066
3268 418.104831492066
3268 418.104831492066
3268 16.2976506140842
3268 46.407466436374
3268 46.407466436374
3268 0.208960843373494
3268 0.208960843373494
3268 0.120625281164897
3268 0
3268 0
3268 0.160325333507038
3268 28.3919163700434
3268 28.3919163700434
3268 0
3268 0.77906543442073
3268 0
3268 0
3268 1.0345236079077
3268 18.8755115600355
3268 18.8755115600355
3328 418.104831492066
3328 418.104831492066
3328 418.104831492066
3328 16.2976506140842
3328 46.407466436374
3328 46.407466436374
3328 0.208960843373494
3328 0.208960843373494
3328 0.120625281164897
3328 0
3328 0
3328 0.160325333507038
3328 28.3919163700434
3328 28.3919163700434
3328 0
3328 0.77906543442073
3328 0
3328 0
3328 1.0345236079077
3328 18.8755115600355
3328 18.8755115600355
3379 418.104831492066
3379 418.104831492066
3379 418.104831492066
3379 16.2976506140842
3379 46.407466436374
3379 46.407466436374
3379 0.208960843373494
3379 0.208960843373494
3379 0.120625281164897
3379 0
3379 0
3379 0.160325333507038
3379 28.3919163700434
3379 28.3919163700434
3379 0
3379 0.77906543442073
3379 0
3379 0
3379 1.0345236079077
3379 18.8755115600355
3379 18.8755115600355
3467 418.104831492066
3467 418.104831492066
3467 418.104831492066
3467 16.2976506140842
3467 46.407466436374
3467 46.407466436374
3467 0.208960843373494
3467 0.208960843373494
3467 0.120625281164897
3467 0
3467 0
3467 0.160325333507038
3467 28.3919163700434
3467 28.3919163700434
3467 0
3467 0.77906543442073
3467 0
3467 0
3467 1.0345236079077
3467 18.8755115600355
3467 18.8755115600355
3504 418.104831492066
3504 418.104831492066
3504 418.104831492066
3504 16.2976506140842
3504 46.407466436374
3504 46.407466436374
3504 0.208960843373494
3504 0.208960843373494
3504 0.120625281164897
3504 0
3504 0
3504 0.160325333507038
3504 28.3919163700434
3504 28.3919163700434
3504 0
3504 0.77906543442073
3504 0
3504 0
3504 1.0345236079077
3504 18.8755115600355
3504 18.8755115600355
2857 418.104831492066
2857 418.104831492066
2857 418.104831492066
2857 16.2976506140842
2857 46.407466436374
2857 46.407466436374
2857 0.208960843373494
2857 0.208960843373494
2857 0.120625281164897
2857 0
2857 0
2857 0.160325333507038
2857 28.3919163700434
2857 28.3919163700434
2857 0
2857 0.77906543442073
2857 0
2857 0
2857 1.0345236079077
2857 18.8755115600355
2857 18.8755115600355
2923 418.104831492066
2923 418.104831492066
2923 418.104831492066
2923 16.2976506140842
2923 46.407466436374
2923 46.407466436374
2923 0.208960843373494
2923 0.208960843373494
2923 0.120625281164897
2923 0
2923 0
2923 0.160325333507038
2923 28.3919163700434
2923 28.3919163700434
2923 0
2923 0.77906543442073
2923 0
2923 0
2923 1.0345236079077
2923 18.8755115600355
2923 18.8755115600355
2786 418.104831492066
2786 418.104831492066
2786 418.104831492066
2786 16.2976506140842
2786 46.407466436374
2786 46.407466436374
2786 0.208960843373494
2786 0.208960843373494
2786 0.120625281164897
2786 0
2786 0
2786 0.160325333507038
2786 28.3919163700434
2786 28.3919163700434
2786 0
2786 0.77906543442073
2786 0
2786 0
2786 1.0345236079077
2786 18.8755115600355
2786 18.8755115600355
2858 418.104831492066
2858 418.104831492066
2858 418.104831492066
2858 16.2976506140842
2858 46.407466436374
2858 46.407466436374
2858 0.208960843373494
2858 0.208960843373494
2858 0.120625281164897
2858 0
2858 0
2858 0.160325333507038
2858 28.3919163700434
2858 28.3919163700434
2858 0
2858 0.77906543442073
2858 0
2858 0
2858 1.0345236079077
2858 18.8755115600355
2858 18.8755115600355
2859 418.104831492066
2859 418.104831492066
2859 418.104831492066
2859 16.2976506140842
2859 46.407466436374
2859 46.407466436374
2859 0.208960843373494
2859 0.208960843373494
2859 0.120625281164897
2859 0
2859 0
2859 0.160325333507038
2859 28.3919163700434
2859 28.3919163700434
2859 0
2859 0.77906543442073
2859 0
2859 0
2859 1.0345236079077
2859 18.8755115600355
2859 18.8755115600355
2925 418.104831492066
2925 418.104831492066
2925 418.104831492066
2925 16.2976506140842
2925 46.407466436374
2925 46.407466436374
2925 0.208960843373494
2925 0.208960843373494
2925 0.120625281164897
2925 0
2925 0
2925 0.160325333507038
2925 28.3919163700434
2925 28.3919163700434
2925 0
2925 0.77906543442073
2925 0
2925 0
2925 1.0345236079077
2925 18.8755115600355
2925 18.8755115600355
2988 418.104831492066
2988 418.104831492066
2988 418.104831492066
2988 16.2976506140842
2988 46.407466436374
2988 46.407466436374
2988 0.208960843373494
2988 0.208960843373494
2988 0.120625281164897
2988 0
2988 0
2988 0.160325333507038
2988 28.3919163700434
2988 28.3919163700434
2988 0
2988 0.77906543442073
2988 0
2988 0
2988 1.0345236079077
2988 18.8755115600355
2988 18.8755115600355
3047 418.104831492066
3047 418.104831492066
3047 418.104831492066
3047 16.2976506140842
3047 46.407466436374
3047 46.407466436374
3047 0.208960843373494
3047 0.208960843373494
3047 0.120625281164897
3047 0
3047 0
3047 0.160325333507038
3047 28.3919163700434
3047 28.3919163700434
3047 0
3047 0.77906543442073
3047 0
3047 0
3047 1.0345236079077
3047 18.8755115600355
3047 18.8755115600355
3161 418.104831492066
3161 418.104831492066
3161 418.104831492066
3161 16.2976506140842
3161 46.407466436374
3161 46.407466436374
3161 0.208960843373494
3161 0.208960843373494
3161 0.120625281164897
3161 0
3161 0
3161 0.160325333507038
3161 28.3919163700434
3161 28.3919163700434
3161 0
3161 0.77906543442073
3161 0
3161 0
3161 1.0345236079077
3161 18.8755115600355
3161 18.8755115600355
3470 418.104831492066
3470 418.104831492066
3470 418.104831492066
3470 16.2976506140842
3470 46.407466436374
3470 46.407466436374
3470 0.208960843373494
3470 0.208960843373494
3470 0.120625281164897
3470 0
3470 0
3470 0.160325333507038
3470 28.3919163700434
3470 28.3919163700434
3470 0
3470 0.77906543442073
3470 0
3470 0
3470 1.0345236079077
3470 18.8755115600355
3470 18.8755115600355
3507 418.104831492066
3507 418.104831492066
3507 418.104831492066
3507 16.2976506140842
3507 46.407466436374
3507 46.407466436374
3507 0.208960843373494
3507 0.208960843373494
3507 0.120625281164897
3507 0
3507 0
3507 0.160325333507038
3507 28.3919163700434
3507 28.3919163700434
3507 0
3507 0.77906543442073
3507 0
3507 0
3507 1.0345236079077
3507 18.8755115600355
3507 18.8755115600355
2926 418.104831492066
2926 418.104831492066
2926 418.104831492066
2926 16.2976506140842
2926 46.407466436374
2926 46.407466436374
2926 0.208960843373494
2926 0.208960843373494
2926 0.120625281164897
2926 0
2926 0
2926 0.160325333507038
2926 28.3919163700434
2926 28.3919163700434
2926 0
2926 0.77906543442073
2926 0
2926 0
2926 1.0345236079077
2926 18.8755115600355
2926 18.8755115600355
3107 418.104831492066
3107 418.104831492066
3107 418.104831492066
3107 16.2976506140842
3107 46.407466436374
3107 46.407466436374
3107 0.208960843373494
3107 0.208960843373494
3107 0.120625281164897
3107 0
3107 0
3107 0.160325333507038
3107 28.3919163700434
3107 28.3919163700434
3107 0
3107 0.77906543442073
3107 0
3107 0
3107 1.0345236079077
3107 18.8755115600355
3107 18.8755115600355
3162 418.104831492066
3162 418.104831492066
3162 418.104831492066
3162 16.2976506140842
3162 46.407466436374
3162 46.407466436374
3162 0.208960843373494
3162 0.208960843373494
3162 0.120625281164897
3162 0
3162 0
3162 0.160325333507038
3162 28.3919163700434
3162 28.3919163700434
3162 0
3162 0.77906543442073
3162 0
3162 0
3162 1.0345236079077
3162 18.8755115600355
3162 18.8755115600355
2718 418.104831492066
2718 418.104831492066
2718 418.104831492066
2718 16.2976506140842
2718 46.407466436374
2718 46.407466436374
2718 0.208960843373494
2718 0.208960843373494
2718 0.120625281164897
2718 0
2718 0
2718 0.160325333507038
2718 28.3919163700434
2718 28.3919163700434
2718 0
2718 0.77906543442073
2718 0
2718 0
2718 1.0345236079077
2718 18.8755115600355
2718 18.8755115600355
2927 418.104831492066
2927 418.104831492066
2927 418.104831492066
2927 16.2976506140842
2927 46.407466436374
2927 46.407466436374
2927 0.208960843373494
2927 0.208960843373494
2927 0.120625281164897
2927 0
2927 0
2927 0.160325333507038
2927 28.3919163700434
2927 28.3919163700434
2927 0
2927 0.77906543442073
2927 0
2927 0
2927 1.0345236079077
2927 18.8755115600355
2927 18.8755115600355
2990 418.104831492066
2990 418.104831492066
2990 418.104831492066
2990 16.2976506140842
2990 46.407466436374
2990 46.407466436374
2990 0.208960843373494
2990 0.208960843373494
2990 0.120625281164897
2990 0
2990 0
2990 0.160325333507038
2990 28.3919163700434
2990 28.3919163700434
2990 0
2990 0.77906543442073
2990 0
2990 0
2990 1.0345236079077
2990 18.8755115600355
2990 18.8755115600355
3049 418.104831492066
3049 418.104831492066
3049 418.104831492066
3049 16.2976506140842
3049 46.407466436374
3049 46.407466436374
3049 0.208960843373494
3049 0.208960843373494
3049 0.120625281164897
3049 0
3049 0
3049 0.160325333507038
3049 28.3919163700434
3049 28.3919163700434
3049 0
3049 0.77906543442073
3049 0
3049 0
3049 1.0345236079077
3049 18.8755115600355
3049 18.8755115600355
3108 418.104831492066
3108 418.104831492066
3108 418.104831492066
3108 16.2976506140842
3108 46.407466436374
3108 46.407466436374
3108 0.208960843373494
3108 0.208960843373494
3108 0.120625281164897
3108 0
3108 0
3108 0.160325333507038
3108 28.3919163700434
3108 28.3919163700434
3108 0
3108 0.77906543442073
3108 0
3108 0
3108 1.0345236079077
3108 18.8755115600355
3108 18.8755115600355
2719 418.104831492066
2719 418.104831492066
2719 418.104831492066
2719 16.2976506140842
2719 46.407466436374
2719 46.407466436374
2719 0.208960843373494
2719 0.208960843373494
2719 0.120625281164897
2719 0
2719 0
2719 0.160325333507038
2719 28.3919163700434
2719 28.3919163700434
2719 0
2719 0.77906543442073
2719 0
2719 0
2719 1.0345236079077
2719 18.8755115600355
2719 18.8755115600355
2862 418.104831492066
2862 418.104831492066
2862 418.104831492066
2862 16.2976506140842
2862 46.407466436374
2862 46.407466436374
2862 0.208960843373494
2862 0.208960843373494
2862 0.120625281164897
2862 0
2862 0
2862 0.160325333507038
2862 28.3919163700434
2862 28.3919163700434
2862 0
2862 0.77906543442073
2862 0
2862 0
2862 1.0345236079077
2862 18.8755115600355
2862 18.8755115600355
2991 418.104831492066
2991 418.104831492066
2991 418.104831492066
2991 16.2976506140842
2991 46.407466436374
2991 46.407466436374
2991 0.208960843373494
2991 0.208960843373494
2991 0.120625281164897
2991 0
2991 0
2991 0.160325333507038
2991 28.3919163700434
2991 28.3919163700434
2991 0
2991 0.77906543442073
2991 0
2991 0
2991 1.0345236079077
2991 18.8755115600355
2991 18.8755115600355
3050 418.104831492066
3050 418.104831492066
3050 418.104831492066
3050 16.2976506140842
3050 46.407466436374
3050 46.407466436374
3050 0.208960843373494
3050 0.208960843373494
3050 0.120625281164897
3050 0
3050 0
3050 0.160325333507038
3050 28.3919163700434
3050 28.3919163700434
3050 0
3050 0.77906543442073
3050 0
3050 0
3050 1.0345236079077
3050 18.8755115600355
3050 18.8755115600355
3109 418.104831492066
3109 418.104831492066
3109 418.104831492066
3109 16.2976506140842
3109 46.407466436374
3109 46.407466436374
3109 0.208960843373494
3109 0.208960843373494
3109 0.120625281164897
3109 0
3109 0
3109 0.160325333507038
3109 28.3919163700434
3109 28.3919163700434
3109 0
3109 0.77906543442073
3109 0
3109 0
3109 1.0345236079077
3109 18.8755115600355
3109 18.8755115600355
2791 418.104831492066
2791 418.104831492066
2791 418.104831492066
2791 16.2976506140842
2791 46.407466436374
2791 46.407466436374
2791 0.208960843373494
2791 0.208960843373494
2791 0.120625281164897
2791 0
2791 0
2791 0.160325333507038
2791 28.3919163700434
2791 28.3919163700434
2791 0
2791 0.77906543442073
2791 0
2791 0
2791 1.0345236079077
2791 18.8755115600355
2791 18.8755115600355
2863 418.104831492066
2863 418.104831492066
2863 418.104831492066
2863 16.2976506140842
2863 46.407466436374
2863 46.407466436374
2863 0.208960843373494
2863 0.208960843373494
2863 0.120625281164897
2863 0
2863 0
2863 0.160325333507038
2863 28.3919163700434
2863 28.3919163700434
2863 0
2863 0.77906543442073
2863 0
2863 0
2863 1.0345236079077
2863 18.8755115600355
2863 18.8755115600355
2929 418.104831492066
2929 418.104831492066
2929 418.104831492066
2929 16.2976506140842
2929 46.407466436374
2929 46.407466436374
2929 0.208960843373494
2929 0.208960843373494
2929 0.120625281164897
2929 0
2929 0
2929 0.160325333507038
2929 28.3919163700434
2929 28.3919163700434
2929 0
2929 0.77906543442073
2929 0
2929 0
2929 1.0345236079077
2929 18.8755115600355
2929 18.8755115600355
2992 418.104831492066
2992 418.104831492066
2992 418.104831492066
2992 16.2976506140842
2992 46.407466436374
2992 46.407466436374
2992 0.208960843373494
2992 0.208960843373494
2992 0.120625281164897
2992 0
2992 0
2992 0.160325333507038
2992 28.3919163700434
2992 28.3919163700434
2992 0
2992 0.77906543442073
2992 0
2992 0
2992 1.0345236079077
2992 18.8755115600355
2992 18.8755115600355
3051 418.104831492066
3051 418.104831492066
3051 418.104831492066
3051 16.2976506140842
3051 46.407466436374
3051 46.407466436374
3051 0.208960843373494
3051 0.208960843373494
3051 0.120625281164897
3051 0
3051 0
3051 0.160325333507038
3051 28.3919163700434
3051 28.3919163700434
3051 0
3051 0.77906543442073
3051 0
3051 0
3051 1.0345236079077
3051 18.8755115600355
3051 18.8755115600355
27532 418.104831492066
27532 418.104831492066
27532 418.104831492066
27532 16.2976506140842
27532 46.407466436374
27532 46.407466436374
27532 0.208960843373494
27532 0.208960843373494
27532 0.120625281164897
27532 0
27532 0
27532 0.160325333507038
27532 28.3919163700434
27532 28.3919163700434
27532 0
27532 0.77906543442073
27532 0
27532 0
27532 1.0345236079077
27532 18.8755115600355
27532 18.8755115600355
1665 418.104831492066
1665 418.104831492066
1665 418.104831492066
1665 16.2976506140842
1665 46.407466436374
1665 46.407466436374
1665 0.208960843373494
1665 0.208960843373494
1665 0.120625281164897
1665 0
1665 0
1665 0.160325333507038
1665 28.3919163700434
1665 28.3919163700434
1665 0
1665 0.77906543442073
1665 0
1665 0
1665 1.0345236079077
1665 18.8755115600355
1665 18.8755115600355
1849 418.104831492066
1849 418.104831492066
1849 418.104831492066
1849 16.2976506140842
1849 46.407466436374
1849 46.407466436374
1849 0.208960843373494
1849 0.208960843373494
1849 0.120625281164897
1849 0
1849 0
1849 0.160325333507038
1849 28.3919163700434
1849 28.3919163700434
1849 0
1849 0.77906543442073
1849 0
1849 0
1849 1.0345236079077
1849 18.8755115600355
1849 18.8755115600355
2036 418.104831492066
2036 418.104831492066
2036 418.104831492066
2036 16.2976506140842
2036 46.407466436374
2036 46.407466436374
2036 0.208960843373494
2036 0.208960843373494
2036 0.120625281164897
2036 0
2036 0
2036 0.160325333507038
2036 28.3919163700434
2036 28.3919163700434
2036 0
2036 0.77906543442073
2036 0
2036 0
2036 1.0345236079077
2036 18.8755115600355
2036 18.8755115600355
2130 418.104831492066
2130 418.104831492066
2130 418.104831492066
2130 16.2976506140842
2130 46.407466436374
2130 46.407466436374
2130 0.208960843373494
2130 0.208960843373494
2130 0.120625281164897
2130 0
2130 0
2130 0.160325333507038
2130 28.3919163700434
2130 28.3919163700434
2130 0
2130 0.77906543442073
2130 0
2130 0
2130 1.0345236079077
2130 18.8755115600355
2130 18.8755115600355
2225 418.104831492066
2225 418.104831492066
2225 418.104831492066
2225 16.2976506140842
2225 46.407466436374
2225 46.407466436374
2225 0.208960843373494
2225 0.208960843373494
2225 0.120625281164897
2225 0
2225 0
2225 0.160325333507038
2225 28.3919163700434
2225 28.3919163700434
2225 0
2225 0.77906543442073
2225 0
2225 0
2225 1.0345236079077
2225 18.8755115600355
2225 18.8755115600355
2930 418.104831492066
2930 418.104831492066
2930 418.104831492066
2930 16.2976506140842
2930 46.407466436374
2930 46.407466436374
2930 0.208960843373494
2930 0.208960843373494
2930 0.120625281164897
2930 0
2930 0
2930 0.160325333507038
2930 28.3919163700434
2930 28.3919163700434
2930 0
2930 0.77906543442073
2930 0
2930 0
2930 1.0345236079077
2930 18.8755115600355
2930 18.8755115600355
1666 418.104831492066
1666 418.104831492066
1666 418.104831492066
1666 16.2976506140842
1666 46.407466436374
1666 46.407466436374
1666 0.208960843373494
1666 0.208960843373494
1666 0.120625281164897
1666 0
1666 0
1666 0.160325333507038
1666 28.3919163700434
1666 28.3919163700434
1666 0
1666 0.77906543442073
1666 0
1666 0
1666 1.0345236079077
1666 18.8755115600355
1666 18.8755115600355
2037 418.104831492066
2037 418.104831492066
2037 418.104831492066
2037 16.2976506140842
2037 46.407466436374
2037 46.407466436374
2037 0.208960843373494
2037 0.208960843373494
2037 0.120625281164897
2037 0
2037 0
2037 0.160325333507038
2037 28.3919163700434
2037 28.3919163700434
2037 0
2037 0.77906543442073
2037 0
2037 0
2037 1.0345236079077
2037 18.8755115600355
2037 18.8755115600355
2131 418.104831492066
2131 418.104831492066
2131 418.104831492066
2131 16.2976506140842
2131 46.407466436374
2131 46.407466436374
2131 0.208960843373494
2131 0.208960843373494
2131 0.120625281164897
2131 0
2131 0
2131 0.160325333507038
2131 28.3919163700434
2131 28.3919163700434
2131 0
2131 0.77906543442073
2131 0
2131 0
2131 1.0345236079077
2131 18.8755115600355
2131 18.8755115600355
2226 418.104831492066
2226 418.104831492066
2226 418.104831492066
2226 16.2976506140842
2226 46.407466436374
2226 46.407466436374
2226 0.208960843373494
2226 0.208960843373494
2226 0.120625281164897
2226 0
2226 0
2226 0.160325333507038
2226 28.3919163700434
2226 28.3919163700434
2226 0
2226 0.77906543442073
2226 0
2226 0
2226 1.0345236079077
2226 18.8755115600355
2226 18.8755115600355
2315 418.104831492066
2315 418.104831492066
2315 418.104831492066
2315 16.2976506140842
2315 46.407466436374
2315 46.407466436374
2315 0.208960843373494
2315 0.208960843373494
2315 0.120625281164897
2315 0
2315 0
2315 0.160325333507038
2315 28.3919163700434
2315 28.3919163700434
2315 0
2315 0.77906543442073
2315 0
2315 0
2315 1.0345236079077
2315 18.8755115600355
2315 18.8755115600355
2793 418.104831492066
2793 418.104831492066
2793 418.104831492066
2793 16.2976506140842
2793 46.407466436374
2793 46.407466436374
2793 0.208960843373494
2793 0.208960843373494
2793 0.120625281164897
2793 0
2793 0
2793 0.160325333507038
2793 28.3919163700434
2793 28.3919163700434
2793 0
2793 0.77906543442073
2793 0
2793 0
2793 1.0345236079077
2793 18.8755115600355
2793 18.8755115600355
2865 418.104831492066
2865 418.104831492066
2865 418.104831492066
2865 16.2976506140842
2865 46.407466436374
2865 46.407466436374
2865 0.208960843373494
2865 0.208960843373494
2865 0.120625281164897
2865 0
2865 0
2865 0.160325333507038
2865 28.3919163700434
2865 28.3919163700434
2865 0
2865 0.77906543442073
2865 0
2865 0
2865 1.0345236079077
2865 18.8755115600355
2865 18.8755115600355
2931 418.104831492066
2931 418.104831492066
2931 418.104831492066
2931 16.2976506140842
2931 46.407466436374
2931 46.407466436374
2931 0.208960843373494
2931 0.208960843373494
2931 0.120625281164897
2931 0
2931 0
2931 0.160325333507038
2931 28.3919163700434
2931 28.3919163700434
2931 0
2931 0.77906543442073
2931 0
2931 0
2931 1.0345236079077
2931 18.8755115600355
2931 18.8755115600355
1757 418.104831492066
1757 418.104831492066
1757 418.104831492066
1757 16.2976506140842
1757 46.407466436374
1757 46.407466436374
1757 0.208960843373494
1757 0.208960843373494
1757 0.120625281164897
1757 0
1757 0
1757 0.160325333507038
1757 28.3919163700434
1757 28.3919163700434
1757 0
1757 0.77906543442073
1757 0
1757 0
1757 1.0345236079077
1757 18.8755115600355
1757 18.8755115600355
1851 418.104831492066
1851 418.104831492066
1851 418.104831492066
1851 16.2976506140842
1851 46.407466436374
1851 46.407466436374
1851 0.208960843373494
1851 0.208960843373494
1851 0.120625281164897
1851 0
1851 0
1851 0.160325333507038
1851 28.3919163700434
1851 28.3919163700434
1851 0
1851 0.77906543442073
1851 0
1851 0
1851 1.0345236079077
1851 18.8755115600355
1851 18.8755115600355
2132 418.104831492066
2132 418.104831492066
2132 418.104831492066
2132 16.2976506140842
2132 46.407466436374
2132 46.407466436374
2132 0.208960843373494
2132 0.208960843373494
2132 0.120625281164897
2132 0
2132 0
2132 0.160325333507038
2132 28.3919163700434
2132 28.3919163700434
2132 0
2132 0.77906543442073
2132 0
2132 0
2132 1.0345236079077
2132 18.8755115600355
2132 18.8755115600355
2227 418.104831492066
2227 418.104831492066
2227 418.104831492066
2227 16.2976506140842
2227 46.407466436374
2227 46.407466436374
2227 0.208960843373494
2227 0.208960843373494
2227 0.120625281164897
2227 0
2227 0
2227 0.160325333507038
2227 28.3919163700434
2227 28.3919163700434
2227 0
2227 0.77906543442073
2227 0
2227 0
2227 1.0345236079077
2227 18.8755115600355
2227 18.8755115600355
2316 418.104831492066
2316 418.104831492066
2316 418.104831492066
2316 16.2976506140842
2316 46.407466436374
2316 46.407466436374
2316 0.208960843373494
2316 0.208960843373494
2316 0.120625281164897
2316 0
2316 0
2316 0.160325333507038
2316 28.3919163700434
2316 28.3919163700434
2316 0
2316 0.77906543442073
2316 0
2316 0
2316 1.0345236079077
2316 18.8755115600355
2316 18.8755115600355
2407 418.104831492066
2407 418.104831492066
2407 418.104831492066
2407 16.2976506140842
2407 46.407466436374
2407 46.407466436374
2407 0.208960843373494
2407 0.208960843373494
2407 0.120625281164897
2407 0
2407 0
2407 0.160325333507038
2407 28.3919163700434
2407 28.3919163700434
2407 0
2407 0.77906543442073
2407 0
2407 0
2407 1.0345236079077
2407 18.8755115600355
2407 18.8755115600355
2492 418.104831492066
2492 418.104831492066
2492 418.104831492066
2492 16.2976506140842
2492 46.407466436374
2492 46.407466436374
2492 0.208960843373494
2492 0.208960843373494
2492 0.120625281164897
2492 0
2492 0
2492 0.160325333507038
2492 28.3919163700434
2492 28.3919163700434
2492 0
2492 0.77906543442073
2492 0
2492 0
2492 1.0345236079077
2492 18.8755115600355
2492 18.8755115600355
2651 418.104831492066
2651 418.104831492066
2651 418.104831492066
2651 16.2976506140842
2651 46.407466436374
2651 46.407466436374
2651 0.208960843373494
2651 0.208960843373494
2651 0.120625281164897
2651 0
2651 0
2651 0.160325333507038
2651 28.3919163700434
2651 28.3919163700434
2651 0
2651 0.77906543442073
2651 0
2651 0
2651 1.0345236079077
2651 18.8755115600355
2651 18.8755115600355
2723 418.104831492066
2723 418.104831492066
2723 418.104831492066
2723 16.2976506140842
2723 46.407466436374
2723 46.407466436374
2723 0.208960843373494
2723 0.208960843373494
2723 0.120625281164897
2723 0
2723 0
2723 0.160325333507038
2723 28.3919163700434
2723 28.3919163700434
2723 0
2723 0.77906543442073
2723 0
2723 0
2723 1.0345236079077
2723 18.8755115600355
2723 18.8755115600355
2794 418.104831492066
2794 418.104831492066
2794 418.104831492066
2794 16.2976506140842
2794 46.407466436374
2794 46.407466436374
2794 0.208960843373494
2794 0.208960843373494
2794 0.120625281164897
2794 0
2794 0
2794 0.160325333507038
2794 28.3919163700434
2794 28.3919163700434
2794 0
2794 0.77906543442073
2794 0
2794 0
2794 1.0345236079077
2794 18.8755115600355
2794 18.8755115600355
2866 418.104831492066
2866 418.104831492066
2866 418.104831492066
2866 16.2976506140842
2866 46.407466436374
2866 46.407466436374
2866 0.208960843373494
2866 0.208960843373494
2866 0.120625281164897
2866 0
2866 0
2866 0.160325333507038
2866 28.3919163700434
2866 28.3919163700434
2866 0
2866 0.77906543442073
2866 0
2866 0
2866 1.0345236079077
2866 18.8755115600355
2866 18.8755115600355
2932 418.104831492066
2932 418.104831492066
2932 418.104831492066
2932 16.2976506140842
2932 46.407466436374
2932 46.407466436374
2932 0.208960843373494
2932 0.208960843373494
2932 0.120625281164897
2932 0
2932 0
2932 0.160325333507038
2932 28.3919163700434
2932 28.3919163700434
2932 0
2932 0.77906543442073
2932 0
2932 0
2932 1.0345236079077
2932 18.8755115600355
2932 18.8755115600355
2039 418.104831492066
2039 418.104831492066
2039 418.104831492066
2039 16.2976506140842
2039 46.407466436374
2039 46.407466436374
2039 0.208960843373494
2039 0.208960843373494
2039 0.120625281164897
2039 0
2039 0
2039 0.160325333507038
2039 28.3919163700434
2039 28.3919163700434
2039 0
2039 0.77906543442073
2039 0
2039 0
2039 1.0345236079077
2039 18.8755115600355
2039 18.8755115600355
2228 418.104831492066
2228 418.104831492066
2228 418.104831492066
2228 16.2976506140842
2228 46.407466436374
2228 46.407466436374
2228 0.208960843373494
2228 0.208960843373494
2228 0.120625281164897
2228 0
2228 0
2228 0.160325333507038
2228 28.3919163700434
2228 28.3919163700434
2228 0
2228 0.77906543442073
2228 0
2228 0
2228 1.0345236079077
2228 18.8755115600355
2228 18.8755115600355
2317 418.104831492066
2317 418.104831492066
2317 418.104831492066
2317 16.2976506140842
2317 46.407466436374
2317 46.407466436374
2317 0.208960843373494
2317 0.208960843373494
2317 0.120625281164897
2317 0
2317 0
2317 0.160325333507038
2317 28.3919163700434
2317 28.3919163700434
2317 0
2317 0.77906543442073
2317 0
2317 0
2317 1.0345236079077
2317 18.8755115600355
2317 18.8755115600355
2408 418.104831492066
2408 418.104831492066
2408 418.104831492066
2408 16.2976506140842
2408 46.407466436374
2408 46.407466436374
2408 0.208960843373494
2408 0.208960843373494
2408 0.120625281164897
2408 0
2408 0
2408 0.160325333507038
2408 28.3919163700434
2408 28.3919163700434
2408 0
2408 0.77906543442073
2408 0
2408 0
2408 1.0345236079077
2408 18.8755115600355
2408 18.8755115600355
2493 418.104831492066
2493 418.104831492066
2493 418.104831492066
2493 16.2976506140842
2493 46.407466436374
2493 46.407466436374
2493 0.208960843373494
2493 0.208960843373494
2493 0.120625281164897
2493 0
2493 0
2493 0.160325333507038
2493 28.3919163700434
2493 28.3919163700434
2493 0
2493 0.77906543442073
2493 0
2493 0
2493 1.0345236079077
2493 18.8755115600355
2493 18.8755115600355
2575 418.104831492066
2575 418.104831492066
2575 418.104831492066
2575 16.2976506140842
2575 46.407466436374
2575 46.407466436374
2575 0.208960843373494
2575 0.208960843373494
2575 0.120625281164897
2575 0
2575 0
2575 0.160325333507038
2575 28.3919163700434
2575 28.3919163700434
2575 0
2575 0.77906543442073
2575 0
2575 0
2575 1.0345236079077
2575 18.8755115600355
2575 18.8755115600355
2652 418.104831492066
2652 418.104831492066
2652 418.104831492066
2652 16.2976506140842
2652 46.407466436374
2652 46.407466436374
2652 0.208960843373494
2652 0.208960843373494
2652 0.120625281164897
2652 0
2652 0
2652 0.160325333507038
2652 28.3919163700434
2652 28.3919163700434
2652 0
2652 0.77906543442073
2652 0
2652 0
2652 1.0345236079077
2652 18.8755115600355
2652 18.8755115600355
2724 418.104831492066
2724 418.104831492066
2724 418.104831492066
2724 16.2976506140842
2724 46.407466436374
2724 46.407466436374
2724 0.208960843373494
2724 0.208960843373494
2724 0.120625281164897
2724 0
2724 0
2724 0.160325333507038
2724 28.3919163700434
2724 28.3919163700434
2724 0
2724 0.77906543442073
2724 0
2724 0
2724 1.0345236079077
2724 18.8755115600355
2724 18.8755115600355
2795 418.104831492066
2795 418.104831492066
2795 418.104831492066
2795 16.2976506140842
2795 46.407466436374
2795 46.407466436374
2795 0.208960843373494
2795 0.208960843373494
2795 0.120625281164897
2795 0
2795 0
2795 0.160325333507038
2795 28.3919163700434
2795 28.3919163700434
2795 0
2795 0.77906543442073
2795 0
2795 0
2795 1.0345236079077
2795 18.8755115600355
2795 18.8755115600355
2867 418.104831492066
2867 418.104831492066
2867 418.104831492066
2867 16.2976506140842
2867 46.407466436374
2867 46.407466436374
2867 0.208960843373494
2867 0.208960843373494
2867 0.120625281164897
2867 0
2867 0
2867 0.160325333507038
2867 28.3919163700434
2867 28.3919163700434
2867 0
2867 0.77906543442073
2867 0
2867 0
2867 1.0345236079077
2867 18.8755115600355
2867 18.8755115600355
1945 418.104831492066
1945 418.104831492066
1945 418.104831492066
1945 16.2976506140842
1945 46.407466436374
1945 46.407466436374
1945 0.208960843373494
1945 0.208960843373494
1945 0.120625281164897
1945 0
1945 0
1945 0.160325333507038
1945 28.3919163700434
1945 28.3919163700434
1945 0
1945 0.77906543442073
1945 0
1945 0
1945 1.0345236079077
1945 18.8755115600355
1945 18.8755115600355
2229 418.104831492066
2229 418.104831492066
2229 418.104831492066
2229 16.2976506140842
2229 46.407466436374
2229 46.407466436374
2229 0.208960843373494
2229 0.208960843373494
2229 0.120625281164897
2229 0
2229 0
2229 0.160325333507038
2229 28.3919163700434
2229 28.3919163700434
2229 0
2229 0.77906543442073
2229 0
2229 0
2229 1.0345236079077
2229 18.8755115600355
2229 18.8755115600355
2318 418.104831492066
2318 418.104831492066
2318 418.104831492066
2318 16.2976506140842
2318 46.407466436374
2318 46.407466436374
2318 0.208960843373494
2318 0.208960843373494
2318 0.120625281164897
2318 0
2318 0
2318 0.160325333507038
2318 28.3919163700434
2318 28.3919163700434
2318 0
2318 0.77906543442073
2318 0
2318 0
2318 1.0345236079077
2318 18.8755115600355
2318 18.8755115600355
2409 418.104831492066
2409 418.104831492066
2409 418.104831492066
2409 16.2976506140842
2409 46.407466436374
2409 46.407466436374
2409 0.208960843373494
2409 0.208960843373494
2409 0.120625281164897
2409 0
2409 0
2409 0.160325333507038
2409 28.3919163700434
2409 28.3919163700434
2409 0
2409 0.77906543442073
2409 0
2409 0
2409 1.0345236079077
2409 18.8755115600355
2409 18.8755115600355
2494 418.104831492066
2494 418.104831492066
2494 418.104831492066
2494 16.2976506140842
2494 46.407466436374
2494 46.407466436374
2494 0.208960843373494
2494 0.208960843373494
2494 0.120625281164897
2494 0
2494 0
2494 0.160325333507038
2494 28.3919163700434
2494 28.3919163700434
2494 0
2494 0.77906543442073
2494 0
2494 0
2494 1.0345236079077
2494 18.8755115600355
2494 18.8755115600355
2576 418.104831492066
2576 418.104831492066
2576 418.104831492066
2576 16.2976506140842
2576 46.407466436374
2576 46.407466436374
2576 0.208960843373494
2576 0.208960843373494
2576 0.120625281164897
2576 0
2576 0
2576 0.160325333507038
2576 28.3919163700434
2576 28.3919163700434
2576 0
2576 0.77906543442073
2576 0
2576 0
2576 1.0345236079077
2576 18.8755115600355
2576 18.8755115600355
2653 418.104831492066
2653 418.104831492066
2653 418.104831492066
2653 16.2976506140842
2653 46.407466436374
2653 46.407466436374
2653 0.208960843373494
2653 0.208960843373494
2653 0.120625281164897
2653 0
2653 0
2653 0.160325333507038
2653 28.3919163700434
2653 28.3919163700434
2653 0
2653 0.77906543442073
2653 0
2653 0
2653 1.0345236079077
2653 18.8755115600355
2653 18.8755115600355
2725 418.104831492066
2725 418.104831492066
2725 418.104831492066
2725 16.2976506140842
2725 46.407466436374
2725 46.407466436374
2725 0.208960843373494
2725 0.208960843373494
2725 0.120625281164897
2725 0
2725 0
2725 0.160325333507038
2725 28.3919163700434
2725 28.3919163700434
2725 0
2725 0.77906543442073
2725 0
2725 0
2725 1.0345236079077
2725 18.8755115600355
2725 18.8755115600355
2796 418.104831492066
2796 418.104831492066
2796 418.104831492066
2796 16.2976506140842
2796 46.407466436374
2796 46.407466436374
2796 0.208960843373494
2796 0.208960843373494
2796 0.120625281164897
2796 0
2796 0
2796 0.160325333507038
2796 28.3919163700434
2796 28.3919163700434
2796 0
2796 0.77906543442073
2796 0
2796 0
2796 1.0345236079077
2796 18.8755115600355
2796 18.8755115600355
2577 418.104831492066
2577 418.104831492066
2577 418.104831492066
2577 16.2976506140842
2577 46.407466436374
2577 46.407466436374
2577 0.208960843373494
2577 0.208960843373494
2577 0.120625281164897
2577 0
2577 0
2577 0.160325333507038
2577 28.3919163700434
2577 28.3919163700434
2577 0
2577 0.77906543442073
2577 0
2577 0
2577 1.0345236079077
2577 18.8755115600355
2577 18.8755115600355
2654 418.104831492066
2654 418.104831492066
2654 418.104831492066
2654 16.2976506140842
2654 46.407466436374
2654 46.407466436374
2654 0.208960843373494
2654 0.208960843373494
2654 0.120625281164897
2654 0
2654 0
2654 0.160325333507038
2654 28.3919163700434
2654 28.3919163700434
2654 0
2654 0.77906543442073
2654 0
2654 0
2654 1.0345236079077
2654 18.8755115600355
2654 18.8755115600355
2726 418.104831492066
2726 418.104831492066
2726 418.104831492066
2726 16.2976506140842
2726 46.407466436374
2726 46.407466436374
2726 0.208960843373494
2726 0.208960843373494
2726 0.120625281164897
2726 0
2726 0
2726 0.160325333507038
2726 28.3919163700434
2726 28.3919163700434
2726 0
2726 0.77906543442073
2726 0
2726 0
2726 1.0345236079077
2726 18.8755115600355
2726 18.8755115600355
2411 418.104831492066
2411 418.104831492066
2411 418.104831492066
2411 16.2976506140842
2411 46.407466436374
2411 46.407466436374
2411 0.208960843373494
2411 0.208960843373494
2411 0.120625281164897
2411 0
2411 0
2411 0.160325333507038
2411 28.3919163700434
2411 28.3919163700434
2411 0
2411 0.77906543442073
2411 0
2411 0
2411 1.0345236079077
2411 18.8755115600355
2411 18.8755115600355
2496 418.104831492066
2496 418.104831492066
2496 418.104831492066
2496 16.2976506140842
2496 46.407466436374
2496 46.407466436374
2496 0.208960843373494
2496 0.208960843373494
2496 0.120625281164897
2496 0
2496 0
2496 0.160325333507038
2496 28.3919163700434
2496 28.3919163700434
2496 0
2496 0.77906543442073
2496 0
2496 0
2496 1.0345236079077
2496 18.8755115600355
2496 18.8755115600355
2578 418.104831492066
2578 418.104831492066
2578 418.104831492066
2578 16.2976506140842
2578 46.407466436374
2578 46.407466436374
2578 0.208960843373494
2578 0.208960843373494
2578 0.120625281164897
2578 0
2578 0
2578 0.160325333507038
2578 28.3919163700434
2578 28.3919163700434
2578 0
2578 0.77906543442073
2578 0
2578 0
2578 1.0345236079077
2578 18.8755115600355
2578 18.8755115600355
2655 418.104831492066
2655 418.104831492066
2655 418.104831492066
2655 16.2976506140842
2655 46.407466436374
2655 46.407466436374
2655 0.208960843373494
2655 0.208960843373494
2655 0.120625281164897
2655 0
2655 0
2655 0.160325333507038
2655 28.3919163700434
2655 28.3919163700434
2655 0
2655 0.77906543442073
2655 0
2655 0
2655 1.0345236079077
2655 18.8755115600355
2655 18.8755115600355
2579 418.104831492066
2579 418.104831492066
2579 418.104831492066
2579 16.2976506140842
2579 46.407466436374
2579 46.407466436374
2579 0.208960843373494
2579 0.208960843373494
2579 0.120625281164897
2579 0
2579 0
2579 0.160325333507038
2579 28.3919163700434
2579 28.3919163700434
2579 0
2579 0.77906543442073
2579 0
2579 0
2579 1.0345236079077
2579 18.8755115600355
2579 18.8755115600355
2799 418.104831492066
2799 418.104831492066
2799 418.104831492066
2799 16.2976506140842
2799 46.407466436374
2799 46.407466436374
2799 0.208960843373494
2799 0.208960843373494
2799 0.120625281164897
2799 0
2799 0
2799 0.160325333507038
2799 28.3919163700434
2799 28.3919163700434
2799 0
2799 0.77906543442073
2799 0
2799 0
2799 1.0345236079077
2799 18.8755115600355
2799 18.8755115600355
