pt_graph scale
1024 418.104831492066
1024 418.104831492066
1024 418.104831492066
1024 16.2976506140842
1024 46.407466436374
1024 46.407466436374
1024 0.208960843373494
1024 0.208960843373494
1024 0.120625281164897
1024 0
1024 0
1024 0.160325333507038
1024 28.3919163700434
1024 28.3919163700434
1024 0
1024 0.77906543442073
1024 0
1024 0
1024 1.0345236079077
1024 18.8755115600355
1024 18.8755115600355
1082 418.104831492066
1082 418.104831492066
1082 418.104831492066
1082 16.2976506140842
1082 46.407466436374
1082 46.407466436374
1082 0.208960843373494
1082 0.208960843373494
1082 0.120625281164897
1082 0
1082 0
1082 0.160325333507038
1082 28.3919163700434
1082 28.3919163700434
1082 0
1082 0.77906543442073
1082 0
1082 0
1082 1.0345236079077
1082 18.8755115600355
1082 18.8755115600355
826 418.104831492066
826 418.104831492066
826 418.104831492066
826 16.2976506140842
826 46.407466436374
826 46.407466436374
826 0.208960843373494
826 0.208960843373494
826 0.120625281164897
826 0
826 0
826 0.160325333507038
826 28.3919163700434
826 28.3919163700434
826 0
826 0.77906543442073
826 0
826 0
826 1.0345236079077
826 18.8755115600355
826 18.8755115600355
2085 418.104831492066
2085 418.104831492066
2085 418.104831492066
2085 16.2976506140842
2085 46.407466436374
2085 46.407466436374
2085 0.208960843373494
2085 0.208960843373494
2085 0.120625281164897
2085 0
2085 0
2085 0.160325333507038
2085 28.3919163700434
2085 28.3919163700434
2085 0
2085 0.77906543442073
2085 0
2085 0
2085 1.0345236079077
2085 18.8755115600355
2085 18.8755115600355
2273 418.104831492066
2273 418.104831492066
2273 418.104831492066
2273 16.2976506140842
2273 46.407466436374
2273 46.407466436374
2273 0.208960843373494
2273 0.208960843373494
2273 0.120625281164897
2273 0
2273 0
2273 0.160325333507038
2273 28.3919163700434
2273 28.3919163700434
2273 0
2273 0.77906543442073
2273 0
2273 0
2273 1.0345236079077
2273 18.8755115600355
2273 18.8755115600355
2090 418.104831492066
2090 418.104831492066
2090 418.104831492066
2090 16.2976506140842
2090 46.407466436374
2090 46.407466436374
2090 0.208960843373494
2090 0.208960843373494
2090 0.120625281164897
2090 0
2090 0
2090 0.160325333507038
2090 28.3919163700434
2090 28.3919163700434
2090 0
2090 0.77906543442073
2090 0
2090 0
2090 1.0345236079077
2090 18.8755115600355
2090 18.8755115600355
2186 418.104831492066
2186 418.104831492066
2186 418.104831492066
2186 16.2976506140842
2186 46.407466436374
2186 46.407466436374
2186 0.208960843373494
2186 0.208960843373494
2186 0.120625281164897
2186 0
2186 0
2186 0.160325333507038
2186 28.3919163700434
2186 28.3919163700434
2186 0
2186 0.77906543442073
2186 0
2186 0
2186 1.0345236079077
2186 18.8755115600355
2186 18.8755115600355
1997 418.104831492066
1997 418.104831492066
1997 418.104831492066
1997 16.2976506140842
1997 46.407466436374
1997 46.407466436374
1997 0.208960843373494
1997 0.208960843373494
1997 0.120625281164897
1997 0
1997 0
1997 0.160325333507038
1997 28.3919163700434
1997 28.3919163700434
1997 0
1997 0.77906543442073
1997 0
1997 0
1997 1.0345236079077
1997 18.8755115600355
1997 18.8755115600355
2105 418.104831492066
2105 418.104831492066
2105 418.104831492066
2105 16.2976506140842
2105 46.407466436374
2105 46.407466436374
2105 0.208960843373494
2105 0.208960843373494
2105 0.120625281164897
2105 0
2105 0
2105 0.160325333507038
2105 28.3919163700434
2105 28.3919163700434
2105 0
2105 0.77906543442073
2105 0
2105 0
2105 1.0345236079077
2105 18.8755115600355
2105 18.8755115600355
3651 418.104831492066
3651 418.104831492066
3651 418.104831492066
3651 16.2976506140842
3651 46.407466436374
3651 46.407466436374
3651 0.208960843373494
3651 0.208960843373494
3651 0.120625281164897
3651 0
3651 0
3651 0.160325333507038
3651 28.3919163700434
3651 28.3919163700434
3651 0
3651 0.77906543442073
3651 0
3651 0
3651 1.0345236079077
3651 18.8755115600355
3651 18.8755115600355
1920 418.104831492066
1920 418.104831492066
1920 418.104831492066
1920 16.2976506140842
1920 46.407466436374
1920 46.407466436374
1920 0.208960843373494
1920 0.208960843373494
1920 0.120625281164897
1920 0
1920 0
1920 0.160325333507038
1920 28.3919163700434
1920 28.3919163700434
1920 0
1920 0.77906543442073
1920 0
1920 0
1920 1.0345236079077
1920 18.8755115600355
1920 18.8755115600355
3453 418.104831492066
3453 418.104831492066
3453 418.104831492066
3453 16.2976506140842
3453 46.407466436374
3453 46.407466436374
3453 0.208960843373494
3453 0.208960843373494
3453 0.120625281164897
3453 0
3453 0
3453 0.160325333507038
3453 28.3919163700434
3453 28.3919163700434
3453 0
3453 0.77906543442073
3453 0
3453 0
3453 1.0345236079077
3453 18.8755115600355
3453 18.8755115600355
3617 418.104831492066
3617 418.104831492066
3617 418.104831492066
3617 16.2976506140842
3617 46.407466436374
3617 46.407466436374
3617 0.208960843373494
3617 0.208960843373494
3617 0.120625281164897
3617 0
3617 0
3617 0.160325333507038
3617 28.3919163700434
3617 28.3919163700434
3617 0
3617 0.77906543442073
3617 0
3617 0
3617 1.0345236079077
3617 18.8755115600355
3617 18.8755115600355
3660 418.104831492066
3660 418.104831492066
3660 418.104831492066
3660 16.2976506140842
3660 46.407466436374
3660 46.407466436374
3660 0.208960843373494
3660 0.208960843373494
3660 0.120625281164897
3660 0
3660 0
3660 0.160325333507038
3660 28.3919163700434
3660 28.3919163700434
3660 0
3660 0.77906543442073
3660 0
3660 0
3660 1.0345236079077
3660 18.8755115600355
3660 18.8755115600355
2848 418.104831492066
2848 418.104831492066
2848 418.104831492066
2848 16.2976506140842
2848 46.407466436374
2848 46.407466436374
2848 0.208960843373494
2848 0.208960843373494
2848 0.120625281164897
2848 0
2848 0
2848 0.160325333507038
2848 28.3919163700434
2848 28.3919163700434
2848 0
2848 0.77906543442073
2848 0
2848 0
2848 1.0345236079077
2848 18.8755115600355
2848 18.8755115600355
3096 418.104831492066
3096 418.104831492066
3096 418.104831492066
3096 16.2976506140842
3096 46.407466436374
3096 46.407466436374
3096 0.208960843373494
3096 0.208960843373494
3096 0.120625281164897
3096 0
3096 0
3096 0.160325333507038
3096 28.3919163700434
3096 28.3919163700434
3096 0
3096 0.77906543442073
3096 0
3096 0
3096 1.0345236079077
3096 18.8755115600355
3096 18.8755115600355
3150 418.104831492066
3150 418.104831492066
3150 418.104831492066
3150 16.2976506140842
3150 46.407466436374
3150 46.407466436374
3150 0.208960843373494
3150 0.208960843373494
3150 0.120625281164897
3150 0
3150 0
3150 0.160325333507038
3150 28.3919163700434
3150 28.3919163700434
3150 0
3150 0.77906543442073
3150 0
3150 0
3150 1.0345236079077
3150 18.8755115600355
3150 18.8755115600355
3577 418.104831492066
3577 418.104831492066
3577 418.104831492066
3577 16.2976506140842
3577 46.407466436374
3577 46.407466436374
3577 0.208960843373494
3577 0.208960843373494
3577 0.120625281164897
3577 0
3577 0
3577 0.160325333507038
3577 28.3919163700434
3577 28.3919163700434
3577 0
3577 0.77906543442073
3577 0
3577 0
3577 1.0345236079077
3577 18.8755115600355
3577 18.8755115600355
3816 418.104831492066
3816 418.104831492066
3816 418.104831492066
3816 16.2976506140842
3816 46.407466436374
3816 46.407466436374
3816 0.208960843373494
3816 0.208960843373494
3816 0.120625281164897
3816 0
3816 0
3816 0.160325333507038
3816 28.3919163700434
3816 28.3919163700434
3816 0
3816 0.77906543442073
3816 0
3816 0
3816 1.0345236079077
3816 18.8755115600355
3816 18.8755115600355
3663 418.104831492066
3663 418.104831492066
3663 418.104831492066
3663 16.2976506140842
3663 46.407466436374
3663 46.407466436374
3663 0.208960843373494
3663 0.208960843373494
3663 0.120625281164897
3663 0
3663 0
3663 0.160325333507038
3663 28.3919163700434
3663 28.3919163700434
3663 0
3663 0.77906543442073
3663 0
3663 0
3663 1.0345236079077
3663 18.8755115600355
3663 18.8755115600355
3209 418.104831492066
3209 418.104831492066
3209 418.104831492066
3209 16.2976506140842
3209 46.407466436374
3209 46.407466436374
3209 0.208960843373494
3209 0.208960843373494
3209 0.120625281164897
3209 0
3209 0
3209 0.160325333507038
3209 28.3919163700434
3209 28.3919163700434
3209 0
3209 0.77906543442073
3209 0
3209 0
3209 1.0345236079077
3209 18.8755115600355
3209 18.8755115600355
3664 418.104831492066
3664 418.104831492066
3664 418.104831492066
3664 16.2976506140842
3664 46.407466436374
3664 46.407466436374
3664 0.208960843373494
3664 0.208960843373494
3664 0.120625281164897
3664 0
3664 0
3664 0.160325333507038
3664 28.3919163700434
3664 28.3919163700434
3664 0
3664 0.77906543442073
3664 0
3664 0
3664 1.0345236079077
3664 18.8755115600355
3664 18.8755115600355
3622 418.104831492066
3622 418.104831492066
3622 418.104831492066
3622 16.2976506140842
3622 46.407466436374
3622 46.407466436374
3622 0.208960843373494
3622 0.208960843373494
3622 0.120625281164897
3622 0
3622 0
3622 0.160325333507038
3622 28.3919163700434
3622 28.3919163700434
3622 0
3622 0.77906543442073
3622 0
3622 0
3622 1.0345236079077
3622 18.8755115600355
3622 18.8755115600355
3582 418.104831492066
3582 418.104831492066
3582 418.104831492066
3582 16.2976506140842
3582 46.407466436374
3582 46.407466436374
3582 0.208960843373494
3582 0.208960843373494
3582 0.120625281164897
3582 0
3582 0
3582 0.160325333507038
3582 28.3919163700434
3582 28.3919163700434
3582 0
3582 0.77906543442073
3582 0
3582 0
3582 1.0345236079077
3582 18.8755115600355
3582 18.8755115600355
3623 418.104831492066
3623 418.104831492066
3623 418.104831492066
3623 16.2976506140842
3623 46.407466436374
3623 46.407466436374
3623 0.208960843373494
3623 0.208960843373494
3623 0.120625281164897
3623 0
3623 0
3623 0.160325333507038
3623 28.3919163700434
3623 28.3919163700434
3623 0
3623 0.77906543442073
3623 0
3623 0
3623 1.0345236079077
3623 18.8755115600355
3623 18.8755115600355
3666 418.104831492066
3666 418.104831492066
3666 418.104831492066
3666 16.2976506140842
3666 46.407466436374
3666 46.407466436374
3666 0.208960843373494
3666 0.208960843373494
3666 0.120625281164897
3666 0
3666 0
3666 0.160325333507038
3666 28.3919163700434
3666 28.3919163700434
3666 0
3666 0.77906543442073
3666 0
3666 0
3666 1.0345236079077
3666 18.8755115600355
3666 18.8755115600355
3540 418.104831492066
3540 418.104831492066
3540 418.104831492066
3540 16.2976506140842
3540 46.407466436374
3540 46.407466436374
3540 0.208960843373494
3540 0.208960843373494
3540 0.120625281164897
3540 0
3540 0
3540 0.160325333507038
3540 28.3919163700434
3540 28.3919163700434
3540 0
3540 0.77906543442073
3540 0
3540 0
3540 1.0345236079077
3540 18.8755115600355
3540 18.8755115600355
3157 418.104831492066
3157 418.104831492066
3157 418.104831492066
3157 16.2976506140842
3157 46.407466436374
3157 46.407466436374
3157 0.208960843373494
3157 0.208960843373494
3157 0.120625281164897
3157 0
3157 0
3157 0.160325333507038
3157 28.3919163700434
3157 28.3919163700434
3157 0
3157 0.77906543442073
3157 0
3157 0
3157 1.0345236079077
3157 18.8755115600355
3157 18.8755115600355
3213 418.104831492066
3213 418.104831492066
3213 418.104831492066
3213 16.2976506140842
3213 46.407466436374
3213 46.407466436374
3213 0.208960843373494
3213 0.208960843373494
3213 0.120625281164897
3213 0
3213 0
3213 0.160325333507038
3213 28.3919163700434
3213 28.3919163700434
3213 0
3213 0.77906543442073
3213 0
3213 0
3213 1.0345236079077
3213 18.8755115600355
3213 18.8755115600355
3267 418.104831492066
3267 418.104831492066
3267 418.104831492066
3267 16.2976506140842
3267 46.407466436374
3267 46.407466436374
3267 0.208960843373494
3267 0.208960843373494
3267 0.120625281164897
3267 0
3267 0
3267 0.160325333507038
3267 28.3919163700434
3267 28.3919163700434
3267 0
3267 0.77906543442073
3267 0
3267 0
3267 1.0345236079077
3267 18.8755115600355
3267 18.8755115600355
3327 418.104831492066
3327 418.104831492066
3327 418.104831492066
3327 16.2976506140842
3327 46.407466436374
3327 46.407466436374
3327 0.208960843373494
3327 0.208960843373494
3327 0.120625281164897
3327 0
3327 0
3327 0.160325333507038
3327 28.3919163700434
3327 28.3919163700434
3327 0
3327 0.77906543442073
3327 0
3327 0
3327 1.0345236079077
3327 18.8755115600355
3327 18.8755115600355
3584 418.104831492066
3584 418.104831492066
3584 418.104831492066
3584 16.2976506140842
3584 46.407466436374
3584 46.407466436374
3584 0.208960843373494
3584 0.208960843373494
3584 0.120625281164897
3584 0
3584 0
3584 0.160325333507038
3584 28.3919163700434
3584 28.3919163700434
3584 0
3584 0.77906543442073
3584 0
3584 0
3584 1.0345236079077
3584 18.8755115600355
3584 18.8755115600355
3625 418.104831492066
3625 418.104831492066
3625 418.104831492066
3625 16.2976506140842
3625 46.407466436374
3625 46.407466436374
3625 0.208960843373494
3625 0.208960843373494
3625 0.120625281164897
3625 0
3625 0
3625 0.160325333507038
3625 28.3919163700434
3625 28.3919163700434
3625 0
3625 0.77906543442073
3625 0
3625 0
3625 1.0345236079077
3625 18.8755115600355
3625 18.8755115600355
3268 418.104831492066
3268 418.104831492066
3268 418.104831492066
3268 16.2976506140842
3268 46.407466436374
3268 46.407466436374
3268 0.208960843373494
3268 0.208960843373494
3268 0.120625281164897
3268 0
3268 0
3268 0.160325333507038
3268 28.3919163700434
3268 28.3919163700434
3268 0
3268 0.77906543442073
3268 0
3268 0
3268 1.0345236079077
3268 18.8755115600355
3268 18.8755115600355
3328 418.104831492066
3328 418.104831492066
3328 418.104831492066
3328 16.2976506140842
3328 46.407466436374
3328 46.407466436374
3328 0.208960843373494
3328 0.208960843373494
3328 0.120625281164897
3328 0
3328 0
3328 0.160325333507038
3328 28.3919163700434
3328 28.3919163700434
3328 0
3328 0.77906543442073
3328 0
3328 0
3328 1.0345236079077
3328 18.8755115600355
3328 18.8755115600355
3424 418.104831492066
3424 418.104831492066
3424 418.104831492066
3424 16.2976506140842
3424 46.407466436374
3424 46.407466436374
3424 0.208960843373494
3424 0.208960843373494
3424 0.120625281164897
3424 0
3424 0
3424 0.160325333507038
3424 28.3919163700434
3424 28.3919163700434
3424 0
3424 0.77906543442073
3424 0
3424 0
3424 1.0345236079077
3424 18.8755115600355
3424 18.8755115600355
3467 418.104831492066
3467 418.104831492066
3467 418.104831492066
3467 16.2976506140842
3467 46.407466436374
3467 46.407466436374
3467 0.208960843373494
3467 0.208960843373494
3467 0.120625281164897
3467 0
3467 0
3467 0.160325333507038
3467 28.3919163700434
3467 28.3919163700434
3467 0
3467 0.77906543442073
3467 0
3467 0
3467 1.0345236079077
3467 18.8755115600355
3467 18.8755115600355
3504 418.104831492066
3504 418.104831492066
3504 418.104831492066
3504 16.2976506140842
3504 46.407466436374
3504 46.407466436374
3504 0.208960843373494
3504 0.208960843373494
3504 0.120625281164897
3504 0
3504 0
3504 0.160325333507038
3504 28.3919163700434
3504 28.3919163700434
3504 0
3504 0.77906543442073
3504 0
3504 0
3504 1.0345236079077
3504 18.8755115600355
3504 18.8755115600355
2923 418.104831492066
2923 418.104831492066
2923 418.104831492066
2923 16.2976506140842
2923 46.407466436374
2923 46.407466436374
2923 0.208960843373494
2923 0.208960843373494
2923 0.120625281164897
2923 0
2923 0
2923 0.160325333507038
2923 28.3919163700434
2923 28.3919163700434
2923 0
2923 0.77906543442073
2923 0
2923 0
2923 1.0345236079077
2923 18.8755115600355
2923 18.8755115600355
2786 418.104831492066
2786 418.104831492066
2786 418.104831492066
2786 16.2976506140842
2786 46.407466436374
2786 46.407466436374
2786 0.208960843373494
2786 0.208960843373494
2786 0.120625281164897
2786 0
2786 0
2786 0.160325333507038
2786 28.3919163700434
2786 28.3919163700434
2786 0
2786 0.77906543442073
2786 0
2786 0
2786 1.0345236079077
2786 18.8755115600355
2786 18.8755115600355
2858 418.104831492066
2858 418.104831492066
2858 418.104831492066
2858 16.2976506140842
2858 46.407466436374
2858 46.407466436374
2858 0.208960843373494
2858 0.208960843373494
2858 0.120625281164897
2858 0
2858 0
2858 0.160325333507038
2858 28.3919163700434
2858 28.3919163700434
2858 0
2858 0.77906543442073
2858 0
2858 0
2858 1.0345236079077
2858 18.8755115600355
2858 18.8755115600355
2925 418.104831492066
2925 418.104831492066
2925 418.104831492066
2925 16.2976506140842
2925 46.407466436374
2925 46.407466436374
2925 0.208960843373494
2925 0.208960843373494
2925 0.120625281164897
2925 0
2925 0
2925 0.160325333507038
2925 28.3919163700434
2925 28.3919163700434
2925 0
2925 0.77906543442073
2925 0
2925 0
2925 1.0345236079077
2925 18.8755115600355
2925 18.8755115600355
2988 418.104831492066
2988 418.104831492066
2988 418.104831492066
2988 16.2976506140842
2988 46.407466436374
2988 46.407466436374
2988 0.208960843373494
2988 0.208960843373494
2988 0.120625281164897
2988 0
2988 0
2988 0.160325333507038
2988 28.3919163700434
2988 28.3919163700434
2988 0
2988 0.77906543442073
2988 0
2988 0
2988 1.0345236079077
2988 18.8755115600355
2988 18.8755115600355
3047 418.104831492066
3047 418.104831492066
3047 418.104831492066
3047 16.2976506140842
3047 46.407466436374
3047 46.407466436374
3047 0.208960843373494
3047 0.208960843373494
3047 0.120625281164897
3047 0
3047 0
3047 0.160325333507038
3047 28.3919163700434
3047 28.3919163700434
3047 0
3047 0.77906543442073
3047 0
3047 0
3047 1.0345236079077
3047 18.8755115600355
3047 18.8755115600355
3106 418.104831492066
3106 418.104831492066
3106 418.104831492066
3106 16.2976506140842
3106 46.407466436374
3106 46.407466436374
3106 0.208960843373494
3106 0.208960843373494
3106 0.120625281164897
3106 0
3106 0
3106 0.160325333507038
3106 28.3919163700434
3106 28.3919163700434
3106 0
3106 0.77906543442073
3106 0
3106 0
3106 1.0345236079077
3106 18.8755115600355
3106 18.8755115600355
3107 418.104831492066
3107 418.104831492066
3107 418.104831492066
3107 16.2976506140842
3107 46.407466436374
3107 46.407466436374
3107 0.208960843373494
3107 0.208960843373494
3107 0.120625281164897
3107 0
3107 0
3107 0.160325333507038
3107 28.3919163700434
3107 28.3919163700434
3107 0
3107 0.77906543442073
3107 0
3107 0
3107 1.0345236079077
3107 18.8755115600355
3107 18.8755115600355
3162 418.104831492066
3162 418.104831492066
3162 418.104831492066
3162 16.2976506140842
3162 46.407466436374
3162 46.407466436374
3162 0.208960843373494
3162 0.208960843373494
3162 0.120625281164897
3162 0
3162 0
3162 0.160325333507038
3162 28.3919163700434
3162 28.3919163700434
3162 0
3162 0.77906543442073
3162 0
3162 0
3162 1.0345236079077
3162 18.8755115600355
3162 18.8755115600355
2718 418.104831492066
2718 418.104831492066
2718 418.104831492066
2718 16.2976506140842
2718 46.407466436374
2718 46.407466436374
2718 0.208960843373494
2718 0.208960843373494
2718 0.120625281164897
2718 0
2718 0
2718 0.160325333507038
2718 28.3919163700434
2718 28.3919163700434
2718 0
2718 0.77906543442073
2718 0
2718 0
2718 1.0345236079077
2718 18.8755115600355
2718 18.8755115600355
2861 418.104831492066
2861 418.104831492066
2861 418.104831492066
2861 16.2976506140842
2861 46.407466436374
2861 46.407466436374
2861 0.208960843373494
2861 0.208960843373494
2861 0.120625281164897
2861 0
2861 0
2861 0.160325333507038
2861 28.3919163700434
2861 28.3919163700434
2861 0
2861 0.77906543442073
2861 0
2861 0
2861 1.0345236079077
2861 18.8755115600355
2861 18.8755115600355
2927 418.104831492066
2927 418.104831492066
2927 418.104831492066
2927 16.2976506140842
2927 46.407466436374
2927 46.407466436374
2927 0.208960843373494
2927 0.208960843373494
2927 0.120625281164897
2927 0
2927 0
2927 0.160325333507038
2927 28.3919163700434
2927 28.3919163700434
2927 0
2927 0.77906543442073
2927 0
2927 0
2927 1.0345236079077
2927 18.8755115600355
2927 18.8755115600355
2990 418.104831492066
2990 418.104831492066
2990 418.104831492066
2990 16.2976506140842
2990 46.407466436374
2990 46.407466436374
2990 0.208960843373494
2990 0.208960843373494
2990 0.120625281164897
2990 0
2990 0
2990 0.160325333507038
2990 28.3919163700434
2990 28.3919163700434
2990 0
2990 0.77906543442073
2990 0
2990 0
2990 1.0345236079077
2990 18.8755115600355
2990 18.8755115600355
3108 418.104831492066
3108 418.104831492066
3108 418.104831492066
3108 16.2976506140842
3108 46.407466436374
3108 46.407466436374
3108 0.208960843373494
3108 0.208960843373494
3108 0.120625281164897
3108 0
3108 0
3108 0.160325333507038
3108 28.3919163700434
3108 28.3919163700434
3108 0
3108 0.77906543442073
3108 0
3108 0
3108 1.0345236079077
3108 18.8755115600355
3108 18.8755115600355
2719 418.104831492066
2719 418.104831492066
2719 418.104831492066
2719 16.2976506140842
2719 46.407466436374
2719 46.407466436374
2719 0.208960843373494
2719 0.208960843373494
2719 0.120625281164897
2719 0
2719 0
2719 0.160325333507038
2719 28.3919163700434
2719 28.3919163700434
2719 0
2719 0.77906543442073
2719 0
2719 0
2719 1.0345236079077
2719 18.8755115600355
2719 18.8755115600355
2862 418.104831492066
2862 418.104831492066
2862 418.104831492066
2862 16.2976506140842
2862 46.407466436374
2862 46.407466436374
2862 0.208960843373494
2862 0.208960843373494
2862 0.120625281164897
2862 0
2862 0
2862 0.160325333507038
2862 28.3919163700434
2862 28.3919163700434
2862 0
2862 0.77906543442073
2862 0
2862 0
2862 1.0345236079077
2862 18.8755115600355
2862 18.8755115600355
3050 418.104831492066
3050 418.104831492066
3050 418.104831492066
3050 16.2976506140842
3050 46.407466436374
3050 46.407466436374
3050 0.208960843373494
3050 0.208960843373494
3050 0.120625281164897
3050 0
3050 0
3050 0.160325333507038
3050 28.3919163700434
3050 28.3919163700434
3050 0
3050 0.77906543442073
3050 0
3050 0
3050 1.0345236079077
3050 18.8755115600355
3050 18.8755115600355
3109 418.104831492066
3109 418.104831492066
3109 418.104831492066
3109 16.2976506140842
3109 46.407466436374
3109 46.407466436374
3109 0.208960843373494
3109 0.208960843373494
3109 0.120625281164897
3109 0
3109 0
3109 0.160325333507038
3109 28.3919163700434
3109 28.3919163700434
3109 0
3109 0.77906543442073
3109 0
3109 0
3109 1.0345236079077
3109 18.8755115600355
3109 18.8755115600355
2791 418.104831492066
2791 418.104831492066
2791 418.104831492066
2791 16.2976506140842
2791 46.407466436374
2791 46.407466436374
2791 0.208960843373494
2791 0.208960843373494
2791 0.120625281164897
2791 0
2791 0
2791 0.160325333507038
2791 28.3919163700434
2791 28.3919163700434
2791 0
2791 0.77906543442073
2791 0
2791 0
2791 1.0345236079077
2791 18.8755115600355
2791 18.8755115600355
2863 418.104831492066
2863 418.104831492066
2863 418.104831492066
2863 16.2976506140842
2863 46.407466436374
2863 46.407466436374
2863 0.208960843373494
2863 0.208960843373494
2863 0.120625281164897
2863 0
2863 0
2863 0.160325333507038
2863 28.3919163700434
2863 28.3919163700434
2863 0
2863 0.77906543442073
2863 0
2863 0
2863 1.0345236079077
2863 18.8755115600355
2863 18.8755115600355
3051 418.104831492066
3051 418.104831492066
3051 418.104831492066
3051 16.2976506140842
3051 46.407466436374
3051 46.407466436374
3051 0.208960843373494
3051 0.208960843373494
3051 0.120625281164897
3051 0
3051 0
3051 0.160325333507038
3051 28.3919163700434
3051 28.3919163700434
3051 0
3051 0.77906543442073
3051 0
3051 0
3051 1.0345236079077
3051 18.8755115600355
3051 18.8755115600355
1665 418.104831492066
1665 418.104831492066
1665 418.104831492066
1665 16.2976506140842
1665 46.407466436374
1665 46.407466436374
1665 0.208960843373494
1665 0.208960843373494
1665 0.120625281164897
1665 0
1665 0
1665 0.160325333507038
1665 28.3919163700434
1665 28.3919163700434
1665 0
1665 0.77906543442073
1665 0
1665 0
1665 1.0345236079077
1665 18.8755115600355
1665 18.8755115600355
1849 418.104831492066
1849 418.104831492066
1849 418.104831492066
1849 16.2976506140842
1849 46.407466436374
1849 46.407466436374
1849 0.208960843373494
1849 0.208960843373494
1849 0.120625281164897
1849 0
1849 0
1849 0.160325333507038
1849 28.3919163700434
1849 28.3919163700434
1849 0
1849 0.77906543442073
1849 0
1849 0
1849 1.0345236079077
1849 18.8755115600355
1849 18.8755115600355
2036 418.104831492066
2036 418.104831492066
2036 418.104831492066
2036 16.2976506140842
2036 46.407466436374
2036 46.407466436374
2036 0.208960843373494
2036 0.208960843373494
2036 0.120625281164897
2036 0
2036 0
2036 0.160325333507038
2036 28.3919163700434
2036 28.3919163700434
2036 0
2036 0.77906543442073
2036 0
2036 0
2036 1.0345236079077
2036 18.8755115600355
2036 18.8755115600355
2130 418.104831492066
2130 418.104831492066
2130 418.104831492066
2130 16.2976506140842
2130 46.407466436374
2130 46.407466436374
2130 0.208960843373494
2130 0.208960843373494
2130 0.120625281164897
2130 0
2130 0
2130 0.160325333507038
2130 28.3919163700434
2130 28.3919163700434
2130 0
2130 0.77906543442073
2130 0
2130 0
2130 1.0345236079077
2130 18.8755115600355
2130 18.8755115600355
2930 418.104831492066
2930 418.104831492066
2930 418.104831492066
2930 16.2976506140842
2930 46.407466436374
2930 46.407466436374
2930 0.208960843373494
2930 0.208960843373494
2930 0.120625281164897
2930 0
2930 0
2930 0.160325333507038
2930 28.3919163700434
2930 28.3919163700434
2930 0
2930 0.77906543442073
2930 0
2930 0
2930 1.0345236079077
2930 18.8755115600355
2930 18.8755115600355
2131 418.104831492066
2131 418.104831492066
2131 418.104831492066
2131 16.2976506140842
2131 46.407466436374
2131 46.407466436374
2131 0.208960843373494
2131 0.208960843373494
2131 0.120625281164897
2131 0
2131 0
2131 0.160325333507038
2131 28.3919163700434
2131 28.3919163700434
2131 0
2131 0.77906543442073
2131 0
2131 0
2131 1.0345236079077
2131 18.8755115600355
2131 18.8755115600355
2226 418.104831492066
2226 418.104831492066
2226 418.104831492066
2226 16.2976506140842
2226 46.407466436374
2226 46.407466436374
2226 0.208960843373494
2226 0.208960843373494
2226 0.120625281164897
2226 0
2226 0
2226 0.160325333507038
2226 28.3919163700434
2226 28.3919163700434
2226 0
2226 0.77906543442073
2226 0
2226 0
2226 1.0345236079077
2226 18.8755115600355
2226 18.8755115600355
2315 418.104831492066
2315 418.104831492066
2315 418.104831492066
2315 16.2976506140842
2315 46.407466436374
2315 46.407466436374
2315 0.208960843373494
2315 0.208960843373494
2315 0.120625281164897
2315 0
2315 0
2315 0.160325333507038
2315 28.3919163700434
2315 28.3919163700434
2315 0
2315 0.77906543442073
2315 0
2315 0
2315 1.0345236079077
2315 18.8755115600355
2315 18.8755115600355
2491 418.104831492066
2491 418.104831492066
2491 418.104831492066
2491 16.2976506140842
2491 46.407466436374
2491 46.407466436374
2491 0.208960843373494
2491 0.208960843373494
2491 0.120625281164897
2491 0
2491 0
2491 0.160325333507038
2491 28.3919163700434
2491 28.3919163700434
2491 0
2491 0.77906543442073
2491 0
2491 0
2491 1.0345236079077
2491 18.8755115600355
2491 18.8755115600355
2793 418.104831492066
2793 418.104831492066
2793 418.104831492066
2793 16.2976506140842
2793 46.407466436374
2793 46.407466436374
2793 0.208960843373494
2793 0.208960843373494
2793 0.120625281164897
2793 0
2793 0
2793 0.160325333507038
2793 28.3919163700434
2793 28.3919163700434
2793 0
2793 0.77906543442073
2793 0
2793 0
2793 1.0345236079077
2793 18.8755115600355
2793 18.8755115600355
2865 418.104831492066
2865 418.104831492066
2865 418.104831492066
2865 16.2976506140842
2865 46.407466436374
2865 46.407466436374
2865 0.208960843373494
2865 0.208960843373494
2865 0.120625281164897
2865 0
2865 0
2865 0.160325333507038
2865 28.3919163700434
2865 28.3919163700434
2865 0
2865 0.77906543442073
2865 0
2865 0
2865 1.0345236079077
2865 18.8755115600355
2865 18.8755115600355
2931 418.104831492066
2931 418.104831492066
2931 418.104831492066
2931 16.2976506140842
2931 46.407466436374
2931 46.407466436374
2931 0.208960843373494
2931 0.208960843373494
2931 0.120625281164897
2931 0
2931 0
2931 0.160325333507038
2931 28.3919163700434
2931 28.3919163700434
2931 0
2931 0.77906543442073
2931 0
2931 0
2931 1.0345236079077
2931 18.8755115600355
2931 18.8755115600355
1851 418.104831492066
1851 418.104831492066
1851 418.104831492066
1851 16.2976506140842
1851 46.407466436374
1851 46.407466436374
1851 0.208960843373494
1851 0.208960843373494
1851 0.120625281164897
1851 0
1851 0
1851 0.160325333507038
1851 28.3919163700434
1851 28.3919163700434
1851 0
1851 0.77906543442073
1851 0
1851 0
1851 1.0345236079077
1851 18.8755115600355
1851 18.8755115600355
2132 418.104831492066
2132 418.104831492066
2132 418.104831492066
2132 16.2976506140842
2132 46.407466436374
2132 46.407466436374
2132 0.208960843373494
2132 0.208960843373494
2132 0.120625281164897
2132 0
2132 0
2132 0.160325333507038
2132 28.3919163700434
2132 28.3919163700434
2132 0
2132 0.77906543442073
2132 0
2132 0
2132 1.0345236079077
2132 18.8755115600355
2132 18.8755115600355
2227 418.104831492066
2227 418.104831492066
2227 418.104831492066
2227 16.2976506140842
2227 46.407466436374
2227 46.407466436374
2227 0.208960843373494
2227 0.208960843373494
2227 0.120625281164897
2227 0
2227 0
2227 0.160325333507038
2227 28.3919163700434
2227 28.3919163700434
2227 0
2227 0.77906543442073
2227 0
2227 0
2227 1.0345236079077
2227 18.8755115600355
2227 18.8755115600355
2316 418.104831492066
2316 418.104831492066
2316 418.104831492066
2316 16.2976506140842
2316 46.407466436374
2316 46.407466436374
2316 0.208960843373494
2316 0.208960843373494
2316 0.120625281164897
2316 0
2316 0
2316 0.160325333507038
2316 28.3919163700434
2316 28.3919163700434
2316 0
2316 0.77906543442073
2316 0
2316 0
2316 1.0345236079077
2316 18.8755115600355
2316 18.8755115600355
2407 418.104831492066
2407 418.104831492066
2407 418.104831492066
2407 16.2976506140842
2407 46.407466436374
2407 46.407466436374
2407 0.208960843373494
2407 0.208960843373494
2407 0.120625281164897
2407 0
2407 0
2407 0.160325333507038
2407 28.3919163700434
2407 28.3919163700434
2407 0
2407 0.77906543442073
2407 0
2407 0
2407 1.0345236079077
2407 18.8755115600355
2407 18.8755115600355
2651 418.104831492066
2651 418.104831492066
2651 418.104831492066
2651 16.2976506140842
2651 46.407466436374
2651 46.407466436374
2651 0.208960843373494
2651 0.208960843373494
2651 0.120625281164897
2651 0
2651 0
2651 0.160325333507038
2651 28.3919163700434
2651 28.3919163700434
2651 0
2651 0.77906543442073
2651 0
2651 0
2651 1.0345236079077
2651 18.8755115600355
2651 18.8755115600355
2794 418.104831492066
2794 418.104831492066
2794 418.104831492066
2794 16.2976506140842
2794 46.407466436374
2794 46.407466436374
2794 0.208960843373494
2794 0.208960843373494
2794 0.120625281164897
2794 0
2794 0
2794 0.160325333507038
2794 28.3919163700434
2794 28.3919163700434
2794 0
2794 0.77906543442073
2794 0
2794 0
2794 1.0345236079077
2794 18.8755115600355
2794 18.8755115600355
2866 418.104831492066
2866 418.104831492066
2866 418.104831492066
2866 16.2976506140842
2866 46.407466436374
2866 46.407466436374
2866 0.208960843373494
2866 0.208960843373494
2866 0.120625281164897
2866 0
2866 0
2866 0.160325333507038
2866 28.3919163700434
2866 28.3919163700434
2866 0
2866 0.77906543442073
2866 0
2866 0
2866 1.0345236079077
2866 18.8755115600355
2866 18.8755115600355
2932 418.104831492066
2932 418.104831492066
2932 418.104831492066
2932 16.2976506140842
2932 46.407466436374
2932 46.407466436374
2932 0.208960843373494
2932 0.208960843373494
2932 0.120625281164897
2932 0
2932 0
2932 0.160325333507038
2932 28.3919163700434
2932 28.3919163700434
2932 0
2932 0.77906543442073
2932 0
2932 0
2932 1.0345236079077
2932 18.8755115600355
2932 18.8755115600355
2039 418.104831492066
2039 418.104831492066
2039 418.104831492066
2039 16.2976506140842
2039 46.407466436374
2039 46.407466436374
2039 0.208960843373494
2039 0.208960843373494
2039 0.120625281164897
2039 0
2039 0
2039 0.160325333507038
2039 28.3919163700434
2039 28.3919163700434
2039 0
2039 0.77906543442073
2039 0
2039 0
2039 1.0345236079077
2039 18.8755115600355
2039 18.8755115600355
2228 418.104831492066
2228 418.104831492066
2228 418.104831492066
2228 16.2976506140842
2228 46.407466436374
2228 46.407466436374
2228 0.208960843373494
2228 0.208960843373494
2228 0.120625281164897
2228 0
2228 0
2228 0.160325333507038
2228 28.3919163700434
2228 28.3919163700434
2228 0
2228 0.77906543442073
2228 0
2228 0
2228 1.0345236079077
2228 18.8755115600355
2228 18.8755115600355
2317 418.104831492066
2317 418.104831492066
2317 418.104831492066
2317 16.2976506140842
2317 46.407466436374
2317 46.407466436374
2317 0.208960843373494
2317 0.208960843373494
2317 0.120625281164897
2317 0
2317 0
2317 0.160325333507038
2317 28.3919163700434
2317 28.3919163700434
2317 0
2317 0.77906543442073
2317 0
2317 0
2317 1.0345236079077
2317 18.8755115600355
2317 18.8755115600355
2408 418.104831492066
2408 418.104831492066
2408 418.104831492066
2408 16.2976506140842
2408 46.407466436374
2408 46.407466436374
2408 0.208960843373494
2408 0.208960843373494
2408 0.120625281164897
2408 0
2408 0
2408 0.160325333507038
2408 28.3919163700434
2408 28.3919163700434
2408 0
2408 0.77906543442073
2408 0
2408 0
2408 1.0345236079077
2408 18.8755115600355
2408 18.8755115600355
2493 418.104831492066
2493 418.104831492066
2493 418.104831492066
2493 16.2976506140842
2493 46.407466436374
2493 46.407466436374
2493 0.208960843373494
2493 0.208960843373494
2493 0.120625281164897
2493 0
2493 0
2493 0.160325333507038
2493 28.3919163700434
2493 28.3919163700434
2493 0
2493 0.77906543442073
2493 0
2493 0
2493 1.0345236079077
2493 18.8755115600355
2493 18.8755115600355
2575 418.104831492066
2575 418.104831492066
2575 418.104831492066
2575 16.2976506140842
2575 46.407466436374
2575 46.407466436374
2575 0.208960843373494
2575 0.208960843373494
2575 0.120625281164897
2575 0
2575 0
2575 0.160325333507038
2575 28.3919163700434
2575 28.3919163700434
2575 0
2575 0.77906543442073
2575 0
2575 0
2575 1.0345236079077
2575 18.8755115600355
2575 18.8755115600355
2724 418.104831492066
2724 418.104831492066
2724 418.104831492066
2724 16.2976506140842
2724 46.407466436374
2724 46.407466436374
2724 0.208960843373494
2724 0.208960843373494
2724 0.120625281164897
2724 0
2724 0
2724 0.160325333507038
2724 28.3919163700434
2724 28.3919163700434
2724 0
2724 0.77906543442073
2724 0
2724 0
2724 1.0345236079077
2724 18.8755115600355
2724 18.8755115600355
2795 418.104831492066
2795 418.104831492066
2795 418.104831492066
2795 16.2976506140842
2795 46.407466436374
2795 46.407466436374
2795 0.208960843373494
2795 0.208960843373494
2795 0.120625281164897
2795 0
2795 0
2795 0.160325333507038
2795 28.3919163700434
2795 28.3919163700434
2795 0
2795 0.77906543442073
2795 0
2795 0
2795 1.0345236079077
2795 18.8755115600355
2795 18.8755115600355
2867 418.104831492066
2867 418.104831492066
2867 418.104831492066
2867 16.2976506140842
2867 46.407466436374
2867 46.407466436374
2867 0.208960843373494
2867 0.208960843373494
2867 0.120625281164897
2867 0
2867 0
2867 0.160325333507038
2867 28.3919163700434
2867 28.3919163700434
2867 0
2867 0.77906543442073
2867 0
2867 0
2867 1.0345236079077
2867 18.8755115600355
2867 18.8755115600355
2040 418.104831492066
2040 418.104831492066
2040 418.104831492066
2040 16.2976506140842
2040 46.407466436374
2040 46.407466436374
2040 0.208960843373494
2040 0.208960843373494
2040 0.120625281164897
2040 0
2040 0
2040 0.160325333507038
2040 28.3919163700434
2040 28.3919163700434
2040 0
2040 0.77906543442073
2040 0
2040 0
2040 1.0345236079077
2040 18.8755115600355
2040 18.8755115600355
2229 418.104831492066
2229 418.104831492066
2229 418.104831492066
2229 16.2976506140842
2229 46.407466436374
2229 46.407466436374
2229 0.208960843373494
2229 0.208960843373494
2229 0.120625281164897
2229 0
2229 0
2229 0.160325333507038
2229 28.3919163700434
2229 28.3919163700434
2229 0
2229 0.77906543442073
2229 0
2229 0
2229 1.0345236079077
2229 18.8755115600355
2229 18.8755115600355
2318 418.104831492066
2318 418.104831492066
2318 418.104831492066
2318 16.2976506140842
2318 46.407466436374
2318 46.407466436374
2318 0.208960843373494
2318 0.208960843373494
2318 0.120625281164897
2318 0
2318 0
2318 0.160325333507038
2318 28.3919163700434
2318 28.3919163700434
2318 0
2318 0.77906543442073
2318 0
2318 0
2318 1.0345236079077
2318 18.8755115600355
2318 18.8755115600355
2576 418.104831492066
2576 418.104831492066
2576 418.104831492066
2576 16.2976506140842
2576 46.407466436374
2576 46.407466436374
2576 0.208960843373494
2576 0.208960843373494
2576 0.120625281164897
2576 0
2576 0
2576 0.160325333507038
2576 28.3919163700434
2576 28.3919163700434
2576 0
2576 0.77906543442073
2576 0
2576 0
2576 1.0345236079077
2576 18.8755115600355
2576 18.8755115600355
2653 418.104831492066
2653 418.104831492066
2653 418.104831492066
2653 16.2976506140842
2653 46.407466436374
2653 46.407466436374
2653 0.208960843373494
2653 0.208960843373494
2653 0.120625281164897
2653 0
2653 0
2653 0.160325333507038
2653 28.3919163700434
2653 28.3919163700434
2653 0
2653 0.77906543442073
2653 0
2653 0
2653 1.0345236079077
2653 18.8755115600355
2653 18.8755115600355
2725 418.104831492066
2725 418.104831492066
2725 418.104831492066
2725 16.2976506140842
2725 46.407466436374
2725 46.407466436374
2725 0.208960843373494
2725 0.208960843373494
2725 0.120625281164897
2725 0
2725 0
2725 0.160325333507038
2725 28.3919163700434
2725 28.3919163700434
2725 0
2725 0.77906543442073
2725 0
2725 0
2725 1.0345236079077
2725 18.8755115600355
2725 18.8755115600355
1588 418.104831492066
1588 418.104831492066
1588 418.104831492066
1588 16.2976506140842
1588 46.407466436374
1588 46.407466436374
1588 0.208960843373494
1588 0.208960843373494
1588 0.120625281164897
1588 0
1588 0
1588 0.160325333507038
1588 28.3919163700434
1588 28.3919163700434
1588 0
1588 0.77906543442073
1588 0
1588 0
1588 1.0345236079077
1588 18.8755115600355
1588 18.8755115600355
2577 418.104831492066
2577 418.104831492066
2577 418.104831492066
2577 16.2976506140842
2577 46.407466436374
2577 46.407466436374
2577 0.208960843373494
2577 0.208960843373494
2577 0.120625281164897
2577 0
2577 0
2577 0.160325333507038
2577 28.3919163700434
2577 28.3919163700434
2577 0
2577 0.77906543442073
2577 0
2577 0
2577 1.0345236079077
2577 18.8755115600355
2577 18.8755115600355
2654 418.104831492066
2654 418.104831492066
2654 418.104831492066
2654 16.2976506140842
2654 46.407466436374
2654 46.407466436374
2654 0.208960843373494
2654 0.208960843373494
2654 0.120625281164897
2654 0
2654 0
2654 0.160325333507038
2654 28.3919163700434
2654 28.3919163700434
2654 0
2654 0.77906543442073
2654 0
2654 0
2654 1.0345236079077
2654 18.8755115600355
2654 18.8755115600355
2726 418.104831492066
2726 418.104831492066
2726 418.104831492066
2726 16.2976506140842
2726 46.407466436374
2726 46.407466436374
2726 0.208960843373494
2726 0.208960843373494
2726 0.120625281164897
2726 0
2726 0
2726 0.160325333507038
2726 28.3919163700434
2726 28.3919163700434
2726 0
2726 0.77906543442073
2726 0
2726 0
2726 1.0345236079077
2726 18.8755115600355
2726 18.8755115600355
2578 418.104831492066
2578 418.104831492066
2578 418.104831492066
2578 16.2976506140842
2578 46.407466436374
2578 46.407466436374
2578 0.208960843373494
2578 0.208960843373494
2578 0.120625281164897
2578 0
2578 0
2578 0.160325333507038
2578 28.3919163700434
2578 28.3919163700434
2578 0
2578 0.77906543442073
2578 0
2578 0
2578 1.0345236079077
2578 18.8755115600355
2578 18.8755115600355
2655 418.104831492066
2655 418.104831492066
2655 418.104831492066
2655 16.2976506140842
2655 46.407466436374
2655 46.407466436374
2655 0.208960843373494
2655 0.208960843373494
2655 0.120625281164897
2655 0
2655 0
2655 0.160325333507038
2655 28.3919163700434
2655 28.3919163700434
2655 0
2655 0.77906543442073
2655 0
2655 0
2655 1.0345236079077
2655 18.8755115600355
2655 18.8755115600355
2579 418.104831492066
2579 418.104831492066
2579 418.104831492066
2579 16.2976506140842
2579 46.407466436374
2579 46.407466436374
2579 0.208960843373494
2579 0.208960843373494
2579 0.120625281164897
2579 0
2579 0
2579 0.160325333507038
2579 28.3919163700434
2579 28.3919163700434
2579 0
2579 0.77906543442073
2579 0
2579 0
2579 1.0345236079077
2579 18.8755115600355
2579 18.8755115600355
