pt_graph cpue_kghour
2258 418.104831492066
2258 418.104831492066
2258 418.104831492066
2258 16.2976506140842
2258 46.407466436374
2258 46.407466436374
2258 0.208960843373494
2258 0.208960843373494
2258 0.120625281164897
2258 0
2258 0
2258 0.160325333507038
2258 28.3919163700434
2258 28.3919163700434
2258 0
2258 0.77906543442073
2258 0
2258 0
2258 1.0345236079077
2258 18.8755115600355
2258 18.8755115600355
2349 418.104831492066
2349 418.104831492066
2349 418.104831492066
2349 16.2976506140842
2349 46.407466436374
2349 46.407466436374
2349 0.208960843373494
2349 0.208960843373494
2349 0.120625281164897
2349 0
2349 0
2349 0.160325333507038
2349 28.3919163700434
2349 28.3919163700434
2349 0
2349 0.77906543442073
2349 0
2349 0
2349 1.0345236079077
2349 18.8755115600355
2349 18.8755115600355
2522 418.104831492066
2522 418.104831492066
2522 418.104831492066
2522 16.2976506140842
2522 46.407466436374
2522 46.407466436374
2522 0.208960843373494
2522 0.208960843373494
2522 0.120625281164897
2522 0
2522 0
2522 0.160325333507038
2522 28.3919163700434
2522 28.3919163700434
2522 0
2522 0.77906543442073
2522 0
2522 0
2522 1.0345236079077
2522 18.8755115600355
2522 18.8755115600355
2672 418.104831492066
2672 418.104831492066
2672 418.104831492066
2672 16.2976506140842
2672 46.407466436374
2672 46.407466436374
2672 0.208960843373494
2672 0.208960843373494
2672 0.120625281164897
2672 0
2672 0
2672 0.160325333507038
2672 28.3919163700434
2672 28.3919163700434
2672 0
2672 0.77906543442073
2672 0
2672 0
2672 1.0345236079077
2672 18.8755115600355
2672 18.8755115600355
2742 418.104831492066
2742 418.104831492066
2742 418.104831492066
2742 16.2976506140842
2742 46.407466436374
2742 46.407466436374
2742 0.208960843373494
2742 0.208960843373494
2742 0.120625281164897
2742 0
2742 0
2742 0.160325333507038
2742 28.3919163700434
2742 28.3919163700434
2742 0
2742 0.77906543442073
2742 0
2742 0
2742 1.0345236079077
2742 18.8755115600355
2742 18.8755115600355
2816 418.104831492066
2816 418.104831492066
2816 418.104831492066
2816 16.2976506140842
2816 46.407466436374
2816 46.407466436374
2816 0.208960843373494
2816 0.208960843373494
2816 0.120625281164897
2816 0
2816 0
2816 0.160325333507038
2816 28.3919163700434
2816 28.3919163700434
2816 0
2816 0.77906543442073
2816 0
2816 0
2816 1.0345236079077
2816 18.8755115600355
2816 18.8755115600355
2523 418.104831492066
2523 418.104831492066
2523 418.104831492066
2523 16.2976506140842
2523 46.407466436374
2523 46.407466436374
2523 0.208960843373494
2523 0.208960843373494
2523 0.120625281164897
2523 0
2523 0
2523 0.160325333507038
2523 28.3919163700434
2523 28.3919163700434
2523 0
2523 0.77906543442073
2523 0
2523 0
2523 1.0345236079077
2523 18.8755115600355
2523 18.8755115600355
2817 418.104831492066
2817 418.104831492066
2817 418.104831492066
2817 16.2976506140842
2817 46.407466436374
2817 46.407466436374
2817 0.208960843373494
2817 0.208960843373494
2817 0.120625281164897
2817 0
2817 0
2817 0.160325333507038
2817 28.3919163700434
2817 28.3919163700434
2817 0
2817 0.77906543442073
2817 0
2817 0
2817 1.0345236079077
2817 18.8755115600355
2817 18.8755115600355
2947 418.104831492066
2947 418.104831492066
2947 418.104831492066
2947 16.2976506140842
2947 46.407466436374
2947 46.407466436374
2947 0.208960843373494
2947 0.208960843373494
2947 0.120625281164897
2947 0
2947 0
2947 0.160325333507038
2947 28.3919163700434
2947 28.3919163700434
2947 0
2947 0.77906543442073
2947 0
2947 0
2947 1.0345236079077
2947 18.8755115600355
2947 18.8755115600355
3065 418.104831492066
3065 418.104831492066
3065 418.104831492066
3065 16.2976506140842
3065 46.407466436374
3065 46.407466436374
3065 0.208960843373494
3065 0.208960843373494
3065 0.120625281164897
3065 0
3065 0
3065 0.160325333507038
3065 28.3919163700434
3065 28.3919163700434
3065 0
3065 0.77906543442073
3065 0
3065 0
3065 1.0345236079077
3065 18.8755115600355
3065 18.8755115600355
2525 418.104831492066
2525 418.104831492066
2525 418.104831492066
2525 16.2976506140842
2525 46.407466436374
2525 46.407466436374
2525 0.208960843373494
2525 0.208960843373494
2525 0.120625281164897
2525 0
2525 0
2525 0.160325333507038
2525 28.3919163700434
2525 28.3919163700434
2525 0
2525 0.77906543442073
2525 0
2525 0
2525 1.0345236079077
2525 18.8755115600355
2525 18.8755115600355
3710 418.104831492066
3710 418.104831492066
3710 418.104831492066
3710 16.2976506140842
3710 46.407466436374
3710 46.407466436374
3710 0.208960843373494
3710 0.208960843373494
3710 0.120625281164897
3710 0
3710 0
3710 0.160325333507038
3710 28.3919163700434
3710 28.3919163700434
3710 0
3710 0.77906543442073
3710 0
3710 0
3710 1.0345236079077
3710 18.8755115600355
3710 18.8755115600355
2747 418.104831492066
2747 418.104831492066
2747 418.104831492066
2747 16.2976506140842
2747 46.407466436374
2747 46.407466436374
2747 0.208960843373494
2747 0.208960843373494
2747 0.120625281164897
2747 0
2747 0
2747 0.160325333507038
2747 28.3919163700434
2747 28.3919163700434
2747 0
2747 0.77906543442073
2747 0
2747 0
2747 1.0345236079077
2747 18.8755115600355
2747 18.8755115600355
915 418.104831492066
915 418.104831492066
915 418.104831492066
915 16.2976506140842
915 46.407466436374
915 46.407466436374
915 0.208960843373494
915 0.208960843373494
915 0.120625281164897
915 0
915 0
915 0.160325333507038
915 28.3919163700434
915 28.3919163700434
915 0
915 0.77906543442073
915 0
915 0
915 1.0345236079077
915 18.8755115600355
915 18.8755115600355
1548 418.104831492066
1548 418.104831492066
1548 418.104831492066
1548 16.2976506140842
1548 46.407466436374
1548 46.407466436374
1548 0.208960843373494
1548 0.208960843373494
1548 0.120625281164897
1548 0
1548 0
1548 0.160325333507038
1548 28.3919163700434
1548 28.3919163700434
1548 0
1548 0.77906543442073
1548 0
1548 0
1548 1.0345236079077
1548 18.8755115600355
1548 18.8755115600355
1627 418.104831492066
1627 418.104831492066
1627 418.104831492066
1627 16.2976506140842
1627 46.407466436374
1627 46.407466436374
1627 0.208960843373494
1627 0.208960843373494
1627 0.120625281164897
1627 0
1627 0
1627 0.160325333507038
1627 28.3919163700434
1627 28.3919163700434
1627 0
1627 0.77906543442073
1627 0
1627 0
1627 1.0345236079077
1627 18.8755115600355
1627 18.8755115600355
4019 418.104831492066
4019 418.104831492066
4019 418.104831492066
4019 16.2976506140842
4019 46.407466436374
4019 46.407466436374
4019 0.208960843373494
4019 0.208960843373494
4019 0.120625281164897
4019 0
4019 0
4019 0.160325333507038
4019 28.3919163700434
4019 28.3919163700434
4019 0
4019 0.77906543442073
4019 0
4019 0
4019 1.0345236079077
4019 18.8755115600355
4019 18.8755115600355
1549 418.104831492066
1549 418.104831492066
1549 418.104831492066
1549 16.2976506140842
1549 46.407466436374
1549 46.407466436374
1549 0.208960843373494
1549 0.208960843373494
1549 0.120625281164897
1549 0
1549 0
1549 0.160325333507038
1549 28.3919163700434
1549 28.3919163700434
1549 0
1549 0.77906543442073
1549 0
1549 0
1549 1.0345236079077
1549 18.8755115600355
1549 18.8755115600355
1024 418.104831492066
1024 418.104831492066
1024 418.104831492066
1024 16.2976506140842
1024 46.407466436374
1024 46.407466436374
1024 0.208960843373494
1024 0.208960843373494
1024 0.120625281164897
1024 0
1024 0
1024 0.160325333507038
1024 28.3919163700434
1024 28.3919163700434
1024 0
1024 0.77906543442073
1024 0
1024 0
1024 1.0345236079077
1024 18.8755115600355
1024 18.8755115600355
1082 418.104831492066
1082 418.104831492066
1082 418.104831492066
1082 16.2976506140842
1082 46.407466436374
1082 46.407466436374
1082 0.208960843373494
1082 0.208960843373494
1082 0.120625281164897
1082 0
1082 0
1082 0.160325333507038
1082 28.3919163700434
1082 28.3919163700434
1082 0
1082 0.77906543442073
1082 0
1082 0
1082 1.0345236079077
1082 18.8755115600355
1082 18.8755115600355
1150 418.104831492066
1150 418.104831492066
1150 418.104831492066
1150 16.2976506140842
1150 46.407466436374
1150 46.407466436374
1150 0.208960843373494
1150 0.208960843373494
1150 0.120625281164897
1150 0
1150 0
1150 0.160325333507038
1150 28.3919163700434
1150 28.3919163700434
1150 0
1150 0.77906543442073
1150 0
1150 0
1150 1.0345236079077
1150 18.8755115600355
1150 18.8755115600355
1219 418.104831492066
1219 418.104831492066
1219 418.104831492066
1219 16.2976506140842
1219 46.407466436374
1219 46.407466436374
1219 0.208960843373494
1219 0.208960843373494
1219 0.120625281164897
1219 0
1219 0
1219 0.160325333507038
1219 28.3919163700434
1219 28.3919163700434
1219 0
1219 0.77906543442073
1219 0
1219 0
1219 1.0345236079077
1219 18.8755115600355
1219 18.8755115600355
1296 418.104831492066
1296 418.104831492066
1296 418.104831492066
1296 16.2976506140842
1296 46.407466436374
1296 46.407466436374
1296 0.208960843373494
1296 0.208960843373494
1296 0.120625281164897
1296 0
1296 0
1296 0.160325333507038
1296 28.3919163700434
1296 28.3919163700434
1296 0
1296 0.77906543442073
1296 0
1296 0
1296 1.0345236079077
1296 18.8755115600355
1296 18.8755115600355
918 418.104831492066
918 418.104831492066
918 418.104831492066
918 16.2976506140842
918 46.407466436374
918 46.407466436374
918 0.208960843373494
918 0.208960843373494
918 0.120625281164897
918 0
918 0
918 0.160325333507038
918 28.3919163700434
918 28.3919163700434
918 0
918 0.77906543442073
918 0
918 0
918 1.0345236079077
918 18.8755115600355
918 18.8755115600355
4416 418.104831492066
4416 418.104831492066
4416 418.104831492066
4416 16.2976506140842
4416 46.407466436374
4416 46.407466436374
4416 0.208960843373494
4416 0.208960843373494
4416 0.120625281164897
4416 0
4416 0
4416 0.160325333507038
4416 28.3919163700434
4416 28.3919163700434
4416 0
4416 0.77906543442073
4416 0
4416 0
4416 1.0345236079077
4416 18.8755115600355
4416 18.8755115600355
919 418.104831492066
919 418.104831492066
919 418.104831492066
919 16.2976506140842
919 46.407466436374
919 46.407466436374
919 0.208960843373494
919 0.208960843373494
919 0.120625281164897
919 0
919 0
919 0.160325333507038
919 28.3919163700434
919 28.3919163700434
919 0
919 0.77906543442073
919 0
919 0
919 1.0345236079077
919 18.8755115600355
919 18.8755115600355
1221 418.104831492066
1221 418.104831492066
1221 418.104831492066
1221 16.2976506140842
1221 46.407466436374
1221 46.407466436374
1221 0.208960843373494
1221 0.208960843373494
1221 0.120625281164897
1221 0
1221 0
1221 0.160325333507038
1221 28.3919163700434
1221 28.3919163700434
1221 0
1221 0.77906543442073
1221 0
1221 0
1221 1.0345236079077
1221 18.8755115600355
1221 18.8755115600355
1298 418.104831492066
1298 418.104831492066
1298 418.104831492066
1298 16.2976506140842
1298 46.407466436374
1298 46.407466436374
1298 0.208960843373494
1298 0.208960843373494
1298 0.120625281164897
1298 0
1298 0
1298 0.160325333507038
1298 28.3919163700434
1298 28.3919163700434
1298 0
1298 0.77906543442073
1298 0
1298 0
1298 1.0345236079077
1298 18.8755115600355
1298 18.8755115600355
824 418.104831492066
824 418.104831492066
824 418.104831492066
824 16.2976506140842
824 46.407466436374
824 46.407466436374
824 0.208960843373494
824 0.208960843373494
824 0.120625281164897
824 0
824 0
824 0.160325333507038
824 28.3919163700434
824 28.3919163700434
824 0
824 0.77906543442073
824 0
824 0
824 1.0345236079077
824 18.8755115600355
824 18.8755115600355
920 418.104831492066
920 418.104831492066
920 418.104831492066
920 16.2976506140842
920 46.407466436374
920 46.407466436374
920 0.208960843373494
920 0.208960843373494
920 0.120625281164897
920 0
920 0
920 0.160325333507038
920 28.3919163700434
920 28.3919163700434
920 0
920 0.77906543442073
920 0
920 0
920 1.0345236079077
920 18.8755115600355
920 18.8755115600355
970 418.104831492066
970 418.104831492066
970 418.104831492066
970 16.2976506140842
970 46.407466436374
970 46.407466436374
970 0.208960843373494
970 0.208960843373494
970 0.120625281164897
970 0
970 0
970 0.160325333507038
970 28.3919163700434
970 28.3919163700434
970 0
970 0.77906543442073
970 0
970 0
970 1.0345236079077
970 18.8755115600355
970 18.8755115600355
4514 418.104831492066
4514 418.104831492066
4514 418.104831492066
4514 16.2976506140842
4514 46.407466436374
4514 46.407466436374
4514 0.208960843373494
4514 0.208960843373494
4514 0.120625281164897
4514 0
4514 0
4514 0.160325333507038
4514 28.3919163700434
4514 28.3919163700434
4514 0
4514 0.77906543442073
4514 0
4514 0
4514 1.0345236079077
4514 18.8755115600355
4514 18.8755115600355
4541 418.104831492066
4541 418.104831492066
4541 418.104831492066
4541 16.2976506140842
4541 46.407466436374
4541 46.407466436374
4541 0.208960843373494
4541 0.208960843373494
4541 0.120625281164897
4541 0
4541 0
4541 0.160325333507038
4541 28.3919163700434
4541 28.3919163700434
4541 0
4541 0.77906543442073
4541 0
4541 0
4541 1.0345236079077
4541 18.8755115600355
4541 18.8755115600355
4570 418.104831492066
4570 418.104831492066
4570 418.104831492066
4570 16.2976506140842
4570 46.407466436374
4570 46.407466436374
4570 0.208960843373494
4570 0.208960843373494
4570 0.120625281164897
4570 0
4570 0
4570 0.160325333507038
4570 28.3919163700434
4570 28.3919163700434
4570 0
4570 0.77906543442073
4570 0
4570 0
4570 1.0345236079077
4570 18.8755115600355
4570 18.8755115600355
4631 418.104831492066
4631 418.104831492066
4631 418.104831492066
4631 16.2976506140842
4631 46.407466436374
4631 46.407466436374
4631 0.208960843373494
4631 0.208960843373494
4631 0.120625281164897
4631 0
4631 0
4631 0.160325333507038
4631 28.3919163700434
4631 28.3919163700434
4631 0
4631 0.77906543442073
4631 0
4631 0
4631 1.0345236079077
4631 18.8755115600355
4631 18.8755115600355
4419 418.104831492066
4419 418.104831492066
4419 418.104831492066
4419 16.2976506140842
4419 46.407466436374
4419 46.407466436374
4419 0.208960843373494
4419 0.208960843373494
4419 0.120625281164897
4419 0
4419 0
4419 0.160325333507038
4419 28.3919163700434
4419 28.3919163700434
4419 0
4419 0.77906543442073
4419 0
4419 0
4419 1.0345236079077
4419 18.8755115600355
4419 18.8755115600355
4515 418.104831492066
4515 418.104831492066
4515 418.104831492066
4515 16.2976506140842
4515 46.407466436374
4515 46.407466436374
4515 0.208960843373494
4515 0.208960843373494
4515 0.120625281164897
4515 0
4515 0
4515 0.160325333507038
4515 28.3919163700434
4515 28.3919163700434
4515 0
4515 0.77906543442073
4515 0
4515 0
4515 1.0345236079077
4515 18.8755115600355
4515 18.8755115600355
4600 418.104831492066
4600 418.104831492066
4600 418.104831492066
4600 16.2976506140842
4600 46.407466436374
4600 46.407466436374
4600 0.208960843373494
4600 0.208960843373494
4600 0.120625281164897
4600 0
4600 0
4600 0.160325333507038
4600 28.3919163700434
4600 28.3919163700434
4600 0
4600 0.77906543442073
4600 0
4600 0
4600 1.0345236079077
4600 18.8755115600355
4600 18.8755115600355
4632 418.104831492066
4632 418.104831492066
4632 418.104831492066
4632 16.2976506140842
4632 46.407466436374
4632 46.407466436374
4632 0.208960843373494
4632 0.208960843373494
4632 0.120625281164897
4632 0
4632 0
4632 0.160325333507038
4632 28.3919163700434
4632 28.3919163700434
4632 0
4632 0.77906543442073
4632 0
4632 0
4632 1.0345236079077
4632 18.8755115600355
4632 18.8755115600355
4662 418.104831492066
4662 418.104831492066
4662 418.104831492066
4662 16.2976506140842
4662 46.407466436374
4662 46.407466436374
4662 0.208960843373494
4662 0.208960843373494
4662 0.120625281164897
4662 0
4662 0
4662 0.160325333507038
4662 28.3919163700434
4662 28.3919163700434
4662 0
4662 0.77906543442073
4662 0
4662 0
4662 1.0345236079077
4662 18.8755115600355
4662 18.8755115600355
875 418.104831492066
875 418.104831492066
875 418.104831492066
875 16.2976506140842
875 46.407466436374
875 46.407466436374
875 0.208960843373494
875 0.208960843373494
875 0.120625281164897
875 0
875 0
875 0.160325333507038
875 28.3919163700434
875 28.3919163700434
875 0
875 0.77906543442073
875 0
875 0
875 1.0345236079077
875 18.8755115600355
875 18.8755115600355
4308 418.104831492066
4308 418.104831492066
4308 418.104831492066
4308 16.2976506140842
4308 46.407466436374
4308 46.407466436374
4308 0.208960843373494
4308 0.208960843373494
4308 0.120625281164897
4308 0
4308 0
4308 0.160325333507038
4308 28.3919163700434
4308 28.3919163700434
4308 0
4308 0.77906543442073
4308 0
4308 0
4308 1.0345236079077
4308 18.8755115600355
4308 18.8755115600355
4665 418.104831492066
4665 418.104831492066
4665 418.104831492066
4665 16.2976506140842
4665 46.407466436374
4665 46.407466436374
4665 0.208960843373494
4665 0.208960843373494
4665 0.120625281164897
4665 0
4665 0
4665 0.160325333507038
4665 28.3919163700434
4665 28.3919163700434
4665 0
4665 0.77906543442073
4665 0
4665 0
4665 1.0345236079077
4665 18.8755115600355
4665 18.8755115600355
4279 418.104831492066
4279 418.104831492066
4279 418.104831492066
4279 16.2976506140842
4279 46.407466436374
4279 46.407466436374
4279 0.208960843373494
4279 0.208960843373494
4279 0.120625281164897
4279 0
4279 0
4279 0.160325333507038
4279 28.3919163700434
4279 28.3919163700434
4279 0
4279 0.77906543442073
4279 0
4279 0
4279 1.0345236079077
4279 18.8755115600355
4279 18.8755115600355
4469 418.104831492066
4469 418.104831492066
4469 418.104831492066
4469 16.2976506140842
4469 46.407466436374
4469 46.407466436374
4469 0.208960843373494
4469 0.208960843373494
4469 0.120625281164897
4469 0
4469 0
4469 0.160325333507038
4469 28.3919163700434
4469 28.3919163700434
4469 0
4469 0.77906543442073
4469 0
4469 0
4469 1.0345236079077
4469 18.8755115600355
4469 18.8755115600355
5589 418.104831492066
5589 418.104831492066
5589 418.104831492066
5589 16.2976506140842
5589 46.407466436374
5589 46.407466436374
5589 0.208960843373494
5589 0.208960843373494
5589 0.120625281164897
5589 0
5589 0
5589 0.160325333507038
5589 28.3919163700434
5589 28.3919163700434
5589 0
5589 0.77906543442073
5589 0
5589 0
5589 1.0345236079077
5589 18.8755115600355
5589 18.8755115600355
4826 418.104831492066
4826 418.104831492066
4826 418.104831492066
4826 16.2976506140842
4826 46.407466436374
4826 46.407466436374
4826 0.208960843373494
4826 0.208960843373494
4826 0.120625281164897
4826 0
4826 0
4826 0.160325333507038
4826 28.3919163700434
4826 28.3919163700434
4826 0
4826 0.77906543442073
4826 0
4826 0
4826 1.0345236079077
4826 18.8755115600355
4826 18.8755115600355
4728 418.104831492066
4728 418.104831492066
4728 418.104831492066
4728 16.2976506140842
4728 46.407466436374
4728 46.407466436374
4728 0.208960843373494
4728 0.208960843373494
4728 0.120625281164897
4728 0
4728 0
4728 0.160325333507038
4728 28.3919163700434
4728 28.3919163700434
4728 0
4728 0.77906543442073
4728 0
4728 0
4728 1.0345236079077
4728 18.8755115600355
4728 18.8755115600355
4790 418.104831492066
4790 418.104831492066
4790 418.104831492066
4790 16.2976506140842
4790 46.407466436374
4790 46.407466436374
4790 0.208960843373494
4790 0.208960843373494
4790 0.120625281164897
4790 0
4790 0
4790 0.160325333507038
4790 28.3919163700434
4790 28.3919163700434
4790 0
4790 0.77906543442073
4790 0
4790 0
4790 1.0345236079077
4790 18.8755115600355
4790 18.8755115600355
5085 418.104831492066
5085 418.104831492066
5085 418.104831492066
5085 16.2976506140842
5085 46.407466436374
5085 46.407466436374
5085 0.208960843373494
5085 0.208960843373494
5085 0.120625281164897
5085 0
5085 0
5085 0.160325333507038
5085 28.3919163700434
5085 28.3919163700434
5085 0
5085 0.77906543442073
5085 0
5085 0
5085 1.0345236079077
5085 18.8755115600355
5085 18.8755115600355
4578 418.104831492066
4578 418.104831492066
4578 418.104831492066
4578 16.2976506140842
4578 46.407466436374
4578 46.407466436374
4578 0.208960843373494
4578 0.208960843373494
4578 0.120625281164897
4578 0
4578 0
4578 0.160325333507038
4578 28.3919163700434
4578 28.3919163700434
4578 0
4578 0.77906543442073
4578 0
4578 0
4578 1.0345236079077
4578 18.8755115600355
4578 18.8755115600355
2273 418.104831492066
2273 418.104831492066
2273 418.104831492066
2273 16.2976506140842
2273 46.407466436374
2273 46.407466436374
2273 0.208960843373494
2273 0.208960843373494
2273 0.120625281164897
2273 0
2273 0
2273 0.160325333507038
2273 28.3919163700434
2273 28.3919163700434
2273 0
2273 0.77906543442073
2273 0
2273 0
2273 1.0345236079077
2273 18.8755115600355
2273 18.8755115600355
4550 418.104831492066
4550 418.104831492066
4550 418.104831492066
4550 16.2976506140842
4550 46.407466436374
4550 46.407466436374
4550 0.208960843373494
4550 0.208960843373494
4550 0.120625281164897
4550 0
4550 0
4550 0.160325333507038
4550 28.3919163700434
4550 28.3919163700434
4550 0
4550 0.77906543442073
4550 0
4550 0
4550 1.0345236079077
4550 18.8755115600355
4550 18.8755115600355
5872 418.104831492066
5872 418.104831492066
5872 418.104831492066
5872 16.2976506140842
5872 46.407466436374
5872 46.407466436374
5872 0.208960843373494
5872 0.208960843373494
5872 0.120625281164897
5872 0
5872 0
5872 0.160325333507038
5872 28.3919163700434
5872 28.3919163700434
5872 0
5872 0.77906543442073
5872 0
5872 0
5872 1.0345236079077
5872 18.8755115600355
5872 18.8755115600355
5911 418.104831492066
5911 418.104831492066
5911 418.104831492066
5911 16.2976506140842
5911 46.407466436374
5911 46.407466436374
5911 0.208960843373494
5911 0.208960843373494
5911 0.120625281164897
5911 0
5911 0
5911 0.160325333507038
5911 28.3919163700434
5911 28.3919163700434
5911 0
5911 0.77906543442073
5911 0
5911 0
5911 1.0345236079077
5911 18.8755115600355
5911 18.8755115600355
5088 418.104831492066
5088 418.104831492066
5088 418.104831492066
5088 16.2976506140842
5088 46.407466436374
5088 46.407466436374
5088 0.208960843373494
5088 0.208960843373494
5088 0.120625281164897
5088 0
5088 0
5088 0.160325333507038
5088 28.3919163700434
5088 28.3919163700434
5088 0
5088 0.77906543442073
5088 0
5088 0
5088 1.0345236079077
5088 18.8755115600355
5088 18.8755115600355
5873 418.104831492066
5873 418.104831492066
5873 418.104831492066
5873 16.2976506140842
5873 46.407466436374
5873 46.407466436374
5873 0.208960843373494
5873 0.208960843373494
5873 0.120625281164897
5873 0
5873 0
5873 0.160325333507038
5873 28.3919163700434
5873 28.3919163700434
5873 0
5873 0.77906543442073
5873 0
5873 0
5873 1.0345236079077
5873 18.8755115600355
5873 18.8755115600355
2090 418.104831492066
2090 418.104831492066
2090 418.104831492066
2090 16.2976506140842
2090 46.407466436374
2090 46.407466436374
2090 0.208960843373494
2090 0.208960843373494
2090 0.120625281164897
2090 0
2090 0
2090 0.160325333507038
2090 28.3919163700434
2090 28.3919163700434
2090 0
2090 0.77906543442073
2090 0
2090 0
2090 1.0345236079077
2090 18.8755115600355
2090 18.8755115600355
2186 418.104831492066
2186 418.104831492066
2186 418.104831492066
2186 16.2976506140842
2186 46.407466436374
2186 46.407466436374
2186 0.208960843373494
2186 0.208960843373494
2186 0.120625281164897
2186 0
2186 0
2186 0.160325333507038
2186 28.3919163700434
2186 28.3919163700434
2186 0
2186 0.77906543442073
2186 0
2186 0
2186 1.0345236079077
2186 18.8755115600355
2186 18.8755115600355
5874 418.104831492066
5874 418.104831492066
5874 418.104831492066
5874 16.2976506140842
5874 46.407466436374
5874 46.407466436374
5874 0.208960843373494
5874 0.208960843373494
5874 0.120625281164897
5874 0
5874 0
5874 0.160325333507038
5874 28.3919163700434
5874 28.3919163700434
5874 0
5874 0.77906543442073
5874 0
5874 0
5874 1.0345236079077
5874 18.8755115600355
5874 18.8755115600355
1997 418.104831492066
1997 418.104831492066
1997 418.104831492066
1997 16.2976506140842
1997 46.407466436374
1997 46.407466436374
1997 0.208960843373494
1997 0.208960843373494
1997 0.120625281164897
1997 0
1997 0
1997 0.160325333507038
1997 28.3919163700434
1997 28.3919163700434
1997 0
1997 0.77906543442073
1997 0
1997 0
1997 1.0345236079077
1997 18.8755115600355
1997 18.8755115600355
5090 418.104831492066
5090 418.104831492066
5090 418.104831492066
5090 16.2976506140842
5090 46.407466436374
5090 46.407466436374
5090 0.208960843373494
5090 0.208960843373494
5090 0.120625281164897
5090 0
5090 0
5090 0.160325333507038
5090 28.3919163700434
5090 28.3919163700434
5090 0
5090 0.77906543442073
5090 0
5090 0
5090 1.0345236079077
5090 18.8755115600355
5090 18.8755115600355
5048 418.104831492066
5048 418.104831492066
5048 418.104831492066
5048 16.2976506140842
5048 46.407466436374
5048 46.407466436374
5048 0.208960843373494
5048 0.208960843373494
5048 0.120625281164897
5048 0
5048 0
5048 0.160325333507038
5048 28.3919163700434
5048 28.3919163700434
5048 0
5048 0.77906543442073
5048 0
5048 0
5048 1.0345236079077
5048 18.8755115600355
5048 18.8755115600355
5133 418.104831492066
5133 418.104831492066
5133 418.104831492066
5133 16.2976506140842
5133 46.407466436374
5133 46.407466436374
5133 0.208960843373494
5133 0.208960843373494
5133 0.120625281164897
5133 0
5133 0
5133 0.160325333507038
5133 28.3919163700434
5133 28.3919163700434
5133 0
5133 0.77906543442073
5133 0
5133 0
5133 1.0345236079077
5133 18.8755115600355
5133 18.8755115600355
5173 418.104831492066
5173 418.104831492066
5173 418.104831492066
5173 16.2976506140842
5173 46.407466436374
5173 46.407466436374
5173 0.208960843373494
5173 0.208960843373494
5173 0.120625281164897
5173 0
5173 0
5173 0.160325333507038
5173 28.3919163700434
5173 28.3919163700434
5173 0
5173 0.77906543442073
5173 0
5173 0
5173 1.0345236079077
5173 18.8755115600355
5173 18.8755115600355
5210 418.104831492066
5210 418.104831492066
5210 418.104831492066
5210 16.2976506140842
5210 46.407466436374
5210 46.407466436374
5210 0.208960843373494
5210 0.208960843373494
5210 0.120625281164897
5210 0
5210 0
5210 0.160325333507038
5210 28.3919163700434
5210 28.3919163700434
5210 0
5210 0.77906543442073
5210 0
5210 0
5210 1.0345236079077
5210 18.8755115600355
5210 18.8755115600355
5211 418.104831492066
5211 418.104831492066
5211 418.104831492066
5211 16.2976506140842
5211 46.407466436374
5211 46.407466436374
5211 0.208960843373494
5211 0.208960843373494
5211 0.120625281164897
5211 0
5211 0
5211 0.160325333507038
5211 28.3919163700434
5211 28.3919163700434
5211 0
5211 0.77906543442073
5211 0
5211 0
5211 1.0345236079077
5211 18.8755115600355
5211 18.8755115600355
5478 418.104831492066
5478 418.104831492066
5478 418.104831492066
5478 16.2976506140842
5478 46.407466436374
5478 46.407466436374
5478 0.208960843373494
5478 0.208960843373494
5478 0.120625281164897
5478 0
5478 0
5478 0.160325333507038
5478 28.3919163700434
5478 28.3919163700434
5478 0
5478 0.77906543442073
5478 0
5478 0
5478 1.0345236079077
5478 18.8755115600355
5478 18.8755115600355
5216 418.104831492066
5216 418.104831492066
5216 418.104831492066
5216 16.2976506140842
5216 46.407466436374
5216 46.407466436374
5216 0.208960843373494
5216 0.208960843373494
5216 0.120625281164897
5216 0
5216 0
5216 0.160325333507038
5216 28.3919163700434
5216 28.3919163700434
5216 0
5216 0.77906543442073
5216 0
5216 0
5216 1.0345236079077
5216 18.8755115600355
5216 18.8755115600355
5606 418.104831492066
5606 418.104831492066
5606 418.104831492066
5606 16.2976506140842
5606 46.407466436374
5606 46.407466436374
5606 0.208960843373494
5606 0.208960843373494
5606 0.120625281164897
5606 0
5606 0
5606 0.160325333507038
5606 28.3919163700434
5606 28.3919163700434
5606 0
5606 0.77906543442073
5606 0
5606 0
5606 1.0345236079077
5606 18.8755115600355
5606 18.8755115600355
2461 418.104831492066
2461 418.104831492066
2461 418.104831492066
2461 16.2976506140842
2461 46.407466436374
2461 46.407466436374
2461 0.208960843373494
2461 0.208960843373494
2461 0.120625281164897
2461 0
2461 0
2461 0.160325333507038
2461 28.3919163700434
2461 28.3919163700434
2461 0
2461 0.77906543442073
2461 0
2461 0
2461 1.0345236079077
2461 18.8755115600355
2461 18.8755115600355
2202 418.104831492066
2202 418.104831492066
2202 418.104831492066
2202 16.2976506140842
2202 46.407466436374
2202 46.407466436374
2202 0.208960843373494
2202 0.208960843373494
2202 0.120625281164897
2202 0
2202 0
2202 0.160325333507038
2202 28.3919163700434
2202 28.3919163700434
2202 0
2202 0.77906543442073
2202 0
2202 0
2202 1.0345236079077
2202 18.8755115600355
2202 18.8755115600355
3407 418.104831492066
3407 418.104831492066
3407 418.104831492066
3407 16.2976506140842
3407 46.407466436374
3407 46.407466436374
3407 0.208960843373494
3407 0.208960843373494
3407 0.120625281164897
3407 0
3407 0
3407 0.160325333507038
3407 28.3919163700434
3407 28.3919163700434
3407 0
3407 0.77906543442073
3407 0
3407 0
3407 1.0345236079077
3407 18.8755115600355
3407 18.8755115600355
3088 418.104831492066
3088 418.104831492066
3088 418.104831492066
3088 16.2976506140842
3088 46.407466436374
3088 46.407466436374
3088 0.208960843373494
3088 0.208960843373494
3088 0.120625281164897
3088 0
3088 0
3088 0.160325333507038
3088 28.3919163700434
3088 28.3919163700434
3088 0
3088 0.77906543442073
3088 0
3088 0
3088 1.0345236079077
3088 18.8755115600355
3088 18.8755115600355
3489 418.104831492066
3489 418.104831492066
3489 418.104831492066
3489 16.2976506140842
3489 46.407466436374
3489 46.407466436374
3489 0.208960843373494
3489 0.208960843373494
3489 0.120625281164897
3489 0
3489 0
3489 0.160325333507038
3489 28.3919163700434
3489 28.3919163700434
3489 0
3489 0.77906543442073
3489 0
3489 0
3489 1.0345236079077
3489 18.8755115600355
3489 18.8755115600355
2699 418.104831492066
2699 418.104831492066
2699 418.104831492066
2699 16.2976506140842
2699 46.407466436374
2699 46.407466436374
2699 0.208960843373494
2699 0.208960843373494
2699 0.120625281164897
2699 0
2699 0
2699 0.160325333507038
2699 28.3919163700434
2699 28.3919163700434
2699 0
2699 0.77906543442073
2699 0
2699 0
2699 1.0345236079077
2699 18.8755115600355
2699 18.8755115600355
3365 418.104831492066
3365 418.104831492066
3365 418.104831492066
3365 16.2976506140842
3365 46.407466436374
3365 46.407466436374
3365 0.208960843373494
3365 0.208960843373494
3365 0.120625281164897
3365 0
3365 0
3365 0.160325333507038
3365 28.3919163700434
3365 28.3919163700434
3365 0
3365 0.77906543442073
3365 0
3365 0
3365 1.0345236079077
3365 18.8755115600355
3365 18.8755115600355
3034 418.104831492066
3034 418.104831492066
3034 418.104831492066
3034 16.2976506140842
3034 46.407466436374
3034 46.407466436374
3034 0.208960843373494
3034 0.208960843373494
3034 0.120625281164897
3034 0
3034 0
3034 0.160325333507038
3034 28.3919163700434
3034 28.3919163700434
3034 0
3034 0.77906543442073
3034 0
3034 0
3034 1.0345236079077
3034 18.8755115600355
3034 18.8755115600355
3257 418.104831492066
3257 418.104831492066
3257 418.104831492066
3257 16.2976506140842
3257 46.407466436374
3257 46.407466436374
3257 0.208960843373494
3257 0.208960843373494
3257 0.120625281164897
3257 0
3257 0
3257 0.160325333507038
3257 28.3919163700434
3257 28.3919163700434
3257 0
3257 0.77906543442073
3257 0
3257 0
3257 1.0345236079077
3257 18.8755115600355
3257 18.8755115600355
3659 418.104831492066
3659 418.104831492066
3659 418.104831492066
3659 16.2976506140842
3659 46.407466436374
3659 46.407466436374
3659 0.208960843373494
3659 0.208960843373494
3659 0.120625281164897
3659 0
3659 0
3659 0.160325333507038
3659 28.3919163700434
3659 28.3919163700434
3659 0
3659 0.77906543442073
3659 0
3659 0
3659 1.0345236079077
3659 18.8755115600355
3659 18.8755115600355
3617 418.104831492066
3617 418.104831492066
3617 418.104831492066
3617 16.2976506140842
3617 46.407466436374
3617 46.407466436374
3617 0.208960843373494
3617 0.208960843373494
3617 0.120625281164897
3617 0
3617 0
3617 0.160325333507038
3617 28.3919163700434
3617 28.3919163700434
3617 0
3617 0.77906543442073
3617 0
3617 0
3617 1.0345236079077
3617 18.8755115600355
3617 18.8755115600355
3660 418.104831492066
3660 418.104831492066
3660 418.104831492066
3660 16.2976506140842
3660 46.407466436374
3660 46.407466436374
3660 0.208960843373494
3660 0.208960843373494
3660 0.120625281164897
3660 0
3660 0
3660 0.160325333507038
3660 28.3919163700434
3660 28.3919163700434
3660 0
3660 0.77906543442073
3660 0
3660 0
3660 1.0345236079077
3660 18.8755115600355
3660 18.8755115600355
3700 418.104831492066
3700 418.104831492066
3700 418.104831492066
3700 16.2976506140842
3700 46.407466436374
3700 46.407466436374
3700 0.208960843373494
3700 0.208960843373494
3700 0.120625281164897
3700 0
3700 0
3700 0.160325333507038
3700 28.3919163700434
3700 28.3919163700434
3700 0
3700 0.77906543442073
3700 0
3700 0
3700 1.0345236079077
3700 18.8755115600355
3700 18.8755115600355
3577 418.104831492066
3577 418.104831492066
3577 418.104831492066
3577 16.2976506140842
3577 46.407466436374
3577 46.407466436374
3577 0.208960843373494
3577 0.208960843373494
3577 0.120625281164897
3577 0
3577 0
3577 0.160325333507038
3577 28.3919163700434
3577 28.3919163700434
3577 0
3577 0.77906543442073
3577 0
3577 0
3577 1.0345236079077
3577 18.8755115600355
3577 18.8755115600355
3618 418.104831492066
3618 418.104831492066
3618 418.104831492066
3618 16.2976506140842
3618 46.407466436374
3618 46.407466436374
3618 0.208960843373494
3618 0.208960843373494
3618 0.120625281164897
3618 0
3618 0
3618 0.160325333507038
3618 28.3919163700434
3618 28.3919163700434
3618 0
3618 0.77906543442073
3618 0
3618 0
3618 1.0345236079077
3618 18.8755115600355
3618 18.8755115600355
3619 418.104831492066
3619 418.104831492066
3619 418.104831492066
3619 16.2976506140842
3619 46.407466436374
3619 46.407466436374
3619 0.208960843373494
3619 0.208960843373494
3619 0.120625281164897
3619 0
3619 0
3619 0.160325333507038
3619 28.3919163700434
3619 28.3919163700434
3619 0
3619 0.77906543442073
3619 0
3619 0
3619 1.0345236079077
3619 18.8755115600355
3619 18.8755115600355
3662 418.104831492066
3662 418.104831492066
3662 418.104831492066
3662 16.2976506140842
3662 46.407466436374
3662 46.407466436374
3662 0.208960843373494
3662 0.208960843373494
3662 0.120625281164897
3662 0
3662 0
3662 0.160325333507038
3662 28.3919163700434
3662 28.3919163700434
3662 0
3662 0.77906543442073
3662 0
3662 0
3662 1.0345236079077
3662 18.8755115600355
3662 18.8755115600355
3702 418.104831492066
3702 418.104831492066
3702 418.104831492066
3702 16.2976506140842
3702 46.407466436374
3702 46.407466436374
3702 0.208960843373494
3702 0.208960843373494
3702 0.120625281164897
3702 0
3702 0
3702 0.160325333507038
3702 28.3919163700434
3702 28.3919163700434
3702 0
3702 0.77906543442073
3702 0
3702 0
3702 1.0345236079077
3702 18.8755115600355
3702 18.8755115600355
3742 418.104831492066
3742 418.104831492066
3742 418.104831492066
3742 16.2976506140842
3742 46.407466436374
3742 46.407466436374
3742 0.208960843373494
3742 0.208960843373494
3742 0.120625281164897
3742 0
3742 0
3742 0.160325333507038
3742 28.3919163700434
3742 28.3919163700434
3742 0
3742 0.77906543442073
3742 0
3742 0
3742 1.0345236079077
3742 18.8755115600355
3742 18.8755115600355
3461 418.104831492066
3461 418.104831492066
3461 418.104831492066
3461 16.2976506140842
3461 46.407466436374
3461 46.407466436374
3461 0.208960843373494
3461 0.208960843373494
3461 0.120625281164897
3461 0
3461 0
3461 0.160325333507038
3461 28.3919163700434
3461 28.3919163700434
3461 0
3461 0.77906543442073
3461 0
3461 0
3461 1.0345236079077
3461 18.8755115600355
3461 18.8755115600355
3498 418.104831492066
3498 418.104831492066
3498 418.104831492066
3498 16.2976506140842
3498 46.407466436374
3498 46.407466436374
3498 0.208960843373494
3498 0.208960843373494
3498 0.120625281164897
3498 0
3498 0
3498 0.160325333507038
3498 28.3919163700434
3498 28.3919163700434
3498 0
3498 0.77906543442073
3498 0
3498 0
3498 1.0345236079077
3498 18.8755115600355
3498 18.8755115600355
3579 418.104831492066
3579 418.104831492066
3579 418.104831492066
3579 16.2976506140842
3579 46.407466436374
3579 46.407466436374
3579 0.208960843373494
3579 0.208960843373494
3579 0.120625281164897
3579 0
3579 0
3579 0.160325333507038
3579 28.3919163700434
3579 28.3919163700434
3579 0
3579 0.77906543442073
3579 0
3579 0
3579 1.0345236079077
3579 18.8755115600355
3579 18.8755115600355
3620 418.104831492066
3620 418.104831492066
3620 418.104831492066
3620 16.2976506140842
3620 46.407466436374
3620 46.407466436374
3620 0.208960843373494
3620 0.208960843373494
3620 0.120625281164897
3620 0
3620 0
3620 0.160325333507038
3620 28.3919163700434
3620 28.3919163700434
3620 0
3620 0.77906543442073
3620 0
3620 0
3620 1.0345236079077
3620 18.8755115600355
3620 18.8755115600355
3663 418.104831492066
3663 418.104831492066
3663 418.104831492066
3663 16.2976506140842
3663 46.407466436374
3663 46.407466436374
3663 0.208960843373494
3663 0.208960843373494
3663 0.120625281164897
3663 0
3663 0
3663 0.160325333507038
3663 28.3919163700434
3663 28.3919163700434
3663 0
3663 0.77906543442073
3663 0
3663 0
3663 1.0345236079077
3663 18.8755115600355
3663 18.8755115600355
3703 418.104831492066
3703 418.104831492066
3703 418.104831492066
3703 16.2976506140842
3703 46.407466436374
3703 46.407466436374
3703 0.208960843373494
3703 0.208960843373494
3703 0.120625281164897
3703 0
3703 0
3703 0.160325333507038
3703 28.3919163700434
3703 28.3919163700434
3703 0
3703 0.77906543442073
3703 0
3703 0
3703 1.0345236079077
3703 18.8755115600355
3703 18.8755115600355
3209 418.104831492066
3209 418.104831492066
3209 418.104831492066
3209 16.2976506140842
3209 46.407466436374
3209 46.407466436374
3209 0.208960843373494
3209 0.208960843373494
3209 0.120625281164897
3209 0
3209 0
3209 0.160325333507038
3209 28.3919163700434
3209 28.3919163700434
3209 0
3209 0.77906543442073
3209 0
3209 0
3209 1.0345236079077
3209 18.8755115600355
3209 18.8755115600355
3323 418.104831492066
3323 418.104831492066
3323 418.104831492066
3323 16.2976506140842
3323 46.407466436374
3323 46.407466436374
3323 0.208960843373494
3323 0.208960843373494
3323 0.120625281164897
3323 0
3323 0
3323 0.160325333507038
3323 28.3919163700434
3323 28.3919163700434
3323 0
3323 0.77906543442073
3323 0
3323 0
3323 1.0345236079077
3323 18.8755115600355
3323 18.8755115600355
3462 418.104831492066
3462 418.104831492066
3462 418.104831492066
3462 16.2976506140842
3462 46.407466436374
3462 46.407466436374
3462 0.208960843373494
3462 0.208960843373494
3462 0.120625281164897
3462 0
3462 0
3462 0.160325333507038
3462 28.3919163700434
3462 28.3919163700434
3462 0
3462 0.77906543442073
3462 0
3462 0
3462 1.0345236079077
3462 18.8755115600355
3462 18.8755115600355
3499 418.104831492066
3499 418.104831492066
3499 418.104831492066
3499 16.2976506140842
3499 46.407466436374
3499 46.407466436374
3499 0.208960843373494
3499 0.208960843373494
3499 0.120625281164897
3499 0
3499 0
3499 0.160325333507038
3499 28.3919163700434
3499 28.3919163700434
3499 0
3499 0.77906543442073
3499 0
3499 0
3499 1.0345236079077
3499 18.8755115600355
3499 18.8755115600355
3621 418.104831492066
3621 418.104831492066
3621 418.104831492066
3621 16.2976506140842
3621 46.407466436374
3621 46.407466436374
3621 0.208960843373494
3621 0.208960843373494
3621 0.120625281164897
3621 0
3621 0
3621 0.160325333507038
3621 28.3919163700434
3621 28.3919163700434
3621 0
3621 0.77906543442073
3621 0
3621 0
3621 1.0345236079077
3621 18.8755115600355
3621 18.8755115600355
3664 418.104831492066
3664 418.104831492066
3664 418.104831492066
3664 16.2976506140842
3664 46.407466436374
3664 46.407466436374
3664 0.208960843373494
3664 0.208960843373494
3664 0.120625281164897
3664 0
3664 0
3664 0.160325333507038
3664 28.3919163700434
3664 28.3919163700434
3664 0
3664 0.77906543442073
3664 0
3664 0
3664 1.0345236079077
3664 18.8755115600355
3664 18.8755115600355
3704 418.104831492066
3704 418.104831492066
3704 418.104831492066
3704 16.2976506140842
3704 46.407466436374
3704 46.407466436374
3704 0.208960843373494
3704 0.208960843373494
3704 0.120625281164897
3704 0
3704 0
3704 0.160325333507038
3704 28.3919163700434
3704 28.3919163700434
3704 0
3704 0.77906543442073
3704 0
3704 0
3704 1.0345236079077
3704 18.8755115600355
3704 18.8755115600355
3581 418.104831492066
3581 418.104831492066
3581 418.104831492066
3581 16.2976506140842
3581 46.407466436374
3581 46.407466436374
3581 0.208960843373494
3581 0.208960843373494
3581 0.120625281164897
3581 0
3581 0
3581 0.160325333507038
3581 28.3919163700434
3581 28.3919163700434
3581 0
3581 0.77906543442073
3581 0
3581 0
3581 1.0345236079077
3581 18.8755115600355
3581 18.8755115600355
3622 418.104831492066
3622 418.104831492066
3622 418.104831492066
3622 16.2976506140842
3622 46.407466436374
3622 46.407466436374
3622 0.208960843373494
3622 0.208960843373494
3622 0.120625281164897
3622 0
3622 0
3622 0.160325333507038
3622 28.3919163700434
3622 28.3919163700434
3622 0
3622 0.77906543442073
3622 0
3622 0
3622 1.0345236079077
3622 18.8755115600355
3622 18.8755115600355
3665 418.104831492066
3665 418.104831492066
3665 418.104831492066
3665 16.2976506140842
3665 46.407466436374
3665 46.407466436374
3665 0.208960843373494
3665 0.208960843373494
3665 0.120625281164897
3665 0
3665 0
3665 0.160325333507038
3665 28.3919163700434
3665 28.3919163700434
3665 0
3665 0.77906543442073
3665 0
3665 0
3665 1.0345236079077
3665 18.8755115600355
3665 18.8755115600355
3745 418.104831492066
3745 418.104831492066
3745 418.104831492066
3745 16.2976506140842
3745 46.407466436374
3745 46.407466436374
3745 0.208960843373494
3745 0.208960843373494
3745 0.120625281164897
3745 0
3745 0
3745 0.160325333507038
3745 28.3919163700434
3745 28.3919163700434
3745 0
3745 0.77906543442073
3745 0
3745 0
3745 1.0345236079077
3745 18.8755115600355
3745 18.8755115600355
3582 418.104831492066
3582 418.104831492066
3582 418.104831492066
3582 16.2976506140842
3582 46.407466436374
3582 46.407466436374
3582 0.208960843373494
3582 0.208960843373494
3582 0.120625281164897
3582 0
3582 0
3582 0.160325333507038
3582 28.3919163700434
3582 28.3919163700434
3582 0
3582 0.77906543442073
3582 0
3582 0
3582 1.0345236079077
3582 18.8755115600355
3582 18.8755115600355
3623 418.104831492066
3623 418.104831492066
3623 418.104831492066
3623 16.2976506140842
3623 46.407466436374
3623 46.407466436374
3623 0.208960843373494
3623 0.208960843373494
3623 0.120625281164897
3623 0
3623 0
3623 0.160325333507038
3623 28.3919163700434
3623 28.3919163700434
3623 0
3623 0.77906543442073
3623 0
3623 0
3623 1.0345236079077
3623 18.8755115600355
3623 18.8755115600355
3666 418.104831492066
3666 418.104831492066
3666 418.104831492066
3666 16.2976506140842
3666 46.407466436374
3666 46.407466436374
3666 0.208960843373494
3666 0.208960843373494
3666 0.120625281164897
3666 0
3666 0
3666 0.160325333507038
3666 28.3919163700434
3666 28.3919163700434
3666 0
3666 0.77906543442073
3666 0
3666 0
3666 1.0345236079077
3666 18.8755115600355
3666 18.8755115600355
3156 418.104831492066
3156 418.104831492066
3156 418.104831492066
3156 16.2976506140842
3156 46.407466436374
3156 46.407466436374
3156 0.208960843373494
3156 0.208960843373494
3156 0.120625281164897
3156 0
3156 0
3156 0.160325333507038
3156 28.3919163700434
3156 28.3919163700434
3156 0
3156 0.77906543442073
3156 0
3156 0
3156 1.0345236079077
3156 18.8755115600355
3156 18.8755115600355
3212 418.104831492066
3212 418.104831492066
3212 418.104831492066
3212 16.2976506140842
3212 46.407466436374
3212 46.407466436374
3212 0.208960843373494
3212 0.208960843373494
3212 0.120625281164897
3212 0
3212 0
3212 0.160325333507038
3212 28.3919163700434
3212 28.3919163700434
3212 0
3212 0.77906543442073
3212 0
3212 0
3212 1.0345236079077
3212 18.8755115600355
3212 18.8755115600355
3266 418.104831492066
3266 418.104831492066
3266 418.104831492066
3266 16.2976506140842
3266 46.407466436374
3266 46.407466436374
3266 0.208960843373494
3266 0.208960843373494
3266 0.120625281164897
3266 0
3266 0
3266 0.160325333507038
3266 28.3919163700434
3266 28.3919163700434
3266 0
3266 0.77906543442073
3266 0
3266 0
3266 1.0345236079077
3266 18.8755115600355
3266 18.8755115600355
3540 418.104831492066
3540 418.104831492066
3540 418.104831492066
3540 16.2976506140842
3540 46.407466436374
3540 46.407466436374
3540 0.208960843373494
3540 0.208960843373494
3540 0.120625281164897
3540 0
3540 0
3540 0.160325333507038
3540 28.3919163700434
3540 28.3919163700434
3540 0
3540 0.77906543442073
3540 0
3540 0
3540 1.0345236079077
3540 18.8755115600355
3540 18.8755115600355
3157 418.104831492066
3157 418.104831492066
3157 418.104831492066
3157 16.2976506140842
3157 46.407466436374
3157 46.407466436374
3157 0.208960843373494
3157 0.208960843373494
3157 0.120625281164897
3157 0
3157 0
3157 0.160325333507038
3157 28.3919163700434
3157 28.3919163700434
3157 0
3157 0.77906543442073
3157 0
3157 0
3157 1.0345236079077
3157 18.8755115600355
3157 18.8755115600355
3213 418.104831492066
3213 418.104831492066
3213 418.104831492066
3213 16.2976506140842
3213 46.407466436374
3213 46.407466436374
3213 0.208960843373494
3213 0.208960843373494
3213 0.120625281164897
3213 0
3213 0
3213 0.160325333507038
3213 28.3919163700434
3213 28.3919163700434
3213 0
3213 0.77906543442073
3213 0
3213 0
3213 1.0345236079077
3213 18.8755115600355
3213 18.8755115600355
3267 418.104831492066
3267 418.104831492066
3267 418.104831492066
3267 16.2976506140842
3267 46.407466436374
3267 46.407466436374
3267 0.208960843373494
3267 0.208960843373494
3267 0.120625281164897
3267 0
3267 0
3267 0.160325333507038
3267 28.3919163700434
3267 28.3919163700434
3267 0
3267 0.77906543442073
3267 0
3267 0
3267 1.0345236079077
3267 18.8755115600355
3267 18.8755115600355
3327 418.104831492066
3327 418.104831492066
3327 418.104831492066
3327 16.2976506140842
3327 46.407466436374
3327 46.407466436374
3327 0.208960843373494
3327 0.208960843373494
3327 0.120625281164897
3327 0
3327 0
3327 0.160325333507038
3327 28.3919163700434
3327 28.3919163700434
3327 0
3327 0.77906543442073
3327 0
3327 0
3327 1.0345236079077
3327 18.8755115600355
3327 18.8755115600355
3378 418.104831492066
3378 418.104831492066
3378 418.104831492066
3378 16.2976506140842
3378 46.407466436374
3378 46.407466436374
3378 0.208960843373494
3378 0.208960843373494
3378 0.120625281164897
3378 0
3378 0
3378 0.160325333507038
3378 28.3919163700434
3378 28.3919163700434
3378 0
3378 0.77906543442073
3378 0
3378 0
3378 1.0345236079077
3378 18.8755115600355
3378 18.8755115600355
3423 418.104831492066
3423 418.104831492066
3423 418.104831492066
3423 16.2976506140842
3423 46.407466436374
3423 46.407466436374
3423 0.208960843373494
3423 0.208960843373494
3423 0.120625281164897
3423 0
3423 0
3423 0.160325333507038
3423 28.3919163700434
3423 28.3919163700434
3423 0
3423 0.77906543442073
3423 0
3423 0
3423 1.0345236079077
3423 18.8755115600355
3423 18.8755115600355
3503 418.104831492066
3503 418.104831492066
3503 418.104831492066
3503 16.2976506140842
3503 46.407466436374
3503 46.407466436374
3503 0.208960843373494
3503 0.208960843373494
3503 0.120625281164897
3503 0
3503 0
3503 0.160325333507038
3503 28.3919163700434
3503 28.3919163700434
3503 0
3503 0.77906543442073
3503 0
3503 0
3503 1.0345236079077
3503 18.8755115600355
3503 18.8755115600355
3541 418.104831492066
3541 418.104831492066
3541 418.104831492066
3541 16.2976506140842
3541 46.407466436374
3541 46.407466436374
3541 0.208960843373494
3541 0.208960843373494
3541 0.120625281164897
3541 0
3541 0
3541 0.160325333507038
3541 28.3919163700434
3541 28.3919163700434
3541 0
3541 0.77906543442073
3541 0
3541 0
3541 1.0345236079077
3541 18.8755115600355
3541 18.8755115600355
3584 418.104831492066
3584 418.104831492066
3584 418.104831492066
3584 16.2976506140842
3584 46.407466436374
3584 46.407466436374
3584 0.208960843373494
3584 0.208960843373494
3584 0.120625281164897
3584 0
3584 0
3584 0.160325333507038
3584 28.3919163700434
3584 28.3919163700434
3584 0
3584 0.77906543442073
3584 0
3584 0
3584 1.0345236079077
3584 18.8755115600355
3584 18.8755115600355
3625 418.104831492066
3625 418.104831492066
3625 418.104831492066
3625 16.2976506140842
3625 46.407466436374
3625 46.407466436374
3625 0.208960843373494
3625 0.208960843373494
3625 0.120625281164897
3625 0
3625 0
3625 0.160325333507038
3625 28.3919163700434
3625 28.3919163700434
3625 0
3625 0.77906543442073
3625 0
3625 0
3625 1.0345236079077
3625 18.8755115600355
3625 18.8755115600355
3268 418.104831492066
3268 418.104831492066
3268 418.104831492066
3268 16.2976506140842
3268 46.407466436374
3268 46.407466436374
3268 0.208960843373494
3268 0.208960843373494
3268 0.120625281164897
3268 0
3268 0
3268 0.160325333507038
3268 28.3919163700434
3268 28.3919163700434
3268 0
3268 0.77906543442073
3268 0
3268 0
3268 1.0345236079077
3268 18.8755115600355
3268 18.8755115600355
3328 418.104831492066
3328 418.104831492066
3328 418.104831492066
3328 16.2976506140842
3328 46.407466436374
3328 46.407466436374
3328 0.208960843373494
3328 0.208960843373494
3328 0.120625281164897
3328 0
3328 0
3328 0.160325333507038
3328 28.3919163700434
3328 28.3919163700434
3328 0
3328 0.77906543442073
3328 0
3328 0
3328 1.0345236079077
3328 18.8755115600355
3328 18.8755115600355
3424 418.104831492066
3424 418.104831492066
3424 418.104831492066
3424 16.2976506140842
3424 46.407466436374
3424 46.407466436374
3424 0.208960843373494
3424 0.208960843373494
3424 0.120625281164897
3424 0
3424 0
3424 0.160325333507038
3424 28.3919163700434
3424 28.3919163700434
3424 0
3424 0.77906543442073
3424 0
3424 0
3424 1.0345236079077
3424 18.8755115600355
3424 18.8755115600355
3542 418.104831492066
3542 418.104831492066
3542 418.104831492066
3542 16.2976506140842
3542 46.407466436374
3542 46.407466436374
3542 0.208960843373494
3542 0.208960843373494
3542 0.120625281164897
3542 0
3542 0
3542 0.160325333507038
3542 28.3919163700434
3542 28.3919163700434
3542 0
3542 0.77906543442073
3542 0
3542 0
3542 1.0345236079077
3542 18.8755115600355
3542 18.8755115600355
2857 418.104831492066
2857 418.104831492066
2857 418.104831492066
2857 16.2976506140842
2857 46.407466436374
2857 46.407466436374
2857 0.208960843373494
2857 0.208960843373494
2857 0.120625281164897
2857 0
2857 0
2857 0.160325333507038
2857 28.3919163700434
2857 28.3919163700434
2857 0
2857 0.77906543442073
2857 0
2857 0
2857 1.0345236079077
2857 18.8755115600355
2857 18.8755115600355
2923 418.104831492066
2923 418.104831492066
2923 418.104831492066
2923 16.2976506140842
2923 46.407466436374
2923 46.407466436374
2923 0.208960843373494
2923 0.208960843373494
2923 0.120625281164897
2923 0
2923 0
2923 0.160325333507038
2923 28.3919163700434
2923 28.3919163700434
2923 0
2923 0.77906543442073
2923 0
2923 0
2923 1.0345236079077
2923 18.8755115600355
2923 18.8755115600355
3329 418.104831492066
3329 418.104831492066
3329 418.104831492066
3329 16.2976506140842
3329 46.407466436374
3329 46.407466436374
3329 0.208960843373494
3329 0.208960843373494
3329 0.120625281164897
3329 0
3329 0
3329 0.160325333507038
3329 28.3919163700434
3329 28.3919163700434
3329 0
3329 0.77906543442073
3329 0
3329 0
3329 1.0345236079077
3329 18.8755115600355
3329 18.8755115600355
3380 418.104831492066
3380 418.104831492066
3380 418.104831492066
3380 16.2976506140842
3380 46.407466436374
3380 46.407466436374
3380 0.208960843373494
3380 0.208960843373494
3380 0.120625281164897
3380 0
3380 0
3380 0.160325333507038
3380 28.3919163700434
3380 28.3919163700434
3380 0
3380 0.77906543442073
3380 0
3380 0
3380 1.0345236079077
3380 18.8755115600355
3380 18.8755115600355
3505 418.104831492066
3505 418.104831492066
3505 418.104831492066
3505 16.2976506140842
3505 46.407466436374
3505 46.407466436374
3505 0.208960843373494
3505 0.208960843373494
3505 0.120625281164897
3505 0
3505 0
3505 0.160325333507038
3505 28.3919163700434
3505 28.3919163700434
3505 0
3505 0.77906543442073
3505 0
3505 0
3505 1.0345236079077
3505 18.8755115600355
3505 18.8755115600355
2786 418.104831492066
2786 418.104831492066
2786 418.104831492066
2786 16.2976506140842
2786 46.407466436374
2786 46.407466436374
2786 0.208960843373494
2786 0.208960843373494
2786 0.120625281164897
2786 0
2786 0
2786 0.160325333507038
2786 28.3919163700434
2786 28.3919163700434
2786 0
2786 0.77906543442073
2786 0
2786 0
2786 1.0345236079077
2786 18.8755115600355
2786 18.8755115600355
2858 418.104831492066
2858 418.104831492066
2858 418.104831492066
2858 16.2976506140842
2858 46.407466436374
2858 46.407466436374
2858 0.208960843373494
2858 0.208960843373494
2858 0.120625281164897
2858 0
2858 0
2858 0.160325333507038
2858 28.3919163700434
2858 28.3919163700434
2858 0
2858 0.77906543442073
2858 0
2858 0
2858 1.0345236079077
2858 18.8755115600355
2858 18.8755115600355
2987 418.104831492066
2987 418.104831492066
2987 418.104831492066
2987 16.2976506140842
2987 46.407466436374
2987 46.407466436374
2987 0.208960843373494
2987 0.208960843373494
2987 0.120625281164897
2987 0
2987 0
2987 0.160325333507038
2987 28.3919163700434
2987 28.3919163700434
2987 0
2987 0.77906543442073
2987 0
2987 0
2987 1.0345236079077
2987 18.8755115600355
2987 18.8755115600355
3160 418.104831492066
3160 418.104831492066
3160 418.104831492066
3160 16.2976506140842
3160 46.407466436374
3160 46.407466436374
3160 0.208960843373494
3160 0.208960843373494
3160 0.120625281164897
3160 0
3160 0
3160 0.160325333507038
3160 28.3919163700434
3160 28.3919163700434
3160 0
3160 0.77906543442073
3160 0
3160 0
3160 1.0345236079077
3160 18.8755115600355
3160 18.8755115600355
2716 418.104831492066
2716 418.104831492066
2716 418.104831492066
2716 16.2976506140842
2716 46.407466436374
2716 46.407466436374
2716 0.208960843373494
2716 0.208960843373494
2716 0.120625281164897
2716 0
2716 0
2716 0.160325333507038
2716 28.3919163700434
2716 28.3919163700434
2716 0
2716 0.77906543442073
2716 0
2716 0
2716 1.0345236079077
2716 18.8755115600355
2716 18.8755115600355
2859 418.104831492066
2859 418.104831492066
2859 418.104831492066
2859 16.2976506140842
2859 46.407466436374
2859 46.407466436374
2859 0.208960843373494
2859 0.208960843373494
2859 0.120625281164897
2859 0
2859 0
2859 0.160325333507038
2859 28.3919163700434
2859 28.3919163700434
2859 0
2859 0.77906543442073
2859 0
2859 0
2859 1.0345236079077
2859 18.8755115600355
2859 18.8755115600355
2925 418.104831492066
2925 418.104831492066
2925 418.104831492066
2925 16.2976506140842
2925 46.407466436374
2925 46.407466436374
2925 0.208960843373494
2925 0.208960843373494
2925 0.120625281164897
2925 0
2925 0
2925 0.160325333507038
2925 28.3919163700434
2925 28.3919163700434
2925 0
2925 0.77906543442073
2925 0
2925 0
2925 1.0345236079077
2925 18.8755115600355
2925 18.8755115600355
2988 418.104831492066
2988 418.104831492066
2988 418.104831492066
2988 16.2976506140842
2988 46.407466436374
2988 46.407466436374
2988 0.208960843373494
2988 0.208960843373494
2988 0.120625281164897
2988 0
2988 0
2988 0.160325333507038
2988 28.3919163700434
2988 28.3919163700434
2988 0
2988 0.77906543442073
2988 0
2988 0
2988 1.0345236079077
2988 18.8755115600355
2988 18.8755115600355
3047 418.104831492066
3047 418.104831492066
3047 418.104831492066
3047 16.2976506140842
3047 46.407466436374
3047 46.407466436374
3047 0.208960843373494
3047 0.208960843373494
3047 0.120625281164897
3047 0
3047 0
3047 0.160325333507038
3047 28.3919163700434
3047 28.3919163700434
3047 0
3047 0.77906543442073
3047 0
3047 0
3047 1.0345236079077
3047 18.8755115600355
3047 18.8755115600355
3427 418.104831492066
3427 418.104831492066
3427 418.104831492066
3427 16.2976506140842
3427 46.407466436374
3427 46.407466436374
3427 0.208960843373494
3427 0.208960843373494
3427 0.120625281164897
3427 0
3427 0
3427 0.160325333507038
3427 28.3919163700434
3427 28.3919163700434
3427 0
3427 0.77906543442073
3427 0
3427 0
3427 1.0345236079077
3427 18.8755115600355
3427 18.8755115600355
3470 418.104831492066
3470 418.104831492066
3470 418.104831492066
3470 16.2976506140842
3470 46.407466436374
3470 46.407466436374
3470 0.208960843373494
3470 0.208960843373494
3470 0.120625281164897
3470 0
3470 0
3470 0.160325333507038
3470 28.3919163700434
3470 28.3919163700434
3470 0
3470 0.77906543442073
3470 0
3470 0
3470 1.0345236079077
3470 18.8755115600355
3470 18.8755115600355
2860 418.104831492066
2860 418.104831492066
2860 418.104831492066
2860 16.2976506140842
2860 46.407466436374
2860 46.407466436374
2860 0.208960843373494
2860 0.208960843373494
2860 0.120625281164897
2860 0
2860 0
2860 0.160325333507038
2860 28.3919163700434
2860 28.3919163700434
2860 0
2860 0.77906543442073
2860 0
2860 0
2860 1.0345236079077
2860 18.8755115600355
2860 18.8755115600355
2989 418.104831492066
2989 418.104831492066
2989 418.104831492066
2989 16.2976506140842
2989 46.407466436374
2989 46.407466436374
2989 0.208960843373494
2989 0.208960843373494
2989 0.120625281164897
2989 0
2989 0
2989 0.160325333507038
2989 28.3919163700434
2989 28.3919163700434
2989 0
2989 0.77906543442073
2989 0
2989 0
2989 1.0345236079077
2989 18.8755115600355
2989 18.8755115600355
3048 418.104831492066
3048 418.104831492066
3048 418.104831492066
3048 16.2976506140842
3048 46.407466436374
3048 46.407466436374
3048 0.208960843373494
3048 0.208960843373494
3048 0.120625281164897
3048 0
3048 0
3048 0.160325333507038
3048 28.3919163700434
3048 28.3919163700434
3048 0
3048 0.77906543442073
3048 0
3048 0
3048 1.0345236079077
3048 18.8755115600355
3048 18.8755115600355
3107 418.104831492066
3107 418.104831492066
3107 418.104831492066
3107 16.2976506140842
3107 46.407466436374
3107 46.407466436374
3107 0.208960843373494
3107 0.208960843373494
3107 0.120625281164897
3107 0
3107 0
3107 0.160325333507038
3107 28.3919163700434
3107 28.3919163700434
3107 0
3107 0.77906543442073
3107 0
3107 0
3107 1.0345236079077
3107 18.8755115600355
3107 18.8755115600355
3162 418.104831492066
3162 418.104831492066
3162 418.104831492066
3162 16.2976506140842
3162 46.407466436374
3162 46.407466436374
3162 0.208960843373494
3162 0.208960843373494
3162 0.120625281164897
3162 0
3162 0
3162 0.160325333507038
3162 28.3919163700434
3162 28.3919163700434
3162 0
3162 0.77906543442073
3162 0
3162 0
3162 1.0345236079077
3162 18.8755115600355
3162 18.8755115600355
3218 418.104831492066
3218 418.104831492066
3218 418.104831492066
3218 16.2976506140842
3218 46.407466436374
3218 46.407466436374
3218 0.208960843373494
3218 0.208960843373494
3218 0.120625281164897
3218 0
3218 0
3218 0.160325333507038
3218 28.3919163700434
3218 28.3919163700434
3218 0
3218 0.77906543442073
3218 0
3218 0
3218 1.0345236079077
3218 18.8755115600355
3218 18.8755115600355
3471 418.104831492066
3471 418.104831492066
3471 418.104831492066
3471 16.2976506140842
3471 46.407466436374
3471 46.407466436374
3471 0.208960843373494
3471 0.208960843373494
3471 0.120625281164897
3471 0
3471 0
3471 0.160325333507038
3471 28.3919163700434
3471 28.3919163700434
3471 0
3471 0.77906543442073
3471 0
3471 0
3471 1.0345236079077
3471 18.8755115600355
3471 18.8755115600355
2718 418.104831492066
2718 418.104831492066
2718 418.104831492066
2718 16.2976506140842
2718 46.407466436374
2718 46.407466436374
2718 0.208960843373494
2718 0.208960843373494
2718 0.120625281164897
2718 0
2718 0
2718 0.160325333507038
2718 28.3919163700434
2718 28.3919163700434
2718 0
2718 0.77906543442073
2718 0
2718 0
2718 1.0345236079077
2718 18.8755115600355
2718 18.8755115600355
2927 418.104831492066
2927 418.104831492066
2927 418.104831492066
2927 16.2976506140842
2927 46.407466436374
2927 46.407466436374
2927 0.208960843373494
2927 0.208960843373494
2927 0.120625281164897
2927 0
2927 0
2927 0.160325333507038
2927 28.3919163700434
2927 28.3919163700434
2927 0
2927 0.77906543442073
2927 0
2927 0
2927 1.0345236079077
2927 18.8755115600355
2927 18.8755115600355
2990 418.104831492066
2990 418.104831492066
2990 418.104831492066
2990 16.2976506140842
2990 46.407466436374
2990 46.407466436374
2990 0.208960843373494
2990 0.208960843373494
2990 0.120625281164897
2990 0
2990 0
2990 0.160325333507038
2990 28.3919163700434
2990 28.3919163700434
2990 0
2990 0.77906543442073
2990 0
2990 0
2990 1.0345236079077
2990 18.8755115600355
2990 18.8755115600355
3049 418.104831492066
3049 418.104831492066
3049 418.104831492066
3049 16.2976506140842
3049 46.407466436374
3049 46.407466436374
3049 0.208960843373494
3049 0.208960843373494
3049 0.120625281164897
3049 0
3049 0
3049 0.160325333507038
3049 28.3919163700434
3049 28.3919163700434
3049 0
3049 0.77906543442073
3049 0
3049 0
3049 1.0345236079077
3049 18.8755115600355
3049 18.8755115600355
3108 418.104831492066
3108 418.104831492066
3108 418.104831492066
3108 16.2976506140842
3108 46.407466436374
3108 46.407466436374
3108 0.208960843373494
3108 0.208960843373494
3108 0.120625281164897
3108 0
3108 0
3108 0.160325333507038
3108 28.3919163700434
3108 28.3919163700434
3108 0
3108 0.77906543442073
3108 0
3108 0
3108 1.0345236079077
3108 18.8755115600355
3108 18.8755115600355
3163 418.104831492066
3163 418.104831492066
3163 418.104831492066
3163 16.2976506140842
3163 46.407466436374
3163 46.407466436374
3163 0.208960843373494
3163 0.208960843373494
3163 0.120625281164897
3163 0
3163 0
3163 0.160325333507038
3163 28.3919163700434
3163 28.3919163700434
3163 0
3163 0.77906543442073
3163 0
3163 0
3163 1.0345236079077
3163 18.8755115600355
3163 18.8755115600355
3219 418.104831492066
3219 418.104831492066
3219 418.104831492066
3219 16.2976506140842
3219 46.407466436374
3219 46.407466436374
3219 0.208960843373494
3219 0.208960843373494
3219 0.120625281164897
3219 0
3219 0
3219 0.160325333507038
3219 28.3919163700434
3219 28.3919163700434
3219 0
3219 0.77906543442073
3219 0
3219 0
3219 1.0345236079077
3219 18.8755115600355
3219 18.8755115600355
3333 418.104831492066
3333 418.104831492066
3333 418.104831492066
3333 16.2976506140842
3333 46.407466436374
3333 46.407466436374
3333 0.208960843373494
3333 0.208960843373494
3333 0.120625281164897
3333 0
3333 0
3333 0.160325333507038
3333 28.3919163700434
3333 28.3919163700434
3333 0
3333 0.77906543442073
3333 0
3333 0
3333 1.0345236079077
3333 18.8755115600355
3333 18.8755115600355
1663 418.104831492066
1663 418.104831492066
1663 418.104831492066
1663 16.2976506140842
1663 46.407466436374
1663 46.407466436374
1663 0.208960843373494
1663 0.208960843373494
1663 0.120625281164897
1663 0
1663 0
1663 0.160325333507038
1663 28.3919163700434
1663 28.3919163700434
1663 0
1663 0.77906543442073
1663 0
1663 0
1663 1.0345236079077
1663 18.8755115600355
1663 18.8755115600355
2719 418.104831492066
2719 418.104831492066
2719 418.104831492066
2719 16.2976506140842
2719 46.407466436374
2719 46.407466436374
2719 0.208960843373494
2719 0.208960843373494
2719 0.120625281164897
2719 0
2719 0
2719 0.160325333507038
2719 28.3919163700434
2719 28.3919163700434
2719 0
2719 0.77906543442073
2719 0
2719 0
2719 1.0345236079077
2719 18.8755115600355
2719 18.8755115600355
2862 418.104831492066
2862 418.104831492066
2862 418.104831492066
2862 16.2976506140842
2862 46.407466436374
2862 46.407466436374
2862 0.208960843373494
2862 0.208960843373494
2862 0.120625281164897
2862 0
2862 0
2862 0.160325333507038
2862 28.3919163700434
2862 28.3919163700434
2862 0
2862 0.77906543442073
2862 0
2862 0
2862 1.0345236079077
2862 18.8755115600355
2862 18.8755115600355
3050 418.104831492066
3050 418.104831492066
3050 418.104831492066
3050 16.2976506140842
3050 46.407466436374
3050 46.407466436374
3050 0.208960843373494
3050 0.208960843373494
3050 0.120625281164897
3050 0
3050 0
3050 0.160325333507038
3050 28.3919163700434
3050 28.3919163700434
3050 0
3050 0.77906543442073
3050 0
3050 0
3050 1.0345236079077
3050 18.8755115600355
3050 18.8755115600355
3109 418.104831492066
3109 418.104831492066
3109 418.104831492066
3109 16.2976506140842
3109 46.407466436374
3109 46.407466436374
3109 0.208960843373494
3109 0.208960843373494
3109 0.120625281164897
3109 0
3109 0
3109 0.160325333507038
3109 28.3919163700434
3109 28.3919163700434
3109 0
3109 0.77906543442073
3109 0
3109 0
3109 1.0345236079077
3109 18.8755115600355
3109 18.8755115600355
3164 418.104831492066
3164 418.104831492066
3164 418.104831492066
3164 16.2976506140842
3164 46.407466436374
3164 46.407466436374
3164 0.208960843373494
3164 0.208960843373494
3164 0.120625281164897
3164 0
3164 0
3164 0.160325333507038
3164 28.3919163700434
3164 28.3919163700434
3164 0
3164 0.77906543442073
3164 0
3164 0
3164 1.0345236079077
3164 18.8755115600355
3164 18.8755115600355
1754 418.104831492066
1754 418.104831492066
1754 418.104831492066
1754 16.2976506140842
1754 46.407466436374
1754 46.407466436374
1754 0.208960843373494
1754 0.208960843373494
1754 0.120625281164897
1754 0
1754 0
1754 0.160325333507038
1754 28.3919163700434
1754 28.3919163700434
1754 0
1754 0.77906543442073
1754 0
1754 0
1754 1.0345236079077
1754 18.8755115600355
1754 18.8755115600355
2791 418.104831492066
2791 418.104831492066
2791 418.104831492066
2791 16.2976506140842
2791 46.407466436374
2791 46.407466436374
2791 0.208960843373494
2791 0.208960843373494
2791 0.120625281164897
2791 0
2791 0
2791 0.160325333507038
2791 28.3919163700434
2791 28.3919163700434
2791 0
2791 0.77906543442073
2791 0
2791 0
2791 1.0345236079077
2791 18.8755115600355
2791 18.8755115600355
2863 418.104831492066
2863 418.104831492066
2863 418.104831492066
2863 16.2976506140842
2863 46.407466436374
2863 46.407466436374
2863 0.208960843373494
2863 0.208960843373494
2863 0.120625281164897
2863 0
2863 0
2863 0.160325333507038
2863 28.3919163700434
2863 28.3919163700434
2863 0
2863 0.77906543442073
2863 0
2863 0
2863 1.0345236079077
2863 18.8755115600355
2863 18.8755115600355
2929 418.104831492066
2929 418.104831492066
2929 418.104831492066
2929 16.2976506140842
2929 46.407466436374
2929 46.407466436374
2929 0.208960843373494
2929 0.208960843373494
2929 0.120625281164897
2929 0
2929 0
2929 0.160325333507038
2929 28.3919163700434
2929 28.3919163700434
2929 0
2929 0.77906543442073
2929 0
2929 0
2929 1.0345236079077
2929 18.8755115600355
2929 18.8755115600355
2992 418.104831492066
2992 418.104831492066
2992 418.104831492066
2992 16.2976506140842
2992 46.407466436374
2992 46.407466436374
2992 0.208960843373494
2992 0.208960843373494
2992 0.120625281164897
2992 0
2992 0
2992 0.160325333507038
2992 28.3919163700434
2992 28.3919163700434
2992 0
2992 0.77906543442073
2992 0
2992 0
2992 1.0345236079077
2992 18.8755115600355
2992 18.8755115600355
3051 418.104831492066
3051 418.104831492066
3051 418.104831492066
3051 16.2976506140842
3051 46.407466436374
3051 46.407466436374
3051 0.208960843373494
3051 0.208960843373494
3051 0.120625281164897
3051 0
3051 0
3051 0.160325333507038
3051 28.3919163700434
3051 28.3919163700434
3051 0
3051 0.77906543442073
3051 0
3051 0
3051 1.0345236079077
3051 18.8755115600355
3051 18.8755115600355
1583 418.104831492066
1583 418.104831492066
1583 418.104831492066
1583 16.2976506140842
1583 46.407466436374
1583 46.407466436374
1583 0.208960843373494
1583 0.208960843373494
1583 0.120625281164897
1583 0
1583 0
1583 0.160325333507038
1583 28.3919163700434
1583 28.3919163700434
1583 0
1583 0.77906543442073
1583 0
1583 0
1583 1.0345236079077
1583 18.8755115600355
1583 18.8755115600355
1665 418.104831492066
1665 418.104831492066
1665 418.104831492066
1665 16.2976506140842
1665 46.407466436374
1665 46.407466436374
1665 0.208960843373494
1665 0.208960843373494
1665 0.120625281164897
1665 0
1665 0
1665 0.160325333507038
1665 28.3919163700434
1665 28.3919163700434
1665 0
1665 0.77906543442073
1665 0
1665 0
1665 1.0345236079077
1665 18.8755115600355
1665 18.8755115600355
1755 418.104831492066
1755 418.104831492066
1755 418.104831492066
1755 16.2976506140842
1755 46.407466436374
1755 46.407466436374
1755 0.208960843373494
1755 0.208960843373494
1755 0.120625281164897
1755 0
1755 0
1755 0.160325333507038
1755 28.3919163700434
1755 28.3919163700434
1755 0
1755 0.77906543442073
1755 0
1755 0
1755 1.0345236079077
1755 18.8755115600355
1755 18.8755115600355
1849 418.104831492066
1849 418.104831492066
1849 418.104831492066
1849 16.2976506140842
1849 46.407466436374
1849 46.407466436374
1849 0.208960843373494
1849 0.208960843373494
1849 0.120625281164897
1849 0
1849 0
1849 0.160325333507038
1849 28.3919163700434
1849 28.3919163700434
1849 0
1849 0.77906543442073
1849 0
1849 0
1849 1.0345236079077
1849 18.8755115600355
1849 18.8755115600355
1941 418.104831492066
1941 418.104831492066
1941 418.104831492066
1941 16.2976506140842
1941 46.407466436374
1941 46.407466436374
1941 0.208960843373494
1941 0.208960843373494
1941 0.120625281164897
1941 0
1941 0
1941 0.160325333507038
1941 28.3919163700434
1941 28.3919163700434
1941 0
1941 0.77906543442073
1941 0
1941 0
1941 1.0345236079077
1941 18.8755115600355
1941 18.8755115600355
2036 418.104831492066
2036 418.104831492066
2036 418.104831492066
2036 16.2976506140842
2036 46.407466436374
2036 46.407466436374
2036 0.208960843373494
2036 0.208960843373494
2036 0.120625281164897
2036 0
2036 0
2036 0.160325333507038
2036 28.3919163700434
2036 28.3919163700434
2036 0
2036 0.77906543442073
2036 0
2036 0
2036 1.0345236079077
2036 18.8755115600355
2036 18.8755115600355
2130 418.104831492066
2130 418.104831492066
2130 418.104831492066
2130 16.2976506140842
2130 46.407466436374
2130 46.407466436374
2130 0.208960843373494
2130 0.208960843373494
2130 0.120625281164897
2130 0
2130 0
2130 0.160325333507038
2130 28.3919163700434
2130 28.3919163700434
2130 0
2130 0.77906543442073
2130 0
2130 0
2130 1.0345236079077
2130 18.8755115600355
2130 18.8755115600355
2225 418.104831492066
2225 418.104831492066
2225 418.104831492066
2225 16.2976506140842
2225 46.407466436374
2225 46.407466436374
2225 0.208960843373494
2225 0.208960843373494
2225 0.120625281164897
2225 0
2225 0
2225 0.160325333507038
2225 28.3919163700434
2225 28.3919163700434
2225 0
2225 0.77906543442073
2225 0
2225 0
2225 1.0345236079077
2225 18.8755115600355
2225 18.8755115600355
2930 418.104831492066
2930 418.104831492066
2930 418.104831492066
2930 16.2976506140842
2930 46.407466436374
2930 46.407466436374
2930 0.208960843373494
2930 0.208960843373494
2930 0.120625281164897
2930 0
2930 0
2930 0.160325333507038
2930 28.3919163700434
2930 28.3919163700434
2930 0
2930 0.77906543442073
2930 0
2930 0
2930 1.0345236079077
2930 18.8755115600355
2930 18.8755115600355
1666 418.104831492066
1666 418.104831492066
1666 418.104831492066
1666 16.2976506140842
1666 46.407466436374
1666 46.407466436374
1666 0.208960843373494
1666 0.208960843373494
1666 0.120625281164897
1666 0
1666 0
1666 0.160325333507038
1666 28.3919163700434
1666 28.3919163700434
1666 0
1666 0.77906543442073
1666 0
1666 0
1666 1.0345236079077
1666 18.8755115600355
1666 18.8755115600355
2037 418.104831492066
2037 418.104831492066
2037 418.104831492066
2037 16.2976506140842
2037 46.407466436374
2037 46.407466436374
2037 0.208960843373494
2037 0.208960843373494
2037 0.120625281164897
2037 0
2037 0
2037 0.160325333507038
2037 28.3919163700434
2037 28.3919163700434
2037 0
2037 0.77906543442073
2037 0
2037 0
2037 1.0345236079077
2037 18.8755115600355
2037 18.8755115600355
2131 418.104831492066
2131 418.104831492066
2131 418.104831492066
2131 16.2976506140842
2131 46.407466436374
2131 46.407466436374
2131 0.208960843373494
2131 0.208960843373494
2131 0.120625281164897
2131 0
2131 0
2131 0.160325333507038
2131 28.3919163700434
2131 28.3919163700434
2131 0
2131 0.77906543442073
2131 0
2131 0
2131 1.0345236079077
2131 18.8755115600355
2131 18.8755115600355
2226 418.104831492066
2226 418.104831492066
2226 418.104831492066
2226 16.2976506140842
2226 46.407466436374
2226 46.407466436374
2226 0.208960843373494
2226 0.208960843373494
2226 0.120625281164897
2226 0
2226 0
2226 0.160325333507038
2226 28.3919163700434
2226 28.3919163700434
2226 0
2226 0.77906543442073
2226 0
2226 0
2226 1.0345236079077
2226 18.8755115600355
2226 18.8755115600355
2315 418.104831492066
2315 418.104831492066
2315 418.104831492066
2315 16.2976506140842
2315 46.407466436374
2315 46.407466436374
2315 0.208960843373494
2315 0.208960843373494
2315 0.120625281164897
2315 0
2315 0
2315 0.160325333507038
2315 28.3919163700434
2315 28.3919163700434
2315 0
2315 0.77906543442073
2315 0
2315 0
2315 1.0345236079077
2315 18.8755115600355
2315 18.8755115600355
2793 418.104831492066
2793 418.104831492066
2793 418.104831492066
2793 16.2976506140842
2793 46.407466436374
2793 46.407466436374
2793 0.208960843373494
2793 0.208960843373494
2793 0.120625281164897
2793 0
2793 0
2793 0.160325333507038
2793 28.3919163700434
2793 28.3919163700434
2793 0
2793 0.77906543442073
2793 0
2793 0
2793 1.0345236079077
2793 18.8755115600355
2793 18.8755115600355
2865 418.104831492066
2865 418.104831492066
2865 418.104831492066
2865 16.2976506140842
2865 46.407466436374
2865 46.407466436374
2865 0.208960843373494
2865 0.208960843373494
2865 0.120625281164897
2865 0
2865 0
2865 0.160325333507038
2865 28.3919163700434
2865 28.3919163700434
2865 0
2865 0.77906543442073
2865 0
2865 0
2865 1.0345236079077
2865 18.8755115600355
2865 18.8755115600355
2931 418.104831492066
2931 418.104831492066
2931 418.104831492066
2931 16.2976506140842
2931 46.407466436374
2931 46.407466436374
2931 0.208960843373494
2931 0.208960843373494
2931 0.120625281164897
2931 0
2931 0
2931 0.160325333507038
2931 28.3919163700434
2931 28.3919163700434
2931 0
2931 0.77906543442073
2931 0
2931 0
2931 1.0345236079077
2931 18.8755115600355
2931 18.8755115600355
1757 418.104831492066
1757 418.104831492066
1757 418.104831492066
1757 16.2976506140842
1757 46.407466436374
1757 46.407466436374
1757 0.208960843373494
1757 0.208960843373494
1757 0.120625281164897
1757 0
1757 0
1757 0.160325333507038
1757 28.3919163700434
1757 28.3919163700434
1757 0
1757 0.77906543442073
1757 0
1757 0
1757 1.0345236079077
1757 18.8755115600355
1757 18.8755115600355
1851 418.104831492066
1851 418.104831492066
1851 418.104831492066
1851 16.2976506140842
1851 46.407466436374
1851 46.407466436374
1851 0.208960843373494
1851 0.208960843373494
1851 0.120625281164897
1851 0
1851 0
1851 0.160325333507038
1851 28.3919163700434
1851 28.3919163700434
1851 0
1851 0.77906543442073
1851 0
1851 0
1851 1.0345236079077
1851 18.8755115600355
1851 18.8755115600355
2038 418.104831492066
2038 418.104831492066
2038 418.104831492066
2038 16.2976506140842
2038 46.407466436374
2038 46.407466436374
2038 0.208960843373494
2038 0.208960843373494
2038 0.120625281164897
2038 0
2038 0
2038 0.160325333507038
2038 28.3919163700434
2038 28.3919163700434
2038 0
2038 0.77906543442073
2038 0
2038 0
2038 1.0345236079077
2038 18.8755115600355
2038 18.8755115600355
2132 418.104831492066
2132 418.104831492066
2132 418.104831492066
2132 16.2976506140842
2132 46.407466436374
2132 46.407466436374
2132 0.208960843373494
2132 0.208960843373494
2132 0.120625281164897
2132 0
2132 0
2132 0.160325333507038
2132 28.3919163700434
2132 28.3919163700434
2132 0
2132 0.77906543442073
2132 0
2132 0
2132 1.0345236079077
2132 18.8755115600355
2132 18.8755115600355
2227 418.104831492066
2227 418.104831492066
2227 418.104831492066
2227 16.2976506140842
2227 46.407466436374
2227 46.407466436374
2227 0.208960843373494
2227 0.208960843373494
2227 0.120625281164897
2227 0
2227 0
2227 0.160325333507038
2227 28.3919163700434
2227 28.3919163700434
2227 0
2227 0.77906543442073
2227 0
2227 0
2227 1.0345236079077
2227 18.8755115600355
2227 18.8755115600355
2316 418.104831492066
2316 418.104831492066
2316 418.104831492066
2316 16.2976506140842
2316 46.407466436374
2316 46.407466436374
2316 0.208960843373494
2316 0.208960843373494
2316 0.120625281164897
2316 0
2316 0
2316 0.160325333507038
2316 28.3919163700434
2316 28.3919163700434
2316 0
2316 0.77906543442073
2316 0
2316 0
2316 1.0345236079077
2316 18.8755115600355
2316 18.8755115600355
2407 418.104831492066
2407 418.104831492066
2407 418.104831492066
2407 16.2976506140842
2407 46.407466436374
2407 46.407466436374
2407 0.208960843373494
2407 0.208960843373494
2407 0.120625281164897
2407 0
2407 0
2407 0.160325333507038
2407 28.3919163700434
2407 28.3919163700434
2407 0
2407 0.77906543442073
2407 0
2407 0
2407 1.0345236079077
2407 18.8755115600355
2407 18.8755115600355
2492 418.104831492066
2492 418.104831492066
2492 418.104831492066
2492 16.2976506140842
2492 46.407466436374
2492 46.407466436374
2492 0.208960843373494
2492 0.208960843373494
2492 0.120625281164897
2492 0
2492 0
2492 0.160325333507038
2492 28.3919163700434
2492 28.3919163700434
2492 0
2492 0.77906543442073
2492 0
2492 0
2492 1.0345236079077
2492 18.8755115600355
2492 18.8755115600355
2651 418.104831492066
2651 418.104831492066
2651 418.104831492066
2651 16.2976506140842
2651 46.407466436374
2651 46.407466436374
2651 0.208960843373494
2651 0.208960843373494
2651 0.120625281164897
2651 0
2651 0
2651 0.160325333507038
2651 28.3919163700434
2651 28.3919163700434
2651 0
2651 0.77906543442073
2651 0
2651 0
2651 1.0345236079077
2651 18.8755115600355
2651 18.8755115600355
2723 418.104831492066
2723 418.104831492066
2723 418.104831492066
2723 16.2976506140842
2723 46.407466436374
2723 46.407466436374
2723 0.208960843373494
2723 0.208960843373494
2723 0.120625281164897
2723 0
2723 0
2723 0.160325333507038
2723 28.3919163700434
2723 28.3919163700434
2723 0
2723 0.77906543442073
2723 0
2723 0
2723 1.0345236079077
2723 18.8755115600355
2723 18.8755115600355
2794 418.104831492066
2794 418.104831492066
2794 418.104831492066
2794 16.2976506140842
2794 46.407466436374
2794 46.407466436374
2794 0.208960843373494
2794 0.208960843373494
2794 0.120625281164897
2794 0
2794 0
2794 0.160325333507038
2794 28.3919163700434
2794 28.3919163700434
2794 0
2794 0.77906543442073
2794 0
2794 0
2794 1.0345236079077
2794 18.8755115600355
2794 18.8755115600355
2866 418.104831492066
2866 418.104831492066
2866 418.104831492066
2866 16.2976506140842
2866 46.407466436374
2866 46.407466436374
2866 0.208960843373494
2866 0.208960843373494
2866 0.120625281164897
2866 0
2866 0
2866 0.160325333507038
2866 28.3919163700434
2866 28.3919163700434
2866 0
2866 0.77906543442073
2866 0
2866 0
2866 1.0345236079077
2866 18.8755115600355
2866 18.8755115600355
2932 418.104831492066
2932 418.104831492066
2932 418.104831492066
2932 16.2976506140842
2932 46.407466436374
2932 46.407466436374
2932 0.208960843373494
2932 0.208960843373494
2932 0.120625281164897
2932 0
2932 0
2932 0.160325333507038
2932 28.3919163700434
2932 28.3919163700434
2932 0
2932 0.77906543442073
2932 0
2932 0
2932 1.0345236079077
2932 18.8755115600355
2932 18.8755115600355
2039 418.104831492066
2039 418.104831492066
2039 418.104831492066
2039 16.2976506140842
2039 46.407466436374
2039 46.407466436374
2039 0.208960843373494
2039 0.208960843373494
2039 0.120625281164897
2039 0
2039 0
2039 0.160325333507038
2039 28.3919163700434
2039 28.3919163700434
2039 0
2039 0.77906543442073
2039 0
2039 0
2039 1.0345236079077
2039 18.8755115600355
2039 18.8755115600355
2133 418.104831492066
2133 418.104831492066
2133 418.104831492066
2133 16.2976506140842
2133 46.407466436374
2133 46.407466436374
2133 0.208960843373494
2133 0.208960843373494
2133 0.120625281164897
2133 0
2133 0
2133 0.160325333507038
2133 28.3919163700434
2133 28.3919163700434
2133 0
2133 0.77906543442073
2133 0
2133 0
2133 1.0345236079077
2133 18.8755115600355
2133 18.8755115600355
2228 418.104831492066
2228 418.104831492066
2228 418.104831492066
2228 16.2976506140842
2228 46.407466436374
2228 46.407466436374
2228 0.208960843373494
2228 0.208960843373494
2228 0.120625281164897
2228 0
2228 0
2228 0.160325333507038
2228 28.3919163700434
2228 28.3919163700434
2228 0
2228 0.77906543442073
2228 0
2228 0
2228 1.0345236079077
2228 18.8755115600355
2228 18.8755115600355
2317 418.104831492066
2317 418.104831492066
2317 418.104831492066
2317 16.2976506140842
2317 46.407466436374
2317 46.407466436374
2317 0.208960843373494
2317 0.208960843373494
2317 0.120625281164897
2317 0
2317 0
2317 0.160325333507038
2317 28.3919163700434
2317 28.3919163700434
2317 0
2317 0.77906543442073
2317 0
2317 0
2317 1.0345236079077
2317 18.8755115600355
2317 18.8755115600355
2408 418.104831492066
2408 418.104831492066
2408 418.104831492066
2408 16.2976506140842
2408 46.407466436374
2408 46.407466436374
2408 0.208960843373494
2408 0.208960843373494
2408 0.120625281164897
2408 0
2408 0
2408 0.160325333507038
2408 28.3919163700434
2408 28.3919163700434
2408 0
2408 0.77906543442073
2408 0
2408 0
2408 1.0345236079077
2408 18.8755115600355
2408 18.8755115600355
2493 418.104831492066
2493 418.104831492066
2493 418.104831492066
2493 16.2976506140842
2493 46.407466436374
2493 46.407466436374
2493 0.208960843373494
2493 0.208960843373494
2493 0.120625281164897
2493 0
2493 0
2493 0.160325333507038
2493 28.3919163700434
2493 28.3919163700434
2493 0
2493 0.77906543442073
2493 0
2493 0
2493 1.0345236079077
2493 18.8755115600355
2493 18.8755115600355
2575 418.104831492066
2575 418.104831492066
2575 418.104831492066
2575 16.2976506140842
2575 46.407466436374
2575 46.407466436374
2575 0.208960843373494
2575 0.208960843373494
2575 0.120625281164897
2575 0
2575 0
2575 0.160325333507038
2575 28.3919163700434
2575 28.3919163700434
2575 0
2575 0.77906543442073
2575 0
2575 0
2575 1.0345236079077
2575 18.8755115600355
2575 18.8755115600355
2652 418.104831492066
2652 418.104831492066
2652 418.104831492066
2652 16.2976506140842
2652 46.407466436374
2652 46.407466436374
2652 0.208960843373494
2652 0.208960843373494
2652 0.120625281164897
2652 0
2652 0
2652 0.160325333507038
2652 28.3919163700434
2652 28.3919163700434
2652 0
2652 0.77906543442073
2652 0
2652 0
2652 1.0345236079077
2652 18.8755115600355
2652 18.8755115600355
2724 418.104831492066
2724 418.104831492066
2724 418.104831492066
2724 16.2976506140842
2724 46.407466436374
2724 46.407466436374
2724 0.208960843373494
2724 0.208960843373494
2724 0.120625281164897
2724 0
2724 0
2724 0.160325333507038
2724 28.3919163700434
2724 28.3919163700434
2724 0
2724 0.77906543442073
2724 0
2724 0
2724 1.0345236079077
2724 18.8755115600355
2724 18.8755115600355
2795 418.104831492066
2795 418.104831492066
2795 418.104831492066
2795 16.2976506140842
2795 46.407466436374
2795 46.407466436374
2795 0.208960843373494
2795 0.208960843373494
2795 0.120625281164897
2795 0
2795 0
2795 0.160325333507038
2795 28.3919163700434
2795 28.3919163700434
2795 0
2795 0.77906543442073
2795 0
2795 0
2795 1.0345236079077
2795 18.8755115600355
2795 18.8755115600355
2867 418.104831492066
2867 418.104831492066
2867 418.104831492066
2867 16.2976506140842
2867 46.407466436374
2867 46.407466436374
2867 0.208960843373494
2867 0.208960843373494
2867 0.120625281164897
2867 0
2867 0
2867 0.160325333507038
2867 28.3919163700434
2867 28.3919163700434
2867 0
2867 0.77906543442073
2867 0
2867 0
2867 1.0345236079077
2867 18.8755115600355
2867 18.8755115600355
1945 418.104831492066
1945 418.104831492066
1945 418.104831492066
1945 16.2976506140842
1945 46.407466436374
1945 46.407466436374
1945 0.208960843373494
1945 0.208960843373494
1945 0.120625281164897
1945 0
1945 0
1945 0.160325333507038
1945 28.3919163700434
1945 28.3919163700434
1945 0
1945 0.77906543442073
1945 0
1945 0
1945 1.0345236079077
1945 18.8755115600355
1945 18.8755115600355
2040 418.104831492066
2040 418.104831492066
2040 418.104831492066
2040 16.2976506140842
2040 46.407466436374
2040 46.407466436374
2040 0.208960843373494
2040 0.208960843373494
2040 0.120625281164897
2040 0
2040 0
2040 0.160325333507038
2040 28.3919163700434
2040 28.3919163700434
2040 0
2040 0.77906543442073
2040 0
2040 0
2040 1.0345236079077
2040 18.8755115600355
2040 18.8755115600355
2229 418.104831492066
2229 418.104831492066
2229 418.104831492066
2229 16.2976506140842
2229 46.407466436374
2229 46.407466436374
2229 0.208960843373494
2229 0.208960843373494
2229 0.120625281164897
2229 0
2229 0
2229 0.160325333507038
2229 28.3919163700434
2229 28.3919163700434
2229 0
2229 0.77906543442073
2229 0
2229 0
2229 1.0345236079077
2229 18.8755115600355
2229 18.8755115600355
2318 418.104831492066
2318 418.104831492066
2318 418.104831492066
2318 16.2976506140842
2318 46.407466436374
2318 46.407466436374
2318 0.208960843373494
2318 0.208960843373494
2318 0.120625281164897
2318 0
2318 0
2318 0.160325333507038
2318 28.3919163700434
2318 28.3919163700434
2318 0
2318 0.77906543442073
2318 0
2318 0
2318 1.0345236079077
2318 18.8755115600355
2318 18.8755115600355
2409 418.104831492066
2409 418.104831492066
2409 418.104831492066
2409 16.2976506140842
2409 46.407466436374
2409 46.407466436374
2409 0.208960843373494
2409 0.208960843373494
2409 0.120625281164897
2409 0
2409 0
2409 0.160325333507038
2409 28.3919163700434
2409 28.3919163700434
2409 0
2409 0.77906543442073
2409 0
2409 0
2409 1.0345236079077
2409 18.8755115600355
2409 18.8755115600355
2494 418.104831492066
2494 418.104831492066
2494 418.104831492066
2494 16.2976506140842
2494 46.407466436374
2494 46.407466436374
2494 0.208960843373494
2494 0.208960843373494
2494 0.120625281164897
2494 0
2494 0
2494 0.160325333507038
2494 28.3919163700434
2494 28.3919163700434
2494 0
2494 0.77906543442073
2494 0
2494 0
2494 1.0345236079077
2494 18.8755115600355
2494 18.8755115600355
2576 418.104831492066
2576 418.104831492066
2576 418.104831492066
2576 16.2976506140842
2576 46.407466436374
2576 46.407466436374
2576 0.208960843373494
2576 0.208960843373494
2576 0.120625281164897
2576 0
2576 0
2576 0.160325333507038
2576 28.3919163700434
2576 28.3919163700434
2576 0
2576 0.77906543442073
2576 0
2576 0
2576 1.0345236079077
2576 18.8755115600355
2576 18.8755115600355
2653 418.104831492066
2653 418.104831492066
2653 418.104831492066
2653 16.2976506140842
2653 46.407466436374
2653 46.407466436374
2653 0.208960843373494
2653 0.208960843373494
2653 0.120625281164897
2653 0
2653 0
2653 0.160325333507038
2653 28.3919163700434
2653 28.3919163700434
2653 0
2653 0.77906543442073
2653 0
2653 0
2653 1.0345236079077
2653 18.8755115600355
2653 18.8755115600355
2725 418.104831492066
2725 418.104831492066
2725 418.104831492066
2725 16.2976506140842
2725 46.407466436374
2725 46.407466436374
2725 0.208960843373494
2725 0.208960843373494
2725 0.120625281164897
2725 0
2725 0
2725 0.160325333507038
2725 28.3919163700434
2725 28.3919163700434
2725 0
2725 0.77906543442073
2725 0
2725 0
2725 1.0345236079077
2725 18.8755115600355
2725 18.8755115600355
2796 418.104831492066
2796 418.104831492066
2796 418.104831492066
2796 16.2976506140842
2796 46.407466436374
2796 46.407466436374
2796 0.208960843373494
2796 0.208960843373494
2796 0.120625281164897
2796 0
2796 0
2796 0.160325333507038
2796 28.3919163700434
2796 28.3919163700434
2796 0
2796 0.77906543442073
2796 0
2796 0
2796 1.0345236079077
2796 18.8755115600355
2796 18.8755115600355
2934 418.104831492066
2934 418.104831492066
2934 418.104831492066
2934 16.2976506140842
2934 46.407466436374
2934 46.407466436374
2934 0.208960843373494
2934 0.208960843373494
2934 0.120625281164897
2934 0
2934 0
2934 0.160325333507038
2934 28.3919163700434
2934 28.3919163700434
2934 0
2934 0.77906543442073
2934 0
2934 0
2934 1.0345236079077
2934 18.8755115600355
2934 18.8755115600355
2319 418.104831492066
2319 418.104831492066
2319 418.104831492066
2319 16.2976506140842
2319 46.407466436374
2319 46.407466436374
2319 0.208960843373494
2319 0.208960843373494
2319 0.120625281164897
2319 0
2319 0
2319 0.160325333507038
2319 28.3919163700434
2319 28.3919163700434
2319 0
2319 0.77906543442073
2319 0
2319 0
2319 1.0345236079077
2319 18.8755115600355
2319 18.8755115600355
2577 418.104831492066
2577 418.104831492066
2577 418.104831492066
2577 16.2976506140842
2577 46.407466436374
2577 46.407466436374
2577 0.208960843373494
2577 0.208960843373494
2577 0.120625281164897
2577 0
2577 0
2577 0.160325333507038
2577 28.3919163700434
2577 28.3919163700434
2577 0
2577 0.77906543442073
2577 0
2577 0
2577 1.0345236079077
2577 18.8755115600355
2577 18.8755115600355
2654 418.104831492066
2654 418.104831492066
2654 418.104831492066
2654 16.2976506140842
2654 46.407466436374
2654 46.407466436374
2654 0.208960843373494
2654 0.208960843373494
2654 0.120625281164897
2654 0
2654 0
2654 0.160325333507038
2654 28.3919163700434
2654 28.3919163700434
2654 0
2654 0.77906543442073
2654 0
2654 0
2654 1.0345236079077
2654 18.8755115600355
2654 18.8755115600355
2726 418.104831492066
2726 418.104831492066
2726 418.104831492066
2726 16.2976506140842
2726 46.407466436374
2726 46.407466436374
2726 0.208960843373494
2726 0.208960843373494
2726 0.120625281164897
2726 0
2726 0
2726 0.160325333507038
2726 28.3919163700434
2726 28.3919163700434
2726 0
2726 0.77906543442073
2726 0
2726 0
2726 1.0345236079077
2726 18.8755115600355
2726 18.8755115600355
2935 418.104831492066
2935 418.104831492066
2935 418.104831492066
2935 16.2976506140842
2935 46.407466436374
2935 46.407466436374
2935 0.208960843373494
2935 0.208960843373494
2935 0.120625281164897
2935 0
2935 0
2935 0.160325333507038
2935 28.3919163700434
2935 28.3919163700434
2935 0
2935 0.77906543442073
2935 0
2935 0
2935 1.0345236079077
2935 18.8755115600355
2935 18.8755115600355
2411 418.104831492066
2411 418.104831492066
2411 418.104831492066
2411 16.2976506140842
2411 46.407466436374
2411 46.407466436374
2411 0.208960843373494
2411 0.208960843373494
2411 0.120625281164897
2411 0
2411 0
2411 0.160325333507038
2411 28.3919163700434
2411 28.3919163700434
2411 0
2411 0.77906543442073
2411 0
2411 0
2411 1.0345236079077
2411 18.8755115600355
2411 18.8755115600355
2578 418.104831492066
2578 418.104831492066
2578 418.104831492066
2578 16.2976506140842
2578 46.407466436374
2578 46.407466436374
2578 0.208960843373494
2578 0.208960843373494
2578 0.120625281164897
2578 0
2578 0
2578 0.160325333507038
2578 28.3919163700434
2578 28.3919163700434
2578 0
2578 0.77906543442073
2578 0
2578 0
2578 1.0345236079077
2578 18.8755115600355
2578 18.8755115600355
2655 418.104831492066
2655 418.104831492066
2655 418.104831492066
2655 16.2976506140842
2655 46.407466436374
2655 46.407466436374
2655 0.208960843373494
2655 0.208960843373494
2655 0.120625281164897
2655 0
2655 0
2655 0.160325333507038
2655 28.3919163700434
2655 28.3919163700434
2655 0
2655 0.77906543442073
2655 0
2655 0
2655 1.0345236079077
2655 18.8755115600355
2655 18.8755115600355
2579 418.104831492066
2579 418.104831492066
2579 418.104831492066
2579 16.2976506140842
2579 46.407466436374
2579 46.407466436374
2579 0.208960843373494
2579 0.208960843373494
2579 0.120625281164897
2579 0
2579 0
2579 0.160325333507038
2579 28.3919163700434
2579 28.3919163700434
2579 0
2579 0.77906543442073
2579 0
2579 0
2579 1.0345236079077
2579 18.8755115600355
2579 18.8755115600355
