pt_graph cpue_kghour
4348 0
4348 93.573127405
4348 93.573127405
4348 93.573127405
4348 93.573127405
4348 0
4348 6.639784089
4348 64.856030344
4348 64.856030344
4348 64.856030344
4348 64.856030344
4348 11.96256282
4348 11.96256282
4348 11.96256282
4348 11.96256282
4348 11.96256282
4348 0
4348 0
4348 0
4348 0
4348 0
4348 0
4348 8.3927104975
4348 8.3927104975
4348 8.3927104975
4348 0
4348 156.3711461
4348 2.572216746
4348 2.572216746
4348 4.018922119
4348 4.018922119
4348 4.018922119
4348 0
4348 3.903436901
4348 3.903436901
4348 0
4348 0
4389 0
4389 93.573127405
4389 93.573127405
4389 93.573127405
4389 93.573127405
4389 0
4389 6.639784089
4389 64.856030344
4389 64.856030344
4389 64.856030344
4389 64.856030344
4389 11.96256282
4389 11.96256282
4389 11.96256282
4389 11.96256282
4389 11.96256282
4389 0
4389 0
4389 0
4389 0
4389 0
4389 0
4389 8.3927104975
4389 8.3927104975
4389 8.3927104975
4389 0
4389 156.3711461
4389 2.572216746
4389 2.572216746
4389 4.018922119
4389 4.018922119
4389 4.018922119
4389 0
4389 3.903436901
4389 3.903436901
4389 0
4389 0
4427 0
4427 93.573127405
4427 93.573127405
4427 93.573127405
4427 93.573127405
4427 0
4427 6.639784089
4427 64.856030344
4427 64.856030344
4427 64.856030344
4427 64.856030344
4427 11.96256282
4427 11.96256282
4427 11.96256282
4427 11.96256282
4427 11.96256282
4427 0
4427 0
4427 0
4427 0
4427 0
4427 0
4427 8.3927104975
4427 8.3927104975
4427 8.3927104975
4427 0
4427 156.3711461
4427 2.572216746
4427 2.572216746
4427 4.018922119
4427 4.018922119
4427 4.018922119
4427 0
4427 3.903436901
4427 3.903436901
4427 0
4427 0
4465 0
4465 93.573127405
4465 93.573127405
4465 93.573127405
4465 93.573127405
4465 0
4465 6.639784089
4465 64.856030344
4465 64.856030344
4465 64.856030344
4465 64.856030344
4465 11.96256282
4465 11.96256282
4465 11.96256282
4465 11.96256282
4465 11.96256282
4465 0
4465 0
4465 0
4465 0
4465 0
4465 0
4465 8.3927104975
4465 8.3927104975
4465 8.3927104975
4465 0
4465 156.3711461
4465 2.572216746
4465 2.572216746
4465 4.018922119
4465 4.018922119
4465 4.018922119
4465 0
4465 3.903436901
4465 3.903436901
4465 0
4465 0
4271 0
4271 93.573127405
4271 93.573127405
4271 93.573127405
4271 93.573127405
4271 0
4271 6.639784089
4271 64.856030344
4271 64.856030344
4271 64.856030344
4271 64.856030344
4271 11.96256282
4271 11.96256282
4271 11.96256282
4271 11.96256282
4271 11.96256282
4271 0
4271 0
4271 0
4271 0
4271 0
4271 0
4271 8.3927104975
4271 8.3927104975
4271 8.3927104975
4271 0
4271 156.3711461
4271 2.572216746
4271 2.572216746
4271 4.018922119
4271 4.018922119
4271 4.018922119
4271 0
4271 3.903436901
4271 3.903436901
4271 0
4271 0
4309 0
4309 93.573127405
4309 93.573127405
4309 93.573127405
4309 93.573127405
4309 0
4309 6.639784089
4309 64.856030344
4309 64.856030344
4309 64.856030344
4309 64.856030344
4309 11.96256282
4309 11.96256282
4309 11.96256282
4309 11.96256282
4309 11.96256282
4309 0
4309 0
4309 0
4309 0
4309 0
4309 0
4309 8.3927104975
4309 8.3927104975
4309 8.3927104975
4309 0
4309 156.3711461
4309 2.572216746
4309 2.572216746
4309 4.018922119
4309 4.018922119
4309 4.018922119
4309 0
4309 3.903436901
4309 3.903436901
4309 0
4309 0
4349 0
4349 93.573127405
4349 93.573127405
4349 93.573127405
4349 93.573127405
4349 0
4349 6.639784089
4349 64.856030344
4349 64.856030344
4349 64.856030344
4349 64.856030344
4349 11.96256282
4349 11.96256282
4349 11.96256282
4349 11.96256282
4349 11.96256282
4349 0
4349 0
4349 0
4349 0
4349 0
4349 0
4349 8.3927104975
4349 8.3927104975
4349 8.3927104975
4349 0
4349 156.3711461
4349 2.572216746
4349 2.572216746
4349 4.018922119
4349 4.018922119
4349 4.018922119
4349 0
4349 3.903436901
4349 3.903436901
4349 0
4349 0
4390 0
4390 93.573127405
4390 93.573127405
4390 93.573127405
4390 93.573127405
4390 0
4390 6.639784089
4390 64.856030344
4390 64.856030344
4390 64.856030344
4390 64.856030344
4390 11.96256282
4390 11.96256282
4390 11.96256282
4390 11.96256282
4390 11.96256282
4390 0
4390 0
4390 0
4390 0
4390 0
4390 0
4390 8.3927104975
4390 8.3927104975
4390 8.3927104975
4390 0
4390 156.3711461
4390 2.572216746
4390 2.572216746
4390 4.018922119
4390 4.018922119
4390 4.018922119
4390 0
4390 3.903436901
4390 3.903436901
4390 0
4390 0
4428 0
4428 93.573127405
4428 93.573127405
4428 93.573127405
4428 93.573127405
4428 0
4428 6.639784089
4428 64.856030344
4428 64.856030344
4428 64.856030344
4428 64.856030344
4428 11.96256282
4428 11.96256282
4428 11.96256282
4428 11.96256282
4428 11.96256282
4428 0
4428 0
4428 0
4428 0
4428 0
4428 0
4428 8.3927104975
4428 8.3927104975
4428 8.3927104975
4428 0
4428 156.3711461
4428 2.572216746
4428 2.572216746
4428 4.018922119
4428 4.018922119
4428 4.018922119
4428 0
4428 3.903436901
4428 3.903436901
4428 0
4428 0
4466 0
4466 93.573127405
4466 93.573127405
4466 93.573127405
4466 93.573127405
4466 0
4466 6.639784089
4466 64.856030344
4466 64.856030344
4466 64.856030344
4466 64.856030344
4466 11.96256282
4466 11.96256282
4466 11.96256282
4466 11.96256282
4466 11.96256282
4466 0
4466 0
4466 0
4466 0
4466 0
4466 0
4466 8.3927104975
4466 8.3927104975
4466 8.3927104975
4466 0
4466 156.3711461
4466 2.572216746
4466 2.572216746
4466 4.018922119
4466 4.018922119
4466 4.018922119
4466 0
4466 3.903436901
4466 3.903436901
4466 0
4466 0
4501 0
4501 93.573127405
4501 93.573127405
4501 93.573127405
4501 93.573127405
4501 0
4501 6.639784089
4501 64.856030344
4501 64.856030344
4501 64.856030344
4501 64.856030344
4501 11.96256282
4501 11.96256282
4501 11.96256282
4501 11.96256282
4501 11.96256282
4501 0
4501 0
4501 0
4501 0
4501 0
4501 0
4501 8.3927104975
4501 8.3927104975
4501 8.3927104975
4501 0
4501 156.3711461
4501 2.572216746
4501 2.572216746
4501 4.018922119
4501 4.018922119
4501 4.018922119
4501 0
4501 3.903436901
4501 3.903436901
4501 0
4501 0
4537 0
4537 93.573127405
4537 93.573127405
4537 93.573127405
4537 93.573127405
4537 0
4537 6.639784089
4537 64.856030344
4537 64.856030344
4537 64.856030344
4537 64.856030344
4537 11.96256282
4537 11.96256282
4537 11.96256282
4537 11.96256282
4537 11.96256282
4537 0
4537 0
4537 0
4537 0
4537 0
4537 0
4537 8.3927104975
4537 8.3927104975
4537 8.3927104975
4537 0
4537 156.3711461
4537 2.572216746
4537 2.572216746
4537 4.018922119
4537 4.018922119
4537 4.018922119
4537 0
4537 3.903436901
4537 3.903436901
4537 0
4537 0
4575 0
4575 93.573127405
4575 93.573127405
4575 93.573127405
4575 93.573127405
4575 0
4575 6.639784089
4575 64.856030344
4575 64.856030344
4575 64.856030344
4575 64.856030344
4575 11.96256282
4575 11.96256282
4575 11.96256282
4575 11.96256282
4575 11.96256282
4575 0
4575 0
4575 0
4575 0
4575 0
4575 0
4575 8.3927104975
4575 8.3927104975
4575 8.3927104975
4575 0
4575 156.3711461
4575 2.572216746
4575 2.572216746
4575 4.018922119
4575 4.018922119
4575 4.018922119
4575 0
4575 3.903436901
4575 3.903436901
4575 0
4575 0
4614 0
4614 93.573127405
4614 93.573127405
4614 93.573127405
4614 93.573127405
4614 0
4614 6.639784089
4614 64.856030344
4614 64.856030344
4614 64.856030344
4614 64.856030344
4614 11.96256282
4614 11.96256282
4614 11.96256282
4614 11.96256282
4614 11.96256282
4614 0
4614 0
4614 0
4614 0
4614 0
4614 0
4614 8.3927104975
4614 8.3927104975
4614 8.3927104975
4614 0
4614 156.3711461
4614 2.572216746
4614 2.572216746
4614 4.018922119
4614 4.018922119
4614 4.018922119
4614 0
4614 3.903436901
4614 3.903436901
4614 0
4614 0
4653 0
4653 93.573127405
4653 93.573127405
4653 93.573127405
4653 93.573127405
4653 0
4653 6.639784089
4653 64.856030344
4653 64.856030344
4653 64.856030344
4653 64.856030344
4653 11.96256282
4653 11.96256282
4653 11.96256282
4653 11.96256282
4653 11.96256282
4653 0
4653 0
4653 0
4653 0
4653 0
4653 0
4653 8.3927104975
4653 8.3927104975
4653 8.3927104975
4653 0
4653 156.3711461
4653 2.572216746
4653 2.572216746
4653 4.018922119
4653 4.018922119
4653 4.018922119
4653 0
4653 3.903436901
4653 3.903436901
4653 0
4653 0
4310 0
4310 93.573127405
4310 93.573127405
4310 93.573127405
4310 93.573127405
4310 0
4310 6.639784089
4310 64.856030344
4310 64.856030344
4310 64.856030344
4310 64.856030344
4310 11.96256282
4310 11.96256282
4310 11.96256282
4310 11.96256282
4310 11.96256282
4310 0
4310 0
4310 0
4310 0
4310 0
4310 0
4310 8.3927104975
4310 8.3927104975
4310 8.3927104975
4310 0
4310 156.3711461
4310 2.572216746
4310 2.572216746
4310 4.018922119
4310 4.018922119
4310 4.018922119
4310 0
4310 3.903436901
4310 3.903436901
4310 0
4310 0
4350 0
4350 93.573127405
4350 93.573127405
4350 93.573127405
4350 93.573127405
4350 0
4350 6.639784089
4350 64.856030344
4350 64.856030344
4350 64.856030344
4350 64.856030344
4350 11.96256282
4350 11.96256282
4350 11.96256282
4350 11.96256282
4350 11.96256282
4350 0
4350 0
4350 0
4350 0
4350 0
4350 0
4350 8.3927104975
4350 8.3927104975
4350 8.3927104975
4350 0
4350 156.3711461
4350 2.572216746
4350 2.572216746
4350 4.018922119
4350 4.018922119
4350 4.018922119
4350 0
4350 3.903436901
4350 3.903436901
4350 0
4350 0
4391 0
4391 93.573127405
4391 93.573127405
4391 93.573127405
4391 93.573127405
4391 0
4391 6.639784089
4391 64.856030344
4391 64.856030344
4391 64.856030344
4391 64.856030344
4391 11.96256282
4391 11.96256282
4391 11.96256282
4391 11.96256282
4391 11.96256282
4391 0
4391 0
4391 0
4391 0
4391 0
4391 0
4391 8.3927104975
4391 8.3927104975
4391 8.3927104975
4391 0
4391 156.3711461
4391 2.572216746
4391 2.572216746
4391 4.018922119
4391 4.018922119
4391 4.018922119
4391 0
4391 3.903436901
4391 3.903436901
4391 0
4391 0
4429 0
4429 93.573127405
4429 93.573127405
4429 93.573127405
4429 93.573127405
4429 0
4429 6.639784089
4429 64.856030344
4429 64.856030344
4429 64.856030344
4429 64.856030344
4429 11.96256282
4429 11.96256282
4429 11.96256282
4429 11.96256282
4429 11.96256282
4429 0
4429 0
4429 0
4429 0
4429 0
4429 0
4429 8.3927104975
4429 8.3927104975
4429 8.3927104975
4429 0
4429 156.3711461
4429 2.572216746
4429 2.572216746
4429 4.018922119
4429 4.018922119
4429 4.018922119
4429 0
4429 3.903436901
4429 3.903436901
4429 0
4429 0
4467 0
4467 93.573127405
4467 93.573127405
4467 93.573127405
4467 93.573127405
4467 0
4467 6.639784089
4467 64.856030344
4467 64.856030344
4467 64.856030344
4467 64.856030344
4467 11.96256282
4467 11.96256282
4467 11.96256282
4467 11.96256282
4467 11.96256282
4467 0
4467 0
4467 0
4467 0
4467 0
4467 0
4467 8.3927104975
4467 8.3927104975
4467 8.3927104975
4467 0
4467 156.3711461
4467 2.572216746
4467 2.572216746
4467 4.018922119
4467 4.018922119
4467 4.018922119
4467 0
4467 3.903436901
4467 3.903436901
4467 0
4467 0
4502 0
4502 93.573127405
4502 93.573127405
4502 93.573127405
4502 93.573127405
4502 0
4502 6.639784089
4502 64.856030344
4502 64.856030344
4502 64.856030344
4502 64.856030344
4502 11.96256282
4502 11.96256282
4502 11.96256282
4502 11.96256282
4502 11.96256282
4502 0
4502 0
4502 0
4502 0
4502 0
4502 0
4502 8.3927104975
4502 8.3927104975
4502 8.3927104975
4502 0
4502 156.3711461
4502 2.572216746
4502 2.572216746
4502 4.018922119
4502 4.018922119
4502 4.018922119
4502 0
4502 3.903436901
4502 3.903436901
4502 0
4502 0
4538 0
4538 93.573127405
4538 93.573127405
4538 93.573127405
4538 93.573127405
4538 0
4538 6.639784089
4538 64.856030344
4538 64.856030344
4538 64.856030344
4538 64.856030344
4538 11.96256282
4538 11.96256282
4538 11.96256282
4538 11.96256282
4538 11.96256282
4538 0
4538 0
4538 0
4538 0
4538 0
4538 0
4538 8.3927104975
4538 8.3927104975
4538 8.3927104975
4538 0
4538 156.3711461
4538 2.572216746
4538 2.572216746
4538 4.018922119
4538 4.018922119
4538 4.018922119
4538 0
4538 3.903436901
4538 3.903436901
4538 0
4538 0
4576 0
4576 93.573127405
4576 93.573127405
4576 93.573127405
4576 93.573127405
4576 0
4576 6.639784089
4576 64.856030344
4576 64.856030344
4576 64.856030344
4576 64.856030344
4576 11.96256282
4576 11.96256282
4576 11.96256282
4576 11.96256282
4576 11.96256282
4576 0
4576 0
4576 0
4576 0
4576 0
4576 0
4576 8.3927104975
4576 8.3927104975
4576 8.3927104975
4576 0
4576 156.3711461
4576 2.572216746
4576 2.572216746
4576 4.018922119
4576 4.018922119
4576 4.018922119
4576 0
4576 3.903436901
4576 3.903436901
4576 0
4576 0
4615 0
4615 93.573127405
4615 93.573127405
4615 93.573127405
4615 93.573127405
4615 0
4615 6.639784089
4615 64.856030344
4615 64.856030344
4615 64.856030344
4615 64.856030344
4615 11.96256282
4615 11.96256282
4615 11.96256282
4615 11.96256282
4615 11.96256282
4615 0
4615 0
4615 0
4615 0
4615 0
4615 0
4615 8.3927104975
4615 8.3927104975
4615 8.3927104975
4615 0
4615 156.3711461
4615 2.572216746
4615 2.572216746
4615 4.018922119
4615 4.018922119
4615 4.018922119
4615 0
4615 3.903436901
4615 3.903436901
4615 0
4615 0
4654 0
4654 93.573127405
4654 93.573127405
4654 93.573127405
4654 93.573127405
4654 0
4654 6.639784089
4654 64.856030344
4654 64.856030344
4654 64.856030344
4654 64.856030344
4654 11.96256282
4654 11.96256282
4654 11.96256282
4654 11.96256282
4654 11.96256282
4654 0
4654 0
4654 0
4654 0
4654 0
4654 0
4654 8.3927104975
4654 8.3927104975
4654 8.3927104975
4654 0
4654 156.3711461
4654 2.572216746
4654 2.572216746
4654 4.018922119
4654 4.018922119
4654 4.018922119
4654 0
4654 3.903436901
4654 3.903436901
4654 0
4654 0
4693 0
4693 93.573127405
4693 93.573127405
4693 93.573127405
4693 93.573127405
4693 0
4693 6.639784089
4693 64.856030344
4693 64.856030344
4693 64.856030344
4693 64.856030344
4693 11.96256282
4693 11.96256282
4693 11.96256282
4693 11.96256282
4693 11.96256282
4693 0
4693 0
4693 0
4693 0
4693 0
4693 0
4693 8.3927104975
4693 8.3927104975
4693 8.3927104975
4693 0
4693 156.3711461
4693 2.572216746
4693 2.572216746
4693 4.018922119
4693 4.018922119
4693 4.018922119
4693 0
4693 3.903436901
4693 3.903436901
4693 0
4693 0
4734 0
4734 93.573127405
4734 93.573127405
4734 93.573127405
4734 93.573127405
4734 0
4734 6.639784089
4734 64.856030344
4734 64.856030344
4734 64.856030344
4734 64.856030344
4734 11.96256282
4734 11.96256282
4734 11.96256282
4734 11.96256282
4734 11.96256282
4734 0
4734 0
4734 0
4734 0
4734 0
4734 0
4734 8.3927104975
4734 8.3927104975
4734 8.3927104975
4734 0
4734 156.3711461
4734 2.572216746
4734 2.572216746
4734 4.018922119
4734 4.018922119
4734 4.018922119
4734 0
4734 3.903436901
4734 3.903436901
4734 0
4734 0
4311 0
4311 93.573127405
4311 93.573127405
4311 93.573127405
4311 93.573127405
4311 0
4311 6.639784089
4311 64.856030344
4311 64.856030344
4311 64.856030344
4311 64.856030344
4311 11.96256282
4311 11.96256282
4311 11.96256282
4311 11.96256282
4311 11.96256282
4311 0
4311 0
4311 0
4311 0
4311 0
4311 0
4311 8.3927104975
4311 8.3927104975
4311 8.3927104975
4311 0
4311 156.3711461
4311 2.572216746
4311 2.572216746
4311 4.018922119
4311 4.018922119
4311 4.018922119
4311 0
4311 3.903436901
4311 3.903436901
4311 0
4311 0
4351 0
4351 93.573127405
4351 93.573127405
4351 93.573127405
4351 93.573127405
4351 0
4351 6.639784089
4351 64.856030344
4351 64.856030344
4351 64.856030344
4351 64.856030344
4351 11.96256282
4351 11.96256282
4351 11.96256282
4351 11.96256282
4351 11.96256282
4351 0
4351 0
4351 0
4351 0
4351 0
4351 0
4351 8.3927104975
4351 8.3927104975
4351 8.3927104975
4351 0
4351 156.3711461
4351 2.572216746
4351 2.572216746
4351 4.018922119
4351 4.018922119
4351 4.018922119
4351 0
4351 3.903436901
4351 3.903436901
4351 0
4351 0
4392 0
4392 93.573127405
4392 93.573127405
4392 93.573127405
4392 93.573127405
4392 0
4392 6.639784089
4392 64.856030344
4392 64.856030344
4392 64.856030344
4392 64.856030344
4392 11.96256282
4392 11.96256282
4392 11.96256282
4392 11.96256282
4392 11.96256282
4392 0
4392 0
4392 0
4392 0
4392 0
4392 0
4392 8.3927104975
4392 8.3927104975
4392 8.3927104975
4392 0
4392 156.3711461
4392 2.572216746
4392 2.572216746
4392 4.018922119
4392 4.018922119
4392 4.018922119
4392 0
4392 3.903436901
4392 3.903436901
4392 0
4392 0
4430 0
4430 93.573127405
4430 93.573127405
4430 93.573127405
4430 93.573127405
4430 0
4430 6.639784089
4430 64.856030344
4430 64.856030344
4430 64.856030344
4430 64.856030344
4430 11.96256282
4430 11.96256282
4430 11.96256282
4430 11.96256282
4430 11.96256282
4430 0
4430 0
4430 0
4430 0
4430 0
4430 0
4430 8.3927104975
4430 8.3927104975
4430 8.3927104975
4430 0
4430 156.3711461
4430 2.572216746
4430 2.572216746
4430 4.018922119
4430 4.018922119
4430 4.018922119
4430 0
4430 3.903436901
4430 3.903436901
4430 0
4430 0
4468 0
4468 93.573127405
4468 93.573127405
4468 93.573127405
4468 93.573127405
4468 0
4468 6.639784089
4468 64.856030344
4468 64.856030344
4468 64.856030344
4468 64.856030344
4468 11.96256282
4468 11.96256282
4468 11.96256282
4468 11.96256282
4468 11.96256282
4468 0
4468 0
4468 0
4468 0
4468 0
4468 0
4468 8.3927104975
4468 8.3927104975
4468 8.3927104975
4468 0
4468 156.3711461
4468 2.572216746
4468 2.572216746
4468 4.018922119
4468 4.018922119
4468 4.018922119
4468 0
4468 3.903436901
4468 3.903436901
4468 0
4468 0
4503 0
4503 93.573127405
4503 93.573127405
4503 93.573127405
4503 93.573127405
4503 0
4503 6.639784089
4503 64.856030344
4503 64.856030344
4503 64.856030344
4503 64.856030344
4503 11.96256282
4503 11.96256282
4503 11.96256282
4503 11.96256282
4503 11.96256282
4503 0
4503 0
4503 0
4503 0
4503 0
4503 0
4503 8.3927104975
4503 8.3927104975
4503 8.3927104975
4503 0
4503 156.3711461
4503 2.572216746
4503 2.572216746
4503 4.018922119
4503 4.018922119
4503 4.018922119
4503 0
4503 3.903436901
4503 3.903436901
4503 0
4503 0
4539 0
4539 93.573127405
4539 93.573127405
4539 93.573127405
4539 93.573127405
4539 0
4539 6.639784089
4539 64.856030344
4539 64.856030344
4539 64.856030344
4539 64.856030344
4539 11.96256282
4539 11.96256282
4539 11.96256282
4539 11.96256282
4539 11.96256282
4539 0
4539 0
4539 0
4539 0
4539 0
4539 0
4539 8.3927104975
4539 8.3927104975
4539 8.3927104975
4539 0
4539 156.3711461
4539 2.572216746
4539 2.572216746
4539 4.018922119
4539 4.018922119
4539 4.018922119
4539 0
4539 3.903436901
4539 3.903436901
4539 0
4539 0
4577 0
4577 93.573127405
4577 93.573127405
4577 93.573127405
4577 93.573127405
4577 0
4577 6.639784089
4577 64.856030344
4577 64.856030344
4577 64.856030344
4577 64.856030344
4577 11.96256282
4577 11.96256282
4577 11.96256282
4577 11.96256282
4577 11.96256282
4577 0
4577 0
4577 0
4577 0
4577 0
4577 0
4577 8.3927104975
4577 8.3927104975
4577 8.3927104975
4577 0
4577 156.3711461
4577 2.572216746
4577 2.572216746
4577 4.018922119
4577 4.018922119
4577 4.018922119
4577 0
4577 3.903436901
4577 3.903436901
4577 0
4577 0
4616 0
4616 93.573127405
4616 93.573127405
4616 93.573127405
4616 93.573127405
4616 0
4616 6.639784089
4616 64.856030344
4616 64.856030344
4616 64.856030344
4616 64.856030344
4616 11.96256282
4616 11.96256282
4616 11.96256282
4616 11.96256282
4616 11.96256282
4616 0
4616 0
4616 0
4616 0
4616 0
4616 0
4616 8.3927104975
4616 8.3927104975
4616 8.3927104975
4616 0
4616 156.3711461
4616 2.572216746
4616 2.572216746
4616 4.018922119
4616 4.018922119
4616 4.018922119
4616 0
4616 3.903436901
4616 3.903436901
4616 0
4616 0
4655 0
4655 93.573127405
4655 93.573127405
4655 93.573127405
4655 93.573127405
4655 0
4655 6.639784089
4655 64.856030344
4655 64.856030344
4655 64.856030344
4655 64.856030344
4655 11.96256282
4655 11.96256282
4655 11.96256282
4655 11.96256282
4655 11.96256282
4655 0
4655 0
4655 0
4655 0
4655 0
4655 0
4655 8.3927104975
4655 8.3927104975
4655 8.3927104975
4655 0
4655 156.3711461
4655 2.572216746
4655 2.572216746
4655 4.018922119
4655 4.018922119
4655 4.018922119
4655 0
4655 3.903436901
4655 3.903436901
4655 0
4655 0
4694 0
4694 93.573127405
4694 93.573127405
4694 93.573127405
4694 93.573127405
4694 0
4694 6.639784089
4694 64.856030344
4694 64.856030344
4694 64.856030344
4694 64.856030344
4694 11.96256282
4694 11.96256282
4694 11.96256282
4694 11.96256282
4694 11.96256282
4694 0
4694 0
4694 0
4694 0
4694 0
4694 0
4694 8.3927104975
4694 8.3927104975
4694 8.3927104975
4694 0
4694 156.3711461
4694 2.572216746
4694 2.572216746
4694 4.018922119
4694 4.018922119
4694 4.018922119
4694 0
4694 3.903436901
4694 3.903436901
4694 0
4694 0
4735 0
4735 93.573127405
4735 93.573127405
4735 93.573127405
4735 93.573127405
4735 0
4735 6.639784089
4735 64.856030344
4735 64.856030344
4735 64.856030344
4735 64.856030344
4735 11.96256282
4735 11.96256282
4735 11.96256282
4735 11.96256282
4735 11.96256282
4735 0
4735 0
4735 0
4735 0
4735 0
4735 0
4735 8.3927104975
4735 8.3927104975
4735 8.3927104975
4735 0
4735 156.3711461
4735 2.572216746
4735 2.572216746
4735 4.018922119
4735 4.018922119
4735 4.018922119
4735 0
4735 3.903436901
4735 3.903436901
4735 0
4735 0
4772 0
4772 93.573127405
4772 93.573127405
4772 93.573127405
4772 93.573127405
4772 0
4772 6.639784089
4772 64.856030344
4772 64.856030344
4772 64.856030344
4772 64.856030344
4772 11.96256282
4772 11.96256282
4772 11.96256282
4772 11.96256282
4772 11.96256282
4772 0
4772 0
4772 0
4772 0
4772 0
4772 0
4772 8.3927104975
4772 8.3927104975
4772 8.3927104975
4772 0
4772 156.3711461
4772 2.572216746
4772 2.572216746
4772 4.018922119
4772 4.018922119
4772 4.018922119
4772 0
4772 3.903436901
4772 3.903436901
4772 0
4772 0
4808 0
4808 93.573127405
4808 93.573127405
4808 93.573127405
4808 93.573127405
4808 0
4808 6.639784089
4808 64.856030344
4808 64.856030344
4808 64.856030344
4808 64.856030344
4808 11.96256282
4808 11.96256282
4808 11.96256282
4808 11.96256282
4808 11.96256282
4808 0
4808 0
4808 0
4808 0
4808 0
4808 0
4808 8.3927104975
4808 8.3927104975
4808 8.3927104975
4808 0
4808 156.3711461
4808 2.572216746
4808 2.572216746
4808 4.018922119
4808 4.018922119
4808 4.018922119
4808 0
4808 3.903436901
4808 3.903436901
4808 0
4808 0
4842 0
4842 93.573127405
4842 93.573127405
4842 93.573127405
4842 93.573127405
4842 0
4842 6.639784089
4842 64.856030344
4842 64.856030344
4842 64.856030344
4842 64.856030344
4842 11.96256282
4842 11.96256282
4842 11.96256282
4842 11.96256282
4842 11.96256282
4842 0
4842 0
4842 0
4842 0
4842 0
4842 0
4842 8.3927104975
4842 8.3927104975
4842 8.3927104975
4842 0
4842 156.3711461
4842 2.572216746
4842 2.572216746
4842 4.018922119
4842 4.018922119
4842 4.018922119
4842 0
4842 3.903436901
4842 3.903436901
4842 0
4842 0
4393 0
4393 93.573127405
4393 93.573127405
4393 93.573127405
4393 93.573127405
4393 0
4393 6.639784089
4393 64.856030344
4393 64.856030344
4393 64.856030344
4393 64.856030344
4393 11.96256282
4393 11.96256282
4393 11.96256282
4393 11.96256282
4393 11.96256282
4393 0
4393 0
4393 0
4393 0
4393 0
4393 0
4393 8.3927104975
4393 8.3927104975
4393 8.3927104975
4393 0
4393 156.3711461
4393 2.572216746
4393 2.572216746
4393 4.018922119
4393 4.018922119
4393 4.018922119
4393 0
4393 3.903436901
4393 3.903436901
4393 0
4393 0
4431 0
4431 93.573127405
4431 93.573127405
4431 93.573127405
4431 93.573127405
4431 0
4431 6.639784089
4431 64.856030344
4431 64.856030344
4431 64.856030344
4431 64.856030344
4431 11.96256282
4431 11.96256282
4431 11.96256282
4431 11.96256282
4431 11.96256282
4431 0
4431 0
4431 0
4431 0
4431 0
4431 0
4431 8.3927104975
4431 8.3927104975
4431 8.3927104975
4431 0
4431 156.3711461
4431 2.572216746
4431 2.572216746
4431 4.018922119
4431 4.018922119
4431 4.018922119
4431 0
4431 3.903436901
4431 3.903436901
4431 0
4431 0
4469 0
4469 93.573127405
4469 93.573127405
4469 93.573127405
4469 93.573127405
4469 0
4469 6.639784089
4469 64.856030344
4469 64.856030344
4469 64.856030344
4469 64.856030344
4469 11.96256282
4469 11.96256282
4469 11.96256282
4469 11.96256282
4469 11.96256282
4469 0
4469 0
4469 0
4469 0
4469 0
4469 0
4469 8.3927104975
4469 8.3927104975
4469 8.3927104975
4469 0
4469 156.3711461
4469 2.572216746
4469 2.572216746
4469 4.018922119
4469 4.018922119
4469 4.018922119
4469 0
4469 3.903436901
4469 3.903436901
4469 0
4469 0
4504 0
4504 93.573127405
4504 93.573127405
4504 93.573127405
4504 93.573127405
4504 0
4504 6.639784089
4504 64.856030344
4504 64.856030344
4504 64.856030344
4504 64.856030344
4504 11.96256282
4504 11.96256282
4504 11.96256282
4504 11.96256282
4504 11.96256282
4504 0
4504 0
4504 0
4504 0
4504 0
4504 0
4504 8.3927104975
4504 8.3927104975
4504 8.3927104975
4504 0
4504 156.3711461
4504 2.572216746
4504 2.572216746
4504 4.018922119
4504 4.018922119
4504 4.018922119
4504 0
4504 3.903436901
4504 3.903436901
4504 0
4504 0
4540 0
4540 93.573127405
4540 93.573127405
4540 93.573127405
4540 93.573127405
4540 0
4540 6.639784089
4540 64.856030344
4540 64.856030344
4540 64.856030344
4540 64.856030344
4540 11.96256282
4540 11.96256282
4540 11.96256282
4540 11.96256282
4540 11.96256282
4540 0
4540 0
4540 0
4540 0
4540 0
4540 0
4540 8.3927104975
4540 8.3927104975
4540 8.3927104975
4540 0
4540 156.3711461
4540 2.572216746
4540 2.572216746
4540 4.018922119
4540 4.018922119
4540 4.018922119
4540 0
4540 3.903436901
4540 3.903436901
4540 0
4540 0
4578 0
4578 93.573127405
4578 93.573127405
4578 93.573127405
4578 93.573127405
4578 0
4578 6.639784089
4578 64.856030344
4578 64.856030344
4578 64.856030344
4578 64.856030344
4578 11.96256282
4578 11.96256282
4578 11.96256282
4578 11.96256282
4578 11.96256282
4578 0
4578 0
4578 0
4578 0
4578 0
4578 0
4578 8.3927104975
4578 8.3927104975
4578 8.3927104975
4578 0
4578 156.3711461
4578 2.572216746
4578 2.572216746
4578 4.018922119
4578 4.018922119
4578 4.018922119
4578 0
4578 3.903436901
4578 3.903436901
4578 0
4578 0
4617 0
4617 93.573127405
4617 93.573127405
4617 93.573127405
4617 93.573127405
4617 0
4617 6.639784089
4617 64.856030344
4617 64.856030344
4617 64.856030344
4617 64.856030344
4617 11.96256282
4617 11.96256282
4617 11.96256282
4617 11.96256282
4617 11.96256282
4617 0
4617 0
4617 0
4617 0
4617 0
4617 0
4617 8.3927104975
4617 8.3927104975
4617 8.3927104975
4617 0
4617 156.3711461
4617 2.572216746
4617 2.572216746
4617 4.018922119
4617 4.018922119
4617 4.018922119
4617 0
4617 3.903436901
4617 3.903436901
4617 0
4617 0
4656 0
4656 93.573127405
4656 93.573127405
4656 93.573127405
4656 93.573127405
4656 0
4656 6.639784089
4656 64.856030344
4656 64.856030344
4656 64.856030344
4656 64.856030344
4656 11.96256282
4656 11.96256282
4656 11.96256282
4656 11.96256282
4656 11.96256282
4656 0
4656 0
4656 0
4656 0
4656 0
4656 0
4656 8.3927104975
4656 8.3927104975
4656 8.3927104975
4656 0
4656 156.3711461
4656 2.572216746
4656 2.572216746
4656 4.018922119
4656 4.018922119
4656 4.018922119
4656 0
4656 3.903436901
4656 3.903436901
4656 0
4656 0
4695 0
4695 93.573127405
4695 93.573127405
4695 93.573127405
4695 93.573127405
4695 0
4695 6.639784089
4695 64.856030344
4695 64.856030344
4695 64.856030344
4695 64.856030344
4695 11.96256282
4695 11.96256282
4695 11.96256282
4695 11.96256282
4695 11.96256282
4695 0
4695 0
4695 0
4695 0
4695 0
4695 0
4695 8.3927104975
4695 8.3927104975
4695 8.3927104975
4695 0
4695 156.3711461
4695 2.572216746
4695 2.572216746
4695 4.018922119
4695 4.018922119
4695 4.018922119
4695 0
4695 3.903436901
4695 3.903436901
4695 0
4695 0
4736 0
4736 93.573127405
4736 93.573127405
4736 93.573127405
4736 93.573127405
4736 0
4736 6.639784089
4736 64.856030344
4736 64.856030344
4736 64.856030344
4736 64.856030344
4736 11.96256282
4736 11.96256282
4736 11.96256282
4736 11.96256282
4736 11.96256282
4736 0
4736 0
4736 0
4736 0
4736 0
4736 0
4736 8.3927104975
4736 8.3927104975
4736 8.3927104975
4736 0
4736 156.3711461
4736 2.572216746
4736 2.572216746
4736 4.018922119
4736 4.018922119
4736 4.018922119
4736 0
4736 3.903436901
4736 3.903436901
4736 0
4736 0
4773 0
4773 93.573127405
4773 93.573127405
4773 93.573127405
4773 93.573127405
4773 0
4773 6.639784089
4773 64.856030344
4773 64.856030344
4773 64.856030344
4773 64.856030344
4773 11.96256282
4773 11.96256282
4773 11.96256282
4773 11.96256282
4773 11.96256282
4773 0
4773 0
4773 0
4773 0
4773 0
4773 0
4773 8.3927104975
4773 8.3927104975
4773 8.3927104975
4773 0
4773 156.3711461
4773 2.572216746
4773 2.572216746
4773 4.018922119
4773 4.018922119
4773 4.018922119
4773 0
4773 3.903436901
4773 3.903436901
4773 0
4773 0
4809 0
4809 93.573127405
4809 93.573127405
4809 93.573127405
4809 93.573127405
4809 0
4809 6.639784089
4809 64.856030344
4809 64.856030344
4809 64.856030344
4809 64.856030344
4809 11.96256282
4809 11.96256282
4809 11.96256282
4809 11.96256282
4809 11.96256282
4809 0
4809 0
4809 0
4809 0
4809 0
4809 0
4809 8.3927104975
4809 8.3927104975
4809 8.3927104975
4809 0
4809 156.3711461
4809 2.572216746
4809 2.572216746
4809 4.018922119
4809 4.018922119
4809 4.018922119
4809 0
4809 3.903436901
4809 3.903436901
4809 0
4809 0
4843 0
4843 93.573127405
4843 93.573127405
4843 93.573127405
4843 93.573127405
4843 0
4843 6.639784089
4843 64.856030344
4843 64.856030344
4843 64.856030344
4843 64.856030344
4843 11.96256282
4843 11.96256282
4843 11.96256282
4843 11.96256282
4843 11.96256282
4843 0
4843 0
4843 0
4843 0
4843 0
4843 0
4843 8.3927104975
4843 8.3927104975
4843 8.3927104975
4843 0
4843 156.3711461
4843 2.572216746
4843 2.572216746
4843 4.018922119
4843 4.018922119
4843 4.018922119
4843 0
4843 3.903436901
4843 3.903436901
4843 0
4843 0
4876 0
4876 93.573127405
4876 93.573127405
4876 93.573127405
4876 93.573127405
4876 0
4876 6.639784089
4876 64.856030344
4876 64.856030344
4876 64.856030344
4876 64.856030344
4876 11.96256282
4876 11.96256282
4876 11.96256282
4876 11.96256282
4876 11.96256282
4876 0
4876 0
4876 0
4876 0
4876 0
4876 0
4876 8.3927104975
4876 8.3927104975
4876 8.3927104975
4876 0
4876 156.3711461
4876 2.572216746
4876 2.572216746
4876 4.018922119
4876 4.018922119
4876 4.018922119
4876 0
4876 3.903436901
4876 3.903436901
4876 0
4876 0
4273 0
4273 93.573127405
4273 93.573127405
4273 93.573127405
4273 93.573127405
4273 0
4273 6.639784089
4273 64.856030344
4273 64.856030344
4273 64.856030344
4273 64.856030344
4273 11.96256282
4273 11.96256282
4273 11.96256282
4273 11.96256282
4273 11.96256282
4273 0
4273 0
4273 0
4273 0
4273 0
4273 0
4273 8.3927104975
4273 8.3927104975
4273 8.3927104975
4273 0
4273 156.3711461
4273 2.572216746
4273 2.572216746
4273 4.018922119
4273 4.018922119
4273 4.018922119
4273 0
4273 3.903436901
4273 3.903436901
4273 0
4273 0
4618 0
4618 93.573127405
4618 93.573127405
4618 93.573127405
4618 93.573127405
4618 0
4618 6.639784089
4618 64.856030344
4618 64.856030344
4618 64.856030344
4618 64.856030344
4618 11.96256282
4618 11.96256282
4618 11.96256282
4618 11.96256282
4618 11.96256282
4618 0
4618 0
4618 0
4618 0
4618 0
4618 0
4618 8.3927104975
4618 8.3927104975
4618 8.3927104975
4618 0
4618 156.3711461
4618 2.572216746
4618 2.572216746
4618 4.018922119
4618 4.018922119
4618 4.018922119
4618 0
4618 3.903436901
4618 3.903436901
4618 0
4618 0
4657 0
4657 93.573127405
4657 93.573127405
4657 93.573127405
4657 93.573127405
4657 0
4657 6.639784089
4657 64.856030344
4657 64.856030344
4657 64.856030344
4657 64.856030344
4657 11.96256282
4657 11.96256282
4657 11.96256282
4657 11.96256282
4657 11.96256282
4657 0
4657 0
4657 0
4657 0
4657 0
4657 0
4657 8.3927104975
4657 8.3927104975
4657 8.3927104975
4657 0
4657 156.3711461
4657 2.572216746
4657 2.572216746
4657 4.018922119
4657 4.018922119
4657 4.018922119
4657 0
4657 3.903436901
4657 3.903436901
4657 0
4657 0
4696 0
4696 93.573127405
4696 93.573127405
4696 93.573127405
4696 93.573127405
4696 0
4696 6.639784089
4696 64.856030344
4696 64.856030344
4696 64.856030344
4696 64.856030344
4696 11.96256282
4696 11.96256282
4696 11.96256282
4696 11.96256282
4696 11.96256282
4696 0
4696 0
4696 0
4696 0
4696 0
4696 0
4696 8.3927104975
4696 8.3927104975
4696 8.3927104975
4696 0
4696 156.3711461
4696 2.572216746
4696 2.572216746
4696 4.018922119
4696 4.018922119
4696 4.018922119
4696 0
4696 3.903436901
4696 3.903436901
4696 0
4696 0
4737 0
4737 93.573127405
4737 93.573127405
4737 93.573127405
4737 93.573127405
4737 0
4737 6.639784089
4737 64.856030344
4737 64.856030344
4737 64.856030344
4737 64.856030344
4737 11.96256282
4737 11.96256282
4737 11.96256282
4737 11.96256282
4737 11.96256282
4737 0
4737 0
4737 0
4737 0
4737 0
4737 0
4737 8.3927104975
4737 8.3927104975
4737 8.3927104975
4737 0
4737 156.3711461
4737 2.572216746
4737 2.572216746
4737 4.018922119
4737 4.018922119
4737 4.018922119
4737 0
4737 3.903436901
4737 3.903436901
4737 0
4737 0
4774 0
4774 93.573127405
4774 93.573127405
4774 93.573127405
4774 93.573127405
4774 0
4774 6.639784089
4774 64.856030344
4774 64.856030344
4774 64.856030344
4774 64.856030344
4774 11.96256282
4774 11.96256282
4774 11.96256282
4774 11.96256282
4774 11.96256282
4774 0
4774 0
4774 0
4774 0
4774 0
4774 0
4774 8.3927104975
4774 8.3927104975
4774 8.3927104975
4774 0
4774 156.3711461
4774 2.572216746
4774 2.572216746
4774 4.018922119
4774 4.018922119
4774 4.018922119
4774 0
4774 3.903436901
4774 3.903436901
4774 0
4774 0
4810 0
4810 93.573127405
4810 93.573127405
4810 93.573127405
4810 93.573127405
4810 0
4810 6.639784089
4810 64.856030344
4810 64.856030344
4810 64.856030344
4810 64.856030344
4810 11.96256282
4810 11.96256282
4810 11.96256282
4810 11.96256282
4810 11.96256282
4810 0
4810 0
4810 0
4810 0
4810 0
4810 0
4810 8.3927104975
4810 8.3927104975
4810 8.3927104975
4810 0
4810 156.3711461
4810 2.572216746
4810 2.572216746
4810 4.018922119
4810 4.018922119
4810 4.018922119
4810 0
4810 3.903436901
4810 3.903436901
4810 0
4810 0
37035 0
37035 93.573127405
37035 93.573127405
37035 93.573127405
37035 93.573127405
37035 0
37035 6.639784089
37035 64.856030344
37035 64.856030344
37035 64.856030344
37035 64.856030344
37035 11.96256282
37035 11.96256282
37035 11.96256282
37035 11.96256282
37035 11.96256282
37035 0
37035 0
37035 0
37035 0
37035 0
37035 0
37035 8.3927104975
37035 8.3927104975
37035 8.3927104975
37035 0
37035 156.3711461
37035 2.572216746
37035 2.572216746
37035 4.018922119
37035 4.018922119
37035 4.018922119
37035 0
37035 3.903436901
37035 3.903436901
37035 0
37035 0
4313 0
4313 93.573127405
4313 93.573127405
4313 93.573127405
4313 93.573127405
4313 0
4313 6.639784089
4313 64.856030344
4313 64.856030344
4313 64.856030344
4313 64.856030344
4313 11.96256282
4313 11.96256282
4313 11.96256282
4313 11.96256282
4313 11.96256282
4313 0
4313 0
4313 0
4313 0
4313 0
4313 0
4313 8.3927104975
4313 8.3927104975
4313 8.3927104975
4313 0
4313 156.3711461
4313 2.572216746
4313 2.572216746
4313 4.018922119
4313 4.018922119
4313 4.018922119
4313 0
4313 3.903436901
4313 3.903436901
4313 0
4313 0
4353 0
4353 93.573127405
4353 93.573127405
4353 93.573127405
4353 93.573127405
4353 0
4353 6.639784089
4353 64.856030344
4353 64.856030344
4353 64.856030344
4353 64.856030344
4353 11.96256282
4353 11.96256282
4353 11.96256282
4353 11.96256282
4353 11.96256282
4353 0
4353 0
4353 0
4353 0
4353 0
4353 0
4353 8.3927104975
4353 8.3927104975
4353 8.3927104975
4353 0
4353 156.3711461
4353 2.572216746
4353 2.572216746
4353 4.018922119
4353 4.018922119
4353 4.018922119
4353 0
4353 3.903436901
4353 3.903436901
4353 0
4353 0
4505 0
4505 93.573127405
4505 93.573127405
4505 93.573127405
4505 93.573127405
4505 0
4505 6.639784089
4505 64.856030344
4505 64.856030344
4505 64.856030344
4505 64.856030344
4505 11.96256282
4505 11.96256282
4505 11.96256282
4505 11.96256282
4505 11.96256282
4505 0
4505 0
4505 0
4505 0
4505 0
4505 0
4505 8.3927104975
4505 8.3927104975
4505 8.3927104975
4505 0
4505 156.3711461
4505 2.572216746
4505 2.572216746
4505 4.018922119
4505 4.018922119
4505 4.018922119
4505 0
4505 3.903436901
4505 3.903436901
4505 0
4505 0
4541 0
4541 93.573127405
4541 93.573127405
4541 93.573127405
4541 93.573127405
4541 0
4541 6.639784089
4541 64.856030344
4541 64.856030344
4541 64.856030344
4541 64.856030344
4541 11.96256282
4541 11.96256282
4541 11.96256282
4541 11.96256282
4541 11.96256282
4541 0
4541 0
4541 0
4541 0
4541 0
4541 0
4541 8.3927104975
4541 8.3927104975
4541 8.3927104975
4541 0
4541 156.3711461
4541 2.572216746
4541 2.572216746
4541 4.018922119
4541 4.018922119
4541 4.018922119
4541 0
4541 3.903436901
4541 3.903436901
4541 0
4541 0
4579 0
4579 93.573127405
4579 93.573127405
4579 93.573127405
4579 93.573127405
4579 0
4579 6.639784089
4579 64.856030344
4579 64.856030344
4579 64.856030344
4579 64.856030344
4579 11.96256282
4579 11.96256282
4579 11.96256282
4579 11.96256282
4579 11.96256282
4579 0
4579 0
4579 0
4579 0
4579 0
4579 0
4579 8.3927104975
4579 8.3927104975
4579 8.3927104975
4579 0
4579 156.3711461
4579 2.572216746
4579 2.572216746
4579 4.018922119
4579 4.018922119
4579 4.018922119
4579 0
4579 3.903436901
4579 3.903436901
4579 0
4579 0
4619 0
4619 93.573127405
4619 93.573127405
4619 93.573127405
4619 93.573127405
4619 0
4619 6.639784089
4619 64.856030344
4619 64.856030344
4619 64.856030344
4619 64.856030344
4619 11.96256282
4619 11.96256282
4619 11.96256282
4619 11.96256282
4619 11.96256282
4619 0
4619 0
4619 0
4619 0
4619 0
4619 0
4619 8.3927104975
4619 8.3927104975
4619 8.3927104975
4619 0
4619 156.3711461
4619 2.572216746
4619 2.572216746
4619 4.018922119
4619 4.018922119
4619 4.018922119
4619 0
4619 3.903436901
4619 3.903436901
4619 0
4619 0
4658 0
4658 93.573127405
4658 93.573127405
4658 93.573127405
4658 93.573127405
4658 0
4658 6.639784089
4658 64.856030344
4658 64.856030344
4658 64.856030344
4658 64.856030344
4658 11.96256282
4658 11.96256282
4658 11.96256282
4658 11.96256282
4658 11.96256282
4658 0
4658 0
4658 0
4658 0
4658 0
4658 0
4658 8.3927104975
4658 8.3927104975
4658 8.3927104975
4658 0
4658 156.3711461
4658 2.572216746
4658 2.572216746
4658 4.018922119
4658 4.018922119
4658 4.018922119
4658 0
4658 3.903436901
4658 3.903436901
4658 0
4658 0
4697 0
4697 93.573127405
4697 93.573127405
4697 93.573127405
4697 93.573127405
4697 0
4697 6.639784089
4697 64.856030344
4697 64.856030344
4697 64.856030344
4697 64.856030344
4697 11.96256282
4697 11.96256282
4697 11.96256282
4697 11.96256282
4697 11.96256282
4697 0
4697 0
4697 0
4697 0
4697 0
4697 0
4697 8.3927104975
4697 8.3927104975
4697 8.3927104975
4697 0
4697 156.3711461
4697 2.572216746
4697 2.572216746
4697 4.018922119
4697 4.018922119
4697 4.018922119
4697 0
4697 3.903436901
4697 3.903436901
4697 0
4697 0
4738 0
4738 93.573127405
4738 93.573127405
4738 93.573127405
4738 93.573127405
4738 0
4738 6.639784089
4738 64.856030344
4738 64.856030344
4738 64.856030344
4738 64.856030344
4738 11.96256282
4738 11.96256282
4738 11.96256282
4738 11.96256282
4738 11.96256282
4738 0
4738 0
4738 0
4738 0
4738 0
4738 0
4738 8.3927104975
4738 8.3927104975
4738 8.3927104975
4738 0
4738 156.3711461
4738 2.572216746
4738 2.572216746
4738 4.018922119
4738 4.018922119
4738 4.018922119
4738 0
4738 3.903436901
4738 3.903436901
4738 0
4738 0
4775 0
4775 93.573127405
4775 93.573127405
4775 93.573127405
4775 93.573127405
4775 0
4775 6.639784089
4775 64.856030344
4775 64.856030344
4775 64.856030344
4775 64.856030344
4775 11.96256282
4775 11.96256282
4775 11.96256282
4775 11.96256282
4775 11.96256282
4775 0
4775 0
4775 0
4775 0
4775 0
4775 0
4775 8.3927104975
4775 8.3927104975
4775 8.3927104975
4775 0
4775 156.3711461
4775 2.572216746
4775 2.572216746
4775 4.018922119
4775 4.018922119
4775 4.018922119
4775 0
4775 3.903436901
4775 3.903436901
4775 0
4775 0
4811 0
4811 93.573127405
4811 93.573127405
4811 93.573127405
4811 93.573127405
4811 0
4811 6.639784089
4811 64.856030344
4811 64.856030344
4811 64.856030344
4811 64.856030344
4811 11.96256282
4811 11.96256282
4811 11.96256282
4811 11.96256282
4811 11.96256282
4811 0
4811 0
4811 0
4811 0
4811 0
4811 0
4811 8.3927104975
4811 8.3927104975
4811 8.3927104975
4811 0
4811 156.3711461
4811 2.572216746
4811 2.572216746
4811 4.018922119
4811 4.018922119
4811 4.018922119
4811 0
4811 3.903436901
4811 3.903436901
4811 0
4811 0
4314 0
4314 93.573127405
4314 93.573127405
4314 93.573127405
4314 93.573127405
4314 0
4314 6.639784089
4314 64.856030344
4314 64.856030344
4314 64.856030344
4314 64.856030344
4314 11.96256282
4314 11.96256282
4314 11.96256282
4314 11.96256282
4314 11.96256282
4314 0
4314 0
4314 0
4314 0
4314 0
4314 0
4314 8.3927104975
4314 8.3927104975
4314 8.3927104975
4314 0
4314 156.3711461
4314 2.572216746
4314 2.572216746
4314 4.018922119
4314 4.018922119
4314 4.018922119
4314 0
4314 3.903436901
4314 3.903436901
4314 0
4314 0
4354 0
4354 93.573127405
4354 93.573127405
4354 93.573127405
4354 93.573127405
4354 0
4354 6.639784089
4354 64.856030344
4354 64.856030344
4354 64.856030344
4354 64.856030344
4354 11.96256282
4354 11.96256282
4354 11.96256282
4354 11.96256282
4354 11.96256282
4354 0
4354 0
4354 0
4354 0
4354 0
4354 0
4354 8.3927104975
4354 8.3927104975
4354 8.3927104975
4354 0
4354 156.3711461
4354 2.572216746
4354 2.572216746
4354 4.018922119
4354 4.018922119
4354 4.018922119
4354 0
4354 3.903436901
4354 3.903436901
4354 0
4354 0
4394 0
4394 93.573127405
4394 93.573127405
4394 93.573127405
4394 93.573127405
4394 0
4394 6.639784089
4394 64.856030344
4394 64.856030344
4394 64.856030344
4394 64.856030344
4394 11.96256282
4394 11.96256282
4394 11.96256282
4394 11.96256282
4394 11.96256282
4394 0
4394 0
4394 0
4394 0
4394 0
4394 0
4394 8.3927104975
4394 8.3927104975
4394 8.3927104975
4394 0
4394 156.3711461
4394 2.572216746
4394 2.572216746
4394 4.018922119
4394 4.018922119
4394 4.018922119
4394 0
4394 3.903436901
4394 3.903436901
4394 0
4394 0
4432 0
4432 93.573127405
4432 93.573127405
4432 93.573127405
4432 93.573127405
4432 0
4432 6.639784089
4432 64.856030344
4432 64.856030344
4432 64.856030344
4432 64.856030344
4432 11.96256282
4432 11.96256282
4432 11.96256282
4432 11.96256282
4432 11.96256282
4432 0
4432 0
4432 0
4432 0
4432 0
4432 0
4432 8.3927104975
4432 8.3927104975
4432 8.3927104975
4432 0
4432 156.3711461
4432 2.572216746
4432 2.572216746
4432 4.018922119
4432 4.018922119
4432 4.018922119
4432 0
4432 3.903436901
4432 3.903436901
4432 0
4432 0
4470 0
4470 93.573127405
4470 93.573127405
4470 93.573127405
4470 93.573127405
4470 0
4470 6.639784089
4470 64.856030344
4470 64.856030344
4470 64.856030344
4470 64.856030344
4470 11.96256282
4470 11.96256282
4470 11.96256282
4470 11.96256282
4470 11.96256282
4470 0
4470 0
4470 0
4470 0
4470 0
4470 0
4470 8.3927104975
4470 8.3927104975
4470 8.3927104975
4470 0
4470 156.3711461
4470 2.572216746
4470 2.572216746
4470 4.018922119
4470 4.018922119
4470 4.018922119
4470 0
4470 3.903436901
4470 3.903436901
4470 0
4470 0
4506 0
4506 93.573127405
4506 93.573127405
4506 93.573127405
4506 93.573127405
4506 0
4506 6.639784089
4506 64.856030344
4506 64.856030344
4506 64.856030344
4506 64.856030344
4506 11.96256282
4506 11.96256282
4506 11.96256282
4506 11.96256282
4506 11.96256282
4506 0
4506 0
4506 0
4506 0
4506 0
4506 0
4506 8.3927104975
4506 8.3927104975
4506 8.3927104975
4506 0
4506 156.3711461
4506 2.572216746
4506 2.572216746
4506 4.018922119
4506 4.018922119
4506 4.018922119
4506 0
4506 3.903436901
4506 3.903436901
4506 0
4506 0
4542 0
4542 93.573127405
4542 93.573127405
4542 93.573127405
4542 93.573127405
4542 0
4542 6.639784089
4542 64.856030344
4542 64.856030344
4542 64.856030344
4542 64.856030344
4542 11.96256282
4542 11.96256282
4542 11.96256282
4542 11.96256282
4542 11.96256282
4542 0
4542 0
4542 0
4542 0
4542 0
4542 0
4542 8.3927104975
4542 8.3927104975
4542 8.3927104975
4542 0
4542 156.3711461
4542 2.572216746
4542 2.572216746
4542 4.018922119
4542 4.018922119
4542 4.018922119
4542 0
4542 3.903436901
4542 3.903436901
4542 0
4542 0
4580 0
4580 93.573127405
4580 93.573127405
4580 93.573127405
4580 93.573127405
4580 0
4580 6.639784089
4580 64.856030344
4580 64.856030344
4580 64.856030344
4580 64.856030344
4580 11.96256282
4580 11.96256282
4580 11.96256282
4580 11.96256282
4580 11.96256282
4580 0
4580 0
4580 0
4580 0
4580 0
4580 0
4580 8.3927104975
4580 8.3927104975
4580 8.3927104975
4580 0
4580 156.3711461
4580 2.572216746
4580 2.572216746
4580 4.018922119
4580 4.018922119
4580 4.018922119
4580 0
4580 3.903436901
4580 3.903436901
4580 0
4580 0
4620 0
4620 93.573127405
4620 93.573127405
4620 93.573127405
4620 93.573127405
4620 0
4620 6.639784089
4620 64.856030344
4620 64.856030344
4620 64.856030344
4620 64.856030344
4620 11.96256282
4620 11.96256282
4620 11.96256282
4620 11.96256282
4620 11.96256282
4620 0
4620 0
4620 0
4620 0
4620 0
4620 0
4620 8.3927104975
4620 8.3927104975
4620 8.3927104975
4620 0
4620 156.3711461
4620 2.572216746
4620 2.572216746
4620 4.018922119
4620 4.018922119
4620 4.018922119
4620 0
4620 3.903436901
4620 3.903436901
4620 0
4620 0
4659 0
4659 93.573127405
4659 93.573127405
4659 93.573127405
4659 93.573127405
4659 0
4659 6.639784089
4659 64.856030344
4659 64.856030344
4659 64.856030344
4659 64.856030344
4659 11.96256282
4659 11.96256282
4659 11.96256282
4659 11.96256282
4659 11.96256282
4659 0
4659 0
4659 0
4659 0
4659 0
4659 0
4659 8.3927104975
4659 8.3927104975
4659 8.3927104975
4659 0
4659 156.3711461
4659 2.572216746
4659 2.572216746
4659 4.018922119
4659 4.018922119
4659 4.018922119
4659 0
4659 3.903436901
4659 3.903436901
4659 0
4659 0
4698 0
4698 93.573127405
4698 93.573127405
4698 93.573127405
4698 93.573127405
4698 0
4698 6.639784089
4698 64.856030344
4698 64.856030344
4698 64.856030344
4698 64.856030344
4698 11.96256282
4698 11.96256282
4698 11.96256282
4698 11.96256282
4698 11.96256282
4698 0
4698 0
4698 0
4698 0
4698 0
4698 0
4698 8.3927104975
4698 8.3927104975
4698 8.3927104975
4698 0
4698 156.3711461
4698 2.572216746
4698 2.572216746
4698 4.018922119
4698 4.018922119
4698 4.018922119
4698 0
4698 3.903436901
4698 3.903436901
4698 0
4698 0
4739 0
4739 93.573127405
4739 93.573127405
4739 93.573127405
4739 93.573127405
4739 0
4739 6.639784089
4739 64.856030344
4739 64.856030344
4739 64.856030344
4739 64.856030344
4739 11.96256282
4739 11.96256282
4739 11.96256282
4739 11.96256282
4739 11.96256282
4739 0
4739 0
4739 0
4739 0
4739 0
4739 0
4739 8.3927104975
4739 8.3927104975
4739 8.3927104975
4739 0
4739 156.3711461
4739 2.572216746
4739 2.572216746
4739 4.018922119
4739 4.018922119
4739 4.018922119
4739 0
4739 3.903436901
4739 3.903436901
4739 0
4739 0
4776 0
4776 93.573127405
4776 93.573127405
4776 93.573127405
4776 93.573127405
4776 0
4776 6.639784089
4776 64.856030344
4776 64.856030344
4776 64.856030344
4776 64.856030344
4776 11.96256282
4776 11.96256282
4776 11.96256282
4776 11.96256282
4776 11.96256282
4776 0
4776 0
4776 0
4776 0
4776 0
4776 0
4776 8.3927104975
4776 8.3927104975
4776 8.3927104975
4776 0
4776 156.3711461
4776 2.572216746
4776 2.572216746
4776 4.018922119
4776 4.018922119
4776 4.018922119
4776 0
4776 3.903436901
4776 3.903436901
4776 0
4776 0
4315 0
4315 93.573127405
4315 93.573127405
4315 93.573127405
4315 93.573127405
4315 0
4315 6.639784089
4315 64.856030344
4315 64.856030344
4315 64.856030344
4315 64.856030344
4315 11.96256282
4315 11.96256282
4315 11.96256282
4315 11.96256282
4315 11.96256282
4315 0
4315 0
4315 0
4315 0
4315 0
4315 0
4315 8.3927104975
4315 8.3927104975
4315 8.3927104975
4315 0
4315 156.3711461
4315 2.572216746
4315 2.572216746
4315 4.018922119
4315 4.018922119
4315 4.018922119
4315 0
4315 3.903436901
4315 3.903436901
4315 0
4315 0
4355 0
4355 93.573127405
4355 93.573127405
4355 93.573127405
4355 93.573127405
4355 0
4355 6.639784089
4355 64.856030344
4355 64.856030344
4355 64.856030344
4355 64.856030344
4355 11.96256282
4355 11.96256282
4355 11.96256282
4355 11.96256282
4355 11.96256282
4355 0
4355 0
4355 0
4355 0
4355 0
4355 0
4355 8.3927104975
4355 8.3927104975
4355 8.3927104975
4355 0
4355 156.3711461
4355 2.572216746
4355 2.572216746
4355 4.018922119
4355 4.018922119
4355 4.018922119
4355 0
4355 3.903436901
4355 3.903436901
4355 0
4355 0
4395 0
4395 93.573127405
4395 93.573127405
4395 93.573127405
4395 93.573127405
4395 0
4395 6.639784089
4395 64.856030344
4395 64.856030344
4395 64.856030344
4395 64.856030344
4395 11.96256282
4395 11.96256282
4395 11.96256282
4395 11.96256282
4395 11.96256282
4395 0
4395 0
4395 0
4395 0
4395 0
4395 0
4395 8.3927104975
4395 8.3927104975
4395 8.3927104975
4395 0
4395 156.3711461
4395 2.572216746
4395 2.572216746
4395 4.018922119
4395 4.018922119
4395 4.018922119
4395 0
4395 3.903436901
4395 3.903436901
4395 0
4395 0
4433 0
4433 93.573127405
4433 93.573127405
4433 93.573127405
4433 93.573127405
4433 0
4433 6.639784089
4433 64.856030344
4433 64.856030344
4433 64.856030344
4433 64.856030344
4433 11.96256282
4433 11.96256282
4433 11.96256282
4433 11.96256282
4433 11.96256282
4433 0
4433 0
4433 0
4433 0
4433 0
4433 0
4433 8.3927104975
4433 8.3927104975
4433 8.3927104975
4433 0
4433 156.3711461
4433 2.572216746
4433 2.572216746
4433 4.018922119
4433 4.018922119
4433 4.018922119
4433 0
4433 3.903436901
4433 3.903436901
4433 0
4433 0
4471 0
4471 93.573127405
4471 93.573127405
4471 93.573127405
4471 93.573127405
4471 0
4471 6.639784089
4471 64.856030344
4471 64.856030344
4471 64.856030344
4471 64.856030344
4471 11.96256282
4471 11.96256282
4471 11.96256282
4471 11.96256282
4471 11.96256282
4471 0
4471 0
4471 0
4471 0
4471 0
4471 0
4471 8.3927104975
4471 8.3927104975
4471 8.3927104975
4471 0
4471 156.3711461
4471 2.572216746
4471 2.572216746
4471 4.018922119
4471 4.018922119
4471 4.018922119
4471 0
4471 3.903436901
4471 3.903436901
4471 0
4471 0
4507 0
4507 93.573127405
4507 93.573127405
4507 93.573127405
4507 93.573127405
4507 0
4507 6.639784089
4507 64.856030344
4507 64.856030344
4507 64.856030344
4507 64.856030344
4507 11.96256282
4507 11.96256282
4507 11.96256282
4507 11.96256282
4507 11.96256282
4507 0
4507 0
4507 0
4507 0
4507 0
4507 0
4507 8.3927104975
4507 8.3927104975
4507 8.3927104975
4507 0
4507 156.3711461
4507 2.572216746
4507 2.572216746
4507 4.018922119
4507 4.018922119
4507 4.018922119
4507 0
4507 3.903436901
4507 3.903436901
4507 0
4507 0
4543 0
4543 93.573127405
4543 93.573127405
4543 93.573127405
4543 93.573127405
4543 0
4543 6.639784089
4543 64.856030344
4543 64.856030344
4543 64.856030344
4543 64.856030344
4543 11.96256282
4543 11.96256282
4543 11.96256282
4543 11.96256282
4543 11.96256282
4543 0
4543 0
4543 0
4543 0
4543 0
4543 0
4543 8.3927104975
4543 8.3927104975
4543 8.3927104975
4543 0
4543 156.3711461
4543 2.572216746
4543 2.572216746
4543 4.018922119
4543 4.018922119
4543 4.018922119
4543 0
4543 3.903436901
4543 3.903436901
4543 0
4543 0
4581 0
4581 93.573127405
4581 93.573127405
4581 93.573127405
4581 93.573127405
4581 0
4581 6.639784089
4581 64.856030344
4581 64.856030344
4581 64.856030344
4581 64.856030344
4581 11.96256282
4581 11.96256282
4581 11.96256282
4581 11.96256282
4581 11.96256282
4581 0
4581 0
4581 0
4581 0
4581 0
4581 0
4581 8.3927104975
4581 8.3927104975
4581 8.3927104975
4581 0
4581 156.3711461
4581 2.572216746
4581 2.572216746
4581 4.018922119
4581 4.018922119
4581 4.018922119
4581 0
4581 3.903436901
4581 3.903436901
4581 0
4581 0
4621 0
4621 93.573127405
4621 93.573127405
4621 93.573127405
4621 93.573127405
4621 0
4621 6.639784089
4621 64.856030344
4621 64.856030344
4621 64.856030344
4621 64.856030344
4621 11.96256282
4621 11.96256282
4621 11.96256282
4621 11.96256282
4621 11.96256282
4621 0
4621 0
4621 0
4621 0
4621 0
4621 0
4621 8.3927104975
4621 8.3927104975
4621 8.3927104975
4621 0
4621 156.3711461
4621 2.572216746
4621 2.572216746
4621 4.018922119
4621 4.018922119
4621 4.018922119
4621 0
4621 3.903436901
4621 3.903436901
4621 0
4621 0
4660 0
4660 93.573127405
4660 93.573127405
4660 93.573127405
4660 93.573127405
4660 0
4660 6.639784089
4660 64.856030344
4660 64.856030344
4660 64.856030344
4660 64.856030344
4660 11.96256282
4660 11.96256282
4660 11.96256282
4660 11.96256282
4660 11.96256282
4660 0
4660 0
4660 0
4660 0
4660 0
4660 0
4660 8.3927104975
4660 8.3927104975
4660 8.3927104975
4660 0
4660 156.3711461
4660 2.572216746
4660 2.572216746
4660 4.018922119
4660 4.018922119
4660 4.018922119
4660 0
4660 3.903436901
4660 3.903436901
4660 0
4660 0
4699 0
4699 93.573127405
4699 93.573127405
4699 93.573127405
4699 93.573127405
4699 0
4699 6.639784089
4699 64.856030344
4699 64.856030344
4699 64.856030344
4699 64.856030344
4699 11.96256282
4699 11.96256282
4699 11.96256282
4699 11.96256282
4699 11.96256282
4699 0
4699 0
4699 0
4699 0
4699 0
4699 0
4699 8.3927104975
4699 8.3927104975
4699 8.3927104975
4699 0
4699 156.3711461
4699 2.572216746
4699 2.572216746
4699 4.018922119
4699 4.018922119
4699 4.018922119
4699 0
4699 3.903436901
4699 3.903436901
4699 0
4699 0
4740 0
4740 93.573127405
4740 93.573127405
4740 93.573127405
4740 93.573127405
4740 0
4740 6.639784089
4740 64.856030344
4740 64.856030344
4740 64.856030344
4740 64.856030344
4740 11.96256282
4740 11.96256282
4740 11.96256282
4740 11.96256282
4740 11.96256282
4740 0
4740 0
4740 0
4740 0
4740 0
4740 0
4740 8.3927104975
4740 8.3927104975
4740 8.3927104975
4740 0
4740 156.3711461
4740 2.572216746
4740 2.572216746
4740 4.018922119
4740 4.018922119
4740 4.018922119
4740 0
4740 3.903436901
4740 3.903436901
4740 0
4740 0
4777 0
4777 93.573127405
4777 93.573127405
4777 93.573127405
4777 93.573127405
4777 0
4777 6.639784089
4777 64.856030344
4777 64.856030344
4777 64.856030344
4777 64.856030344
4777 11.96256282
4777 11.96256282
4777 11.96256282
4777 11.96256282
4777 11.96256282
4777 0
4777 0
4777 0
4777 0
4777 0
4777 0
4777 8.3927104975
4777 8.3927104975
4777 8.3927104975
4777 0
4777 156.3711461
4777 2.572216746
4777 2.572216746
4777 4.018922119
4777 4.018922119
4777 4.018922119
4777 0
4777 3.903436901
4777 3.903436901
4777 0
4777 0
4356 0
4356 93.573127405
4356 93.573127405
4356 93.573127405
4356 93.573127405
4356 0
4356 6.639784089
4356 64.856030344
4356 64.856030344
4356 64.856030344
4356 64.856030344
4356 11.96256282
4356 11.96256282
4356 11.96256282
4356 11.96256282
4356 11.96256282
4356 0
4356 0
4356 0
4356 0
4356 0
4356 0
4356 8.3927104975
4356 8.3927104975
4356 8.3927104975
4356 0
4356 156.3711461
4356 2.572216746
4356 2.572216746
4356 4.018922119
4356 4.018922119
4356 4.018922119
4356 0
4356 3.903436901
4356 3.903436901
4356 0
4356 0
4396 0
4396 93.573127405
4396 93.573127405
4396 93.573127405
4396 93.573127405
4396 0
4396 6.639784089
4396 64.856030344
4396 64.856030344
4396 64.856030344
4396 64.856030344
4396 11.96256282
4396 11.96256282
4396 11.96256282
4396 11.96256282
4396 11.96256282
4396 0
4396 0
4396 0
4396 0
4396 0
4396 0
4396 8.3927104975
4396 8.3927104975
4396 8.3927104975
4396 0
4396 156.3711461
4396 2.572216746
4396 2.572216746
4396 4.018922119
4396 4.018922119
4396 4.018922119
4396 0
4396 3.903436901
4396 3.903436901
4396 0
4396 0
4434 0
4434 93.573127405
4434 93.573127405
4434 93.573127405
4434 93.573127405
4434 0
4434 6.639784089
4434 64.856030344
4434 64.856030344
4434 64.856030344
4434 64.856030344
4434 11.96256282
4434 11.96256282
4434 11.96256282
4434 11.96256282
4434 11.96256282
4434 0
4434 0
4434 0
4434 0
4434 0
4434 0
4434 8.3927104975
4434 8.3927104975
4434 8.3927104975
4434 0
4434 156.3711461
4434 2.572216746
4434 2.572216746
4434 4.018922119
4434 4.018922119
4434 4.018922119
4434 0
4434 3.903436901
4434 3.903436901
4434 0
4434 0
4472 0
4472 93.573127405
4472 93.573127405
4472 93.573127405
4472 93.573127405
4472 0
4472 6.639784089
4472 64.856030344
4472 64.856030344
4472 64.856030344
4472 64.856030344
4472 11.96256282
4472 11.96256282
4472 11.96256282
4472 11.96256282
4472 11.96256282
4472 0
4472 0
4472 0
4472 0
4472 0
4472 0
4472 8.3927104975
4472 8.3927104975
4472 8.3927104975
4472 0
4472 156.3711461
4472 2.572216746
4472 2.572216746
4472 4.018922119
4472 4.018922119
4472 4.018922119
4472 0
4472 3.903436901
4472 3.903436901
4472 0
4472 0
4508 0
4508 93.573127405
4508 93.573127405
4508 93.573127405
4508 93.573127405
4508 0
4508 6.639784089
4508 64.856030344
4508 64.856030344
4508 64.856030344
4508 64.856030344
4508 11.96256282
4508 11.96256282
4508 11.96256282
4508 11.96256282
4508 11.96256282
4508 0
4508 0
4508 0
4508 0
4508 0
4508 0
4508 8.3927104975
4508 8.3927104975
4508 8.3927104975
4508 0
4508 156.3711461
4508 2.572216746
4508 2.572216746
4508 4.018922119
4508 4.018922119
4508 4.018922119
4508 0
4508 3.903436901
4508 3.903436901
4508 0
4508 0
4544 0
4544 93.573127405
4544 93.573127405
4544 93.573127405
4544 93.573127405
4544 0
4544 6.639784089
4544 64.856030344
4544 64.856030344
4544 64.856030344
4544 64.856030344
4544 11.96256282
4544 11.96256282
4544 11.96256282
4544 11.96256282
4544 11.96256282
4544 0
4544 0
4544 0
4544 0
4544 0
4544 0
4544 8.3927104975
4544 8.3927104975
4544 8.3927104975
4544 0
4544 156.3711461
4544 2.572216746
4544 2.572216746
4544 4.018922119
4544 4.018922119
4544 4.018922119
4544 0
4544 3.903436901
4544 3.903436901
4544 0
4544 0
4582 0
4582 93.573127405
4582 93.573127405
4582 93.573127405
4582 93.573127405
4582 0
4582 6.639784089
4582 64.856030344
4582 64.856030344
4582 64.856030344
4582 64.856030344
4582 11.96256282
4582 11.96256282
4582 11.96256282
4582 11.96256282
4582 11.96256282
4582 0
4582 0
4582 0
4582 0
4582 0
4582 0
4582 8.3927104975
4582 8.3927104975
4582 8.3927104975
4582 0
4582 156.3711461
4582 2.572216746
4582 2.572216746
4582 4.018922119
4582 4.018922119
4582 4.018922119
4582 0
4582 3.903436901
4582 3.903436901
4582 0
4582 0
4622 0
4622 93.573127405
4622 93.573127405
4622 93.573127405
4622 93.573127405
4622 0
4622 6.639784089
4622 64.856030344
4622 64.856030344
4622 64.856030344
4622 64.856030344
4622 11.96256282
4622 11.96256282
4622 11.96256282
4622 11.96256282
4622 11.96256282
4622 0
4622 0
4622 0
4622 0
4622 0
4622 0
4622 8.3927104975
4622 8.3927104975
4622 8.3927104975
4622 0
4622 156.3711461
4622 2.572216746
4622 2.572216746
4622 4.018922119
4622 4.018922119
4622 4.018922119
4622 0
4622 3.903436901
4622 3.903436901
4622 0
4622 0
4661 0
4661 93.573127405
4661 93.573127405
4661 93.573127405
4661 93.573127405
4661 0
4661 6.639784089
4661 64.856030344
4661 64.856030344
4661 64.856030344
4661 64.856030344
4661 11.96256282
4661 11.96256282
4661 11.96256282
4661 11.96256282
4661 11.96256282
4661 0
4661 0
4661 0
4661 0
4661 0
4661 0
4661 8.3927104975
4661 8.3927104975
4661 8.3927104975
4661 0
4661 156.3711461
4661 2.572216746
4661 2.572216746
4661 4.018922119
4661 4.018922119
4661 4.018922119
4661 0
4661 3.903436901
4661 3.903436901
4661 0
4661 0
4700 0
4700 93.573127405
4700 93.573127405
4700 93.573127405
4700 93.573127405
4700 0
4700 6.639784089
4700 64.856030344
4700 64.856030344
4700 64.856030344
4700 64.856030344
4700 11.96256282
4700 11.96256282
4700 11.96256282
4700 11.96256282
4700 11.96256282
4700 0
4700 0
4700 0
4700 0
4700 0
4700 0
4700 8.3927104975
4700 8.3927104975
4700 8.3927104975
4700 0
4700 156.3711461
4700 2.572216746
4700 2.572216746
4700 4.018922119
4700 4.018922119
4700 4.018922119
4700 0
4700 3.903436901
4700 3.903436901
4700 0
4700 0
