pt_graph scale
1718 418.104831492066
1718 418.104831492066
1718 418.104831492066
1718 16.2976506140842
1718 46.407466436374
1718 46.407466436374
1718 0.208960843373494
1718 0.208960843373494
1718 0.120625281164897
1718 0
1718 0
1718 0.160325333507038
1718 28.3919163700434
1718 28.3919163700434
1718 0
1718 0.77906543442073
1718 0
1718 0
1718 1.0345236079077
1718 18.8755115600355
1718 18.8755115600355
2273 418.104831492066
2273 418.104831492066
2273 418.104831492066
2273 16.2976506140842
2273 46.407466436374
2273 46.407466436374
2273 0.208960843373494
2273 0.208960843373494
2273 0.120625281164897
2273 0
2273 0
2273 0.160325333507038
2273 28.3919163700434
2273 28.3919163700434
2273 0
2273 0.77906543442073
2273 0
2273 0
2273 1.0345236079077
2273 18.8755115600355
2273 18.8755115600355
1903 418.104831492066
1903 418.104831492066
1903 418.104831492066
1903 16.2976506140842
1903 46.407466436374
1903 46.407466436374
1903 0.208960843373494
1903 0.208960843373494
1903 0.120625281164897
1903 0
1903 0
1903 0.160325333507038
1903 28.3919163700434
1903 28.3919163700434
1903 0
1903 0.77906543442073
1903 0
1903 0
1903 1.0345236079077
1903 18.8755115600355
1903 18.8755115600355
2090 418.104831492066
2090 418.104831492066
2090 418.104831492066
2090 16.2976506140842
2090 46.407466436374
2090 46.407466436374
2090 0.208960843373494
2090 0.208960843373494
2090 0.120625281164897
2090 0
2090 0
2090 0.160325333507038
2090 28.3919163700434
2090 28.3919163700434
2090 0
2090 0.77906543442073
2090 0
2090 0
2090 1.0345236079077
2090 18.8755115600355
2090 18.8755115600355
2186 418.104831492066
2186 418.104831492066
2186 418.104831492066
2186 16.2976506140842
2186 46.407466436374
2186 46.407466436374
2186 0.208960843373494
2186 0.208960843373494
2186 0.120625281164897
2186 0
2186 0
2186 0.160325333507038
2186 28.3919163700434
2186 28.3919163700434
2186 0
2186 0.77906543442073
2186 0
2186 0
2186 1.0345236079077
2186 18.8755115600355
2186 18.8755115600355
1997 418.104831492066
1997 418.104831492066
1997 418.104831492066
1997 16.2976506140842
1997 46.407466436374
1997 46.407466436374
1997 0.208960843373494
1997 0.208960843373494
1997 0.120625281164897
1997 0
1997 0
1997 0.160325333507038
1997 28.3919163700434
1997 28.3919163700434
1997 0
1997 0.77906543442073
1997 0
1997 0
1997 1.0345236079077
1997 18.8755115600355
1997 18.8755115600355
2109 418.104831492066
2109 418.104831492066
2109 418.104831492066
2109 16.2976506140842
2109 46.407466436374
2109 46.407466436374
2109 0.208960843373494
2109 0.208960843373494
2109 0.120625281164897
2109 0
2109 0
2109 0.160325333507038
2109 28.3919163700434
2109 28.3919163700434
2109 0
2109 0.77906543442073
2109 0
2109 0
2109 1.0345236079077
2109 18.8755115600355
2109 18.8755115600355
2907 418.104831492066
2907 418.104831492066
2907 418.104831492066
2907 16.2976506140842
2907 46.407466436374
2907 46.407466436374
2907 0.208960843373494
2907 0.208960843373494
2907 0.120625281164897
2907 0
2907 0
2907 0.160325333507038
2907 28.3919163700434
2907 28.3919163700434
2907 0
2907 0.77906543442073
2907 0
2907 0
2907 1.0345236079077
2907 18.8755115600355
2907 18.8755115600355
3452 418.104831492066
3452 418.104831492066
3452 418.104831492066
3452 16.2976506140842
3452 46.407466436374
3452 46.407466436374
3452 0.208960843373494
3452 0.208960843373494
3452 0.120625281164897
3452 0
3452 0
3452 0.160325333507038
3452 28.3919163700434
3452 28.3919163700434
3452 0
3452 0.77906543442073
3452 0
3452 0
3452 1.0345236079077
3452 18.8755115600355
3452 18.8755115600355
2299 418.104831492066
2299 418.104831492066
2299 418.104831492066
2299 16.2976506140842
2299 46.407466436374
2299 46.407466436374
2299 0.208960843373494
2299 0.208960843373494
2299 0.120625281164897
2299 0
2299 0
2299 0.160325333507038
2299 28.3919163700434
2299 28.3919163700434
2299 0
2299 0.77906543442073
2299 0
2299 0
2299 1.0345236079077
2299 18.8755115600355
2299 18.8755115600355
3496 418.104831492066
3496 418.104831492066
3496 418.104831492066
3496 16.2976506140842
3496 46.407466436374
3496 46.407466436374
3496 0.208960843373494
3496 0.208960843373494
3496 0.120625281164897
3496 0
3496 0
3496 0.160325333507038
3496 28.3919163700434
3496 28.3919163700434
3496 0
3496 0.77906543442073
3496 0
3496 0
3496 1.0345236079077
3496 18.8755115600355
3496 18.8755115600355
3618 418.104831492066
3618 418.104831492066
3618 418.104831492066
3618 16.2976506140842
3618 46.407466436374
3618 46.407466436374
3618 0.208960843373494
3618 0.208960843373494
3618 0.120625281164897
3618 0
3618 0
3618 0.160325333507038
3618 28.3919163700434
3618 28.3919163700434
3618 0
3618 0.77906543442073
3618 0
3618 0
3618 1.0345236079077
3618 18.8755115600355
3618 18.8755115600355
3816 418.104831492066
3816 418.104831492066
3816 418.104831492066
3816 16.2976506140842
3816 46.407466436374
3816 46.407466436374
3816 0.208960843373494
3816 0.208960843373494
3816 0.120625281164897
3816 0
3816 0
3816 0.160325333507038
3816 28.3919163700434
3816 28.3919163700434
3816 0
3816 0.77906543442073
3816 0
3816 0
3816 1.0345236079077
3816 18.8755115600355
3816 18.8755115600355
3620 418.104831492066
3620 418.104831492066
3620 418.104831492066
3620 16.2976506140842
3620 46.407466436374
3620 46.407466436374
3620 0.208960843373494
3620 0.208960843373494
3620 0.120625281164897
3620 0
3620 0
3620 0.160325333507038
3620 28.3919163700434
3620 28.3919163700434
3620 0
3620 0.77906543442073
3620 0
3620 0
3620 1.0345236079077
3620 18.8755115600355
3620 18.8755115600355
3703 418.104831492066
3703 418.104831492066
3703 418.104831492066
3703 16.2976506140842
3703 46.407466436374
3703 46.407466436374
3703 0.208960843373494
3703 0.208960843373494
3703 0.120625281164897
3703 0
3703 0
3703 0.160325333507038
3703 28.3919163700434
3703 28.3919163700434
3703 0
3703 0.77906543442073
3703 0
3703 0
3703 1.0345236079077
3703 18.8755115600355
3703 18.8755115600355
3209 418.104831492066
3209 418.104831492066
3209 418.104831492066
3209 16.2976506140842
3209 46.407466436374
3209 46.407466436374
3209 0.208960843373494
3209 0.208960843373494
3209 0.120625281164897
3209 0
3209 0
3209 0.160325333507038
3209 28.3919163700434
3209 28.3919163700434
3209 0
3209 0.77906543442073
3209 0
3209 0
3209 1.0345236079077
3209 18.8755115600355
3209 18.8755115600355
3323 418.104831492066
3323 418.104831492066
3323 418.104831492066
3323 16.2976506140842
3323 46.407466436374
3323 46.407466436374
3323 0.208960843373494
3323 0.208960843373494
3323 0.120625281164897
3323 0
3323 0
3323 0.160325333507038
3323 28.3919163700434
3323 28.3919163700434
3323 0
3323 0.77906543442073
3323 0
3323 0
3323 1.0345236079077
3323 18.8755115600355
3323 18.8755115600355
3704 418.104831492066
3704 418.104831492066
3704 418.104831492066
3704 16.2976506140842
3704 46.407466436374
3704 46.407466436374
3704 0.208960843373494
3704 0.208960843373494
3704 0.120625281164897
3704 0
3704 0
3704 0.160325333507038
3704 28.3919163700434
3704 28.3919163700434
3704 0
3704 0.77906543442073
3704 0
3704 0
3704 1.0345236079077
3704 18.8755115600355
3704 18.8755115600355
3622 418.104831492066
3622 418.104831492066
3622 418.104831492066
3622 16.2976506140842
3622 46.407466436374
3622 46.407466436374
3622 0.208960843373494
3622 0.208960843373494
3622 0.120625281164897
3622 0
3622 0
3622 0.160325333507038
3622 28.3919163700434
3622 28.3919163700434
3622 0
3622 0.77906543442073
3622 0
3622 0
3622 1.0345236079077
3622 18.8755115600355
3622 18.8755115600355
3155 418.104831492066
3155 418.104831492066
3155 418.104831492066
3155 16.2976506140842
3155 46.407466436374
3155 46.407466436374
3155 0.208960843373494
3155 0.208960843373494
3155 0.120625281164897
3155 0
3155 0
3155 0.160325333507038
3155 28.3919163700434
3155 28.3919163700434
3155 0
3155 0.77906543442073
3155 0
3155 0
3155 1.0345236079077
3155 18.8755115600355
3155 18.8755115600355
3539 418.104831492066
3539 418.104831492066
3539 418.104831492066
3539 16.2976506140842
3539 46.407466436374
3539 46.407466436374
3539 0.208960843373494
3539 0.208960843373494
3539 0.120625281164897
3539 0
3539 0
3539 0.160325333507038
3539 28.3919163700434
3539 28.3919163700434
3539 0
3539 0.77906543442073
3539 0
3539 0
3539 1.0345236079077
3539 18.8755115600355
3539 18.8755115600355
3582 418.104831492066
3582 418.104831492066
3582 418.104831492066
3582 16.2976506140842
3582 46.407466436374
3582 46.407466436374
3582 0.208960843373494
3582 0.208960843373494
3582 0.120625281164897
3582 0
3582 0
3582 0.160325333507038
3582 28.3919163700434
3582 28.3919163700434
3582 0
3582 0.77906543442073
3582 0
3582 0
3582 1.0345236079077
3582 18.8755115600355
3582 18.8755115600355
3623 418.104831492066
3623 418.104831492066
3623 418.104831492066
3623 16.2976506140842
3623 46.407466436374
3623 46.407466436374
3623 0.208960843373494
3623 0.208960843373494
3623 0.120625281164897
3623 0
3623 0
3623 0.160325333507038
3623 28.3919163700434
3623 28.3919163700434
3623 0
3623 0.77906543442073
3623 0
3623 0
3623 1.0345236079077
3623 18.8755115600355
3623 18.8755115600355
3666 418.104831492066
3666 418.104831492066
3666 418.104831492066
3666 16.2976506140842
3666 46.407466436374
3666 46.407466436374
3666 0.208960843373494
3666 0.208960843373494
3666 0.120625281164897
3666 0
3666 0
3666 0.160325333507038
3666 28.3919163700434
3666 28.3919163700434
3666 0
3666 0.77906543442073
3666 0
3666 0
3666 1.0345236079077
3666 18.8755115600355
3666 18.8755115600355
3540 418.104831492066
3540 418.104831492066
3540 418.104831492066
3540 16.2976506140842
3540 46.407466436374
3540 46.407466436374
3540 0.208960843373494
3540 0.208960843373494
3540 0.120625281164897
3540 0
3540 0
3540 0.160325333507038
3540 28.3919163700434
3540 28.3919163700434
3540 0
3540 0.77906543442073
3540 0
3540 0
3540 1.0345236079077
3540 18.8755115600355
3540 18.8755115600355
3157 418.104831492066
3157 418.104831492066
3157 418.104831492066
3157 16.2976506140842
3157 46.407466436374
3157 46.407466436374
3157 0.208960843373494
3157 0.208960843373494
3157 0.120625281164897
3157 0
3157 0
3157 0.160325333507038
3157 28.3919163700434
3157 28.3919163700434
3157 0
3157 0.77906543442073
3157 0
3157 0
3157 1.0345236079077
3157 18.8755115600355
3157 18.8755115600355
3213 418.104831492066
3213 418.104831492066
3213 418.104831492066
3213 16.2976506140842
3213 46.407466436374
3213 46.407466436374
3213 0.208960843373494
3213 0.208960843373494
3213 0.120625281164897
3213 0
3213 0
3213 0.160325333507038
3213 28.3919163700434
3213 28.3919163700434
3213 0
3213 0.77906543442073
3213 0
3213 0
3213 1.0345236079077
3213 18.8755115600355
3213 18.8755115600355
3267 418.104831492066
3267 418.104831492066
3267 418.104831492066
3267 16.2976506140842
3267 46.407466436374
3267 46.407466436374
3267 0.208960843373494
3267 0.208960843373494
3267 0.120625281164897
3267 0
3267 0
3267 0.160325333507038
3267 28.3919163700434
3267 28.3919163700434
3267 0
3267 0.77906543442073
3267 0
3267 0
3267 1.0345236079077
3267 18.8755115600355
3267 18.8755115600355
3327 418.104831492066
3327 418.104831492066
3327 418.104831492066
3327 16.2976506140842
3327 46.407466436374
3327 46.407466436374
3327 0.208960843373494
3327 0.208960843373494
3327 0.120625281164897
3327 0
3327 0
3327 0.160325333507038
3327 28.3919163700434
3327 28.3919163700434
3327 0
3327 0.77906543442073
3327 0
3327 0
3327 1.0345236079077
3327 18.8755115600355
3327 18.8755115600355
3503 418.104831492066
3503 418.104831492066
3503 418.104831492066
3503 16.2976506140842
3503 46.407466436374
3503 46.407466436374
3503 0.208960843373494
3503 0.208960843373494
3503 0.120625281164897
3503 0
3503 0
3503 0.160325333507038
3503 28.3919163700434
3503 28.3919163700434
3503 0
3503 0.77906543442073
3503 0
3503 0
3503 1.0345236079077
3503 18.8755115600355
3503 18.8755115600355
3541 418.104831492066
3541 418.104831492066
3541 418.104831492066
3541 16.2976506140842
3541 46.407466436374
3541 46.407466436374
3541 0.208960843373494
3541 0.208960843373494
3541 0.120625281164897
3541 0
3541 0
3541 0.160325333507038
3541 28.3919163700434
3541 28.3919163700434
3541 0
3541 0.77906543442073
3541 0
3541 0
3541 1.0345236079077
3541 18.8755115600355
3541 18.8755115600355
3584 418.104831492066
3584 418.104831492066
3584 418.104831492066
3584 16.2976506140842
3584 46.407466436374
3584 46.407466436374
3584 0.208960843373494
3584 0.208960843373494
3584 0.120625281164897
3584 0
3584 0
3584 0.160325333507038
3584 28.3919163700434
3584 28.3919163700434
3584 0
3584 0.77906543442073
3584 0
3584 0
3584 1.0345236079077
3584 18.8755115600355
3584 18.8755115600355
3625 418.104831492066
3625 418.104831492066
3625 418.104831492066
3625 16.2976506140842
3625 46.407466436374
3625 46.407466436374
3625 0.208960843373494
3625 0.208960843373494
3625 0.120625281164897
3625 0
3625 0
3625 0.160325333507038
3625 28.3919163700434
3625 28.3919163700434
3625 0
3625 0.77906543442073
3625 0
3625 0
3625 1.0345236079077
3625 18.8755115600355
3625 18.8755115600355
3268 418.104831492066
3268 418.104831492066
3268 418.104831492066
3268 16.2976506140842
3268 46.407466436374
3268 46.407466436374
3268 0.208960843373494
3268 0.208960843373494
3268 0.120625281164897
3268 0
3268 0
3268 0.160325333507038
3268 28.3919163700434
3268 28.3919163700434
3268 0
3268 0.77906543442073
3268 0
3268 0
3268 1.0345236079077
3268 18.8755115600355
3268 18.8755115600355
3328 418.104831492066
3328 418.104831492066
3328 418.104831492066
3328 16.2976506140842
3328 46.407466436374
3328 46.407466436374
3328 0.208960843373494
3328 0.208960843373494
3328 0.120625281164897
3328 0
3328 0
3328 0.160325333507038
3328 28.3919163700434
3328 28.3919163700434
3328 0
3328 0.77906543442073
3328 0
3328 0
3328 1.0345236079077
3328 18.8755115600355
3328 18.8755115600355
2857 418.104831492066
2857 418.104831492066
2857 418.104831492066
2857 16.2976506140842
2857 46.407466436374
2857 46.407466436374
2857 0.208960843373494
2857 0.208960843373494
2857 0.120625281164897
2857 0
2857 0
2857 0.160325333507038
2857 28.3919163700434
2857 28.3919163700434
2857 0
2857 0.77906543442073
2857 0
2857 0
2857 1.0345236079077
2857 18.8755115600355
2857 18.8755115600355
2923 418.104831492066
2923 418.104831492066
2923 418.104831492066
2923 16.2976506140842
2923 46.407466436374
2923 46.407466436374
2923 0.208960843373494
2923 0.208960843373494
2923 0.120625281164897
2923 0
2923 0
2923 0.160325333507038
2923 28.3919163700434
2923 28.3919163700434
2923 0
2923 0.77906543442073
2923 0
2923 0
2923 1.0345236079077
2923 18.8755115600355
2923 18.8755115600355
2786 418.104831492066
2786 418.104831492066
2786 418.104831492066
2786 16.2976506140842
2786 46.407466436374
2786 46.407466436374
2786 0.208960843373494
2786 0.208960843373494
2786 0.120625281164897
2786 0
2786 0
2786 0.160325333507038
2786 28.3919163700434
2786 28.3919163700434
2786 0
2786 0.77906543442073
2786 0
2786 0
2786 1.0345236079077
2786 18.8755115600355
2786 18.8755115600355
2858 418.104831492066
2858 418.104831492066
2858 418.104831492066
2858 16.2976506140842
2858 46.407466436374
2858 46.407466436374
2858 0.208960843373494
2858 0.208960843373494
2858 0.120625281164897
2858 0
2858 0
2858 0.160325333507038
2858 28.3919163700434
2858 28.3919163700434
2858 0
2858 0.77906543442073
2858 0
2858 0
2858 1.0345236079077
2858 18.8755115600355
2858 18.8755115600355
2987 418.104831492066
2987 418.104831492066
2987 418.104831492066
2987 16.2976506140842
2987 46.407466436374
2987 46.407466436374
2987 0.208960843373494
2987 0.208960843373494
2987 0.120625281164897
2987 0
2987 0
2987 0.160325333507038
2987 28.3919163700434
2987 28.3919163700434
2987 0
2987 0.77906543442073
2987 0
2987 0
2987 1.0345236079077
2987 18.8755115600355
2987 18.8755115600355
2925 418.104831492066
2925 418.104831492066
2925 418.104831492066
2925 16.2976506140842
2925 46.407466436374
2925 46.407466436374
2925 0.208960843373494
2925 0.208960843373494
2925 0.120625281164897
2925 0
2925 0
2925 0.160325333507038
2925 28.3919163700434
2925 28.3919163700434
2925 0
2925 0.77906543442073
2925 0
2925 0
2925 1.0345236079077
2925 18.8755115600355
2925 18.8755115600355
2988 418.104831492066
2988 418.104831492066
2988 418.104831492066
2988 16.2976506140842
2988 46.407466436374
2988 46.407466436374
2988 0.208960843373494
2988 0.208960843373494
2988 0.120625281164897
2988 0
2988 0
2988 0.160325333507038
2988 28.3919163700434
2988 28.3919163700434
2988 0
2988 0.77906543442073
2988 0
2988 0
2988 1.0345236079077
2988 18.8755115600355
2988 18.8755115600355
3047 418.104831492066
3047 418.104831492066
3047 418.104831492066
3047 16.2976506140842
3047 46.407466436374
3047 46.407466436374
3047 0.208960843373494
3047 0.208960843373494
3047 0.120625281164897
3047 0
3047 0
3047 0.160325333507038
3047 28.3919163700434
3047 28.3919163700434
3047 0
3047 0.77906543442073
3047 0
3047 0
3047 1.0345236079077
3047 18.8755115600355
3047 18.8755115600355
3217 418.104831492066
3217 418.104831492066
3217 418.104831492066
3217 16.2976506140842
3217 46.407466436374
3217 46.407466436374
3217 0.208960843373494
3217 0.208960843373494
3217 0.120625281164897
3217 0
3217 0
3217 0.160325333507038
3217 28.3919163700434
3217 28.3919163700434
3217 0
3217 0.77906543442073
3217 0
3217 0
3217 1.0345236079077
3217 18.8755115600355
3217 18.8755115600355
3507 418.104831492066
3507 418.104831492066
3507 418.104831492066
3507 16.2976506140842
3507 46.407466436374
3507 46.407466436374
3507 0.208960843373494
3507 0.208960843373494
3507 0.120625281164897
3507 0
3507 0
3507 0.160325333507038
3507 28.3919163700434
3507 28.3919163700434
3507 0
3507 0.77906543442073
3507 0
3507 0
3507 1.0345236079077
3507 18.8755115600355
3507 18.8755115600355
3107 418.104831492066
3107 418.104831492066
3107 418.104831492066
3107 16.2976506140842
3107 46.407466436374
3107 46.407466436374
3107 0.208960843373494
3107 0.208960843373494
3107 0.120625281164897
3107 0
3107 0
3107 0.160325333507038
3107 28.3919163700434
3107 28.3919163700434
3107 0
3107 0.77906543442073
3107 0
3107 0
3107 1.0345236079077
3107 18.8755115600355
3107 18.8755115600355
3162 418.104831492066
3162 418.104831492066
3162 418.104831492066
3162 16.2976506140842
3162 46.407466436374
3162 46.407466436374
3162 0.208960843373494
3162 0.208960843373494
3162 0.120625281164897
3162 0
3162 0
3162 0.160325333507038
3162 28.3919163700434
3162 28.3919163700434
3162 0
3162 0.77906543442073
3162 0
3162 0
3162 1.0345236079077
3162 18.8755115600355
3162 18.8755115600355
2718 418.104831492066
2718 418.104831492066
2718 418.104831492066
2718 16.2976506140842
2718 46.407466436374
2718 46.407466436374
2718 0.208960843373494
2718 0.208960843373494
2718 0.120625281164897
2718 0
2718 0
2718 0.160325333507038
2718 28.3919163700434
2718 28.3919163700434
2718 0
2718 0.77906543442073
2718 0
2718 0
2718 1.0345236079077
2718 18.8755115600355
2718 18.8755115600355
2990 418.104831492066
2990 418.104831492066
2990 418.104831492066
2990 16.2976506140842
2990 46.407466436374
2990 46.407466436374
2990 0.208960843373494
2990 0.208960843373494
2990 0.120625281164897
2990 0
2990 0
2990 0.160325333507038
2990 28.3919163700434
2990 28.3919163700434
2990 0
2990 0.77906543442073
2990 0
2990 0
2990 1.0345236079077
2990 18.8755115600355
2990 18.8755115600355
3049 418.104831492066
3049 418.104831492066
3049 418.104831492066
3049 16.2976506140842
3049 46.407466436374
3049 46.407466436374
3049 0.208960843373494
3049 0.208960843373494
3049 0.120625281164897
3049 0
3049 0
3049 0.160325333507038
3049 28.3919163700434
3049 28.3919163700434
3049 0
3049 0.77906543442073
3049 0
3049 0
3049 1.0345236079077
3049 18.8755115600355
3049 18.8755115600355
2719 418.104831492066
2719 418.104831492066
2719 418.104831492066
2719 16.2976506140842
2719 46.407466436374
2719 46.407466436374
2719 0.208960843373494
2719 0.208960843373494
2719 0.120625281164897
2719 0
2719 0
2719 0.160325333507038
2719 28.3919163700434
2719 28.3919163700434
2719 0
2719 0.77906543442073
2719 0
2719 0
2719 1.0345236079077
2719 18.8755115600355
2719 18.8755115600355
3050 418.104831492066
3050 418.104831492066
3050 418.104831492066
3050 16.2976506140842
3050 46.407466436374
3050 46.407466436374
3050 0.208960843373494
3050 0.208960843373494
3050 0.120625281164897
3050 0
3050 0
3050 0.160325333507038
3050 28.3919163700434
3050 28.3919163700434
3050 0
3050 0.77906543442073
3050 0
3050 0
3050 1.0345236079077
3050 18.8755115600355
3050 18.8755115600355
3164 418.104831492066
3164 418.104831492066
3164 418.104831492066
3164 16.2976506140842
3164 46.407466436374
3164 46.407466436374
3164 0.208960843373494
3164 0.208960843373494
3164 0.120625281164897
3164 0
3164 0
3164 0.160325333507038
3164 28.3919163700434
3164 28.3919163700434
3164 0
3164 0.77906543442073
3164 0
3164 0
3164 1.0345236079077
3164 18.8755115600355
3164 18.8755115600355
2863 418.104831492066
2863 418.104831492066
2863 418.104831492066
2863 16.2976506140842
2863 46.407466436374
2863 46.407466436374
2863 0.208960843373494
2863 0.208960843373494
2863 0.120625281164897
2863 0
2863 0
2863 0.160325333507038
2863 28.3919163700434
2863 28.3919163700434
2863 0
2863 0.77906543442073
2863 0
2863 0
2863 1.0345236079077
2863 18.8755115600355
2863 18.8755115600355
3051 418.104831492066
3051 418.104831492066
3051 418.104831492066
3051 16.2976506140842
3051 46.407466436374
3051 46.407466436374
3051 0.208960843373494
3051 0.208960843373494
3051 0.120625281164897
3051 0
3051 0
3051 0.160325333507038
3051 28.3919163700434
3051 28.3919163700434
3051 0
3051 0.77906543442073
3051 0
3051 0
3051 1.0345236079077
3051 18.8755115600355
3051 18.8755115600355
1665 418.104831492066
1665 418.104831492066
1665 418.104831492066
1665 16.2976506140842
1665 46.407466436374
1665 46.407466436374
1665 0.208960843373494
1665 0.208960843373494
1665 0.120625281164897
1665 0
1665 0
1665 0.160325333507038
1665 28.3919163700434
1665 28.3919163700434
1665 0
1665 0.77906543442073
1665 0
1665 0
1665 1.0345236079077
1665 18.8755115600355
1665 18.8755115600355
2036 418.104831492066
2036 418.104831492066
2036 418.104831492066
2036 16.2976506140842
2036 46.407466436374
2036 46.407466436374
2036 0.208960843373494
2036 0.208960843373494
2036 0.120625281164897
2036 0
2036 0
2036 0.160325333507038
2036 28.3919163700434
2036 28.3919163700434
2036 0
2036 0.77906543442073
2036 0
2036 0
2036 1.0345236079077
2036 18.8755115600355
2036 18.8755115600355
2130 418.104831492066
2130 418.104831492066
2130 418.104831492066
2130 16.2976506140842
2130 46.407466436374
2130 46.407466436374
2130 0.208960843373494
2130 0.208960843373494
2130 0.120625281164897
2130 0
2130 0
2130 0.160325333507038
2130 28.3919163700434
2130 28.3919163700434
2130 0
2130 0.77906543442073
2130 0
2130 0
2130 1.0345236079077
2130 18.8755115600355
2130 18.8755115600355
2930 418.104831492066
2930 418.104831492066
2930 418.104831492066
2930 16.2976506140842
2930 46.407466436374
2930 46.407466436374
2930 0.208960843373494
2930 0.208960843373494
2930 0.120625281164897
2930 0
2930 0
2930 0.160325333507038
2930 28.3919163700434
2930 28.3919163700434
2930 0
2930 0.77906543442073
2930 0
2930 0
2930 1.0345236079077
2930 18.8755115600355
2930 18.8755115600355
2315 418.104831492066
2315 418.104831492066
2315 418.104831492066
2315 16.2976506140842
2315 46.407466436374
2315 46.407466436374
2315 0.208960843373494
2315 0.208960843373494
2315 0.120625281164897
2315 0
2315 0
2315 0.160325333507038
2315 28.3919163700434
2315 28.3919163700434
2315 0
2315 0.77906543442073
2315 0
2315 0
2315 1.0345236079077
2315 18.8755115600355
2315 18.8755115600355
2406 418.104831492066
2406 418.104831492066
2406 418.104831492066
2406 16.2976506140842
2406 46.407466436374
2406 46.407466436374
2406 0.208960843373494
2406 0.208960843373494
2406 0.120625281164897
2406 0
2406 0
2406 0.160325333507038
2406 28.3919163700434
2406 28.3919163700434
2406 0
2406 0.77906543442073
2406 0
2406 0
2406 1.0345236079077
2406 18.8755115600355
2406 18.8755115600355
2793 418.104831492066
2793 418.104831492066
2793 418.104831492066
2793 16.2976506140842
2793 46.407466436374
2793 46.407466436374
2793 0.208960843373494
2793 0.208960843373494
2793 0.120625281164897
2793 0
2793 0
2793 0.160325333507038
2793 28.3919163700434
2793 28.3919163700434
2793 0
2793 0.77906543442073
2793 0
2793 0
2793 1.0345236079077
2793 18.8755115600355
2793 18.8755115600355
2865 418.104831492066
2865 418.104831492066
2865 418.104831492066
2865 16.2976506140842
2865 46.407466436374
2865 46.407466436374
2865 0.208960843373494
2865 0.208960843373494
2865 0.120625281164897
2865 0
2865 0
2865 0.160325333507038
2865 28.3919163700434
2865 28.3919163700434
2865 0
2865 0.77906543442073
2865 0
2865 0
2865 1.0345236079077
2865 18.8755115600355
2865 18.8755115600355
2931 418.104831492066
2931 418.104831492066
2931 418.104831492066
2931 16.2976506140842
2931 46.407466436374
2931 46.407466436374
2931 0.208960843373494
2931 0.208960843373494
2931 0.120625281164897
2931 0
2931 0
2931 0.160325333507038
2931 28.3919163700434
2931 28.3919163700434
2931 0
2931 0.77906543442073
2931 0
2931 0
2931 1.0345236079077
2931 18.8755115600355
2931 18.8755115600355
2316 418.104831492066
2316 418.104831492066
2316 418.104831492066
2316 16.2976506140842
2316 46.407466436374
2316 46.407466436374
2316 0.208960843373494
2316 0.208960843373494
2316 0.120625281164897
2316 0
2316 0
2316 0.160325333507038
2316 28.3919163700434
2316 28.3919163700434
2316 0
2316 0.77906543442073
2316 0
2316 0
2316 1.0345236079077
2316 18.8755115600355
2316 18.8755115600355
2407 418.104831492066
2407 418.104831492066
2407 418.104831492066
2407 16.2976506140842
2407 46.407466436374
2407 46.407466436374
2407 0.208960843373494
2407 0.208960843373494
2407 0.120625281164897
2407 0
2407 0
2407 0.160325333507038
2407 28.3919163700434
2407 28.3919163700434
2407 0
2407 0.77906543442073
2407 0
2407 0
2407 1.0345236079077
2407 18.8755115600355
2407 18.8755115600355
2492 418.104831492066
2492 418.104831492066
2492 418.104831492066
2492 16.2976506140842
2492 46.407466436374
2492 46.407466436374
2492 0.208960843373494
2492 0.208960843373494
2492 0.120625281164897
2492 0
2492 0
2492 0.160325333507038
2492 28.3919163700434
2492 28.3919163700434
2492 0
2492 0.77906543442073
2492 0
2492 0
2492 1.0345236079077
2492 18.8755115600355
2492 18.8755115600355
2651 418.104831492066
2651 418.104831492066
2651 418.104831492066
2651 16.2976506140842
2651 46.407466436374
2651 46.407466436374
2651 0.208960843373494
2651 0.208960843373494
2651 0.120625281164897
2651 0
2651 0
2651 0.160325333507038
2651 28.3919163700434
2651 28.3919163700434
2651 0
2651 0.77906543442073
2651 0
2651 0
2651 1.0345236079077
2651 18.8755115600355
2651 18.8755115600355
2723 418.104831492066
2723 418.104831492066
2723 418.104831492066
2723 16.2976506140842
2723 46.407466436374
2723 46.407466436374
2723 0.208960843373494
2723 0.208960843373494
2723 0.120625281164897
2723 0
2723 0
2723 0.160325333507038
2723 28.3919163700434
2723 28.3919163700434
2723 0
2723 0.77906543442073
2723 0
2723 0
2723 1.0345236079077
2723 18.8755115600355
2723 18.8755115600355
2794 418.104831492066
2794 418.104831492066
2794 418.104831492066
2794 16.2976506140842
2794 46.407466436374
2794 46.407466436374
2794 0.208960843373494
2794 0.208960843373494
2794 0.120625281164897
2794 0
2794 0
2794 0.160325333507038
2794 28.3919163700434
2794 28.3919163700434
2794 0
2794 0.77906543442073
2794 0
2794 0
2794 1.0345236079077
2794 18.8755115600355
2794 18.8755115600355
2866 418.104831492066
2866 418.104831492066
2866 418.104831492066
2866 16.2976506140842
2866 46.407466436374
2866 46.407466436374
2866 0.208960843373494
2866 0.208960843373494
2866 0.120625281164897
2866 0
2866 0
2866 0.160325333507038
2866 28.3919163700434
2866 28.3919163700434
2866 0
2866 0.77906543442073
2866 0
2866 0
2866 1.0345236079077
2866 18.8755115600355
2866 18.8755115600355
2932 418.104831492066
2932 418.104831492066
2932 418.104831492066
2932 16.2976506140842
2932 46.407466436374
2932 46.407466436374
2932 0.208960843373494
2932 0.208960843373494
2932 0.120625281164897
2932 0
2932 0
2932 0.160325333507038
2932 28.3919163700434
2932 28.3919163700434
2932 0
2932 0.77906543442073
2932 0
2932 0
2932 1.0345236079077
2932 18.8755115600355
2932 18.8755115600355
2228 418.104831492066
2228 418.104831492066
2228 418.104831492066
2228 16.2976506140842
2228 46.407466436374
2228 46.407466436374
2228 0.208960843373494
2228 0.208960843373494
2228 0.120625281164897
2228 0
2228 0
2228 0.160325333507038
2228 28.3919163700434
2228 28.3919163700434
2228 0
2228 0.77906543442073
2228 0
2228 0
2228 1.0345236079077
2228 18.8755115600355
2228 18.8755115600355
2317 418.104831492066
2317 418.104831492066
2317 418.104831492066
2317 16.2976506140842
2317 46.407466436374
2317 46.407466436374
2317 0.208960843373494
2317 0.208960843373494
2317 0.120625281164897
2317 0
2317 0
2317 0.160325333507038
2317 28.3919163700434
2317 28.3919163700434
2317 0
2317 0.77906543442073
2317 0
2317 0
2317 1.0345236079077
2317 18.8755115600355
2317 18.8755115600355
2408 418.104831492066
2408 418.104831492066
2408 418.104831492066
2408 16.2976506140842
2408 46.407466436374
2408 46.407466436374
2408 0.208960843373494
2408 0.208960843373494
2408 0.120625281164897
2408 0
2408 0
2408 0.160325333507038
2408 28.3919163700434
2408 28.3919163700434
2408 0
2408 0.77906543442073
2408 0
2408 0
2408 1.0345236079077
2408 18.8755115600355
2408 18.8755115600355
2493 418.104831492066
2493 418.104831492066
2493 418.104831492066
2493 16.2976506140842
2493 46.407466436374
2493 46.407466436374
2493 0.208960843373494
2493 0.208960843373494
2493 0.120625281164897
2493 0
2493 0
2493 0.160325333507038
2493 28.3919163700434
2493 28.3919163700434
2493 0
2493 0.77906543442073
2493 0
2493 0
2493 1.0345236079077
2493 18.8755115600355
2493 18.8755115600355
2575 418.104831492066
2575 418.104831492066
2575 418.104831492066
2575 16.2976506140842
2575 46.407466436374
2575 46.407466436374
2575 0.208960843373494
2575 0.208960843373494
2575 0.120625281164897
2575 0
2575 0
2575 0.160325333507038
2575 28.3919163700434
2575 28.3919163700434
2575 0
2575 0.77906543442073
2575 0
2575 0
2575 1.0345236079077
2575 18.8755115600355
2575 18.8755115600355
2724 418.104831492066
2724 418.104831492066
2724 418.104831492066
2724 16.2976506140842
2724 46.407466436374
2724 46.407466436374
2724 0.208960843373494
2724 0.208960843373494
2724 0.120625281164897
2724 0
2724 0
2724 0.160325333507038
2724 28.3919163700434
2724 28.3919163700434
2724 0
2724 0.77906543442073
2724 0
2724 0
2724 1.0345236079077
2724 18.8755115600355
2724 18.8755115600355
2795 418.104831492066
2795 418.104831492066
2795 418.104831492066
2795 16.2976506140842
2795 46.407466436374
2795 46.407466436374
2795 0.208960843373494
2795 0.208960843373494
2795 0.120625281164897
2795 0
2795 0
2795 0.160325333507038
2795 28.3919163700434
2795 28.3919163700434
2795 0
2795 0.77906543442073
2795 0
2795 0
2795 1.0345236079077
2795 18.8755115600355
2795 18.8755115600355
2867 418.104831492066
2867 418.104831492066
2867 418.104831492066
2867 16.2976506140842
2867 46.407466436374
2867 46.407466436374
2867 0.208960843373494
2867 0.208960843373494
2867 0.120625281164897
2867 0
2867 0
2867 0.160325333507038
2867 28.3919163700434
2867 28.3919163700434
2867 0
2867 0.77906543442073
2867 0
2867 0
2867 1.0345236079077
2867 18.8755115600355
2867 18.8755115600355
1759 418.104831492066
1759 418.104831492066
1759 418.104831492066
1759 16.2976506140842
1759 46.407466436374
1759 46.407466436374
1759 0.208960843373494
1759 0.208960843373494
1759 0.120625281164897
1759 0
1759 0
1759 0.160325333507038
1759 28.3919163700434
1759 28.3919163700434
1759 0
1759 0.77906543442073
1759 0
1759 0
1759 1.0345236079077
1759 18.8755115600355
1759 18.8755115600355
2494 418.104831492066
2494 418.104831492066
2494 418.104831492066
2494 16.2976506140842
2494 46.407466436374
2494 46.407466436374
2494 0.208960843373494
2494 0.208960843373494
2494 0.120625281164897
2494 0
2494 0
2494 0.160325333507038
2494 28.3919163700434
2494 28.3919163700434
2494 0
2494 0.77906543442073
2494 0
2494 0
2494 1.0345236079077
2494 18.8755115600355
2494 18.8755115600355
2576 418.104831492066
2576 418.104831492066
2576 418.104831492066
2576 16.2976506140842
2576 46.407466436374
2576 46.407466436374
2576 0.208960843373494
2576 0.208960843373494
2576 0.120625281164897
2576 0
2576 0
2576 0.160325333507038
2576 28.3919163700434
2576 28.3919163700434
2576 0
2576 0.77906543442073
2576 0
2576 0
2576 1.0345236079077
2576 18.8755115600355
2576 18.8755115600355
2653 418.104831492066
2653 418.104831492066
2653 418.104831492066
2653 16.2976506140842
2653 46.407466436374
2653 46.407466436374
2653 0.208960843373494
2653 0.208960843373494
2653 0.120625281164897
2653 0
2653 0
2653 0.160325333507038
2653 28.3919163700434
2653 28.3919163700434
2653 0
2653 0.77906543442073
2653 0
2653 0
2653 1.0345236079077
2653 18.8755115600355
2653 18.8755115600355
2725 418.104831492066
2725 418.104831492066
2725 418.104831492066
2725 16.2976506140842
2725 46.407466436374
2725 46.407466436374
2725 0.208960843373494
2725 0.208960843373494
2725 0.120625281164897
2725 0
2725 0
2725 0.160325333507038
2725 28.3919163700434
2725 28.3919163700434
2725 0
2725 0.77906543442073
2725 0
2725 0
2725 1.0345236079077
2725 18.8755115600355
2725 18.8755115600355
2577 418.104831492066
2577 418.104831492066
2577 418.104831492066
2577 16.2976506140842
2577 46.407466436374
2577 46.407466436374
2577 0.208960843373494
2577 0.208960843373494
2577 0.120625281164897
2577 0
2577 0
2577 0.160325333507038
2577 28.3919163700434
2577 28.3919163700434
2577 0
2577 0.77906543442073
2577 0
2577 0
2577 1.0345236079077
2577 18.8755115600355
2577 18.8755115600355
2654 418.104831492066
2654 418.104831492066
2654 418.104831492066
2654 16.2976506140842
2654 46.407466436374
2654 46.407466436374
2654 0.208960843373494
2654 0.208960843373494
2654 0.120625281164897
2654 0
2654 0
2654 0.160325333507038
2654 28.3919163700434
2654 28.3919163700434
2654 0
2654 0.77906543442073
2654 0
2654 0
2654 1.0345236079077
2654 18.8755115600355
2654 18.8755115600355
2726 418.104831492066
2726 418.104831492066
2726 418.104831492066
2726 16.2976506140842
2726 46.407466436374
2726 46.407466436374
2726 0.208960843373494
2726 0.208960843373494
2726 0.120625281164897
2726 0
2726 0
2726 0.160325333507038
2726 28.3919163700434
2726 28.3919163700434
2726 0
2726 0.77906543442073
2726 0
2726 0
2726 1.0345236079077
2726 18.8755115600355
2726 18.8755115600355
2578 418.104831492066
2578 418.104831492066
2578 418.104831492066
2578 16.2976506140842
2578 46.407466436374
2578 46.407466436374
2578 0.208960843373494
2578 0.208960843373494
2578 0.120625281164897
2578 0
2578 0
2578 0.160325333507038
2578 28.3919163700434
2578 28.3919163700434
2578 0
2578 0.77906543442073
2578 0
2578 0
2578 1.0345236079077
2578 18.8755115600355
2578 18.8755115600355
2655 418.104831492066
2655 418.104831492066
2655 418.104831492066
2655 16.2976506140842
2655 46.407466436374
2655 46.407466436374
2655 0.208960843373494
2655 0.208960843373494
2655 0.120625281164897
2655 0
2655 0
2655 0.160325333507038
2655 28.3919163700434
2655 28.3919163700434
2655 0
2655 0.77906543442073
2655 0
2655 0
2655 1.0345236079077
2655 18.8755115600355
2655 18.8755115600355
2579 418.104831492066
2579 418.104831492066
2579 418.104831492066
2579 16.2976506140842
2579 46.407466436374
2579 46.407466436374
2579 0.208960843373494
2579 0.208960843373494
2579 0.120625281164897
2579 0
2579 0
2579 0.160325333507038
2579 28.3919163700434
2579 28.3919163700434
2579 0
2579 0.77906543442073
2579 0
2579 0
2579 1.0345236079077
2579 18.8755115600355
2579 18.8755115600355
2871 418.104831492066
2871 418.104831492066
2871 418.104831492066
2871 16.2976506140842
2871 46.407466436374
2871 46.407466436374
2871 0.208960843373494
2871 0.208960843373494
2871 0.120625281164897
2871 0
2871 0
2871 0.160325333507038
2871 28.3919163700434
2871 28.3919163700434
2871 0
2871 0.77906543442073
2871 0
2871 0
2871 1.0345236079077
2871 18.8755115600355
2871 18.8755115600355
