pt_graph freq
331 0.25
355 0.25
357 0.25
382 0.25
431 0.25
452 0.25
455 0.25
577 0.25
605 0.25
655 0.25
656 0.25
657 0.25
684 0.25
710 0.25
711 0.25
799 0.25
801 0.25
830 0.25
831 0.25
863 0.25
864 0.25
892 0.25
893 0.25
924 0.25
960 0.25
998 0.25
999 0.25
1029 0.25
1032 0.25
1033 0.25
1035 0.25
1064 0.25
1065 0.75
1066 0.75
1069 0.25
1071 0.25
1103 0.25
1108 0.75
1111 0.25
1149 0.25
1159 0.25
1162 0.25
1195 0.25
1231 0.25
1232 0.25
1246 0.25
1326 0.25
1327 0.25
1329 0.25
1357 0.75
1361 0.75
1368 0.25
1397 0.25
1435 0.75
1438 0.75
1445 0.25
1452 0.25
1490 0.75
1501 0.25
1529 0.75
1530 0.75
1532 0.75
1536 0.75
1537 0.75
1538 0.75
1544 0.25
1545 0.25
1575 0.25
1578 0.75
1579 0.75
1581 0.75
1583 0.75
1584 0.75
1585 0.75
1587 0.25
1596 0.25
1625 0.75
1626 0.75
1628 0.75
1629 0.75
1630 0.75
1631 0.75
1632 0.75
1636 0.25
1639 0.25
1641 0.25
1675 0.75
1676 0.25
1677 0.75
1678 0.75
1679 0.75
1680 0.75
1692 0.25
1698 0.25
1700 0.25
1701 0.25
1734 0.75
1736 0.75
1737 0.75
1740 0.25
1744 0.25
1745 0.25
1758 0.25
1791 0.75
1792 0.75
1794 0.75
1796 0.75
1797 0.25
1798 0.25
1808 0.25
1813 0.25
1817 0.25
1860 0.75
1862 0.75
1863 0.25
1873 0.25
1874 0.25
1875 0.25
1881 0.25
1883 0.25
1885 0.25
1888 0.25
1890 0.25
1892 0.25
1894 0.25
1929 0.75
1930 0.75
1931 0.75
1936 0.25
1943 0.25
1945 0.25
1946 0.25
1953 0.25
1956 0.25
1965 0.25
2006 0.75
2008 0.75
2012 0.25
2013 0.25
2023 0.25
2040 0.75
2046 0.25
2084 0.75
2085 0.25
2088 0.75
2089 0.75
2100 0.25
2106 0.25
2110 0.25
2111 0.25
2112 0.25
2115 0.25
2124 0.75
2126 0.75
2127 0.75
2128 0.75
2176 0.75
2179 0.25
2180 0.25
2205 0.25
2210 0.75
2211 0.75
2212 0.75
2213 0.75
2219 0.25
2255 0.75
2257 0.75
2258 0.75
2259 0.75
2262 0.25
2264 0.25
2277 0.25
2292 0.75
2296 0.75
2302 0.25
2333 0.75
2335 0.75
2336 0.75
2337 0.75
2338 0.75
2339 0.75
2340 0.75
2342 0.75
2344 0.25
2345 0.25
2346 0.25
2347 0.75
2356 0.25
2359 0.25
2370 0.25
2373 0.75
2374 0.75
2375 0.75
2376 0.75
2377 0.75
2378 0.75
2381 0.25
2417 0.25
2418 0.75
2420 0.25
2422 0.75
2423 0.75
2428 0.75
2434 0.75
2437 0.25
2445 0.75
2457 0.25
2458 0.25
2462 0.75
2464 0.75
2465 0.75
2466 0.75
2467 0.75
2468 0.75
2470 0.75
2504 0.25
2508 0.75
2515 0.75
2522 0.75
2524 0.75
2525 0.75
2527 0.75
2530 0.25
2535 0.25
2537 0.25
2538 0.75
2539 0.75
2542 0.25
2552 0.25
2554 0.25
2557 0.75
2558 0.75
2559 0.75
2560 0.75
2561 0.75
2562 0.75
2563 0.75
2593 0.75
2608 0.25
2614 0.75
2615 0.75
2620 0.25
2623 0.25
2628 0.25
2630 0.75
2647 0.25
2650 0.75
2651 0.75
2652 0.75
2653 0.75
2654 0.75
2655 0.75
2659 0.25
2676 0.25
2687 0.75
2692 0.25
2701 0.75
2707 0.75
2727 0.25
2728 0.25
2740 0.25
2741 0.25
2746 0.75
2747 0.75
2748 0.75
2749 0.75
2750 0.75
2752 0.75
2764 0.25
2768 0.25
2778 0.75
2783 0.25
2784 0.25
2789 0.25
2795 0.75
2797 0.75
2800 0.75
2801 0.75
2809 0.25
2812 0.25
2815 0.75
2816 0.75
2819 0.75
2820 0.75
2821 0.75
2823 0.25
2826 0.25
2834 0.25
2835 0.25
2836 0.25
2840 0.75
2841 0.75
2842 0.75
2843 0.75
2844 0.75
2845 0.75
2860 0.25
2862 0.25
2865 0.25
2876 0.75
2877 0.75
2878 0.25
2890 0.75
2894 0.75
2896 0.75
2898 0.75
2901 0.25
2902 0.25
2903 0.25
2908 0.25
2911 0.75
2912 0.75
2917 0.25
2918 0.25
2935 0.75
2936 0.75
2937 0.75
2938 0.75
2939 0.75
2940 0.75
2941 0.75
2954 0.25
2959 0.25
2967 0.75
2968 0.75
2971 0.25
2975 0.25
2978 0.25
2981 0.75
2983 0.75
2987 0.25
3000 0.75
3003 0.75
3004 0.25
3008 0.25
3017 0.25
3018 0.25
3025 0.75
3026 0.75
3027 0.75
3028 0.75
3029 0.75
3030 0.75
3036 0.25
3044 0.25
3045 0.25
3049 0.25
3058 0.75
3059 0.75
3063 0.25
3068 0.25
3074 0.75
3083 0.25
3090 0.25
3095 0.75
3108 0.25
3110 0.25
3111 0.25
3116 0.75
3117 0.75
3118 0.75
3119 0.75
3120 0.75
3121 0.75
3127 0.25
3132 0.25
3138 0.25
3149 0.75
3150 0.75
3152 0.75
3163 0.25
3164 0.75
3195 0.25
3197 0.75
3200 0.25
3201 0.75
3202 0.75
3203 0.75
3204 0.75
3205 0.75
3206 0.75
3218 0.25
3231 0.75
3232 0.75
3233 0.75
3240 0.25
3247 0.75
3251 0.25
3253 0.25
3255 0.25
3260 0.25
3266 0.25
3280 0.75
3283 0.75
3284 0.75
3285 0.75
3286 0.75
3287 0.75
3288 0.75
3289 0.75
3293 0.25
3294 0.25
3301 0.25
3302 0.25
3304 0.25
3308 0.25
3309 0.75
3310 0.75
3311 0.75
3312 0.75
3313 0.75
3316 0.75
3317 0.75
3329 0.25
3330 0.25
3331 0.25
3339 0.75
3356 0.75
3357 0.75
3361 0.75
3362 0.75
3363 0.75
3364 0.75
3365 0.75
3369 0.25
3371 0.25
3373 0.25
3382 0.75
3383 0.75
3385 0.75
3400 0.25
3401 0.25
3424 0.25
3426 0.75
3427 0.75
3428 0.75
3429 0.75
3432 0.75
3433 0.75
3434 0.75
3435 0.75
3436 0.75
3437 0.75
3442 0.25
3445 0.25
3450 0.25
3451 0.75
3452 0.75
3456 0.75
3458 0.75
3466 0.25
3469 0.25
3472 0.25
3474 0.25
3482 0.75
3485 0.25
3496 0.75
3497 0.75
3498 0.75
3499 0.75
3500 0.75
3501 0.75
3502 0.75
3503 0.75
3504 0.75
3505 0.75
3506 0.75
3508 0.75
3509 0.75
3511 0.25
3526 0.75
3527 0.75
3541 0.25
3554 0.75
3567 0.75
3568 0.75
3569 0.75
3571 0.75
3572 0.75
3573 0.75
3574 0.75
3575 0.75
3576 0.75
3577 0.75
3578 0.75
3580 0.75
3581 0.75
3590 0.25
3591 0.25
3593 0.75
3594 0.75
3595 0.75
3597 0.75
3605 0.25
3606 0.25
3608 0.25
3609 0.25
3613 0.25
3620 0.75
3621 0.75
3633 0.75
3634 0.75
3635 0.75
3636 0.75
3637 0.75
3638 0.75
3639 0.75
3640 0.75
3641 0.75
3642 0.75
3643 0.75
3644 0.75
3645 0.75
3646 0.75
3647 0.75
3650 0.25
3652 0.25
3655 0.75
3656 0.75
3657 0.75
3658 0.75
3671 0.25
3674 0.25
3678 0.75
3683 0.75
3684 0.75
3685 0.75
3687 0.75
3689 0.25
3690 0.25
3695 0.75
3697 0.75
3698 0.75
3699 0.75
3700 0.75
3701 0.75
3702 0.75
3703 0.75
3704 0.75
3705 0.75
3708 0.75
3712 0.25
3715 0.75
3716 0.75
3717 0.75
3727 0.25
3730 0.25
3740 0.75
3742 0.75
3744 0.75
3745 0.75
3748 0.25
3753 0.75
3754 0.75
3757 0.75
3758 0.75
3759 0.75
3760 0.75
3761 0.75
3762 0.75
3763 0.75
3764 0.75
3775 0.75
3776 0.75
3788 0.25
3791 0.25
3795 0.25
3798 0.75
3799 0.75
3800 0.75
3802 0.75
3803 0.75
3804 0.75
3805 0.75
3811 0.75
3812 0.75
3815 0.75
3816 0.75
3817 0.75
3818 0.75
3819 0.75
3820 0.75
3821 0.75
3822 0.75
3824 0.75
3825 0.25
3831 0.75
3832 0.75
3838 0.25
3843 0.25
3854 0.75
3855 0.75
3856 0.75
3857 0.75
3858 0.75
3859 0.75
3865 0.75
3866 0.75
3867 0.75
3871 0.75
3872 0.75
3873 0.75
3874 0.75
3878 0.75
3887 0.75
3892 0.25
3893 0.25
3900 0.25
3910 0.75
3912 0.75
3913 0.75
3915 0.75
3918 0.75
3919 0.75
3920 0.75
3921 0.75
3922 0.75
3923 0.75
3924 0.75
3928 0.75
3929 0.75
3930 0.75
3931 0.75
3932 0.75
3938 0.25
3939 0.25
3943 0.75
3955 0.25
3964 0.75
3969 0.75
3970 0.75
3972 0.75
3973 0.75
3974 0.75
3975 0.75
3976 0.75
3977 0.75
3978 0.75
3982 0.75
3983 0.75
3984 0.75
3985 0.75
3986 0.75
3987 0.25
3988 0.25
3989 0.25
3992 0.25
3995 0.25
3999 0.75
4000 0.75
4001 0.75
4002 0.75
4005 0.25
4024 0.75
4026 0.75
4029 0.75
4030 0.75
4031 0.75
4032 0.75
4033 0.75
4036 0.75
4037 0.75
4038 0.75
4039 0.75
4043 0.75
4044 0.75
4053 0.75
4054 0.75
4055 0.75
4060 0.25
4072 0.75
4076 0.75
4081 0.75
4082 0.75
4083 0.75
4084 0.75
4088 0.75
4089 0.75
4090 0.75
4091 0.75
4093 0.75
4102 0.75
4103 0.75
4117 0.75
4120 0.75
4126 0.75
4127 0.75
4133 0.75
4134 0.75
4135 0.75
4136 0.75
4137 0.75
4138 0.75
4161 0.75
4162 0.75
4163 0.75
4169 0.75
4171 0.75
4172 0.75
4175 0.75
4176 0.75
4177 0.75
4178 0.75
4179 0.75
4180 0.75
4181 0.75
4194 0.25
4198 0.75
4199 0.75
4206 0.75
4208 0.75
4209 0.75
4210 0.75
4212 0.75
4213 0.75
4214 0.75
4215 0.75
4216 0.75
4217 0.75
4232 0.25
4235 0.75
4236 0.75
4237 0.75
4238 0.75
4243 0.75
4244 0.75
4246 0.75
4247 0.75
4248 0.75
4250 0.75
4251 0.75
4252 0.75
4253 0.75
4254 0.75
4259 0.25
4264 0.25
4267 0.25
4268 0.25
4280 0.75
4287 0.75
4288 0.75
4289 0.75
4290 0.75
4291 0.75
4292 0.75
4294 0.75
4295 0.75
4304 0.25
4307 0.25
4311 0.25
4318 0.75
4326 0.75
4327 0.75
4328 0.75
4329 0.75
4330 0.75
4331 0.75
4332 0.75
4333 0.75
4335 0.75
4338 0.25
4339 0.25
4354 0.25
4357 0.25
4369 0.75
4370 0.75
4371 0.75
4372 0.75
4373 0.75
4374 0.75
4375 0.75
4376 0.75
4377 0.75
4378 0.75
4387 0.25
4389 0.25
4398 0.25
4409 0.75
4410 0.75
4411 0.75
4412 0.75
4413 0.75
4414 0.75
4415 0.75
4417 0.75
4418 0.25
4438 0.25
4451 0.75
4452 0.75
4459 0.25
4466 0.75
4467 0.75
4473 0.25
4475 0.25
4477 0.25
4480 0.75
4486 0.75
4488 0.75
4489 0.75
4490 0.75
4493 0.75
4494 0.25
4496 0.25
4506 0.75
4509 0.75
4518 0.25
4523 0.75
4525 0.75
4529 0.25
4534 0.25
4555 0.25
4556 0.25
4560 0.25
4563 0.75
4565 0.25
4566 0.25
4585 0.25
4597 0.25
4598 0.25
4627 0.25
4634 0.25
4644 0.25
4645 0.25
4660 0.25
4673 0.25
4674 0.25
4676 0.25
4682 0.25
4687 0.25
4702 0.25
4704 0.25
4706 0.25
4709 0.25
4711 0.25
4714 0.25
4728 0.25
4731 0.75
4738 0.25
4745 0.25
4750 0.25
4752 0.25
4755 0.25
4761 0.25
4769 0.75
4773 0.75
4779 0.25
4783 0.25
4798 0.25
4805 0.75
4810 0.75
4815 0.25
4819 0.25
4823 0.25
4829 0.25
4837 0.75
4839 0.75
4843 0.75
4844 0.75
4846 0.75
4863 0.25
4868 0.25
4875 0.75
4885 0.25
4892 0.25
4897 0.75
4902 0.75
4903 0.75
4909 0.25
4910 0.25
4914 0.25
4919 0.75
4920 0.75
4934 0.25
4935 0.25
4938 0.25
4946 0.75
4957 0.25
4968 0.75
4969 0.75
4987 0.75
5000 0.75
5002 0.75
5013 0.75
5014 0.75
5015 0.75
5016 0.75
5017 0.75
5018 0.75
5027 0.25
5030 0.75
5031 0.75
5045 0.75
5048 0.75
5055 0.75
5056 0.75
5059 0.25
5065 0.75
5066 0.75
5067 0.75
5069 0.75
5074 0.75
5077 0.25
5078 0.25
5081 0.25
5085 0.75
5089 0.75
5093 0.75
5099 0.25
5107 0.75
5110 0.75
5112 0.75
5114 0.75
5115 0.75
5128 0.75
5129 0.75
5130 0.75
5132 0.75
5134 0.75
5135 0.75
5136 0.75
5138 0.75
5149 0.75
5150 0.75
5151 0.75
5156 0.75
5157 0.75
5165 0.25
5173 0.75
5174 0.75
5175 0.75
5176 0.75
5180 0.75
5181 0.75
5182 0.75
5194 0.75
5198 0.75
5203 0.75
5204 0.75
5205 0.75
5209 0.75
5223 0.75
5224 0.75
5225 0.75
5226 0.75
5231 0.75
5232 0.75
5251 0.75
5252 0.75
5254 0.75
5255 0.75
5256 0.75
5259 0.75
5261 0.75
5269 0.25
5273 0.25
5274 0.75
5279 0.75
5280 0.75
5281 0.75
5282 0.75
5285 0.75
5286 0.75
5287 0.75
5289 0.75
5290 0.75
5293 0.25
5298 0.25
5309 0.75
5310 0.75
5311 0.75
5313 0.75
5316 0.75
5317 0.75
5329 0.25
5339 0.75
5340 0.75
5341 0.75
5342 0.75
5343 0.75
5346 0.75
5349 0.75
5357 0.75
5372 0.75
5374 0.75
5385 0.25
5386 0.75
5387 0.75
5402 0.75
5403 0.75
5404 0.75
5405 0.75
5406 0.75
5410 0.75
5413 0.25
5419 0.75
5434 0.75
5435 0.75
5443 0.25
5445 0.25
5448 0.75
5466 0.75
5467 0.75
5468 0.75
5469 0.75
5473 0.25
5475 0.25
5478 0.75
5484 0.75
5497 0.75
5498 0.75
5499 0.75
5500 0.75
5501 0.75
5507 0.25
5513 0.75
5514 0.75
5515 0.75
5516 0.75
5534 0.75
5535 0.75
5536 0.75
5537 0.75
5538 0.75
5540 0.75
5542 0.25
5550 0.75
5551 0.75
5552 0.75
5553 0.75
5555 0.75
5556 0.75
5564 0.75
5573 0.75
5576 0.75
5577 0.75
5583 0.25
5584 0.25
5586 0.25
5591 0.25
5594 0.75
5595 0.75
5596 0.75
5597 0.75
5598 0.75
5607 0.75
5616 0.75
5618 0.75
5620 0.75
5622 0.75
5629 0.25
5637 0.75
5638 0.75
5639 0.75
5640 0.75
5651 0.75
5661 0.75
5665 0.75
5669 0.75
5677 0.25
5684 0.75
5685 0.75
5686 0.75
5702 0.25
5706 0.75
5711 0.75
5713 0.75
5716 0.75
5722 0.25
5729 0.75
5731 0.75
5734 0.75
5743 0.75
5751 0.75
5752 0.75
5753 0.25
5757 0.75
5761 0.75
5772 0.75
5783 0.75
5784 0.75
5787 0.75
5790 0.25
5791 0.25
5794 0.75
5795 0.75
5796 0.75
5799 0.75
5800 0.75
5801 0.75
5803 0.75
5804 0.75
5805 0.75
5806 0.75
5809 0.25
5820 0.75
5825 0.75
5826 0.75
5829 0.75
5836 0.75
5838 0.75
5842 0.75
5843 0.75
5845 0.75
5850 0.25
5851 0.25
5852 0.25
5853 0.25
5866 0.75
5868 0.75
5873 0.25
5876 0.75
5882 0.75
5883 0.75
5884 0.75
5886 0.75
5887 0.75
5889 0.75
5905 0.75
5906 0.75
5907 0.75
5914 0.25
5918 0.75
5919 0.75
5920 0.75
5921 0.75
5922 0.75
5923 0.75
5925 0.75
5926 0.75
5937 0.75
5945 0.75
5946 0.75
5947 0.75
5948 0.75
5949 0.75
5958 0.75
5962 0.75
5964 0.75
5970 0.25
5972 0.25
5974 0.75
5982 0.75
5984 0.75
5987 0.75
5988 0.75
5993 0.75
5995 0.75
5996 0.75
5997 0.75
5999 0.75
6000 0.75
6001 0.75
6002 0.75
6021 0.75
6022 0.75
6023 0.75
6024 0.75
6029 0.25
6030 0.75
6033 0.75
6034 0.75
6038 0.75
6039 0.75
6044 0.25
6045 0.25
6047 0.25
6061 0.75
6062 0.75
6068 0.75
6070 0.75
6072 0.75
6073 0.75
6076 0.75
6077 0.75
6082 0.25
6085 0.25
6096 0.75
6097 0.75
6100 0.75
6106 0.25
6110 0.75
6115 0.75
6121 0.25
6124 0.25
6134 0.75
6136 0.75
6137 0.75
6143 0.25
6152 0.75
6162 0.25
6163 0.25
6167 0.75
6172 0.75
6174 0.75
6175 0.75
6176 0.75
6190 0.75
6196 0.25
6198 0.25
6206 0.75
6210 0.75
6211 0.75
6213 0.75
6214 0.75
6215 0.75
6217 0.75
6221 0.25
6234 0.75
6243 0.75
6244 0.75
6249 0.75
6251 0.75
6252 0.75
6253 0.75
6254 0.75
6257 0.75
6258 0.75
6260 0.25
6264 0.25
6271 0.75
6278 0.25
6283 0.75
6284 0.75
6289 0.75
6290 0.75
6292 0.75
6293 0.75
6294 0.75
6295 0.75
6303 0.25
6309 0.75
6311 0.75
6321 0.25
6328 0.75
6330 0.75
6331 0.75
6332 0.75
6333 0.75
6334 0.75
6335 0.75
6336 0.75
6354 0.75
6363 0.75
6364 0.75
6365 0.75
6369 0.75
6370 0.75
6371 0.75
6372 0.75
6373 0.75
6374 0.75
6376 0.75
6393 0.75
6400 0.25
6401 0.25
6407 0.75
6410 0.75
6411 0.75
6412 0.75
6413 0.75
6414 0.75
6415 0.75
6416 0.75
6428 0.75
6431 0.75
6437 0.75
6440 0.25
6441 0.25
6444 0.25
6445 0.75
6446 0.75
6449 0.75
6450 0.75
6451 0.75
6452 0.75
6453 0.75
6454 0.75
6455 0.75
6456 0.75
6461 0.75
6462 0.75
6470 0.75
6473 0.75
6476 0.25
6477 0.75
6481 0.25
6487 0.75
6489 0.75
6490 0.75
6491 0.75
6492 0.75
6494 0.75
6495 0.75
6496 0.75
6497 0.75
6498 0.75
6500 0.75
6501 0.75
6511 0.75
6520 0.25
6527 0.75
6530 0.75
6531 0.75
6534 0.75
6535 0.75
6536 0.75
6537 0.75
6538 0.75
6539 0.75
6540 0.75
6541 0.75
6543 0.75
6545 0.75
6547 0.75
6560 0.25
6566 0.75
6567 0.75
6568 0.75
6569 0.75
6570 0.75
6572 0.75
6573 0.75
6574 0.75
6575 0.75
6576 0.75
6577 0.75
6581 0.75
6582 0.75
6583 0.75
6584 0.75
6602 0.75
6605 0.75
6606 0.75
6607 0.75
6608 0.75
6610 0.75
6612 0.75
6613 0.75
6614 0.75
6615 0.75
6616 0.75
6617 0.75
6618 0.75
6620 0.75
6621 0.75
6623 0.75
6635 0.25
6637 0.25
6638 0.25
6643 0.75
6644 0.75
6645 0.75
6646 0.75
6647 0.75
6648 0.75
6651 0.75
6652 0.75
6653 0.75
6654 0.75
6655 0.75
6656 0.75
6657 0.75
6658 0.75
6659 0.75
6660 0.75
6661 0.75
6662 0.75
6682 0.75
6684 0.75
6685 0.75
6686 0.75
6687 0.75
6688 0.75
6689 0.75
6690 0.75
6691 0.75
6692 0.75
6693 0.75
6694 0.75
6695 0.75
6696 0.75
6697 0.75
6698 0.75
6699 0.75
6700 0.75
6701 0.75
6702 0.75
6703 0.75
6719 0.25
6721 0.75
6722 0.75
6723 0.75
6724 0.75
6725 0.75
6726 0.75
6727 0.75
6728 0.75
6730 0.75
6731 0.75
6732 0.75
6733 0.75
6734 0.75
6735 0.75
6736 0.75
6737 0.75
6738 0.75
6739 0.75
6740 0.75
6743 0.75
6754 0.25
6757 0.75
6759 0.75
6760 0.75
6763 0.75
6764 0.75
6765 0.75
6766 0.75
6767 0.75
6768 0.75
6769 0.75
6770 0.75
6771 0.75
6772 0.75
6773 0.75
6774 0.75
6775 0.75
6777 0.75
6790 0.25
6793 0.25
6797 0.75
6798 0.75
6800 0.75
6802 0.75
6803 0.75
6804 0.75
6805 0.75
6806 0.75
6807 0.75
6808 0.75
6810 0.75
6811 0.75
6826 0.25
6828 0.25
6832 0.75
6833 0.75
6834 0.75
6835 0.75
6839 0.75
6840 0.75
6843 0.75
6844 0.75
6845 0.75
6846 0.75
6847 0.75
6848 0.75
6849 0.75
6852 0.75
6864 0.25
6866 0.25
6870 0.75
6871 0.75
6873 0.75
6874 0.75
6875 0.75
6878 0.75
6879 0.75
6883 0.75
6884 0.75
6885 0.75
6886 0.75
6887 0.75
6888 0.75
6901 0.25
6904 0.25
6905 0.25
6909 0.75
6912 0.75
6913 0.75
6918 0.75
6919 0.75
6920 0.75
6924 0.75
6928 0.75
6944 0.25
6953 0.75
6954 0.75
6958 0.75
6959 0.75
6960 0.75
6963 0.75
6966 0.75
6982 0.25
6985 0.25
6992 0.75
7000 0.75
7001 0.75
7004 0.75
7005 0.75
7028 0.25
7036 0.25
7039 0.75
7049 0.75
7050 0.75
7051 0.75
7055 0.75
7066 0.25
7072 0.25
7088 0.75
7091 0.75
7104 0.75
7117 0.25
7154 0.25
7155 0.25
7157 0.25
7158 0.25
7177 0.75
7183 0.75
7186 0.75
7201 0.25
7205 0.25
7210 0.25
7226 0.75
7230 0.75
7231 0.75
7237 0.75
7253 0.25
7267 0.75
7289 0.25
7290 0.25
7294 0.25
7320 0.75
7322 0.75
7365 0.75
7369 0.25
7371 0.25
7372 0.25
7373 0.25
7376 0.25
7408 0.75
7409 0.75
7425 0.25
7427 0.25
7430 0.25
7450 0.75
7468 0.25
7470 0.25
7474 0.25
7479 0.25
7503 0.75
7504 0.75
7512 0.75
7521 0.25
7523 0.25
7528 0.25
7530 0.25
7535 0.25
7539 0.25
7581 0.25
7582 0.25
7592 0.25
7593 0.25
7597 0.25
7626 0.75
7627 0.75
7628 0.75
7645 0.25
7647 0.25
7650 0.25
7651 0.25
7658 0.25
7659 0.25
7661 0.25
7663 0.25
7691 0.75
7692 0.75
7693 0.75
7718 0.25
7762 0.75
7763 0.75
7764 0.75
7784 0.25
7786 0.25
7788 0.25
7794 0.25
7795 0.25
7835 0.75
7857 0.25
7860 0.25
7864 0.25
7865 0.25
7867 0.25
7934 0.25
7939 0.25
8010 0.25
36598 0.25
36603 0.25
36606 0.25
36637 0.25
36644 0.25
36648 0.25
36670 0.25
36677 0.25
36682 0.25
36712 0.25
36714 0.25
36751 0.25
36753 0.25
36759 0.25
36769 0.25
36774 0.25
36775 0.25
36785 0.25
36787 0.25
36788 0.25
36799 0.25
36814 0.25
36816 0.25
36824 0.25
36838 0.25
36839 0.25
36850 0.25
36873 0.25
36874 0.25
36884 0.25
36893 0.25
36896 0.25
36898 0.25
36910 0.25
36911 0.25
36956 0.25
36965 0.25
36991 0.25
37178 0.25
37204 0.25
37216 0.25
37463 0.25
37499 0.25
37515 0.25
37522 0.25
37529 0.25
37538 0.25
37591 0.25
37598 0.25
37601 0.75
37619 0.25
37622 0.25
37665 0.25
37671 0.25
37680 0.25
37691 0.25
