pt_graph cpue_kghour
1630 0
1630 124.2371639
1630 124.2371639
1630 124.2371639
1630 124.2371639
1630 0
1630 6.639784089
1630 6.439333388
1630 6.439333388
1630 6.439333388
1630 6.439333388
1630 11.96256282
1630 11.96256282
1630 11.96256282
1630 11.96256282
1630 11.96256282
1630 0
1630 0
1630 0
1630 0
1630 0
1630 0
1630 11.23996645
1630 11.23996645
1630 11.23996645
1630 0
1630 156.3711461
1630 2.572216746
1630 2.572216746
1630 4.018922119
1630 4.018922119
1630 4.018922119
1630 0
1630 3.903436901
1630 3.903436901
1630 0
1630 0
1278 0
1278 124.2371639
1278 124.2371639
1278 124.2371639
1278 124.2371639
1278 0
1278 6.639784089
1278 6.439333388
1278 6.439333388
1278 6.439333388
1278 6.439333388
1278 11.96256282
1278 11.96256282
1278 11.96256282
1278 11.96256282
1278 11.96256282
1278 0
1278 0
1278 0
1278 0
1278 0
1278 0
1278 11.23996645
1278 11.23996645
1278 11.23996645
1278 0
1278 156.3711461
1278 2.572216746
1278 2.572216746
1278 4.018922119
1278 4.018922119
1278 4.018922119
1278 0
1278 3.903436901
1278 3.903436901
1278 0
1278 0
2894 0
2894 124.2371639
2894 124.2371639
2894 124.2371639
2894 124.2371639
2894 0
2894 6.639784089
2894 6.439333388
2894 6.439333388
2894 6.439333388
2894 6.439333388
2894 11.96256282
2894 11.96256282
2894 11.96256282
2894 11.96256282
2894 11.96256282
2894 0
2894 0
2894 0
2894 0
2894 0
2894 0
2894 11.23996645
2894 11.23996645
2894 11.23996645
2894 0
2894 156.3711461
2894 2.572216746
2894 2.572216746
2894 4.018922119
2894 4.018922119
2894 4.018922119
2894 0
2894 3.903436901
2894 3.903436901
2894 0
2894 0
2983 0
2983 124.2371639
2983 124.2371639
2983 124.2371639
2983 124.2371639
2983 0
2983 6.639784089
2983 6.439333388
2983 6.439333388
2983 6.439333388
2983 6.439333388
2983 11.96256282
2983 11.96256282
2983 11.96256282
2983 11.96256282
2983 11.96256282
2983 0
2983 0
2983 0
2983 0
2983 0
2983 0
2983 11.23996645
2983 11.23996645
2983 11.23996645
2983 0
2983 156.3711461
2983 2.572216746
2983 2.572216746
2983 4.018922119
2983 4.018922119
2983 4.018922119
2983 0
2983 3.903436901
2983 3.903436901
2983 0
2983 0
2800 0
2800 124.2371639
2800 124.2371639
2800 124.2371639
2800 124.2371639
2800 0
2800 6.639784089
2800 6.439333388
2800 6.439333388
2800 6.439333388
2800 6.439333388
2800 11.96256282
2800 11.96256282
2800 11.96256282
2800 11.96256282
2800 11.96256282
2800 0
2800 0
2800 0
2800 0
2800 0
2800 0
2800 11.23996645
2800 11.23996645
2800 11.23996645
2800 0
2800 156.3711461
2800 2.572216746
2800 2.572216746
2800 4.018922119
2800 4.018922119
2800 4.018922119
2800 0
2800 3.903436901
2800 3.903436901
2800 0
2800 0
2896 0
2896 124.2371639
2896 124.2371639
2896 124.2371639
2896 124.2371639
2896 0
2896 6.639784089
2896 6.439333388
2896 6.439333388
2896 6.439333388
2896 6.439333388
2896 11.96256282
2896 11.96256282
2896 11.96256282
2896 11.96256282
2896 11.96256282
2896 0
2896 0
2896 0
2896 0
2896 0
2896 0
2896 11.23996645
2896 11.23996645
2896 11.23996645
2896 0
2896 156.3711461
2896 2.572216746
2896 2.572216746
2896 4.018922119
2896 4.018922119
2896 4.018922119
2896 0
2896 3.903436901
2896 3.903436901
2896 0
2896 0
2707 0
2707 124.2371639
2707 124.2371639
2707 124.2371639
2707 124.2371639
2707 0
2707 6.639784089
2707 6.439333388
2707 6.439333388
2707 6.439333388
2707 6.439333388
2707 11.96256282
2707 11.96256282
2707 11.96256282
2707 11.96256282
2707 11.96256282
2707 0
2707 0
2707 0
2707 0
2707 0
2707 0
2707 11.23996645
2707 11.23996645
2707 11.23996645
2707 0
2707 156.3711461
2707 2.572216746
2707 2.572216746
2707 4.018922119
2707 4.018922119
2707 4.018922119
2707 0
2707 3.903436901
2707 3.903436901
2707 0
2707 0
2539 0
2539 124.2371639
2539 124.2371639
2539 124.2371639
2539 124.2371639
2539 0
2539 6.639784089
2539 6.439333388
2539 6.439333388
2539 6.439333388
2539 6.439333388
2539 11.96256282
2539 11.96256282
2539 11.96256282
2539 11.96256282
2539 11.96256282
2539 0
2539 0
2539 0
2539 0
2539 0
2539 0
2539 11.23996645
2539 11.23996645
2539 11.23996645
2539 0
2539 156.3711461
2539 2.572216746
2539 2.572216746
2539 4.018922119
2539 4.018922119
2539 4.018922119
2539 0
2539 3.903436901
2539 3.903436901
2539 0
2539 0
3337 0
3337 124.2371639
3337 124.2371639
3337 124.2371639
3337 124.2371639
3337 0
3337 6.639784089
3337 6.439333388
3337 6.439333388
3337 6.439333388
3337 6.439333388
3337 11.96256282
3337 11.96256282
3337 11.96256282
3337 11.96256282
3337 11.96256282
3337 0
3337 0
3337 0
3337 0
3337 0
3337 0
3337 11.23996645
3337 11.23996645
3337 11.23996645
3337 0
3337 156.3711461
3337 2.572216746
3337 2.572216746
3337 4.018922119
3337 4.018922119
3337 4.018922119
3337 0
3337 3.903436901
3337 3.903436901
3337 0
3337 0
3622 0
3622 124.2371639
3622 124.2371639
3622 124.2371639
3622 124.2371639
3622 0
3622 6.639784089
3622 6.439333388
3622 6.439333388
3622 6.439333388
3622 6.439333388
3622 11.96256282
3622 11.96256282
3622 11.96256282
3622 11.96256282
3622 11.96256282
3622 0
3622 0
3622 0
3622 0
3622 0
3622 0
3622 11.23996645
3622 11.23996645
3622 11.23996645
3622 0
3622 156.3711461
3622 2.572216746
3622 2.572216746
3622 4.018922119
3622 4.018922119
3622 4.018922119
3622 0
3622 3.903436901
3622 3.903436901
3622 0
3622 0
4369 0
4369 124.2371639
4369 124.2371639
4369 124.2371639
4369 124.2371639
4369 0
4369 6.639784089
4369 6.439333388
4369 6.439333388
4369 6.439333388
4369 6.439333388
4369 11.96256282
4369 11.96256282
4369 11.96256282
4369 11.96256282
4369 11.96256282
4369 0
4369 0
4369 0
4369 0
4369 0
4369 0
4369 11.23996645
4369 11.23996645
4369 11.23996645
4369 0
4369 156.3711461
4369 2.572216746
4369 2.572216746
4369 4.018922119
4369 4.018922119
4369 4.018922119
4369 0
4369 3.903436901
4369 3.903436901
4369 0
4369 0
3805 0
3805 124.2371639
3805 124.2371639
3805 124.2371639
3805 124.2371639
3805 0
3805 6.639784089
3805 6.439333388
3805 6.439333388
3805 6.439333388
3805 6.439333388
3805 11.96256282
3805 11.96256282
3805 11.96256282
3805 11.96256282
3805 11.96256282
3805 0
3805 0
3805 0
3805 0
3805 0
3805 0
3805 11.23996645
3805 11.23996645
3805 11.23996645
3805 0
3805 156.3711461
3805 2.572216746
3805 2.572216746
3805 4.018922119
3805 4.018922119
3805 4.018922119
3805 0
3805 3.903436901
3805 3.903436901
3805 0
3805 0
4029 0
4029 124.2371639
4029 124.2371639
4029 124.2371639
4029 124.2371639
4029 0
4029 6.639784089
4029 6.439333388
4029 6.439333388
4029 6.439333388
4029 6.439333388
4029 11.96256282
4029 11.96256282
4029 11.96256282
4029 11.96256282
4029 11.96256282
4029 0
4029 0
4029 0
4029 0
4029 0
4029 0
4029 11.23996645
4029 11.23996645
4029 11.23996645
4029 0
4029 156.3711461
4029 2.572216746
4029 2.572216746
4029 4.018922119
4029 4.018922119
4029 4.018922119
4029 0
4029 3.903436901
4029 3.903436901
4029 0
4029 0
4327 0
4327 124.2371639
4327 124.2371639
4327 124.2371639
4327 124.2371639
4327 0
4327 6.639784089
4327 6.439333388
4327 6.439333388
4327 6.439333388
4327 6.439333388
4327 11.96256282
4327 11.96256282
4327 11.96256282
4327 11.96256282
4327 11.96256282
4327 0
4327 0
4327 0
4327 0
4327 0
4327 0
4327 11.23996645
4327 11.23996645
4327 11.23996645
4327 0
4327 156.3711461
4327 2.572216746
4327 2.572216746
4327 4.018922119
4327 4.018922119
4327 4.018922119
4327 0
4327 3.903436901
4327 3.903436901
4327 0
4327 0
4683 0
4683 124.2371639
4683 124.2371639
4683 124.2371639
4683 124.2371639
4683 0
4683 6.639784089
4683 6.439333388
4683 6.439333388
4683 6.439333388
4683 6.439333388
4683 11.96256282
4683 11.96256282
4683 11.96256282
4683 11.96256282
4683 11.96256282
4683 0
4683 0
4683 0
4683 0
4683 0
4683 0
4683 11.23996645
4683 11.23996645
4683 11.23996645
4683 0
4683 156.3711461
4683 2.572216746
4683 2.572216746
4683 4.018922119
4683 4.018922119
4683 4.018922119
4683 0
4683 3.903436901
4683 3.903436901
4683 0
4683 0
3916 0
3916 124.2371639
3916 124.2371639
3916 124.2371639
3916 124.2371639
3916 0
3916 6.639784089
3916 6.439333388
3916 6.439333388
3916 6.439333388
3916 6.439333388
3916 11.96256282
3916 11.96256282
3916 11.96256282
3916 11.96256282
3916 11.96256282
3916 0
3916 0
3916 0
3916 0
3916 0
3916 0
3916 11.23996645
3916 11.23996645
3916 11.23996645
3916 0
3916 156.3711461
3916 2.572216746
3916 2.572216746
3916 4.018922119
3916 4.018922119
3916 4.018922119
3916 0
3916 3.903436901
3916 3.903436901
3916 0
3916 0
4206 0
4206 124.2371639
4206 124.2371639
4206 124.2371639
4206 124.2371639
4206 0
4206 6.639784089
4206 6.439333388
4206 6.439333388
4206 6.439333388
4206 6.439333388
4206 11.96256282
4206 11.96256282
4206 11.96256282
4206 11.96256282
4206 11.96256282
4206 0
4206 0
4206 0
4206 0
4206 0
4206 0
4206 11.23996645
4206 11.23996645
4206 11.23996645
4206 0
4206 156.3711461
4206 2.572216746
4206 2.572216746
4206 4.018922119
4206 4.018922119
4206 4.018922119
4206 0
4206 3.903436901
4206 3.903436901
4206 0
4206 0
4371 0
4371 124.2371639
4371 124.2371639
4371 124.2371639
4371 124.2371639
4371 0
4371 6.639784089
4371 6.439333388
4371 6.439333388
4371 6.439333388
4371 6.439333388
4371 11.96256282
4371 11.96256282
4371 11.96256282
4371 11.96256282
4371 11.96256282
4371 0
4371 0
4371 0
4371 0
4371 0
4371 0
4371 11.23996645
4371 11.23996645
4371 11.23996645
4371 0
4371 156.3711461
4371 2.572216746
4371 2.572216746
4371 4.018922119
4371 4.018922119
4371 4.018922119
4371 0
4371 3.903436901
4371 3.903436901
4371 0
4371 0
4411 0
4411 124.2371639
4411 124.2371639
4411 124.2371639
4411 124.2371639
4411 0
4411 6.639784089
4411 6.439333388
4411 6.439333388
4411 6.439333388
4411 6.439333388
4411 11.96256282
4411 11.96256282
4411 11.96256282
4411 11.96256282
4411 11.96256282
4411 0
4411 0
4411 0
4411 0
4411 0
4411 0
4411 11.23996645
4411 11.23996645
4411 11.23996645
4411 0
4411 156.3711461
4411 2.572216746
4411 2.572216746
4411 4.018922119
4411 4.018922119
4411 4.018922119
4411 0
4411 3.903436901
4411 3.903436901
4411 0
4411 0
4082 0
4082 124.2371639
4082 124.2371639
4082 124.2371639
4082 124.2371639
4082 0
4082 6.639784089
4082 6.439333388
4082 6.439333388
4082 6.439333388
4082 6.439333388
4082 11.96256282
4082 11.96256282
4082 11.96256282
4082 11.96256282
4082 11.96256282
4082 0
4082 0
4082 0
4082 0
4082 0
4082 0
4082 11.23996645
4082 11.23996645
4082 11.23996645
4082 0
4082 156.3711461
4082 2.572216746
4082 2.572216746
4082 4.018922119
4082 4.018922119
4082 4.018922119
4082 0
4082 3.903436901
4082 3.903436901
4082 0
4082 0
4127 0
4127 124.2371639
4127 124.2371639
4127 124.2371639
4127 124.2371639
4127 0
4127 6.639784089
4127 6.439333388
4127 6.439333388
4127 6.439333388
4127 6.439333388
4127 11.96256282
4127 11.96256282
4127 11.96256282
4127 11.96256282
4127 11.96256282
4127 0
4127 0
4127 0
4127 0
4127 0
4127 0
4127 11.23996645
4127 11.23996645
4127 11.23996645
4127 0
4127 156.3711461
4127 2.572216746
4127 2.572216746
4127 4.018922119
4127 4.018922119
4127 4.018922119
4127 0
4127 3.903436901
4127 3.903436901
4127 0
4127 0
4329 0
4329 124.2371639
4329 124.2371639
4329 124.2371639
4329 124.2371639
4329 0
4329 6.639784089
4329 6.439333388
4329 6.439333388
4329 6.439333388
4329 6.439333388
4329 11.96256282
4329 11.96256282
4329 11.96256282
4329 11.96256282
4329 11.96256282
4329 0
4329 0
4329 0
4329 0
4329 0
4329 0
4329 11.23996645
4329 11.23996645
4329 11.23996645
4329 0
4329 156.3711461
4329 2.572216746
4329 2.572216746
4329 4.018922119
4329 4.018922119
4329 4.018922119
4329 0
4329 3.903436901
4329 3.903436901
4329 0
4329 0
4372 0
4372 124.2371639
4372 124.2371639
4372 124.2371639
4372 124.2371639
4372 0
4372 6.639784089
4372 6.439333388
4372 6.439333388
4372 6.439333388
4372 6.439333388
4372 11.96256282
4372 11.96256282
4372 11.96256282
4372 11.96256282
4372 11.96256282
4372 0
4372 0
4372 0
4372 0
4372 0
4372 0
4372 11.23996645
4372 11.23996645
4372 11.23996645
4372 0
4372 156.3711461
4372 2.572216746
4372 2.572216746
4372 4.018922119
4372 4.018922119
4372 4.018922119
4372 0
4372 3.903436901
4372 3.903436901
4372 0
4372 0
3918 0
3918 124.2371639
3918 124.2371639
3918 124.2371639
3918 124.2371639
3918 0
3918 6.639784089
3918 6.439333388
3918 6.439333388
3918 6.439333388
3918 6.439333388
3918 11.96256282
3918 11.96256282
3918 11.96256282
3918 11.96256282
3918 11.96256282
3918 0
3918 0
3918 0
3918 0
3918 0
3918 0
3918 11.23996645
3918 11.23996645
3918 11.23996645
3918 0
3918 156.3711461
3918 2.572216746
3918 2.572216746
3918 4.018922119
3918 4.018922119
3918 4.018922119
3918 0
3918 3.903436901
3918 3.903436901
3918 0
3918 0
4171 0
4171 124.2371639
4171 124.2371639
4171 124.2371639
4171 124.2371639
4171 0
4171 6.639784089
4171 6.439333388
4171 6.439333388
4171 6.439333388
4171 6.439333388
4171 11.96256282
4171 11.96256282
4171 11.96256282
4171 11.96256282
4171 11.96256282
4171 0
4171 0
4171 0
4171 0
4171 0
4171 0
4171 11.23996645
4171 11.23996645
4171 11.23996645
4171 0
4171 156.3711461
4171 2.572216746
4171 2.572216746
4171 4.018922119
4171 4.018922119
4171 4.018922119
4171 0
4171 3.903436901
4171 3.903436901
4171 0
4171 0
4330 0
4330 124.2371639
4330 124.2371639
4330 124.2371639
4330 124.2371639
4330 0
4330 6.639784089
4330 6.439333388
4330 6.439333388
4330 6.439333388
4330 6.439333388
4330 11.96256282
4330 11.96256282
4330 11.96256282
4330 11.96256282
4330 11.96256282
4330 0
4330 0
4330 0
4330 0
4330 0
4330 0
4330 11.23996645
4330 11.23996645
4330 11.23996645
4330 0
4330 156.3711461
4330 2.572216746
4330 2.572216746
4330 4.018922119
4330 4.018922119
4330 4.018922119
4330 0
4330 3.903436901
4330 3.903436901
4330 0
4330 0
4373 0
4373 124.2371639
4373 124.2371639
4373 124.2371639
4373 124.2371639
4373 0
4373 6.639784089
4373 6.439333388
4373 6.439333388
4373 6.439333388
4373 6.439333388
4373 11.96256282
4373 11.96256282
4373 11.96256282
4373 11.96256282
4373 11.96256282
4373 0
4373 0
4373 0
4373 0
4373 0
4373 0
4373 11.23996645
4373 11.23996645
4373 11.23996645
4373 0
4373 156.3711461
4373 2.572216746
4373 2.572216746
4373 4.018922119
4373 4.018922119
4373 4.018922119
4373 0
4373 3.903436901
4373 3.903436901
4373 0
4373 0
4413 0
4413 124.2371639
4413 124.2371639
4413 124.2371639
4413 124.2371639
4413 0
4413 6.639784089
4413 6.439333388
4413 6.439333388
4413 6.439333388
4413 6.439333388
4413 11.96256282
4413 11.96256282
4413 11.96256282
4413 11.96256282
4413 11.96256282
4413 0
4413 0
4413 0
4413 0
4413 0
4413 0
4413 11.23996645
4413 11.23996645
4413 11.23996645
4413 0
4413 156.3711461
4413 2.572216746
4413 2.572216746
4413 4.018922119
4413 4.018922119
4413 4.018922119
4413 0
4413 3.903436901
4413 3.903436901
4413 0
4413 0
3919 0
3919 124.2371639
3919 124.2371639
3919 124.2371639
3919 124.2371639
3919 0
3919 6.639784089
3919 6.439333388
3919 6.439333388
3919 6.439333388
3919 6.439333388
3919 11.96256282
3919 11.96256282
3919 11.96256282
3919 11.96256282
3919 11.96256282
3919 0
3919 0
3919 0
3919 0
3919 0
3919 0
3919 11.23996645
3919 11.23996645
3919 11.23996645
3919 0
3919 156.3711461
3919 2.572216746
3919 2.572216746
3919 4.018922119
3919 4.018922119
3919 4.018922119
3919 0
3919 3.903436901
3919 3.903436901
3919 0
3919 0
4374 0
4374 124.2371639
4374 124.2371639
4374 124.2371639
4374 124.2371639
4374 0
4374 6.639784089
4374 6.439333388
4374 6.439333388
4374 6.439333388
4374 6.439333388
4374 11.96256282
4374 11.96256282
4374 11.96256282
4374 11.96256282
4374 11.96256282
4374 0
4374 0
4374 0
4374 0
4374 0
4374 0
4374 11.23996645
4374 11.23996645
4374 11.23996645
4374 0
4374 156.3711461
4374 2.572216746
4374 2.572216746
4374 4.018922119
4374 4.018922119
4374 4.018922119
4374 0
4374 3.903436901
4374 3.903436901
4374 0
4374 0
4414 0
4414 124.2371639
4414 124.2371639
4414 124.2371639
4414 124.2371639
4414 0
4414 6.639784089
4414 6.439333388
4414 6.439333388
4414 6.439333388
4414 6.439333388
4414 11.96256282
4414 11.96256282
4414 11.96256282
4414 11.96256282
4414 11.96256282
4414 0
4414 0
4414 0
4414 0
4414 0
4414 0
4414 11.23996645
4414 11.23996645
4414 11.23996645
4414 0
4414 156.3711461
4414 2.572216746
4414 2.572216746
4414 4.018922119
4414 4.018922119
4414 4.018922119
4414 0
4414 3.903436901
4414 3.903436901
4414 0
4414 0
3974 0
3974 124.2371639
3974 124.2371639
3974 124.2371639
3974 124.2371639
3974 0
3974 6.639784089
3974 6.439333388
3974 6.439333388
3974 6.439333388
3974 6.439333388
3974 11.96256282
3974 11.96256282
3974 11.96256282
3974 11.96256282
3974 11.96256282
3974 0
3974 0
3974 0
3974 0
3974 0
3974 0
3974 11.23996645
3974 11.23996645
3974 11.23996645
3974 0
3974 156.3711461
3974 2.572216746
3974 2.572216746
3974 4.018922119
3974 4.018922119
3974 4.018922119
3974 0
3974 3.903436901
3974 3.903436901
3974 0
3974 0
4291 0
4291 124.2371639
4291 124.2371639
4291 124.2371639
4291 124.2371639
4291 0
4291 6.639784089
4291 6.439333388
4291 6.439333388
4291 6.439333388
4291 6.439333388
4291 11.96256282
4291 11.96256282
4291 11.96256282
4291 11.96256282
4291 11.96256282
4291 0
4291 0
4291 0
4291 0
4291 0
4291 0
4291 11.23996645
4291 11.23996645
4291 11.23996645
4291 0
4291 156.3711461
4291 2.572216746
4291 2.572216746
4291 4.018922119
4291 4.018922119
4291 4.018922119
4291 0
4291 3.903436901
4291 3.903436901
4291 0
4291 0
4332 0
4332 124.2371639
4332 124.2371639
4332 124.2371639
4332 124.2371639
4332 0
4332 6.639784089
4332 6.439333388
4332 6.439333388
4332 6.439333388
4332 6.439333388
4332 11.96256282
4332 11.96256282
4332 11.96256282
4332 11.96256282
4332 11.96256282
4332 0
4332 0
4332 0
4332 0
4332 0
4332 0
4332 11.23996645
4332 11.23996645
4332 11.23996645
4332 0
4332 156.3711461
4332 2.572216746
4332 2.572216746
4332 4.018922119
4332 4.018922119
4332 4.018922119
4332 0
4332 3.903436901
4332 3.903436901
4332 0
4332 0
4375 0
4375 124.2371639
4375 124.2371639
4375 124.2371639
4375 124.2371639
4375 0
4375 6.639784089
4375 6.439333388
4375 6.439333388
4375 6.439333388
4375 6.439333388
4375 11.96256282
4375 11.96256282
4375 11.96256282
4375 11.96256282
4375 11.96256282
4375 0
4375 0
4375 0
4375 0
4375 0
4375 0
4375 11.23996645
4375 11.23996645
4375 11.23996645
4375 0
4375 156.3711461
4375 2.572216746
4375 2.572216746
4375 4.018922119
4375 4.018922119
4375 4.018922119
4375 0
4375 3.903436901
4375 3.903436901
4375 0
4375 0
4292 0
4292 124.2371639
4292 124.2371639
4292 124.2371639
4292 124.2371639
4292 0
4292 6.639784089
4292 6.439333388
4292 6.439333388
4292 6.439333388
4292 6.439333388
4292 11.96256282
4292 11.96256282
4292 11.96256282
4292 11.96256282
4292 11.96256282
4292 0
4292 0
4292 0
4292 0
4292 0
4292 0
4292 11.23996645
4292 11.23996645
4292 11.23996645
4292 0
4292 156.3711461
4292 2.572216746
4292 2.572216746
4292 4.018922119
4292 4.018922119
4292 4.018922119
4292 0
4292 3.903436901
4292 3.903436901
4292 0
4292 0
4333 0
4333 124.2371639
4333 124.2371639
4333 124.2371639
4333 124.2371639
4333 0
4333 6.639784089
4333 6.439333388
4333 6.439333388
4333 6.439333388
4333 6.439333388
4333 11.96256282
4333 11.96256282
4333 11.96256282
4333 11.96256282
4333 11.96256282
4333 0
4333 0
4333 0
4333 0
4333 0
4333 0
4333 11.23996645
4333 11.23996645
4333 11.23996645
4333 0
4333 156.3711461
4333 2.572216746
4333 2.572216746
4333 4.018922119
4333 4.018922119
4333 4.018922119
4333 0
4333 3.903436901
4333 3.903436901
4333 0
4333 0
4376 0
4376 124.2371639
4376 124.2371639
4376 124.2371639
4376 124.2371639
4376 0
4376 6.639784089
4376 6.439333388
4376 6.439333388
4376 6.439333388
4376 6.439333388
4376 11.96256282
4376 11.96256282
4376 11.96256282
4376 11.96256282
4376 11.96256282
4376 0
4376 0
4376 0
4376 0
4376 0
4376 0
4376 11.23996645
4376 11.23996645
4376 11.23996645
4376 0
4376 156.3711461
4376 2.572216746
4376 2.572216746
4376 4.018922119
4376 4.018922119
4376 4.018922119
4376 0
4376 3.903436901
4376 3.903436901
4376 0
4376 0
3866 0
3866 124.2371639
3866 124.2371639
3866 124.2371639
3866 124.2371639
3866 0
3866 6.639784089
3866 6.439333388
3866 6.439333388
3866 6.439333388
3866 6.439333388
3866 11.96256282
3866 11.96256282
3866 11.96256282
3866 11.96256282
3866 11.96256282
3866 0
3866 0
3866 0
3866 0
3866 0
3866 0
3866 11.23996645
3866 11.23996645
3866 11.23996645
3866 0
3866 156.3711461
3866 2.572216746
3866 2.572216746
3866 4.018922119
3866 4.018922119
3866 4.018922119
3866 0
3866 3.903436901
3866 3.903436901
3866 0
3866 0
3922 0
3922 124.2371639
3922 124.2371639
3922 124.2371639
3922 124.2371639
3922 0
3922 6.639784089
3922 6.439333388
3922 6.439333388
3922 6.439333388
3922 6.439333388
3922 11.96256282
3922 11.96256282
3922 11.96256282
3922 11.96256282
3922 11.96256282
3922 0
3922 0
3922 0
3922 0
3922 0
3922 0
3922 11.23996645
3922 11.23996645
3922 11.23996645
3922 0
3922 156.3711461
3922 2.572216746
3922 2.572216746
3922 4.018922119
3922 4.018922119
3922 4.018922119
3922 0
3922 3.903436901
3922 3.903436901
3922 0
3922 0
4250 0
4250 124.2371639
4250 124.2371639
4250 124.2371639
4250 124.2371639
4250 0
4250 6.639784089
4250 6.439333388
4250 6.439333388
4250 6.439333388
4250 6.439333388
4250 11.96256282
4250 11.96256282
4250 11.96256282
4250 11.96256282
4250 11.96256282
4250 0
4250 0
4250 0
4250 0
4250 0
4250 0
4250 11.23996645
4250 11.23996645
4250 11.23996645
4250 0
4250 156.3711461
4250 2.572216746
4250 2.572216746
4250 4.018922119
4250 4.018922119
4250 4.018922119
4250 0
4250 3.903436901
4250 3.903436901
4250 0
4250 0
3867 0
3867 124.2371639
3867 124.2371639
3867 124.2371639
3867 124.2371639
3867 0
3867 6.639784089
3867 6.439333388
3867 6.439333388
3867 6.439333388
3867 6.439333388
3867 11.96256282
3867 11.96256282
3867 11.96256282
3867 11.96256282
3867 11.96256282
3867 0
3867 0
3867 0
3867 0
3867 0
3867 0
3867 11.23996645
3867 11.23996645
3867 11.23996645
3867 0
3867 156.3711461
3867 2.572216746
3867 2.572216746
3867 4.018922119
3867 4.018922119
3867 4.018922119
3867 0
3867 3.903436901
3867 3.903436901
3867 0
3867 0
3923 0
3923 124.2371639
3923 124.2371639
3923 124.2371639
3923 124.2371639
3923 0
3923 6.639784089
3923 6.439333388
3923 6.439333388
3923 6.439333388
3923 6.439333388
3923 11.96256282
3923 11.96256282
3923 11.96256282
3923 11.96256282
3923 11.96256282
3923 0
3923 0
3923 0
3923 0
3923 0
3923 0
3923 11.23996645
3923 11.23996645
3923 11.23996645
3923 0
3923 156.3711461
3923 2.572216746
3923 2.572216746
3923 4.018922119
3923 4.018922119
3923 4.018922119
3923 0
3923 3.903436901
3923 3.903436901
3923 0
3923 0
3977 0
3977 124.2371639
3977 124.2371639
3977 124.2371639
3977 124.2371639
3977 0
3977 6.639784089
3977 6.439333388
3977 6.439333388
3977 6.439333388
3977 6.439333388
3977 11.96256282
3977 11.96256282
3977 11.96256282
3977 11.96256282
3977 11.96256282
3977 0
3977 0
3977 0
3977 0
3977 0
3977 0
3977 11.23996645
3977 11.23996645
3977 11.23996645
3977 0
3977 156.3711461
3977 2.572216746
3977 2.572216746
3977 4.018922119
3977 4.018922119
3977 4.018922119
3977 0
3977 3.903436901
3977 3.903436901
3977 0
3977 0
4037 0
4037 124.2371639
4037 124.2371639
4037 124.2371639
4037 124.2371639
4037 0
4037 6.639784089
4037 6.439333388
4037 6.439333388
4037 6.439333388
4037 6.439333388
4037 11.96256282
4037 11.96256282
4037 11.96256282
4037 11.96256282
4037 11.96256282
4037 0
4037 0
4037 0
4037 0
4037 0
4037 0
4037 11.23996645
4037 11.23996645
4037 11.23996645
4037 0
4037 156.3711461
4037 2.572216746
4037 2.572216746
4037 4.018922119
4037 4.018922119
4037 4.018922119
4037 0
4037 3.903436901
4037 3.903436901
4037 0
4037 0
4088 0
4088 124.2371639
4088 124.2371639
4088 124.2371639
4088 124.2371639
4088 0
4088 6.639784089
4088 6.439333388
4088 6.439333388
4088 6.439333388
4088 6.439333388
4088 11.96256282
4088 11.96256282
4088 11.96256282
4088 11.96256282
4088 11.96256282
4088 0
4088 0
4088 0
4088 0
4088 0
4088 0
4088 11.23996645
4088 11.23996645
4088 11.23996645
4088 0
4088 156.3711461
4088 2.572216746
4088 2.572216746
4088 4.018922119
4088 4.018922119
4088 4.018922119
4088 0
4088 3.903436901
4088 3.903436901
4088 0
4088 0
4176 0
4176 124.2371639
4176 124.2371639
4176 124.2371639
4176 124.2371639
4176 0
4176 6.639784089
4176 6.439333388
4176 6.439333388
4176 6.439333388
4176 6.439333388
4176 11.96256282
4176 11.96256282
4176 11.96256282
4176 11.96256282
4176 11.96256282
4176 0
4176 0
4176 0
4176 0
4176 0
4176 0
4176 11.23996645
4176 11.23996645
4176 11.23996645
4176 0
4176 156.3711461
4176 2.572216746
4176 2.572216746
4176 4.018922119
4176 4.018922119
4176 4.018922119
4176 0
4176 3.903436901
4176 3.903436901
4176 0
4176 0
4213 0
4213 124.2371639
4213 124.2371639
4213 124.2371639
4213 124.2371639
4213 0
4213 6.639784089
4213 6.439333388
4213 6.439333388
4213 6.439333388
4213 6.439333388
4213 11.96256282
4213 11.96256282
4213 11.96256282
4213 11.96256282
4213 11.96256282
4213 0
4213 0
4213 0
4213 0
4213 0
4213 0
4213 11.23996645
4213 11.23996645
4213 11.23996645
4213 0
4213 156.3711461
4213 2.572216746
4213 2.572216746
4213 4.018922119
4213 4.018922119
4213 4.018922119
4213 0
4213 3.903436901
4213 3.903436901
4213 0
4213 0
4251 0
4251 124.2371639
4251 124.2371639
4251 124.2371639
4251 124.2371639
4251 0
4251 6.639784089
4251 6.439333388
4251 6.439333388
4251 6.439333388
4251 6.439333388
4251 11.96256282
4251 11.96256282
4251 11.96256282
4251 11.96256282
4251 11.96256282
4251 0
4251 0
4251 0
4251 0
4251 0
4251 0
4251 11.23996645
4251 11.23996645
4251 11.23996645
4251 0
4251 156.3711461
4251 2.572216746
4251 2.572216746
4251 4.018922119
4251 4.018922119
4251 4.018922119
4251 0
4251 3.903436901
4251 3.903436901
4251 0
4251 0
4294 0
4294 124.2371639
4294 124.2371639
4294 124.2371639
4294 124.2371639
4294 0
4294 6.639784089
4294 6.439333388
4294 6.439333388
4294 6.439333388
4294 6.439333388
4294 11.96256282
4294 11.96256282
4294 11.96256282
4294 11.96256282
4294 11.96256282
4294 0
4294 0
4294 0
4294 0
4294 0
4294 0
4294 11.23996645
4294 11.23996645
4294 11.23996645
4294 0
4294 156.3711461
4294 2.572216746
4294 2.572216746
4294 4.018922119
4294 4.018922119
4294 4.018922119
4294 0
4294 3.903436901
4294 3.903436901
4294 0
4294 0
4335 0
4335 124.2371639
4335 124.2371639
4335 124.2371639
4335 124.2371639
4335 0
4335 6.639784089
4335 6.439333388
4335 6.439333388
4335 6.439333388
4335 6.439333388
4335 11.96256282
4335 11.96256282
4335 11.96256282
4335 11.96256282
4335 11.96256282
4335 0
4335 0
4335 0
4335 0
4335 0
4335 0
4335 11.23996645
4335 11.23996645
4335 11.23996645
4335 0
4335 156.3711461
4335 2.572216746
4335 2.572216746
4335 4.018922119
4335 4.018922119
4335 4.018922119
4335 0
4335 3.903436901
4335 3.903436901
4335 0
4335 0
3566 0
3566 124.2371639
3566 124.2371639
3566 124.2371639
3566 124.2371639
3566 0
3566 6.639784089
3566 6.439333388
3566 6.439333388
3566 6.439333388
3566 6.439333388
3566 11.96256282
3566 11.96256282
3566 11.96256282
3566 11.96256282
3566 11.96256282
3566 0
3566 0
3566 0
3566 0
3566 0
3566 0
3566 11.23996645
3566 11.23996645
3566 11.23996645
3566 0
3566 156.3711461
3566 2.572216746
3566 2.572216746
3566 4.018922119
3566 4.018922119
3566 4.018922119
3566 0
3566 3.903436901
3566 3.903436901
3566 0
3566 0
3695 0
3695 124.2371639
3695 124.2371639
3695 124.2371639
3695 124.2371639
3695 0
3695 6.639784089
3695 6.439333388
3695 6.439333388
3695 6.439333388
3695 6.439333388
3695 11.96256282
3695 11.96256282
3695 11.96256282
3695 11.96256282
3695 11.96256282
3695 0
3695 0
3695 0
3695 0
3695 0
3695 0
3695 11.23996645
3695 11.23996645
3695 11.23996645
3695 0
3695 156.3711461
3695 2.572216746
3695 2.572216746
3695 4.018922119
3695 4.018922119
3695 4.018922119
3695 0
3695 3.903436901
3695 3.903436901
3695 0
3695 0
3978 0
3978 124.2371639
3978 124.2371639
3978 124.2371639
3978 124.2371639
3978 0
3978 6.639784089
3978 6.439333388
3978 6.439333388
3978 6.439333388
3978 6.439333388
3978 11.96256282
3978 11.96256282
3978 11.96256282
3978 11.96256282
3978 11.96256282
3978 0
3978 0
3978 0
3978 0
3978 0
3978 0
3978 11.23996645
3978 11.23996645
3978 11.23996645
3978 0
3978 156.3711461
3978 2.572216746
3978 2.572216746
3978 4.018922119
3978 4.018922119
3978 4.018922119
3978 0
3978 3.903436901
3978 3.903436901
3978 0
3978 0
4038 0
4038 124.2371639
4038 124.2371639
4038 124.2371639
4038 124.2371639
4038 0
4038 6.639784089
4038 6.439333388
4038 6.439333388
4038 6.439333388
4038 6.439333388
4038 11.96256282
4038 11.96256282
4038 11.96256282
4038 11.96256282
4038 11.96256282
4038 0
4038 0
4038 0
4038 0
4038 0
4038 0
4038 11.23996645
4038 11.23996645
4038 11.23996645
4038 0
4038 156.3711461
4038 2.572216746
4038 2.572216746
4038 4.018922119
4038 4.018922119
4038 4.018922119
4038 0
4038 3.903436901
4038 3.903436901
4038 0
4038 0
4134 0
4134 124.2371639
4134 124.2371639
4134 124.2371639
4134 124.2371639
4134 0
4134 6.639784089
4134 6.439333388
4134 6.439333388
4134 6.439333388
4134 6.439333388
4134 11.96256282
4134 11.96256282
4134 11.96256282
4134 11.96256282
4134 11.96256282
4134 0
4134 0
4134 0
4134 0
4134 0
4134 0
4134 11.23996645
4134 11.23996645
4134 11.23996645
4134 0
4134 156.3711461
4134 2.572216746
4134 2.572216746
4134 4.018922119
4134 4.018922119
4134 4.018922119
4134 0
4134 3.903436901
4134 3.903436901
4134 0
4134 0
3633 0
3633 124.2371639
3633 124.2371639
3633 124.2371639
3633 124.2371639
3633 0
3633 6.639784089
3633 6.439333388
3633 6.439333388
3633 6.439333388
3633 6.439333388
3633 11.96256282
3633 11.96256282
3633 11.96256282
3633 11.96256282
3633 11.96256282
3633 0
3633 0
3633 0
3633 0
3633 0
3633 0
3633 11.23996645
3633 11.23996645
3633 11.23996645
3633 0
3633 156.3711461
3633 2.572216746
3633 2.572216746
3633 4.018922119
3633 4.018922119
3633 4.018922119
3633 0
3633 3.903436901
3633 3.903436901
3633 0
3633 0
4135 0
4135 124.2371639
4135 124.2371639
4135 124.2371639
4135 124.2371639
4135 0
4135 6.639784089
4135 6.439333388
4135 6.439333388
4135 6.439333388
4135 6.439333388
4135 11.96256282
4135 11.96256282
4135 11.96256282
4135 11.96256282
4135 11.96256282
4135 0
4135 0
4135 0
4135 0
4135 0
4135 0
4135 11.23996645
4135 11.23996645
4135 11.23996645
4135 0
4135 156.3711461
4135 2.572216746
4135 2.572216746
4135 4.018922119
4135 4.018922119
4135 4.018922119
4135 0
4135 3.903436901
4135 3.903436901
4135 0
4135 0
4215 0
4215 124.2371639
4215 124.2371639
4215 124.2371639
4215 124.2371639
4215 0
4215 6.639784089
4215 6.439333388
4215 6.439333388
4215 6.439333388
4215 6.439333388
4215 11.96256282
4215 11.96256282
4215 11.96256282
4215 11.96256282
4215 11.96256282
4215 0
4215 0
4215 0
4215 0
4215 0
4215 0
4215 11.23996645
4215 11.23996645
4215 11.23996645
4215 0
4215 156.3711461
4215 2.572216746
4215 2.572216746
4215 4.018922119
4215 4.018922119
4215 4.018922119
4215 0
4215 3.903436901
4215 3.903436901
4215 0
4215 0
3496 0
3496 124.2371639
3496 124.2371639
3496 124.2371639
3496 124.2371639
3496 0
3496 6.639784089
3496 6.439333388
3496 6.439333388
3496 6.439333388
3496 6.439333388
3496 11.96256282
3496 11.96256282
3496 11.96256282
3496 11.96256282
3496 11.96256282
3496 0
3496 0
3496 0
3496 0
3496 0
3496 0
3496 11.23996645
3496 11.23996645
3496 11.23996645
3496 0
3496 156.3711461
3496 2.572216746
3496 2.572216746
3496 4.018922119
3496 4.018922119
3496 4.018922119
3496 0
3496 3.903436901
3496 3.903436901
3496 0
3496 0
3568 0
3568 124.2371639
3568 124.2371639
3568 124.2371639
3568 124.2371639
3568 0
3568 6.639784089
3568 6.439333388
3568 6.439333388
3568 6.439333388
3568 6.439333388
3568 11.96256282
3568 11.96256282
3568 11.96256282
3568 11.96256282
3568 11.96256282
3568 0
3568 0
3568 0
3568 0
3568 0
3568 0
3568 11.23996645
3568 11.23996645
3568 11.23996645
3568 0
3568 156.3711461
3568 2.572216746
3568 2.572216746
3568 4.018922119
3568 4.018922119
3568 4.018922119
3568 0
3568 3.903436901
3568 3.903436901
3568 0
3568 0
4091 0
4091 124.2371639
4091 124.2371639
4091 124.2371639
4091 124.2371639
4091 0
4091 6.639784089
4091 6.439333388
4091 6.439333388
4091 6.439333388
4091 6.439333388
4091 11.96256282
4091 11.96256282
4091 11.96256282
4091 11.96256282
4091 11.96256282
4091 0
4091 0
4091 0
4091 0
4091 0
4091 0
4091 11.23996645
4091 11.23996645
4091 11.23996645
4091 0
4091 156.3711461
4091 2.572216746
4091 2.572216746
4091 4.018922119
4091 4.018922119
4091 4.018922119
4091 0
4091 3.903436901
4091 3.903436901
4091 0
4091 0
3426 0
3426 124.2371639
3426 124.2371639
3426 124.2371639
3426 124.2371639
3426 0
3426 6.639784089
3426 6.439333388
3426 6.439333388
3426 6.439333388
3426 6.439333388
3426 11.96256282
3426 11.96256282
3426 11.96256282
3426 11.96256282
3426 11.96256282
3426 0
3426 0
3426 0
3426 0
3426 0
3426 0
3426 11.23996645
3426 11.23996645
3426 11.23996645
3426 0
3426 156.3711461
3426 2.572216746
3426 2.572216746
3426 4.018922119
3426 4.018922119
3426 4.018922119
3426 0
3426 3.903436901
3426 3.903436901
3426 0
3426 0
3497 0
3497 124.2371639
3497 124.2371639
3497 124.2371639
3497 124.2371639
3497 0
3497 6.639784089
3497 6.439333388
3497 6.439333388
3497 6.439333388
3497 6.439333388
3497 11.96256282
3497 11.96256282
3497 11.96256282
3497 11.96256282
3497 11.96256282
3497 0
3497 0
3497 0
3497 0
3497 0
3497 0
3497 11.23996645
3497 11.23996645
3497 11.23996645
3497 0
3497 156.3711461
3497 2.572216746
3497 2.572216746
3497 4.018922119
3497 4.018922119
3497 4.018922119
3497 0
3497 3.903436901
3497 3.903436901
3497 0
3497 0
3635 0
3635 124.2371639
3635 124.2371639
3635 124.2371639
3635 124.2371639
3635 0
3635 6.639784089
3635 6.439333388
3635 6.439333388
3635 6.439333388
3635 6.439333388
3635 11.96256282
3635 11.96256282
3635 11.96256282
3635 11.96256282
3635 11.96256282
3635 0
3635 0
3635 0
3635 0
3635 0
3635 0
3635 11.23996645
3635 11.23996645
3635 11.23996645
3635 0
3635 156.3711461
3635 2.572216746
3635 2.572216746
3635 4.018922119
3635 4.018922119
3635 4.018922119
3635 0
3635 3.903436901
3635 3.903436901
3635 0
3635 0
3698 0
3698 124.2371639
3698 124.2371639
3698 124.2371639
3698 124.2371639
3698 0
3698 6.639784089
3698 6.439333388
3698 6.439333388
3698 6.439333388
3698 6.439333388
3698 11.96256282
3698 11.96256282
3698 11.96256282
3698 11.96256282
3698 11.96256282
3698 0
3698 0
3698 0
3698 0
3698 0
3698 0
3698 11.23996645
3698 11.23996645
3698 11.23996645
3698 0
3698 156.3711461
3698 2.572216746
3698 2.572216746
3698 4.018922119
3698 4.018922119
3698 4.018922119
3698 0
3698 3.903436901
3698 3.903436901
3698 0
3698 0
3757 0
3757 124.2371639
3757 124.2371639
3757 124.2371639
3757 124.2371639
3757 0
3757 6.639784089
3757 6.439333388
3757 6.439333388
3757 6.439333388
3757 6.439333388
3757 11.96256282
3757 11.96256282
3757 11.96256282
3757 11.96256282
3757 11.96256282
3757 0
3757 0
3757 0
3757 0
3757 0
3757 0
3757 11.23996645
3757 11.23996645
3757 11.23996645
3757 0
3757 156.3711461
3757 2.572216746
3757 2.572216746
3757 4.018922119
3757 4.018922119
3757 4.018922119
3757 0
3757 3.903436901
3757 3.903436901
3757 0
3757 0
4137 0
4137 124.2371639
4137 124.2371639
4137 124.2371639
4137 124.2371639
4137 0
4137 6.639784089
4137 6.439333388
4137 6.439333388
4137 6.439333388
4137 6.439333388
4137 11.96256282
4137 11.96256282
4137 11.96256282
4137 11.96256282
4137 11.96256282
4137 0
4137 0
4137 0
4137 0
4137 0
4137 0
4137 11.23996645
4137 11.23996645
4137 11.23996645
4137 0
4137 156.3711461
4137 2.572216746
4137 2.572216746
4137 4.018922119
4137 4.018922119
4137 4.018922119
4137 0
4137 3.903436901
4137 3.903436901
4137 0
4137 0
4180 0
4180 124.2371639
4180 124.2371639
4180 124.2371639
4180 124.2371639
4180 0
4180 6.639784089
4180 6.439333388
4180 6.439333388
4180 6.439333388
4180 6.439333388
4180 11.96256282
4180 11.96256282
4180 11.96256282
4180 11.96256282
4180 11.96256282
4180 0
4180 0
4180 0
4180 0
4180 0
4180 0
4180 11.23996645
4180 11.23996645
4180 11.23996645
4180 0
4180 156.3711461
4180 2.572216746
4180 2.572216746
4180 4.018922119
4180 4.018922119
4180 4.018922119
4180 0
4180 3.903436901
4180 3.903436901
4180 0
4180 0
3699 0
3699 124.2371639
3699 124.2371639
3699 124.2371639
3699 124.2371639
3699 0
3699 6.639784089
3699 6.439333388
3699 6.439333388
3699 6.439333388
3699 6.439333388
3699 11.96256282
3699 11.96256282
3699 11.96256282
3699 11.96256282
3699 11.96256282
3699 0
3699 0
3699 0
3699 0
3699 0
3699 0
3699 11.23996645
3699 11.23996645
3699 11.23996645
3699 0
3699 156.3711461
3699 2.572216746
3699 2.572216746
3699 4.018922119
3699 4.018922119
3699 4.018922119
3699 0
3699 3.903436901
3699 3.903436901
3699 0
3699 0
3817 0
3817 124.2371639
3817 124.2371639
3817 124.2371639
3817 124.2371639
3817 0
3817 6.639784089
3817 6.439333388
3817 6.439333388
3817 6.439333388
3817 6.439333388
3817 11.96256282
3817 11.96256282
3817 11.96256282
3817 11.96256282
3817 11.96256282
3817 0
3817 0
3817 0
3817 0
3817 0
3817 0
3817 11.23996645
3817 11.23996645
3817 11.23996645
3817 0
3817 156.3711461
3817 2.572216746
3817 2.572216746
3817 4.018922119
3817 4.018922119
3817 4.018922119
3817 0
3817 3.903436901
3817 3.903436901
3817 0
3817 0
3872 0
3872 124.2371639
3872 124.2371639
3872 124.2371639
3872 124.2371639
3872 0
3872 6.639784089
3872 6.439333388
3872 6.439333388
3872 6.439333388
3872 6.439333388
3872 11.96256282
3872 11.96256282
3872 11.96256282
3872 11.96256282
3872 11.96256282
3872 0
3872 0
3872 0
3872 0
3872 0
3872 0
3872 11.23996645
3872 11.23996645
3872 11.23996645
3872 0
3872 156.3711461
3872 2.572216746
3872 2.572216746
3872 4.018922119
3872 4.018922119
3872 4.018922119
3872 0
3872 3.903436901
3872 3.903436901
3872 0
3872 0
4138 0
4138 124.2371639
4138 124.2371639
4138 124.2371639
4138 124.2371639
4138 0
4138 6.639784089
4138 6.439333388
4138 6.439333388
4138 6.439333388
4138 6.439333388
4138 11.96256282
4138 11.96256282
4138 11.96256282
4138 11.96256282
4138 11.96256282
4138 0
4138 0
4138 0
4138 0
4138 0
4138 0
4138 11.23996645
4138 11.23996645
4138 11.23996645
4138 0
4138 156.3711461
4138 2.572216746
4138 2.572216746
4138 4.018922119
4138 4.018922119
4138 4.018922119
4138 0
4138 3.903436901
4138 3.903436901
4138 0
4138 0
3428 0
3428 124.2371639
3428 124.2371639
3428 124.2371639
3428 124.2371639
3428 0
3428 6.639784089
3428 6.439333388
3428 6.439333388
3428 6.439333388
3428 6.439333388
3428 11.96256282
3428 11.96256282
3428 11.96256282
3428 11.96256282
3428 11.96256282
3428 0
3428 0
3428 0
3428 0
3428 0
3428 0
3428 11.23996645
3428 11.23996645
3428 11.23996645
3428 0
3428 156.3711461
3428 2.572216746
3428 2.572216746
3428 4.018922119
3428 4.018922119
3428 4.018922119
3428 0
3428 3.903436901
3428 3.903436901
3428 0
3428 0
3637 0
3637 124.2371639
3637 124.2371639
3637 124.2371639
3637 124.2371639
3637 0
3637 6.639784089
3637 6.439333388
3637 6.439333388
3637 6.439333388
3637 6.439333388
3637 11.96256282
3637 11.96256282
3637 11.96256282
3637 11.96256282
3637 11.96256282
3637 0
3637 0
3637 0
3637 0
3637 0
3637 0
3637 11.23996645
3637 11.23996645
3637 11.23996645
3637 0
3637 156.3711461
3637 2.572216746
3637 2.572216746
3637 4.018922119
3637 4.018922119
3637 4.018922119
3637 0
3637 3.903436901
3637 3.903436901
3637 0
3637 0
3700 0
3700 124.2371639
3700 124.2371639
3700 124.2371639
3700 124.2371639
3700 0
3700 6.639784089
3700 6.439333388
3700 6.439333388
3700 6.439333388
3700 6.439333388
3700 11.96256282
3700 11.96256282
3700 11.96256282
3700 11.96256282
3700 11.96256282
3700 0
3700 0
3700 0
3700 0
3700 0
3700 0
3700 11.23996645
3700 11.23996645
3700 11.23996645
3700 0
3700 156.3711461
3700 2.572216746
3700 2.572216746
3700 4.018922119
3700 4.018922119
3700 4.018922119
3700 0
3700 3.903436901
3700 3.903436901
3700 0
3700 0
3759 0
3759 124.2371639
3759 124.2371639
3759 124.2371639
3759 124.2371639
3759 0
3759 6.639784089
3759 6.439333388
3759 6.439333388
3759 6.439333388
3759 6.439333388
3759 11.96256282
3759 11.96256282
3759 11.96256282
3759 11.96256282
3759 11.96256282
3759 0
3759 0
3759 0
3759 0
3759 0
3759 0
3759 11.23996645
3759 11.23996645
3759 11.23996645
3759 0
3759 156.3711461
3759 2.572216746
3759 2.572216746
3759 4.018922119
3759 4.018922119
3759 4.018922119
3759 0
3759 3.903436901
3759 3.903436901
3759 0
3759 0
3818 0
3818 124.2371639
3818 124.2371639
3818 124.2371639
3818 124.2371639
3818 0
3818 6.639784089
3818 6.439333388
3818 6.439333388
3818 6.439333388
3818 6.439333388
3818 11.96256282
3818 11.96256282
3818 11.96256282
3818 11.96256282
3818 11.96256282
3818 0
3818 0
3818 0
3818 0
3818 0
3818 0
3818 11.23996645
3818 11.23996645
3818 11.23996645
3818 0
3818 156.3711461
3818 2.572216746
3818 2.572216746
3818 4.018922119
3818 4.018922119
3818 4.018922119
3818 0
3818 3.903436901
3818 3.903436901
3818 0
3818 0
4043 0
4043 124.2371639
4043 124.2371639
4043 124.2371639
4043 124.2371639
4043 0
4043 6.639784089
4043 6.439333388
4043 6.439333388
4043 6.439333388
4043 6.439333388
4043 11.96256282
4043 11.96256282
4043 11.96256282
4043 11.96256282
4043 11.96256282
4043 0
4043 0
4043 0
4043 0
4043 0
4043 0
4043 11.23996645
4043 11.23996645
4043 11.23996645
4043 0
4043 156.3711461
4043 2.572216746
4043 2.572216746
4043 4.018922119
4043 4.018922119
4043 4.018922119
4043 0
4043 3.903436901
4043 3.903436901
4043 0
4043 0
3429 0
3429 124.2371639
3429 124.2371639
3429 124.2371639
3429 124.2371639
3429 0
3429 6.639784089
3429 6.439333388
3429 6.439333388
3429 6.439333388
3429 6.439333388
3429 11.96256282
3429 11.96256282
3429 11.96256282
3429 11.96256282
3429 11.96256282
3429 0
3429 0
3429 0
3429 0
3429 0
3429 0
3429 11.23996645
3429 11.23996645
3429 11.23996645
3429 0
3429 156.3711461
3429 2.572216746
3429 2.572216746
3429 4.018922119
3429 4.018922119
3429 4.018922119
3429 0
3429 3.903436901
3429 3.903436901
3429 0
3429 0
3572 0
3572 124.2371639
3572 124.2371639
3572 124.2371639
3572 124.2371639
3572 0
3572 6.639784089
3572 6.439333388
3572 6.439333388
3572 6.439333388
3572 6.439333388
3572 11.96256282
3572 11.96256282
3572 11.96256282
3572 11.96256282
3572 11.96256282
3572 0
3572 0
3572 0
3572 0
3572 0
3572 0
3572 11.23996645
3572 11.23996645
3572 11.23996645
3572 0
3572 156.3711461
3572 2.572216746
3572 2.572216746
3572 4.018922119
3572 4.018922119
3572 4.018922119
3572 0
3572 3.903436901
3572 3.903436901
3572 0
3572 0
3701 0
3701 124.2371639
3701 124.2371639
3701 124.2371639
3701 124.2371639
3701 0
3701 6.639784089
3701 6.439333388
3701 6.439333388
3701 6.439333388
3701 6.439333388
3701 11.96256282
3701 11.96256282
3701 11.96256282
3701 11.96256282
3701 11.96256282
3701 0
3701 0
3701 0
3701 0
3701 0
3701 0
3701 11.23996645
3701 11.23996645
3701 11.23996645
3701 0
3701 156.3711461
3701 2.572216746
3701 2.572216746
3701 4.018922119
3701 4.018922119
3701 4.018922119
3701 0
3701 3.903436901
3701 3.903436901
3701 0
3701 0
3760 0
3760 124.2371639
3760 124.2371639
3760 124.2371639
3760 124.2371639
3760 0
3760 6.639784089
3760 6.439333388
3760 6.439333388
3760 6.439333388
3760 6.439333388
3760 11.96256282
3760 11.96256282
3760 11.96256282
3760 11.96256282
3760 11.96256282
3760 0
3760 0
3760 0
3760 0
3760 0
3760 0
3760 11.23996645
3760 11.23996645
3760 11.23996645
3760 0
3760 156.3711461
3760 2.572216746
3760 2.572216746
3760 4.018922119
3760 4.018922119
3760 4.018922119
3760 0
3760 3.903436901
3760 3.903436901
3760 0
3760 0
3819 0
3819 124.2371639
3819 124.2371639
3819 124.2371639
3819 124.2371639
3819 0
3819 6.639784089
3819 6.439333388
3819 6.439333388
3819 6.439333388
3819 6.439333388
3819 11.96256282
3819 11.96256282
3819 11.96256282
3819 11.96256282
3819 11.96256282
3819 0
3819 0
3819 0
3819 0
3819 0
3819 0
3819 11.23996645
3819 11.23996645
3819 11.23996645
3819 0
3819 156.3711461
3819 2.572216746
3819 2.572216746
3819 4.018922119
3819 4.018922119
3819 4.018922119
3819 0
3819 3.903436901
3819 3.903436901
3819 0
3819 0
3501 0
3501 124.2371639
3501 124.2371639
3501 124.2371639
3501 124.2371639
3501 0
3501 6.639784089
3501 6.439333388
3501 6.439333388
3501 6.439333388
3501 6.439333388
3501 11.96256282
3501 11.96256282
3501 11.96256282
3501 11.96256282
3501 11.96256282
3501 0
3501 0
3501 0
3501 0
3501 0
3501 0
3501 11.23996645
3501 11.23996645
3501 11.23996645
3501 0
3501 156.3711461
3501 2.572216746
3501 2.572216746
3501 4.018922119
3501 4.018922119
3501 4.018922119
3501 0
3501 3.903436901
3501 3.903436901
3501 0
3501 0
3573 0
3573 124.2371639
3573 124.2371639
3573 124.2371639
3573 124.2371639
3573 0
3573 6.639784089
3573 6.439333388
3573 6.439333388
3573 6.439333388
3573 6.439333388
3573 11.96256282
3573 11.96256282
3573 11.96256282
3573 11.96256282
3573 11.96256282
3573 0
3573 0
3573 0
3573 0
3573 0
3573 0
3573 11.23996645
3573 11.23996645
3573 11.23996645
3573 0
3573 156.3711461
3573 2.572216746
3573 2.572216746
3573 4.018922119
3573 4.018922119
3573 4.018922119
3573 0
3573 3.903436901
3573 3.903436901
3573 0
3573 0
3702 0
3702 124.2371639
3702 124.2371639
3702 124.2371639
3702 124.2371639
3702 0
3702 6.639784089
3702 6.439333388
3702 6.439333388
3702 6.439333388
3702 6.439333388
3702 11.96256282
3702 11.96256282
3702 11.96256282
3702 11.96256282
3702 11.96256282
3702 0
3702 0
3702 0
3702 0
3702 0
3702 0
3702 11.23996645
3702 11.23996645
3702 11.23996645
3702 0
3702 156.3711461
3702 2.572216746
3702 2.572216746
3702 4.018922119
3702 4.018922119
3702 4.018922119
3702 0
3702 3.903436901
3702 3.903436901
3702 0
3702 0
3761 0
3761 124.2371639
3761 124.2371639
3761 124.2371639
3761 124.2371639
3761 0
3761 6.639784089
3761 6.439333388
3761 6.439333388
3761 6.439333388
3761 6.439333388
3761 11.96256282
3761 11.96256282
3761 11.96256282
3761 11.96256282
3761 11.96256282
3761 0
3761 0
3761 0
3761 0
3761 0
3761 0
3761 11.23996645
3761 11.23996645
3761 11.23996645
3761 0
3761 156.3711461
3761 2.572216746
3761 2.572216746
3761 4.018922119
3761 4.018922119
3761 4.018922119
3761 0
3761 3.903436901
3761 3.903436901
3761 0
3761 0
3985 0
3985 124.2371639
3985 124.2371639
3985 124.2371639
3985 124.2371639
3985 0
3985 6.639784089
3985 6.439333388
3985 6.439333388
3985 6.439333388
3985 6.439333388
3985 11.96256282
3985 11.96256282
3985 11.96256282
3985 11.96256282
3985 11.96256282
3985 0
3985 0
3985 0
3985 0
3985 0
3985 0
3985 11.23996645
3985 11.23996645
3985 11.23996645
3985 0
3985 156.3711461
3985 2.572216746
3985 2.572216746
3985 4.018922119
3985 4.018922119
3985 4.018922119
3985 0
3985 3.903436901
3985 3.903436901
3985 0
3985 0
2375 0
2375 124.2371639
2375 124.2371639
2375 124.2371639
2375 124.2371639
2375 0
2375 6.639784089
2375 6.439333388
2375 6.439333388
2375 6.439333388
2375 6.439333388
2375 11.96256282
2375 11.96256282
2375 11.96256282
2375 11.96256282
2375 11.96256282
2375 0
2375 0
2375 0
2375 0
2375 0
2375 0
2375 11.23996645
2375 11.23996645
2375 11.23996645
2375 0
2375 156.3711461
2375 2.572216746
2375 2.572216746
2375 4.018922119
2375 4.018922119
2375 4.018922119
2375 0
2375 3.903436901
2375 3.903436901
2375 0
2375 0
2465 0
2465 124.2371639
2465 124.2371639
2465 124.2371639
2465 124.2371639
2465 0
2465 6.639784089
2465 6.439333388
2465 6.439333388
2465 6.439333388
2465 6.439333388
2465 11.96256282
2465 11.96256282
2465 11.96256282
2465 11.96256282
2465 11.96256282
2465 0
2465 0
2465 0
2465 0
2465 0
2465 0
2465 11.23996645
2465 11.23996645
2465 11.23996645
2465 0
2465 156.3711461
2465 2.572216746
2465 2.572216746
2465 4.018922119
2465 4.018922119
2465 4.018922119
2465 0
2465 3.903436901
2465 3.903436901
2465 0
2465 0
2746 0
2746 124.2371639
2746 124.2371639
2746 124.2371639
2746 124.2371639
2746 0
2746 6.639784089
2746 6.439333388
2746 6.439333388
2746 6.439333388
2746 6.439333388
2746 11.96256282
2746 11.96256282
2746 11.96256282
2746 11.96256282
2746 11.96256282
2746 0
2746 0
2746 0
2746 0
2746 0
2746 0
2746 11.23996645
2746 11.23996645
2746 11.23996645
2746 0
2746 156.3711461
2746 2.572216746
2746 2.572216746
2746 4.018922119
2746 4.018922119
2746 4.018922119
2746 0
2746 3.903436901
2746 3.903436901
2746 0
2746 0
2840 0
2840 124.2371639
2840 124.2371639
2840 124.2371639
2840 124.2371639
2840 0
2840 6.639784089
2840 6.439333388
2840 6.439333388
2840 6.439333388
2840 6.439333388
2840 11.96256282
2840 11.96256282
2840 11.96256282
2840 11.96256282
2840 11.96256282
2840 0
2840 0
2840 0
2840 0
2840 0
2840 0
2840 11.23996645
2840 11.23996645
2840 11.23996645
2840 0
2840 156.3711461
2840 2.572216746
2840 2.572216746
2840 4.018922119
2840 4.018922119
2840 4.018922119
2840 0
2840 3.903436901
2840 3.903436901
2840 0
2840 0
3640 0
3640 124.2371639
3640 124.2371639
3640 124.2371639
3640 124.2371639
3640 0
3640 6.639784089
3640 6.439333388
3640 6.439333388
3640 6.439333388
3640 6.439333388
3640 11.96256282
3640 11.96256282
3640 11.96256282
3640 11.96256282
3640 11.96256282
3640 0
3640 0
3640 0
3640 0
3640 0
3640 0
3640 11.23996645
3640 11.23996645
3640 11.23996645
3640 0
3640 156.3711461
3640 2.572216746
3640 2.572216746
3640 4.018922119
3640 4.018922119
3640 4.018922119
3640 0
3640 3.903436901
3640 3.903436901
3640 0
3640 0
2376 0
2376 124.2371639
2376 124.2371639
2376 124.2371639
2376 124.2371639
2376 0
2376 6.639784089
2376 6.439333388
2376 6.439333388
2376 6.439333388
2376 6.439333388
2376 11.96256282
2376 11.96256282
2376 11.96256282
2376 11.96256282
2376 11.96256282
2376 0
2376 0
2376 0
2376 0
2376 0
2376 0
2376 11.23996645
2376 11.23996645
2376 11.23996645
2376 0
2376 156.3711461
2376 2.572216746
2376 2.572216746
2376 4.018922119
2376 4.018922119
2376 4.018922119
2376 0
2376 3.903436901
2376 3.903436901
2376 0
2376 0
2841 0
2841 124.2371639
2841 124.2371639
2841 124.2371639
2841 124.2371639
2841 0
2841 6.639784089
2841 6.439333388
2841 6.439333388
2841 6.439333388
2841 6.439333388
2841 11.96256282
2841 11.96256282
2841 11.96256282
2841 11.96256282
2841 11.96256282
2841 0
2841 0
2841 0
2841 0
2841 0
2841 0
2841 11.23996645
2841 11.23996645
2841 11.23996645
2841 0
2841 156.3711461
2841 2.572216746
2841 2.572216746
2841 4.018922119
2841 4.018922119
2841 4.018922119
2841 0
2841 3.903436901
2841 3.903436901
2841 0
2841 0
2936 0
2936 124.2371639
2936 124.2371639
2936 124.2371639
2936 124.2371639
2936 0
2936 6.639784089
2936 6.439333388
2936 6.439333388
2936 6.439333388
2936 6.439333388
2936 11.96256282
2936 11.96256282
2936 11.96256282
2936 11.96256282
2936 11.96256282
2936 0
2936 0
2936 0
2936 0
2936 0
2936 0
2936 11.23996645
2936 11.23996645
2936 11.23996645
2936 0
2936 156.3711461
2936 2.572216746
2936 2.572216746
2936 4.018922119
2936 4.018922119
2936 4.018922119
2936 0
2936 3.903436901
2936 3.903436901
2936 0
2936 0
3025 0
3025 124.2371639
3025 124.2371639
3025 124.2371639
3025 124.2371639
3025 0
3025 6.639784089
3025 6.439333388
3025 6.439333388
3025 6.439333388
3025 6.439333388
3025 11.96256282
3025 11.96256282
3025 11.96256282
3025 11.96256282
3025 11.96256282
3025 0
3025 0
3025 0
3025 0
3025 0
3025 0
3025 11.23996645
3025 11.23996645
3025 11.23996645
3025 0
3025 156.3711461
3025 2.572216746
3025 2.572216746
3025 4.018922119
3025 4.018922119
3025 4.018922119
3025 0
3025 3.903436901
3025 3.903436901
3025 0
3025 0
3432 0
3432 124.2371639
3432 124.2371639
3432 124.2371639
3432 124.2371639
3432 0
3432 6.639784089
3432 6.439333388
3432 6.439333388
3432 6.439333388
3432 6.439333388
3432 11.96256282
3432 11.96256282
3432 11.96256282
3432 11.96256282
3432 11.96256282
3432 0
3432 0
3432 0
3432 0
3432 0
3432 0
3432 11.23996645
3432 11.23996645
3432 11.23996645
3432 0
3432 156.3711461
3432 2.572216746
3432 2.572216746
3432 4.018922119
3432 4.018922119
3432 4.018922119
3432 0
3432 3.903436901
3432 3.903436901
3432 0
3432 0
3503 0
3503 124.2371639
3503 124.2371639
3503 124.2371639
3503 124.2371639
3503 0
3503 6.639784089
3503 6.439333388
3503 6.439333388
3503 6.439333388
3503 6.439333388
3503 11.96256282
3503 11.96256282
3503 11.96256282
3503 11.96256282
3503 11.96256282
3503 0
3503 0
3503 0
3503 0
3503 0
3503 0
3503 11.23996645
3503 11.23996645
3503 11.23996645
3503 0
3503 156.3711461
3503 2.572216746
3503 2.572216746
3503 4.018922119
3503 4.018922119
3503 4.018922119
3503 0
3503 3.903436901
3503 3.903436901
3503 0
3503 0
3575 0
3575 124.2371639
3575 124.2371639
3575 124.2371639
3575 124.2371639
3575 0
3575 6.639784089
3575 6.439333388
3575 6.439333388
3575 6.439333388
3575 6.439333388
3575 11.96256282
3575 11.96256282
3575 11.96256282
3575 11.96256282
3575 11.96256282
3575 0
3575 0
3575 0
3575 0
3575 0
3575 0
3575 11.23996645
3575 11.23996645
3575 11.23996645
3575 0
3575 156.3711461
3575 2.572216746
3575 2.572216746
3575 4.018922119
3575 4.018922119
3575 4.018922119
3575 0
3575 3.903436901
3575 3.903436901
3575 0
3575 0
3641 0
3641 124.2371639
3641 124.2371639
3641 124.2371639
3641 124.2371639
3641 0
3641 6.639784089
3641 6.439333388
3641 6.439333388
3641 6.439333388
3641 6.439333388
3641 11.96256282
3641 11.96256282
3641 11.96256282
3641 11.96256282
3641 11.96256282
3641 0
3641 0
3641 0
3641 0
3641 0
3641 0
3641 11.23996645
3641 11.23996645
3641 11.23996645
3641 0
3641 156.3711461
3641 2.572216746
3641 2.572216746
3641 4.018922119
3641 4.018922119
3641 4.018922119
3641 0
3641 3.903436901
3641 3.903436901
3641 0
3641 0
2937 0
2937 124.2371639
2937 124.2371639
2937 124.2371639
2937 124.2371639
2937 0
2937 6.639784089
2937 6.439333388
2937 6.439333388
2937 6.439333388
2937 6.439333388
2937 11.96256282
2937 11.96256282
2937 11.96256282
2937 11.96256282
2937 11.96256282
2937 0
2937 0
2937 0
2937 0
2937 0
2937 0
2937 11.23996645
2937 11.23996645
2937 11.23996645
2937 0
2937 156.3711461
2937 2.572216746
2937 2.572216746
2937 4.018922119
2937 4.018922119
2937 4.018922119
2937 0
2937 3.903436901
2937 3.903436901
2937 0
2937 0
3026 0
3026 124.2371639
3026 124.2371639
3026 124.2371639
3026 124.2371639
3026 0
3026 6.639784089
3026 6.439333388
3026 6.439333388
3026 6.439333388
3026 6.439333388
3026 11.96256282
3026 11.96256282
3026 11.96256282
3026 11.96256282
3026 11.96256282
3026 0
3026 0
3026 0
3026 0
3026 0
3026 0
3026 11.23996645
3026 11.23996645
3026 11.23996645
3026 0
3026 156.3711461
3026 2.572216746
3026 2.572216746
3026 4.018922119
3026 4.018922119
3026 4.018922119
3026 0
3026 3.903436901
3026 3.903436901
3026 0
3026 0
3117 0
3117 124.2371639
3117 124.2371639
3117 124.2371639
3117 124.2371639
3117 0
3117 6.639784089
3117 6.439333388
3117 6.439333388
3117 6.439333388
3117 6.439333388
3117 11.96256282
3117 11.96256282
3117 11.96256282
3117 11.96256282
3117 11.96256282
3117 0
3117 0
3117 0
3117 0
3117 0
3117 0
3117 11.23996645
3117 11.23996645
3117 11.23996645
3117 0
3117 156.3711461
3117 2.572216746
3117 2.572216746
3117 4.018922119
3117 4.018922119
3117 4.018922119
3117 0
3117 3.903436901
3117 3.903436901
3117 0
3117 0
3202 0
3202 124.2371639
3202 124.2371639
3202 124.2371639
3202 124.2371639
3202 0
3202 6.639784089
3202 6.439333388
3202 6.439333388
3202 6.439333388
3202 6.439333388
3202 11.96256282
3202 11.96256282
3202 11.96256282
3202 11.96256282
3202 11.96256282
3202 0
3202 0
3202 0
3202 0
3202 0
3202 0
3202 11.23996645
3202 11.23996645
3202 11.23996645
3202 0
3202 156.3711461
3202 2.572216746
3202 2.572216746
3202 4.018922119
3202 4.018922119
3202 4.018922119
3202 0
3202 3.903436901
3202 3.903436901
3202 0
3202 0
3361 0
3361 124.2371639
3361 124.2371639
3361 124.2371639
3361 124.2371639
3361 0
3361 6.639784089
3361 6.439333388
3361 6.439333388
3361 6.439333388
3361 6.439333388
3361 11.96256282
3361 11.96256282
3361 11.96256282
3361 11.96256282
3361 11.96256282
3361 0
3361 0
3361 0
3361 0
3361 0
3361 0
3361 11.23996645
3361 11.23996645
3361 11.23996645
3361 0
3361 156.3711461
3361 2.572216746
3361 2.572216746
3361 4.018922119
3361 4.018922119
3361 4.018922119
3361 0
3361 3.903436901
3361 3.903436901
3361 0
3361 0
3433 0
3433 124.2371639
3433 124.2371639
3433 124.2371639
3433 124.2371639
3433 0
3433 6.639784089
3433 6.439333388
3433 6.439333388
3433 6.439333388
3433 6.439333388
3433 11.96256282
3433 11.96256282
3433 11.96256282
3433 11.96256282
3433 11.96256282
3433 0
3433 0
3433 0
3433 0
3433 0
3433 0
3433 11.23996645
3433 11.23996645
3433 11.23996645
3433 0
3433 156.3711461
3433 2.572216746
3433 2.572216746
3433 4.018922119
3433 4.018922119
3433 4.018922119
3433 0
3433 3.903436901
3433 3.903436901
3433 0
3433 0
3504 0
3504 124.2371639
3504 124.2371639
3504 124.2371639
3504 124.2371639
3504 0
3504 6.639784089
3504 6.439333388
3504 6.439333388
3504 6.439333388
3504 6.439333388
3504 11.96256282
3504 11.96256282
3504 11.96256282
3504 11.96256282
3504 11.96256282
3504 0
3504 0
3504 0
3504 0
3504 0
3504 0
3504 11.23996645
3504 11.23996645
3504 11.23996645
3504 0
3504 156.3711461
3504 2.572216746
3504 2.572216746
3504 4.018922119
3504 4.018922119
3504 4.018922119
3504 0
3504 3.903436901
3504 3.903436901
3504 0
3504 0
3576 0
3576 124.2371639
3576 124.2371639
3576 124.2371639
3576 124.2371639
3576 0
3576 6.639784089
3576 6.439333388
3576 6.439333388
3576 6.439333388
3576 6.439333388
3576 11.96256282
3576 11.96256282
3576 11.96256282
3576 11.96256282
3576 11.96256282
3576 0
3576 0
3576 0
3576 0
3576 0
3576 0
3576 11.23996645
3576 11.23996645
3576 11.23996645
3576 0
3576 156.3711461
3576 2.572216746
3576 2.572216746
3576 4.018922119
3576 4.018922119
3576 4.018922119
3576 0
3576 3.903436901
3576 3.903436901
3576 0
3576 0
3642 0
3642 124.2371639
3642 124.2371639
3642 124.2371639
3642 124.2371639
3642 0
3642 6.639784089
3642 6.439333388
3642 6.439333388
3642 6.439333388
3642 6.439333388
3642 11.96256282
3642 11.96256282
3642 11.96256282
3642 11.96256282
3642 11.96256282
3642 0
3642 0
3642 0
3642 0
3642 0
3642 0
3642 11.23996645
3642 11.23996645
3642 11.23996645
3642 0
3642 156.3711461
3642 2.572216746
3642 2.572216746
3642 4.018922119
3642 4.018922119
3642 4.018922119
3642 0
3642 3.903436901
3642 3.903436901
3642 0
3642 0
2749 0
2749 124.2371639
2749 124.2371639
2749 124.2371639
2749 124.2371639
2749 0
2749 6.639784089
2749 6.439333388
2749 6.439333388
2749 6.439333388
2749 6.439333388
2749 11.96256282
2749 11.96256282
2749 11.96256282
2749 11.96256282
2749 11.96256282
2749 0
2749 0
2749 0
2749 0
2749 0
2749 0
2749 11.23996645
2749 11.23996645
2749 11.23996645
2749 0
2749 156.3711461
2749 2.572216746
2749 2.572216746
2749 4.018922119
2749 4.018922119
2749 4.018922119
2749 0
2749 3.903436901
2749 3.903436901
2749 0
2749 0
2938 0
2938 124.2371639
2938 124.2371639
2938 124.2371639
2938 124.2371639
2938 0
2938 6.639784089
2938 6.439333388
2938 6.439333388
2938 6.439333388
2938 6.439333388
2938 11.96256282
2938 11.96256282
2938 11.96256282
2938 11.96256282
2938 11.96256282
2938 0
2938 0
2938 0
2938 0
2938 0
2938 0
2938 11.23996645
2938 11.23996645
2938 11.23996645
2938 0
2938 156.3711461
2938 2.572216746
2938 2.572216746
2938 4.018922119
2938 4.018922119
2938 4.018922119
2938 0
2938 3.903436901
2938 3.903436901
2938 0
2938 0
3027 0
3027 124.2371639
3027 124.2371639
3027 124.2371639
3027 124.2371639
3027 0
3027 6.639784089
3027 6.439333388
3027 6.439333388
3027 6.439333388
3027 6.439333388
3027 11.96256282
3027 11.96256282
3027 11.96256282
3027 11.96256282
3027 11.96256282
3027 0
3027 0
3027 0
3027 0
3027 0
3027 0
3027 11.23996645
3027 11.23996645
3027 11.23996645
3027 0
3027 156.3711461
3027 2.572216746
3027 2.572216746
3027 4.018922119
3027 4.018922119
3027 4.018922119
3027 0
3027 3.903436901
3027 3.903436901
3027 0
3027 0
3118 0
3118 124.2371639
3118 124.2371639
3118 124.2371639
3118 124.2371639
3118 0
3118 6.639784089
3118 6.439333388
3118 6.439333388
3118 6.439333388
3118 6.439333388
3118 11.96256282
3118 11.96256282
3118 11.96256282
3118 11.96256282
3118 11.96256282
3118 0
3118 0
3118 0
3118 0
3118 0
3118 0
3118 11.23996645
3118 11.23996645
3118 11.23996645
3118 0
3118 156.3711461
3118 2.572216746
3118 2.572216746
3118 4.018922119
3118 4.018922119
3118 4.018922119
3118 0
3118 3.903436901
3118 3.903436901
3118 0
3118 0
3203 0
3203 124.2371639
3203 124.2371639
3203 124.2371639
3203 124.2371639
3203 0
3203 6.639784089
3203 6.439333388
3203 6.439333388
3203 6.439333388
3203 6.439333388
3203 11.96256282
3203 11.96256282
3203 11.96256282
3203 11.96256282
3203 11.96256282
3203 0
3203 0
3203 0
3203 0
3203 0
3203 0
3203 11.23996645
3203 11.23996645
3203 11.23996645
3203 0
3203 156.3711461
3203 2.572216746
3203 2.572216746
3203 4.018922119
3203 4.018922119
3203 4.018922119
3203 0
3203 3.903436901
3203 3.903436901
3203 0
3203 0
3285 0
3285 124.2371639
3285 124.2371639
3285 124.2371639
3285 124.2371639
3285 0
3285 6.639784089
3285 6.439333388
3285 6.439333388
3285 6.439333388
3285 6.439333388
3285 11.96256282
3285 11.96256282
3285 11.96256282
3285 11.96256282
3285 11.96256282
3285 0
3285 0
3285 0
3285 0
3285 0
3285 0
3285 11.23996645
3285 11.23996645
3285 11.23996645
3285 0
3285 156.3711461
3285 2.572216746
3285 2.572216746
3285 4.018922119
3285 4.018922119
3285 4.018922119
3285 0
3285 3.903436901
3285 3.903436901
3285 0
3285 0
3362 0
3362 124.2371639
3362 124.2371639
3362 124.2371639
3362 124.2371639
3362 0
3362 6.639784089
3362 6.439333388
3362 6.439333388
3362 6.439333388
3362 6.439333388
3362 11.96256282
3362 11.96256282
3362 11.96256282
3362 11.96256282
3362 11.96256282
3362 0
3362 0
3362 0
3362 0
3362 0
3362 0
3362 11.23996645
3362 11.23996645
3362 11.23996645
3362 0
3362 156.3711461
3362 2.572216746
3362 2.572216746
3362 4.018922119
3362 4.018922119
3362 4.018922119
3362 0
3362 3.903436901
3362 3.903436901
3362 0
3362 0
3434 0
3434 124.2371639
3434 124.2371639
3434 124.2371639
3434 124.2371639
3434 0
3434 6.639784089
3434 6.439333388
3434 6.439333388
3434 6.439333388
3434 6.439333388
3434 11.96256282
3434 11.96256282
3434 11.96256282
3434 11.96256282
3434 11.96256282
3434 0
3434 0
3434 0
3434 0
3434 0
3434 0
3434 11.23996645
3434 11.23996645
3434 11.23996645
3434 0
3434 156.3711461
3434 2.572216746
3434 2.572216746
3434 4.018922119
3434 4.018922119
3434 4.018922119
3434 0
3434 3.903436901
3434 3.903436901
3434 0
3434 0
3505 0
3505 124.2371639
3505 124.2371639
3505 124.2371639
3505 124.2371639
3505 0
3505 6.639784089
3505 6.439333388
3505 6.439333388
3505 6.439333388
3505 6.439333388
3505 11.96256282
3505 11.96256282
3505 11.96256282
3505 11.96256282
3505 11.96256282
3505 0
3505 0
3505 0
3505 0
3505 0
3505 0
3505 11.23996645
3505 11.23996645
3505 11.23996645
3505 0
3505 156.3711461
3505 2.572216746
3505 2.572216746
3505 4.018922119
3505 4.018922119
3505 4.018922119
3505 0
3505 3.903436901
3505 3.903436901
3505 0
3505 0
3577 0
3577 124.2371639
3577 124.2371639
3577 124.2371639
3577 124.2371639
3577 0
3577 6.639784089
3577 6.439333388
3577 6.439333388
3577 6.439333388
3577 6.439333388
3577 11.96256282
3577 11.96256282
3577 11.96256282
3577 11.96256282
3577 11.96256282
3577 0
3577 0
3577 0
3577 0
3577 0
3577 0
3577 11.23996645
3577 11.23996645
3577 11.23996645
3577 0
3577 156.3711461
3577 2.572216746
3577 2.572216746
3577 4.018922119
3577 4.018922119
3577 4.018922119
3577 0
3577 3.903436901
3577 3.903436901
3577 0
3577 0
2844 0
2844 124.2371639
2844 124.2371639
2844 124.2371639
2844 124.2371639
2844 0
2844 6.639784089
2844 6.439333388
2844 6.439333388
2844 6.439333388
2844 6.439333388
2844 11.96256282
2844 11.96256282
2844 11.96256282
2844 11.96256282
2844 11.96256282
2844 0
2844 0
2844 0
2844 0
2844 0
2844 0
2844 11.23996645
2844 11.23996645
2844 11.23996645
2844 0
2844 156.3711461
2844 2.572216746
2844 2.572216746
2844 4.018922119
2844 4.018922119
2844 4.018922119
2844 0
2844 3.903436901
2844 3.903436901
2844 0
2844 0
2939 0
2939 124.2371639
2939 124.2371639
2939 124.2371639
2939 124.2371639
2939 0
2939 6.639784089
2939 6.439333388
2939 6.439333388
2939 6.439333388
2939 6.439333388
2939 11.96256282
2939 11.96256282
2939 11.96256282
2939 11.96256282
2939 11.96256282
2939 0
2939 0
2939 0
2939 0
2939 0
2939 0
2939 11.23996645
2939 11.23996645
2939 11.23996645
2939 0
2939 156.3711461
2939 2.572216746
2939 2.572216746
2939 4.018922119
2939 4.018922119
2939 4.018922119
2939 0
2939 3.903436901
2939 3.903436901
2939 0
2939 0
3028 0
3028 124.2371639
3028 124.2371639
3028 124.2371639
3028 124.2371639
3028 0
3028 6.639784089
3028 6.439333388
3028 6.439333388
3028 6.439333388
3028 6.439333388
3028 11.96256282
3028 11.96256282
3028 11.96256282
3028 11.96256282
3028 11.96256282
3028 0
3028 0
3028 0
3028 0
3028 0
3028 0
3028 11.23996645
3028 11.23996645
3028 11.23996645
3028 0
3028 156.3711461
3028 2.572216746
3028 2.572216746
3028 4.018922119
3028 4.018922119
3028 4.018922119
3028 0
3028 3.903436901
3028 3.903436901
3028 0
3028 0
3119 0
3119 124.2371639
3119 124.2371639
3119 124.2371639
3119 124.2371639
3119 0
3119 6.639784089
3119 6.439333388
3119 6.439333388
3119 6.439333388
3119 6.439333388
3119 11.96256282
3119 11.96256282
3119 11.96256282
3119 11.96256282
3119 11.96256282
3119 0
3119 0
3119 0
3119 0
3119 0
3119 0
3119 11.23996645
3119 11.23996645
3119 11.23996645
3119 0
3119 156.3711461
3119 2.572216746
3119 2.572216746
3119 4.018922119
3119 4.018922119
3119 4.018922119
3119 0
3119 3.903436901
3119 3.903436901
3119 0
3119 0
3204 0
3204 124.2371639
3204 124.2371639
3204 124.2371639
3204 124.2371639
3204 0
3204 6.639784089
3204 6.439333388
3204 6.439333388
3204 6.439333388
3204 6.439333388
3204 11.96256282
3204 11.96256282
3204 11.96256282
3204 11.96256282
3204 11.96256282
3204 0
3204 0
3204 0
3204 0
3204 0
3204 0
3204 11.23996645
3204 11.23996645
3204 11.23996645
3204 0
3204 156.3711461
3204 2.572216746
3204 2.572216746
3204 4.018922119
3204 4.018922119
3204 4.018922119
3204 0
3204 3.903436901
3204 3.903436901
3204 0
3204 0
3286 0
3286 124.2371639
3286 124.2371639
3286 124.2371639
3286 124.2371639
3286 0
3286 6.639784089
3286 6.439333388
3286 6.439333388
3286 6.439333388
3286 6.439333388
3286 11.96256282
3286 11.96256282
3286 11.96256282
3286 11.96256282
3286 11.96256282
3286 0
3286 0
3286 0
3286 0
3286 0
3286 0
3286 11.23996645
3286 11.23996645
3286 11.23996645
3286 0
3286 156.3711461
3286 2.572216746
3286 2.572216746
3286 4.018922119
3286 4.018922119
3286 4.018922119
3286 0
3286 3.903436901
3286 3.903436901
3286 0
3286 0
3363 0
3363 124.2371639
3363 124.2371639
3363 124.2371639
3363 124.2371639
3363 0
3363 6.639784089
3363 6.439333388
3363 6.439333388
3363 6.439333388
3363 6.439333388
3363 11.96256282
3363 11.96256282
3363 11.96256282
3363 11.96256282
3363 11.96256282
3363 0
3363 0
3363 0
3363 0
3363 0
3363 0
3363 11.23996645
3363 11.23996645
3363 11.23996645
3363 0
3363 156.3711461
3363 2.572216746
3363 2.572216746
3363 4.018922119
3363 4.018922119
3363 4.018922119
3363 0
3363 3.903436901
3363 3.903436901
3363 0
3363 0
3435 0
3435 124.2371639
3435 124.2371639
3435 124.2371639
3435 124.2371639
3435 0
3435 6.639784089
3435 6.439333388
3435 6.439333388
3435 6.439333388
3435 6.439333388
3435 11.96256282
3435 11.96256282
3435 11.96256282
3435 11.96256282
3435 11.96256282
3435 0
3435 0
3435 0
3435 0
3435 0
3435 0
3435 11.23996645
3435 11.23996645
3435 11.23996645
3435 0
3435 156.3711461
3435 2.572216746
3435 2.572216746
3435 4.018922119
3435 4.018922119
3435 4.018922119
3435 0
3435 3.903436901
3435 3.903436901
3435 0
3435 0
3506 0
3506 124.2371639
3506 124.2371639
3506 124.2371639
3506 124.2371639
3506 0
3506 6.639784089
3506 6.439333388
3506 6.439333388
3506 6.439333388
3506 6.439333388
3506 11.96256282
3506 11.96256282
3506 11.96256282
3506 11.96256282
3506 11.96256282
3506 0
3506 0
3506 0
3506 0
3506 0
3506 0
3506 11.23996645
3506 11.23996645
3506 11.23996645
3506 0
3506 156.3711461
3506 2.572216746
3506 2.572216746
3506 4.018922119
3506 4.018922119
3506 4.018922119
3506 0
3506 3.903436901
3506 3.903436901
3506 0
3506 0
3644 0
3644 124.2371639
3644 124.2371639
3644 124.2371639
3644 124.2371639
3644 0
3644 6.639784089
3644 6.439333388
3644 6.439333388
3644 6.439333388
3644 6.439333388
3644 11.96256282
3644 11.96256282
3644 11.96256282
3644 11.96256282
3644 11.96256282
3644 0
3644 0
3644 0
3644 0
3644 0
3644 0
3644 11.23996645
3644 11.23996645
3644 11.23996645
3644 0
3644 156.3711461
3644 2.572216746
3644 2.572216746
3644 4.018922119
3644 4.018922119
3644 4.018922119
3644 0
3644 3.903436901
3644 3.903436901
3644 0
3644 0
3205 0
3205 124.2371639
3205 124.2371639
3205 124.2371639
3205 124.2371639
3205 0
3205 6.639784089
3205 6.439333388
3205 6.439333388
3205 6.439333388
3205 6.439333388
3205 11.96256282
3205 11.96256282
3205 11.96256282
3205 11.96256282
3205 11.96256282
3205 0
3205 0
3205 0
3205 0
3205 0
3205 0
3205 11.23996645
3205 11.23996645
3205 11.23996645
3205 0
3205 156.3711461
3205 2.572216746
3205 2.572216746
3205 4.018922119
3205 4.018922119
3205 4.018922119
3205 0
3205 3.903436901
3205 3.903436901
3205 0
3205 0
3287 0
3287 124.2371639
3287 124.2371639
3287 124.2371639
3287 124.2371639
3287 0
3287 6.639784089
3287 6.439333388
3287 6.439333388
3287 6.439333388
3287 6.439333388
3287 11.96256282
3287 11.96256282
3287 11.96256282
3287 11.96256282
3287 11.96256282
3287 0
3287 0
3287 0
3287 0
3287 0
3287 0
3287 11.23996645
3287 11.23996645
3287 11.23996645
3287 0
3287 156.3711461
3287 2.572216746
3287 2.572216746
3287 4.018922119
3287 4.018922119
3287 4.018922119
3287 0
3287 3.903436901
3287 3.903436901
3287 0
3287 0
3364 0
3364 124.2371639
3364 124.2371639
3364 124.2371639
3364 124.2371639
3364 0
3364 6.639784089
3364 6.439333388
3364 6.439333388
3364 6.439333388
3364 6.439333388
3364 11.96256282
3364 11.96256282
3364 11.96256282
3364 11.96256282
3364 11.96256282
3364 0
3364 0
3364 0
3364 0
3364 0
3364 0
3364 11.23996645
3364 11.23996645
3364 11.23996645
3364 0
3364 156.3711461
3364 2.572216746
3364 2.572216746
3364 4.018922119
3364 4.018922119
3364 4.018922119
3364 0
3364 3.903436901
3364 3.903436901
3364 0
3364 0
3436 0
3436 124.2371639
3436 124.2371639
3436 124.2371639
3436 124.2371639
3436 0
3436 6.639784089
3436 6.439333388
3436 6.439333388
3436 6.439333388
3436 6.439333388
3436 11.96256282
3436 11.96256282
3436 11.96256282
3436 11.96256282
3436 11.96256282
3436 0
3436 0
3436 0
3436 0
3436 0
3436 0
3436 11.23996645
3436 11.23996645
3436 11.23996645
3436 0
3436 156.3711461
3436 2.572216746
3436 2.572216746
3436 4.018922119
3436 4.018922119
3436 4.018922119
3436 0
3436 3.903436901
3436 3.903436901
3436 0
3436 0
3206 0
3206 124.2371639
3206 124.2371639
3206 124.2371639
3206 124.2371639
3206 0
3206 6.639784089
3206 6.439333388
3206 6.439333388
3206 6.439333388
3206 6.439333388
3206 11.96256282
3206 11.96256282
3206 11.96256282
3206 11.96256282
3206 11.96256282
3206 0
3206 0
3206 0
3206 0
3206 0
3206 0
3206 11.23996645
3206 11.23996645
3206 11.23996645
3206 0
3206 156.3711461
3206 2.572216746
3206 2.572216746
3206 4.018922119
3206 4.018922119
3206 4.018922119
3206 0
3206 3.903436901
3206 3.903436901
3206 0
3206 0
3288 0
3288 124.2371639
3288 124.2371639
3288 124.2371639
3288 124.2371639
3288 0
3288 6.639784089
3288 6.439333388
3288 6.439333388
3288 6.439333388
3288 6.439333388
3288 11.96256282
3288 11.96256282
3288 11.96256282
3288 11.96256282
3288 11.96256282
3288 0
3288 0
3288 0
3288 0
3288 0
3288 0
3288 11.23996645
3288 11.23996645
3288 11.23996645
3288 0
3288 156.3711461
3288 2.572216746
3288 2.572216746
3288 4.018922119
3288 4.018922119
3288 4.018922119
3288 0
3288 3.903436901
3288 3.903436901
3288 0
3288 0
3365 0
3365 124.2371639
3365 124.2371639
3365 124.2371639
3365 124.2371639
3365 0
3365 6.639784089
3365 6.439333388
3365 6.439333388
3365 6.439333388
3365 6.439333388
3365 11.96256282
3365 11.96256282
3365 11.96256282
3365 11.96256282
3365 11.96256282
3365 0
3365 0
3365 0
3365 0
3365 0
3365 0
3365 11.23996645
3365 11.23996645
3365 11.23996645
3365 0
3365 156.3711461
3365 2.572216746
3365 2.572216746
3365 4.018922119
3365 4.018922119
3365 4.018922119
3365 0
3365 3.903436901
3365 3.903436901
3365 0
3365 0
3289 0
3289 124.2371639
3289 124.2371639
3289 124.2371639
3289 124.2371639
3289 0
3289 6.639784089
3289 6.439333388
3289 6.439333388
3289 6.439333388
3289 6.439333388
3289 11.96256282
3289 11.96256282
3289 11.96256282
3289 11.96256282
3289 11.96256282
3289 0
3289 0
3289 0
3289 0
3289 0
3289 0
3289 11.23996645
3289 11.23996645
3289 11.23996645
3289 0
3289 156.3711461
3289 2.572216746
3289 2.572216746
3289 4.018922119
3289 4.018922119
3289 4.018922119
3289 0
3289 3.903436901
3289 3.903436901
3289 0
3289 0
