pt_graph freq
1106 1
1582 1
1583 1
1584 1
1585 1
1625 1
1628 1
1630 1
1677 1
1680 1
1733 1
1734 1
1791 1
1792 1
1860 1
1862 1
1929 1
1931 1
2006 1
2169 1
2257 1
2258 1
2259 1
2336 1
2337 1
2424 1
2428 1
2539 1
2615 1
2630 1
2707 1
2780 1
2800 1
2801 1
2894 1
2896 1
2968 1
2982 1
2983 1
3059 1
3149 1
3150 1
3156 1
3231 1
3232 1
3310 1
3382 1
3383 1
3385 1
3452 1
3456 1
3526 1
3529 1
3593 1
3599 1
3656 1
3657 1
3684 1
3695 1
3716 1
3744 1
3746 1
3753 1
3775 1
3803 1
3804 1
3858 1
3859 1
3865 1
3866 1
3867 1
3919 1
3921 1
3922 1
3923 1
3924 1
3941 1
3974 1
3975 1
3976 1
3977 1
3978 1
4029 1
4031 1
4033 1
4034 1
4037 1
4038 1
4076 1
4078 1
4084 1
4088 1
4089 1
4117 1
4120 1
4133 1
4134 1
4162 1
4170 1
4171 1
4172 1
4176 1
4177 1
4198 1
4199 1
4206 1
4208 1
4209 1
4212 1
4213 1
4214 1
4244 1
4246 1
4248 1
4250 1
4251 1
4252 1
4286 1
4287 1
4288 1
4289 1
4290 1
4291 1
4292 1
4293 1
4294 1
4295 1
4326 1
4327 1
4328 1
4329 1
4330 1
4332 1
4333 1
4335 1
4368 1
4369 1
4370 1
4371 1
4372 1
4373 1
4374 1
4375 1
4376 1
4410 1
4411 1
4412 1
4413 1
4414 1
4415 1
4451 1
4623 1
4806 1
4808 1
4813 1
4925 1
4941 1
4946 1
5003 1
5031 1
5085 1
5105 1
5126 1
5193 1
5198 1
5224 1
5251 1
5252 1
5281 1
5282 1
5309 1
5311 1
5341 1
5342 1
5343 1
5345 1
5372 1
5375 1
5379 1
5405 1
5409 1
5466 1
5467 1
5498 1
5499 1
5514 1
5515 1
5516 1
5536 1
5537 1
5550 1
5551 1
5552 1
5553 1
5594 1
5595 1
5596 1
5613 1
5639 1
5640 1
5684 1
5685 1
5686 1
5696 1
5706 1
5711 1
5712 1
5733 1
5752 1
5756 1
5777 1
5795 1
5800 1
5801 1
5826 1
5837 1
5843 1
5883 1
5884 1
5920 1
5946 1
5986 1
6000 1
6024 1
6031 1
6032 1
6034 1
6062 1
6099 1
6100 1
6136 1
6137 1
6145 1
6152 1
6174 1
6175 1
6213 1
6214 1
6215 1
6243 1
6252 1
6253 1
6254 1
6255 1
6283 1
6284 1
6287 1
6290 1
6291 1
6292 1
6293 1
6294 1
6295 1
6312 1
6330 1
6331 1
6332 1
6333 1
6334 1
6336 1
6364 1
6371 1
6372 1
6373 1
6374 1
6376 1
6409 1
6410 1
6411 1
6412 1
6413 1
6414 1
6415 1
6416 1
6449 1
6451 1
6452 1
6453 1
6454 1
6455 1
6456 1
6489 1
6490 1
6492 1
6494 1
6495 1
6496 1
6497 1
6498 1
6504 1
6514 1
6527 1
6529 1
6530 1
6531 1
6532 1
6533 1
6535 1
6536 1
6537 1
6538 1
6542 1
6543 1
6566 1
6567 1
6568 1
6573 1
6574 1
6575 1
6576 1
6577 1
6581 1
6582 1
6583 1
6584 1
6605 1
6606 1
6607 1
6608 1
6612 1
6613 1
6614 1
6615 1
6616 1
6617 1
6618 1
6619 1
6620 1
6621 1
6642 1
6645 1
6646 1
6647 1
6651 1
6652 1
6653 1
6654 1
6655 1
6657 1
6658 1
6659 1
6660 1
6685 1
6686 1
6688 1
6690 1
6692 1
6693 1
6694 1
6695 1
6696 1
6697 1
6699 1
6700 1
6721 1
6724 1
6727 1
6728 1
6731 1
6732 1
6733 1
6734 1
6735 1
6736 1
6737 1
6738 1
6739 1
6740 1
6759 1
6760 1
6765 1
6769 1
6770 1
6771 1
6772 1
6774 1
6796 1
6797 1
6798 1
6804 1
6806 1
6807 1
6810 1
6834 1
6835 1
6843 1
6844 1
6845 1
6846 1
6848 1
6872 1
6873 1
6874 1
6879 1
6884 1
6912 1
6913 1
6962 1
7041 1
7195 1
7616 1
7681 1
7752 1
7753 1
7754 1
7825 1
7832 1
7898 1
7905 1
7906 1
7907 1
7980 1
7981 1
7982 1
7983 1
8054 1
8055 1
8132 1
8133 1
8214 1
