pt_graph met
1582 17
1584 17
1628 17
1629 17
1630 17
1631 17
1677 17
1734 17
1792 17
1858 17
1860 17
1929 17
1931 17
2006 17
2257 17
2258 17
2259 17
2293 17
2294 17
2335 17
2337 17
2340 17
2374 17
2375 17
2376 17
2377 17
2378 17
2467 17
2539 17
2561 17
2614 17
2615 17
2651 17
2652 17
2653 17
2655 17
2707 17
2746 17
2748 17
2749 17
2750 17
2800 17
2840 17
2841 17
2842 17
2843 17
2844 17
2877 17
2894 17
2896 17
2912 17
2935 17
2936 17
2937 17
2938 17
2939 17
2968 17
2983 17
3000 17
3025 17
3026 17
3027 17
3028 17
3029 17
3058 17
3059 17
3116 17
3117 17
3118 17
3119 17
3121 17
3186 17
3201 17
3202 17
3203 17
3204 17
3205 17
3206 17
3231 17
3232 17
3283 17
3284 17
3285 17
3286 17
3287 17
3288 17
3289 17
3361 17
3362 17
3363 17
3364 17
3365 17
3366 17
3382 17
3383 17
3428 17
3429 17
3433 17
3434 17
3435 17
3436 17
3452 17
3453 17
3454 17
3496 17
3499 17
3500 17
3501 17
3503 17
3504 17
3505 17
3506 17
3509 17
3526 17
3567 17
3568 17
3569 17
3571 17
3573 17
3574 17
3575 17
3576 17
3577 17
3580 17
3581 17
3632 17
3633 17
3634 17
3635 17
3637 17
3638 17
3640 17
3641 17
3642 17
3644 17
3645 17
3657 17
3695 17
3698 17
3699 17
3700 17
3702 17
3706 17
3707 17
3708 17
3716 17
3744 17
3757 17
3758 17
3759 17
3760 17
3761 17
3765 17
3775 17
3799 17
3802 17
3804 17
3816 17
3817 17
3818 17
3819 17
3821 17
3831 17
3857 17
3859 17
3867 17
3872 17
3873 17
3874 17
3875 17
3918 17
3919 17
3920 17
3922 17
3923 17
3924 17
3929 17
3974 17
3975 17
3976 17
3977 17
3978 17
3983 17
4031 17
4033 17
4034 17
4037 17
4038 17
4039 17
4042 17
4043 17
4059 17
4075 17
4084 17
4088 17
4089 17
4090 17
4092 17
4119 17
4133 17
4134 17
4137 17
4159 17
4162 17
4169 17
4178 17
4180 17
4181 17
4199 17
4209 17
4212 17
4213 17
4217 17
4244 17
4248 17
4250 17
4251 17
4252 17
4286 17
4287 17
4288 17
4289 17
4291 17
4292 17
4293 17
4294 17
4295 17
4327 17
4328 17
4329 17
4330 17
4331 17
4332 17
4333 17
4335 17
4341 10
4369 17
4370 17
4371 17
4372 17
4373 17
4374 17
4375 17
4376 17
4378 17
4409 17
4410 17
4411 17
4412 17
4413 17
4414 17
4415 17
4449 17
4453 17
4487 17
4663 17
4987 17
4996 17
5157 17
5175 17
5224 17
5257 17
5280 17
5309 17
5341 17
5342 17
5343 17
5372 17
5374 17
5375 17
5405 17
5408 17
5448 17
5467 17
5478 17
5499 17
5514 17
5515 17
5516 17
5527 17
5535 17
5536 17
5551 17
5552 17
5553 17
5554 17
5555 17
5594 17
5596 17
5640 17
5649 17
5669 17
5685 17
5686 17
5706 17
5710 17
5711 17
5712 17
5752 17
5758 17
5794 17
5795 17
5796 17
5800 17
5837 17
5842 17
5843 17
5883 17
5886 17
5909 17
5920 17
5945 17
5957 17
5996 17
6024 17
6031 17
6075 17
6100 17
6136 17
6137 17
6174 17
6175 17
6176 17
6213 17
6214 17
6215 17
6253 17
6254 17
6255 17
6284 17
6291 17
6293 17
6294 17
6330 17
6332 17
6333 17
6334 17
6364 17
6365 17
6370 17
6371 17
6373 17
6374 17
6376 17
6411 17
6412 17
6414 17
6415 17
6449 17
6453 17
6454 17
6455 17
6456 17
6490 17
6492 17
6494 17
6495 17
6496 17
6497 17
6516 17
6530 17
6535 17
6536 17
6537 17
6538 17
6543 17
6565 17
6567 17
6568 17
6569 17
6571 17
6573 17
6574 17
6575 17
6576 17
6579 17
6581 17
6582 17
6583 17
6584 17
6606 17
6607 17
6608 17
6612 17
6613 17
6614 17
6615 17
6616 17
6617 17
6618 17
6620 17
6621 17
6622 17
6641 17
6642 17
6645 17
6646 17
6647 17
6648 17
6652 17
6653 17
6654 17
6655 17
6656 17
6657 17
6659 17
6660 17
6685 17
6688 17
6692 17
6693 17
6694 17
6695 17
6696 17
6697 17
6699 17
6700 17
6721 17
6722 17
6724 17
6726 17
6728 17
6730 17
6732 17
6733 17
6734 17
6735 17
6736 17
6738 17
6739 17
6757 17
6760 17
6768 17
6769 17
6771 17
6774 17
6777 17
6797 17
6807 17
6808 17
6835 17
6844 17
6845 17
6846 17
6872 17
6879 17
6912 17
6950 17
7038 17
7091 17
7510 17
7691 17
