pt_graph met
819 14
826 14
868 14
871 14
872 14
873 14
875 14
915 14
918 14
919 14
920 14
967 14
1024 14
1026 14
1082 14
1150 14
1219 14
1221 14
1296 14
1547 14
1548 14
1549 14
1626 14
1627 14
1712 14
1883 14
1903 14
1905 14
1920 14
1921 14
1997 14
2070 14
2090 14
2186 14
2197 14
2257 14
2258 14
2272 14
2273 14
2348 14
2349 14
2440 14
2461 14
2522 14
2672 14
2742 14
2746 14
2816 14
2857 14
2858 14
2923 14
2924 14
2947 14
2987 14
2988 14
3006 14
3007 14
3034 14
3047 14
3065 14
3092 14
3105 14
3106 14
3107 14
3149 14
3156 14
3157 14
3162 14
3209 14
3210 14
3212 14
3213 14
3214 14
3219 14
3264 14
3266 14
3267 14
3268 14
3317 14
3323 14
3326 14
3327 14
3328 14
3329 14
3333 14
3344 14
3366 14
3372 14
3374 14
3378 14
3379 14
3380 14
3382 14
3407 14
3416 14
3423 14
3424 14
3425 14
3426 14
3427 14
3453 14
3459 14
3462 14
3467 14
3468 14
3470 14
3471 14
3488 14
3489 14
3498 14
3499 14
3502 14
3503 14
3507 14
3536 14
3538 14
3540 14
3541 14
3542 14
3543 14
3569 14
3576 14
3577 14
3578 14
3579 14
3581 14
3582 14
3584 14
3585 14
3616 14
3617 14
3618 14
3619 14
3620 14
3621 14
3622 14
3623 14
3625 14
3659 14
3660 14
3661 14
3662 14
3663 14
3664 14
3665 14
3666 14
3700 14
3701 14
3702 14
3703 14
3704 14
3740 14
3762 14
3806 14
3891 14
3892 14
4258 14
4314 14
4340 14
4514 14
4541 14
4570 14
4571 14
4572 14
4631 14
4632 14
4633 14
4662 14
4668 14
4670 14
4694 14
4695 14
4698 14
4725 14
4727 14
4756 14
4789 14
4790 14
4804 14
4805 14
4806 14
4826 14
4841 14
4842 14
4843 14
4845 14
4883 14
4884 14
4885 14
4886 14
4929 14
4930 14
4975 14
4976 14
5002 14
5020 14
5039 14
5042 14
5046 14
5085 14
5090 14
5110 14
5133 14
5156 14
5173 14
5176 14
5210 14
5211 14
5235 14
5236 14
5247 14
5251 14
5276 14
5286 14
5312 14
5314 14
5351 14
5352 14
5362 14
5390 14
5405 14
5426 14
5427 14
5442 14
5443 14
5462 14
5464 14
5465 14
5480 14
5501 14
5503 14
5504 14
5540 14
5542 14
5543 14
5545 14
5561 14
5581 14
5582 14
5583 14
5584 14
5585 14
5613 14
5614 14
5620 14
5621 14
5622 14
5623 14
5624 14
5657 14
5661 14
5663 14
5664 14
5677 14
5700 14
5701 14
5702 14
5703 14
5704 14
5705 14
5706 14
5712 14
5739 14
5740 14
5743 14
5744 14
5745 14
5746 14
5752 14
5768 14
5780 14
5781 14
5783 14
5784 14
5785 14
5786 14
5787 14
5788 14
5820 14
5821 14
5825 14
5826 14
5827 14
5828 14
5832 14
5855 14
5858 14
5863 14
5864 14
5865 14
5866 14
5871 14
5872 14
5873 14
5874 14
5896 14
5897 14
5903 14
5904 14
5905 14
5906 14
5907 14
5909 14
5910 14
5911 14
5932 14
5935 14
5936 14
5937 14
5942 14
5943 14
5944 14
5945 14
5946 14
5947 14
5949 14
5950 14
5952 14
5975 14
5978 14
5983 14
5984 14
5985 14
5986 14
5987 14
5989 14
5990 14
5991 14
6011 14
6014 14
6015 14
6016 14
6018 14
6022 14
6023 14
6024 14
6025 14
6026 14
6028 14
6029 14
6047 14
6050 14
6055 14
6058 14
6059 14
6061 14
6062 14
6064 14
6067 14
6085 14
6087 14
6088 14
6097 14
6101 14
6125 14
6133 14
6134 14
6135 14
6136 14
6162 14
6172 14
6177 14
6202 14
6729 14
6845 14
7043 14
7044 14
7115 14
7122 14
7123 14
7124 14
7162 14
7195 14
7196 14
7270 14
7271 14
7344 14
7345 14
7422 14
7423 14
7504 14
7505 14
7592 14
7593 14
7684 14
7685 14
7771 14
7779 14
7780 14
7875 14
7876 14
7877 14
7980 14
7981 14
7982 14
8088 14
8089 14
8090 14
8091 14
8200 14
8201 14
8202 14
8316 14
8317 14
8318 14
8424 14
8433 14
8435 14
8436 14
8555 14
8557 14
8677 14
8678 14
8679 14
8680 14
8801 14
8803 14
8804 14
8923 14
8924 14
8925 14
9041 14
9042 14
9043 14
9045 14
9790 14
10031 14
10151 14
10152 14
10154 14
10272 14
10273 14
10274 14
10401 14
10402 14
10523 14
10524 14
10526 14
10528 14
10654 14
10655 14
10656 14
10659 14
10662 14
10792 14
10794 14
10795 14
10798 14
10799 14
10800 14
10934 14
10935 14
10937 14
10939 14
10940 14
10942 14
10943 14
10944 14
10945 14
11073 14
11074 14
11075 14
11076 14
11077 14
11078 14
11079 14
11080 14
11081 14
11082 14
11084 14
11086 14
11216 14
11217 14
11218 14
11220 14
11221 14
11222 14
11223 14
11224 14
11225 14
11226 14
11227 14
11368 14
11369 14
11370 14
11371 14
11372 14
11373 14
11375 14
11376 14
11377 14
11378 14
11379 14
11380 14
11381 14
11382 14
11383 14
11384 14
11391 14
11522 14
11523 14
11524 14
11527 14
11528 14
11531 14
11532 14
11533 14
11534 14
11535 14
11536 14
11537 14
11538 14
11539 14
11542 14
11547 14
11692 14
11694 14
11695 14
11696 14
11698 14
11699 14
11700 14
11701 14
11702 14
11703 14
11704 14
11710 14
11852 14
11858 14
11860 14
11862 14
11863 14
11864 14
11865 14
11866 14
11867 14
11868 14
11869 14
11870 14
12017 14
12028 14
12032 14
12033 14
12034 14
12035 14
12036 14
12037 14
12038 14
12216 14
12217 14
12369 14
12559 14
12705 14
12738 14
13065 14
