pt_graph met
1627 10
1627 11
1628 10
1628 11
1629 10
1629 11
1630 10
1630 11
1631 10
1631 11
1680 10
1680 11
1734 10
1734 11
1792 10
1792 11
1860 10
1860 11
1929 10
1929 11
1931 10
1931 11
2006 10
2006 11
2172 10
2172 11
2255 10
2255 11
2257 10
2257 11
2258 10
2258 11
2259 10
2259 11
2335 10
2335 11
2337 10
2337 11
2613 10
2613 11
2615 10
2615 11
2707 10
2707 11
2780 10
2780 11
2800 10
2800 11
2896 10
2896 11
2967 10
2967 11
2968 10
2968 11
2983 10
2983 11
2984 10
2984 11
3000 10
3000 11
3059 10
3059 11
3100 10
3100 11
3177 10
3177 11
3232 10
3232 11
3309 10
3309 11
3382 10
3382 11
3391 10
3391 11
3412 10
3412 11
3452 10
3452 11
3453 10
3453 11
3454 10
3454 11
3456 10
3456 11
3526 10
3526 11
3567 10
3567 11
3568 10
3568 11
3633 10
3633 11
3634 10
3634 11
3657 10
3657 11
3684 10
3684 11
3695 10
3695 11
3697 10
3697 11
3698 10
3698 11
3716 10
3716 11
3742 10
3742 11
3744 10
3744 11
3753 10
3753 11
3757 10
3757 11
3775 10
3775 11
3804 10
3804 11
3816 10
3816 11
3817 10
3817 11
3831 10
3831 11
3866 10
3866 11
3867 10
3867 11
3872 10
3872 11
3919 10
3919 11
3922 10
3922 11
3923 10
3923 11
3924 10
3924 11
3929 10
3929 11
3972 10
3972 11
3974 10
3974 11
3975 10
3975 11
3976 10
3976 11
3977 10
3977 11
3978 10
3978 11
3983 10
3983 11
4025 10
4025 11
4027 10
4027 11
4030 10
4030 11
4031 10
4031 11
4033 10
4033 11
4037 10
4037 11
4038 10
4038 11
4039 10
4039 11
4043 10
4043 11
4077 10
4077 11
4078 10
4078 11
4081 10
4081 11
4084 10
4084 11
4088 10
4088 11
4089 10
4089 11
4090 10
4090 11
4127 10
4127 11
4133 10
4133 11
4134 10
4134 11
4135 10
4135 11
4136 10
4136 11
4137 10
4137 11
4172 10
4172 11
4180 10
4180 11
4206 10
4206 11
4208 10
4208 11
4209 10
4209 11
4212 10
4212 11
4213 10
4213 11
4216 10
4216 11
4217 10
4217 11
4236 10
4236 11
4246 10
4246 11
4247 10
4247 11
4248 10
4248 11
4250 10
4250 11
4251 10
4251 11
4252 10
4252 11
4287 10
4287 11
4288 10
4288 11
4289 10
4289 11
4291 10
4291 11
4292 10
4292 11
4294 10
4294 11
4295 10
4295 11
4301 10
4301 11
4327 10
4327 11
4328 10
4328 11
4329 10
4329 11
4330 10
4330 11
4332 10
4332 11
4333 10
4333 11
4335 10
4335 11
4350 10
4350 11
4369 10
4369 11
4370 10
4370 11
4372 10
4372 11
4373 10
4373 11
4374 10
4374 11
4375 10
4375 11
4376 10
4376 11
4378 10
4378 11
4409 10
4409 11
4410 10
4410 11
4411 10
4411 11
4412 10
4412 11
4413 10
4413 11
4414 10
4414 11
4450 10
4450 11
4452 10
4452 11
4524 10
4524 11
4946 10
4946 11
5149 10
5149 11
5175 10
5175 11
5194 10
5194 11
5199 10
5199 11
5224 10
5224 11
5225 10
5225 11
5251 10
5251 11
5257 10
5257 11
5279 10
5279 11
5309 10
5309 11
5340 10
5340 11
5341 10
5341 11
5342 10
5342 11
5343 10
5343 11
5372 10
5372 11
5373 10
5373 11
5391 10
5391 11
5408 10
5408 11
5409 10
5409 11
5435 10
5435 11
5436 10
5436 11
5437 10
5437 11
5438 10
5438 11
5467 10
5467 11
5469 10
5469 11
5479 10
5479 11
5499 10
5499 11
5500 10
5500 11
5514 10
5514 11
5515 10
5515 11
5516 10
5516 11
5535 10
5535 11
5536 10
5536 11
5551 10
5551 11
5552 10
5552 11
5553 10
5553 11
5594 10
5594 11
5595 10
5595 11
5596 10
5596 11
5597 10
5597 11
5640 10
5640 11
5685 10
5685 11
5686 10
5686 11
5696 10
5696 11
5706 10
5706 11
5710 10
5710 11
5712 10
5712 11
5733 10
5733 11
5752 10
5752 11
5756 10
5756 11
5758 10
5758 11
5795 10
5795 11
5800 10
5800 11
5801 10
5801 11
5837 10
5837 11
5842 10
5842 11
5843 10
5843 11
5883 10
5883 11
5884 10
5884 11
5886 10
5886 11
5920 10
5920 11
5948 10
5948 11
5956 10
5956 11
5958 10
5958 11
5985 10
5985 11
5986 10
5986 11
5996 10
5996 11
6023 10
6023 11
6024 10
6024 11
6034 10
6034 11
6037 10
6037 11
6062 10
6062 11
6075 10
6075 11
6092 10
6092 11
6100 10
6100 11
6114 10
6114 11
6137 10
6137 11
6175 10
6175 11
6213 10
6213 11
6214 10
6214 11
6244 10
6244 11
6253 10
6253 11
6254 10
6254 11
6293 10
6293 11
6294 10
6294 11
6330 10
6330 11
6332 10
6332 11
6333 10
6333 11
6334 10
6334 11
6363 10
6363 11
6371 10
6371 11
6372 10
6372 11
6373 10
6373 11
6374 10
6374 11
6375 10
6375 11
6409 10
6409 11
6410 10
6410 11
6411 10
6411 11
6412 10
6412 11
6414 10
6414 11
6415 10
6415 11
6416 10
6416 11
6449 10
6449 11
6453 10
6453 11
6454 10
6454 11
6455 10
6455 11
6456 10
6456 11
6490 10
6490 11
6491 10
6491 11
6494 10
6494 11
6495 10
6495 11
6496 10
6496 11
6497 10
6497 11
6498 10
6498 11
6503 10
6503 11
6529 10
6529 11
6530 10
6530 11
6532 10
6532 11
6535 10
6535 11
6536 10
6536 11
6537 10
6537 11
6538 10
6538 11
6539 10
6539 11
6568 10
6568 11
6571 10
6571 11
6572 10
6572 11
6573 10
6573 11
6574 10
6574 11
6575 10
6575 11
6576 10
6576 11
6581 10
6581 11
6582 10
6582 11
6583 10
6583 11
6584 10
6584 11
6603 10
6603 11
6605 10
6605 11
6606 10
6606 11
6607 10
6607 11
6608 10
6608 11
6609 10
6609 11
6612 10
6612 11
6613 10
6613 11
6614 10
6614 11
6615 10
6615 11
6616 10
6616 11
6617 10
6617 11
6620 10
6620 11
6621 10
6621 11
6644 10
6644 11
6645 10
6645 11
6646 10
6646 11
6652 10
6652 11
6653 10
6653 11
6654 10
6654 11
6655 10
6655 11
6656 10
6656 11
6657 10
6657 11
6659 10
6659 11
6660 10
6660 11
6685 10
6685 11
6686 10
6686 11
6688 10
6688 11
6692 10
6692 11
6693 10
6693 11
6694 10
6694 11
6695 10
6695 11
6696 10
6696 11
6697 10
6697 11
6699 10
6699 11
6700 10
6700 11
6702 10
6702 11
6721 10
6721 11
6722 10
6722 11
6724 10
6724 11
6728 10
6728 11
6730 10
6730 11
6731 10
6731 11
6732 10
6732 11
6733 10
6733 11
6734 10
6734 11
6735 10
6735 11
6736 10
6736 11
6738 10
6738 11
6739 10
6739 11
6741 10
6741 11
6760 10
6760 11
6767 10
6767 11
6769 10
6769 11
6771 10
6771 11
6772 10
6772 11
6774 10
6774 11
6776 10
6776 11
6797 10
6797 11
6803 10
6803 11
6807 10
6807 11
6808 10
6808 11
6810 10
6810 11
6811 10
6811 11
6835 10
6835 11
6843 10
6843 11
6844 10
6844 11
6845 10
6845 11
6846 10
6846 11
6872 10
6872 11
6873 10
6873 11
6883 10
6883 11
6885 10
6885 11
6886 10
6886 11
6912 10
6912 11
6927 10
6927 11
7085 10
7085 11
7100 10
7100 11
7104 10
7104 11
7143 10
7143 11
7238 10
7238 11
7628 10
7628 11
7752 10
7752 11
7753 10
7753 11
7825 10
7825 11
7832 10
7832 11
7872 10
7872 11
7905 10
7905 11
7906 10
7906 11
7907 10
7907 11
7980 10
7980 11
7981 10
7981 11
8054 10
8054 11
8055 10
8055 11
8056 10
8056 11
8132 10
8132 11
8133 10
8133 11
8134 10
8134 11
8214 10
8214 11
8215 10
8215 11
8302 10
8302 11
8303 10
8303 11
8394 10
8394 11
8395 10
8395 11
8489 10
8489 11
8490 10
8490 11
8585 10
8585 11
8586 10
8586 11
8587 10
8587 11
8690 10
8690 11
8691 10
8691 11
8692 10
8692 11
8798 10
8798 11
8799 10
8799 11
8800 10
8800 11
8909 10
8909 11
8910 10
8910 11
8911 10
8911 11
8912 10
8912 11
9026 10
9026 11
9027 10
9027 11
9028 10
9028 11
9143 10
9143 11
9145 10
9145 11
9146 10
9146 11
9265 10
9265 11
9267 10
9267 11
9387 10
9387 11
9389 10
9389 11
9511 10
9511 11
9514 10
9514 11
9633 10
9633 11
9634 10
9634 11
9635 10
9635 11
9750 10
9750 11
9751 10
9751 11
9752 10
9752 11
10001 10
10001 11
10369 10
10369 11
10740 10
10740 11
10741 10
10741 11
10853 10
10853 11
10861 10
10861 11
10862 10
10862 11
10982 10
10982 11
10983 10
10983 11
10984 10
10984 11
11106 10
11106 11
11108 10
11108 11
11111 10
11111 11
11112 10
11112 11
11233 10
11233 11
11234 10
11234 11
11235 10
11235 11
11238 10
11238 11
11364 10
11364 11
11365 10
11365 11
11367 10
11367 11
11370 10
11370 11
11374 10
11374 11
11502 10
11502 11
11503 10
11503 11
11504 10
11504 11
11505 10
11505 11
11507 10
11507 11
11508 10
11508 11
11509 10
11509 11
11510 10
11510 11
11644 10
11644 11
11645 10
11645 11
11646 10
11646 11
11647 10
11647 11
11649 10
11649 11
11650 10
11650 11
11653 10
11653 11
11654 10
11654 11
11658 10
11658 11
11783 10
11783 11
11784 10
11784 11
11785 10
11785 11
11786 10
11786 11
11787 10
11787 11
11788 10
11788 11
11789 10
11789 11
11790 10
11790 11
11791 10
11791 11
11792 10
11792 11
11795 10
11795 11
11926 10
11926 11
11927 10
11927 11
11928 10
11928 11
11931 10
11931 11
11932 10
11932 11
11933 10
11933 11
11934 10
11934 11
11935 10
11935 11
11936 10
11936 11
11937 10
11937 11
11939 10
11939 11
12078 10
12078 11
12079 10
12079 11
12080 10
12080 11
12081 10
12081 11
12083 10
12083 11
12085 10
12085 11
12086 10
12086 11
12087 10
12087 11
12088 10
12088 11
12089 10
12089 11
12090 10
12090 11
12091 10
12091 11
12092 10
12092 11
12093 10
12093 11
12094 10
12094 11
12104 10
12104 11
12232 10
12232 11
12233 10
12233 11
12234 10
12234 11
12240 10
12240 11
12241 10
12241 11
12242 10
12242 11
12243 10
12243 11
12244 10
12244 11
12245 10
12245 11
12246 10
12246 11
12247 10
12247 11
12248 10
12248 11
12249 10
12249 11
12250 10
12250 11
12251 10
12251 11
12257 10
12257 11
12394 10
12394 11
12395 10
12395 11
12401 10
12401 11
12402 10
12402 11
12404 10
12404 11
12405 10
12405 11
12406 10
12406 11
12408 10
12408 11
12409 10
12409 11
12410 10
12410 11
12411 10
12411 11
12412 10
12412 11
12413 10
12413 11
12414 10
12414 11
12415 10
12415 11
12562 10
12562 11
12563 10
12563 11
12570 10
12570 11
12572 10
12572 11
12573 10
12573 11
12574 10
12574 11
12575 10
12575 11
12576 10
12576 11
12577 10
12577 11
12578 10
12578 11
12579 10
12579 11
12727 10
12727 11
12728 10
12728 11
12738 10
12738 11
12741 10
12741 11
12742 10
12742 11
12743 10
12743 11
12744 10
12744 11
12745 10
12745 11
12746 10
12746 11
12747 10
12747 11
12748 10
12748 11
12755 10
12755 11
12897 10
12897 11
12905 10
12905 11
12930 10
12930 11
