pt_graph shape
1157 1
1157 1
1157 1
1157 1
1157 1
1157 1
1157 1
1157 1
1157 1
1157 1
1157 1
1157 1
1157 1
1157 1
1157 1
1157 1
1157 1
1157 1
1157 1
1157 1
1157 1
8867 1
8867 1
8867 1
8867 1
8867 1
8867 1
8867 1
8867 1
8867 1
8867 1
8867 1
8867 1
8867 1
8867 1
8867 1
8867 1
8867 1
8867 1
8867 1
8867 1
8867 1
8108 1
8108 1
8108 1
8108 1
8108 1
8108 1
8108 1
8108 1
8108 1
8108 1
8108 1
8108 1
8108 1
8108 1
8108 1
8108 1
8108 1
8108 1
8108 1
8108 1
8108 1
8000 1
8000 1
8000 1
8000 1
8000 1
8000 1
8000 1
8000 1
8000 1
8000 1
8000 1
8000 1
8000 1
8000 1
8000 1
8000 1
8000 1
8000 1
8000 1
8000 1
8000 1
1241 1
1241 1
1241 1
1241 1
1241 1
1241 1
1241 1
1241 1
1241 1
1241 1
1241 1
1241 1
1241 1
1241 1
1241 1
1241 1
1241 1
1241 1
1241 1
1241 1
1241 1
1394 1
1394 1
1394 1
1394 1
1394 1
1394 1
1394 1
1394 1
1394 1
1394 1
1394 1
1394 1
1394 1
1394 1
1394 1
1394 1
1394 1
1394 1
1394 1
1394 1
1394 1
1397 1
1397 1
1397 1
1397 1
1397 1
1397 1
1397 1
1397 1
1397 1
1397 1
1397 1
1397 1
1397 1
1397 1
1397 1
1397 1
1397 1
1397 1
1397 1
1397 1
1397 1
1463 1
1463 1
1463 1
1463 1
1463 1
1463 1
1463 1
1463 1
1463 1
1463 1
1463 1
1463 1
1463 1
1463 1
1463 1
1463 1
1463 1
1463 1
1463 1
1463 1
1463 1
8875 1
8875 1
8875 1
8875 1
8875 1
8875 1
8875 1
8875 1
8875 1
8875 1
8875 1
8875 1
8875 1
8875 1
8875 1
8875 1
8875 1
8875 1
8875 1
8875 1
8875 1
1527 1
1527 1
1527 1
1527 1
1527 1
1527 1
1527 1
1527 1
1527 1
1527 1
1527 1
1527 1
1527 1
1527 1
1527 1
1527 1
1527 1
1527 1
1527 1
1527 1
1527 1
1528 1
1528 1
1528 1
1528 1
1528 1
1528 1
1528 1
1528 1
1528 1
1528 1
1528 1
1528 1
1528 1
1528 1
1528 1
1528 1
1528 1
1528 1
1528 1
1528 1
1528 1
8059 1
8059 1
8059 1
8059 1
8059 1
8059 1
8059 1
8059 1
8059 1
8059 1
8059 1
8059 1
8059 1
8059 1
8059 1
8059 1
8059 1
8059 1
8059 1
8059 1
8059 1
1843 1
1843 1
1843 1
1843 1
1843 1
1843 1
1843 1
1843 1
1843 1
1843 1
1843 1
1843 1
1843 1
1843 1
1843 1
1843 1
1843 1
1843 1
1843 1
1843 1
1843 1
1660 1
1660 1
1660 1
1660 1
1660 1
1660 1
1660 1
1660 1
1660 1
1660 1
1660 1
1660 1
1660 1
1660 1
1660 1
1660 1
1660 1
1660 1
1660 1
1660 1
1660 1
1847 1
1847 1
1847 1
1847 1
1847 1
1847 1
1847 1
1847 1
1847 1
1847 1
1847 1
1847 1
1847 1
1847 1
1847 1
1847 1
1847 1
1847 1
1847 1
1847 1
1847 1
8047 1
8047 1
8047 1
8047 1
8047 1
8047 1
8047 1
8047 1
8047 1
8047 1
8047 1
8047 1
8047 1
8047 1
8047 1
8047 1
8047 1
8047 1
8047 1
8047 1
8047 1
1916 1
1916 1
1916 1
1916 1
1916 1
1916 1
1916 1
1916 1
1916 1
1916 1
1916 1
1916 1
1916 1
1916 1
1916 1
1916 1
1916 1
1916 1
1916 1
1916 1
1916 1
2218 1
2218 1
2218 1
2218 1
2218 1
2218 1
2218 1
2218 1
2218 1
2218 1
2218 1
2218 1
2218 1
2218 1
2218 1
2218 1
2218 1
2218 1
2218 1
2218 1
2218 1
2227 1
2227 1
2227 1
2227 1
2227 1
2227 1
2227 1
2227 1
2227 1
2227 1
2227 1
2227 1
2227 1
2227 1
2227 1
2227 1
2227 1
2227 1
2227 1
2227 1
2227 1
2334 1
2334 1
2334 1
2334 1
2334 1
2334 1
2334 1
2334 1
2334 1
2334 1
2334 1
2334 1
2334 1
2334 1
2334 1
2334 1
2334 1
2334 1
2334 1
2334 1
2334 1
8892 1
8892 1
8892 1
8892 1
8892 1
8892 1
8892 1
8892 1
8892 1
8892 1
8892 1
8892 1
8892 1
8892 1
8892 1
8892 1
8892 1
8892 1
8892 1
8892 1
8892 1
2341 1
2341 1
2341 1
2341 1
2341 1
2341 1
2341 1
2341 1
2341 1
2341 1
2341 1
2341 1
2341 1
2341 1
2341 1
2341 1
2341 1
2341 1
2341 1
2341 1
2341 1
2388 1
2388 1
2388 1
2388 1
2388 1
2388 1
2388 1
2388 1
2388 1
2388 1
2388 1
2388 1
2388 1
2388 1
2388 1
2388 1
2388 1
2388 1
2388 1
2388 1
2388 1
2436 1
2436 1
2436 1
2436 1
2436 1
2436 1
2436 1
2436 1
2436 1
2436 1
2436 1
2436 1
2436 1
2436 1
2436 1
2436 1
2436 1
2436 1
2436 1
2436 1
2436 1
2394 1
2394 1
2394 1
2394 1
2394 1
2394 1
2394 1
2394 1
2394 1
2394 1
2394 1
2394 1
2394 1
2394 1
2394 1
2394 1
2394 1
2394 1
2394 1
2394 1
2394 1
2439 1
2439 1
2439 1
2439 1
2439 1
2439 1
2439 1
2439 1
2439 1
2439 1
2439 1
2439 1
2439 1
2439 1
2439 1
2439 1
2439 1
2439 1
2439 1
2439 1
2439 1
2442 1
2442 1
2442 1
2442 1
2442 1
2442 1
2442 1
2442 1
2442 1
2442 1
2442 1
2442 1
2442 1
2442 1
2442 1
2442 1
2442 1
2442 1
2442 1
2442 1
2442 1
2446 1
2446 1
2446 1
2446 1
2446 1
2446 1
2446 1
2446 1
2446 1
2446 1
2446 1
2446 1
2446 1
2446 1
2446 1
2446 1
2446 1
2446 1
2446 1
2446 1
2446 1
2541 1
2541 1
2541 1
2541 1
2541 1
2541 1
2541 1
2541 1
2541 1
2541 1
2541 1
2541 1
2541 1
2541 1
2541 1
2541 1
2541 1
2541 1
2541 1
2541 1
2541 1
2586 1
2586 1
2586 1
2586 1
2586 1
2586 1
2586 1
2586 1
2586 1
2586 1
2586 1
2586 1
2586 1
2586 1
2586 1
2586 1
2586 1
2586 1
2586 1
2586 1
2586 1
2546 1
2546 1
2546 1
2546 1
2546 1
2546 1
2546 1
2546 1
2546 1
2546 1
2546 1
2546 1
2546 1
2546 1
2546 1
2546 1
2546 1
2546 1
2546 1
2546 1
2546 1
2590 1
2590 1
2590 1
2590 1
2590 1
2590 1
2590 1
2590 1
2590 1
2590 1
2590 1
2590 1
2590 1
2590 1
2590 1
2590 1
2590 1
2590 1
2590 1
2590 1
2590 1
2637 1
2637 1
2637 1
2637 1
2637 1
2637 1
2637 1
2637 1
2637 1
2637 1
2637 1
2637 1
2637 1
2637 1
2637 1
2637 1
2637 1
2637 1
2637 1
2637 1
2637 1
2596 1
2596 1
2596 1
2596 1
2596 1
2596 1
2596 1
2596 1
2596 1
2596 1
2596 1
2596 1
2596 1
2596 1
2596 1
2596 1
2596 1
2596 1
2596 1
2596 1
2596 1
2642 1
2642 1
2642 1
2642 1
2642 1
2642 1
2642 1
2642 1
2642 1
2642 1
2642 1
2642 1
2642 1
2642 1
2642 1
2642 1
2642 1
2642 1
2642 1
2642 1
2642 1
2644 1
2644 1
2644 1
2644 1
2644 1
2644 1
2644 1
2644 1
2644 1
2644 1
2644 1
2644 1
2644 1
2644 1
2644 1
2644 1
2644 1
2644 1
2644 1
2644 1
2644 1
2647 1
2647 1
2647 1
2647 1
2647 1
2647 1
2647 1
2647 1
2647 1
2647 1
2647 1
2647 1
2647 1
2647 1
2647 1
2647 1
2647 1
2647 1
2647 1
2647 1
2647 1
2691 1
2691 1
2691 1
2691 1
2691 1
2691 1
2691 1
2691 1
2691 1
2691 1
2691 1
2691 1
2691 1
2691 1
2691 1
2691 1
2691 1
2691 1
2691 1
2691 1
2691 1
2695 1
2695 1
2695 1
2695 1
2695 1
2695 1
2695 1
2695 1
2695 1
2695 1
2695 1
2695 1
2695 1
2695 1
2695 1
2695 1
2695 1
2695 1
2695 1
2695 1
2695 1
2697 1
2697 1
2697 1
2697 1
2697 1
2697 1
2697 1
2697 1
2697 1
2697 1
2697 1
2697 1
2697 1
2697 1
2697 1
2697 1
2697 1
2697 1
2697 1
2697 1
2697 1
2741 1
2741 1
2741 1
2741 1
2741 1
2741 1
2741 1
2741 1
2741 1
2741 1
2741 1
2741 1
2741 1
2741 1
2741 1
2741 1
2741 1
2741 1
2741 1
2741 1
2741 1
2698 1
2698 1
2698 1
2698 1
2698 1
2698 1
2698 1
2698 1
2698 1
2698 1
2698 1
2698 1
2698 1
2698 1
2698 1
2698 1
2698 1
2698 1
2698 1
2698 1
2698 1
2699 1
2699 1
2699 1
2699 1
2699 1
2699 1
2699 1
2699 1
2699 1
2699 1
2699 1
2699 1
2699 1
2699 1
2699 1
2699 1
2699 1
2699 1
2699 1
2699 1
2699 1
2746 1
2746 1
2746 1
2746 1
2746 1
2746 1
2746 1
2746 1
2746 1
2746 1
2746 1
2746 1
2746 1
2746 1
2746 1
2746 1
2746 1
2746 1
2746 1
2746 1
2746 1
2748 1
2748 1
2748 1
2748 1
2748 1
2748 1
2748 1
2748 1
2748 1
2748 1
2748 1
2748 1
2748 1
2748 1
2748 1
2748 1
2748 1
2748 1
2748 1
2748 1
2748 1
2749 1
2749 1
2749 1
2749 1
2749 1
2749 1
2749 1
2749 1
2749 1
2749 1
2749 1
2749 1
2749 1
2749 1
2749 1
2749 1
2749 1
2749 1
2749 1
2749 1
2749 1
2750 1
2750 1
2750 1
2750 1
2750 1
2750 1
2750 1
2750 1
2750 1
2750 1
2750 1
2750 1
2750 1
2750 1
2750 1
2750 1
2750 1
2750 1
2750 1
2750 1
2750 1
2842 1
2842 1
2842 1
2842 1
2842 1
2842 1
2842 1
2842 1
2842 1
2842 1
2842 1
2842 1
2842 1
2842 1
2842 1
2842 1
2842 1
2842 1
2842 1
2842 1
2842 1
2895 1
2895 1
2895 1
2895 1
2895 1
2895 1
2895 1
2895 1
2895 1
2895 1
2895 1
2895 1
2895 1
2895 1
2895 1
2895 1
2895 1
2895 1
2895 1
2895 1
2895 1
2802 1
2802 1
2802 1
2802 1
2802 1
2802 1
2802 1
2802 1
2802 1
2802 1
2802 1
2802 1
2802 1
2802 1
2802 1
2802 1
2802 1
2802 1
2802 1
2802 1
2802 1
2848 1
2848 1
2848 1
2848 1
2848 1
2848 1
2848 1
2848 1
2848 1
2848 1
2848 1
2848 1
2848 1
2848 1
2848 1
2848 1
2848 1
2848 1
2848 1
2848 1
2848 1
2850 1
2850 1
2850 1
2850 1
2850 1
2850 1
2850 1
2850 1
2850 1
2850 1
2850 1
2850 1
2850 1
2850 1
2850 1
2850 1
2850 1
2850 1
2850 1
2850 1
2850 1
2853 1
2853 1
2853 1
2853 1
2853 1
2853 1
2853 1
2853 1
2853 1
2853 1
2853 1
2853 1
2853 1
2853 1
2853 1
2853 1
2853 1
2853 1
2853 1
2853 1
2853 1
2854 1
2854 1
2854 1
2854 1
2854 1
2854 1
2854 1
2854 1
2854 1
2854 1
2854 1
2854 1
2854 1
2854 1
2854 1
2854 1
2854 1
2854 1
2854 1
2854 1
2854 1
2954 1
2954 1
2954 1
2954 1
2954 1
2954 1
2954 1
2954 1
2954 1
2954 1
2954 1
2954 1
2954 1
2954 1
2954 1
2954 1
2954 1
2954 1
2954 1
2954 1
2954 1
2906 1
2906 1
2906 1
2906 1
2906 1
2906 1
2906 1
2906 1
2906 1
2906 1
2906 1
2906 1
2906 1
2906 1
2906 1
2906 1
2906 1
2906 1
2906 1
2906 1
2906 1
2908 1
2908 1
2908 1
2908 1
2908 1
2908 1
2908 1
2908 1
2908 1
2908 1
2908 1
2908 1
2908 1
2908 1
2908 1
2908 1
2908 1
2908 1
2908 1
2908 1
2908 1
2909 1
2909 1
2909 1
2909 1
2909 1
2909 1
2909 1
2909 1
2909 1
2909 1
2909 1
2909 1
2909 1
2909 1
2909 1
2909 1
2909 1
2909 1
2909 1
2909 1
2909 1
2960 1
2960 1
2960 1
2960 1
2960 1
2960 1
2960 1
2960 1
2960 1
2960 1
2960 1
2960 1
2960 1
2960 1
2960 1
2960 1
2960 1
2960 1
2960 1
2960 1
2960 1
2962 1
2962 1
2962 1
2962 1
2962 1
2962 1
2962 1
2962 1
2962 1
2962 1
2962 1
2962 1
2962 1
2962 1
2962 1
2962 1
2962 1
2962 1
2962 1
2962 1
2962 1
2965 1
2965 1
2965 1
2965 1
2965 1
2965 1
2965 1
2965 1
2965 1
2965 1
2965 1
2965 1
2965 1
2965 1
2965 1
2965 1
2965 1
2965 1
2965 1
2965 1
2965 1
3017 1
3017 1
3017 1
3017 1
3017 1
3017 1
3017 1
3017 1
3017 1
3017 1
3017 1
3017 1
3017 1
3017 1
3017 1
3017 1
3017 1
3017 1
3017 1
3017 1
3017 1
3018 1
3018 1
3018 1
3018 1
3018 1
3018 1
3018 1
3018 1
3018 1
3018 1
3018 1
3018 1
3018 1
3018 1
3018 1
3018 1
3018 1
3018 1
3018 1
3018 1
3018 1
3019 1
3019 1
3019 1
3019 1
3019 1
3019 1
3019 1
3019 1
3019 1
3019 1
3019 1
3019 1
3019 1
3019 1
3019 1
3019 1
3019 1
3019 1
3019 1
3019 1
3019 1
3020 1
3020 1
3020 1
3020 1
3020 1
3020 1
3020 1
3020 1
3020 1
3020 1
3020 1
3020 1
3020 1
3020 1
3020 1
3020 1
3020 1
3020 1
3020 1
3020 1
3020 1
3073 1
3073 1
3073 1
3073 1
3073 1
3073 1
3073 1
3073 1
3073 1
3073 1
3073 1
3073 1
3073 1
3073 1
3073 1
3073 1
3073 1
3073 1
3073 1
3073 1
3073 1
3120 1
3120 1
3120 1
3120 1
3120 1
3120 1
3120 1
3120 1
3120 1
3120 1
3120 1
3120 1
3120 1
3120 1
3120 1
3120 1
3120 1
3120 1
3120 1
3120 1
3120 1
8139 1
8139 1
8139 1
8139 1
8139 1
8139 1
8139 1
8139 1
8139 1
8139 1
8139 1
8139 1
8139 1
8139 1
8139 1
8139 1
8139 1
8139 1
8139 1
8139 1
8139 1
3123 1
3123 1
3123 1
3123 1
3123 1
3123 1
3123 1
3123 1
3123 1
3123 1
3123 1
3123 1
3123 1
3123 1
3123 1
3123 1
3123 1
3123 1
3123 1
3123 1
3123 1
3178 1
3178 1
3178 1
3178 1
3178 1
3178 1
3178 1
3178 1
3178 1
3178 1
3178 1
3178 1
3178 1
3178 1
3178 1
3178 1
3178 1
3178 1
3178 1
3178 1
3178 1
3180 1
3180 1
3180 1
3180 1
3180 1
3180 1
3180 1
3180 1
3180 1
3180 1
3180 1
3180 1
3180 1
3180 1
3180 1
3180 1
3180 1
3180 1
3180 1
3180 1
3180 1
3181 1
3181 1
3181 1
3181 1
3181 1
3181 1
3181 1
3181 1
3181 1
3181 1
3181 1
3181 1
3181 1
3181 1
3181 1
3181 1
3181 1
3181 1
3181 1
3181 1
3181 1
3183 1
3183 1
3183 1
3183 1
3183 1
3183 1
3183 1
3183 1
3183 1
3183 1
3183 1
3183 1
3183 1
3183 1
3183 1
3183 1
3183 1
3183 1
3183 1
3183 1
3183 1
3184 1
3184 1
3184 1
3184 1
3184 1
3184 1
3184 1
3184 1
3184 1
3184 1
3184 1
3184 1
3184 1
3184 1
3184 1
3184 1
3184 1
3184 1
3184 1
3184 1
3184 1
3235 1
3235 1
3235 1
3235 1
3235 1
3235 1
3235 1
3235 1
3235 1
3235 1
3235 1
3235 1
3235 1
3235 1
3235 1
3235 1
3235 1
3235 1
3235 1
3235 1
3235 1
3236 1
3236 1
3236 1
3236 1
3236 1
3236 1
3236 1
3236 1
3236 1
3236 1
3236 1
3236 1
3236 1
3236 1
3236 1
3236 1
3236 1
3236 1
3236 1
3236 1
3236 1
3237 1
3237 1
3237 1
3237 1
3237 1
3237 1
3237 1
3237 1
3237 1
3237 1
3237 1
3237 1
3237 1
3237 1
3237 1
3237 1
3237 1
3237 1
3237 1
3237 1
3237 1
3290 1
3290 1
3290 1
3290 1
3290 1
3290 1
3290 1
3290 1
3290 1
3290 1
3290 1
3290 1
3290 1
3290 1
3290 1
3290 1
3290 1
3290 1
3290 1
3290 1
3290 1
3291 1
3291 1
3291 1
3291 1
3291 1
3291 1
3291 1
3291 1
3291 1
3291 1
3291 1
3291 1
3291 1
3291 1
3291 1
3291 1
3291 1
3291 1
3291 1
3291 1
3291 1
3292 1
3292 1
3292 1
3292 1
3292 1
3292 1
3292 1
3292 1
3292 1
3292 1
3292 1
3292 1
3292 1
3292 1
3292 1
3292 1
3292 1
3292 1
3292 1
3292 1
3292 1
3350 1
3350 1
3350 1
3350 1
3350 1
3350 1
3350 1
3350 1
3350 1
3350 1
3350 1
3350 1
3350 1
3350 1
3350 1
3350 1
3350 1
3350 1
3350 1
3350 1
3350 1
3352 1
3352 1
3352 1
3352 1
3352 1
3352 1
3352 1
3352 1
3352 1
3352 1
3352 1
3352 1
3352 1
3352 1
3352 1
3352 1
3352 1
3352 1
3352 1
3352 1
3352 1
3417 1
3417 1
3417 1
3417 1
3417 1
3417 1
3417 1
3417 1
3417 1
3417 1
3417 1
3417 1
3417 1
3417 1
3417 1
3417 1
3417 1
3417 1
3417 1
3417 1
3417 1
3418 1
3418 1
3418 1
3418 1
3418 1
3418 1
3418 1
3418 1
3418 1
3418 1
3418 1
3418 1
3418 1
3418 1
3418 1
3418 1
3418 1
3418 1
3418 1
3418 1
3418 1
3480 1
3480 1
3480 1
3480 1
3480 1
3480 1
3480 1
3480 1
3480 1
3480 1
3480 1
3480 1
3480 1
3480 1
3480 1
3480 1
3480 1
3480 1
3480 1
3480 1
3480 1
3481 1
3481 1
3481 1
3481 1
3481 1
3481 1
3481 1
3481 1
3481 1
3481 1
3481 1
3481 1
3481 1
3481 1
3481 1
3481 1
3481 1
3481 1
3481 1
3481 1
3481 1
3610 1
3610 1
3610 1
3610 1
3610 1
3610 1
3610 1
3610 1
3610 1
3610 1
3610 1
3610 1
3610 1
3610 1
3610 1
3610 1
3610 1
3610 1
3610 1
3610 1
3610 1
3483 1
3483 1
3483 1
3483 1
3483 1
3483 1
3483 1
3483 1
3483 1
3483 1
3483 1
3483 1
3483 1
3483 1
3483 1
3483 1
3483 1
3483 1
3483 1
3483 1
3483 1
3484 1
3484 1
3484 1
3484 1
3484 1
3484 1
3484 1
3484 1
3484 1
3484 1
3484 1
3484 1
3484 1
3484 1
3484 1
3484 1
3484 1
3484 1
3484 1
3484 1
3484 1
3545 1
3545 1
3545 1
3545 1
3545 1
3545 1
3545 1
3545 1
3545 1
3545 1
3545 1
3545 1
3545 1
3545 1
3545 1
3545 1
3545 1
3545 1
3545 1
3545 1
3545 1
3547 1
3547 1
3547 1
3547 1
3547 1
3547 1
3547 1
3547 1
3547 1
3547 1
3547 1
3547 1
3547 1
3547 1
3547 1
3547 1
3547 1
3547 1
3547 1
3547 1
3547 1
3549 1
3549 1
3549 1
3549 1
3549 1
3549 1
3549 1
3549 1
3549 1
3549 1
3549 1
3549 1
3549 1
3549 1
3549 1
3549 1
3549 1
3549 1
3549 1
3549 1
3549 1
3550 1
3550 1
3550 1
3550 1
3550 1
3550 1
3550 1
3550 1
3550 1
3550 1
3550 1
3550 1
3550 1
3550 1
3550 1
3550 1
3550 1
3550 1
3550 1
3550 1
3550 1
3614 1
3614 1
3614 1
3614 1
3614 1
3614 1
3614 1
3614 1
3614 1
3614 1
3614 1
3614 1
3614 1
3614 1
3614 1
3614 1
3614 1
3614 1
3614 1
3614 1
3614 1
3617 1
3617 1
3617 1
3617 1
3617 1
3617 1
3617 1
3617 1
3617 1
3617 1
3617 1
3617 1
3617 1
3617 1
3617 1
3617 1
3617 1
3617 1
3617 1
3617 1
3617 1
3618 1
3618 1
3618 1
3618 1
3618 1
3618 1
3618 1
3618 1
3618 1
3618 1
3618 1
3618 1
3618 1
3618 1
3618 1
3618 1
3618 1
3618 1
3618 1
3618 1
3618 1
3620 1
3620 1
3620 1
3620 1
3620 1
3620 1
3620 1
3620 1
3620 1
3620 1
3620 1
3620 1
3620 1
3620 1
3620 1
3620 1
3620 1
3620 1
3620 1
3620 1
3620 1
3621 1
3621 1
3621 1
3621 1
3621 1
3621 1
3621 1
3621 1
3621 1
3621 1
3621 1
3621 1
3621 1
3621 1
3621 1
3621 1
3621 1
3621 1
3621 1
3621 1
3621 1
3688 1
3688 1
3688 1
3688 1
3688 1
3688 1
3688 1
3688 1
3688 1
3688 1
3688 1
3688 1
3688 1
3688 1
3688 1
3688 1
3688 1
3688 1
3688 1
3688 1
3688 1
3689 1
3689 1
3689 1
3689 1
3689 1
3689 1
3689 1
3689 1
3689 1
3689 1
3689 1
3689 1
3689 1
3689 1
3689 1
3689 1
3689 1
3689 1
3689 1
3689 1
3689 1
3690 1
3690 1
3690 1
3690 1
3690 1
3690 1
3690 1
3690 1
3690 1
3690 1
3690 1
3690 1
3690 1
3690 1
3690 1
3690 1
3690 1
3690 1
3690 1
3690 1
3690 1
3691 1
3691 1
3691 1
3691 1
3691 1
3691 1
3691 1
3691 1
3691 1
3691 1
3691 1
3691 1
3691 1
3691 1
3691 1
3691 1
3691 1
3691 1
3691 1
3691 1
3691 1
3692 1
3692 1
3692 1
3692 1
3692 1
3692 1
3692 1
3692 1
3692 1
3692 1
3692 1
3692 1
3692 1
3692 1
3692 1
3692 1
3692 1
3692 1
3692 1
3692 1
3692 1
3757 1
3757 1
3757 1
3757 1
3757 1
3757 1
3757 1
3757 1
3757 1
3757 1
3757 1
3757 1
3757 1
3757 1
3757 1
3757 1
3757 1
3757 1
3757 1
3757 1
3757 1
3760 1
3760 1
3760 1
3760 1
3760 1
3760 1
3760 1
3760 1
3760 1
3760 1
3760 1
3760 1
3760 1
3760 1
3760 1
3760 1
3760 1
3760 1
3760 1
3760 1
3760 1
3761 1
3761 1
3761 1
3761 1
3761 1
3761 1
3761 1
3761 1
3761 1
3761 1
3761 1
3761 1
3761 1
3761 1
3761 1
3761 1
3761 1
3761 1
3761 1
3761 1
3761 1
3834 1
3834 1
3834 1
3834 1
3834 1
3834 1
3834 1
3834 1
3834 1
3834 1
3834 1
3834 1
3834 1
3834 1
3834 1
3834 1
3834 1
3834 1
3834 1
3834 1
3834 1
3983 1
3983 1
3983 1
3983 1
3983 1
3983 1
3983 1
3983 1
3983 1
3983 1
3983 1
3983 1
3983 1
3983 1
3983 1
3983 1
3983 1
3983 1
3983 1
3983 1
3983 1
8997 1
8997 1
8997 1
8997 1
8997 1
8997 1
8997 1
8997 1
8997 1
8997 1
8997 1
8997 1
8997 1
8997 1
8997 1
8997 1
8997 1
8997 1
8997 1
8997 1
8997 1
4126 1
4126 1
4126 1
4126 1
4126 1
4126 1
4126 1
4126 1
4126 1
4126 1
4126 1
4126 1
4126 1
4126 1
4126 1
4126 1
4126 1
4126 1
4126 1
4126 1
4126 1
4192 1
4192 1
4192 1
4192 1
4192 1
4192 1
4192 1
4192 1
4192 1
4192 1
4192 1
4192 1
4192 1
4192 1
4192 1
4192 1
4192 1
4192 1
4192 1
4192 1
4192 1
4256 1
4256 1
4256 1
4256 1
4256 1
4256 1
4256 1
4256 1
4256 1
4256 1
4256 1
4256 1
4256 1
4256 1
4256 1
4256 1
4256 1
4256 1
4256 1
4256 1
4256 1
4316 1
4316 1
4316 1
4316 1
4316 1
4316 1
4316 1
4316 1
4316 1
4316 1
4316 1
4316 1
4316 1
4316 1
4316 1
4316 1
4316 1
4316 1
4316 1
4316 1
4316 1
4611 1
4611 1
4611 1
4611 1
4611 1
4611 1
4611 1
4611 1
4611 1
4611 1
4611 1
4611 1
4611 1
4611 1
4611 1
4611 1
4611 1
4611 1
4611 1
4611 1
4611 1
4868 1
4868 1
4868 1
4868 1
4868 1
4868 1
4868 1
4868 1
4868 1
4868 1
4868 1
4868 1
4868 1
4868 1
4868 1
4868 1
4868 1
4868 1
4868 1
4868 1
4868 1
4913 1
4913 1
4913 1
4913 1
4913 1
4913 1
4913 1
4913 1
4913 1
4913 1
4913 1
4913 1
4913 1
4913 1
4913 1
4913 1
4913 1
4913 1
4913 1
4913 1
4913 1
4914 1
4914 1
4914 1
4914 1
4914 1
4914 1
4914 1
4914 1
4914 1
4914 1
4914 1
4914 1
4914 1
4914 1
4914 1
4914 1
4914 1
4914 1
4914 1
4914 1
4914 1
5009 1
5009 1
5009 1
5009 1
5009 1
5009 1
5009 1
5009 1
5009 1
5009 1
5009 1
5009 1
5009 1
5009 1
5009 1
5009 1
5009 1
5009 1
5009 1
5009 1
5009 1
8820 1
8820 1
8820 1
8820 1
8820 1
8820 1
8820 1
8820 1
8820 1
8820 1
8820 1
8820 1
8820 1
8820 1
8820 1
8820 1
8820 1
8820 1
8820 1
8820 1
8820 1
