pt_graph cpue_kghour
823 220.545339215718
823 220.545339215718
823 220.545339215718
823 8.92722943433133
823 25.3050304330572
823 25.3050304330572
823 0.166258346232527
823 0.166258346232527
823 0.104504418681071
823 0
823 0
823 0.0832249328304159
823 16.8602220210468
823 16.8602220210468
823 0
823 0.77661884864794
823 0
823 0
823 0.888014056052162
823 9.54812026272255
823 9.54812026272255
829 220.545339215718
829 220.545339215718
829 220.545339215718
829 8.92722943433133
829 25.3050304330572
829 25.3050304330572
829 0.166258346232527
829 0.166258346232527
829 0.104504418681071
829 0
829 0
829 0.0832249328304159
829 16.8602220210468
829 16.8602220210468
829 0
829 0.77661884864794
829 0
829 0
829 0.888014056052162
829 9.54812026272255
829 9.54812026272255
981 220.545339215718
981 220.545339215718
981 220.545339215718
981 8.92722943433133
981 25.3050304330572
981 25.3050304330572
981 0.166258346232527
981 0.166258346232527
981 0.104504418681071
981 0
981 0
981 0.0832249328304159
981 16.8602220210468
981 16.8602220210468
981 0
981 0.77661884864794
981 0
981 0
981 0.888014056052162
981 9.54812026272255
981 9.54812026272255
982 220.545339215718
982 220.545339215718
982 220.545339215718
982 8.92722943433133
982 25.3050304330572
982 25.3050304330572
982 0.166258346232527
982 0.166258346232527
982 0.104504418681071
982 0
982 0
982 0.0832249328304159
982 16.8602220210468
982 16.8602220210468
982 0
982 0.77661884864794
982 0
982 0
982 0.888014056052162
982 9.54812026272255
982 9.54812026272255
1064 220.545339215718
1064 220.545339215718
1064 220.545339215718
1064 8.92722943433133
1064 25.3050304330572
1064 25.3050304330572
1064 0.166258346232527
1064 0.166258346232527
1064 0.104504418681071
1064 0
1064 0
1064 0.0832249328304159
1064 16.8602220210468
1064 16.8602220210468
1064 0
1064 0.77661884864794
1064 0
1064 0
1064 0.888014056052162
1064 9.54812026272255
1064 9.54812026272255
8577 220.545339215718
8577 220.545339215718
8577 220.545339215718
8577 8.92722943433133
8577 25.3050304330572
8577 25.3050304330572
8577 0.166258346232527
8577 0.166258346232527
8577 0.104504418681071
8577 0
8577 0
8577 0.0832249328304159
8577 16.8602220210468
8577 16.8602220210468
8577 0
8577 0.77661884864794
8577 0
8577 0
8577 0.888014056052162
8577 9.54812026272255
8577 9.54812026272255
1149 220.545339215718
1149 220.545339215718
1149 220.545339215718
1149 8.92722943433133
1149 25.3050304330572
1149 25.3050304330572
1149 0.166258346232527
1149 0.166258346232527
1149 0.104504418681071
1149 0
1149 0
1149 0.0832249328304159
1149 16.8602220210468
1149 16.8602220210468
1149 0
1149 0.77661884864794
1149 0
1149 0
1149 0.888014056052162
1149 9.54812026272255
1149 9.54812026272255
1071 220.545339215718
1071 220.545339215718
1071 220.545339215718
1071 8.92722943433133
1071 25.3050304330572
1071 25.3050304330572
1071 0.166258346232527
1071 0.166258346232527
1071 0.104504418681071
1071 0
1071 0
1071 0.0832249328304159
1071 16.8602220210468
1071 16.8602220210468
1071 0
1071 0.77661884864794
1071 0
1071 0
1071 0.888014056052162
1071 9.54812026272255
1071 9.54812026272255
8124 220.545339215718
8124 220.545339215718
8124 220.545339215718
8124 8.92722943433133
8124 25.3050304330572
8124 25.3050304330572
8124 0.166258346232527
8124 0.166258346232527
8124 0.104504418681071
8124 0
8124 0
8124 0.0832249328304159
8124 16.8602220210468
8124 16.8602220210468
8124 0
8124 0.77661884864794
8124 0
8124 0
8124 0.888014056052162
8124 9.54812026272255
8124 9.54812026272255
1317 220.545339215718
1317 220.545339215718
1317 220.545339215718
1317 8.92722943433133
1317 25.3050304330572
1317 25.3050304330572
1317 0.166258346232527
1317 0.166258346232527
1317 0.104504418681071
1317 0
1317 0
1317 0.0832249328304159
1317 16.8602220210468
1317 16.8602220210468
1317 0
1317 0.77661884864794
1317 0
1317 0
1317 0.888014056052162
1317 9.54812026272255
1317 9.54812026272255
1240 220.545339215718
1240 220.545339215718
1240 220.545339215718
1240 8.92722943433133
1240 25.3050304330572
1240 25.3050304330572
1240 0.166258346232527
1240 0.166258346232527
1240 0.104504418681071
1240 0
1240 0
1240 0.0832249328304159
1240 16.8602220210468
1240 16.8602220210468
1240 0
1240 0.77661884864794
1240 0
1240 0
1240 0.888014056052162
1240 9.54812026272255
1240 9.54812026272255
1242 220.545339215718
1242 220.545339215718
1242 220.545339215718
1242 8.92722943433133
1242 25.3050304330572
1242 25.3050304330572
1242 0.166258346232527
1242 0.166258346232527
1242 0.104504418681071
1242 0
1242 0
1242 0.0832249328304159
1242 16.8602220210468
1242 16.8602220210468
1242 0
1242 0.77661884864794
1242 0
1242 0
1242 0.888014056052162
1242 9.54812026272255
1242 9.54812026272255
1396 220.545339215718
1396 220.545339215718
1396 220.545339215718
1396 8.92722943433133
1396 25.3050304330572
1396 25.3050304330572
1396 0.166258346232527
1396 0.166258346232527
1396 0.104504418681071
1396 0
1396 0
1396 0.0832249328304159
1396 16.8602220210468
1396 16.8602220210468
1396 0
1396 0.77661884864794
1396 0
1396 0
1396 0.888014056052162
1396 9.54812026272255
1396 9.54812026272255
8874 220.545339215718
8874 220.545339215718
8874 220.545339215718
8874 8.92722943433133
8874 25.3050304330572
8874 25.3050304330572
8874 0.166258346232527
8874 0.166258346232527
8874 0.104504418681071
8874 0
8874 0
8874 0.0832249328304159
8874 16.8602220210468
8874 16.8602220210468
8874 0
8874 0.77661884864794
8874 0
8874 0
8874 0.888014056052162
8874 9.54812026272255
8874 9.54812026272255
1323 220.545339215718
1323 220.545339215718
1323 220.545339215718
1323 8.92722943433133
1323 25.3050304330572
1323 25.3050304330572
1323 0.166258346232527
1323 0.166258346232527
1323 0.104504418681071
1323 0
1323 0
1323 0.0832249328304159
1323 16.8602220210468
1323 16.8602220210468
1323 0
1323 0.77661884864794
1323 0
1323 0
1323 0.888014056052162
1323 9.54812026272255
1323 9.54812026272255
1463 220.545339215718
1463 220.545339215718
1463 220.545339215718
1463 8.92722943433133
1463 25.3050304330572
1463 25.3050304330572
1463 0.166258346232527
1463 0.166258346232527
1463 0.104504418681071
1463 0
1463 0
1463 0.0832249328304159
1463 16.8602220210468
1463 16.8602220210468
1463 0
1463 0.77661884864794
1463 0
1463 0
1463 0.888014056052162
1463 9.54812026272255
1463 9.54812026272255
1464 220.545339215718
1464 220.545339215718
1464 220.545339215718
1464 8.92722943433133
1464 25.3050304330572
1464 25.3050304330572
1464 0.166258346232527
1464 0.166258346232527
1464 0.104504418681071
1464 0
1464 0
1464 0.0832249328304159
1464 16.8602220210468
1464 16.8602220210468
1464 0
1464 0.77661884864794
1464 0
1464 0
1464 0.888014056052162
1464 9.54812026272255
1464 9.54812026272255
8875 220.545339215718
8875 220.545339215718
8875 220.545339215718
8875 8.92722943433133
8875 25.3050304330572
8875 25.3050304330572
8875 0.166258346232527
8875 0.166258346232527
8875 0.104504418681071
8875 0
8875 0
8875 0.0832249328304159
8875 16.8602220210468
8875 16.8602220210468
8875 0
8875 0.77661884864794
8875 0
8875 0
8875 0.888014056052162
8875 9.54812026272255
8875 9.54812026272255
1529 220.545339215718
1529 220.545339215718
1529 220.545339215718
1529 8.92722943433133
1529 25.3050304330572
1529 25.3050304330572
1529 0.166258346232527
1529 0.166258346232527
1529 0.104504418681071
1529 0
1529 0
1529 0.0832249328304159
1529 16.8602220210468
1529 16.8602220210468
1529 0
1529 0.77661884864794
1529 0
1529 0
1529 0.888014056052162
1529 9.54812026272255
1529 9.54812026272255
1534 220.545339215718
1534 220.545339215718
1534 220.545339215718
1534 8.92722943433133
1534 25.3050304330572
1534 25.3050304330572
1534 0.166258346232527
1534 0.166258346232527
1534 0.104504418681071
1534 0
1534 0
1534 0.0832249328304159
1534 16.8602220210468
1534 16.8602220210468
1534 0
1534 0.77661884864794
1534 0
1534 0
1534 0.888014056052162
1534 9.54812026272255
1534 9.54812026272255
1596 220.545339215718
1596 220.545339215718
1596 220.545339215718
1596 8.92722943433133
1596 25.3050304330572
1596 25.3050304330572
1596 0.166258346232527
1596 0.166258346232527
1596 0.104504418681071
1596 0
1596 0
1596 0.0832249328304159
1596 16.8602220210468
1596 16.8602220210468
1596 0
1596 0.77661884864794
1596 0
1596 0
1596 0.888014056052162
1596 9.54812026272255
1596 9.54812026272255
1847 220.545339215718
1847 220.545339215718
1847 220.545339215718
1847 8.92722943433133
1847 25.3050304330572
1847 25.3050304330572
1847 0.166258346232527
1847 0.166258346232527
1847 0.104504418681071
1847 0
1847 0
1847 0.0832249328304159
1847 16.8602220210468
1847 16.8602220210468
1847 0
1847 0.77661884864794
1847 0
1847 0
1847 0.888014056052162
1847 9.54812026272255
1847 9.54812026272255
2051 220.545339215718
2051 220.545339215718
2051 220.545339215718
2051 8.92722943433133
2051 25.3050304330572
2051 25.3050304330572
2051 0.166258346232527
2051 0.166258346232527
2051 0.104504418681071
2051 0
2051 0
2051 0.0832249328304159
2051 16.8602220210468
2051 16.8602220210468
2051 0
2051 0.77661884864794
2051 0
2051 0
2051 0.888014056052162
2051 9.54812026272255
2051 9.54812026272255
2168 220.545339215718
2168 220.545339215718
2168 220.545339215718
2168 8.92722943433133
2168 25.3050304330572
2168 25.3050304330572
2168 0.166258346232527
2168 0.166258346232527
2168 0.104504418681071
2168 0
2168 0
2168 0.0832249328304159
2168 16.8602220210468
2168 16.8602220210468
2168 0
2168 0.77661884864794
2168 0
2168 0
2168 0.888014056052162
2168 9.54812026272255
2168 9.54812026272255
2056 220.545339215718
2056 220.545339215718
2056 220.545339215718
2056 8.92722943433133
2056 25.3050304330572
2056 25.3050304330572
2056 0.166258346232527
2056 0.166258346232527
2056 0.104504418681071
2056 0
2056 0
2056 0.0832249328304159
2056 16.8602220210468
2056 16.8602220210468
2056 0
2056 0.77661884864794
2056 0
2056 0
2056 0.888014056052162
2056 9.54812026272255
2056 9.54812026272255
2170 220.545339215718
2170 220.545339215718
2170 220.545339215718
2170 8.92722943433133
2170 25.3050304330572
2170 25.3050304330572
2170 0.166258346232527
2170 0.166258346232527
2170 0.104504418681071
2170 0
2170 0
2170 0.0832249328304159
2170 16.8602220210468
2170 16.8602220210468
2170 0
2170 0.77661884864794
2170 0
2170 0
2170 0.888014056052162
2170 9.54812026272255
2170 9.54812026272255
2171 220.545339215718
2171 220.545339215718
2171 220.545339215718
2171 8.92722943433133
2171 25.3050304330572
2171 25.3050304330572
2171 0.166258346232527
2171 0.166258346232527
2171 0.104504418681071
2171 0
2171 0
2171 0.0832249328304159
2171 16.8602220210468
2171 16.8602220210468
2171 0
2171 0.77661884864794
2171 0
2171 0
2171 0.888014056052162
2171 9.54812026272255
2171 9.54812026272255
2219 220.545339215718
2219 220.545339215718
2219 220.545339215718
2219 8.92722943433133
2219 25.3050304330572
2219 25.3050304330572
2219 0.166258346232527
2219 0.166258346232527
2219 0.104504418681071
2219 0
2219 0
2219 0.0832249328304159
2219 16.8602220210468
2219 16.8602220210468
2219 0
2219 0.77661884864794
2219 0
2219 0
2219 0.888014056052162
2219 9.54812026272255
2219 9.54812026272255
2174 220.545339215718
2174 220.545339215718
2174 220.545339215718
2174 8.92722943433133
2174 25.3050304330572
2174 25.3050304330572
2174 0.166258346232527
2174 0.166258346232527
2174 0.104504418681071
2174 0
2174 0
2174 0.0832249328304159
2174 16.8602220210468
2174 16.8602220210468
2174 0
2174 0.77661884864794
2174 0
2174 0
2174 0.888014056052162
2174 9.54812026272255
2174 9.54812026272255
2180 220.545339215718
2180 220.545339215718
2180 220.545339215718
2180 8.92722943433133
2180 25.3050304330572
2180 25.3050304330572
2180 0.166258346232527
2180 0.166258346232527
2180 0.104504418681071
2180 0
2180 0
2180 0.0832249328304159
2180 16.8602220210468
2180 16.8602220210468
2180 0
2180 0.77661884864794
2180 0
2180 0
2180 0.888014056052162
2180 9.54812026272255
2180 9.54812026272255
2121 220.545339215718
2121 220.545339215718
2121 220.545339215718
2121 8.92722943433133
2121 25.3050304330572
2121 25.3050304330572
2121 0.166258346232527
2121 0.166258346232527
2121 0.104504418681071
2121 0
2121 0
2121 0.0832249328304159
2121 16.8602220210468
2121 16.8602220210468
2121 0
2121 0.77661884864794
2121 0
2121 0
2121 0.888014056052162
2121 9.54812026272255
2121 9.54812026272255
2333 220.545339215718
2333 220.545339215718
2333 220.545339215718
2333 8.92722943433133
2333 25.3050304330572
2333 25.3050304330572
2333 0.166258346232527
2333 0.166258346232527
2333 0.104504418681071
2333 0
2333 0
2333 0.0832249328304159
2333 16.8602220210468
2333 16.8602220210468
2333 0
2333 0.77661884864794
2333 0
2333 0
2333 0.888014056052162
2333 9.54812026272255
2333 9.54812026272255
8693 220.545339215718
8693 220.545339215718
8693 220.545339215718
8693 8.92722943433133
8693 25.3050304330572
8693 25.3050304330572
8693 0.166258346232527
8693 0.166258346232527
8693 0.104504418681071
8693 0
8693 0
8693 0.0832249328304159
8693 16.8602220210468
8693 16.8602220210468
8693 0
8693 0.77661884864794
8693 0
8693 0
8693 0.888014056052162
8693 9.54812026272255
8693 9.54812026272255
2337 220.545339215718
2337 220.545339215718
2337 220.545339215718
2337 8.92722943433133
2337 25.3050304330572
2337 25.3050304330572
2337 0.166258346232527
2337 0.166258346232527
2337 0.104504418681071
2337 0
2337 0
2337 0.0832249328304159
2337 16.8602220210468
2337 16.8602220210468
2337 0
2337 0.77661884864794
2337 0
2337 0
2337 0.888014056052162
2337 9.54812026272255
2337 9.54812026272255
2386 220.545339215718
2386 220.545339215718
2386 220.545339215718
2386 8.92722943433133
2386 25.3050304330572
2386 25.3050304330572
2386 0.166258346232527
2386 0.166258346232527
2386 0.104504418681071
2386 0
2386 0
2386 0.0832249328304159
2386 16.8602220210468
2386 16.8602220210468
2386 0
2386 0.77661884864794
2386 0
2386 0
2386 0.888014056052162
2386 9.54812026272255
2386 9.54812026272255
2340 220.545339215718
2340 220.545339215718
2340 220.545339215718
2340 8.92722943433133
2340 25.3050304330572
2340 25.3050304330572
2340 0.166258346232527
2340 0.166258346232527
2340 0.104504418681071
2340 0
2340 0
2340 0.0832249328304159
2340 16.8602220210468
2340 16.8602220210468
2340 0
2340 0.77661884864794
2340 0
2340 0
2340 0.888014056052162
2340 9.54812026272255
2340 9.54812026272255
2387 220.545339215718
2387 220.545339215718
2387 220.545339215718
2387 8.92722943433133
2387 25.3050304330572
2387 25.3050304330572
2387 0.166258346232527
2387 0.166258346232527
2387 0.104504418681071
2387 0
2387 0
2387 0.0832249328304159
2387 16.8602220210468
2387 16.8602220210468
2387 0
2387 0.77661884864794
2387 0
2387 0
2387 0.888014056052162
2387 9.54812026272255
2387 9.54812026272255
8893 220.545339215718
8893 220.545339215718
8893 220.545339215718
8893 8.92722943433133
8893 25.3050304330572
8893 25.3050304330572
8893 0.166258346232527
8893 0.166258346232527
8893 0.104504418681071
8893 0
8893 0
8893 0.0832249328304159
8893 16.8602220210468
8893 16.8602220210468
8893 0
8893 0.77661884864794
8893 0
8893 0
8893 0.888014056052162
8893 9.54812026272255
8893 9.54812026272255
2341 220.545339215718
2341 220.545339215718
2341 220.545339215718
2341 8.92722943433133
2341 25.3050304330572
2341 25.3050304330572
2341 0.166258346232527
2341 0.166258346232527
2341 0.104504418681071
2341 0
2341 0
2341 0.0832249328304159
2341 16.8602220210468
2341 16.8602220210468
2341 0
2341 0.77661884864794
2341 0
2341 0
2341 0.888014056052162
2341 9.54812026272255
2341 9.54812026272255
2444 220.545339215718
2444 220.545339215718
2444 220.545339215718
2444 8.92722943433133
2444 25.3050304330572
2444 25.3050304330572
2444 0.166258346232527
2444 0.166258346232527
2444 0.104504418681071
2444 0
2444 0
2444 0.0832249328304159
2444 16.8602220210468
2444 16.8602220210468
2444 0
2444 0.77661884864794
2444 0
2444 0
2444 0.888014056052162
2444 9.54812026272255
2444 9.54812026272255
2445 220.545339215718
2445 220.545339215718
2445 220.545339215718
2445 8.92722943433133
2445 25.3050304330572
2445 25.3050304330572
2445 0.166258346232527
2445 0.166258346232527
2445 0.104504418681071
2445 0
2445 0
2445 0.0832249328304159
2445 16.8602220210468
2445 16.8602220210468
2445 0
2445 0.77661884864794
2445 0
2445 0
2445 0.888014056052162
2445 9.54812026272255
2445 9.54812026272255
2492 220.545339215718
2492 220.545339215718
2492 220.545339215718
2492 8.92722943433133
2492 25.3050304330572
2492 25.3050304330572
2492 0.166258346232527
2492 0.166258346232527
2492 0.104504418681071
2492 0
2492 0
2492 0.0832249328304159
2492 16.8602220210468
2492 16.8602220210468
2492 0
2492 0.77661884864794
2492 0
2492 0
2492 0.888014056052162
2492 9.54812026272255
2492 9.54812026272255
2546 220.545339215718
2546 220.545339215718
2546 220.545339215718
2546 8.92722943433133
2546 25.3050304330572
2546 25.3050304330572
2546 0.166258346232527
2546 0.166258346232527
2546 0.104504418681071
2546 0
2546 0
2546 0.0832249328304159
2546 16.8602220210468
2546 16.8602220210468
2546 0
2546 0.77661884864794
2546 0
2546 0
2546 0.888014056052162
2546 9.54812026272255
2546 9.54812026272255
2589 220.545339215718
2589 220.545339215718
2589 220.545339215718
2589 8.92722943433133
2589 25.3050304330572
2589 25.3050304330572
2589 0.166258346232527
2589 0.166258346232527
2589 0.104504418681071
2589 0
2589 0
2589 0.0832249328304159
2589 16.8602220210468
2589 16.8602220210468
2589 0
2589 0.77661884864794
2589 0
2589 0
2589 0.888014056052162
2589 9.54812026272255
2589 9.54812026272255
8033 220.545339215718
8033 220.545339215718
8033 220.545339215718
8033 8.92722943433133
8033 25.3050304330572
8033 25.3050304330572
8033 0.166258346232527
8033 0.166258346232527
8033 0.104504418681071
8033 0
8033 0
8033 0.0832249328304159
8033 16.8602220210468
8033 16.8602220210468
8033 0
8033 0.77661884864794
8033 0
8033 0
8033 0.888014056052162
8033 9.54812026272255
8033 9.54812026272255
2646 220.545339215718
2646 220.545339215718
2646 220.545339215718
2646 8.92722943433133
2646 25.3050304330572
2646 25.3050304330572
2646 0.166258346232527
2646 0.166258346232527
2646 0.104504418681071
2646 0
2646 0
2646 0.0832249328304159
2646 16.8602220210468
2646 16.8602220210468
2646 0
2646 0.77661884864794
2646 0
2646 0
2646 0.888014056052162
2646 9.54812026272255
2646 9.54812026272255
2693 220.545339215718
2693 220.545339215718
2693 220.545339215718
2693 8.92722943433133
2693 25.3050304330572
2693 25.3050304330572
2693 0.166258346232527
2693 0.166258346232527
2693 0.104504418681071
2693 0
2693 0
2693 0.0832249328304159
2693 16.8602220210468
2693 16.8602220210468
2693 0
2693 0.77661884864794
2693 0
2693 0
2693 0.888014056052162
2693 9.54812026272255
2693 9.54812026272255
2698 220.545339215718
2698 220.545339215718
2698 220.545339215718
2698 8.92722943433133
2698 25.3050304330572
2698 25.3050304330572
2698 0.166258346232527
2698 0.166258346232527
2698 0.104504418681071
2698 0
2698 0
2698 0.0832249328304159
2698 16.8602220210468
2698 16.8602220210468
2698 0
2698 0.77661884864794
2698 0
2698 0
2698 0.888014056052162
2698 9.54812026272255
2698 9.54812026272255
2699 220.545339215718
2699 220.545339215718
2699 220.545339215718
2699 8.92722943433133
2699 25.3050304330572
2699 25.3050304330572
2699 0.166258346232527
2699 0.166258346232527
2699 0.104504418681071
2699 0
2699 0
2699 0.0832249328304159
2699 16.8602220210468
2699 16.8602220210468
2699 0
2699 0.77661884864794
2699 0
2699 0
2699 0.888014056052162
2699 9.54812026272255
2699 9.54812026272255
8972 220.545339215718
8972 220.545339215718
8972 220.545339215718
8972 8.92722943433133
8972 25.3050304330572
8972 25.3050304330572
8972 0.166258346232527
8972 0.166258346232527
8972 0.104504418681071
8972 0
8972 0
8972 0.0832249328304159
8972 16.8602220210468
8972 16.8602220210468
8972 0
8972 0.77661884864794
8972 0
8972 0
8972 0.888014056052162
8972 9.54812026272255
8972 9.54812026272255
2746 220.545339215718
2746 220.545339215718
2746 220.545339215718
2746 8.92722943433133
2746 25.3050304330572
2746 25.3050304330572
2746 0.166258346232527
2746 0.166258346232527
2746 0.104504418681071
2746 0
2746 0
2746 0.0832249328304159
2746 16.8602220210468
2746 16.8602220210468
2746 0
2746 0.77661884864794
2746 0
2746 0
2746 0.888014056052162
2746 9.54812026272255
2746 9.54812026272255
2748 220.545339215718
2748 220.545339215718
2748 220.545339215718
2748 8.92722943433133
2748 25.3050304330572
2748 25.3050304330572
2748 0.166258346232527
2748 0.166258346232527
2748 0.104504418681071
2748 0
2748 0
2748 0.0832249328304159
2748 16.8602220210468
2748 16.8602220210468
2748 0
2748 0.77661884864794
2748 0
2748 0
2748 0.888014056052162
2748 9.54812026272255
2748 9.54812026272255
2749 220.545339215718
2749 220.545339215718
2749 220.545339215718
2749 8.92722943433133
2749 25.3050304330572
2749 25.3050304330572
2749 0.166258346232527
2749 0.166258346232527
2749 0.104504418681071
2749 0
2749 0
2749 0.0832249328304159
2749 16.8602220210468
2749 16.8602220210468
2749 0
2749 0.77661884864794
2749 0
2749 0
2749 0.888014056052162
2749 9.54812026272255
2749 9.54812026272255
2841 220.545339215718
2841 220.545339215718
2841 220.545339215718
2841 8.92722943433133
2841 25.3050304330572
2841 25.3050304330572
2841 0.166258346232527
2841 0.166258346232527
2841 0.104504418681071
2841 0
2841 0
2841 0.0832249328304159
2841 16.8602220210468
2841 16.8602220210468
2841 0
2841 0.77661884864794
2841 0
2841 0
2841 0.888014056052162
2841 9.54812026272255
2841 9.54812026272255
2799 220.545339215718
2799 220.545339215718
2799 220.545339215718
2799 8.92722943433133
2799 25.3050304330572
2799 25.3050304330572
2799 0.166258346232527
2799 0.166258346232527
2799 0.104504418681071
2799 0
2799 0
2799 0.0832249328304159
2799 16.8602220210468
2799 16.8602220210468
2799 0
2799 0.77661884864794
2799 0
2799 0
2799 0.888014056052162
2799 9.54812026272255
2799 9.54812026272255
2800 220.545339215718
2800 220.545339215718
2800 220.545339215718
2800 8.92722943433133
2800 25.3050304330572
2800 25.3050304330572
2800 0.166258346232527
2800 0.166258346232527
2800 0.104504418681071
2800 0
2800 0
2800 0.0832249328304159
2800 16.8602220210468
2800 16.8602220210468
2800 0
2800 0.77661884864794
2800 0
2800 0
2800 0.888014056052162
2800 9.54812026272255
2800 9.54812026272255
2802 220.545339215718
2802 220.545339215718
2802 220.545339215718
2802 8.92722943433133
2802 25.3050304330572
2802 25.3050304330572
2802 0.166258346232527
2802 0.166258346232527
2802 0.104504418681071
2802 0
2802 0
2802 0.0832249328304159
2802 16.8602220210468
2802 16.8602220210468
2802 0
2802 0.77661884864794
2802 0
2802 0
2802 0.888014056052162
2802 9.54812026272255
2802 9.54812026272255
2853 220.545339215718
2853 220.545339215718
2853 220.545339215718
2853 8.92722943433133
2853 25.3050304330572
2853 25.3050304330572
2853 0.166258346232527
2853 0.166258346232527
2853 0.104504418681071
2853 0
2853 0
2853 0.0832249328304159
2853 16.8602220210468
2853 16.8602220210468
2853 0
2853 0.77661884864794
2853 0
2853 0
2853 0.888014056052162
2853 9.54812026272255
2853 9.54812026272255
2901 220.545339215718
2901 220.545339215718
2901 220.545339215718
2901 8.92722943433133
2901 25.3050304330572
2901 25.3050304330572
2901 0.166258346232527
2901 0.166258346232527
2901 0.104504418681071
2901 0
2901 0
2901 0.0832249328304159
2901 16.8602220210468
2901 16.8602220210468
2901 0
2901 0.77661884864794
2901 0
2901 0
2901 0.888014056052162
2901 9.54812026272255
2901 9.54812026272255
2951 220.545339215718
2951 220.545339215718
2951 220.545339215718
2951 8.92722943433133
2951 25.3050304330572
2951 25.3050304330572
2951 0.166258346232527
2951 0.166258346232527
2951 0.104504418681071
2951 0
2951 0
2951 0.0832249328304159
2951 16.8602220210468
2951 16.8602220210468
2951 0
2951 0.77661884864794
2951 0
2951 0
2951 0.888014056052162
2951 9.54812026272255
2951 9.54812026272255
2854 220.545339215718
2854 220.545339215718
2854 220.545339215718
2854 8.92722943433133
2854 25.3050304330572
2854 25.3050304330572
2854 0.166258346232527
2854 0.166258346232527
2854 0.104504418681071
2854 0
2854 0
2854 0.0832249328304159
2854 16.8602220210468
2854 16.8602220210468
2854 0
2854 0.77661884864794
2854 0
2854 0
2854 0.888014056052162
2854 9.54812026272255
2854 9.54812026272255
2855 220.545339215718
2855 220.545339215718
2855 220.545339215718
2855 8.92722943433133
2855 25.3050304330572
2855 25.3050304330572
2855 0.166258346232527
2855 0.166258346232527
2855 0.104504418681071
2855 0
2855 0
2855 0.0832249328304159
2855 16.8602220210468
2855 16.8602220210468
2855 0
2855 0.77661884864794
2855 0
2855 0
2855 0.888014056052162
2855 9.54812026272255
2855 9.54812026272255
2908 220.545339215718
2908 220.545339215718
2908 220.545339215718
2908 8.92722943433133
2908 25.3050304330572
2908 25.3050304330572
2908 0.166258346232527
2908 0.166258346232527
2908 0.104504418681071
2908 0
2908 0
2908 0.0832249328304159
2908 16.8602220210468
2908 16.8602220210468
2908 0
2908 0.77661884864794
2908 0
2908 0
2908 0.888014056052162
2908 9.54812026272255
2908 9.54812026272255
2909 220.545339215718
2909 220.545339215718
2909 220.545339215718
2909 8.92722943433133
2909 25.3050304330572
2909 25.3050304330572
2909 0.166258346232527
2909 0.166258346232527
2909 0.104504418681071
2909 0
2909 0
2909 0.0832249328304159
2909 16.8602220210468
2909 16.8602220210468
2909 0
2909 0.77661884864794
2909 0
2909 0
2909 0.888014056052162
2909 9.54812026272255
2909 9.54812026272255
2962 220.545339215718
2962 220.545339215718
2962 220.545339215718
2962 8.92722943433133
2962 25.3050304330572
2962 25.3050304330572
2962 0.166258346232527
2962 0.166258346232527
2962 0.104504418681071
2962 0
2962 0
2962 0.0832249328304159
2962 16.8602220210468
2962 16.8602220210468
2962 0
2962 0.77661884864794
2962 0
2962 0
2962 0.888014056052162
2962 9.54812026272255
2962 9.54812026272255
3017 220.545339215718
3017 220.545339215718
3017 220.545339215718
3017 8.92722943433133
3017 25.3050304330572
3017 25.3050304330572
3017 0.166258346232527
3017 0.166258346232527
3017 0.104504418681071
3017 0
3017 0
3017 0.0832249328304159
3017 16.8602220210468
3017 16.8602220210468
3017 0
3017 0.77661884864794
3017 0
3017 0
3017 0.888014056052162
3017 9.54812026272255
3017 9.54812026272255
3018 220.545339215718
3018 220.545339215718
3018 220.545339215718
3018 8.92722943433133
3018 25.3050304330572
3018 25.3050304330572
3018 0.166258346232527
3018 0.166258346232527
3018 0.104504418681071
3018 0
3018 0
3018 0.0832249328304159
3018 16.8602220210468
3018 16.8602220210468
3018 0
3018 0.77661884864794
3018 0
3018 0
3018 0.888014056052162
3018 9.54812026272255
3018 9.54812026272255
3019 220.545339215718
3019 220.545339215718
3019 220.545339215718
3019 8.92722943433133
3019 25.3050304330572
3019 25.3050304330572
3019 0.166258346232527
3019 0.166258346232527
3019 0.104504418681071
3019 0
3019 0
3019 0.0832249328304159
3019 16.8602220210468
3019 16.8602220210468
3019 0
3019 0.77661884864794
3019 0
3019 0
3019 0.888014056052162
3019 9.54812026272255
3019 9.54812026272255
3020 220.545339215718
3020 220.545339215718
3020 220.545339215718
3020 8.92722943433133
3020 25.3050304330572
3020 25.3050304330572
3020 0.166258346232527
3020 0.166258346232527
3020 0.104504418681071
3020 0
3020 0
3020 0.0832249328304159
3020 16.8602220210468
3020 16.8602220210468
3020 0
3020 0.77661884864794
3020 0
3020 0
3020 0.888014056052162
3020 9.54812026272255
3020 9.54812026272255
3071 220.545339215718
3071 220.545339215718
3071 220.545339215718
3071 8.92722943433133
3071 25.3050304330572
3071 25.3050304330572
3071 0.166258346232527
3071 0.166258346232527
3071 0.104504418681071
3071 0
3071 0
3071 0.0832249328304159
3071 16.8602220210468
3071 16.8602220210468
3071 0
3071 0.77661884864794
3071 0
3071 0
3071 0.888014056052162
3071 9.54812026272255
3071 9.54812026272255
3073 220.545339215718
3073 220.545339215718
3073 220.545339215718
3073 8.92722943433133
3073 25.3050304330572
3073 25.3050304330572
3073 0.166258346232527
3073 0.166258346232527
3073 0.104504418681071
3073 0
3073 0
3073 0.0832249328304159
3073 16.8602220210468
3073 16.8602220210468
3073 0
3073 0.77661884864794
3073 0
3073 0
3073 0.888014056052162
3073 9.54812026272255
3073 9.54812026272255
3123 220.545339215718
3123 220.545339215718
3123 220.545339215718
3123 8.92722943433133
3123 25.3050304330572
3123 25.3050304330572
3123 0.166258346232527
3123 0.166258346232527
3123 0.104504418681071
3123 0
3123 0
3123 0.0832249328304159
3123 16.8602220210468
3123 16.8602220210468
3123 0
3123 0.77661884864794
3123 0
3123 0
3123 0.888014056052162
3123 9.54812026272255
3123 9.54812026272255
3124 220.545339215718
3124 220.545339215718
3124 220.545339215718
3124 8.92722943433133
3124 25.3050304330572
3124 25.3050304330572
3124 0.166258346232527
3124 0.166258346232527
3124 0.104504418681071
3124 0
3124 0
3124 0.0832249328304159
3124 16.8602220210468
3124 16.8602220210468
3124 0
3124 0.77661884864794
3124 0
3124 0
3124 0.888014056052162
3124 9.54812026272255
3124 9.54812026272255
3125 220.545339215718
3125 220.545339215718
3125 220.545339215718
3125 8.92722943433133
3125 25.3050304330572
3125 25.3050304330572
3125 0.166258346232527
3125 0.166258346232527
3125 0.104504418681071
3125 0
3125 0
3125 0.0832249328304159
3125 16.8602220210468
3125 16.8602220210468
3125 0
3125 0.77661884864794
3125 0
3125 0
3125 0.888014056052162
3125 9.54812026272255
3125 9.54812026272255
3180 220.545339215718
3180 220.545339215718
3180 220.545339215718
3180 8.92722943433133
3180 25.3050304330572
3180 25.3050304330572
3180 0.166258346232527
3180 0.166258346232527
3180 0.104504418681071
3180 0
3180 0
3180 0.0832249328304159
3180 16.8602220210468
3180 16.8602220210468
3180 0
3180 0.77661884864794
3180 0
3180 0
3180 0.888014056052162
3180 9.54812026272255
3180 9.54812026272255
3181 220.545339215718
3181 220.545339215718
3181 220.545339215718
3181 8.92722943433133
3181 25.3050304330572
3181 25.3050304330572
3181 0.166258346232527
3181 0.166258346232527
3181 0.104504418681071
3181 0
3181 0
3181 0.0832249328304159
3181 16.8602220210468
3181 16.8602220210468
3181 0
3181 0.77661884864794
3181 0
3181 0
3181 0.888014056052162
3181 9.54812026272255
3181 9.54812026272255
3184 220.545339215718
3184 220.545339215718
3184 220.545339215718
3184 8.92722943433133
3184 25.3050304330572
3184 25.3050304330572
3184 0.166258346232527
3184 0.166258346232527
3184 0.104504418681071
3184 0
3184 0
3184 0.0832249328304159
3184 16.8602220210468
3184 16.8602220210468
3184 0
3184 0.77661884864794
3184 0
3184 0
3184 0.888014056052162
3184 9.54812026272255
3184 9.54812026272255
3236 220.545339215718
3236 220.545339215718
3236 220.545339215718
3236 8.92722943433133
3236 25.3050304330572
3236 25.3050304330572
3236 0.166258346232527
3236 0.166258346232527
3236 0.104504418681071
3236 0
3236 0
3236 0.0832249328304159
3236 16.8602220210468
3236 16.8602220210468
3236 0
3236 0.77661884864794
3236 0
3236 0
3236 0.888014056052162
3236 9.54812026272255
3236 9.54812026272255
8979 220.545339215718
8979 220.545339215718
8979 220.545339215718
8979 8.92722943433133
8979 25.3050304330572
8979 25.3050304330572
8979 0.166258346232527
8979 0.166258346232527
8979 0.104504418681071
8979 0
8979 0
8979 0.0832249328304159
8979 16.8602220210468
8979 16.8602220210468
8979 0
8979 0.77661884864794
8979 0
8979 0
8979 0.888014056052162
8979 9.54812026272255
8979 9.54812026272255
3290 220.545339215718
3290 220.545339215718
3290 220.545339215718
3290 8.92722943433133
3290 25.3050304330572
3290 25.3050304330572
3290 0.166258346232527
3290 0.166258346232527
3290 0.104504418681071
3290 0
3290 0
3290 0.0832249328304159
3290 16.8602220210468
3290 16.8602220210468
3290 0
3290 0.77661884864794
3290 0
3290 0
3290 0.888014056052162
3290 9.54812026272255
3290 9.54812026272255
3291 220.545339215718
3291 220.545339215718
3291 220.545339215718
3291 8.92722943433133
3291 25.3050304330572
3291 25.3050304330572
3291 0.166258346232527
3291 0.166258346232527
3291 0.104504418681071
3291 0
3291 0
3291 0.0832249328304159
3291 16.8602220210468
3291 16.8602220210468
3291 0
3291 0.77661884864794
3291 0
3291 0
3291 0.888014056052162
3291 9.54812026272255
3291 9.54812026272255
3292 220.545339215718
3292 220.545339215718
3292 220.545339215718
3292 8.92722943433133
3292 25.3050304330572
3292 25.3050304330572
3292 0.166258346232527
3292 0.166258346232527
3292 0.104504418681071
3292 0
3292 0
3292 0.0832249328304159
3292 16.8602220210468
3292 16.8602220210468
3292 0
3292 0.77661884864794
3292 0
3292 0
3292 0.888014056052162
3292 9.54812026272255
3292 9.54812026272255
3293 220.545339215718
3293 220.545339215718
3293 220.545339215718
3293 8.92722943433133
3293 25.3050304330572
3293 25.3050304330572
3293 0.166258346232527
3293 0.166258346232527
3293 0.104504418681071
3293 0
3293 0
3293 0.0832249328304159
3293 16.8602220210468
3293 16.8602220210468
3293 0
3293 0.77661884864794
3293 0
3293 0
3293 0.888014056052162
3293 9.54812026272255
3293 9.54812026272255
3294 220.545339215718
3294 220.545339215718
3294 220.545339215718
3294 8.92722943433133
3294 25.3050304330572
3294 25.3050304330572
3294 0.166258346232527
3294 0.166258346232527
3294 0.104504418681071
3294 0
3294 0
3294 0.0832249328304159
3294 16.8602220210468
3294 16.8602220210468
3294 0
3294 0.77661884864794
3294 0
3294 0
3294 0.888014056052162
3294 9.54812026272255
3294 9.54812026272255
3350 220.545339215718
3350 220.545339215718
3350 220.545339215718
3350 8.92722943433133
3350 25.3050304330572
3350 25.3050304330572
3350 0.166258346232527
3350 0.166258346232527
3350 0.104504418681071
3350 0
3350 0
3350 0.0832249328304159
3350 16.8602220210468
3350 16.8602220210468
3350 0
3350 0.77661884864794
3350 0
3350 0
3350 0.888014056052162
3350 9.54812026272255
3350 9.54812026272255
3411 220.545339215718
3411 220.545339215718
3411 220.545339215718
3411 8.92722943433133
3411 25.3050304330572
3411 25.3050304330572
3411 0.166258346232527
3411 0.166258346232527
3411 0.104504418681071
3411 0
3411 0
3411 0.0832249328304159
3411 16.8602220210468
3411 16.8602220210468
3411 0
3411 0.77661884864794
3411 0
3411 0
3411 0.888014056052162
3411 9.54812026272255
3411 9.54812026272255
3412 220.545339215718
3412 220.545339215718
3412 220.545339215718
3412 8.92722943433133
3412 25.3050304330572
3412 25.3050304330572
3412 0.166258346232527
3412 0.166258346232527
3412 0.104504418681071
3412 0
3412 0
3412 0.0832249328304159
3412 16.8602220210468
3412 16.8602220210468
3412 0
3412 0.77661884864794
3412 0
3412 0
3412 0.888014056052162
3412 9.54812026272255
3412 9.54812026272255
3417 220.545339215718
3417 220.545339215718
3417 220.545339215718
3417 8.92722943433133
3417 25.3050304330572
3417 25.3050304330572
3417 0.166258346232527
3417 0.166258346232527
3417 0.104504418681071
3417 0
3417 0
3417 0.0832249328304159
3417 16.8602220210468
3417 16.8602220210468
3417 0
3417 0.77661884864794
3417 0
3417 0
3417 0.888014056052162
3417 9.54812026272255
3417 9.54812026272255
3480 220.545339215718
3480 220.545339215718
3480 220.545339215718
3480 8.92722943433133
3480 25.3050304330572
3480 25.3050304330572
3480 0.166258346232527
3480 0.166258346232527
3480 0.104504418681071
3480 0
3480 0
3480 0.0832249328304159
3480 16.8602220210468
3480 16.8602220210468
3480 0
3480 0.77661884864794
3480 0
3480 0
3480 0.888014056052162
3480 9.54812026272255
3480 9.54812026272255
3481 220.545339215718
3481 220.545339215718
3481 220.545339215718
3481 8.92722943433133
3481 25.3050304330572
3481 25.3050304330572
3481 0.166258346232527
3481 0.166258346232527
3481 0.104504418681071
3481 0
3481 0
3481 0.0832249328304159
3481 16.8602220210468
3481 16.8602220210468
3481 0
3481 0.77661884864794
3481 0
3481 0
3481 0.888014056052162
3481 9.54812026272255
3481 9.54812026272255
3484 220.545339215718
3484 220.545339215718
3484 220.545339215718
3484 8.92722943433133
3484 25.3050304330572
3484 25.3050304330572
3484 0.166258346232527
3484 0.166258346232527
3484 0.104504418681071
3484 0
3484 0
3484 0.0832249328304159
3484 16.8602220210468
3484 16.8602220210468
3484 0
3484 0.77661884864794
3484 0
3484 0
3484 0.888014056052162
3484 9.54812026272255
3484 9.54812026272255
3545 220.545339215718
3545 220.545339215718
3545 220.545339215718
3545 8.92722943433133
3545 25.3050304330572
3545 25.3050304330572
3545 0.166258346232527
3545 0.166258346232527
3545 0.104504418681071
3545 0
3545 0
3545 0.0832249328304159
3545 16.8602220210468
3545 16.8602220210468
3545 0
3545 0.77661884864794
3545 0
3545 0
3545 0.888014056052162
3545 9.54812026272255
3545 9.54812026272255
3546 220.545339215718
3546 220.545339215718
3546 220.545339215718
3546 8.92722943433133
3546 25.3050304330572
3546 25.3050304330572
3546 0.166258346232527
3546 0.166258346232527
3546 0.104504418681071
3546 0
3546 0
3546 0.0832249328304159
3546 16.8602220210468
3546 16.8602220210468
3546 0
3546 0.77661884864794
3546 0
3546 0
3546 0.888014056052162
3546 9.54812026272255
3546 9.54812026272255
3547 220.545339215718
3547 220.545339215718
3547 220.545339215718
3547 8.92722943433133
3547 25.3050304330572
3547 25.3050304330572
3547 0.166258346232527
3547 0.166258346232527
3547 0.104504418681071
3547 0
3547 0
3547 0.0832249328304159
3547 16.8602220210468
3547 16.8602220210468
3547 0
3547 0.77661884864794
3547 0
3547 0
3547 0.888014056052162
3547 9.54812026272255
3547 9.54812026272255
3548 220.545339215718
3548 220.545339215718
3548 220.545339215718
3548 8.92722943433133
3548 25.3050304330572
3548 25.3050304330572
3548 0.166258346232527
3548 0.166258346232527
3548 0.104504418681071
3548 0
3548 0
3548 0.0832249328304159
3548 16.8602220210468
3548 16.8602220210468
3548 0
3548 0.77661884864794
3548 0
3548 0
3548 0.888014056052162
3548 9.54812026272255
3548 9.54812026272255
3549 220.545339215718
3549 220.545339215718
3549 220.545339215718
3549 8.92722943433133
3549 25.3050304330572
3549 25.3050304330572
3549 0.166258346232527
3549 0.166258346232527
3549 0.104504418681071
3549 0
3549 0
3549 0.0832249328304159
3549 16.8602220210468
3549 16.8602220210468
3549 0
3549 0.77661884864794
3549 0
3549 0
3549 0.888014056052162
3549 9.54812026272255
3549 9.54812026272255
3550 220.545339215718
3550 220.545339215718
3550 220.545339215718
3550 8.92722943433133
3550 25.3050304330572
3550 25.3050304330572
3550 0.166258346232527
3550 0.166258346232527
3550 0.104504418681071
3550 0
3550 0
3550 0.0832249328304159
3550 16.8602220210468
3550 16.8602220210468
3550 0
3550 0.77661884864794
3550 0
3550 0
3550 0.888014056052162
3550 9.54812026272255
3550 9.54812026272255
3616 220.545339215718
3616 220.545339215718
3616 220.545339215718
3616 8.92722943433133
3616 25.3050304330572
3616 25.3050304330572
3616 0.166258346232527
3616 0.166258346232527
3616 0.104504418681071
3616 0
3616 0
3616 0.0832249328304159
3616 16.8602220210468
3616 16.8602220210468
3616 0
3616 0.77661884864794
3616 0
3616 0
3616 0.888014056052162
3616 9.54812026272255
3616 9.54812026272255
3617 220.545339215718
3617 220.545339215718
3617 220.545339215718
3617 8.92722943433133
3617 25.3050304330572
3617 25.3050304330572
3617 0.166258346232527
3617 0.166258346232527
3617 0.104504418681071
3617 0
3617 0
3617 0.0832249328304159
3617 16.8602220210468
3617 16.8602220210468
3617 0
3617 0.77661884864794
3617 0
3617 0
3617 0.888014056052162
3617 9.54812026272255
3617 9.54812026272255
3618 220.545339215718
3618 220.545339215718
3618 220.545339215718
3618 8.92722943433133
3618 25.3050304330572
3618 25.3050304330572
3618 0.166258346232527
3618 0.166258346232527
3618 0.104504418681071
3618 0
3618 0
3618 0.0832249328304159
3618 16.8602220210468
3618 16.8602220210468
3618 0
3618 0.77661884864794
3618 0
3618 0
3618 0.888014056052162
3618 9.54812026272255
3618 9.54812026272255
3749 220.545339215718
3749 220.545339215718
3749 220.545339215718
3749 8.92722943433133
3749 25.3050304330572
3749 25.3050304330572
3749 0.166258346232527
3749 0.166258346232527
3749 0.104504418681071
3749 0
3749 0
3749 0.0832249328304159
3749 16.8602220210468
3749 16.8602220210468
3749 0
3749 0.77661884864794
3749 0
3749 0
3749 0.888014056052162
3749 9.54812026272255
3749 9.54812026272255
3619 220.545339215718
3619 220.545339215718
3619 220.545339215718
3619 8.92722943433133
3619 25.3050304330572
3619 25.3050304330572
3619 0.166258346232527
3619 0.166258346232527
3619 0.104504418681071
3619 0
3619 0
3619 0.0832249328304159
3619 16.8602220210468
3619 16.8602220210468
3619 0
3619 0.77661884864794
3619 0
3619 0
3619 0.888014056052162
3619 9.54812026272255
3619 9.54812026272255
3620 220.545339215718
3620 220.545339215718
3620 220.545339215718
3620 8.92722943433133
3620 25.3050304330572
3620 25.3050304330572
3620 0.166258346232527
3620 0.166258346232527
3620 0.104504418681071
3620 0
3620 0
3620 0.0832249328304159
3620 16.8602220210468
3620 16.8602220210468
3620 0
3620 0.77661884864794
3620 0
3620 0
3620 0.888014056052162
3620 9.54812026272255
3620 9.54812026272255
3621 220.545339215718
3621 220.545339215718
3621 220.545339215718
3621 8.92722943433133
3621 25.3050304330572
3621 25.3050304330572
3621 0.166258346232527
3621 0.166258346232527
3621 0.104504418681071
3621 0
3621 0
3621 0.0832249328304159
3621 16.8602220210468
3621 16.8602220210468
3621 0
3621 0.77661884864794
3621 0
3621 0
3621 0.888014056052162
3621 9.54812026272255
3621 9.54812026272255
3688 220.545339215718
3688 220.545339215718
3688 220.545339215718
3688 8.92722943433133
3688 25.3050304330572
3688 25.3050304330572
3688 0.166258346232527
3688 0.166258346232527
3688 0.104504418681071
3688 0
3688 0
3688 0.0832249328304159
3688 16.8602220210468
3688 16.8602220210468
3688 0
3688 0.77661884864794
3688 0
3688 0
3688 0.888014056052162
3688 9.54812026272255
3688 9.54812026272255
3689 220.545339215718
3689 220.545339215718
3689 220.545339215718
3689 8.92722943433133
3689 25.3050304330572
3689 25.3050304330572
3689 0.166258346232527
3689 0.166258346232527
3689 0.104504418681071
3689 0
3689 0
3689 0.0832249328304159
3689 16.8602220210468
3689 16.8602220210468
3689 0
3689 0.77661884864794
3689 0
3689 0
3689 0.888014056052162
3689 9.54812026272255
3689 9.54812026272255
3690 220.545339215718
3690 220.545339215718
3690 220.545339215718
3690 8.92722943433133
3690 25.3050304330572
3690 25.3050304330572
3690 0.166258346232527
3690 0.166258346232527
3690 0.104504418681071
3690 0
3690 0
3690 0.0832249328304159
3690 16.8602220210468
3690 16.8602220210468
3690 0
3690 0.77661884864794
3690 0
3690 0
3690 0.888014056052162
3690 9.54812026272255
3690 9.54812026272255
3691 220.545339215718
3691 220.545339215718
3691 220.545339215718
3691 8.92722943433133
3691 25.3050304330572
3691 25.3050304330572
3691 0.166258346232527
3691 0.166258346232527
3691 0.104504418681071
3691 0
3691 0
3691 0.0832249328304159
3691 16.8602220210468
3691 16.8602220210468
3691 0
3691 0.77661884864794
3691 0
3691 0
3691 0.888014056052162
3691 9.54812026272255
3691 9.54812026272255
3692 220.545339215718
3692 220.545339215718
3692 220.545339215718
3692 8.92722943433133
3692 25.3050304330572
3692 25.3050304330572
3692 0.166258346232527
3692 0.166258346232527
3692 0.104504418681071
3692 0
3692 0
3692 0.0832249328304159
3692 16.8602220210468
3692 16.8602220210468
3692 0
3692 0.77661884864794
3692 0
3692 0
3692 0.888014056052162
3692 9.54812026272255
3692 9.54812026272255
3693 220.545339215718
3693 220.545339215718
3693 220.545339215718
3693 8.92722943433133
3693 25.3050304330572
3693 25.3050304330572
3693 0.166258346232527
3693 0.166258346232527
3693 0.104504418681071
3693 0
3693 0
3693 0.0832249328304159
3693 16.8602220210468
3693 16.8602220210468
3693 0
3693 0.77661884864794
3693 0
3693 0
3693 0.888014056052162
3693 9.54812026272255
3693 9.54812026272255
3759 220.545339215718
3759 220.545339215718
3759 220.545339215718
3759 8.92722943433133
3759 25.3050304330572
3759 25.3050304330572
3759 0.166258346232527
3759 0.166258346232527
3759 0.104504418681071
3759 0
3759 0
3759 0.0832249328304159
3759 16.8602220210468
3759 16.8602220210468
3759 0
3759 0.77661884864794
3759 0
3759 0
3759 0.888014056052162
3759 9.54812026272255
3759 9.54812026272255
3760 220.545339215718
3760 220.545339215718
3760 220.545339215718
3760 8.92722943433133
3760 25.3050304330572
3760 25.3050304330572
3760 0.166258346232527
3760 0.166258346232527
3760 0.104504418681071
3760 0
3760 0
3760 0.0832249328304159
3760 16.8602220210468
3760 16.8602220210468
3760 0
3760 0.77661884864794
3760 0
3760 0
3760 0.888014056052162
3760 9.54812026272255
3760 9.54812026272255
3761 220.545339215718
3761 220.545339215718
3761 220.545339215718
3761 8.92722943433133
3761 25.3050304330572
3761 25.3050304330572
3761 0.166258346232527
3761 0.166258346232527
3761 0.104504418681071
3761 0
3761 0
3761 0.0832249328304159
3761 16.8602220210468
3761 16.8602220210468
3761 0
3761 0.77661884864794
3761 0
3761 0
3761 0.888014056052162
3761 9.54812026272255
3761 9.54812026272255
3834 220.545339215718
3834 220.545339215718
3834 220.545339215718
3834 8.92722943433133
3834 25.3050304330572
3834 25.3050304330572
3834 0.166258346232527
3834 0.166258346232527
3834 0.104504418681071
3834 0
3834 0
3834 0.0832249328304159
3834 16.8602220210468
3834 16.8602220210468
3834 0
3834 0.77661884864794
3834 0
3834 0
3834 0.888014056052162
3834 9.54812026272255
3834 9.54812026272255
3839 220.545339215718
3839 220.545339215718
3839 220.545339215718
3839 8.92722943433133
3839 25.3050304330572
3839 25.3050304330572
3839 0.166258346232527
3839 0.166258346232527
3839 0.104504418681071
3839 0
3839 0
3839 0.0832249328304159
3839 16.8602220210468
3839 16.8602220210468
3839 0
3839 0.77661884864794
3839 0
3839 0
3839 0.888014056052162
3839 9.54812026272255
3839 9.54812026272255
3907 220.545339215718
3907 220.545339215718
3907 220.545339215718
3907 8.92722943433133
3907 25.3050304330572
3907 25.3050304330572
3907 0.166258346232527
3907 0.166258346232527
3907 0.104504418681071
3907 0
3907 0
3907 0.0832249328304159
3907 16.8602220210468
3907 16.8602220210468
3907 0
3907 0.77661884864794
3907 0
3907 0
3907 0.888014056052162
3907 9.54812026272255
3907 9.54812026272255
8796 220.545339215718
8796 220.545339215718
8796 220.545339215718
8796 8.92722943433133
8796 25.3050304330572
8796 25.3050304330572
8796 0.166258346232527
8796 0.166258346232527
8796 0.104504418681071
8796 0
8796 0
8796 0.0832249328304159
8796 16.8602220210468
8796 16.8602220210468
8796 0
8796 0.77661884864794
8796 0
8796 0
8796 0.888014056052162
8796 9.54812026272255
8796 9.54812026272255
4369 220.545339215718
4369 220.545339215718
4369 220.545339215718
4369 8.92722943433133
4369 25.3050304330572
4369 25.3050304330572
4369 0.166258346232527
4369 0.166258346232527
4369 0.104504418681071
4369 0
4369 0
4369 0.0832249328304159
4369 16.8602220210468
4369 16.8602220210468
4369 0
4369 0.77661884864794
4369 0
4369 0
4369 0.888014056052162
4369 9.54812026272255
4369 9.54812026272255
4373 220.545339215718
4373 220.545339215718
4373 220.545339215718
4373 8.92722943433133
4373 25.3050304330572
4373 25.3050304330572
4373 0.166258346232527
4373 0.166258346232527
4373 0.104504418681071
4373 0
4373 0
4373 0.0832249328304159
4373 16.8602220210468
4373 16.8602220210468
4373 0
4373 0.77661884864794
4373 0
4373 0
4373 0.888014056052162
4373 9.54812026272255
4373 9.54812026272255
4542 220.545339215718
4542 220.545339215718
4542 220.545339215718
4542 8.92722943433133
4542 25.3050304330572
4542 25.3050304330572
4542 0.166258346232527
4542 0.166258346232527
4542 0.104504418681071
4542 0
4542 0
4542 0.0832249328304159
4542 16.8602220210468
4542 16.8602220210468
4542 0
4542 0.77661884864794
4542 0
4542 0
4542 0.888014056052162
4542 9.54812026272255
4542 9.54812026272255
4435 220.545339215718
4435 220.545339215718
4435 220.545339215718
4435 8.92722943433133
4435 25.3050304330572
4435 25.3050304330572
4435 0.166258346232527
4435 0.166258346232527
4435 0.104504418681071
4435 0
4435 0
4435 0.0832249328304159
4435 16.8602220210468
4435 16.8602220210468
4435 0
4435 0.77661884864794
4435 0
4435 0
4435 0.888014056052162
4435 9.54812026272255
4435 9.54812026272255
4554 220.545339215718
4554 220.545339215718
4554 220.545339215718
4554 8.92722943433133
4554 25.3050304330572
4554 25.3050304330572
4554 0.166258346232527
4554 0.166258346232527
4554 0.104504418681071
4554 0
4554 0
4554 0.0832249328304159
4554 16.8602220210468
4554 16.8602220210468
4554 0
4554 0.77661884864794
4554 0
4554 0
4554 0.888014056052162
4554 9.54812026272255
4554 9.54812026272255
4815 220.545339215718
4815 220.545339215718
4815 220.545339215718
4815 8.92722943433133
4815 25.3050304330572
4815 25.3050304330572
4815 0.166258346232527
4815 0.166258346232527
4815 0.104504418681071
4815 0
4815 0
4815 0.0832249328304159
4815 16.8602220210468
4815 16.8602220210468
4815 0
4815 0.77661884864794
4815 0
4815 0
4815 0.888014056052162
4815 9.54812026272255
4815 9.54812026272255
4861 220.545339215718
4861 220.545339215718
4861 220.545339215718
4861 8.92722943433133
4861 25.3050304330572
4861 25.3050304330572
4861 0.166258346232527
4861 0.166258346232527
4861 0.104504418681071
4861 0
4861 0
4861 0.0832249328304159
4861 16.8602220210468
4861 16.8602220210468
4861 0
4861 0.77661884864794
4861 0
4861 0
4861 0.888014056052162
4861 9.54812026272255
4861 9.54812026272255
4869 220.545339215718
4869 220.545339215718
4869 220.545339215718
4869 8.92722943433133
4869 25.3050304330572
4869 25.3050304330572
4869 0.166258346232527
4869 0.166258346232527
4869 0.104504418681071
4869 0
4869 0
4869 0.0832249328304159
4869 16.8602220210468
4869 16.8602220210468
4869 0
4869 0.77661884864794
4869 0
4869 0
4869 0.888014056052162
4869 9.54812026272255
4869 9.54812026272255
4914 220.545339215718
4914 220.545339215718
4914 220.545339215718
4914 8.92722943433133
4914 25.3050304330572
4914 25.3050304330572
4914 0.166258346232527
4914 0.166258346232527
4914 0.104504418681071
4914 0
4914 0
4914 0.0832249328304159
4914 16.8602220210468
4914 16.8602220210468
4914 0
4914 0.77661884864794
4914 0
4914 0
4914 0.888014056052162
4914 9.54812026272255
4914 9.54812026272255
5008 220.545339215718
5008 220.545339215718
5008 220.545339215718
5008 8.92722943433133
5008 25.3050304330572
5008 25.3050304330572
5008 0.166258346232527
5008 0.166258346232527
5008 0.104504418681071
5008 0
5008 0
5008 0.0832249328304159
5008 16.8602220210468
5008 16.8602220210468
5008 0
5008 0.77661884864794
5008 0
5008 0
5008 0.888014056052162
5008 9.54812026272255
5008 9.54812026272255
5009 220.545339215718
5009 220.545339215718
5009 220.545339215718
5009 8.92722943433133
5009 25.3050304330572
5009 25.3050304330572
5009 0.166258346232527
5009 0.166258346232527
5009 0.104504418681071
5009 0
5009 0
5009 0.0832249328304159
5009 16.8602220210468
5009 16.8602220210468
5009 0
5009 0.77661884864794
5009 0
5009 0
5009 0.888014056052162
5009 9.54812026272255
5009 9.54812026272255
5012 220.545339215718
5012 220.545339215718
5012 220.545339215718
5012 8.92722943433133
5012 25.3050304330572
5012 25.3050304330572
5012 0.166258346232527
5012 0.166258346232527
5012 0.104504418681071
5012 0
5012 0
5012 0.0832249328304159
5012 16.8602220210468
5012 16.8602220210468
5012 0
5012 0.77661884864794
5012 0
5012 0
5012 0.888014056052162
5012 9.54812026272255
5012 9.54812026272255
5099 220.545339215718
5099 220.545339215718
5099 220.545339215718
5099 8.92722943433133
5099 25.3050304330572
5099 25.3050304330572
5099 0.166258346232527
5099 0.166258346232527
5099 0.104504418681071
5099 0
5099 0
5099 0.0832249328304159
5099 16.8602220210468
5099 16.8602220210468
5099 0
5099 0.77661884864794
5099 0
5099 0
5099 0.888014056052162
5099 9.54812026272255
5099 9.54812026272255
5140 220.545339215718
5140 220.545339215718
5140 220.545339215718
5140 8.92722943433133
5140 25.3050304330572
5140 25.3050304330572
5140 0.166258346232527
5140 0.166258346232527
5140 0.104504418681071
5140 0
5140 0
5140 0.0832249328304159
5140 16.8602220210468
5140 16.8602220210468
5140 0
5140 0.77661884864794
5140 0
5140 0
5140 0.888014056052162
5140 9.54812026272255
5140 9.54812026272255
9149 220.545339215718
9149 220.545339215718
9149 220.545339215718
9149 8.92722943433133
9149 25.3050304330572
9149 25.3050304330572
9149 0.166258346232527
9149 0.166258346232527
9149 0.104504418681071
9149 0
9149 0
9149 0.0832249328304159
9149 16.8602220210468
9149 16.8602220210468
9149 0
9149 0.77661884864794
9149 0
9149 0
9149 0.888014056052162
9149 9.54812026272255
9149 9.54812026272255
