pt_graph cpue_kghour
5678 0
5678 94.079992555
5678 94.079992555
5678 94.079992555
5678 94.079992555
5678 0
5678 5.555099494
5678 6.6501945675
5678 6.6501945675
5678 6.6501945675
5678 6.6501945675
5678 11.96256282
5678 11.96256282
5678 11.96256282
5678 11.96256282
5678 11.96256282
5678 0
5678 0
5678 0
5678 0
5678 0
5678 0
5678 9.9793787025
5678 9.9793787025
5678 9.9793787025
5678 0
5678 156.3711461
5678 4.258107443
5678 4.258107443
5678 4.018922119
5678 4.018922119
5678 4.018922119
5678 0
5678 3.903436901
5678 3.903436901
5678 14.38356164
5678 23.33333333
5724 0
5724 94.079992555
5724 94.079992555
5724 94.079992555
5724 94.079992555
5724 0
5724 5.555099494
5724 6.6501945675
5724 6.6501945675
5724 6.6501945675
5724 6.6501945675
5724 11.96256282
5724 11.96256282
5724 11.96256282
5724 11.96256282
5724 11.96256282
5724 0
5724 0
5724 0
5724 0
5724 0
5724 0
5724 9.9793787025
5724 9.9793787025
5724 9.9793787025
5724 0
5724 156.3711461
5724 4.258107443
5724 4.258107443
5724 4.018922119
5724 4.018922119
5724 4.018922119
5724 0
5724 3.903436901
5724 3.903436901
5724 14.38356164
5724 23.33333333
37499 0
37499 94.079992555
37499 94.079992555
37499 94.079992555
37499 94.079992555
37499 0
37499 5.555099494
37499 6.6501945675
37499 6.6501945675
37499 6.6501945675
37499 6.6501945675
37499 11.96256282
37499 11.96256282
37499 11.96256282
37499 11.96256282
37499 11.96256282
37499 0
37499 0
37499 0
37499 0
37499 0
37499 0
37499 9.9793787025
37499 9.9793787025
37499 9.9793787025
37499 0
37499 156.3711461
37499 4.258107443
37499 4.258107443
37499 4.018922119
37499 4.018922119
37499 4.018922119
37499 0
37499 3.903436901
37499 3.903436901
37499 14.38356164
37499 23.33333333
5508 0
5508 94.079992555
5508 94.079992555
5508 94.079992555
5508 94.079992555
5508 0
5508 5.555099494
5508 6.6501945675
5508 6.6501945675
5508 6.6501945675
5508 6.6501945675
5508 11.96256282
5508 11.96256282
5508 11.96256282
5508 11.96256282
5508 11.96256282
5508 0
5508 0
5508 0
5508 0
5508 0
5508 0
5508 9.9793787025
5508 9.9793787025
5508 9.9793787025
5508 0
5508 156.3711461
5508 4.258107443
5508 4.258107443
5508 4.018922119
5508 4.018922119
5508 4.018922119
5508 0
5508 3.903436901
5508 3.903436901
5508 14.38356164
5508 23.33333333
5588 0
5588 94.079992555
5588 94.079992555
5588 94.079992555
5588 94.079992555
5588 0
5588 5.555099494
5588 6.6501945675
5588 6.6501945675
5588 6.6501945675
5588 6.6501945675
5588 11.96256282
5588 11.96256282
5588 11.96256282
5588 11.96256282
5588 11.96256282
5588 0
5588 0
5588 0
5588 0
5588 0
5588 0
5588 9.9793787025
5588 9.9793787025
5588 9.9793787025
5588 0
5588 156.3711461
5588 4.258107443
5588 4.258107443
5588 4.018922119
5588 4.018922119
5588 4.018922119
5588 0
5588 3.903436901
5588 3.903436901
5588 14.38356164
5588 23.33333333
5633 0
5633 94.079992555
5633 94.079992555
5633 94.079992555
5633 94.079992555
5633 0
5633 5.555099494
5633 6.6501945675
5633 6.6501945675
5633 6.6501945675
5633 6.6501945675
5633 11.96256282
5633 11.96256282
5633 11.96256282
5633 11.96256282
5633 11.96256282
5633 0
5633 0
5633 0
5633 0
5633 0
5633 0
5633 9.9793787025
5633 9.9793787025
5633 9.9793787025
5633 0
5633 156.3711461
5633 4.258107443
5633 4.258107443
5633 4.018922119
5633 4.018922119
5633 4.018922119
5633 0
5633 3.903436901
5633 3.903436901
5633 14.38356164
5633 23.33333333
5679 0
5679 94.079992555
5679 94.079992555
5679 94.079992555
5679 94.079992555
5679 0
5679 5.555099494
5679 6.6501945675
5679 6.6501945675
5679 6.6501945675
5679 6.6501945675
5679 11.96256282
5679 11.96256282
5679 11.96256282
5679 11.96256282
5679 11.96256282
5679 0
5679 0
5679 0
5679 0
5679 0
5679 0
5679 9.9793787025
5679 9.9793787025
5679 9.9793787025
5679 0
5679 156.3711461
5679 4.258107443
5679 4.258107443
5679 4.018922119
5679 4.018922119
5679 4.018922119
5679 0
5679 3.903436901
5679 3.903436901
5679 14.38356164
5679 23.33333333
5725 0
5725 94.079992555
5725 94.079992555
5725 94.079992555
5725 94.079992555
5725 0
5725 5.555099494
5725 6.6501945675
5725 6.6501945675
5725 6.6501945675
5725 6.6501945675
5725 11.96256282
5725 11.96256282
5725 11.96256282
5725 11.96256282
5725 11.96256282
5725 0
5725 0
5725 0
5725 0
5725 0
5725 0
5725 9.9793787025
5725 9.9793787025
5725 9.9793787025
5725 0
5725 156.3711461
5725 4.258107443
5725 4.258107443
5725 4.018922119
5725 4.018922119
5725 4.018922119
5725 0
5725 3.903436901
5725 3.903436901
5725 14.38356164
5725 23.33333333
36893 0
36893 94.079992555
36893 94.079992555
36893 94.079992555
36893 94.079992555
36893 0
36893 5.555099494
36893 6.6501945675
36893 6.6501945675
36893 6.6501945675
36893 6.6501945675
36893 11.96256282
36893 11.96256282
36893 11.96256282
36893 11.96256282
36893 11.96256282
36893 0
36893 0
36893 0
36893 0
36893 0
36893 0
36893 9.9793787025
36893 9.9793787025
36893 9.9793787025
36893 0
36893 156.3711461
36893 4.258107443
36893 4.258107443
36893 4.018922119
36893 4.018922119
36893 4.018922119
36893 0
36893 3.903436901
36893 3.903436901
36893 14.38356164
36893 23.33333333
5322 0
5322 94.079992555
5322 94.079992555
5322 94.079992555
5322 94.079992555
5322 0
5322 5.555099494
5322 6.6501945675
5322 6.6501945675
5322 6.6501945675
5322 6.6501945675
5322 11.96256282
5322 11.96256282
5322 11.96256282
5322 11.96256282
5322 11.96256282
5322 0
5322 0
5322 0
5322 0
5322 0
5322 0
5322 9.9793787025
5322 9.9793787025
5322 9.9793787025
5322 0
5322 156.3711461
5322 4.258107443
5322 4.258107443
5322 4.018922119
5322 4.018922119
5322 4.018922119
5322 0
5322 3.903436901
5322 3.903436901
5322 14.38356164
5322 23.33333333
5353 0
5353 94.079992555
5353 94.079992555
5353 94.079992555
5353 94.079992555
5353 0
5353 5.555099494
5353 6.6501945675
5353 6.6501945675
5353 6.6501945675
5353 6.6501945675
5353 11.96256282
5353 11.96256282
5353 11.96256282
5353 11.96256282
5353 11.96256282
5353 0
5353 0
5353 0
5353 0
5353 0
5353 0
5353 9.9793787025
5353 9.9793787025
5353 9.9793787025
5353 0
5353 156.3711461
5353 4.258107443
5353 4.258107443
5353 4.018922119
5353 4.018922119
5353 4.018922119
5353 0
5353 3.903436901
5353 3.903436901
5353 14.38356164
5353 23.33333333
5383 0
5383 94.079992555
5383 94.079992555
5383 94.079992555
5383 94.079992555
5383 0
5383 5.555099494
5383 6.6501945675
5383 6.6501945675
5383 6.6501945675
5383 6.6501945675
5383 11.96256282
5383 11.96256282
5383 11.96256282
5383 11.96256282
5383 11.96256282
5383 0
5383 0
5383 0
5383 0
5383 0
5383 0
5383 9.9793787025
5383 9.9793787025
5383 9.9793787025
5383 0
5383 156.3711461
5383 4.258107443
5383 4.258107443
5383 4.018922119
5383 4.018922119
5383 4.018922119
5383 0
5383 3.903436901
5383 3.903436901
5383 14.38356164
5383 23.33333333
5413 0
5413 94.079992555
5413 94.079992555
5413 94.079992555
5413 94.079992555
5413 0
5413 5.555099494
5413 6.6501945675
5413 6.6501945675
5413 6.6501945675
5413 6.6501945675
5413 11.96256282
5413 11.96256282
5413 11.96256282
5413 11.96256282
5413 11.96256282
5413 0
5413 0
5413 0
5413 0
5413 0
5413 0
5413 9.9793787025
5413 9.9793787025
5413 9.9793787025
5413 0
5413 156.3711461
5413 4.258107443
5413 4.258107443
5413 4.018922119
5413 4.018922119
5413 4.018922119
5413 0
5413 3.903436901
5413 3.903436901
5413 14.38356164
5413 23.33333333
5443 0
5443 94.079992555
5443 94.079992555
5443 94.079992555
5443 94.079992555
5443 0
5443 5.555099494
5443 6.6501945675
5443 6.6501945675
5443 6.6501945675
5443 6.6501945675
5443 11.96256282
5443 11.96256282
5443 11.96256282
5443 11.96256282
5443 11.96256282
5443 0
5443 0
5443 0
5443 0
5443 0
5443 0
5443 9.9793787025
5443 9.9793787025
5443 9.9793787025
5443 0
5443 156.3711461
5443 4.258107443
5443 4.258107443
5443 4.018922119
5443 4.018922119
5443 4.018922119
5443 0
5443 3.903436901
5443 3.903436901
5443 14.38356164
5443 23.33333333
5474 0
5474 94.079992555
5474 94.079992555
5474 94.079992555
5474 94.079992555
5474 0
5474 5.555099494
5474 6.6501945675
5474 6.6501945675
5474 6.6501945675
5474 6.6501945675
5474 11.96256282
5474 11.96256282
5474 11.96256282
5474 11.96256282
5474 11.96256282
5474 0
5474 0
5474 0
5474 0
5474 0
5474 0
5474 9.9793787025
5474 9.9793787025
5474 9.9793787025
5474 0
5474 156.3711461
5474 4.258107443
5474 4.258107443
5474 4.018922119
5474 4.018922119
5474 4.018922119
5474 0
5474 3.903436901
5474 3.903436901
5474 14.38356164
5474 23.33333333
5509 0
5509 94.079992555
5509 94.079992555
5509 94.079992555
5509 94.079992555
5509 0
5509 5.555099494
5509 6.6501945675
5509 6.6501945675
5509 6.6501945675
5509 6.6501945675
5509 11.96256282
5509 11.96256282
5509 11.96256282
5509 11.96256282
5509 11.96256282
5509 0
5509 0
5509 0
5509 0
5509 0
5509 0
5509 9.9793787025
5509 9.9793787025
5509 9.9793787025
5509 0
5509 156.3711461
5509 4.258107443
5509 4.258107443
5509 4.018922119
5509 4.018922119
5509 4.018922119
5509 0
5509 3.903436901
5509 3.903436901
5509 14.38356164
5509 23.33333333
5548 0
5548 94.079992555
5548 94.079992555
5548 94.079992555
5548 94.079992555
5548 0
5548 5.555099494
5548 6.6501945675
5548 6.6501945675
5548 6.6501945675
5548 6.6501945675
5548 11.96256282
5548 11.96256282
5548 11.96256282
5548 11.96256282
5548 11.96256282
5548 0
5548 0
5548 0
5548 0
5548 0
5548 0
5548 9.9793787025
5548 9.9793787025
5548 9.9793787025
5548 0
5548 156.3711461
5548 4.258107443
5548 4.258107443
5548 4.018922119
5548 4.018922119
5548 4.018922119
5548 0
5548 3.903436901
5548 3.903436901
5548 14.38356164
5548 23.33333333
5589 0
5589 94.079992555
5589 94.079992555
5589 94.079992555
5589 94.079992555
5589 0
5589 5.555099494
5589 6.6501945675
5589 6.6501945675
5589 6.6501945675
5589 6.6501945675
5589 11.96256282
5589 11.96256282
5589 11.96256282
5589 11.96256282
5589 11.96256282
5589 0
5589 0
5589 0
5589 0
5589 0
5589 0
5589 9.9793787025
5589 9.9793787025
5589 9.9793787025
5589 0
5589 156.3711461
5589 4.258107443
5589 4.258107443
5589 4.018922119
5589 4.018922119
5589 4.018922119
5589 0
5589 3.903436901
5589 3.903436901
5589 14.38356164
5589 23.33333333
5634 0
5634 94.079992555
5634 94.079992555
5634 94.079992555
5634 94.079992555
5634 0
5634 5.555099494
5634 6.6501945675
5634 6.6501945675
5634 6.6501945675
5634 6.6501945675
5634 11.96256282
5634 11.96256282
5634 11.96256282
5634 11.96256282
5634 11.96256282
5634 0
5634 0
5634 0
5634 0
5634 0
5634 0
5634 9.9793787025
5634 9.9793787025
5634 9.9793787025
5634 0
5634 156.3711461
5634 4.258107443
5634 4.258107443
5634 4.018922119
5634 4.018922119
5634 4.018922119
5634 0
5634 3.903436901
5634 3.903436901
5634 14.38356164
5634 23.33333333
5680 0
5680 94.079992555
5680 94.079992555
5680 94.079992555
5680 94.079992555
5680 0
5680 5.555099494
5680 6.6501945675
5680 6.6501945675
5680 6.6501945675
5680 6.6501945675
5680 11.96256282
5680 11.96256282
5680 11.96256282
5680 11.96256282
5680 11.96256282
5680 0
5680 0
5680 0
5680 0
5680 0
5680 0
5680 9.9793787025
5680 9.9793787025
5680 9.9793787025
5680 0
5680 156.3711461
5680 4.258107443
5680 4.258107443
5680 4.018922119
5680 4.018922119
5680 4.018922119
5680 0
5680 3.903436901
5680 3.903436901
5680 14.38356164
5680 23.33333333
5726 0
5726 94.079992555
5726 94.079992555
5726 94.079992555
5726 94.079992555
5726 0
5726 5.555099494
5726 6.6501945675
5726 6.6501945675
5726 6.6501945675
5726 6.6501945675
5726 11.96256282
5726 11.96256282
5726 11.96256282
5726 11.96256282
5726 11.96256282
5726 0
5726 0
5726 0
5726 0
5726 0
5726 0
5726 9.9793787025
5726 9.9793787025
5726 9.9793787025
5726 0
5726 156.3711461
5726 4.258107443
5726 4.258107443
5726 4.018922119
5726 4.018922119
5726 4.018922119
5726 0
5726 3.903436901
5726 3.903436901
5726 14.38356164
5726 23.33333333
5771 0
5771 94.079992555
5771 94.079992555
5771 94.079992555
5771 94.079992555
5771 0
5771 5.555099494
5771 6.6501945675
5771 6.6501945675
5771 6.6501945675
5771 6.6501945675
5771 11.96256282
5771 11.96256282
5771 11.96256282
5771 11.96256282
5771 11.96256282
5771 0
5771 0
5771 0
5771 0
5771 0
5771 0
5771 9.9793787025
5771 9.9793787025
5771 9.9793787025
5771 0
5771 156.3711461
5771 4.258107443
5771 4.258107443
5771 4.018922119
5771 4.018922119
5771 4.018922119
5771 0
5771 3.903436901
5771 3.903436901
5771 14.38356164
5771 23.33333333
36873 0
36873 94.079992555
36873 94.079992555
36873 94.079992555
36873 94.079992555
36873 0
36873 5.555099494
36873 6.6501945675
36873 6.6501945675
36873 6.6501945675
36873 6.6501945675
36873 11.96256282
36873 11.96256282
36873 11.96256282
36873 11.96256282
36873 11.96256282
36873 0
36873 0
36873 0
36873 0
36873 0
36873 0
36873 9.9793787025
36873 9.9793787025
36873 9.9793787025
36873 0
36873 156.3711461
36873 4.258107443
36873 4.258107443
36873 4.018922119
36873 4.018922119
36873 4.018922119
36873 0
36873 3.903436901
36873 3.903436901
36873 14.38356164
36873 23.33333333
5264 0
5264 94.079992555
5264 94.079992555
5264 94.079992555
5264 94.079992555
5264 0
5264 5.555099494
5264 6.6501945675
5264 6.6501945675
5264 6.6501945675
5264 6.6501945675
5264 11.96256282
5264 11.96256282
5264 11.96256282
5264 11.96256282
5264 11.96256282
5264 0
5264 0
5264 0
5264 0
5264 0
5264 0
5264 9.9793787025
5264 9.9793787025
5264 9.9793787025
5264 0
5264 156.3711461
5264 4.258107443
5264 4.258107443
5264 4.018922119
5264 4.018922119
5264 4.018922119
5264 0
5264 3.903436901
5264 3.903436901
5264 14.38356164
5264 23.33333333
5293 0
5293 94.079992555
5293 94.079992555
5293 94.079992555
5293 94.079992555
5293 0
5293 5.555099494
5293 6.6501945675
5293 6.6501945675
5293 6.6501945675
5293 6.6501945675
5293 11.96256282
5293 11.96256282
5293 11.96256282
5293 11.96256282
5293 11.96256282
5293 0
5293 0
5293 0
5293 0
5293 0
5293 0
5293 9.9793787025
5293 9.9793787025
5293 9.9793787025
5293 0
5293 156.3711461
5293 4.258107443
5293 4.258107443
5293 4.018922119
5293 4.018922119
5293 4.018922119
5293 0
5293 3.903436901
5293 3.903436901
5293 14.38356164
5293 23.33333333
5323 0
5323 94.079992555
5323 94.079992555
5323 94.079992555
5323 94.079992555
5323 0
5323 5.555099494
5323 6.6501945675
5323 6.6501945675
5323 6.6501945675
5323 6.6501945675
5323 11.96256282
5323 11.96256282
5323 11.96256282
5323 11.96256282
5323 11.96256282
5323 0
5323 0
5323 0
5323 0
5323 0
5323 0
5323 9.9793787025
5323 9.9793787025
5323 9.9793787025
5323 0
5323 156.3711461
5323 4.258107443
5323 4.258107443
5323 4.018922119
5323 4.018922119
5323 4.018922119
5323 0
5323 3.903436901
5323 3.903436901
5323 14.38356164
5323 23.33333333
5354 0
5354 94.079992555
5354 94.079992555
5354 94.079992555
5354 94.079992555
5354 0
5354 5.555099494
5354 6.6501945675
5354 6.6501945675
5354 6.6501945675
5354 6.6501945675
5354 11.96256282
5354 11.96256282
5354 11.96256282
5354 11.96256282
5354 11.96256282
5354 0
5354 0
5354 0
5354 0
5354 0
5354 0
5354 9.9793787025
5354 9.9793787025
5354 9.9793787025
5354 0
5354 156.3711461
5354 4.258107443
5354 4.258107443
5354 4.018922119
5354 4.018922119
5354 4.018922119
5354 0
5354 3.903436901
5354 3.903436901
5354 14.38356164
5354 23.33333333
5384 0
5384 94.079992555
5384 94.079992555
5384 94.079992555
5384 94.079992555
5384 0
5384 5.555099494
5384 6.6501945675
5384 6.6501945675
5384 6.6501945675
5384 6.6501945675
5384 11.96256282
5384 11.96256282
5384 11.96256282
5384 11.96256282
5384 11.96256282
5384 0
5384 0
5384 0
5384 0
5384 0
5384 0
5384 9.9793787025
5384 9.9793787025
5384 9.9793787025
5384 0
5384 156.3711461
5384 4.258107443
5384 4.258107443
5384 4.018922119
5384 4.018922119
5384 4.018922119
5384 0
5384 3.903436901
5384 3.903436901
5384 14.38356164
5384 23.33333333
5414 0
5414 94.079992555
5414 94.079992555
5414 94.079992555
5414 94.079992555
5414 0
5414 5.555099494
5414 6.6501945675
5414 6.6501945675
5414 6.6501945675
5414 6.6501945675
5414 11.96256282
5414 11.96256282
5414 11.96256282
5414 11.96256282
5414 11.96256282
5414 0
5414 0
5414 0
5414 0
5414 0
5414 0
5414 9.9793787025
5414 9.9793787025
5414 9.9793787025
5414 0
5414 156.3711461
5414 4.258107443
5414 4.258107443
5414 4.018922119
5414 4.018922119
5414 4.018922119
5414 0
5414 3.903436901
5414 3.903436901
5414 14.38356164
5414 23.33333333
5444 0
5444 94.079992555
5444 94.079992555
5444 94.079992555
5444 94.079992555
5444 0
5444 5.555099494
5444 6.6501945675
5444 6.6501945675
5444 6.6501945675
5444 6.6501945675
5444 11.96256282
5444 11.96256282
5444 11.96256282
5444 11.96256282
5444 11.96256282
5444 0
5444 0
5444 0
5444 0
5444 0
5444 0
5444 9.9793787025
5444 9.9793787025
5444 9.9793787025
5444 0
5444 156.3711461
5444 4.258107443
5444 4.258107443
5444 4.018922119
5444 4.018922119
5444 4.018922119
5444 0
5444 3.903436901
5444 3.903436901
5444 14.38356164
5444 23.33333333
5475 0
5475 94.079992555
5475 94.079992555
5475 94.079992555
5475 94.079992555
5475 0
5475 5.555099494
5475 6.6501945675
5475 6.6501945675
5475 6.6501945675
5475 6.6501945675
5475 11.96256282
5475 11.96256282
5475 11.96256282
5475 11.96256282
5475 11.96256282
5475 0
5475 0
5475 0
5475 0
5475 0
5475 0
5475 9.9793787025
5475 9.9793787025
5475 9.9793787025
5475 0
5475 156.3711461
5475 4.258107443
5475 4.258107443
5475 4.018922119
5475 4.018922119
5475 4.018922119
5475 0
5475 3.903436901
5475 3.903436901
5475 14.38356164
5475 23.33333333
5510 0
5510 94.079992555
5510 94.079992555
5510 94.079992555
5510 94.079992555
5510 0
5510 5.555099494
5510 6.6501945675
5510 6.6501945675
5510 6.6501945675
5510 6.6501945675
5510 11.96256282
5510 11.96256282
5510 11.96256282
5510 11.96256282
5510 11.96256282
5510 0
5510 0
5510 0
5510 0
5510 0
5510 0
5510 9.9793787025
5510 9.9793787025
5510 9.9793787025
5510 0
5510 156.3711461
5510 4.258107443
5510 4.258107443
5510 4.018922119
5510 4.018922119
5510 4.018922119
5510 0
5510 3.903436901
5510 3.903436901
5510 14.38356164
5510 23.33333333
5590 0
5590 94.079992555
5590 94.079992555
5590 94.079992555
5590 94.079992555
5590 0
5590 5.555099494
5590 6.6501945675
5590 6.6501945675
5590 6.6501945675
5590 6.6501945675
5590 11.96256282
5590 11.96256282
5590 11.96256282
5590 11.96256282
5590 11.96256282
5590 0
5590 0
5590 0
5590 0
5590 0
5590 0
5590 9.9793787025
5590 9.9793787025
5590 9.9793787025
5590 0
5590 156.3711461
5590 4.258107443
5590 4.258107443
5590 4.018922119
5590 4.018922119
5590 4.018922119
5590 0
5590 3.903436901
5590 3.903436901
5590 14.38356164
5590 23.33333333
5635 0
5635 94.079992555
5635 94.079992555
5635 94.079992555
5635 94.079992555
5635 0
5635 5.555099494
5635 6.6501945675
5635 6.6501945675
5635 6.6501945675
5635 6.6501945675
5635 11.96256282
5635 11.96256282
5635 11.96256282
5635 11.96256282
5635 11.96256282
5635 0
5635 0
5635 0
5635 0
5635 0
5635 0
5635 9.9793787025
5635 9.9793787025
5635 9.9793787025
5635 0
5635 156.3711461
5635 4.258107443
5635 4.258107443
5635 4.018922119
5635 4.018922119
5635 4.018922119
5635 0
5635 3.903436901
5635 3.903436901
5635 14.38356164
5635 23.33333333
5681 0
5681 94.079992555
5681 94.079992555
5681 94.079992555
5681 94.079992555
5681 0
5681 5.555099494
5681 6.6501945675
5681 6.6501945675
5681 6.6501945675
5681 6.6501945675
5681 11.96256282
5681 11.96256282
5681 11.96256282
5681 11.96256282
5681 11.96256282
5681 0
5681 0
5681 0
5681 0
5681 0
5681 0
5681 9.9793787025
5681 9.9793787025
5681 9.9793787025
5681 0
5681 156.3711461
5681 4.258107443
5681 4.258107443
5681 4.018922119
5681 4.018922119
5681 4.018922119
5681 0
5681 3.903436901
5681 3.903436901
5681 14.38356164
5681 23.33333333
5727 0
5727 94.079992555
5727 94.079992555
5727 94.079992555
5727 94.079992555
5727 0
5727 5.555099494
5727 6.6501945675
5727 6.6501945675
5727 6.6501945675
5727 6.6501945675
5727 11.96256282
5727 11.96256282
5727 11.96256282
5727 11.96256282
5727 11.96256282
5727 0
5727 0
5727 0
5727 0
5727 0
5727 0
5727 9.9793787025
5727 9.9793787025
5727 9.9793787025
5727 0
5727 156.3711461
5727 4.258107443
5727 4.258107443
5727 4.018922119
5727 4.018922119
5727 4.018922119
5727 0
5727 3.903436901
5727 3.903436901
5727 14.38356164
5727 23.33333333
36862 0
36862 94.079992555
36862 94.079992555
36862 94.079992555
36862 94.079992555
36862 0
36862 5.555099494
36862 6.6501945675
36862 6.6501945675
36862 6.6501945675
36862 6.6501945675
36862 11.96256282
36862 11.96256282
36862 11.96256282
36862 11.96256282
36862 11.96256282
36862 0
36862 0
36862 0
36862 0
36862 0
36862 0
36862 9.9793787025
36862 9.9793787025
36862 9.9793787025
36862 0
36862 156.3711461
36862 4.258107443
36862 4.258107443
36862 4.018922119
36862 4.018922119
36862 4.018922119
36862 0
36862 3.903436901
36862 3.903436901
36862 14.38356164
36862 23.33333333
37497 0
37497 94.079992555
37497 94.079992555
37497 94.079992555
37497 94.079992555
37497 0
37497 5.555099494
37497 6.6501945675
37497 6.6501945675
37497 6.6501945675
37497 6.6501945675
37497 11.96256282
37497 11.96256282
37497 11.96256282
37497 11.96256282
37497 11.96256282
37497 0
37497 0
37497 0
37497 0
37497 0
37497 0
37497 9.9793787025
37497 9.9793787025
37497 9.9793787025
37497 0
37497 156.3711461
37497 4.258107443
37497 4.258107443
37497 4.018922119
37497 4.018922119
37497 4.018922119
37497 0
37497 3.903436901
37497 3.903436901
37497 14.38356164
37497 23.33333333
5511 0
5511 94.079992555
5511 94.079992555
5511 94.079992555
5511 94.079992555
5511 0
5511 5.555099494
5511 6.6501945675
5511 6.6501945675
5511 6.6501945675
5511 6.6501945675
5511 11.96256282
5511 11.96256282
5511 11.96256282
5511 11.96256282
5511 11.96256282
5511 0
5511 0
5511 0
5511 0
5511 0
5511 0
5511 9.9793787025
5511 9.9793787025
5511 9.9793787025
5511 0
5511 156.3711461
5511 4.258107443
5511 4.258107443
5511 4.018922119
5511 4.018922119
5511 4.018922119
5511 0
5511 3.903436901
5511 3.903436901
5511 14.38356164
5511 23.33333333
5591 0
5591 94.079992555
5591 94.079992555
5591 94.079992555
5591 94.079992555
5591 0
5591 5.555099494
5591 6.6501945675
5591 6.6501945675
5591 6.6501945675
5591 6.6501945675
5591 11.96256282
5591 11.96256282
5591 11.96256282
5591 11.96256282
5591 11.96256282
5591 0
5591 0
5591 0
5591 0
5591 0
5591 0
5591 9.9793787025
5591 9.9793787025
5591 9.9793787025
5591 0
5591 156.3711461
5591 4.258107443
5591 4.258107443
5591 4.018922119
5591 4.018922119
5591 4.018922119
5591 0
5591 3.903436901
5591 3.903436901
5591 14.38356164
5591 23.33333333
5813 0
5813 94.079992555
5813 94.079992555
5813 94.079992555
5813 94.079992555
5813 0
5813 5.555099494
5813 6.6501945675
5813 6.6501945675
5813 6.6501945675
5813 6.6501945675
5813 11.96256282
5813 11.96256282
5813 11.96256282
5813 11.96256282
5813 11.96256282
5813 0
5813 0
5813 0
5813 0
5813 0
5813 0
5813 9.9793787025
5813 9.9793787025
5813 9.9793787025
5813 0
5813 156.3711461
5813 4.258107443
5813 4.258107443
5813 4.018922119
5813 4.018922119
5813 4.018922119
5813 0
5813 3.903436901
5813 3.903436901
5813 14.38356164
5813 23.33333333
37444 0
37444 94.079992555
37444 94.079992555
37444 94.079992555
37444 94.079992555
37444 0
37444 5.555099494
37444 6.6501945675
37444 6.6501945675
37444 6.6501945675
37444 6.6501945675
37444 11.96256282
37444 11.96256282
37444 11.96256282
37444 11.96256282
37444 11.96256282
37444 0
37444 0
37444 0
37444 0
37444 0
37444 0
37444 9.9793787025
37444 9.9793787025
37444 9.9793787025
37444 0
37444 156.3711461
37444 4.258107443
37444 4.258107443
37444 4.018922119
37444 4.018922119
37444 4.018922119
37444 0
37444 3.903436901
37444 3.903436901
37444 14.38356164
37444 23.33333333
37502 0
37502 94.079992555
37502 94.079992555
37502 94.079992555
37502 94.079992555
37502 0
37502 5.555099494
37502 6.6501945675
37502 6.6501945675
37502 6.6501945675
37502 6.6501945675
37502 11.96256282
37502 11.96256282
37502 11.96256282
37502 11.96256282
37502 11.96256282
37502 0
37502 0
37502 0
37502 0
37502 0
37502 0
37502 9.9793787025
37502 9.9793787025
37502 9.9793787025
37502 0
37502 156.3711461
37502 4.258107443
37502 4.258107443
37502 4.018922119
37502 4.018922119
37502 4.018922119
37502 0
37502 3.903436901
37502 3.903436901
37502 14.38356164
37502 23.33333333
5294 0
5294 94.079992555
5294 94.079992555
5294 94.079992555
5294 94.079992555
5294 0
5294 5.555099494
5294 6.6501945675
5294 6.6501945675
5294 6.6501945675
5294 6.6501945675
5294 11.96256282
5294 11.96256282
5294 11.96256282
5294 11.96256282
5294 11.96256282
5294 0
5294 0
5294 0
5294 0
5294 0
5294 0
5294 9.9793787025
5294 9.9793787025
5294 9.9793787025
5294 0
5294 156.3711461
5294 4.258107443
5294 4.258107443
5294 4.018922119
5294 4.018922119
5294 4.018922119
5294 0
5294 3.903436901
5294 3.903436901
5294 14.38356164
5294 23.33333333
5512 0
5512 94.079992555
5512 94.079992555
5512 94.079992555
5512 94.079992555
5512 0
5512 5.555099494
5512 6.6501945675
5512 6.6501945675
5512 6.6501945675
5512 6.6501945675
5512 11.96256282
5512 11.96256282
5512 11.96256282
5512 11.96256282
5512 11.96256282
5512 0
5512 0
5512 0
5512 0
5512 0
5512 0
5512 9.9793787025
5512 9.9793787025
5512 9.9793787025
5512 0
5512 156.3711461
5512 4.258107443
5512 4.258107443
5512 4.018922119
5512 4.018922119
5512 4.018922119
5512 0
5512 3.903436901
5512 3.903436901
5512 14.38356164
5512 23.33333333
5549 0
5549 94.079992555
5549 94.079992555
5549 94.079992555
5549 94.079992555
5549 0
5549 5.555099494
5549 6.6501945675
5549 6.6501945675
5549 6.6501945675
5549 6.6501945675
5549 11.96256282
5549 11.96256282
5549 11.96256282
5549 11.96256282
5549 11.96256282
5549 0
5549 0
5549 0
5549 0
5549 0
5549 0
5549 9.9793787025
5549 9.9793787025
5549 9.9793787025
5549 0
5549 156.3711461
5549 4.258107443
5549 4.258107443
5549 4.018922119
5549 4.018922119
5549 4.018922119
5549 0
5549 3.903436901
5549 3.903436901
5549 14.38356164
5549 23.33333333
5592 0
5592 94.079992555
5592 94.079992555
5592 94.079992555
5592 94.079992555
5592 0
5592 5.555099494
5592 6.6501945675
5592 6.6501945675
5592 6.6501945675
5592 6.6501945675
5592 11.96256282
5592 11.96256282
5592 11.96256282
5592 11.96256282
5592 11.96256282
5592 0
5592 0
5592 0
5592 0
5592 0
5592 0
5592 9.9793787025
5592 9.9793787025
5592 9.9793787025
5592 0
5592 156.3711461
5592 4.258107443
5592 4.258107443
5592 4.018922119
5592 4.018922119
5592 4.018922119
5592 0
5592 3.903436901
5592 3.903436901
5592 14.38356164
5592 23.33333333
5636 0
5636 94.079992555
5636 94.079992555
5636 94.079992555
5636 94.079992555
5636 0
5636 5.555099494
5636 6.6501945675
5636 6.6501945675
5636 6.6501945675
5636 6.6501945675
5636 11.96256282
5636 11.96256282
5636 11.96256282
5636 11.96256282
5636 11.96256282
5636 0
5636 0
5636 0
5636 0
5636 0
5636 0
5636 9.9793787025
5636 9.9793787025
5636 9.9793787025
5636 0
5636 156.3711461
5636 4.258107443
5636 4.258107443
5636 4.018922119
5636 4.018922119
5636 4.018922119
5636 0
5636 3.903436901
5636 3.903436901
5636 14.38356164
5636 23.33333333
5324 0
5324 94.079992555
5324 94.079992555
5324 94.079992555
5324 94.079992555
5324 0
5324 5.555099494
5324 6.6501945675
5324 6.6501945675
5324 6.6501945675
5324 6.6501945675
5324 11.96256282
5324 11.96256282
5324 11.96256282
5324 11.96256282
5324 11.96256282
5324 0
5324 0
5324 0
5324 0
5324 0
5324 0
5324 9.9793787025
5324 9.9793787025
5324 9.9793787025
5324 0
5324 156.3711461
5324 4.258107443
5324 4.258107443
5324 4.018922119
5324 4.018922119
5324 4.018922119
5324 0
5324 3.903436901
5324 3.903436901
5324 14.38356164
5324 23.33333333
5355 0
5355 94.079992555
5355 94.079992555
5355 94.079992555
5355 94.079992555
5355 0
5355 5.555099494
5355 6.6501945675
5355 6.6501945675
5355 6.6501945675
5355 6.6501945675
5355 11.96256282
5355 11.96256282
5355 11.96256282
5355 11.96256282
5355 11.96256282
5355 0
5355 0
5355 0
5355 0
5355 0
5355 0
5355 9.9793787025
5355 9.9793787025
5355 9.9793787025
5355 0
5355 156.3711461
5355 4.258107443
5355 4.258107443
5355 4.018922119
5355 4.018922119
5355 4.018922119
5355 0
5355 3.903436901
5355 3.903436901
5355 14.38356164
5355 23.33333333
5445 0
5445 94.079992555
5445 94.079992555
5445 94.079992555
5445 94.079992555
5445 0
5445 5.555099494
5445 6.6501945675
5445 6.6501945675
5445 6.6501945675
5445 6.6501945675
5445 11.96256282
5445 11.96256282
5445 11.96256282
5445 11.96256282
5445 11.96256282
5445 0
5445 0
5445 0
5445 0
5445 0
5445 0
5445 9.9793787025
5445 9.9793787025
5445 9.9793787025
5445 0
5445 156.3711461
5445 4.258107443
5445 4.258107443
5445 4.018922119
5445 4.018922119
5445 4.018922119
5445 0
5445 3.903436901
5445 3.903436901
5445 14.38356164
5445 23.33333333
5476 0
5476 94.079992555
5476 94.079992555
5476 94.079992555
5476 94.079992555
5476 0
5476 5.555099494
5476 6.6501945675
5476 6.6501945675
5476 6.6501945675
5476 6.6501945675
5476 11.96256282
5476 11.96256282
5476 11.96256282
5476 11.96256282
5476 11.96256282
5476 0
5476 0
5476 0
5476 0
5476 0
5476 0
5476 9.9793787025
5476 9.9793787025
5476 9.9793787025
5476 0
5476 156.3711461
5476 4.258107443
5476 4.258107443
5476 4.018922119
5476 4.018922119
5476 4.018922119
5476 0
5476 3.903436901
5476 3.903436901
5476 14.38356164
5476 23.33333333
5513 0
5513 94.079992555
5513 94.079992555
5513 94.079992555
5513 94.079992555
5513 0
5513 5.555099494
5513 6.6501945675
5513 6.6501945675
5513 6.6501945675
5513 6.6501945675
5513 11.96256282
5513 11.96256282
5513 11.96256282
5513 11.96256282
5513 11.96256282
5513 0
5513 0
5513 0
5513 0
5513 0
5513 0
5513 9.9793787025
5513 9.9793787025
5513 9.9793787025
5513 0
5513 156.3711461
5513 4.258107443
5513 4.258107443
5513 4.018922119
5513 4.018922119
5513 4.018922119
5513 0
5513 3.903436901
5513 3.903436901
5513 14.38356164
5513 23.33333333
5550 0
5550 94.079992555
5550 94.079992555
5550 94.079992555
5550 94.079992555
5550 0
5550 5.555099494
5550 6.6501945675
5550 6.6501945675
5550 6.6501945675
5550 6.6501945675
5550 11.96256282
5550 11.96256282
5550 11.96256282
5550 11.96256282
5550 11.96256282
5550 0
5550 0
5550 0
5550 0
5550 0
5550 0
5550 9.9793787025
5550 9.9793787025
5550 9.9793787025
5550 0
5550 156.3711461
5550 4.258107443
5550 4.258107443
5550 4.018922119
5550 4.018922119
5550 4.018922119
5550 0
5550 3.903436901
5550 3.903436901
5550 14.38356164
5550 23.33333333
5593 0
5593 94.079992555
5593 94.079992555
5593 94.079992555
5593 94.079992555
5593 0
5593 5.555099494
5593 6.6501945675
5593 6.6501945675
5593 6.6501945675
5593 6.6501945675
5593 11.96256282
5593 11.96256282
5593 11.96256282
5593 11.96256282
5593 11.96256282
5593 0
5593 0
5593 0
5593 0
5593 0
5593 0
5593 9.9793787025
5593 9.9793787025
5593 9.9793787025
5593 0
5593 156.3711461
5593 4.258107443
5593 4.258107443
5593 4.018922119
5593 4.018922119
5593 4.018922119
5593 0
5593 3.903436901
5593 3.903436901
5593 14.38356164
5593 23.33333333
5637 0
5637 94.079992555
5637 94.079992555
5637 94.079992555
5637 94.079992555
5637 0
5637 5.555099494
5637 6.6501945675
5637 6.6501945675
5637 6.6501945675
5637 6.6501945675
5637 11.96256282
5637 11.96256282
5637 11.96256282
5637 11.96256282
5637 11.96256282
5637 0
5637 0
5637 0
5637 0
5637 0
5637 0
5637 9.9793787025
5637 9.9793787025
5637 9.9793787025
5637 0
5637 156.3711461
5637 4.258107443
5637 4.258107443
5637 4.018922119
5637 4.018922119
5637 4.018922119
5637 0
5637 3.903436901
5637 3.903436901
5637 14.38356164
5637 23.33333333
5682 0
5682 94.079992555
5682 94.079992555
5682 94.079992555
5682 94.079992555
5682 0
5682 5.555099494
5682 6.6501945675
5682 6.6501945675
5682 6.6501945675
5682 6.6501945675
5682 11.96256282
5682 11.96256282
5682 11.96256282
5682 11.96256282
5682 11.96256282
5682 0
5682 0
5682 0
5682 0
5682 0
5682 0
5682 9.9793787025
5682 9.9793787025
5682 9.9793787025
5682 0
5682 156.3711461
5682 4.258107443
5682 4.258107443
5682 4.018922119
5682 4.018922119
5682 4.018922119
5682 0
5682 3.903436901
5682 3.903436901
5682 14.38356164
5682 23.33333333
5728 0
5728 94.079992555
5728 94.079992555
5728 94.079992555
5728 94.079992555
5728 0
5728 5.555099494
5728 6.6501945675
5728 6.6501945675
5728 6.6501945675
5728 6.6501945675
5728 11.96256282
5728 11.96256282
5728 11.96256282
5728 11.96256282
5728 11.96256282
5728 0
5728 0
5728 0
5728 0
5728 0
5728 0
5728 9.9793787025
5728 9.9793787025
5728 9.9793787025
5728 0
5728 156.3711461
5728 4.258107443
5728 4.258107443
5728 4.018922119
5728 4.018922119
5728 4.018922119
5728 0
5728 3.903436901
5728 3.903436901
5728 14.38356164
5728 23.33333333
36901 0
36901 94.079992555
36901 94.079992555
36901 94.079992555
36901 94.079992555
36901 0
36901 5.555099494
36901 6.6501945675
36901 6.6501945675
36901 6.6501945675
36901 6.6501945675
36901 11.96256282
36901 11.96256282
36901 11.96256282
36901 11.96256282
36901 11.96256282
36901 0
36901 0
36901 0
36901 0
36901 0
36901 0
36901 9.9793787025
36901 9.9793787025
36901 9.9793787025
36901 0
36901 156.3711461
36901 4.258107443
36901 4.258107443
36901 4.018922119
36901 4.018922119
36901 4.018922119
36901 0
36901 3.903436901
36901 3.903436901
36901 14.38356164
36901 23.33333333
5325 0
5325 94.079992555
5325 94.079992555
5325 94.079992555
5325 94.079992555
5325 0
5325 5.555099494
5325 6.6501945675
5325 6.6501945675
5325 6.6501945675
5325 6.6501945675
5325 11.96256282
5325 11.96256282
5325 11.96256282
5325 11.96256282
5325 11.96256282
5325 0
5325 0
5325 0
5325 0
5325 0
5325 0
5325 9.9793787025
5325 9.9793787025
5325 9.9793787025
5325 0
5325 156.3711461
5325 4.258107443
5325 4.258107443
5325 4.018922119
5325 4.018922119
5325 4.018922119
5325 0
5325 3.903436901
5325 3.903436901
5325 14.38356164
5325 23.33333333
5385 0
5385 94.079992555
5385 94.079992555
5385 94.079992555
5385 94.079992555
5385 0
5385 5.555099494
5385 6.6501945675
5385 6.6501945675
5385 6.6501945675
5385 6.6501945675
5385 11.96256282
5385 11.96256282
5385 11.96256282
5385 11.96256282
5385 11.96256282
5385 0
5385 0
5385 0
5385 0
5385 0
5385 0
5385 9.9793787025
5385 9.9793787025
5385 9.9793787025
5385 0
5385 156.3711461
5385 4.258107443
5385 4.258107443
5385 4.018922119
5385 4.018922119
5385 4.018922119
5385 0
5385 3.903436901
5385 3.903436901
5385 14.38356164
5385 23.33333333
5415 0
5415 94.079992555
5415 94.079992555
5415 94.079992555
5415 94.079992555
5415 0
5415 5.555099494
5415 6.6501945675
5415 6.6501945675
5415 6.6501945675
5415 6.6501945675
5415 11.96256282
5415 11.96256282
5415 11.96256282
5415 11.96256282
5415 11.96256282
5415 0
5415 0
5415 0
5415 0
5415 0
5415 0
5415 9.9793787025
5415 9.9793787025
5415 9.9793787025
5415 0
5415 156.3711461
5415 4.258107443
5415 4.258107443
5415 4.018922119
5415 4.018922119
5415 4.018922119
5415 0
5415 3.903436901
5415 3.903436901
5415 14.38356164
5415 23.33333333
5446 0
5446 94.079992555
5446 94.079992555
5446 94.079992555
5446 94.079992555
5446 0
5446 5.555099494
5446 6.6501945675
5446 6.6501945675
5446 6.6501945675
5446 6.6501945675
5446 11.96256282
5446 11.96256282
5446 11.96256282
5446 11.96256282
5446 11.96256282
5446 0
5446 0
5446 0
5446 0
5446 0
5446 0
5446 9.9793787025
5446 9.9793787025
5446 9.9793787025
5446 0
5446 156.3711461
5446 4.258107443
5446 4.258107443
5446 4.018922119
5446 4.018922119
5446 4.018922119
5446 0
5446 3.903436901
5446 3.903436901
5446 14.38356164
5446 23.33333333
5477 0
5477 94.079992555
5477 94.079992555
5477 94.079992555
5477 94.079992555
5477 0
5477 5.555099494
5477 6.6501945675
5477 6.6501945675
5477 6.6501945675
5477 6.6501945675
5477 11.96256282
5477 11.96256282
5477 11.96256282
5477 11.96256282
5477 11.96256282
5477 0
5477 0
5477 0
5477 0
5477 0
5477 0
5477 9.9793787025
5477 9.9793787025
5477 9.9793787025
5477 0
5477 156.3711461
5477 4.258107443
5477 4.258107443
5477 4.018922119
5477 4.018922119
5477 4.018922119
5477 0
5477 3.903436901
5477 3.903436901
5477 14.38356164
5477 23.33333333
5514 0
5514 94.079992555
5514 94.079992555
5514 94.079992555
5514 94.079992555
5514 0
5514 5.555099494
5514 6.6501945675
5514 6.6501945675
5514 6.6501945675
5514 6.6501945675
5514 11.96256282
5514 11.96256282
5514 11.96256282
5514 11.96256282
5514 11.96256282
5514 0
5514 0
5514 0
5514 0
5514 0
5514 0
5514 9.9793787025
5514 9.9793787025
5514 9.9793787025
5514 0
5514 156.3711461
5514 4.258107443
5514 4.258107443
5514 4.018922119
5514 4.018922119
5514 4.018922119
5514 0
5514 3.903436901
5514 3.903436901
5514 14.38356164
5514 23.33333333
5551 0
5551 94.079992555
5551 94.079992555
5551 94.079992555
5551 94.079992555
5551 0
5551 5.555099494
5551 6.6501945675
5551 6.6501945675
5551 6.6501945675
5551 6.6501945675
5551 11.96256282
5551 11.96256282
5551 11.96256282
5551 11.96256282
5551 11.96256282
5551 0
5551 0
5551 0
5551 0
5551 0
5551 0
5551 9.9793787025
5551 9.9793787025
5551 9.9793787025
5551 0
5551 156.3711461
5551 4.258107443
5551 4.258107443
5551 4.018922119
5551 4.018922119
5551 4.018922119
5551 0
5551 3.903436901
5551 3.903436901
5551 14.38356164
5551 23.33333333
5594 0
5594 94.079992555
5594 94.079992555
5594 94.079992555
5594 94.079992555
5594 0
5594 5.555099494
5594 6.6501945675
5594 6.6501945675
5594 6.6501945675
5594 6.6501945675
5594 11.96256282
5594 11.96256282
5594 11.96256282
5594 11.96256282
5594 11.96256282
5594 0
5594 0
5594 0
5594 0
5594 0
5594 0
5594 9.9793787025
5594 9.9793787025
5594 9.9793787025
5594 0
5594 156.3711461
5594 4.258107443
5594 4.258107443
5594 4.018922119
5594 4.018922119
5594 4.018922119
5594 0
5594 3.903436901
5594 3.903436901
5594 14.38356164
5594 23.33333333
5638 0
5638 94.079992555
5638 94.079992555
5638 94.079992555
5638 94.079992555
5638 0
5638 5.555099494
5638 6.6501945675
5638 6.6501945675
5638 6.6501945675
5638 6.6501945675
5638 11.96256282
5638 11.96256282
5638 11.96256282
5638 11.96256282
5638 11.96256282
5638 0
5638 0
5638 0
5638 0
5638 0
5638 0
5638 9.9793787025
5638 9.9793787025
5638 9.9793787025
5638 0
5638 156.3711461
5638 4.258107443
5638 4.258107443
5638 4.018922119
5638 4.018922119
5638 4.018922119
5638 0
5638 3.903436901
5638 3.903436901
5638 14.38356164
5638 23.33333333
5683 0
5683 94.079992555
5683 94.079992555
5683 94.079992555
5683 94.079992555
5683 0
5683 5.555099494
5683 6.6501945675
5683 6.6501945675
5683 6.6501945675
5683 6.6501945675
5683 11.96256282
5683 11.96256282
5683 11.96256282
5683 11.96256282
5683 11.96256282
5683 0
5683 0
5683 0
5683 0
5683 0
5683 0
5683 9.9793787025
5683 9.9793787025
5683 9.9793787025
5683 0
5683 156.3711461
5683 4.258107443
5683 4.258107443
5683 4.018922119
5683 4.018922119
5683 4.018922119
5683 0
5683 3.903436901
5683 3.903436901
5683 14.38356164
5683 23.33333333
5729 0
5729 94.079992555
5729 94.079992555
5729 94.079992555
5729 94.079992555
5729 0
5729 5.555099494
5729 6.6501945675
5729 6.6501945675
5729 6.6501945675
5729 6.6501945675
5729 11.96256282
5729 11.96256282
5729 11.96256282
5729 11.96256282
5729 11.96256282
5729 0
5729 0
5729 0
5729 0
5729 0
5729 0
5729 9.9793787025
5729 9.9793787025
5729 9.9793787025
5729 0
5729 156.3711461
5729 4.258107443
5729 4.258107443
5729 4.018922119
5729 4.018922119
5729 4.018922119
5729 0
5729 3.903436901
5729 3.903436901
5729 14.38356164
5729 23.33333333
5772 0
5772 94.079992555
5772 94.079992555
5772 94.079992555
5772 94.079992555
5772 0
5772 5.555099494
5772 6.6501945675
5772 6.6501945675
5772 6.6501945675
5772 6.6501945675
5772 11.96256282
5772 11.96256282
5772 11.96256282
5772 11.96256282
5772 11.96256282
5772 0
5772 0
5772 0
5772 0
5772 0
5772 0
5772 9.9793787025
5772 9.9793787025
5772 9.9793787025
5772 0
5772 156.3711461
5772 4.258107443
5772 4.258107443
5772 4.018922119
5772 4.018922119
5772 4.018922119
5772 0
5772 3.903436901
5772 3.903436901
5772 14.38356164
5772 23.33333333
5814 0
5814 94.079992555
5814 94.079992555
5814 94.079992555
5814 94.079992555
5814 0
5814 5.555099494
5814 6.6501945675
5814 6.6501945675
5814 6.6501945675
5814 6.6501945675
5814 11.96256282
5814 11.96256282
5814 11.96256282
5814 11.96256282
5814 11.96256282
5814 0
5814 0
5814 0
5814 0
5814 0
5814 0
5814 9.9793787025
5814 9.9793787025
5814 9.9793787025
5814 0
5814 156.3711461
5814 4.258107443
5814 4.258107443
5814 4.018922119
5814 4.018922119
5814 4.018922119
5814 0
5814 3.903436901
5814 3.903436901
5814 14.38356164
5814 23.33333333
36866 0
36866 94.079992555
36866 94.079992555
36866 94.079992555
36866 94.079992555
36866 0
36866 5.555099494
36866 6.6501945675
36866 6.6501945675
36866 6.6501945675
36866 6.6501945675
36866 11.96256282
36866 11.96256282
36866 11.96256282
36866 11.96256282
36866 11.96256282
36866 0
36866 0
36866 0
36866 0
36866 0
36866 0
36866 9.9793787025
36866 9.9793787025
36866 9.9793787025
36866 0
36866 156.3711461
36866 4.258107443
36866 4.258107443
36866 4.018922119
36866 4.018922119
36866 4.018922119
36866 0
36866 3.903436901
36866 3.903436901
36866 14.38356164
36866 23.33333333
5386 0
5386 94.079992555
5386 94.079992555
5386 94.079992555
5386 94.079992555
5386 0
5386 5.555099494
5386 6.6501945675
5386 6.6501945675
5386 6.6501945675
5386 6.6501945675
5386 11.96256282
5386 11.96256282
5386 11.96256282
5386 11.96256282
5386 11.96256282
5386 0
5386 0
5386 0
5386 0
5386 0
5386 0
5386 9.9793787025
5386 9.9793787025
5386 9.9793787025
5386 0
5386 156.3711461
5386 4.258107443
5386 4.258107443
5386 4.018922119
5386 4.018922119
5386 4.018922119
5386 0
5386 3.903436901
5386 3.903436901
5386 14.38356164
5386 23.33333333
5416 0
5416 94.079992555
5416 94.079992555
5416 94.079992555
5416 94.079992555
5416 0
5416 5.555099494
5416 6.6501945675
5416 6.6501945675
5416 6.6501945675
5416 6.6501945675
5416 11.96256282
5416 11.96256282
5416 11.96256282
5416 11.96256282
5416 11.96256282
5416 0
5416 0
5416 0
5416 0
5416 0
5416 0
5416 9.9793787025
5416 9.9793787025
5416 9.9793787025
5416 0
5416 156.3711461
5416 4.258107443
5416 4.258107443
5416 4.018922119
5416 4.018922119
5416 4.018922119
5416 0
5416 3.903436901
5416 3.903436901
5416 14.38356164
5416 23.33333333
5447 0
5447 94.079992555
5447 94.079992555
5447 94.079992555
5447 94.079992555
5447 0
5447 5.555099494
5447 6.6501945675
5447 6.6501945675
5447 6.6501945675
5447 6.6501945675
5447 11.96256282
5447 11.96256282
5447 11.96256282
5447 11.96256282
5447 11.96256282
5447 0
5447 0
5447 0
5447 0
5447 0
5447 0
5447 9.9793787025
5447 9.9793787025
5447 9.9793787025
5447 0
5447 156.3711461
5447 4.258107443
5447 4.258107443
5447 4.018922119
5447 4.018922119
5447 4.018922119
5447 0
5447 3.903436901
5447 3.903436901
5447 14.38356164
5447 23.33333333
5478 0
5478 94.079992555
5478 94.079992555
5478 94.079992555
5478 94.079992555
5478 0
5478 5.555099494
5478 6.6501945675
5478 6.6501945675
5478 6.6501945675
5478 6.6501945675
5478 11.96256282
5478 11.96256282
5478 11.96256282
5478 11.96256282
5478 11.96256282
5478 0
5478 0
5478 0
5478 0
5478 0
5478 0
5478 9.9793787025
5478 9.9793787025
5478 9.9793787025
5478 0
5478 156.3711461
5478 4.258107443
5478 4.258107443
5478 4.018922119
5478 4.018922119
5478 4.018922119
5478 0
5478 3.903436901
5478 3.903436901
5478 14.38356164
5478 23.33333333
5515 0
5515 94.079992555
5515 94.079992555
5515 94.079992555
5515 94.079992555
5515 0
5515 5.555099494
5515 6.6501945675
5515 6.6501945675
5515 6.6501945675
5515 6.6501945675
5515 11.96256282
5515 11.96256282
5515 11.96256282
5515 11.96256282
5515 11.96256282
5515 0
5515 0
5515 0
5515 0
5515 0
5515 0
5515 9.9793787025
5515 9.9793787025
5515 9.9793787025
5515 0
5515 156.3711461
5515 4.258107443
5515 4.258107443
5515 4.018922119
5515 4.018922119
5515 4.018922119
5515 0
5515 3.903436901
5515 3.903436901
5515 14.38356164
5515 23.33333333
5552 0
5552 94.079992555
5552 94.079992555
5552 94.079992555
5552 94.079992555
5552 0
5552 5.555099494
5552 6.6501945675
5552 6.6501945675
5552 6.6501945675
5552 6.6501945675
5552 11.96256282
5552 11.96256282
5552 11.96256282
5552 11.96256282
5552 11.96256282
5552 0
5552 0
5552 0
5552 0
5552 0
5552 0
5552 9.9793787025
5552 9.9793787025
5552 9.9793787025
5552 0
5552 156.3711461
5552 4.258107443
5552 4.258107443
5552 4.018922119
5552 4.018922119
5552 4.018922119
5552 0
5552 3.903436901
5552 3.903436901
5552 14.38356164
5552 23.33333333
5595 0
5595 94.079992555
5595 94.079992555
5595 94.079992555
5595 94.079992555
5595 0
5595 5.555099494
5595 6.6501945675
5595 6.6501945675
5595 6.6501945675
5595 6.6501945675
5595 11.96256282
5595 11.96256282
5595 11.96256282
5595 11.96256282
5595 11.96256282
5595 0
5595 0
5595 0
5595 0
5595 0
5595 0
5595 9.9793787025
5595 9.9793787025
5595 9.9793787025
5595 0
5595 156.3711461
5595 4.258107443
5595 4.258107443
5595 4.018922119
5595 4.018922119
5595 4.018922119
5595 0
5595 3.903436901
5595 3.903436901
5595 14.38356164
5595 23.33333333
5639 0
5639 94.079992555
5639 94.079992555
5639 94.079992555
5639 94.079992555
5639 0
5639 5.555099494
5639 6.6501945675
5639 6.6501945675
5639 6.6501945675
5639 6.6501945675
5639 11.96256282
5639 11.96256282
5639 11.96256282
5639 11.96256282
5639 11.96256282
5639 0
5639 0
5639 0
5639 0
5639 0
5639 0
5639 9.9793787025
5639 9.9793787025
5639 9.9793787025
5639 0
5639 156.3711461
5639 4.258107443
5639 4.258107443
5639 4.018922119
5639 4.018922119
5639 4.018922119
5639 0
5639 3.903436901
5639 3.903436901
5639 14.38356164
5639 23.33333333
5684 0
5684 94.079992555
5684 94.079992555
5684 94.079992555
5684 94.079992555
5684 0
5684 5.555099494
5684 6.6501945675
5684 6.6501945675
5684 6.6501945675
5684 6.6501945675
5684 11.96256282
5684 11.96256282
5684 11.96256282
5684 11.96256282
5684 11.96256282
5684 0
5684 0
5684 0
5684 0
5684 0
5684 0
5684 9.9793787025
5684 9.9793787025
5684 9.9793787025
5684 0
5684 156.3711461
5684 4.258107443
5684 4.258107443
5684 4.018922119
5684 4.018922119
5684 4.018922119
5684 0
5684 3.903436901
5684 3.903436901
5684 14.38356164
5684 23.33333333
5730 0
5730 94.079992555
5730 94.079992555
5730 94.079992555
5730 94.079992555
5730 0
5730 5.555099494
5730 6.6501945675
5730 6.6501945675
5730 6.6501945675
5730 6.6501945675
5730 11.96256282
5730 11.96256282
5730 11.96256282
5730 11.96256282
5730 11.96256282
5730 0
5730 0
5730 0
5730 0
5730 0
5730 0
5730 9.9793787025
5730 9.9793787025
5730 9.9793787025
5730 0
5730 156.3711461
5730 4.258107443
5730 4.258107443
5730 4.018922119
5730 4.018922119
5730 4.018922119
5730 0
5730 3.903436901
5730 3.903436901
5730 14.38356164
5730 23.33333333
