pt_graph freq
21 1
47 1
66 1
78 1
133 1
155 1
176 1
180 1
182 1
244 1
249 1
284 1
290 1
316 1
338 1
365 1
387 1
391 1
431 1
448 1
449 1
458 1
459 1
483 1
484 1
507 1
524 1
531 1
533 1
552 1
558 1
559 1
573 1
580 1
582 1
583 1
586 1
591 1
599 1
609 1
611 1
628 1
637 1
658 1
663 1
690 1
695 1
715 1
747 1
751 1
843 1
888 1
894 1
902 1
938 1
970 1
1008 1
1020 1
1021 1
1031 1
1045 1
1077 1
1083 1
1099 1
1112 1
1202 1
1246 1
1268 1
1287 1
1292 1
1297 1
1332 1
1334 1
1339 1
1367 1
1369 1
1375 1
1410 1
1411 1
1413 1
1414 1
1415 1
1453 1
1454 1
1457 1
1459 1
1471 1
1503 1
1505 1
1506 1
1507 1
1508 1
1550 1
1552 1
1557 1
1596 1
1598 1
1599 1
1600 1
1604 1
1648 1
1649 1
1651 1
1664 1
1700 1
1761 1
1767 1
1769 1
1777 1
1825 1
1828 1
1829 1
1830 1
1839 1
1892 1
1898 1
1900 1
1908 1
1971 1
1973 1
1975 1
1978 1
1981 1
1990 1
2049 1
2050 1
2068 1
2134 1
2136 1
2138 1
2151 1
2154 1
2230 1
2320 1
2394 1
2399 1
2472 1
2475 1
2569 1
2590 1
2675 1
2677 1
2762 1
2851 1
2944 1
2959 1
2960 1
2997 1
3048 1
3050 1
3051 1
3133 1
3141 1
3211 1
3218 1
3291 1
4022 1
4321 1
35580 1
35630 1
35687 1
35735 1
35737 1
35741 1
35829 1
35877 1
35935 1
36026 1
36066 1
36169 1
36221 1
36255 1
36310 1
36313 1
36340 1
36353 1
36412 1
36425 1
36504 1
36532 1
36650 1
36680 1
36688 1
37010 1
