pt_graph met
868 14
871 14
873 14
874 14
875 14
915 14
918 14
920 14
967 14
1020 14
1024 14
1082 14
1150 14
1152 14
1219 14
1221 14
1296 14
1378 14
1460 14
1547 14
1548 14
1549 14
1626 14
1627 14
1629 14
1664 14
1829 14
1893 14
1905 14
1920 14
1940 14
1997 14
2090 14
2091 14
2167 14
2184 14
2185 14
2186 14
2258 14
2272 14
2273 14
2290 14
2291 14
2349 14
2438 14
2522 14
2526 14
2537 14
2672 14
2673 14
2716 14
2718 14
2719 14
2742 14
2744 14
2786 14
2787 14
2789 14
2791 14
2816 14
2817 14
2857 14
2858 14
2859 14
2861 14
2862 14
2863 14
2909 14
2923 14
2924 14
2925 14
2927 14
2928 14
2929 14
2947 14
2973 14
2974 14
2985 14
2987 14
2988 14
2989 14
2990 14
2991 14
2992 14
3006 14
3008 14
3028 14
3034 14
3043 14
3047 14
3048 14
3049 14
3050 14
3051 14
3065 14
3093 14
3101 14
3102 14
3105 14
3106 14
3107 14
3108 14
3109 14
3146 14
3147 14
3153 14
3156 14
3157 14
3160 14
3161 14
3162 14
3163 14
3164 14
3176 14
3177 14
3208 14
3209 14
3210 14
3212 14
3213 14
3214 14
3219 14
3257 14
3260 14
3264 14
3265 14
3266 14
3267 14
3268 14
3291 14
3318 14
3319 14
3322 14
3323 14
3324 14
3326 14
3327 14
3328 14
3329 14
3333 14
3372 14
3374 14
3378 14
3379 14
3380 14
3381 14
3393 14
3423 14
3424 14
3425 14
3427 14
3428 14
3449 14
3452 14
3462 14
3466 14
3467 14
3469 14
3470 14
3488 14
3496 14
3498 14
3499 14
3502 14
3503 14
3504 14
3507 14
3534 14
3536 14
3538 14
3540 14
3541 14
3542 14
3577 14
3578 14
3579 14
3581 14
3582 14
3584 14
3585 14
3617 14
3618 14
3619 14
3620 14
3622 14
3623 14
3625 14
3659 14
3660 14
3661 14
3662 14
3663 14
3664 14
3665 14
3666 14
3700 14
3701 14
3702 14
3703 14
3704 14
3742 14
3743 14
3757 14
3777 14
3852 14
4190 14
4236 14
4293 14
4308 14
4488 14
4514 14
4515 14
4518 14
4541 14
4542 14
4572 14
4601 14
4631 14
4632 14
4633 14
4662 14
4668 14
4726 14
4727 14
4756 14
4757 14
4758 14
4768 14
4788 14
4789 14
4804 14
4805 14
4806 14
4825 14
4826 14
4841 14
4842 14
4843 14
4854 14
4863 14
4867 14
4884 14
4886 14
4910 14
4930 14
4974 14
4975 14
4976 14
5000 14
5002 14
5023 14
5042 14
5067 14
5074 14
5076 14
5085 14
5090 14
5091 14
5109 14
5110 14
5116 14
5127 14
5132 14
5133 14
5135 14
5156 14
5158 14
5173 14
5176 14
5210 14
5236 14
5248 14
5251 14
5275 14
5276 14
5314 14
5324 14
5351 14
5352 14
5390 14
5427 14
5463 14
5465 14
5466 14
5480 14
5502 14
5503 14
5504 14
5534 14
5542 14
5543 14
5574 14
5576 14
5582 14
5583 14
5584 14
5585 14
5613 14
5620 14
5622 14
5623 14
5624 14
5625 14
5660 14
5661 14
5663 14
5664 14
5703 14
5704 14
5705 14
