pt_graph shape
823 1
823 1
823 1
823 1
823 1
823 1
823 1
823 1
823 1
823 1
823 1
823 1
823 1
823 1
823 1
823 1
823 1
823 1
823 1
823 1
823 1
904 1
904 1
904 1
904 1
904 1
904 1
904 1
904 1
904 1
904 1
904 1
904 1
904 1
904 1
904 1
904 1
904 1
904 1
904 1
904 1
904 1
906 1
906 1
906 1
906 1
906 1
906 1
906 1
906 1
906 1
906 1
906 1
906 1
906 1
906 1
906 1
906 1
906 1
906 1
906 1
906 1
906 1
981 1
981 1
981 1
981 1
981 1
981 1
981 1
981 1
981 1
981 1
981 1
981 1
981 1
981 1
981 1
981 1
981 1
981 1
981 1
981 1
981 1
982 1
982 1
982 1
982 1
982 1
982 1
982 1
982 1
982 1
982 1
982 1
982 1
982 1
982 1
982 1
982 1
982 1
982 1
982 1
982 1
982 1
908 1
908 1
908 1
908 1
908 1
908 1
908 1
908 1
908 1
908 1
908 1
908 1
908 1
908 1
908 1
908 1
908 1
908 1
908 1
908 1
908 1
8861 1
8861 1
8861 1
8861 1
8861 1
8861 1
8861 1
8861 1
8861 1
8861 1
8861 1
8861 1
8861 1
8861 1
8861 1
8861 1
8861 1
8861 1
8861 1
8861 1
8861 1
1064 1
1064 1
1064 1
1064 1
1064 1
1064 1
1064 1
1064 1
1064 1
1064 1
1064 1
1064 1
1064 1
1064 1
1064 1
1064 1
1064 1
1064 1
1064 1
1064 1
1064 1
7979 1
7979 1
7979 1
7979 1
7979 1
7979 1
7979 1
7979 1
7979 1
7979 1
7979 1
7979 1
7979 1
7979 1
7979 1
7979 1
7979 1
7979 1
7979 1
7979 1
7979 1
989 1
989 1
989 1
989 1
989 1
989 1
989 1
989 1
989 1
989 1
989 1
989 1
989 1
989 1
989 1
989 1
989 1
989 1
989 1
989 1
989 1
990 1
990 1
990 1
990 1
990 1
990 1
990 1
990 1
990 1
990 1
990 1
990 1
990 1
990 1
990 1
990 1
990 1
990 1
990 1
990 1
990 1
1074 1
1074 1
1074 1
1074 1
1074 1
1074 1
1074 1
1074 1
1074 1
1074 1
1074 1
1074 1
1074 1
1074 1
1074 1
1074 1
1074 1
1074 1
1074 1
1074 1
1074 1
1152 1
1152 1
1152 1
1152 1
1152 1
1152 1
1152 1
1152 1
1152 1
1152 1
1152 1
1152 1
1152 1
1152 1
1152 1
1152 1
1152 1
1152 1
1152 1
1152 1
1152 1
1312 1
1312 1
1312 1
1312 1
1312 1
1312 1
1312 1
1312 1
1312 1
1312 1
1312 1
1312 1
1312 1
1312 1
1312 1
1312 1
1312 1
1312 1
1312 1
1312 1
1312 1
1160 1
1160 1
1160 1
1160 1
1160 1
1160 1
1160 1
1160 1
1160 1
1160 1
1160 1
1160 1
1160 1
1160 1
1160 1
1160 1
1160 1
1160 1
1160 1
1160 1
1160 1
1318 1
1318 1
1318 1
1318 1
1318 1
1318 1
1318 1
1318 1
1318 1
1318 1
1318 1
1318 1
1318 1
1318 1
1318 1
1318 1
1318 1
1318 1
1318 1
1318 1
1318 1
1461 1
1461 1
1461 1
1461 1
1461 1
1461 1
1461 1
1461 1
1461 1
1461 1
1461 1
1461 1
1461 1
1461 1
1461 1
1461 1
1461 1
1461 1
1461 1
1461 1
1461 1
1395 1
1395 1
1395 1
1395 1
1395 1
1395 1
1395 1
1395 1
1395 1
1395 1
1395 1
1395 1
1395 1
1395 1
1395 1
1395 1
1395 1
1395 1
1395 1
1395 1
1395 1
1396 1
1396 1
1396 1
1396 1
1396 1
1396 1
1396 1
1396 1
1396 1
1396 1
1396 1
1396 1
1396 1
1396 1
1396 1
1396 1
1396 1
1396 1
1396 1
1396 1
1396 1
1463 1
1463 1
1463 1
1463 1
1463 1
1463 1
1463 1
1463 1
1463 1
1463 1
1463 1
1463 1
1463 1
1463 1
1463 1
1463 1
1463 1
1463 1
1463 1
1463 1
1463 1
1464 1
1464 1
1464 1
1464 1
1464 1
1464 1
1464 1
1464 1
1464 1
1464 1
1464 1
1464 1
1464 1
1464 1
1464 1
1464 1
1464 1
1464 1
1464 1
1464 1
1464 1
1527 1
1527 1
1527 1
1527 1
1527 1
1527 1
1527 1
1527 1
1527 1
1527 1
1527 1
1527 1
1527 1
1527 1
1527 1
1527 1
1527 1
1527 1
1527 1
1527 1
1527 1
1596 1
1596 1
1596 1
1596 1
1596 1
1596 1
1596 1
1596 1
1596 1
1596 1
1596 1
1596 1
1596 1
1596 1
1596 1
1596 1
1596 1
1596 1
1596 1
1596 1
1596 1
1599 1
1599 1
1599 1
1599 1
1599 1
1599 1
1599 1
1599 1
1599 1
1599 1
1599 1
1599 1
1599 1
1599 1
1599 1
1599 1
1599 1
1599 1
1599 1
1599 1
1599 1
8882 1
8882 1
8882 1
8882 1
8882 1
8882 1
8882 1
8882 1
8882 1
8882 1
8882 1
8882 1
8882 1
8882 1
8882 1
8882 1
8882 1
8882 1
8882 1
8882 1
8882 1
1849 1
1849 1
1849 1
1849 1
1849 1
1849 1
1849 1
1849 1
1849 1
1849 1
1849 1
1849 1
1849 1
1849 1
1849 1
1849 1
1849 1
1849 1
1849 1
1849 1
1849 1
1720 1
1720 1
1720 1
1720 1
1720 1
1720 1
1720 1
1720 1
1720 1
1720 1
1720 1
1720 1
1720 1
1720 1
1720 1
1720 1
1720 1
1720 1
1720 1
1720 1
1720 1
8047 1
8047 1
8047 1
8047 1
8047 1
8047 1
8047 1
8047 1
8047 1
8047 1
8047 1
8047 1
8047 1
8047 1
8047 1
8047 1
8047 1
8047 1
8047 1
8047 1
8047 1
1786 1
1786 1
1786 1
1786 1
1786 1
1786 1
1786 1
1786 1
1786 1
1786 1
1786 1
1786 1
1786 1
1786 1
1786 1
1786 1
1786 1
1786 1
1786 1
1786 1
1786 1
2045 1
2045 1
2045 1
2045 1
2045 1
2045 1
2045 1
2045 1
2045 1
2045 1
2045 1
2045 1
2045 1
2045 1
2045 1
2045 1
2045 1
2045 1
2045 1
2045 1
2045 1
2047 1
2047 1
2047 1
2047 1
2047 1
2047 1
2047 1
2047 1
2047 1
2047 1
2047 1
2047 1
2047 1
2047 1
2047 1
2047 1
2047 1
2047 1
2047 1
2047 1
2047 1
8106 1
8106 1
8106 1
8106 1
8106 1
8106 1
8106 1
8106 1
8106 1
8106 1
8106 1
8106 1
8106 1
8106 1
8106 1
8106 1
8106 1
8106 1
8106 1
8106 1
8106 1
2167 1
2167 1
2167 1
2167 1
2167 1
2167 1
2167 1
2167 1
2167 1
2167 1
2167 1
2167 1
2167 1
2167 1
2167 1
2167 1
2167 1
2167 1
2167 1
2167 1
2167 1
2173 1
2173 1
2173 1
2173 1
2173 1
2173 1
2173 1
2173 1
2173 1
2173 1
2173 1
2173 1
2173 1
2173 1
2173 1
2173 1
2173 1
2173 1
2173 1
2173 1
2173 1
2221 1
2221 1
2221 1
2221 1
2221 1
2221 1
2221 1
2221 1
2221 1
2221 1
2221 1
2221 1
2221 1
2221 1
2221 1
2221 1
2221 1
2221 1
2221 1
2221 1
2221 1
2120 1
2120 1
2120 1
2120 1
2120 1
2120 1
2120 1
2120 1
2120 1
2120 1
2120 1
2120 1
2120 1
2120 1
2120 1
2120 1
2120 1
2120 1
2120 1
2120 1
2120 1
2223 1
2223 1
2223 1
2223 1
2223 1
2223 1
2223 1
2223 1
2223 1
2223 1
2223 1
2223 1
2223 1
2223 1
2223 1
2223 1
2223 1
2223 1
2223 1
2223 1
2223 1
2226 1
2226 1
2226 1
2226 1
2226 1
2226 1
2226 1
2226 1
2226 1
2226 1
2226 1
2226 1
2226 1
2226 1
2226 1
2226 1
2226 1
2226 1
2226 1
2226 1
2226 1
2285 1
2285 1
2285 1
2285 1
2285 1
2285 1
2285 1
2285 1
2285 1
2285 1
2285 1
2285 1
2285 1
2285 1
2285 1
2285 1
2285 1
2285 1
2285 1
2285 1
2285 1
2337 1
2337 1
2337 1
2337 1
2337 1
2337 1
2337 1
2337 1
2337 1
2337 1
2337 1
2337 1
2337 1
2337 1
2337 1
2337 1
2337 1
2337 1
2337 1
2337 1
2337 1
2386 1
2386 1
2386 1
2386 1
2386 1
2386 1
2386 1
2386 1
2386 1
2386 1
2386 1
2386 1
2386 1
2386 1
2386 1
2386 1
2386 1
2386 1
2386 1
2386 1
2386 1
2398 1
2398 1
2398 1
2398 1
2398 1
2398 1
2398 1
2398 1
2398 1
2398 1
2398 1
2398 1
2398 1
2398 1
2398 1
2398 1
2398 1
2398 1
2398 1
2398 1
2398 1
8284 1
8284 1
8284 1
8284 1
8284 1
8284 1
8284 1
8284 1
8284 1
8284 1
8284 1
8284 1
8284 1
8284 1
8284 1
8284 1
8284 1
8284 1
8284 1
8284 1
8284 1
2491 1
2491 1
2491 1
2491 1
2491 1
2491 1
2491 1
2491 1
2491 1
2491 1
2491 1
2491 1
2491 1
2491 1
2491 1
2491 1
2491 1
2491 1
2491 1
2491 1
2491 1
2492 1
2492 1
2492 1
2492 1
2492 1
2492 1
2492 1
2492 1
2492 1
2492 1
2492 1
2492 1
2492 1
2492 1
2492 1
2492 1
2492 1
2492 1
2492 1
2492 1
2492 1
2538 1
2538 1
2538 1
2538 1
2538 1
2538 1
2538 1
2538 1
2538 1
2538 1
2538 1
2538 1
2538 1
2538 1
2538 1
2538 1
2538 1
2538 1
2538 1
2538 1
2538 1
2541 1
2541 1
2541 1
2541 1
2541 1
2541 1
2541 1
2541 1
2541 1
2541 1
2541 1
2541 1
2541 1
2541 1
2541 1
2541 1
2541 1
2541 1
2541 1
2541 1
2541 1
2586 1
2586 1
2586 1
2586 1
2586 1
2586 1
2586 1
2586 1
2586 1
2586 1
2586 1
2586 1
2586 1
2586 1
2586 1
2586 1
2586 1
2586 1
2586 1
2586 1
2586 1
2590 1
2590 1
2590 1
2590 1
2590 1
2590 1
2590 1
2590 1
2590 1
2590 1
2590 1
2590 1
2590 1
2590 1
2590 1
2590 1
2590 1
2590 1
2590 1
2590 1
2590 1
2591 1
2591 1
2591 1
2591 1
2591 1
2591 1
2591 1
2591 1
2591 1
2591 1
2591 1
2591 1
2591 1
2591 1
2591 1
2591 1
2591 1
2591 1
2591 1
2591 1
2591 1
2595 1
2595 1
2595 1
2595 1
2595 1
2595 1
2595 1
2595 1
2595 1
2595 1
2595 1
2595 1
2595 1
2595 1
2595 1
2595 1
2595 1
2595 1
2595 1
2595 1
2595 1
2647 1
2647 1
2647 1
2647 1
2647 1
2647 1
2647 1
2647 1
2647 1
2647 1
2647 1
2647 1
2647 1
2647 1
2647 1
2647 1
2647 1
2647 1
2647 1
2647 1
2647 1
2698 1
2698 1
2698 1
2698 1
2698 1
2698 1
2698 1
2698 1
2698 1
2698 1
2698 1
2698 1
2698 1
2698 1
2698 1
2698 1
2698 1
2698 1
2698 1
2698 1
2698 1
2699 1
2699 1
2699 1
2699 1
2699 1
2699 1
2699 1
2699 1
2699 1
2699 1
2699 1
2699 1
2699 1
2699 1
2699 1
2699 1
2699 1
2699 1
2699 1
2699 1
2699 1
8972 1
8972 1
8972 1
8972 1
8972 1
8972 1
8972 1
8972 1
8972 1
8972 1
8972 1
8972 1
8972 1
8972 1
8972 1
8972 1
8972 1
8972 1
8972 1
8972 1
8972 1
2745 1
2745 1
2745 1
2745 1
2745 1
2745 1
2745 1
2745 1
2745 1
2745 1
2745 1
2745 1
2745 1
2745 1
2745 1
2745 1
2745 1
2745 1
2745 1
2745 1
2745 1
2746 1
2746 1
2746 1
2746 1
2746 1
2746 1
2746 1
2746 1
2746 1
2746 1
2746 1
2746 1
2746 1
2746 1
2746 1
2746 1
2746 1
2746 1
2746 1
2746 1
2746 1
2749 1
2749 1
2749 1
2749 1
2749 1
2749 1
2749 1
2749 1
2749 1
2749 1
2749 1
2749 1
2749 1
2749 1
2749 1
2749 1
2749 1
2749 1
2749 1
2749 1
2749 1
2800 1
2800 1
2800 1
2800 1
2800 1
2800 1
2800 1
2800 1
2800 1
2800 1
2800 1
2800 1
2800 1
2800 1
2800 1
2800 1
2800 1
2800 1
2800 1
2800 1
2800 1
8764 1
8764 1
8764 1
8764 1
8764 1
8764 1
8764 1
8764 1
8764 1
8764 1
8764 1
8764 1
8764 1
8764 1
8764 1
8764 1
8764 1
8764 1
8764 1
8764 1
8764 1
2801 1
2801 1
2801 1
2801 1
2801 1
2801 1
2801 1
2801 1
2801 1
2801 1
2801 1
2801 1
2801 1
2801 1
2801 1
2801 1
2801 1
2801 1
2801 1
2801 1
2801 1
2848 1
2848 1
2848 1
2848 1
2848 1
2848 1
2848 1
2848 1
2848 1
2848 1
2848 1
2848 1
2848 1
2848 1
2848 1
2848 1
2848 1
2848 1
2848 1
2848 1
2848 1
2850 1
2850 1
2850 1
2850 1
2850 1
2850 1
2850 1
2850 1
2850 1
2850 1
2850 1
2850 1
2850 1
2850 1
2850 1
2850 1
2850 1
2850 1
2850 1
2850 1
2850 1
2853 1
2853 1
2853 1
2853 1
2853 1
2853 1
2853 1
2853 1
2853 1
2853 1
2853 1
2853 1
2853 1
2853 1
2853 1
2853 1
2853 1
2853 1
2853 1
2853 1
2853 1
2901 1
2901 1
2901 1
2901 1
2901 1
2901 1
2901 1
2901 1
2901 1
2901 1
2901 1
2901 1
2901 1
2901 1
2901 1
2901 1
2901 1
2901 1
2901 1
2901 1
2901 1
2951 1
2951 1
2951 1
2951 1
2951 1
2951 1
2951 1
2951 1
2951 1
2951 1
2951 1
2951 1
2951 1
2951 1
2951 1
2951 1
2951 1
2951 1
2951 1
2951 1
2951 1
2854 1
2854 1
2854 1
2854 1
2854 1
2854 1
2854 1
2854 1
2854 1
2854 1
2854 1
2854 1
2854 1
2854 1
2854 1
2854 1
2854 1
2854 1
2854 1
2854 1
2854 1
2902 1
2902 1
2902 1
2902 1
2902 1
2902 1
2902 1
2902 1
2902 1
2902 1
2902 1
2902 1
2902 1
2902 1
2902 1
2902 1
2902 1
2902 1
2902 1
2902 1
2902 1
2909 1
2909 1
2909 1
2909 1
2909 1
2909 1
2909 1
2909 1
2909 1
2909 1
2909 1
2909 1
2909 1
2909 1
2909 1
2909 1
2909 1
2909 1
2909 1
2909 1
2909 1
3007 1
3007 1
3007 1
3007 1
3007 1
3007 1
3007 1
3007 1
3007 1
3007 1
3007 1
3007 1
3007 1
3007 1
3007 1
3007 1
3007 1
3007 1
3007 1
3007 1
3007 1
2962 1
2962 1
2962 1
2962 1
2962 1
2962 1
2962 1
2962 1
2962 1
2962 1
2962 1
2962 1
2962 1
2962 1
2962 1
2962 1
2962 1
2962 1
2962 1
2962 1
2962 1
2965 1
2965 1
2965 1
2965 1
2965 1
2965 1
2965 1
2965 1
2965 1
2965 1
2965 1
2965 1
2965 1
2965 1
2965 1
2965 1
2965 1
2965 1
2965 1
2965 1
2965 1
3017 1
3017 1
3017 1
3017 1
3017 1
3017 1
3017 1
3017 1
3017 1
3017 1
3017 1
3017 1
3017 1
3017 1
3017 1
3017 1
3017 1
3017 1
3017 1
3017 1
3017 1
3018 1
3018 1
3018 1
3018 1
3018 1
3018 1
3018 1
3018 1
3018 1
3018 1
3018 1
3018 1
3018 1
3018 1
3018 1
3018 1
3018 1
3018 1
3018 1
3018 1
3018 1
3019 1
3019 1
3019 1
3019 1
3019 1
3019 1
3019 1
3019 1
3019 1
3019 1
3019 1
3019 1
3019 1
3019 1
3019 1
3019 1
3019 1
3019 1
3019 1
3019 1
3019 1
3020 1
3020 1
3020 1
3020 1
3020 1
3020 1
3020 1
3020 1
3020 1
3020 1
3020 1
3020 1
3020 1
3020 1
3020 1
3020 1
3020 1
3020 1
3020 1
3020 1
3020 1
3073 1
3073 1
3073 1
3073 1
3073 1
3073 1
3073 1
3073 1
3073 1
3073 1
3073 1
3073 1
3073 1
3073 1
3073 1
3073 1
3073 1
3073 1
3073 1
3073 1
3073 1
8913 1
8913 1
8913 1
8913 1
8913 1
8913 1
8913 1
8913 1
8913 1
8913 1
8913 1
8913 1
8913 1
8913 1
8913 1
8913 1
8913 1
8913 1
8913 1
8913 1
8913 1
3123 1
3123 1
3123 1
3123 1
3123 1
3123 1
3123 1
3123 1
3123 1
3123 1
3123 1
3123 1
3123 1
3123 1
3123 1
3123 1
3123 1
3123 1
3123 1
3123 1
3123 1
3124 1
3124 1
3124 1
3124 1
3124 1
3124 1
3124 1
3124 1
3124 1
3124 1
3124 1
3124 1
3124 1
3124 1
3124 1
3124 1
3124 1
3124 1
3124 1
3124 1
3124 1
3125 1
3125 1
3125 1
3125 1
3125 1
3125 1
3125 1
3125 1
3125 1
3125 1
3125 1
3125 1
3125 1
3125 1
3125 1
3125 1
3125 1
3125 1
3125 1
3125 1
3125 1
3180 1
3180 1
3180 1
3180 1
3180 1
3180 1
3180 1
3180 1
3180 1
3180 1
3180 1
3180 1
3180 1
3180 1
3180 1
3180 1
3180 1
3180 1
3180 1
3180 1
3180 1
3181 1
3181 1
3181 1
3181 1
3181 1
3181 1
3181 1
3181 1
3181 1
3181 1
3181 1
3181 1
3181 1
3181 1
3181 1
3181 1
3181 1
3181 1
3181 1
3181 1
3181 1
3183 1
3183 1
3183 1
3183 1
3183 1
3183 1
3183 1
3183 1
3183 1
3183 1
3183 1
3183 1
3183 1
3183 1
3183 1
3183 1
3183 1
3183 1
3183 1
3183 1
3183 1
3184 1
3184 1
3184 1
3184 1
3184 1
3184 1
3184 1
3184 1
3184 1
3184 1
3184 1
3184 1
3184 1
3184 1
3184 1
3184 1
3184 1
3184 1
3184 1
3184 1
3184 1
3235 1
3235 1
3235 1
3235 1
3235 1
3235 1
3235 1
3235 1
3235 1
3235 1
3235 1
3235 1
3235 1
3235 1
3235 1
3235 1
3235 1
3235 1
3235 1
3235 1
3235 1
3236 1
3236 1
3236 1
3236 1
3236 1
3236 1
3236 1
3236 1
3236 1
3236 1
3236 1
3236 1
3236 1
3236 1
3236 1
3236 1
3236 1
3236 1
3236 1
3236 1
3236 1
3290 1
3290 1
3290 1
3290 1
3290 1
3290 1
3290 1
3290 1
3290 1
3290 1
3290 1
3290 1
3290 1
3290 1
3290 1
3290 1
3290 1
3290 1
3290 1
3290 1
3290 1
3292 1
3292 1
3292 1
3292 1
3292 1
3292 1
3292 1
3292 1
3292 1
3292 1
3292 1
3292 1
3292 1
3292 1
3292 1
3292 1
3292 1
3292 1
3292 1
3292 1
3292 1
3293 1
3293 1
3293 1
3293 1
3293 1
3293 1
3293 1
3293 1
3293 1
3293 1
3293 1
3293 1
3293 1
3293 1
3293 1
3293 1
3293 1
3293 1
3293 1
3293 1
3293 1
3295 1
3295 1
3295 1
3295 1
3295 1
3295 1
3295 1
3295 1
3295 1
3295 1
3295 1
3295 1
3295 1
3295 1
3295 1
3295 1
3295 1
3295 1
3295 1
3295 1
3295 1
3349 1
3349 1
3349 1
3349 1
3349 1
3349 1
3349 1
3349 1
3349 1
3349 1
3349 1
3349 1
3349 1
3349 1
3349 1
3349 1
3349 1
3349 1
3349 1
3349 1
3349 1
3351 1
3351 1
3351 1
3351 1
3351 1
3351 1
3351 1
3351 1
3351 1
3351 1
3351 1
3351 1
3351 1
3351 1
3351 1
3351 1
3351 1
3351 1
3351 1
3351 1
3351 1
3352 1
3352 1
3352 1
3352 1
3352 1
3352 1
3352 1
3352 1
3352 1
3352 1
3352 1
3352 1
3352 1
3352 1
3352 1
3352 1
3352 1
3352 1
3352 1
3352 1
3352 1
3411 1
3411 1
3411 1
3411 1
3411 1
3411 1
3411 1
3411 1
3411 1
3411 1
3411 1
3411 1
3411 1
3411 1
3411 1
3411 1
3411 1
3411 1
3411 1
3411 1
3411 1
3412 1
3412 1
3412 1
3412 1
3412 1
3412 1
3412 1
3412 1
3412 1
3412 1
3412 1
3412 1
3412 1
3412 1
3412 1
3412 1
3412 1
3412 1
3412 1
3412 1
3412 1
3541 1
3541 1
3541 1
3541 1
3541 1
3541 1
3541 1
3541 1
3541 1
3541 1
3541 1
3541 1
3541 1
3541 1
3541 1
3541 1
3541 1
3541 1
3541 1
3541 1
3541 1
3418 1
3418 1
3418 1
3418 1
3418 1
3418 1
3418 1
3418 1
3418 1
3418 1
3418 1
3418 1
3418 1
3418 1
3418 1
3418 1
3418 1
3418 1
3418 1
3418 1
3418 1
3480 1
3480 1
3480 1
3480 1
3480 1
3480 1
3480 1
3480 1
3480 1
3480 1
3480 1
3480 1
3480 1
3480 1
3480 1
3480 1
3480 1
3480 1
3480 1
3480 1
3480 1
3481 1
3481 1
3481 1
3481 1
3481 1
3481 1
3481 1
3481 1
3481 1
3481 1
3481 1
3481 1
3481 1
3481 1
3481 1
3481 1
3481 1
3481 1
3481 1
3481 1
3481 1
3484 1
3484 1
3484 1
3484 1
3484 1
3484 1
3484 1
3484 1
3484 1
3484 1
3484 1
3484 1
3484 1
3484 1
3484 1
3484 1
3484 1
3484 1
3484 1
3484 1
3484 1
3544 1
3544 1
3544 1
3544 1
3544 1
3544 1
3544 1
3544 1
3544 1
3544 1
3544 1
3544 1
3544 1
3544 1
3544 1
3544 1
3544 1
3544 1
3544 1
3544 1
3544 1
3485 1
3485 1
3485 1
3485 1
3485 1
3485 1
3485 1
3485 1
3485 1
3485 1
3485 1
3485 1
3485 1
3485 1
3485 1
3485 1
3485 1
3485 1
3485 1
3485 1
3485 1
3545 1
3545 1
3545 1
3545 1
3545 1
3545 1
3545 1
3545 1
3545 1
3545 1
3545 1
3545 1
3545 1
3545 1
3545 1
3545 1
3545 1
3545 1
3545 1
3545 1
3545 1
3486 1
3486 1
3486 1
3486 1
3486 1
3486 1
3486 1
3486 1
3486 1
3486 1
3486 1
3486 1
3486 1
3486 1
3486 1
3486 1
3486 1
3486 1
3486 1
3486 1
3486 1
3547 1
3547 1
3547 1
3547 1
3547 1
3547 1
3547 1
3547 1
3547 1
3547 1
3547 1
3547 1
3547 1
3547 1
3547 1
3547 1
3547 1
3547 1
3547 1
3547 1
3547 1
3679 1
3679 1
3679 1
3679 1
3679 1
3679 1
3679 1
3679 1
3679 1
3679 1
3679 1
3679 1
3679 1
3679 1
3679 1
3679 1
3679 1
3679 1
3679 1
3679 1
3679 1
3548 1
3548 1
3548 1
3548 1
3548 1
3548 1
3548 1
3548 1
3548 1
3548 1
3548 1
3548 1
3548 1
3548 1
3548 1
3548 1
3548 1
3548 1
3548 1
3548 1
3548 1
3549 1
3549 1
3549 1
3549 1
3549 1
3549 1
3549 1
3549 1
3549 1
3549 1
3549 1
3549 1
3549 1
3549 1
3549 1
3549 1
3549 1
3549 1
3549 1
3549 1
3549 1
3616 1
3616 1
3616 1
3616 1
3616 1
3616 1
3616 1
3616 1
3616 1
3616 1
3616 1
3616 1
3616 1
3616 1
3616 1
3616 1
3616 1
3616 1
3616 1
3616 1
3616 1
3617 1
3617 1
3617 1
3617 1
3617 1
3617 1
3617 1
3617 1
3617 1
3617 1
3617 1
3617 1
3617 1
3617 1
3617 1
3617 1
3617 1
3617 1
3617 1
3617 1
3617 1
3618 1
3618 1
3618 1
3618 1
3618 1
3618 1
3618 1
3618 1
3618 1
3618 1
3618 1
3618 1
3618 1
3618 1
3618 1
3618 1
3618 1
3618 1
3618 1
3618 1
3618 1
3619 1
3619 1
3619 1
3619 1
3619 1
3619 1
3619 1
3619 1
3619 1
3619 1
3619 1
3619 1
3619 1
3619 1
3619 1
3619 1
3619 1
3619 1
3619 1
3619 1
3619 1
3620 1
3620 1
3620 1
3620 1
3620 1
3620 1
3620 1
3620 1
3620 1
3620 1
3620 1
3620 1
3620 1
3620 1
3620 1
3620 1
3620 1
3620 1
3620 1
3620 1
3620 1
3621 1
3621 1
3621 1
3621 1
3621 1
3621 1
3621 1
3621 1
3621 1
3621 1
3621 1
3621 1
3621 1
3621 1
3621 1
3621 1
3621 1
3621 1
3621 1
3621 1
3621 1
3622 1
3622 1
3622 1
3622 1
3622 1
3622 1
3622 1
3622 1
3622 1
3622 1
3622 1
3622 1
3622 1
3622 1
3622 1
3622 1
3622 1
3622 1
3622 1
3622 1
3622 1
3688 1
3688 1
3688 1
3688 1
3688 1
3688 1
3688 1
3688 1
3688 1
3688 1
3688 1
3688 1
3688 1
3688 1
3688 1
3688 1
3688 1
3688 1
3688 1
3688 1
3688 1
3689 1
3689 1
3689 1
3689 1
3689 1
3689 1
3689 1
3689 1
3689 1
3689 1
3689 1
3689 1
3689 1
3689 1
3689 1
3689 1
3689 1
3689 1
3689 1
3689 1
3689 1
3691 1
3691 1
3691 1
3691 1
3691 1
3691 1
3691 1
3691 1
3691 1
3691 1
3691 1
3691 1
3691 1
3691 1
3691 1
3691 1
3691 1
3691 1
3691 1
3691 1
3691 1
3692 1
3692 1
3692 1
3692 1
3692 1
3692 1
3692 1
3692 1
3692 1
3692 1
3692 1
3692 1
3692 1
3692 1
3692 1
3692 1
3692 1
3692 1
3692 1
3692 1
3692 1
3760 1
3760 1
3760 1
3760 1
3760 1
3760 1
3760 1
3760 1
3760 1
3760 1
3760 1
3760 1
3760 1
3760 1
3760 1
3760 1
3760 1
3760 1
3760 1
3760 1
3760 1
3761 1
3761 1
3761 1
3761 1
3761 1
3761 1
3761 1
3761 1
3761 1
3761 1
3761 1
3761 1
3761 1
3761 1
3761 1
3761 1
3761 1
3761 1
3761 1
3761 1
3761 1
3902 1
3902 1
3902 1
3902 1
3902 1
3902 1
3902 1
3902 1
3902 1
3902 1
3902 1
3902 1
3902 1
3902 1
3902 1
3902 1
3902 1
3902 1
3902 1
3902 1
3902 1
3839 1
3839 1
3839 1
3839 1
3839 1
3839 1
3839 1
3839 1
3839 1
3839 1
3839 1
3839 1
3839 1
3839 1
3839 1
3839 1
3839 1
3839 1
3839 1
3839 1
3839 1
4127 1
4127 1
4127 1
4127 1
4127 1
4127 1
4127 1
4127 1
4127 1
4127 1
4127 1
4127 1
4127 1
4127 1
4127 1
4127 1
4127 1
4127 1
4127 1
4127 1
4127 1
4658 1
4658 1
4658 1
4658 1
4658 1
4658 1
4658 1
4658 1
4658 1
4658 1
4658 1
4658 1
4658 1
4658 1
4658 1
4658 1
4658 1
4658 1
4658 1
4658 1
4658 1
4820 1
4820 1
4820 1
4820 1
4820 1
4820 1
4820 1
4820 1
4820 1
4820 1
4820 1
4820 1
4820 1
4820 1
4820 1
4820 1
4820 1
4820 1
4820 1
4820 1
4820 1
4866 1
4866 1
4866 1
4866 1
4866 1
4866 1
4866 1
4866 1
4866 1
4866 1
4866 1
4866 1
4866 1
4866 1
4866 1
4866 1
4866 1
4866 1
4866 1
4866 1
4866 1
4868 1
4868 1
4868 1
4868 1
4868 1
4868 1
4868 1
4868 1
4868 1
4868 1
4868 1
4868 1
4868 1
4868 1
4868 1
4868 1
4868 1
4868 1
4868 1
4868 1
4868 1
4956 1
4956 1
4956 1
4956 1
4956 1
4956 1
4956 1
4956 1
4956 1
4956 1
4956 1
4956 1
4956 1
4956 1
4956 1
4956 1
4956 1
4956 1
4956 1
4956 1
4956 1
4965 1
4965 1
4965 1
4965 1
4965 1
4965 1
4965 1
4965 1
4965 1
4965 1
4965 1
4965 1
4965 1
4965 1
4965 1
4965 1
4965 1
4965 1
4965 1
4965 1
4965 1
5140 1
5140 1
5140 1
5140 1
5140 1
5140 1
5140 1
5140 1
5140 1
5140 1
5140 1
5140 1
5140 1
5140 1
5140 1
5140 1
5140 1
5140 1
5140 1
5140 1
5140 1
