pt_graph cpue_kghour
1396 418.104831492066
1396 418.104831492066
1396 418.104831492066
1396 16.2976506140842
1396 46.407466436374
1396 46.407466436374
1396 0.208960843373494
1396 0.208960843373494
1396 0.120625281164897
1396 0
1396 0
1396 0.160325333507038
1396 28.3919163700434
1396 28.3919163700434
1396 0
1396 0.77906543442073
1396 0
1396 0
1396 1.0345236079077
1396 18.8755115600355
1396 18.8755115600355
2446 418.104831492066
2446 418.104831492066
2446 418.104831492066
2446 16.2976506140842
2446 46.407466436374
2446 46.407466436374
2446 0.208960843373494
2446 0.208960843373494
2446 0.120625281164897
2446 0
2446 0
2446 0.160325333507038
2446 28.3919163700434
2446 28.3919163700434
2446 0
2446 0.77906543442073
2446 0
2446 0
2446 1.0345236079077
2446 18.8755115600355
2446 18.8755115600355
2489 418.104831492066
2489 418.104831492066
2489 418.104831492066
2489 16.2976506140842
2489 46.407466436374
2489 46.407466436374
2489 0.208960843373494
2489 0.208960843373494
2489 0.120625281164897
2489 0
2489 0
2489 0.160325333507038
2489 28.3919163700434
2489 28.3919163700434
2489 0
2489 0.77906543442073
2489 0
2489 0
2489 1.0345236079077
2489 18.8755115600355
2489 18.8755115600355
2589 418.104831492066
2589 418.104831492066
2589 418.104831492066
2589 16.2976506140842
2589 46.407466436374
2589 46.407466436374
2589 0.208960843373494
2589 0.208960843373494
2589 0.120625281164897
2589 0
2589 0
2589 0.160325333507038
2589 28.3919163700434
2589 28.3919163700434
2589 0
2589 0.77906543442073
2589 0
2589 0
2589 1.0345236079077
2589 18.8755115600355
2589 18.8755115600355
2597 418.104831492066
2597 418.104831492066
2597 418.104831492066
2597 16.2976506140842
2597 46.407466436374
2597 46.407466436374
2597 0.208960843373494
2597 0.208960843373494
2597 0.120625281164897
2597 0
2597 0
2597 0.160325333507038
2597 28.3919163700434
2597 28.3919163700434
2597 0
2597 0.77906543442073
2597 0
2597 0
2597 1.0345236079077
2597 18.8755115600355
2597 18.8755115600355
2643 418.104831492066
2643 418.104831492066
2643 418.104831492066
2643 16.2976506140842
2643 46.407466436374
2643 46.407466436374
2643 0.208960843373494
2643 0.208960843373494
2643 0.120625281164897
2643 0
2643 0
2643 0.160325333507038
2643 28.3919163700434
2643 28.3919163700434
2643 0
2643 0.77906543442073
2643 0
2643 0
2643 1.0345236079077
2643 18.8755115600355
2643 18.8755115600355
2647 418.104831492066
2647 418.104831492066
2647 418.104831492066
2647 16.2976506140842
2647 46.407466436374
2647 46.407466436374
2647 0.208960843373494
2647 0.208960843373494
2647 0.120625281164897
2647 0
2647 0
2647 0.160325333507038
2647 28.3919163700434
2647 28.3919163700434
2647 0
2647 0.77906543442073
2647 0
2647 0
2647 1.0345236079077
2647 18.8755115600355
2647 18.8755115600355
2799 418.104831492066
2799 418.104831492066
2799 418.104831492066
2799 16.2976506140842
2799 46.407466436374
2799 46.407466436374
2799 0.208960843373494
2799 0.208960843373494
2799 0.120625281164897
2799 0
2799 0
2799 0.160325333507038
2799 28.3919163700434
2799 28.3919163700434
2799 0
2799 0.77906543442073
2799 0
2799 0
2799 1.0345236079077
2799 18.8755115600355
2799 18.8755115600355
2853 418.104831492066
2853 418.104831492066
2853 418.104831492066
2853 16.2976506140842
2853 46.407466436374
2853 46.407466436374
2853 0.208960843373494
2853 0.208960843373494
2853 0.120625281164897
2853 0
2853 0
2853 0.160325333507038
2853 28.3919163700434
2853 28.3919163700434
2853 0
2853 0.77906543442073
2853 0
2853 0
2853 1.0345236079077
2853 18.8755115600355
2853 18.8755115600355
2908 418.104831492066
2908 418.104831492066
2908 418.104831492066
2908 16.2976506140842
2908 46.407466436374
2908 46.407466436374
2908 0.208960843373494
2908 0.208960843373494
2908 0.120625281164897
2908 0
2908 0
2908 0.160325333507038
2908 28.3919163700434
2908 28.3919163700434
2908 0
2908 0.77906543442073
2908 0
2908 0
2908 1.0345236079077
2908 18.8755115600355
2908 18.8755115600355
2909 418.104831492066
2909 418.104831492066
2909 418.104831492066
2909 16.2976506140842
2909 46.407466436374
2909 46.407466436374
2909 0.208960843373494
2909 0.208960843373494
2909 0.120625281164897
2909 0
2909 0
2909 0.160325333507038
2909 28.3919163700434
2909 28.3919163700434
2909 0
2909 0.77906543442073
2909 0
2909 0
2909 1.0345236079077
2909 18.8755115600355
2909 18.8755115600355
2965 418.104831492066
2965 418.104831492066
2965 418.104831492066
2965 16.2976506140842
2965 46.407466436374
2965 46.407466436374
2965 0.208960843373494
2965 0.208960843373494
2965 0.120625281164897
2965 0
2965 0
2965 0.160325333507038
2965 28.3919163700434
2965 28.3919163700434
2965 0
2965 0.77906543442073
2965 0
2965 0
2965 1.0345236079077
2965 18.8755115600355
2965 18.8755115600355
3017 418.104831492066
3017 418.104831492066
3017 418.104831492066
3017 16.2976506140842
3017 46.407466436374
3017 46.407466436374
3017 0.208960843373494
3017 0.208960843373494
3017 0.120625281164897
3017 0
3017 0
3017 0.160325333507038
3017 28.3919163700434
3017 28.3919163700434
3017 0
3017 0.77906543442073
3017 0
3017 0
3017 1.0345236079077
3017 18.8755115600355
3017 18.8755115600355
3018 418.104831492066
3018 418.104831492066
3018 418.104831492066
3018 16.2976506140842
3018 46.407466436374
3018 46.407466436374
3018 0.208960843373494
3018 0.208960843373494
3018 0.120625281164897
3018 0
3018 0
3018 0.160325333507038
3018 28.3919163700434
3018 28.3919163700434
3018 0
3018 0.77906543442073
3018 0
3018 0
3018 1.0345236079077
3018 18.8755115600355
3018 18.8755115600355
8767 418.104831492066
8767 418.104831492066
8767 418.104831492066
8767 16.2976506140842
8767 46.407466436374
8767 46.407466436374
8767 0.208960843373494
8767 0.208960843373494
8767 0.120625281164897
8767 0
8767 0
8767 0.160325333507038
8767 28.3919163700434
8767 28.3919163700434
8767 0
8767 0.77906543442073
8767 0
8767 0
8767 1.0345236079077
8767 18.8755115600355
8767 18.8755115600355
3124 418.104831492066
3124 418.104831492066
3124 418.104831492066
3124 16.2976506140842
3124 46.407466436374
3124 46.407466436374
3124 0.208960843373494
3124 0.208960843373494
3124 0.120625281164897
3124 0
3124 0
3124 0.160325333507038
3124 28.3919163700434
3124 28.3919163700434
3124 0
3124 0.77906543442073
3124 0
3124 0
3124 1.0345236079077
3124 18.8755115600355
3124 18.8755115600355
3125 418.104831492066
3125 418.104831492066
3125 418.104831492066
3125 16.2976506140842
3125 46.407466436374
3125 46.407466436374
3125 0.208960843373494
3125 0.208960843373494
3125 0.120625281164897
3125 0
3125 0
3125 0.160325333507038
3125 28.3919163700434
3125 28.3919163700434
3125 0
3125 0.77906543442073
3125 0
3125 0
3125 1.0345236079077
3125 18.8755115600355
3125 18.8755115600355
3180 418.104831492066
3180 418.104831492066
3180 418.104831492066
3180 16.2976506140842
3180 46.407466436374
3180 46.407466436374
3180 0.208960843373494
3180 0.208960843373494
3180 0.120625281164897
3180 0
3180 0
3180 0.160325333507038
3180 28.3919163700434
3180 28.3919163700434
3180 0
3180 0.77906543442073
3180 0
3180 0
3180 1.0345236079077
3180 18.8755115600355
3180 18.8755115600355
3184 418.104831492066
3184 418.104831492066
3184 418.104831492066
3184 16.2976506140842
3184 46.407466436374
3184 46.407466436374
3184 0.208960843373494
3184 0.208960843373494
3184 0.120625281164897
3184 0
3184 0
3184 0.160325333507038
3184 28.3919163700434
3184 28.3919163700434
3184 0
3184 0.77906543442073
3184 0
3184 0
3184 1.0345236079077
3184 18.8755115600355
3184 18.8755115600355
3350 418.104831492066
3350 418.104831492066
3350 418.104831492066
3350 16.2976506140842
3350 46.407466436374
3350 46.407466436374
3350 0.208960843373494
3350 0.208960843373494
3350 0.120625281164897
3350 0
3350 0
3350 0.160325333507038
3350 28.3919163700434
3350 28.3919163700434
3350 0
3350 0.77906543442073
3350 0
3350 0
3350 1.0345236079077
3350 18.8755115600355
3350 18.8755115600355
3411 418.104831492066
3411 418.104831492066
3411 418.104831492066
3411 16.2976506140842
3411 46.407466436374
3411 46.407466436374
3411 0.208960843373494
3411 0.208960843373494
3411 0.120625281164897
3411 0
3411 0
3411 0.160325333507038
3411 28.3919163700434
3411 28.3919163700434
3411 0
3411 0.77906543442073
3411 0
3411 0
3411 1.0345236079077
3411 18.8755115600355
3411 18.8755115600355
3480 418.104831492066
3480 418.104831492066
3480 418.104831492066
3480 16.2976506140842
3480 46.407466436374
3480 46.407466436374
3480 0.208960843373494
3480 0.208960843373494
3480 0.120625281164897
3480 0
3480 0
3480 0.160325333507038
3480 28.3919163700434
3480 28.3919163700434
3480 0
3480 0.77906543442073
3480 0
3480 0
3480 1.0345236079077
3480 18.8755115600355
3480 18.8755115600355
3484 418.104831492066
3484 418.104831492066
3484 418.104831492066
3484 16.2976506140842
3484 46.407466436374
3484 46.407466436374
3484 0.208960843373494
3484 0.208960843373494
3484 0.120625281164897
3484 0
3484 0
3484 0.160325333507038
3484 28.3919163700434
3484 28.3919163700434
3484 0
3484 0.77906543442073
3484 0
3484 0
3484 1.0345236079077
3484 18.8755115600355
3484 18.8755115600355
3544 418.104831492066
3544 418.104831492066
3544 418.104831492066
3544 16.2976506140842
3544 46.407466436374
3544 46.407466436374
3544 0.208960843373494
3544 0.208960843373494
3544 0.120625281164897
3544 0
3544 0
3544 0.160325333507038
3544 28.3919163700434
3544 28.3919163700434
3544 0
3544 0.77906543442073
3544 0
3544 0
3544 1.0345236079077
3544 18.8755115600355
3544 18.8755115600355
3546 418.104831492066
3546 418.104831492066
3546 418.104831492066
3546 16.2976506140842
3546 46.407466436374
3546 46.407466436374
3546 0.208960843373494
3546 0.208960843373494
3546 0.120625281164897
3546 0
3546 0
3546 0.160325333507038
3546 28.3919163700434
3546 28.3919163700434
3546 0
3546 0.77906543442073
3546 0
3546 0
3546 1.0345236079077
3546 18.8755115600355
3546 18.8755115600355
3547 418.104831492066
3547 418.104831492066
3547 418.104831492066
3547 16.2976506140842
3547 46.407466436374
3547 46.407466436374
3547 0.208960843373494
3547 0.208960843373494
3547 0.120625281164897
3547 0
3547 0
3547 0.160325333507038
3547 28.3919163700434
3547 28.3919163700434
3547 0
3547 0.77906543442073
3547 0
3547 0
3547 1.0345236079077
3547 18.8755115600355
3547 18.8755115600355
3548 418.104831492066
3548 418.104831492066
3548 418.104831492066
3548 16.2976506140842
3548 46.407466436374
3548 46.407466436374
3548 0.208960843373494
3548 0.208960843373494
3548 0.120625281164897
3548 0
3548 0
3548 0.160325333507038
3548 28.3919163700434
3548 28.3919163700434
3548 0
3548 0.77906543442073
3548 0
3548 0
3548 1.0345236079077
3548 18.8755115600355
3548 18.8755115600355
3549 418.104831492066
3549 418.104831492066
3549 418.104831492066
3549 16.2976506140842
3549 46.407466436374
3549 46.407466436374
3549 0.208960843373494
3549 0.208960843373494
3549 0.120625281164897
3549 0
3549 0
3549 0.160325333507038
3549 28.3919163700434
3549 28.3919163700434
3549 0
3549 0.77906543442073
3549 0
3549 0
3549 1.0345236079077
3549 18.8755115600355
3549 18.8755115600355
3550 418.104831492066
3550 418.104831492066
3550 418.104831492066
3550 16.2976506140842
3550 46.407466436374
3550 46.407466436374
3550 0.208960843373494
3550 0.208960843373494
3550 0.120625281164897
3550 0
3550 0
3550 0.160325333507038
3550 28.3919163700434
3550 28.3919163700434
3550 0
3550 0.77906543442073
3550 0
3550 0
3550 1.0345236079077
3550 18.8755115600355
3550 18.8755115600355
3617 418.104831492066
3617 418.104831492066
3617 418.104831492066
3617 16.2976506140842
3617 46.407466436374
3617 46.407466436374
3617 0.208960843373494
3617 0.208960843373494
3617 0.120625281164897
3617 0
3617 0
3617 0.160325333507038
3617 28.3919163700434
3617 28.3919163700434
3617 0
3617 0.77906543442073
3617 0
3617 0
3617 1.0345236079077
3617 18.8755115600355
3617 18.8755115600355
3618 418.104831492066
3618 418.104831492066
3618 418.104831492066
3618 16.2976506140842
3618 46.407466436374
3618 46.407466436374
3618 0.208960843373494
3618 0.208960843373494
3618 0.120625281164897
3618 0
3618 0
3618 0.160325333507038
3618 28.3919163700434
3618 28.3919163700434
3618 0
3618 0.77906543442073
3618 0
3618 0
3618 1.0345236079077
3618 18.8755115600355
3618 18.8755115600355
3620 418.104831492066
3620 418.104831492066
3620 418.104831492066
3620 16.2976506140842
3620 46.407466436374
3620 46.407466436374
3620 0.208960843373494
3620 0.208960843373494
3620 0.120625281164897
3620 0
3620 0
3620 0.160325333507038
3620 28.3919163700434
3620 28.3919163700434
3620 0
3620 0.77906543442073
3620 0
3620 0
3620 1.0345236079077
3620 18.8755115600355
3620 18.8755115600355
3621 418.104831492066
3621 418.104831492066
3621 418.104831492066
3621 16.2976506140842
3621 46.407466436374
3621 46.407466436374
3621 0.208960843373494
3621 0.208960843373494
3621 0.120625281164897
3621 0
3621 0
3621 0.160325333507038
3621 28.3919163700434
3621 28.3919163700434
3621 0
3621 0.77906543442073
3621 0
3621 0
3621 1.0345236079077
3621 18.8755115600355
3621 18.8755115600355
3691 418.104831492066
3691 418.104831492066
3691 418.104831492066
3691 16.2976506140842
3691 46.407466436374
3691 46.407466436374
3691 0.208960843373494
3691 0.208960843373494
3691 0.120625281164897
3691 0
3691 0
3691 0.160325333507038
3691 28.3919163700434
3691 28.3919163700434
3691 0
3691 0.77906543442073
3691 0
3691 0
3691 1.0345236079077
3691 18.8755115600355
3691 18.8755115600355
3692 418.104831492066
3692 418.104831492066
3692 418.104831492066
3692 16.2976506140842
3692 46.407466436374
3692 46.407466436374
3692 0.208960843373494
3692 0.208960843373494
3692 0.120625281164897
3692 0
3692 0
3692 0.160325333507038
3692 28.3919163700434
3692 28.3919163700434
3692 0
3692 0.77906543442073
3692 0
3692 0
3692 1.0345236079077
3692 18.8755115600355
3692 18.8755115600355
