pt_graph met
1106 10
1106 14
1396 10
1396 14
1442 10
1442 14
1480 10
1480 14
1488 10
1488 14
1529 10
1529 14
1533 10
1533 14
1577 10
1577 14
1579 10
1579 14
1582 10
1582 14
1584 10
1584 14
1585 10
1585 14
1625 10
1625 14
1627 10
1627 14
1628 10
1628 14
1629 10
1629 14
1630 10
1630 14
1632 10
1632 14
1677 10
1677 14
1679 10
1679 14
1680 10
1680 14
1733 10
1733 14
1734 10
1734 14
1737 10
1737 14
1738 10
1738 14
1792 10
1792 14
1860 10
1860 14
1862 10
1862 14
1929 10
1929 14
1931 10
1931 14
2001 10
2001 14
2006 10
2006 14
2008 10
2008 14
2088 10
2088 14
2089 10
2089 14
2172 10
2172 14
2173 10
2173 14
2175 10
2175 14
2255 10
2255 14
2257 10
2257 14
2258 10
2258 14
2259 10
2259 14
2337 10
2337 14
2343 10
2343 14
2419 10
2419 14
2509 10
2509 14
2526 10
2526 14
2539 10
2539 14
2594 10
2594 14
2609 10
2609 14
2613 10
2613 14
2615 10
2615 14
2630 10
2630 14
2701 10
2701 14
2706 10
2706 14
2707 10
2707 14
2779 10
2779 14
2785 10
2785 14
2800 10
2800 14
2801 10
2801 14
2817 10
2817 14
2819 10
2819 14
2876 10
2876 14
2877 10
2877 14
2890 10
2890 14
2894 10
2894 14
2896 10
2896 14
2910 10
2910 14
2968 10
2968 14
2982 10
2982 14
2983 10
2983 14
2984 10
2984 14
3000 10
3000 14
3059 10
3059 14
3069 10
3069 14
3074 10
3074 14
3086 10
3086 14
3148 10
3148 14
3150 10
3150 14
3232 10
3232 14
3262 10
3262 14
3309 10
3309 14
3310 10
3310 14
3382 10
3382 14
3383 10
3383 14
3384 10
3384 14
3386 10
3386 14
3412 10
3412 14
3426 10
3426 14
3452 10
3452 14
3454 10
3454 14
3457 10
3457 14
3482 10
3482 14
3484 10
3484 14
3496 10
3496 14
3497 10
3497 14
3526 10
3526 14
3527 10
3527 14
3528 10
3528 14
3529 10
3529 14
3530 10
3530 14
3532 10
3532 14
3545 10
3545 14
3566 10
3566 14
3567 10
3567 14
3568 10
3568 14
3592 10
3592 14
3593 10
3593 14
3594 10
3594 14
3595 10
3595 14
3596 10
3596 14
3633 10
3633 14
3634 10
3634 14
3656 10
3656 14
3657 10
3657 14
3660 10
3660 14
3683 10
3683 14
3695 10
3695 14
3697 10
3697 14
3716 10
3716 14
3738 10
3738 14
3742 10
3742 14
3744 10
3744 14
3745 10
3745 14
3753 10
3753 14
3775 10
3775 14
3799 10
3799 14
3800 10
3800 14
3802 10
3802 14
3803 10
3803 14
3804 10
3804 14
3805 10
3805 14
3811 10
3811 14
3815 10
3815 14
3831 10
3831 14
3833 10
3833 14
3859 10
3859 14
3865 10
3865 14
3866 10
3866 14
3867 10
3867 14
3885 10
3885 14
3888 10
3888 14
3912 10
3912 14
3913 10
3913 14
3916 10
3916 14
3918 10
3918 14
3919 10
3919 14
3920 10
3920 14
3921 10
3921 14
3922 10
3922 14
3923 10
3923 14
3924 10
3924 14
3941 10
3941 14
3969 10
3969 14
3970 10
3970 14
3971 10
3971 14
3973 10
3973 14
3974 10
3974 14
3975 10
3975 14
3976 10
3976 14
3977 10
3977 14
3978 10
3978 14
4002 10
4002 14
4024 10
4024 14
4025 10
4025 14
4027 10
4027 14
4028 10
4028 14
4030 10
4030 14
4031 10
4031 14
4032 10
4032 14
4033 10
4033 14
4037 10
4037 14
4038 10
4038 14
4039 10
4039 14
4054 10
4054 14
4074 10
4074 14
4075 10
4075 14
4077 10
4077 14
4078 10
4078 14
4083 10
4083 14
4084 10
4084 14
4085 10
4085 14
4088 10
4088 14
4089 10
4089 14
4090 10
4090 14
4117 10
4117 14
4120 10
4120 14
4121 10
4121 14
4123 10
4123 14
4127 10
4127 14
4133 10
4133 14
4134 10
4134 14
4162 10
4162 14
4163 10
4163 14
4164 10
4164 14
4169 10
4169 14
4171 10
4171 14
4172 10
4172 14
4173 10
4173 14
4176 10
4176 14
4177 10
4177 14
4185 10
4185 14
4198 10
4198 14
4199 10
4199 14
4200 10
4200 14
4206 10
4206 14
4208 10
4208 14
4209 10
4209 14
4210 10
4210 14
4212 10
4212 14
4213 10
4213 14
4214 10
4214 14
4237 10
4237 14
4244 10
4244 14
4246 10
4246 14
4247 10
4247 14
4248 10
4248 14
4250 10
4250 14
4251 10
4251 14
4279 10
4279 14
4281 10
4281 14
4284 10
4284 14
4287 10
4287 14
4288 10
4288 14
4289 10
4289 14
4290 10
4290 14
4291 10
4291 14
4292 10
4292 14
4294 10
4294 14
4325 10
4325 14
4326 10
4326 14
4327 10
4327 14
4328 10
4328 14
4329 10
4329 14
4330 10
4330 14
4331 10
4331 14
4332 10
4332 14
4333 10
4333 14
4335 10
4335 14
4368 10
4368 14
4369 10
4369 14
4370 10
4370 14
4371 10
4371 14
4372 10
4372 14
4373 10
4373 14
4374 10
4374 14
4375 10
4375 14
4376 10
4376 14
4382 10
4382 14
4396 10
4396 14
4408 10
4408 14
4410 10
4410 14
4411 10
4411 14
4412 10
4412 14
4413 10
4413 14
4414 10
4414 14
4442 10
4442 14
4451 10
4451 14
4471 10
4471 14
4524 10
4524 14
4563 10
4563 14
4583 10
4583 14
4584 10
4584 14
4609 10
4609 14
4691 10
4691 14
4723 10
4723 14
4767 10
4767 14
4839 10
4839 14
4843 10
4843 14
4874 10
4874 14
4878 10
4878 14
4879 10
4879 14
4925 10
4925 14
4944 10
4944 14
4965 10
4965 14
4987 10
4987 14
5003 10
5003 14
5018 10
5018 14
5031 10
5031 14
5034 10
5034 14
5048 10
5048 14
5062 10
5062 14
5063 10
5063 14
5087 10
5087 14
5105 10
5105 14
5130 10
5130 14
5133 10
5133 14
5149 10
5149 14
5159 10
5159 14
5170 10
5170 14
5174 10
5174 14
5180 10
5180 14
5181 10
5181 14
5193 10
5193 14
5197 10
5197 14
5198 10
5198 14
5199 10
5199 14
5203 10
5203 14
5224 10
5224 14
5228 10
5228 14
5251 10
5251 14
5254 10
5254 14
5255 10
5255 14
5257 10
5257 14
5262 10
5262 14
5279 10
5279 14
5280 10
5280 14
5282 10
5282 14
5285 10
5285 14
5299 10
5299 14
5309 10
5309 14
5310 10
5310 14
5311 10
5311 14
5335 10
5335 14
5340 10
5340 14
5341 10
5341 14
5342 10
5342 14
5343 10
5343 14
5348 10
5348 14
5372 10
5372 14
5373 10
5373 14
5376 10
5376 14
5403 10
5403 14
5405 10
5405 14
5409 10
5409 14
5435 10
5435 14
5441 10
5441 14
5448 10
5448 14
5466 10
5466 14
5469 10
5469 14
5497 10
5497 14
5498 10
5498 14
5499 10
5499 14
5500 10
5500 14
5501 10
5501 14
5514 10
5514 14
5515 10
5515 14
5516 10
5516 14
5535 10
5535 14
5536 10
5536 14
5537 10
5537 14
5539 10
5539 14
5550 10
5550 14
5551 10
5551 14
5552 10
5552 14
5553 10
5553 14
5564 10
5564 14
5577 10
5577 14
5579 10
5579 14
5593 10
5593 14
5594 10
5594 14
5595 10
5595 14
5596 10
5596 14
5617 10
5617 14
5620 10
5620 14
5638 10
5638 14
5639 10
5639 14
5640 10
5640 14
5651 10
5651 14
5667 10
5667 14
5684 10
5684 14
5685 10
5685 14
5686 10
5686 14
5706 10
5706 14
5733 10
5733 14
5750 10
5750 14
5751 10
5751 14
5752 10
5752 14
5828 10
5828 14
