pt_graph cpue_kghour
981 220.545339215718
981 220.545339215718
981 220.545339215718
981 8.92722943433133
981 25.3050304330572
981 25.3050304330572
981 0.166258346232527
981 0.166258346232527
981 0.104504418681071
981 0
981 0
981 0.0832249328304159
981 16.8602220210468
981 16.8602220210468
981 0
981 0.77661884864794
981 0
981 0
981 0.888014056052162
981 9.54812026272255
981 9.54812026272255
982 220.545339215718
982 220.545339215718
982 220.545339215718
982 8.92722943433133
982 25.3050304330572
982 25.3050304330572
982 0.166258346232527
982 0.166258346232527
982 0.104504418681071
982 0
982 0
982 0.0832249328304159
982 16.8602220210468
982 16.8602220210468
982 0
982 0.77661884864794
982 0
982 0
982 0.888014056052162
982 9.54812026272255
982 9.54812026272255
8860 220.545339215718
8860 220.545339215718
8860 220.545339215718
8860 8.92722943433133
8860 25.3050304330572
8860 25.3050304330572
8860 0.166258346232527
8860 0.166258346232527
8860 0.104504418681071
8860 0
8860 0
8860 0.0832249328304159
8860 16.8602220210468
8860 16.8602220210468
8860 0
8860 0.77661884864794
8860 0
8860 0
8860 0.888014056052162
8860 9.54812026272255
8860 9.54812026272255
984 220.545339215718
984 220.545339215718
984 220.545339215718
984 8.92722943433133
984 25.3050304330572
984 25.3050304330572
984 0.166258346232527
984 0.166258346232527
984 0.104504418681071
984 0
984 0
984 0.0832249328304159
984 16.8602220210468
984 16.8602220210468
984 0
984 0.77661884864794
984 0
984 0
984 0.888014056052162
984 9.54812026272255
984 9.54812026272255
1063 220.545339215718
1063 220.545339215718
1063 220.545339215718
1063 8.92722943433133
1063 25.3050304330572
1063 25.3050304330572
1063 0.166258346232527
1063 0.166258346232527
1063 0.104504418681071
1063 0
1063 0
1063 0.0832249328304159
1063 16.8602220210468
1063 16.8602220210468
1063 0
1063 0.77661884864794
1063 0
1063 0
1063 0.888014056052162
1063 9.54812026272255
1063 9.54812026272255
1064 220.545339215718
1064 220.545339215718
1064 220.545339215718
1064 8.92722943433133
1064 25.3050304330572
1064 25.3050304330572
1064 0.166258346232527
1064 0.166258346232527
1064 0.104504418681071
1064 0
1064 0
1064 0.0832249328304159
1064 16.8602220210468
1064 16.8602220210468
1064 0
1064 0.77661884864794
1064 0
1064 0
1064 0.888014056052162
1064 9.54812026272255
1064 9.54812026272255
1067 220.545339215718
1067 220.545339215718
1067 220.545339215718
1067 8.92722943433133
1067 25.3050304330572
1067 25.3050304330572
1067 0.166258346232527
1067 0.166258346232527
1067 0.104504418681071
1067 0
1067 0
1067 0.0832249328304159
1067 16.8602220210468
1067 16.8602220210468
1067 0
1067 0.77661884864794
1067 0
1067 0
1067 0.888014056052162
1067 9.54812026272255
1067 9.54812026272255
1071 220.545339215718
1071 220.545339215718
1071 220.545339215718
1071 8.92722943433133
1071 25.3050304330572
1071 25.3050304330572
1071 0.166258346232527
1071 0.166258346232527
1071 0.104504418681071
1071 0
1071 0
1071 0.0832249328304159
1071 16.8602220210468
1071 16.8602220210468
1071 0
1071 0.77661884864794
1071 0
1071 0
1071 0.888014056052162
1071 9.54812026272255
1071 9.54812026272255
1231 220.545339215718
1231 220.545339215718
1231 220.545339215718
1231 8.92722943433133
1231 25.3050304330572
1231 25.3050304330572
1231 0.166258346232527
1231 0.166258346232527
1231 0.104504418681071
1231 0
1231 0
1231 0.0832249328304159
1231 16.8602220210468
1231 16.8602220210468
1231 0
1231 0.77661884864794
1231 0
1231 0
1231 0.888014056052162
1231 9.54812026272255
1231 9.54812026272255
1232 220.545339215718
1232 220.545339215718
1232 220.545339215718
1232 8.92722943433133
1232 25.3050304330572
1232 25.3050304330572
1232 0.166258346232527
1232 0.166258346232527
1232 0.104504418681071
1232 0
1232 0
1232 0.0832249328304159
1232 16.8602220210468
1232 16.8602220210468
1232 0
1232 0.77661884864794
1232 0
1232 0
1232 0.888014056052162
1232 9.54812026272255
1232 9.54812026272255
8869 220.545339215718
8869 220.545339215718
8869 220.545339215718
8869 8.92722943433133
8869 25.3050304330572
8869 25.3050304330572
8869 0.166258346232527
8869 0.166258346232527
8869 0.104504418681071
8869 0
8869 0
8869 0.0832249328304159
8869 16.8602220210468
8869 16.8602220210468
8869 0
8869 0.77661884864794
8869 0
8869 0
8869 0.888014056052162
8869 9.54812026272255
8869 9.54812026272255
1396 220.545339215718
1396 220.545339215718
1396 220.545339215718
1396 8.92722943433133
1396 25.3050304330572
1396 25.3050304330572
1396 0.166258346232527
1396 0.166258346232527
1396 0.104504418681071
1396 0
1396 0
1396 0.0832249328304159
1396 16.8602220210468
1396 16.8602220210468
1396 0
1396 0.77661884864794
1396 0
1396 0
1396 0.888014056052162
1396 9.54812026272255
1396 9.54812026272255
1463 220.545339215718
1463 220.545339215718
1463 220.545339215718
1463 8.92722943433133
1463 25.3050304330572
1463 25.3050304330572
1463 0.166258346232527
1463 0.166258346232527
1463 0.104504418681071
1463 0
1463 0
1463 0.0832249328304159
1463 16.8602220210468
1463 16.8602220210468
1463 0
1463 0.77661884864794
1463 0
1463 0
1463 0.888014056052162
1463 9.54812026272255
1463 9.54812026272255
1527 220.545339215718
1527 220.545339215718
1527 220.545339215718
1527 8.92722943433133
1527 25.3050304330572
1527 25.3050304330572
1527 0.166258346232527
1527 0.166258346232527
1527 0.104504418681071
1527 0
1527 0
1527 0.0832249328304159
1527 16.8602220210468
1527 16.8602220210468
1527 0
1527 0.77661884864794
1527 0
1527 0
1527 0.888014056052162
1527 9.54812026272255
1527 9.54812026272255
1531 220.545339215718
1531 220.545339215718
1531 220.545339215718
1531 8.92722943433133
1531 25.3050304330572
1531 25.3050304330572
1531 0.166258346232527
1531 0.166258346232527
1531 0.104504418681071
1531 0
1531 0
1531 0.0832249328304159
1531 16.8602220210468
1531 16.8602220210468
1531 0
1531 0.77661884864794
1531 0
1531 0
1531 0.888014056052162
1531 9.54812026272255
1531 9.54812026272255
1660 220.545339215718
1660 220.545339215718
1660 220.545339215718
1660 8.92722943433133
1660 25.3050304330572
1660 25.3050304330572
1660 0.166258346232527
1660 0.166258346232527
1660 0.104504418681071
1660 0
1660 0
1660 0.0832249328304159
1660 16.8602220210468
1660 16.8602220210468
1660 0
1660 0.77661884864794
1660 0
1660 0
1660 0.888014056052162
1660 9.54812026272255
1660 9.54812026272255
1661 220.545339215718
1661 220.545339215718
1661 220.545339215718
1661 8.92722943433133
1661 25.3050304330572
1661 25.3050304330572
1661 0.166258346232527
1661 0.166258346232527
1661 0.104504418681071
1661 0
1661 0
1661 0.0832249328304159
1661 16.8602220210468
1661 16.8602220210468
1661 0
1661 0.77661884864794
1661 0
1661 0
1661 0.888014056052162
1661 9.54812026272255
1661 9.54812026272255
1844 220.545339215718
1844 220.545339215718
1844 220.545339215718
1844 8.92722943433133
1844 25.3050304330572
1844 25.3050304330572
1844 0.166258346232527
1844 0.166258346232527
1844 0.104504418681071
1844 0
1844 0
1844 0.0832249328304159
1844 16.8602220210468
1844 16.8602220210468
1844 0
1844 0.77661884864794
1844 0
1844 0
1844 0.888014056052162
1844 9.54812026272255
1844 9.54812026272255
1923 220.545339215718
1923 220.545339215718
1923 220.545339215718
1923 8.92722943433133
1923 25.3050304330572
1923 25.3050304330572
1923 0.166258346232527
1923 0.166258346232527
1923 0.104504418681071
1923 0
1923 0
1923 0.0832249328304159
1923 16.8602220210468
1923 16.8602220210468
1923 0
1923 0.77661884864794
1923 0
1923 0
1923 0.888014056052162
1923 9.54812026272255
1923 9.54812026272255
1987 220.545339215718
1987 220.545339215718
1987 220.545339215718
1987 8.92722943433133
1987 25.3050304330572
1987 25.3050304330572
1987 0.166258346232527
1987 0.166258346232527
1987 0.104504418681071
1987 0
1987 0
1987 0.0832249328304159
1987 16.8602220210468
1987 16.8602220210468
1987 0
1987 0.77661884864794
1987 0
1987 0
1987 0.888014056052162
1987 9.54812026272255
1987 9.54812026272255
2108 220.545339215718
2108 220.545339215718
2108 220.545339215718
2108 8.92722943433133
2108 25.3050304330572
2108 25.3050304330572
2108 0.166258346232527
2108 0.166258346232527
2108 0.104504418681071
2108 0
2108 0
2108 0.0832249328304159
2108 16.8602220210468
2108 16.8602220210468
2108 0
2108 0.77661884864794
2108 0
2108 0
2108 0.888014056052162
2108 9.54812026272255
2108 9.54812026272255
2052 220.545339215718
2052 220.545339215718
2052 220.545339215718
2052 8.92722943433133
2052 25.3050304330572
2052 25.3050304330572
2052 0.166258346232527
2052 0.166258346232527
2052 0.104504418681071
2052 0
2052 0
2052 0.0832249328304159
2052 16.8602220210468
2052 16.8602220210468
2052 0
2052 0.77661884864794
2052 0
2052 0
2052 0.888014056052162
2052 9.54812026272255
2052 9.54812026272255
2054 220.545339215718
2054 220.545339215718
2054 220.545339215718
2054 8.92722943433133
2054 25.3050304330572
2054 25.3050304330572
2054 0.166258346232527
2054 0.166258346232527
2054 0.104504418681071
2054 0
2054 0
2054 0.0832249328304159
2054 16.8602220210468
2054 16.8602220210468
2054 0
2054 0.77661884864794
2054 0
2054 0
2054 0.888014056052162
2054 9.54812026272255
2054 9.54812026272255
2118 220.545339215718
2118 220.545339215718
2118 220.545339215718
2118 8.92722943433133
2118 25.3050304330572
2118 25.3050304330572
2118 0.166258346232527
2118 0.166258346232527
2118 0.104504418681071
2118 0
2118 0
2118 0.0832249328304159
2118 16.8602220210468
2118 16.8602220210468
2118 0
2118 0.77661884864794
2118 0
2118 0
2118 0.888014056052162
2118 9.54812026272255
2118 9.54812026272255
2283 220.545339215718
2283 220.545339215718
2283 220.545339215718
2283 8.92722943433133
2283 25.3050304330572
2283 25.3050304330572
2283 0.166258346232527
2283 0.166258346232527
2283 0.104504418681071
2283 0
2283 0
2283 0.0832249328304159
2283 16.8602220210468
2283 16.8602220210468
2283 0
2283 0.77661884864794
2283 0
2283 0
2283 0.888014056052162
2283 9.54812026272255
2283 9.54812026272255
2332 220.545339215718
2332 220.545339215718
2332 220.545339215718
2332 8.92722943433133
2332 25.3050304330572
2332 25.3050304330572
2332 0.166258346232527
2332 0.166258346232527
2332 0.104504418681071
2332 0
2332 0
2332 0.0832249328304159
2332 16.8602220210468
2332 16.8602220210468
2332 0
2332 0.77661884864794
2332 0
2332 0
2332 0.888014056052162
2332 9.54812026272255
2332 9.54812026272255
2286 220.545339215718
2286 220.545339215718
2286 220.545339215718
2286 8.92722943433133
2286 25.3050304330572
2286 25.3050304330572
2286 0.166258346232527
2286 0.166258346232527
2286 0.104504418681071
2286 0
2286 0
2286 0.0832249328304159
2286 16.8602220210468
2286 16.8602220210468
2286 0
2286 0.77661884864794
2286 0
2286 0
2286 0.888014056052162
2286 9.54812026272255
2286 9.54812026272255
2383 220.545339215718
2383 220.545339215718
2383 220.545339215718
2383 8.92722943433133
2383 25.3050304330572
2383 25.3050304330572
2383 0.166258346232527
2383 0.166258346232527
2383 0.104504418681071
2383 0
2383 0
2383 0.0832249328304159
2383 16.8602220210468
2383 16.8602220210468
2383 0
2383 0.77661884864794
2383 0
2383 0
2383 0.888014056052162
2383 9.54812026272255
2383 9.54812026272255
2288 220.545339215718
2288 220.545339215718
2288 220.545339215718
2288 8.92722943433133
2288 25.3050304330572
2288 25.3050304330572
2288 0.166258346232527
2288 0.166258346232527
2288 0.104504418681071
2288 0
2288 0
2288 0.0832249328304159
2288 16.8602220210468
2288 16.8602220210468
2288 0
2288 0.77661884864794
2288 0
2288 0
2288 0.888014056052162
2288 9.54812026272255
2288 9.54812026272255
2336 220.545339215718
2336 220.545339215718
2336 220.545339215718
2336 8.92722943433133
2336 25.3050304330572
2336 25.3050304330572
2336 0.166258346232527
2336 0.166258346232527
2336 0.104504418681071
2336 0
2336 0
2336 0.0832249328304159
2336 16.8602220210468
2336 16.8602220210468
2336 0
2336 0.77661884864794
2336 0
2336 0
2336 0.888014056052162
2336 9.54812026272255
2336 9.54812026272255
2291 220.545339215718
2291 220.545339215718
2291 220.545339215718
2291 8.92722943433133
2291 25.3050304330572
2291 25.3050304330572
2291 0.166258346232527
2291 0.166258346232527
2291 0.104504418681071
2291 0
2291 0
2291 0.0832249328304159
2291 16.8602220210468
2291 16.8602220210468
2291 0
2291 0.77661884864794
2291 0
2291 0
2291 0.888014056052162
2291 9.54812026272255
2291 9.54812026272255
2341 220.545339215718
2341 220.545339215718
2341 220.545339215718
2341 8.92722943433133
2341 25.3050304330572
2341 25.3050304330572
2341 0.166258346232527
2341 0.166258346232527
2341 0.104504418681071
2341 0
2341 0
2341 0.0832249328304159
2341 16.8602220210468
2341 16.8602220210468
2341 0
2341 0.77661884864794
2341 0
2341 0
2341 0.888014056052162
2341 9.54812026272255
2341 9.54812026272255
8170 220.545339215718
8170 220.545339215718
8170 220.545339215718
8170 8.92722943433133
8170 25.3050304330572
8170 25.3050304330572
8170 0.166258346232527
8170 0.166258346232527
8170 0.104504418681071
8170 0
8170 0
8170 0.0832249328304159
8170 16.8602220210468
8170 16.8602220210468
8170 0
8170 0.77661884864794
8170 0
8170 0
8170 0.888014056052162
8170 9.54812026272255
8170 9.54812026272255
2395 220.545339215718
2395 220.545339215718
2395 220.545339215718
2395 8.92722943433133
2395 25.3050304330572
2395 25.3050304330572
2395 0.166258346232527
2395 0.166258346232527
2395 0.104504418681071
2395 0
2395 0
2395 0.0832249328304159
2395 16.8602220210468
2395 16.8602220210468
2395 0
2395 0.77661884864794
2395 0
2395 0
2395 0.888014056052162
2395 9.54812026272255
2395 9.54812026272255
2485 220.545339215718
2485 220.545339215718
2485 220.545339215718
2485 8.92722943433133
2485 25.3050304330572
2485 25.3050304330572
2485 0.166258346232527
2485 0.166258346232527
2485 0.104504418681071
2485 0
2485 0
2485 0.0832249328304159
2485 16.8602220210468
2485 16.8602220210468
2485 0
2485 0.77661884864794
2485 0
2485 0
2485 0.888014056052162
2485 9.54812026272255
2485 9.54812026272255
2492 220.545339215718
2492 220.545339215718
2492 220.545339215718
2492 8.92722943433133
2492 25.3050304330572
2492 25.3050304330572
2492 0.166258346232527
2492 0.166258346232527
2492 0.104504418681071
2492 0
2492 0
2492 0.0832249328304159
2492 16.8602220210468
2492 16.8602220210468
2492 0
2492 0.77661884864794
2492 0
2492 0
2492 0.888014056052162
2492 9.54812026272255
2492 9.54812026272255
2541 220.545339215718
2541 220.545339215718
2541 220.545339215718
2541 8.92722943433133
2541 25.3050304330572
2541 25.3050304330572
2541 0.166258346232527
2541 0.166258346232527
2541 0.104504418681071
2541 0
2541 0
2541 0.0832249328304159
2541 16.8602220210468
2541 16.8602220210468
2541 0
2541 0.77661884864794
2541 0
2541 0
2541 0.888014056052162
2541 9.54812026272255
2541 9.54812026272255
2589 220.545339215718
2589 220.545339215718
2589 220.545339215718
2589 8.92722943433133
2589 25.3050304330572
2589 25.3050304330572
2589 0.166258346232527
2589 0.166258346232527
2589 0.104504418681071
2589 0
2589 0
2589 0.0832249328304159
2589 16.8602220210468
2589 16.8602220210468
2589 0
2589 0.77661884864794
2589 0
2589 0
2589 0.888014056052162
2589 9.54812026272255
2589 9.54812026272255
2591 220.545339215718
2591 220.545339215718
2591 220.545339215718
2591 8.92722943433133
2591 25.3050304330572
2591 25.3050304330572
2591 0.166258346232527
2591 0.166258346232527
2591 0.104504418681071
2591 0
2591 0
2591 0.0832249328304159
2591 16.8602220210468
2591 16.8602220210468
2591 0
2591 0.77661884864794
2591 0
2591 0
2591 0.888014056052162
2591 9.54812026272255
2591 9.54812026272255
2640 220.545339215718
2640 220.545339215718
2640 220.545339215718
2640 8.92722943433133
2640 25.3050304330572
2640 25.3050304330572
2640 0.166258346232527
2640 0.166258346232527
2640 0.104504418681071
2640 0
2640 0
2640 0.0832249328304159
2640 16.8602220210468
2640 16.8602220210468
2640 0
2640 0.77661884864794
2640 0
2640 0
2640 0.888014056052162
2640 9.54812026272255
2640 9.54812026272255
2646 220.545339215718
2646 220.545339215718
2646 220.545339215718
2646 8.92722943433133
2646 25.3050304330572
2646 25.3050304330572
2646 0.166258346232527
2646 0.166258346232527
2646 0.104504418681071
2646 0
2646 0
2646 0.0832249328304159
2646 16.8602220210468
2646 16.8602220210468
2646 0
2646 0.77661884864794
2646 0
2646 0
2646 0.888014056052162
2646 9.54812026272255
2646 9.54812026272255
2647 220.545339215718
2647 220.545339215718
2647 220.545339215718
2647 8.92722943433133
2647 25.3050304330572
2647 25.3050304330572
2647 0.166258346232527
2647 0.166258346232527
2647 0.104504418681071
2647 0
2647 0
2647 0.0832249328304159
2647 16.8602220210468
2647 16.8602220210468
2647 0
2647 0.77661884864794
2647 0
2647 0
2647 0.888014056052162
2647 9.54812026272255
2647 9.54812026272255
2694 220.545339215718
2694 220.545339215718
2694 220.545339215718
2694 8.92722943433133
2694 25.3050304330572
2694 25.3050304330572
2694 0.166258346232527
2694 0.166258346232527
2694 0.104504418681071
2694 0
2694 0
2694 0.0832249328304159
2694 16.8602220210468
2694 16.8602220210468
2694 0
2694 0.77661884864794
2694 0
2694 0
2694 0.888014056052162
2694 9.54812026272255
2694 9.54812026272255
2698 220.545339215718
2698 220.545339215718
2698 220.545339215718
2698 8.92722943433133
2698 25.3050304330572
2698 25.3050304330572
2698 0.166258346232527
2698 0.166258346232527
2698 0.104504418681071
2698 0
2698 0
2698 0.0832249328304159
2698 16.8602220210468
2698 16.8602220210468
2698 0
2698 0.77661884864794
2698 0
2698 0
2698 0.888014056052162
2698 9.54812026272255
2698 9.54812026272255
2699 220.545339215718
2699 220.545339215718
2699 220.545339215718
2699 8.92722943433133
2699 25.3050304330572
2699 25.3050304330572
2699 0.166258346232527
2699 0.166258346232527
2699 0.104504418681071
2699 0
2699 0
2699 0.0832249328304159
2699 16.8602220210468
2699 16.8602220210468
2699 0
2699 0.77661884864794
2699 0
2699 0
2699 0.888014056052162
2699 9.54812026272255
2699 9.54812026272255
2748 220.545339215718
2748 220.545339215718
2748 220.545339215718
2748 8.92722943433133
2748 25.3050304330572
2748 25.3050304330572
2748 0.166258346232527
2748 0.166258346232527
2748 0.104504418681071
2748 0
2748 0
2748 0.0832249328304159
2748 16.8602220210468
2748 16.8602220210468
2748 0
2748 0.77661884864794
2748 0
2748 0
2748 0.888014056052162
2748 9.54812026272255
2748 9.54812026272255
2749 220.545339215718
2749 220.545339215718
2749 220.545339215718
2749 8.92722943433133
2749 25.3050304330572
2749 25.3050304330572
2749 0.166258346232527
2749 0.166258346232527
2749 0.104504418681071
2749 0
2749 0
2749 0.0832249328304159
2749 16.8602220210468
2749 16.8602220210468
2749 0
2749 0.77661884864794
2749 0
2749 0
2749 0.888014056052162
2749 9.54812026272255
2749 9.54812026272255
2797 220.545339215718
2797 220.545339215718
2797 220.545339215718
2797 8.92722943433133
2797 25.3050304330572
2797 25.3050304330572
2797 0.166258346232527
2797 0.166258346232527
2797 0.104504418681071
2797 0
2797 0
2797 0.0832249328304159
2797 16.8602220210468
2797 16.8602220210468
2797 0
2797 0.77661884864794
2797 0
2797 0
2797 0.888014056052162
2797 9.54812026272255
2797 9.54812026272255
2798 220.545339215718
2798 220.545339215718
2798 220.545339215718
2798 8.92722943433133
2798 25.3050304330572
2798 25.3050304330572
2798 0.166258346232527
2798 0.166258346232527
2798 0.104504418681071
2798 0
2798 0
2798 0.0832249328304159
2798 16.8602220210468
2798 16.8602220210468
2798 0
2798 0.77661884864794
2798 0
2798 0
2798 0.888014056052162
2798 9.54812026272255
2798 9.54812026272255
2800 220.545339215718
2800 220.545339215718
2800 220.545339215718
2800 8.92722943433133
2800 25.3050304330572
2800 25.3050304330572
2800 0.166258346232527
2800 0.166258346232527
2800 0.104504418681071
2800 0
2800 0
2800 0.0832249328304159
2800 16.8602220210468
2800 16.8602220210468
2800 0
2800 0.77661884864794
2800 0
2800 0
2800 0.888014056052162
2800 9.54812026272255
2800 9.54812026272255
8764 220.545339215718
8764 220.545339215718
8764 220.545339215718
8764 8.92722943433133
8764 25.3050304330572
8764 25.3050304330572
8764 0.166258346232527
8764 0.166258346232527
8764 0.104504418681071
8764 0
8764 0
8764 0.0832249328304159
8764 16.8602220210468
8764 16.8602220210468
8764 0
8764 0.77661884864794
8764 0
8764 0
8764 0.888014056052162
8764 9.54812026272255
8764 9.54812026272255
2898 220.545339215718
2898 220.545339215718
2898 220.545339215718
2898 8.92722943433133
2898 25.3050304330572
2898 25.3050304330572
2898 0.166258346232527
2898 0.166258346232527
2898 0.104504418681071
2898 0
2898 0
2898 0.0832249328304159
2898 16.8602220210468
2898 16.8602220210468
2898 0
2898 0.77661884864794
2898 0
2898 0
2898 0.888014056052162
2898 9.54812026272255
2898 9.54812026272255
2850 220.545339215718
2850 220.545339215718
2850 220.545339215718
2850 8.92722943433133
2850 25.3050304330572
2850 25.3050304330572
2850 0.166258346232527
2850 0.166258346232527
2850 0.104504418681071
2850 0
2850 0
2850 0.0832249328304159
2850 16.8602220210468
2850 16.8602220210468
2850 0
2850 0.77661884864794
2850 0
2850 0
2850 0.888014056052162
2850 9.54812026272255
2850 9.54812026272255
2852 220.545339215718
2852 220.545339215718
2852 220.545339215718
2852 8.92722943433133
2852 25.3050304330572
2852 25.3050304330572
2852 0.166258346232527
2852 0.166258346232527
2852 0.104504418681071
2852 0
2852 0
2852 0.0832249328304159
2852 16.8602220210468
2852 16.8602220210468
2852 0
2852 0.77661884864794
2852 0
2852 0
2852 0.888014056052162
2852 9.54812026272255
2852 9.54812026272255
2853 220.545339215718
2853 220.545339215718
2853 220.545339215718
2853 8.92722943433133
2853 25.3050304330572
2853 25.3050304330572
2853 0.166258346232527
2853 0.166258346232527
2853 0.104504418681071
2853 0
2853 0
2853 0.0832249328304159
2853 16.8602220210468
2853 16.8602220210468
2853 0
2853 0.77661884864794
2853 0
2853 0
2853 0.888014056052162
2853 9.54812026272255
2853 9.54812026272255
2854 220.545339215718
2854 220.545339215718
2854 220.545339215718
2854 8.92722943433133
2854 25.3050304330572
2854 25.3050304330572
2854 0.166258346232527
2854 0.166258346232527
2854 0.104504418681071
2854 0
2854 0
2854 0.0832249328304159
2854 16.8602220210468
2854 16.8602220210468
2854 0
2854 0.77661884864794
2854 0
2854 0
2854 0.888014056052162
2854 9.54812026272255
2854 9.54812026272255
2909 220.545339215718
2909 220.545339215718
2909 220.545339215718
2909 8.92722943433133
2909 25.3050304330572
2909 25.3050304330572
2909 0.166258346232527
2909 0.166258346232527
2909 0.104504418681071
2909 0
2909 0
2909 0.0832249328304159
2909 16.8602220210468
2909 16.8602220210468
2909 0
2909 0.77661884864794
2909 0
2909 0
2909 0.888014056052162
2909 9.54812026272255
2909 9.54812026272255
2960 220.545339215718
2960 220.545339215718
2960 220.545339215718
2960 8.92722943433133
2960 25.3050304330572
2960 25.3050304330572
2960 0.166258346232527
2960 0.166258346232527
2960 0.104504418681071
2960 0
2960 0
2960 0.0832249328304159
2960 16.8602220210468
2960 16.8602220210468
2960 0
2960 0.77661884864794
2960 0
2960 0
2960 0.888014056052162
2960 9.54812026272255
2960 9.54812026272255
3010 220.545339215718
3010 220.545339215718
3010 220.545339215718
3010 8.92722943433133
3010 25.3050304330572
3010 25.3050304330572
3010 0.166258346232527
3010 0.166258346232527
3010 0.104504418681071
3010 0
3010 0
3010 0.0832249328304159
3010 16.8602220210468
3010 16.8602220210468
3010 0
3010 0.77661884864794
3010 0
3010 0
3010 0.888014056052162
3010 9.54812026272255
3010 9.54812026272255
2965 220.545339215718
2965 220.545339215718
2965 220.545339215718
2965 8.92722943433133
2965 25.3050304330572
2965 25.3050304330572
2965 0.166258346232527
2965 0.166258346232527
2965 0.104504418681071
2965 0
2965 0
2965 0.0832249328304159
2965 16.8602220210468
2965 16.8602220210468
2965 0
2965 0.77661884864794
2965 0
2965 0
2965 0.888014056052162
2965 9.54812026272255
2965 9.54812026272255
3017 220.545339215718
3017 220.545339215718
3017 220.545339215718
3017 8.92722943433133
3017 25.3050304330572
3017 25.3050304330572
3017 0.166258346232527
3017 0.166258346232527
3017 0.104504418681071
3017 0
3017 0
3017 0.0832249328304159
3017 16.8602220210468
3017 16.8602220210468
3017 0
3017 0.77661884864794
3017 0
3017 0
3017 0.888014056052162
3017 9.54812026272255
3017 9.54812026272255
3018 220.545339215718
3018 220.545339215718
3018 220.545339215718
3018 8.92722943433133
3018 25.3050304330572
3018 25.3050304330572
3018 0.166258346232527
3018 0.166258346232527
3018 0.104504418681071
3018 0
3018 0
3018 0.0832249328304159
3018 16.8602220210468
3018 16.8602220210468
3018 0
3018 0.77661884864794
3018 0
3018 0
3018 0.888014056052162
3018 9.54812026272255
3018 9.54812026272255
3019 220.545339215718
3019 220.545339215718
3019 220.545339215718
3019 8.92722943433133
3019 25.3050304330572
3019 25.3050304330572
3019 0.166258346232527
3019 0.166258346232527
3019 0.104504418681071
3019 0
3019 0
3019 0.0832249328304159
3019 16.8602220210468
3019 16.8602220210468
3019 0
3019 0.77661884864794
3019 0
3019 0
3019 0.888014056052162
3019 9.54812026272255
3019 9.54812026272255
3020 220.545339215718
3020 220.545339215718
3020 220.545339215718
3020 8.92722943433133
3020 25.3050304330572
3020 25.3050304330572
3020 0.166258346232527
3020 0.166258346232527
3020 0.104504418681071
3020 0
3020 0
3020 0.0832249328304159
3020 16.8602220210468
3020 16.8602220210468
3020 0
3020 0.77661884864794
3020 0
3020 0
3020 0.888014056052162
3020 9.54812026272255
3020 9.54812026272255
3073 220.545339215718
3073 220.545339215718
3073 220.545339215718
3073 8.92722943433133
3073 25.3050304330572
3073 25.3050304330572
3073 0.166258346232527
3073 0.166258346232527
3073 0.104504418681071
3073 0
3073 0
3073 0.0832249328304159
3073 16.8602220210468
3073 16.8602220210468
3073 0
3073 0.77661884864794
3073 0
3073 0
3073 0.888014056052162
3073 9.54812026272255
3073 9.54812026272255
3123 220.545339215718
3123 220.545339215718
3123 220.545339215718
3123 8.92722943433133
3123 25.3050304330572
3123 25.3050304330572
3123 0.166258346232527
3123 0.166258346232527
3123 0.104504418681071
3123 0
3123 0
3123 0.0832249328304159
3123 16.8602220210468
3123 16.8602220210468
3123 0
3123 0.77661884864794
3123 0
3123 0
3123 0.888014056052162
3123 9.54812026272255
3123 9.54812026272255
3176 220.545339215718
3176 220.545339215718
3176 220.545339215718
3176 8.92722943433133
3176 25.3050304330572
3176 25.3050304330572
3176 0.166258346232527
3176 0.166258346232527
3176 0.104504418681071
3176 0
3176 0
3176 0.0832249328304159
3176 16.8602220210468
3176 16.8602220210468
3176 0
3176 0.77661884864794
3176 0
3176 0
3176 0.888014056052162
3176 9.54812026272255
3176 9.54812026272255
3179 220.545339215718
3179 220.545339215718
3179 220.545339215718
3179 8.92722943433133
3179 25.3050304330572
3179 25.3050304330572
3179 0.166258346232527
3179 0.166258346232527
3179 0.104504418681071
3179 0
3179 0
3179 0.0832249328304159
3179 16.8602220210468
3179 16.8602220210468
3179 0
3179 0.77661884864794
3179 0
3179 0
3179 0.888014056052162
3179 9.54812026272255
3179 9.54812026272255
3180 220.545339215718
3180 220.545339215718
3180 220.545339215718
3180 8.92722943433133
3180 25.3050304330572
3180 25.3050304330572
3180 0.166258346232527
3180 0.166258346232527
3180 0.104504418681071
3180 0
3180 0
3180 0.0832249328304159
3180 16.8602220210468
3180 16.8602220210468
3180 0
3180 0.77661884864794
3180 0
3180 0
3180 0.888014056052162
3180 9.54812026272255
3180 9.54812026272255
3181 220.545339215718
3181 220.545339215718
3181 220.545339215718
3181 8.92722943433133
3181 25.3050304330572
3181 25.3050304330572
3181 0.166258346232527
3181 0.166258346232527
3181 0.104504418681071
3181 0
3181 0
3181 0.0832249328304159
3181 16.8602220210468
3181 16.8602220210468
3181 0
3181 0.77661884864794
3181 0
3181 0
3181 0.888014056052162
3181 9.54812026272255
3181 9.54812026272255
3184 220.545339215718
3184 220.545339215718
3184 220.545339215718
3184 8.92722943433133
3184 25.3050304330572
3184 25.3050304330572
3184 0.166258346232527
3184 0.166258346232527
3184 0.104504418681071
3184 0
3184 0
3184 0.0832249328304159
3184 16.8602220210468
3184 16.8602220210468
3184 0
3184 0.77661884864794
3184 0
3184 0
3184 0.888014056052162
3184 9.54812026272255
3184 9.54812026272255
3235 220.545339215718
3235 220.545339215718
3235 220.545339215718
3235 8.92722943433133
3235 25.3050304330572
3235 25.3050304330572
3235 0.166258346232527
3235 0.166258346232527
3235 0.104504418681071
3235 0
3235 0
3235 0.0832249328304159
3235 16.8602220210468
3235 16.8602220210468
3235 0
3235 0.77661884864794
3235 0
3235 0
3235 0.888014056052162
3235 9.54812026272255
3235 9.54812026272255
3236 220.545339215718
3236 220.545339215718
3236 220.545339215718
3236 8.92722943433133
3236 25.3050304330572
3236 25.3050304330572
3236 0.166258346232527
3236 0.166258346232527
3236 0.104504418681071
3236 0
3236 0
3236 0.0832249328304159
3236 16.8602220210468
3236 16.8602220210468
3236 0
3236 0.77661884864794
3236 0
3236 0
3236 0.888014056052162
3236 9.54812026272255
3236 9.54812026272255
3237 220.545339215718
3237 220.545339215718
3237 220.545339215718
3237 8.92722943433133
3237 25.3050304330572
3237 25.3050304330572
3237 0.166258346232527
3237 0.166258346232527
3237 0.104504418681071
3237 0
3237 0
3237 0.0832249328304159
3237 16.8602220210468
3237 16.8602220210468
3237 0
3237 0.77661884864794
3237 0
3237 0
3237 0.888014056052162
3237 9.54812026272255
3237 9.54812026272255
3289 220.545339215718
3289 220.545339215718
3289 220.545339215718
3289 8.92722943433133
3289 25.3050304330572
3289 25.3050304330572
3289 0.166258346232527
3289 0.166258346232527
3289 0.104504418681071
3289 0
3289 0
3289 0.0832249328304159
3289 16.8602220210468
3289 16.8602220210468
3289 0
3289 0.77661884864794
3289 0
3289 0
3289 0.888014056052162
3289 9.54812026272255
3289 9.54812026272255
3290 220.545339215718
3290 220.545339215718
3290 220.545339215718
3290 8.92722943433133
3290 25.3050304330572
3290 25.3050304330572
3290 0.166258346232527
3290 0.166258346232527
3290 0.104504418681071
3290 0
3290 0
3290 0.0832249328304159
3290 16.8602220210468
3290 16.8602220210468
3290 0
3290 0.77661884864794
3290 0
3290 0
3290 0.888014056052162
3290 9.54812026272255
3290 9.54812026272255
3291 220.545339215718
3291 220.545339215718
3291 220.545339215718
3291 8.92722943433133
3291 25.3050304330572
3291 25.3050304330572
3291 0.166258346232527
3291 0.166258346232527
3291 0.104504418681071
3291 0
3291 0
3291 0.0832249328304159
3291 16.8602220210468
3291 16.8602220210468
3291 0
3291 0.77661884864794
3291 0
3291 0
3291 0.888014056052162
3291 9.54812026272255
3291 9.54812026272255
3292 220.545339215718
3292 220.545339215718
3292 220.545339215718
3292 8.92722943433133
3292 25.3050304330572
3292 25.3050304330572
3292 0.166258346232527
3292 0.166258346232527
3292 0.104504418681071
3292 0
3292 0
3292 0.0832249328304159
3292 16.8602220210468
3292 16.8602220210468
3292 0
3292 0.77661884864794
3292 0
3292 0
3292 0.888014056052162
3292 9.54812026272255
3292 9.54812026272255
3350 220.545339215718
3350 220.545339215718
3350 220.545339215718
3350 8.92722943433133
3350 25.3050304330572
3350 25.3050304330572
3350 0.166258346232527
3350 0.166258346232527
3350 0.104504418681071
3350 0
3350 0
3350 0.0832249328304159
3350 16.8602220210468
3350 16.8602220210468
3350 0
3350 0.77661884864794
3350 0
3350 0
3350 0.888014056052162
3350 9.54812026272255
3350 9.54812026272255
3352 220.545339215718
3352 220.545339215718
3352 220.545339215718
3352 8.92722943433133
3352 25.3050304330572
3352 25.3050304330572
3352 0.166258346232527
3352 0.166258346232527
3352 0.104504418681071
3352 0
3352 0
3352 0.0832249328304159
3352 16.8602220210468
3352 16.8602220210468
3352 0
3352 0.77661884864794
3352 0
3352 0
3352 0.888014056052162
3352 9.54812026272255
3352 9.54812026272255
3411 220.545339215718
3411 220.545339215718
3411 220.545339215718
3411 8.92722943433133
3411 25.3050304330572
3411 25.3050304330572
3411 0.166258346232527
3411 0.166258346232527
3411 0.104504418681071
3411 0
3411 0
3411 0.0832249328304159
3411 16.8602220210468
3411 16.8602220210468
3411 0
3411 0.77661884864794
3411 0
3411 0
3411 0.888014056052162
3411 9.54812026272255
3411 9.54812026272255
3353 220.545339215718
3353 220.545339215718
3353 220.545339215718
3353 8.92722943433133
3353 25.3050304330572
3353 25.3050304330572
3353 0.166258346232527
3353 0.166258346232527
3353 0.104504418681071
3353 0
3353 0
3353 0.0832249328304159
3353 16.8602220210468
3353 16.8602220210468
3353 0
3353 0.77661884864794
3353 0
3353 0
3353 0.888014056052162
3353 9.54812026272255
3353 9.54812026272255
3412 220.545339215718
3412 220.545339215718
3412 220.545339215718
3412 8.92722943433133
3412 25.3050304330572
3412 25.3050304330572
3412 0.166258346232527
3412 0.166258346232527
3412 0.104504418681071
3412 0
3412 0
3412 0.0832249328304159
3412 16.8602220210468
3412 16.8602220210468
3412 0
3412 0.77661884864794
3412 0
3412 0
3412 0.888014056052162
3412 9.54812026272255
3412 9.54812026272255
3355 220.545339215718
3355 220.545339215718
3355 220.545339215718
3355 8.92722943433133
3355 25.3050304330572
3355 25.3050304330572
3355 0.166258346232527
3355 0.166258346232527
3355 0.104504418681071
3355 0
3355 0
3355 0.0832249328304159
3355 16.8602220210468
3355 16.8602220210468
3355 0
3355 0.77661884864794
3355 0
3355 0
3355 0.888014056052162
3355 9.54812026272255
3355 9.54812026272255
3417 220.545339215718
3417 220.545339215718
3417 220.545339215718
3417 8.92722943433133
3417 25.3050304330572
3417 25.3050304330572
3417 0.166258346232527
3417 0.166258346232527
3417 0.104504418681071
3417 0
3417 0
3417 0.0832249328304159
3417 16.8602220210468
3417 16.8602220210468
3417 0
3417 0.77661884864794
3417 0
3417 0
3417 0.888014056052162
3417 9.54812026272255
3417 9.54812026272255
3480 220.545339215718
3480 220.545339215718
3480 220.545339215718
3480 8.92722943433133
3480 25.3050304330572
3480 25.3050304330572
3480 0.166258346232527
3480 0.166258346232527
3480 0.104504418681071
3480 0
3480 0
3480 0.0832249328304159
3480 16.8602220210468
3480 16.8602220210468
3480 0
3480 0.77661884864794
3480 0
3480 0
3480 0.888014056052162
3480 9.54812026272255
3480 9.54812026272255
3481 220.545339215718
3481 220.545339215718
3481 220.545339215718
3481 8.92722943433133
3481 25.3050304330572
3481 25.3050304330572
3481 0.166258346232527
3481 0.166258346232527
3481 0.104504418681071
3481 0
3481 0
3481 0.0832249328304159
3481 16.8602220210468
3481 16.8602220210468
3481 0
3481 0.77661884864794
3481 0
3481 0
3481 0.888014056052162
3481 9.54812026272255
3481 9.54812026272255
3483 220.545339215718
3483 220.545339215718
3483 220.545339215718
3483 8.92722943433133
3483 25.3050304330572
3483 25.3050304330572
3483 0.166258346232527
3483 0.166258346232527
3483 0.104504418681071
3483 0
3483 0
3483 0.0832249328304159
3483 16.8602220210468
3483 16.8602220210468
3483 0
3483 0.77661884864794
3483 0
3483 0
3483 0.888014056052162
3483 9.54812026272255
3483 9.54812026272255
3484 220.545339215718
3484 220.545339215718
3484 220.545339215718
3484 8.92722943433133
3484 25.3050304330572
3484 25.3050304330572
3484 0.166258346232527
3484 0.166258346232527
3484 0.104504418681071
3484 0
3484 0
3484 0.0832249328304159
3484 16.8602220210468
3484 16.8602220210468
3484 0
3484 0.77661884864794
3484 0
3484 0
3484 0.888014056052162
3484 9.54812026272255
3484 9.54812026272255
3613 220.545339215718
3613 220.545339215718
3613 220.545339215718
3613 8.92722943433133
3613 25.3050304330572
3613 25.3050304330572
3613 0.166258346232527
3613 0.166258346232527
3613 0.104504418681071
3613 0
3613 0
3613 0.0832249328304159
3613 16.8602220210468
3613 16.8602220210468
3613 0
3613 0.77661884864794
3613 0
3613 0
3613 0.888014056052162
3613 9.54812026272255
3613 9.54812026272255
3545 220.545339215718
3545 220.545339215718
3545 220.545339215718
3545 8.92722943433133
3545 25.3050304330572
3545 25.3050304330572
3545 0.166258346232527
3545 0.166258346232527
3545 0.104504418681071
3545 0
3545 0
3545 0.0832249328304159
3545 16.8602220210468
3545 16.8602220210468
3545 0
3545 0.77661884864794
3545 0
3545 0
3545 0.888014056052162
3545 9.54812026272255
3545 9.54812026272255
3547 220.545339215718
3547 220.545339215718
3547 220.545339215718
3547 8.92722943433133
3547 25.3050304330572
3547 25.3050304330572
3547 0.166258346232527
3547 0.166258346232527
3547 0.104504418681071
3547 0
3547 0
3547 0.0832249328304159
3547 16.8602220210468
3547 16.8602220210468
3547 0
3547 0.77661884864794
3547 0
3547 0
3547 0.888014056052162
3547 9.54812026272255
3547 9.54812026272255
3548 220.545339215718
3548 220.545339215718
3548 220.545339215718
3548 8.92722943433133
3548 25.3050304330572
3548 25.3050304330572
3548 0.166258346232527
3548 0.166258346232527
3548 0.104504418681071
3548 0
3548 0
3548 0.0832249328304159
3548 16.8602220210468
3548 16.8602220210468
3548 0
3548 0.77661884864794
3548 0
3548 0
3548 0.888014056052162
3548 9.54812026272255
3548 9.54812026272255
3549 220.545339215718
3549 220.545339215718
3549 220.545339215718
3549 8.92722943433133
3549 25.3050304330572
3549 25.3050304330572
3549 0.166258346232527
3549 0.166258346232527
3549 0.104504418681071
3549 0
3549 0
3549 0.0832249328304159
3549 16.8602220210468
3549 16.8602220210468
3549 0
3549 0.77661884864794
3549 0
3549 0
3549 0.888014056052162
3549 9.54812026272255
3549 9.54812026272255
3615 220.545339215718
3615 220.545339215718
3615 220.545339215718
3615 8.92722943433133
3615 25.3050304330572
3615 25.3050304330572
3615 0.166258346232527
3615 0.166258346232527
3615 0.104504418681071
3615 0
3615 0
3615 0.0832249328304159
3615 16.8602220210468
3615 16.8602220210468
3615 0
3615 0.77661884864794
3615 0
3615 0
3615 0.888014056052162
3615 9.54812026272255
3615 9.54812026272255
3552 220.545339215718
3552 220.545339215718
3552 220.545339215718
3552 8.92722943433133
3552 25.3050304330572
3552 25.3050304330572
3552 0.166258346232527
3552 0.166258346232527
3552 0.104504418681071
3552 0
3552 0
3552 0.0832249328304159
3552 16.8602220210468
3552 16.8602220210468
3552 0
3552 0.77661884864794
3552 0
3552 0
3552 0.888014056052162
3552 9.54812026272255
3552 9.54812026272255
8915 220.545339215718
8915 220.545339215718
8915 220.545339215718
8915 8.92722943433133
8915 25.3050304330572
8915 25.3050304330572
8915 0.166258346232527
8915 0.166258346232527
8915 0.104504418681071
8915 0
8915 0
8915 0.0832249328304159
8915 16.8602220210468
8915 16.8602220210468
8915 0
8915 0.77661884864794
8915 0
8915 0
8915 0.888014056052162
8915 9.54812026272255
8915 9.54812026272255
3616 220.545339215718
3616 220.545339215718
3616 220.545339215718
3616 8.92722943433133
3616 25.3050304330572
3616 25.3050304330572
3616 0.166258346232527
3616 0.166258346232527
3616 0.104504418681071
3616 0
3616 0
3616 0.0832249328304159
3616 16.8602220210468
3616 16.8602220210468
3616 0
3616 0.77661884864794
3616 0
3616 0
3616 0.888014056052162
3616 9.54812026272255
3616 9.54812026272255
3617 220.545339215718
3617 220.545339215718
3617 220.545339215718
3617 8.92722943433133
3617 25.3050304330572
3617 25.3050304330572
3617 0.166258346232527
3617 0.166258346232527
3617 0.104504418681071
3617 0
3617 0
3617 0.0832249328304159
3617 16.8602220210468
3617 16.8602220210468
3617 0
3617 0.77661884864794
3617 0
3617 0
3617 0.888014056052162
3617 9.54812026272255
3617 9.54812026272255
3618 220.545339215718
3618 220.545339215718
3618 220.545339215718
3618 8.92722943433133
3618 25.3050304330572
3618 25.3050304330572
3618 0.166258346232527
3618 0.166258346232527
3618 0.104504418681071
3618 0
3618 0
3618 0.0832249328304159
3618 16.8602220210468
3618 16.8602220210468
3618 0
3618 0.77661884864794
3618 0
3618 0
3618 0.888014056052162
3618 9.54812026272255
3618 9.54812026272255
3619 220.545339215718
3619 220.545339215718
3619 220.545339215718
3619 8.92722943433133
3619 25.3050304330572
3619 25.3050304330572
3619 0.166258346232527
3619 0.166258346232527
3619 0.104504418681071
3619 0
3619 0
3619 0.0832249328304159
3619 16.8602220210468
3619 16.8602220210468
3619 0
3619 0.77661884864794
3619 0
3619 0
3619 0.888014056052162
3619 9.54812026272255
3619 9.54812026272255
3620 220.545339215718
3620 220.545339215718
3620 220.545339215718
3620 8.92722943433133
3620 25.3050304330572
3620 25.3050304330572
3620 0.166258346232527
3620 0.166258346232527
3620 0.104504418681071
3620 0
3620 0
3620 0.0832249328304159
3620 16.8602220210468
3620 16.8602220210468
3620 0
3620 0.77661884864794
3620 0
3620 0
3620 0.888014056052162
3620 9.54812026272255
3620 9.54812026272255
3688 220.545339215718
3688 220.545339215718
3688 220.545339215718
3688 8.92722943433133
3688 25.3050304330572
3688 25.3050304330572
3688 0.166258346232527
3688 0.166258346232527
3688 0.104504418681071
3688 0
3688 0
3688 0.0832249328304159
3688 16.8602220210468
3688 16.8602220210468
3688 0
3688 0.77661884864794
3688 0
3688 0
3688 0.888014056052162
3688 9.54812026272255
3688 9.54812026272255
3690 220.545339215718
3690 220.545339215718
3690 220.545339215718
3690 8.92722943433133
3690 25.3050304330572
3690 25.3050304330572
3690 0.166258346232527
3690 0.166258346232527
3690 0.104504418681071
3690 0
3690 0
3690 0.0832249328304159
3690 16.8602220210468
3690 16.8602220210468
3690 0
3690 0.77661884864794
3690 0
3690 0
3690 0.888014056052162
3690 9.54812026272255
3690 9.54812026272255
3691 220.545339215718
3691 220.545339215718
3691 220.545339215718
3691 8.92722943433133
3691 25.3050304330572
3691 25.3050304330572
3691 0.166258346232527
3691 0.166258346232527
3691 0.104504418681071
3691 0
3691 0
3691 0.0832249328304159
3691 16.8602220210468
3691 16.8602220210468
3691 0
3691 0.77661884864794
3691 0
3691 0
3691 0.888014056052162
3691 9.54812026272255
3691 9.54812026272255
3760 220.545339215718
3760 220.545339215718
3760 220.545339215718
3760 8.92722943433133
3760 25.3050304330572
3760 25.3050304330572
3760 0.166258346232527
3760 0.166258346232527
3760 0.104504418681071
3760 0
3760 0
3760 0.0832249328304159
3760 16.8602220210468
3760 16.8602220210468
3760 0
3760 0.77661884864794
3760 0
3760 0
3760 0.888014056052162
3760 9.54812026272255
3760 9.54812026272255
3761 220.545339215718
3761 220.545339215718
3761 220.545339215718
3761 8.92722943433133
3761 25.3050304330572
3761 25.3050304330572
3761 0.166258346232527
3761 0.166258346232527
3761 0.104504418681071
3761 0
3761 0
3761 0.0832249328304159
3761 16.8602220210468
3761 16.8602220210468
3761 0
3761 0.77661884864794
3761 0
3761 0
3761 0.888014056052162
3761 9.54812026272255
3761 9.54812026272255
3762 220.545339215718
3762 220.545339215718
3762 220.545339215718
3762 8.92722943433133
3762 25.3050304330572
3762 25.3050304330572
3762 0.166258346232527
3762 0.166258346232527
3762 0.104504418681071
3762 0
3762 0
3762 0.0832249328304159
3762 16.8602220210468
3762 16.8602220210468
3762 0
3762 0.77661884864794
3762 0
3762 0
3762 0.888014056052162
3762 9.54812026272255
3762 9.54812026272255
3838 220.545339215718
3838 220.545339215718
3838 220.545339215718
3838 8.92722943433133
3838 25.3050304330572
3838 25.3050304330572
3838 0.166258346232527
3838 0.166258346232527
3838 0.104504418681071
3838 0
3838 0
3838 0.0832249328304159
3838 16.8602220210468
3838 16.8602220210468
3838 0
3838 0.77661884864794
3838 0
3838 0
3838 0.888014056052162
3838 9.54812026272255
3838 9.54812026272255
3839 220.545339215718
3839 220.545339215718
3839 220.545339215718
3839 8.92722943433133
3839 25.3050304330572
3839 25.3050304330572
3839 0.166258346232527
3839 0.166258346232527
3839 0.104504418681071
3839 0
3839 0
3839 0.0832249328304159
3839 16.8602220210468
3839 16.8602220210468
3839 0
3839 0.77661884864794
3839 0
3839 0
3839 0.888014056052162
3839 9.54812026272255
3839 9.54812026272255
3977 220.545339215718
3977 220.545339215718
3977 220.545339215718
3977 8.92722943433133
3977 25.3050304330572
3977 25.3050304330572
3977 0.166258346232527
3977 0.166258346232527
3977 0.104504418681071
3977 0
3977 0
3977 0.0832249328304159
3977 16.8602220210468
3977 16.8602220210468
3977 0
3977 0.77661884864794
3977 0
3977 0
3977 0.888014056052162
3977 9.54812026272255
3977 9.54812026272255
3984 220.545339215718
3984 220.545339215718
3984 220.545339215718
3984 8.92722943433133
3984 25.3050304330572
3984 25.3050304330572
3984 0.166258346232527
3984 0.166258346232527
3984 0.104504418681071
3984 0
3984 0
3984 0.0832249328304159
3984 16.8602220210468
3984 16.8602220210468
3984 0
3984 0.77661884864794
3984 0
3984 0
3984 0.888014056052162
3984 9.54812026272255
3984 9.54812026272255
8702 220.545339215718
8702 220.545339215718
8702 220.545339215718
8702 8.92722943433133
8702 25.3050304330572
8702 25.3050304330572
8702 0.166258346232527
8702 0.166258346232527
8702 0.104504418681071
8702 0
8702 0
8702 0.0832249328304159
8702 16.8602220210468
8702 16.8602220210468
8702 0
8702 0.77661884864794
8702 0
8702 0
8702 0.888014056052162
8702 9.54812026272255
8702 9.54812026272255
4059 220.545339215718
4059 220.545339215718
4059 220.545339215718
4059 8.92722943433133
4059 25.3050304330572
4059 25.3050304330572
4059 0.166258346232527
4059 0.166258346232527
4059 0.104504418681071
4059 0
4059 0
4059 0.0832249328304159
4059 16.8602220210468
4059 16.8602220210468
4059 0
4059 0.77661884864794
4059 0
4059 0
4059 0.888014056052162
4059 9.54812026272255
4059 9.54812026272255
4127 220.545339215718
4127 220.545339215718
4127 220.545339215718
4127 8.92722943433133
4127 25.3050304330572
4127 25.3050304330572
4127 0.166258346232527
4127 0.166258346232527
4127 0.104504418681071
4127 0
4127 0
4127 0.0832249328304159
4127 16.8602220210468
4127 16.8602220210468
4127 0
4127 0.77661884864794
4127 0
4127 0
4127 0.888014056052162
4127 9.54812026272255
4127 9.54812026272255
8999 220.545339215718
8999 220.545339215718
8999 220.545339215718
8999 8.92722943433133
8999 25.3050304330572
8999 25.3050304330572
8999 0.166258346232527
8999 0.166258346232527
8999 0.104504418681071
8999 0
8999 0
8999 0.0832249328304159
8999 16.8602220210468
8999 16.8602220210468
8999 0
8999 0.77661884864794
8999 0
8999 0
8999 0.888014056052162
8999 9.54812026272255
8999 9.54812026272255
4658 220.545339215718
4658 220.545339215718
4658 220.545339215718
4658 8.92722943433133
4658 25.3050304330572
4658 25.3050304330572
4658 0.166258346232527
4658 0.166258346232527
4658 0.104504418681071
4658 0
4658 0
4658 0.0832249328304159
4658 16.8602220210468
4658 16.8602220210468
4658 0
4658 0.77661884864794
4658 0
4658 0
4658 0.888014056052162
4658 9.54812026272255
4658 9.54812026272255
4612 220.545339215718
4612 220.545339215718
4612 220.545339215718
4612 8.92722943433133
4612 25.3050304330572
4612 25.3050304330572
4612 0.166258346232527
4612 0.166258346232527
4612 0.104504418681071
4612 0
4612 0
4612 0.0832249328304159
4612 16.8602220210468
4612 16.8602220210468
4612 0
4612 0.77661884864794
4612 0
4612 0
4612 0.888014056052162
4612 9.54812026272255
4612 9.54812026272255
4713 220.545339215718
4713 220.545339215718
4713 220.545339215718
4713 8.92722943433133
4713 25.3050304330572
4713 25.3050304330572
4713 0.166258346232527
4713 0.166258346232527
4713 0.104504418681071
4713 0
4713 0
4713 0.0832249328304159
4713 16.8602220210468
4713 16.8602220210468
4713 0
4713 0.77661884864794
4713 0
4713 0
4713 0.888014056052162
4713 9.54812026272255
4713 9.54812026272255
4763 220.545339215718
4763 220.545339215718
4763 220.545339215718
4763 8.92722943433133
4763 25.3050304330572
4763 25.3050304330572
4763 0.166258346232527
4763 0.166258346232527
4763 0.104504418681071
4763 0
4763 0
4763 0.0832249328304159
4763 16.8602220210468
4763 16.8602220210468
4763 0
4763 0.77661884864794
4763 0
4763 0
4763 0.888014056052162
4763 9.54812026272255
4763 9.54812026272255
4818 220.545339215718
4818 220.545339215718
4818 220.545339215718
4818 8.92722943433133
4818 25.3050304330572
4818 25.3050304330572
4818 0.166258346232527
4818 0.166258346232527
4818 0.104504418681071
4818 0
4818 0
4818 0.0832249328304159
4818 16.8602220210468
4818 16.8602220210468
4818 0
4818 0.77661884864794
4818 0
4818 0
4818 0.888014056052162
4818 9.54812026272255
4818 9.54812026272255
4917 220.545339215718
4917 220.545339215718
4917 220.545339215718
4917 8.92722943433133
4917 25.3050304330572
4917 25.3050304330572
4917 0.166258346232527
4917 0.166258346232527
4917 0.104504418681071
4917 0
4917 0
4917 0.0832249328304159
4917 16.8602220210468
4917 16.8602220210468
4917 0
4917 0.77661884864794
4917 0
4917 0
4917 0.888014056052162
4917 9.54812026272255
4917 9.54812026272255
5139 220.545339215718
5139 220.545339215718
5139 220.545339215718
5139 8.92722943433133
5139 25.3050304330572
5139 25.3050304330572
5139 0.166258346232527
5139 0.166258346232527
5139 0.104504418681071
5139 0
5139 0
5139 0.0832249328304159
5139 16.8602220210468
5139 16.8602220210468
5139 0
5139 0.77661884864794
5139 0
5139 0
5139 0.888014056052162
5139 9.54812026272255
5139 9.54812026272255
9026 220.545339215718
9026 220.545339215718
9026 220.545339215718
9026 8.92722943433133
9026 25.3050304330572
9026 25.3050304330572
9026 0.166258346232527
9026 0.166258346232527
9026 0.104504418681071
9026 0
9026 0
9026 0.0832249328304159
9026 16.8602220210468
9026 16.8602220210468
9026 0
9026 0.77661884864794
9026 0
9026 0
9026 0.888014056052162
9026 9.54812026272255
9026 9.54812026272255
