pt_graph scale
14 418.104831492066
14 418.104831492066
14 418.104831492066
14 16.2976506140842
14 46.407466436374
14 46.407466436374
14 0.208960843373494
14 0.208960843373494
14 0.120625281164897
14 0
14 0
14 0.160325333507038
14 28.3919163700434
14 28.3919163700434
14 0
14 0.77906543442073
14 0
14 0
14 1.0345236079077
14 18.8755115600355
14 18.8755115600355
18 418.104831492066
18 418.104831492066
18 418.104831492066
18 16.2976506140842
18 46.407466436374
18 46.407466436374
18 0.208960843373494
18 0.208960843373494
18 0.120625281164897
18 0
18 0
18 0.160325333507038
18 28.3919163700434
18 28.3919163700434
18 0
18 0.77906543442073
18 0
18 0
18 1.0345236079077
18 18.8755115600355
18 18.8755115600355
19 418.104831492066
19 418.104831492066
19 418.104831492066
19 16.2976506140842
19 46.407466436374
19 46.407466436374
19 0.208960843373494
19 0.208960843373494
19 0.120625281164897
19 0
19 0
19 0.160325333507038
19 28.3919163700434
19 28.3919163700434
19 0
19 0.77906543442073
19 0
19 0
19 1.0345236079077
19 18.8755115600355
19 18.8755115600355
26 418.104831492066
26 418.104831492066
26 418.104831492066
26 16.2976506140842
26 46.407466436374
26 46.407466436374
26 0.208960843373494
26 0.208960843373494
26 0.120625281164897
26 0
26 0
26 0.160325333507038
26 28.3919163700434
26 28.3919163700434
26 0
26 0.77906543442073
26 0
26 0
26 1.0345236079077
26 18.8755115600355
26 18.8755115600355
38 418.104831492066
38 418.104831492066
38 418.104831492066
38 16.2976506140842
38 46.407466436374
38 46.407466436374
38 0.208960843373494
38 0.208960843373494
38 0.120625281164897
38 0
38 0
38 0.160325333507038
38 28.3919163700434
38 28.3919163700434
38 0
38 0.77906543442073
38 0
38 0
38 1.0345236079077
38 18.8755115600355
38 18.8755115600355
39 418.104831492066
39 418.104831492066
39 418.104831492066
39 16.2976506140842
39 46.407466436374
39 46.407466436374
39 0.208960843373494
39 0.208960843373494
39 0.120625281164897
39 0
39 0
39 0.160325333507038
39 28.3919163700434
39 28.3919163700434
39 0
39 0.77906543442073
39 0
39 0
39 1.0345236079077
39 18.8755115600355
39 18.8755115600355
115 418.104831492066
115 418.104831492066
115 418.104831492066
115 16.2976506140842
115 46.407466436374
115 46.407466436374
115 0.208960843373494
115 0.208960843373494
115 0.120625281164897
115 0
115 0
115 0.160325333507038
115 28.3919163700434
115 28.3919163700434
115 0
115 0.77906543442073
115 0
115 0
115 1.0345236079077
115 18.8755115600355
115 18.8755115600355
117 418.104831492066
117 418.104831492066
117 418.104831492066
117 16.2976506140842
117 46.407466436374
117 46.407466436374
117 0.208960843373494
117 0.208960843373494
117 0.120625281164897
117 0
117 0
117 0.160325333507038
117 28.3919163700434
117 28.3919163700434
117 0
117 0.77906543442073
117 0
117 0
117 1.0345236079077
117 18.8755115600355
117 18.8755115600355
120 418.104831492066
120 418.104831492066
120 418.104831492066
120 16.2976506140842
120 46.407466436374
120 46.407466436374
120 0.208960843373494
120 0.208960843373494
120 0.120625281164897
120 0
120 0
120 0.160325333507038
120 28.3919163700434
120 28.3919163700434
120 0
120 0.77906543442073
120 0
120 0
120 1.0345236079077
120 18.8755115600355
120 18.8755115600355
159 418.104831492066
159 418.104831492066
159 418.104831492066
159 16.2976506140842
159 46.407466436374
159 46.407466436374
159 0.208960843373494
159 0.208960843373494
159 0.120625281164897
159 0
159 0
159 0.160325333507038
159 28.3919163700434
159 28.3919163700434
159 0
159 0.77906543442073
159 0
159 0
159 1.0345236079077
159 18.8755115600355
159 18.8755115600355
160 418.104831492066
160 418.104831492066
160 418.104831492066
160 16.2976506140842
160 46.407466436374
160 46.407466436374
160 0.208960843373494
160 0.208960843373494
160 0.120625281164897
160 0
160 0
160 0.160325333507038
160 28.3919163700434
160 28.3919163700434
160 0
160 0.77906543442073
160 0
160 0
160 1.0345236079077
160 18.8755115600355
160 18.8755115600355
251 418.104831492066
251 418.104831492066
251 418.104831492066
251 16.2976506140842
251 46.407466436374
251 46.407466436374
251 0.208960843373494
251 0.208960843373494
251 0.120625281164897
251 0
251 0
251 0.160325333507038
251 28.3919163700434
251 28.3919163700434
251 0
251 0.77906543442073
251 0
251 0
251 1.0345236079077
251 18.8755115600355
251 18.8755115600355
303 418.104831492066
303 418.104831492066
303 418.104831492066
303 16.2976506140842
303 46.407466436374
303 46.407466436374
303 0.208960843373494
303 0.208960843373494
303 0.120625281164897
303 0
303 0
303 0.160325333507038
303 28.3919163700434
303 28.3919163700434
303 0
303 0.77906543442073
303 0
303 0
303 1.0345236079077
303 18.8755115600355
303 18.8755115600355
366 418.104831492066
366 418.104831492066
366 418.104831492066
366 16.2976506140842
366 46.407466436374
366 46.407466436374
366 0.208960843373494
366 0.208960843373494
366 0.120625281164897
366 0
366 0
366 0.160325333507038
366 28.3919163700434
366 28.3919163700434
366 0
366 0.77906543442073
366 0
366 0
366 1.0345236079077
366 18.8755115600355
366 18.8755115600355
504 418.104831492066
504 418.104831492066
504 418.104831492066
504 16.2976506140842
504 46.407466436374
504 46.407466436374
504 0.208960843373494
504 0.208960843373494
504 0.120625281164897
504 0
504 0
504 0.160325333507038
504 28.3919163700434
504 28.3919163700434
504 0
504 0.77906543442073
504 0
504 0
504 1.0345236079077
504 18.8755115600355
504 18.8755115600355
583 418.104831492066
583 418.104831492066
583 418.104831492066
583 16.2976506140842
583 46.407466436374
583 46.407466436374
583 0.208960843373494
583 0.208960843373494
583 0.120625281164897
583 0
583 0
583 0.160325333507038
583 28.3919163700434
583 28.3919163700434
583 0
583 0.77906543442073
583 0
583 0
583 1.0345236079077
583 18.8755115600355
583 18.8755115600355
8017 418.104831492066
8017 418.104831492066
8017 418.104831492066
8017 16.2976506140842
8017 46.407466436374
8017 46.407466436374
8017 0.208960843373494
8017 0.208960843373494
8017 0.120625281164897
8017 0
8017 0
8017 0.160325333507038
8017 28.3919163700434
8017 28.3919163700434
8017 0
8017 0.77906543442073
8017 0
8017 0
8017 1.0345236079077
8017 18.8755115600355
8017 18.8755115600355
750 418.104831492066
750 418.104831492066
750 418.104831492066
750 16.2976506140842
750 46.407466436374
750 46.407466436374
750 0.208960843373494
750 0.208960843373494
750 0.120625281164897
750 0
750 0
750 0.160325333507038
750 28.3919163700434
750 28.3919163700434
750 0
750 0.77906543442073
750 0
750 0
750 1.0345236079077
750 18.8755115600355
750 18.8755115600355
756 418.104831492066
756 418.104831492066
756 418.104831492066
756 16.2976506140842
756 46.407466436374
756 46.407466436374
756 0.208960843373494
756 0.208960843373494
756 0.120625281164897
756 0
756 0
756 0.160325333507038
756 28.3919163700434
756 28.3919163700434
756 0
756 0.77906543442073
756 0
756 0
756 1.0345236079077
756 18.8755115600355
756 18.8755115600355
757 418.104831492066
757 418.104831492066
757 418.104831492066
757 16.2976506140842
757 46.407466436374
757 46.407466436374
757 0.208960843373494
757 0.208960843373494
757 0.120625281164897
757 0
757 0
757 0.160325333507038
757 28.3919163700434
757 28.3919163700434
757 0
757 0.77906543442073
757 0
757 0
757 1.0345236079077
757 18.8755115600355
757 18.8755115600355
997 418.104831492066
997 418.104831492066
997 418.104831492066
997 16.2976506140842
997 46.407466436374
997 46.407466436374
997 0.208960843373494
997 0.208960843373494
997 0.120625281164897
997 0
997 0
997 0.160325333507038
997 28.3919163700434
997 28.3919163700434
997 0
997 0.77906543442073
997 0
997 0
997 1.0345236079077
997 18.8755115600355
997 18.8755115600355
924 418.104831492066
924 418.104831492066
924 418.104831492066
924 16.2976506140842
924 46.407466436374
924 46.407466436374
924 0.208960843373494
924 0.208960843373494
924 0.120625281164897
924 0
924 0
924 0.160325333507038
924 28.3919163700434
924 28.3919163700434
924 0
924 0.77906543442073
924 0
924 0
924 1.0345236079077
924 18.8755115600355
924 18.8755115600355
925 418.104831492066
925 418.104831492066
925 418.104831492066
925 16.2976506140842
925 46.407466436374
925 46.407466436374
925 0.208960843373494
925 0.208960843373494
925 0.120625281164897
925 0
925 0
925 0.160325333507038
925 28.3919163700434
925 28.3919163700434
925 0
925 0.77906543442073
925 0
925 0
925 1.0345236079077
925 18.8755115600355
925 18.8755115600355
1006 418.104831492066
1006 418.104831492066
1006 418.104831492066
1006 16.2976506140842
1006 46.407466436374
1006 46.407466436374
1006 0.208960843373494
1006 0.208960843373494
1006 0.120625281164897
1006 0
1006 0
1006 0.160325333507038
1006 28.3919163700434
1006 28.3919163700434
1006 0
1006 0.77906543442073
1006 0
1006 0
1006 1.0345236079077
1006 18.8755115600355
1006 18.8755115600355
1009 418.104831492066
1009 418.104831492066
1009 418.104831492066
1009 16.2976506140842
1009 46.407466436374
1009 46.407466436374
1009 0.208960843373494
1009 0.208960843373494
1009 0.120625281164897
1009 0
1009 0
1009 0.160325333507038
1009 28.3919163700434
1009 28.3919163700434
1009 0
1009 0.77906543442073
1009 0
1009 0
1009 1.0345236079077
1009 18.8755115600355
1009 18.8755115600355
1011 418.104831492066
1011 418.104831492066
1011 418.104831492066
1011 16.2976506140842
1011 46.407466436374
1011 46.407466436374
1011 0.208960843373494
1011 0.208960843373494
1011 0.120625281164897
1011 0
1011 0
1011 0.160325333507038
1011 28.3919163700434
1011 28.3919163700434
1011 0
1011 0.77906543442073
1011 0
1011 0
1011 1.0345236079077
1011 18.8755115600355
1011 18.8755115600355
1088 418.104831492066
1088 418.104831492066
1088 418.104831492066
1088 16.2976506140842
1088 46.407466436374
1088 46.407466436374
1088 0.208960843373494
1088 0.208960843373494
1088 0.120625281164897
1088 0
1088 0
1088 0.160325333507038
1088 28.3919163700434
1088 28.3919163700434
1088 0
1088 0.77906543442073
1088 0
1088 0
1088 1.0345236079077
1088 18.8755115600355
1088 18.8755115600355
1094 418.104831492066
1094 418.104831492066
1094 418.104831492066
1094 16.2976506140842
1094 46.407466436374
1094 46.407466436374
1094 0.208960843373494
1094 0.208960843373494
1094 0.120625281164897
1094 0
1094 0
1094 0.160325333507038
1094 28.3919163700434
1094 28.3919163700434
1094 0
1094 0.77906543442073
1094 0
1094 0
1094 1.0345236079077
1094 18.8755115600355
1094 18.8755115600355
1396 418.104831492066
1396 418.104831492066
1396 418.104831492066
1396 16.2976506140842
1396 46.407466436374
1396 46.407466436374
1396 0.208960843373494
1396 0.208960843373494
1396 0.120625281164897
1396 0
1396 0
1396 0.160325333507038
1396 28.3919163700434
1396 28.3919163700434
1396 0
1396 0.77906543442073
1396 0
1396 0
1396 1.0345236079077
1396 18.8755115600355
1396 18.8755115600355
1397 418.104831492066
1397 418.104831492066
1397 418.104831492066
1397 16.2976506140842
1397 46.407466436374
1397 46.407466436374
1397 0.208960843373494
1397 0.208960843373494
1397 0.120625281164897
1397 0
1397 0
1397 0.160325333507038
1397 28.3919163700434
1397 28.3919163700434
1397 0
1397 0.77906543442073
1397 0
1397 0
1397 1.0345236079077
1397 18.8755115600355
1397 18.8755115600355
1254 418.104831492066
1254 418.104831492066
1254 418.104831492066
1254 16.2976506140842
1254 46.407466436374
1254 46.407466436374
1254 0.208960843373494
1254 0.208960843373494
1254 0.120625281164897
1254 0
1254 0
1254 0.160325333507038
1254 28.3919163700434
1254 28.3919163700434
1254 0
1254 0.77906543442073
1254 0
1254 0
1254 1.0345236079077
1254 18.8755115600355
1254 18.8755115600355
1405 418.104831492066
1405 418.104831492066
1405 418.104831492066
1405 16.2976506140842
1405 46.407466436374
1405 46.407466436374
1405 0.208960843373494
1405 0.208960843373494
1405 0.120625281164897
1405 0
1405 0
1405 0.160325333507038
1405 28.3919163700434
1405 28.3919163700434
1405 0
1405 0.77906543442073
1405 0
1405 0
1405 1.0345236079077
1405 18.8755115600355
1405 18.8755115600355
1592 418.104831492066
1592 418.104831492066
1592 418.104831492066
1592 16.2976506140842
1592 46.407466436374
1592 46.407466436374
1592 0.208960843373494
1592 0.208960843373494
1592 0.120625281164897
1592 0
1592 0
1592 0.160325333507038
1592 28.3919163700434
1592 28.3919163700434
1592 0
1592 0.77906543442073
1592 0
1592 0
1592 1.0345236079077
1592 18.8755115600355
1592 18.8755115600355
1406 418.104831492066
1406 418.104831492066
1406 418.104831492066
1406 16.2976506140842
1406 46.407466436374
1406 46.407466436374
1406 0.208960843373494
1406 0.208960843373494
1406 0.120625281164897
1406 0
1406 0
1406 0.160325333507038
1406 28.3919163700434
1406 28.3919163700434
1406 0
1406 0.77906543442073
1406 0
1406 0
1406 1.0345236079077
1406 18.8755115600355
1406 18.8755115600355
2332 418.104831492066
2332 418.104831492066
2332 418.104831492066
2332 16.2976506140842
2332 46.407466436374
2332 46.407466436374
2332 0.208960843373494
2332 0.208960843373494
2332 0.120625281164897
2332 0
2332 0
2332 0.160325333507038
2332 28.3919163700434
2332 28.3919163700434
2332 0
2332 0.77906543442073
2332 0
2332 0
2332 1.0345236079077
2332 18.8755115600355
2332 18.8755115600355
2485 418.104831492066
2485 418.104831492066
2485 418.104831492066
2485 16.2976506140842
2485 46.407466436374
2485 46.407466436374
2485 0.208960843373494
2485 0.208960843373494
2485 0.120625281164897
2485 0
2485 0
2485 0.160325333507038
2485 28.3919163700434
2485 28.3919163700434
2485 0
2485 0.77906543442073
2485 0
2485 0
2485 1.0345236079077
2485 18.8755115600355
2485 18.8755115600355
2547 418.104831492066
2547 418.104831492066
2547 418.104831492066
2547 16.2976506140842
2547 46.407466436374
2547 46.407466436374
2547 0.208960843373494
2547 0.208960843373494
2547 0.120625281164897
2547 0
2547 0
2547 0.160325333507038
2547 28.3919163700434
2547 28.3919163700434
2547 0
2547 0.77906543442073
2547 0
2547 0
2547 1.0345236079077
2547 18.8755115600355
2547 18.8755115600355
2696 418.104831492066
2696 418.104831492066
2696 418.104831492066
2696 16.2976506140842
2696 46.407466436374
2696 46.407466436374
2696 0.208960843373494
2696 0.208960843373494
2696 0.120625281164897
2696 0
2696 0
2696 0.160325333507038
2696 28.3919163700434
2696 28.3919163700434
2696 0
2696 0.77906543442073
2696 0
2696 0
2696 1.0345236079077
2696 18.8755115600355
2696 18.8755115600355
2698 418.104831492066
2698 418.104831492066
2698 418.104831492066
2698 16.2976506140842
2698 46.407466436374
2698 46.407466436374
2698 0.208960843373494
2698 0.208960843373494
2698 0.120625281164897
2698 0
2698 0
2698 0.160325333507038
2698 28.3919163700434
2698 28.3919163700434
2698 0
2698 0.77906543442073
2698 0
2698 0
2698 1.0345236079077
2698 18.8755115600355
2698 18.8755115600355
2699 418.104831492066
2699 418.104831492066
2699 418.104831492066
2699 16.2976506140842
2699 46.407466436374
2699 46.407466436374
2699 0.208960843373494
2699 0.208960843373494
2699 0.120625281164897
2699 0
2699 0
2699 0.160325333507038
2699 28.3919163700434
2699 28.3919163700434
2699 0
2699 0.77906543442073
2699 0
2699 0
2699 1.0345236079077
2699 18.8755115600355
2699 18.8755115600355
2749 418.104831492066
2749 418.104831492066
2749 418.104831492066
2749 16.2976506140842
2749 46.407466436374
2749 46.407466436374
2749 0.208960843373494
2749 0.208960843373494
2749 0.120625281164897
2749 0
2749 0
2749 0.160325333507038
2749 28.3919163700434
2749 28.3919163700434
2749 0
2749 0.77906543442073
2749 0
2749 0
2749 1.0345236079077
2749 18.8755115600355
2749 18.8755115600355
2798 418.104831492066
2798 418.104831492066
2798 418.104831492066
2798 16.2976506140842
2798 46.407466436374
2798 46.407466436374
2798 0.208960843373494
2798 0.208960843373494
2798 0.120625281164897
2798 0
2798 0
2798 0.160325333507038
2798 28.3919163700434
2798 28.3919163700434
2798 0
2798 0.77906543442073
2798 0
2798 0
2798 1.0345236079077
2798 18.8755115600355
2798 18.8755115600355
2800 418.104831492066
2800 418.104831492066
2800 418.104831492066
2800 16.2976506140842
2800 46.407466436374
2800 46.407466436374
2800 0.208960843373494
2800 0.208960843373494
2800 0.120625281164897
2800 0
2800 0
2800 0.160325333507038
2800 28.3919163700434
2800 28.3919163700434
2800 0
2800 0.77906543442073
2800 0
2800 0
2800 1.0345236079077
2800 18.8755115600355
2800 18.8755115600355
2853 418.104831492066
2853 418.104831492066
2853 418.104831492066
2853 16.2976506140842
2853 46.407466436374
2853 46.407466436374
2853 0.208960843373494
2853 0.208960843373494
2853 0.120625281164897
2853 0
2853 0
2853 0.160325333507038
2853 28.3919163700434
2853 28.3919163700434
2853 0
2853 0.77906543442073
2853 0
2853 0
2853 1.0345236079077
2853 18.8755115600355
2853 18.8755115600355
2854 418.104831492066
2854 418.104831492066
2854 418.104831492066
2854 16.2976506140842
2854 46.407466436374
2854 46.407466436374
2854 0.208960843373494
2854 0.208960843373494
2854 0.120625281164897
2854 0
2854 0
2854 0.160325333507038
2854 28.3919163700434
2854 28.3919163700434
2854 0
2854 0.77906543442073
2854 0
2854 0
2854 1.0345236079077
2854 18.8755115600355
2854 18.8755115600355
2906 418.104831492066
2906 418.104831492066
2906 418.104831492066
2906 16.2976506140842
2906 46.407466436374
2906 46.407466436374
2906 0.208960843373494
2906 0.208960843373494
2906 0.120625281164897
2906 0
2906 0
2906 0.160325333507038
2906 28.3919163700434
2906 28.3919163700434
2906 0
2906 0.77906543442073
2906 0
2906 0
2906 1.0345236079077
2906 18.8755115600355
2906 18.8755115600355
2909 418.104831492066
2909 418.104831492066
2909 418.104831492066
2909 16.2976506140842
2909 46.407466436374
2909 46.407466436374
2909 0.208960843373494
2909 0.208960843373494
2909 0.120625281164897
2909 0
2909 0
2909 0.160325333507038
2909 28.3919163700434
2909 28.3919163700434
2909 0
2909 0.77906543442073
2909 0
2909 0
2909 1.0345236079077
2909 18.8755115600355
2909 18.8755115600355
2962 418.104831492066
2962 418.104831492066
2962 418.104831492066
2962 16.2976506140842
2962 46.407466436374
2962 46.407466436374
2962 0.208960843373494
2962 0.208960843373494
2962 0.120625281164897
2962 0
2962 0
2962 0.160325333507038
2962 28.3919163700434
2962 28.3919163700434
2962 0
2962 0.77906543442073
2962 0
2962 0
2962 1.0345236079077
2962 18.8755115600355
2962 18.8755115600355
2965 418.104831492066
2965 418.104831492066
2965 418.104831492066
2965 16.2976506140842
2965 46.407466436374
2965 46.407466436374
2965 0.208960843373494
2965 0.208960843373494
2965 0.120625281164897
2965 0
2965 0
2965 0.160325333507038
2965 28.3919163700434
2965 28.3919163700434
2965 0
2965 0.77906543442073
2965 0
2965 0
2965 1.0345236079077
2965 18.8755115600355
2965 18.8755115600355
3017 418.104831492066
3017 418.104831492066
3017 418.104831492066
3017 16.2976506140842
3017 46.407466436374
3017 46.407466436374
3017 0.208960843373494
3017 0.208960843373494
3017 0.120625281164897
3017 0
3017 0
3017 0.160325333507038
3017 28.3919163700434
3017 28.3919163700434
3017 0
3017 0.77906543442073
3017 0
3017 0
3017 1.0345236079077
3017 18.8755115600355
3017 18.8755115600355
3018 418.104831492066
3018 418.104831492066
3018 418.104831492066
3018 16.2976506140842
3018 46.407466436374
3018 46.407466436374
3018 0.208960843373494
3018 0.208960843373494
3018 0.120625281164897
3018 0
3018 0
3018 0.160325333507038
3018 28.3919163700434
3018 28.3919163700434
3018 0
3018 0.77906543442073
3018 0
3018 0
3018 1.0345236079077
3018 18.8755115600355
3018 18.8755115600355
3020 418.104831492066
3020 418.104831492066
3020 418.104831492066
3020 16.2976506140842
3020 46.407466436374
3020 46.407466436374
3020 0.208960843373494
3020 0.208960843373494
3020 0.120625281164897
3020 0
3020 0
3020 0.160325333507038
3020 28.3919163700434
3020 28.3919163700434
3020 0
3020 0.77906543442073
3020 0
3020 0
3020 1.0345236079077
3020 18.8755115600355
3020 18.8755115600355
3073 418.104831492066
3073 418.104831492066
3073 418.104831492066
3073 16.2976506140842
3073 46.407466436374
3073 46.407466436374
3073 0.208960843373494
3073 0.208960843373494
3073 0.120625281164897
3073 0
3073 0
3073 0.160325333507038
3073 28.3919163700434
3073 28.3919163700434
3073 0
3073 0.77906543442073
3073 0
3073 0
3073 1.0345236079077
3073 18.8755115600355
3073 18.8755115600355
3123 418.104831492066
3123 418.104831492066
3123 418.104831492066
3123 16.2976506140842
3123 46.407466436374
3123 46.407466436374
3123 0.208960843373494
3123 0.208960843373494
3123 0.120625281164897
3123 0
3123 0
3123 0.160325333507038
3123 28.3919163700434
3123 28.3919163700434
3123 0
3123 0.77906543442073
3123 0
3123 0
3123 1.0345236079077
3123 18.8755115600355
3123 18.8755115600355
3124 418.104831492066
3124 418.104831492066
3124 418.104831492066
3124 16.2976506140842
3124 46.407466436374
3124 46.407466436374
3124 0.208960843373494
3124 0.208960843373494
3124 0.120625281164897
3124 0
3124 0
3124 0.160325333507038
3124 28.3919163700434
3124 28.3919163700434
3124 0
3124 0.77906543442073
3124 0
3124 0
3124 1.0345236079077
3124 18.8755115600355
3124 18.8755115600355
3179 418.104831492066
3179 418.104831492066
3179 418.104831492066
3179 16.2976506140842
3179 46.407466436374
3179 46.407466436374
3179 0.208960843373494
3179 0.208960843373494
3179 0.120625281164897
3179 0
3179 0
3179 0.160325333507038
3179 28.3919163700434
3179 28.3919163700434
3179 0
3179 0.77906543442073
3179 0
3179 0
3179 1.0345236079077
3179 18.8755115600355
3179 18.8755115600355
3180 418.104831492066
3180 418.104831492066
3180 418.104831492066
3180 16.2976506140842
3180 46.407466436374
3180 46.407466436374
3180 0.208960843373494
3180 0.208960843373494
3180 0.120625281164897
3180 0
3180 0
3180 0.160325333507038
3180 28.3919163700434
3180 28.3919163700434
3180 0
3180 0.77906543442073
3180 0
3180 0
3180 1.0345236079077
3180 18.8755115600355
3180 18.8755115600355
