pt_graph cpue_kghour
2001 0
2001 170.338707327049
2001 170.338707327049
2001 170.338707327049
2001 170.338707327049
2001 0
2001 10.927032446396
2001 6.8313460061211
2001 6.8313460061211
2001 6.8313460061211
2001 6.8313460061211
2001 0
2001 0
2001 0
2001 0
2001 0
2001 0
2001 0
2001 0
2001 0
2001 0
2001 0
2001 11.8268162250459
2001 11.8268162250459
2001 11.8268162250459
2001 0
2001 139.969155844156
2001 0
2001 0
2001 0
2001 0
2001 0
2001 0
2001 9.81264752402888
2001 9.81264752402888
2001 0
2001 0
2257 0
2257 170.338707327049
2257 170.338707327049
2257 170.338707327049
2257 170.338707327049
2257 0
2257 10.927032446396
2257 6.8313460061211
2257 6.8313460061211
2257 6.8313460061211
2257 6.8313460061211
2257 0
2257 0
2257 0
2257 0
2257 0
2257 0
2257 0
2257 0
2257 0
2257 0
2257 0
2257 11.8268162250459
2257 11.8268162250459
2257 11.8268162250459
2257 0
2257 139.969155844156
2257 0
2257 0
2257 0
2257 0
2257 0
2257 0
2257 9.81264752402888
2257 9.81264752402888
2257 0
2257 0
1529 0
1529 170.338707327049
1529 170.338707327049
1529 170.338707327049
1529 170.338707327049
1529 0
1529 10.927032446396
1529 6.8313460061211
1529 6.8313460061211
1529 6.8313460061211
1529 6.8313460061211
1529 0
1529 0
1529 0
1529 0
1529 0
1529 0
1529 0
1529 0
1529 0
1529 0
1529 0
1529 11.8268162250459
1529 11.8268162250459
1529 11.8268162250459
1529 0
1529 139.969155844156
1529 0
1529 0
1529 0
1529 0
1529 0
1529 0
1529 9.81264752402888
1529 9.81264752402888
1529 0
1529 0
1625 0
1625 170.338707327049
1625 170.338707327049
1625 170.338707327049
1625 170.338707327049
1625 0
1625 10.927032446396
1625 6.8313460061211
1625 6.8313460061211
1625 6.8313460061211
1625 6.8313460061211
1625 0
1625 0
1625 0
1625 0
1625 0
1625 0
1625 0
1625 0
1625 0
1625 0
1625 0
1625 11.8268162250459
1625 11.8268162250459
1625 11.8268162250459
1625 0
1625 139.969155844156
1625 0
1625 0
1625 0
1625 0
1625 0
1625 0
1625 9.81264752402888
1625 9.81264752402888
1625 0
1625 0
2258 0
2258 170.338707327049
2258 170.338707327049
2258 170.338707327049
2258 170.338707327049
2258 0
2258 10.927032446396
2258 6.8313460061211
2258 6.8313460061211
2258 6.8313460061211
2258 6.8313460061211
2258 0
2258 0
2258 0
2258 0
2258 0
2258 0
2258 0
2258 0
2258 0
2258 0
2258 0
2258 11.8268162250459
2258 11.8268162250459
2258 11.8268162250459
2258 0
2258 139.969155844156
2258 0
2258 0
2258 0
2258 0
2258 0
2258 0
2258 9.81264752402888
2258 9.81264752402888
2258 0
2258 0
2337 0
2337 170.338707327049
2337 170.338707327049
2337 170.338707327049
2337 170.338707327049
2337 0
2337 10.927032446396
2337 6.8313460061211
2337 6.8313460061211
2337 6.8313460061211
2337 6.8313460061211
2337 0
2337 0
2337 0
2337 0
2337 0
2337 0
2337 0
2337 0
2337 0
2337 0
2337 0
2337 11.8268162250459
2337 11.8268162250459
2337 11.8268162250459
2337 0
2337 139.969155844156
2337 0
2337 0
2337 0
2337 0
2337 0
2337 0
2337 9.81264752402888
2337 9.81264752402888
2337 0
2337 0
2422 0
2422 170.338707327049
2422 170.338707327049
2422 170.338707327049
2422 170.338707327049
2422 0
2422 10.927032446396
2422 6.8313460061211
2422 6.8313460061211
2422 6.8313460061211
2422 6.8313460061211
2422 0
2422 0
2422 0
2422 0
2422 0
2422 0
2422 0
2422 0
2422 0
2422 0
2422 0
2422 11.8268162250459
2422 11.8268162250459
2422 11.8268162250459
2422 0
2422 139.969155844156
2422 0
2422 0
2422 0
2422 0
2422 0
2422 0
2422 9.81264752402888
2422 9.81264752402888
2422 0
2422 0
4571 0
4571 170.338707327049
4571 170.338707327049
4571 170.338707327049
4571 170.338707327049
4571 0
4571 10.927032446396
4571 6.8313460061211
4571 6.8313460061211
4571 6.8313460061211
4571 6.8313460061211
4571 0
4571 0
4571 0
4571 0
4571 0
4571 0
4571 0
4571 0
4571 0
4571 0
4571 0
4571 11.8268162250459
4571 11.8268162250459
4571 11.8268162250459
4571 0
4571 139.969155844156
4571 0
4571 0
4571 0
4571 0
4571 0
4571 0
4571 9.81264752402888
4571 9.81264752402888
4571 0
4571 0
2259 0
2259 170.338707327049
2259 170.338707327049
2259 170.338707327049
2259 170.338707327049
2259 0
2259 10.927032446396
2259 6.8313460061211
2259 6.8313460061211
2259 6.8313460061211
2259 6.8313460061211
2259 0
2259 0
2259 0
2259 0
2259 0
2259 0
2259 0
2259 0
2259 0
2259 0
2259 0
2259 11.8268162250459
2259 11.8268162250459
2259 11.8268162250459
2259 0
2259 139.969155844156
2259 0
2259 0
2259 0
2259 0
2259 0
2259 0
2259 9.81264752402888
2259 9.81264752402888
2259 0
2259 0
1734 0
1734 170.338707327049
1734 170.338707327049
1734 170.338707327049
1734 170.338707327049
1734 0
1734 10.927032446396
1734 6.8313460061211
1734 6.8313460061211
1734 6.8313460061211
1734 6.8313460061211
1734 0
1734 0
1734 0
1734 0
1734 0
1734 0
1734 0
1734 0
1734 0
1734 0
1734 0
1734 11.8268162250459
1734 11.8268162250459
1734 11.8268162250459
1734 0
1734 139.969155844156
1734 0
1734 0
1734 0
1734 0
1734 0
1734 0
1734 9.81264752402888
1734 9.81264752402888
1734 0
1734 0
1792 0
1792 170.338707327049
1792 170.338707327049
1792 170.338707327049
1792 170.338707327049
1792 0
1792 10.927032446396
1792 6.8313460061211
1792 6.8313460061211
1792 6.8313460061211
1792 6.8313460061211
1792 0
1792 0
1792 0
1792 0
1792 0
1792 0
1792 0
1792 0
1792 0
1792 0
1792 0
1792 11.8268162250459
1792 11.8268162250459
1792 11.8268162250459
1792 0
1792 139.969155844156
1792 0
1792 0
1792 0
1792 0
1792 0
1792 0
1792 9.81264752402888
1792 9.81264752402888
1792 0
1792 0
2088 0
2088 170.338707327049
2088 170.338707327049
2088 170.338707327049
2088 170.338707327049
2088 0
2088 10.927032446396
2088 6.8313460061211
2088 6.8313460061211
2088 6.8313460061211
2088 6.8313460061211
2088 0
2088 0
2088 0
2088 0
2088 0
2088 0
2088 0
2088 0
2088 0
2088 0
2088 0
2088 11.8268162250459
2088 11.8268162250459
2088 11.8268162250459
2088 0
2088 139.969155844156
2088 0
2088 0
2088 0
2088 0
2088 0
2088 0
2088 9.81264752402888
2088 9.81264752402888
2088 0
2088 0
2601 0
2601 170.338707327049
2601 170.338707327049
2601 170.338707327049
2601 170.338707327049
2601 0
2601 10.927032446396
2601 6.8313460061211
2601 6.8313460061211
2601 6.8313460061211
2601 6.8313460061211
2601 0
2601 0
2601 0
2601 0
2601 0
2601 0
2601 0
2601 0
2601 0
2601 0
2601 0
2601 11.8268162250459
2601 11.8268162250459
2601 11.8268162250459
2601 0
2601 139.969155844156
2601 0
2601 0
2601 0
2601 0
2601 0
2601 0
2601 9.81264752402888
2601 9.81264752402888
2601 0
2601 0
1581 0
1581 170.338707327049
1581 170.338707327049
1581 170.338707327049
1581 170.338707327049
1581 0
1581 10.927032446396
1581 6.8313460061211
1581 6.8313460061211
1581 6.8313460061211
1581 6.8313460061211
1581 0
1581 0
1581 0
1581 0
1581 0
1581 0
1581 0
1581 0
1581 0
1581 0
1581 0
1581 11.8268162250459
1581 11.8268162250459
1581 11.8268162250459
1581 0
1581 139.969155844156
1581 0
1581 0
1581 0
1581 0
1581 0
1581 0
1581 9.81264752402888
1581 9.81264752402888
1581 0
1581 0
1533 0
1533 170.338707327049
1533 170.338707327049
1533 170.338707327049
1533 170.338707327049
1533 0
1533 10.927032446396
1533 6.8313460061211
1533 6.8313460061211
1533 6.8313460061211
1533 6.8313460061211
1533 0
1533 0
1533 0
1533 0
1533 0
1533 0
1533 0
1533 0
1533 0
1533 0
1533 0
1533 11.8268162250459
1533 11.8268162250459
1533 11.8268162250459
1533 0
1533 139.969155844156
1533 0
1533 0
1533 0
1533 0
1533 0
1533 0
1533 9.81264752402888
1533 9.81264752402888
1533 0
1533 0
1583 0
1583 170.338707327049
1583 170.338707327049
1583 170.338707327049
1583 170.338707327049
1583 0
1583 10.927032446396
1583 6.8313460061211
1583 6.8313460061211
1583 6.8313460061211
1583 6.8313460061211
1583 0
1583 0
1583 0
1583 0
1583 0
1583 0
1583 0
1583 0
1583 0
1583 0
1583 0
1583 11.8268162250459
1583 11.8268162250459
1583 11.8268162250459
1583 0
1583 139.969155844156
1583 0
1583 0
1583 0
1583 0
1583 0
1583 0
1583 9.81264752402888
1583 9.81264752402888
1583 0
1583 0
1680 0
1680 170.338707327049
1680 170.338707327049
1680 170.338707327049
1680 170.338707327049
1680 0
1680 10.927032446396
1680 6.8313460061211
1680 6.8313460061211
1680 6.8313460061211
1680 6.8313460061211
1680 0
1680 0
1680 0
1680 0
1680 0
1680 0
1680 0
1680 0
1680 0
1680 0
1680 0
1680 11.8268162250459
1680 11.8268162250459
1680 11.8268162250459
1680 0
1680 139.969155844156
1680 0
1680 0
1680 0
1680 0
1680 0
1680 0
1680 9.81264752402888
1680 9.81264752402888
1680 0
1680 0
1584 0
1584 170.338707327049
1584 170.338707327049
1584 170.338707327049
1584 170.338707327049
1584 0
1584 10.927032446396
1584 6.8313460061211
1584 6.8313460061211
1584 6.8313460061211
1584 6.8313460061211
1584 0
1584 0
1584 0
1584 0
1584 0
1584 0
1584 0
1584 0
1584 0
1584 0
1584 0
1584 11.8268162250459
1584 11.8268162250459
1584 11.8268162250459
1584 0
1584 139.969155844156
1584 0
1584 0
1584 0
1584 0
1584 0
1584 0
1584 9.81264752402888
1584 9.81264752402888
1584 0
1584 0
4616 0
4616 170.338707327049
4616 170.338707327049
4616 170.338707327049
4616 170.338707327049
4616 0
4616 10.927032446396
4616 6.8313460061211
4616 6.8313460061211
4616 6.8313460061211
4616 6.8313460061211
4616 0
4616 0
4616 0
4616 0
4616 0
4616 0
4616 0
4616 0
4616 0
4616 0
4616 0
4616 11.8268162250459
4616 11.8268162250459
4616 11.8268162250459
4616 0
4616 139.969155844156
4616 0
4616 0
4616 0
4616 0
4616 0
4616 0
4616 9.81264752402888
4616 9.81264752402888
4616 0
4616 0
5069 0
5069 170.338707327049
5069 170.338707327049
5069 170.338707327049
5069 170.338707327049
5069 0
5069 10.927032446396
5069 6.8313460061211
5069 6.8313460061211
5069 6.8313460061211
5069 6.8313460061211
5069 0
5069 0
5069 0
5069 0
5069 0
5069 0
5069 0
5069 0
5069 0
5069 0
5069 0
5069 11.8268162250459
5069 11.8268162250459
5069 11.8268162250459
5069 0
5069 139.969155844156
5069 0
5069 0
5069 0
5069 0
5069 0
5069 0
5069 9.81264752402888
5069 9.81264752402888
5069 0
5069 0
2890 0
2890 170.338707327049
2890 170.338707327049
2890 170.338707327049
2890 170.338707327049
2890 0
2890 10.927032446396
2890 6.8313460061211
2890 6.8313460061211
2890 6.8313460061211
2890 6.8313460061211
2890 0
2890 0
2890 0
2890 0
2890 0
2890 0
2890 0
2890 0
2890 0
2890 0
2890 0
2890 11.8268162250459
2890 11.8268162250459
2890 11.8268162250459
2890 0
2890 139.969155844156
2890 0
2890 0
2890 0
2890 0
2890 0
2890 0
2890 9.81264752402888
2890 9.81264752402888
2890 0
2890 0
4582 0
4582 170.338707327049
4582 170.338707327049
4582 170.338707327049
4582 170.338707327049
4582 0
4582 10.927032446396
4582 6.8313460061211
4582 6.8313460061211
4582 6.8313460061211
4582 6.8313460061211
4582 0
4582 0
4582 0
4582 0
4582 0
4582 0
4582 0
4582 0
4582 0
4582 0
4582 0
4582 11.8268162250459
4582 11.8268162250459
4582 11.8268162250459
4582 0
4582 139.969155844156
4582 0
4582 0
4582 0
4582 0
4582 0
4582 0
4582 9.81264752402888
4582 9.81264752402888
4582 0
4582 0
2983 0
2983 170.338707327049
2983 170.338707327049
2983 170.338707327049
2983 170.338707327049
2983 0
2983 10.927032446396
2983 6.8313460061211
2983 6.8313460061211
2983 6.8313460061211
2983 6.8313460061211
2983 0
2983 0
2983 0
2983 0
2983 0
2983 0
2983 0
2983 0
2983 0
2983 0
2983 0
2983 11.8268162250459
2983 11.8268162250459
2983 11.8268162250459
2983 0
2983 139.969155844156
2983 0
2983 0
2983 0
2983 0
2983 0
2983 0
2983 9.81264752402888
2983 9.81264752402888
2983 0
2983 0
4584 0
4584 170.338707327049
4584 170.338707327049
4584 170.338707327049
4584 170.338707327049
4584 0
4584 10.927032446396
4584 6.8313460061211
4584 6.8313460061211
4584 6.8313460061211
4584 6.8313460061211
4584 0
4584 0
4584 0
4584 0
4584 0
4584 0
4584 0
4584 0
4584 0
4584 0
4584 0
4584 11.8268162250459
4584 11.8268162250459
4584 11.8268162250459
4584 0
4584 139.969155844156
4584 0
4584 0
4584 0
4584 0
4584 0
4584 0
4584 9.81264752402888
4584 9.81264752402888
4584 0
4584 0
2895 0
2895 170.338707327049
2895 170.338707327049
2895 170.338707327049
2895 170.338707327049
2895 0
2895 10.927032446396
2895 6.8313460061211
2895 6.8313460061211
2895 6.8313460061211
2895 6.8313460061211
2895 0
2895 0
2895 0
2895 0
2895 0
2895 0
2895 0
2895 0
2895 0
2895 0
2895 0
2895 11.8268162250459
2895 11.8268162250459
2895 11.8268162250459
2895 0
2895 139.969155844156
2895 0
2895 0
2895 0
2895 0
2895 0
2895 0
2895 9.81264752402888
2895 9.81264752402888
2895 0
2895 0
2800 0
2800 170.338707327049
2800 170.338707327049
2800 170.338707327049
2800 170.338707327049
2800 0
2800 10.927032446396
2800 6.8313460061211
2800 6.8313460061211
2800 6.8313460061211
2800 6.8313460061211
2800 0
2800 0
2800 0
2800 0
2800 0
2800 0
2800 0
2800 0
2800 0
2800 0
2800 0
2800 11.8268162250459
2800 11.8268162250459
2800 11.8268162250459
2800 0
2800 139.969155844156
2800 0
2800 0
2800 0
2800 0
2800 0
2800 0
2800 9.81264752402888
2800 9.81264752402888
2800 0
2800 0
2896 0
2896 170.338707327049
2896 170.338707327049
2896 170.338707327049
2896 170.338707327049
2896 0
2896 10.927032446396
2896 6.8313460061211
2896 6.8313460061211
2896 6.8313460061211
2896 6.8313460061211
2896 0
2896 0
2896 0
2896 0
2896 0
2896 0
2896 0
2896 0
2896 0
2896 0
2896 0
2896 11.8268162250459
2896 11.8268162250459
2896 11.8268162250459
2896 0
2896 139.969155844156
2896 0
2896 0
2896 0
2896 0
2896 0
2896 0
2896 9.81264752402888
2896 9.81264752402888
2896 0
2896 0
2707 0
2707 170.338707327049
2707 170.338707327049
2707 170.338707327049
2707 170.338707327049
2707 0
2707 10.927032446396
2707 6.8313460061211
2707 6.8313460061211
2707 6.8313460061211
2707 6.8313460061211
2707 0
2707 0
2707 0
2707 0
2707 0
2707 0
2707 0
2707 0
2707 0
2707 0
2707 0
2707 11.8268162250459
2707 11.8268162250459
2707 11.8268162250459
2707 0
2707 139.969155844156
2707 0
2707 0
2707 0
2707 0
2707 0
2707 0
2707 9.81264752402888
2707 9.81264752402888
2707 0
2707 0
2801 0
2801 170.338707327049
2801 170.338707327049
2801 170.338707327049
2801 170.338707327049
2801 0
2801 10.927032446396
2801 6.8313460061211
2801 6.8313460061211
2801 6.8313460061211
2801 6.8313460061211
2801 0
2801 0
2801 0
2801 0
2801 0
2801 0
2801 0
2801 0
2801 0
2801 0
2801 0
2801 11.8268162250459
2801 11.8268162250459
2801 11.8268162250459
2801 0
2801 139.969155844156
2801 0
2801 0
2801 0
2801 0
2801 0
2801 0
2801 9.81264752402888
2801 9.81264752402888
2801 0
2801 0
2615 0
2615 170.338707327049
2615 170.338707327049
2615 170.338707327049
2615 170.338707327049
2615 0
2615 10.927032446396
2615 6.8313460061211
2615 6.8313460061211
2615 6.8313460061211
2615 6.8313460061211
2615 0
2615 0
2615 0
2615 0
2615 0
2615 0
2615 0
2615 0
2615 0
2615 0
2615 0
2615 11.8268162250459
2615 11.8268162250459
2615 11.8268162250459
2615 0
2615 139.969155844156
2615 0
2615 0
2615 0
2615 0
2615 0
2615 0
2615 9.81264752402888
2615 9.81264752402888
2615 0
2615 0
2816 0
2816 170.338707327049
2816 170.338707327049
2816 170.338707327049
2816 170.338707327049
2816 0
2816 10.927032446396
2816 6.8313460061211
2816 6.8313460061211
2816 6.8313460061211
2816 6.8313460061211
2816 0
2816 0
2816 0
2816 0
2816 0
2816 0
2816 0
2816 0
2816 0
2816 0
2816 0
2816 11.8268162250459
2816 11.8268162250459
2816 11.8268162250459
2816 0
2816 139.969155844156
2816 0
2816 0
2816 0
2816 0
2816 0
2816 0
2816 9.81264752402888
2816 9.81264752402888
2816 0
2816 0
2912 0
2912 170.338707327049
2912 170.338707327049
2912 170.338707327049
2912 170.338707327049
2912 0
2912 10.927032446396
2912 6.8313460061211
2912 6.8313460061211
2912 6.8313460061211
2912 6.8313460061211
2912 0
2912 0
2912 0
2912 0
2912 0
2912 0
2912 0
2912 0
2912 0
2912 0
2912 0
2912 11.8268162250459
2912 11.8268162250459
2912 11.8268162250459
2912 0
2912 139.969155844156
2912 0
2912 0
2912 0
2912 0
2912 0
2912 0
2912 9.81264752402888
2912 9.81264752402888
2912 0
2912 0
3682 0
3682 170.338707327049
3682 170.338707327049
3682 170.338707327049
3682 170.338707327049
3682 0
3682 10.927032446396
3682 6.8313460061211
3682 6.8313460061211
3682 6.8313460061211
3682 6.8313460061211
3682 0
3682 0
3682 0
3682 0
3682 0
3682 0
3682 0
3682 0
3682 0
3682 0
3682 0
3682 11.8268162250459
3682 11.8268162250459
3682 11.8268162250459
3682 0
3682 139.969155844156
3682 0
3682 0
3682 0
3682 0
3682 0
3682 0
3682 9.81264752402888
3682 9.81264752402888
3682 0
3682 0
3801 0
3801 170.338707327049
3801 170.338707327049
3801 170.338707327049
3801 170.338707327049
3801 0
3801 10.927032446396
3801 6.8313460061211
3801 6.8313460061211
3801 6.8313460061211
3801 6.8313460061211
3801 0
3801 0
3801 0
3801 0
3801 0
3801 0
3801 0
3801 0
3801 0
3801 0
3801 0
3801 11.8268162250459
3801 11.8268162250459
3801 11.8268162250459
3801 0
3801 139.969155844156
3801 0
3801 0
3801 0
3801 0
3801 0
3801 0
3801 9.81264752402888
3801 9.81264752402888
3801 0
3801 0
3965 0
3965 170.338707327049
3965 170.338707327049
3965 170.338707327049
3965 170.338707327049
3965 0
3965 10.927032446396
3965 6.8313460061211
3965 6.8313460061211
3965 6.8313460061211
3965 6.8313460061211
3965 0
3965 0
3965 0
3965 0
3965 0
3965 0
3965 0
3965 0
3965 0
3965 0
3965 0
3965 11.8268162250459
3965 11.8268162250459
3965 11.8268162250459
3965 0
3965 139.969155844156
3965 0
3965 0
3965 0
3965 0
3965 0
3965 0
3965 9.81264752402888
3965 9.81264752402888
3965 0
3965 0
3912 0
3912 170.338707327049
3912 170.338707327049
3912 170.338707327049
3912 170.338707327049
3912 0
3912 10.927032446396
3912 6.8313460061211
3912 6.8313460061211
3912 6.8313460061211
3912 6.8313460061211
3912 0
3912 0
3912 0
3912 0
3912 0
3912 0
3912 0
3912 0
3912 0
3912 0
3912 0
3912 11.8268162250459
3912 11.8268162250459
3912 11.8268162250459
3912 0
3912 139.969155844156
3912 0
3912 0
3912 0
3912 0
3912 0
3912 0
3912 9.81264752402888
3912 9.81264752402888
3912 0
3912 0
3803 0
3803 170.338707327049
3803 170.338707327049
3803 170.338707327049
3803 170.338707327049
3803 0
3803 10.927032446396
3803 6.8313460061211
3803 6.8313460061211
3803 6.8313460061211
3803 6.8313460061211
3803 0
3803 0
3803 0
3803 0
3803 0
3803 0
3803 0
3803 0
3803 0
3803 0
3803 0
3803 11.8268162250459
3803 11.8268162250459
3803 11.8268162250459
3803 0
3803 139.969155844156
3803 0
3803 0
3803 0
3803 0
3803 0
3803 0
3803 9.81264752402888
3803 9.81264752402888
3803 0
3803 0
4561 0
4561 170.338707327049
4561 170.338707327049
4561 170.338707327049
4561 170.338707327049
4561 0
4561 10.927032446396
4561 6.8313460061211
4561 6.8313460061211
4561 6.8313460061211
4561 6.8313460061211
4561 0
4561 0
4561 0
4561 0
4561 0
4561 0
4561 0
4561 0
4561 0
4561 0
4561 0
4561 11.8268162250459
4561 11.8268162250459
4561 11.8268162250459
4561 0
4561 139.969155844156
4561 0
4561 0
4561 0
4561 0
4561 0
4561 0
4561 9.81264752402888
4561 9.81264752402888
4561 0
4561 0
3745 0
3745 170.338707327049
3745 170.338707327049
3745 170.338707327049
3745 170.338707327049
3745 0
3745 10.927032446396
3745 6.8313460061211
3745 6.8313460061211
3745 6.8313460061211
3745 6.8313460061211
3745 0
3745 0
3745 0
3745 0
3745 0
3745 0
3745 0
3745 0
3745 0
3745 0
3745 0
3745 11.8268162250459
3745 11.8268162250459
3745 11.8268162250459
3745 0
3745 139.969155844156
3745 0
3745 0
3745 0
3745 0
3745 0
3745 0
3745 9.81264752402888
3745 9.81264752402888
3745 0
3745 0
4028 0
4028 170.338707327049
4028 170.338707327049
4028 170.338707327049
4028 170.338707327049
4028 0
4028 10.927032446396
4028 6.8313460061211
4028 6.8313460061211
4028 6.8313460061211
4028 6.8313460061211
4028 0
4028 0
4028 0
4028 0
4028 0
4028 0
4028 0
4028 0
4028 0
4028 0
4028 0
4028 11.8268162250459
4028 11.8268162250459
4028 11.8268162250459
4028 0
4028 139.969155844156
4028 0
4028 0
4028 0
4028 0
4028 0
4028 0
4028 9.81264752402888
4028 9.81264752402888
4028 0
4028 0
3805 0
3805 170.338707327049
3805 170.338707327049
3805 170.338707327049
3805 170.338707327049
3805 0
3805 10.927032446396
3805 6.8313460061211
3805 6.8313460061211
3805 6.8313460061211
3805 6.8313460061211
3805 0
3805 0
3805 0
3805 0
3805 0
3805 0
3805 0
3805 0
3805 0
3805 0
3805 0
3805 11.8268162250459
3805 11.8268162250459
3805 11.8268162250459
3805 0
3805 139.969155844156
3805 0
3805 0
3805 0
3805 0
3805 0
3805 0
3805 9.81264752402888
3805 9.81264752402888
3805 0
3805 0
4327 0
4327 170.338707327049
4327 170.338707327049
4327 170.338707327049
4327 170.338707327049
4327 0
4327 10.927032446396
4327 6.8313460061211
4327 6.8313460061211
4327 6.8313460061211
4327 6.8313460061211
4327 0
4327 0
4327 0
4327 0
4327 0
4327 0
4327 0
4327 0
4327 0
4327 0
4327 0
4327 11.8268162250459
4327 11.8268162250459
4327 11.8268162250459
4327 0
4327 139.969155844156
4327 0
4327 0
4327 0
4327 0
4327 0
4327 0
4327 9.81264752402888
4327 9.81264752402888
4327 0
4327 0
4370 0
4370 170.338707327049
4370 170.338707327049
4370 170.338707327049
4370 170.338707327049
4370 0
4370 10.927032446396
4370 6.8313460061211
4370 6.8313460061211
4370 6.8313460061211
4370 6.8313460061211
4370 0
4370 0
4370 0
4370 0
4370 0
4370 0
4370 0
4370 0
4370 0
4370 0
4370 0
4370 11.8268162250459
4370 11.8268162250459
4370 11.8268162250459
4370 0
4370 139.969155844156
4370 0
4370 0
4370 0
4370 0
4370 0
4370 0
4370 9.81264752402888
4370 9.81264752402888
4370 0
4370 0
4410 0
4410 170.338707327049
4410 170.338707327049
4410 170.338707327049
4410 170.338707327049
4410 0
4410 10.927032446396
4410 6.8313460061211
4410 6.8313460061211
4410 6.8313460061211
4410 6.8313460061211
4410 0
4410 0
4410 0
4410 0
4410 0
4410 0
4410 0
4410 0
4410 0
4410 0
4410 0
4410 11.8268162250459
4410 11.8268162250459
4410 11.8268162250459
4410 0
4410 139.969155844156
4410 0
4410 0
4410 0
4410 0
4410 0
4410 0
4410 9.81264752402888
4410 9.81264752402888
4410 0
4410 0
3970 0
3970 170.338707327049
3970 170.338707327049
3970 170.338707327049
3970 170.338707327049
3970 0
3970 10.927032446396
3970 6.8313460061211
3970 6.8313460061211
3970 6.8313460061211
3970 6.8313460061211
3970 0
3970 0
3970 0
3970 0
3970 0
3970 0
3970 0
3970 0
3970 0
3970 0
3970 0
3970 11.8268162250459
3970 11.8268162250459
3970 11.8268162250459
3970 0
3970 139.969155844156
3970 0
3970 0
3970 0
3970 0
3970 0
3970 0
3970 9.81264752402888
3970 9.81264752402888
3970 0
3970 0
4030 0
4030 170.338707327049
4030 170.338707327049
4030 170.338707327049
4030 170.338707327049
4030 0
4030 10.927032446396
4030 6.8313460061211
4030 6.8313460061211
4030 6.8313460061211
4030 6.8313460061211
4030 0
4030 0
4030 0
4030 0
4030 0
4030 0
4030 0
4030 0
4030 0
4030 0
4030 0
4030 11.8268162250459
4030 11.8268162250459
4030 11.8268162250459
4030 0
4030 139.969155844156
4030 0
4030 0
4030 0
4030 0
4030 0
4030 0
4030 9.81264752402888
4030 9.81264752402888
4030 0
4030 0
4081 0
4081 170.338707327049
4081 170.338707327049
4081 170.338707327049
4081 170.338707327049
4081 0
4081 10.927032446396
4081 6.8313460061211
4081 6.8313460061211
4081 6.8313460061211
4081 6.8313460061211
4081 0
4081 0
4081 0
4081 0
4081 0
4081 0
4081 0
4081 0
4081 0
4081 0
4081 0
4081 11.8268162250459
4081 11.8268162250459
4081 11.8268162250459
4081 0
4081 139.969155844156
4081 0
4081 0
4081 0
4081 0
4081 0
4081 0
4081 9.81264752402888
4081 9.81264752402888
4081 0
4081 0
4126 0
4126 170.338707327049
4126 170.338707327049
4126 170.338707327049
4126 170.338707327049
4126 0
4126 10.927032446396
4126 6.8313460061211
4126 6.8313460061211
4126 6.8313460061211
4126 6.8313460061211
4126 0
4126 0
4126 0
4126 0
4126 0
4126 0
4126 0
4126 0
4126 0
4126 0
4126 0
4126 11.8268162250459
4126 11.8268162250459
4126 11.8268162250459
4126 0
4126 139.969155844156
4126 0
4126 0
4126 0
4126 0
4126 0
4126 0
4126 9.81264752402888
4126 9.81264752402888
4126 0
4126 0
4169 0
4169 170.338707327049
4169 170.338707327049
4169 170.338707327049
4169 170.338707327049
4169 0
4169 10.927032446396
4169 6.8313460061211
4169 6.8313460061211
4169 6.8313460061211
4169 6.8313460061211
4169 0
4169 0
4169 0
4169 0
4169 0
4169 0
4169 0
4169 0
4169 0
4169 0
4169 0
4169 11.8268162250459
4169 11.8268162250459
4169 11.8268162250459
4169 0
4169 139.969155844156
4169 0
4169 0
4169 0
4169 0
4169 0
4169 0
4169 9.81264752402888
4169 9.81264752402888
4169 0
4169 0
4328 0
4328 170.338707327049
4328 170.338707327049
4328 170.338707327049
4328 170.338707327049
4328 0
4328 10.927032446396
4328 6.8313460061211
4328 6.8313460061211
4328 6.8313460061211
4328 6.8313460061211
4328 0
4328 0
4328 0
4328 0
4328 0
4328 0
4328 0
4328 0
4328 0
4328 0
4328 0
4328 11.8268162250459
4328 11.8268162250459
4328 11.8268162250459
4328 0
4328 139.969155844156
4328 0
4328 0
4328 0
4328 0
4328 0
4328 0
4328 9.81264752402888
4328 9.81264752402888
4328 0
4328 0
4371 0
4371 170.338707327049
4371 170.338707327049
4371 170.338707327049
4371 170.338707327049
4371 0
4371 10.927032446396
4371 6.8313460061211
4371 6.8313460061211
4371 6.8313460061211
4371 6.8313460061211
4371 0
4371 0
4371 0
4371 0
4371 0
4371 0
4371 0
4371 0
4371 0
4371 0
4371 0
4371 11.8268162250459
4371 11.8268162250459
4371 11.8268162250459
4371 0
4371 139.969155844156
4371 0
4371 0
4371 0
4371 0
4371 0
4371 0
4371 9.81264752402888
4371 9.81264752402888
4371 0
4371 0
4451 0
4451 170.338707327049
4451 170.338707327049
4451 170.338707327049
4451 170.338707327049
4451 0
4451 10.927032446396
4451 6.8313460061211
4451 6.8313460061211
4451 6.8313460061211
4451 6.8313460061211
4451 0
4451 0
4451 0
4451 0
4451 0
4451 0
4451 0
4451 0
4451 0
4451 0
4451 0
4451 11.8268162250459
4451 11.8268162250459
4451 11.8268162250459
4451 0
4451 139.969155844156
4451 0
4451 0
4451 0
4451 0
4451 0
4451 0
4451 9.81264752402888
4451 9.81264752402888
4451 0
4451 0
4288 0
4288 170.338707327049
4288 170.338707327049
4288 170.338707327049
4288 170.338707327049
4288 0
4288 10.927032446396
4288 6.8313460061211
4288 6.8313460061211
4288 6.8313460061211
4288 6.8313460061211
4288 0
4288 0
4288 0
4288 0
4288 0
4288 0
4288 0
4288 0
4288 0
4288 0
4288 0
4288 11.8268162250459
4288 11.8268162250459
4288 11.8268162250459
4288 0
4288 139.969155844156
4288 0
4288 0
4288 0
4288 0
4288 0
4288 0
4288 9.81264752402888
4288 9.81264752402888
4288 0
4288 0
4329 0
4329 170.338707327049
4329 170.338707327049
4329 170.338707327049
4329 170.338707327049
4329 0
4329 10.927032446396
4329 6.8313460061211
4329 6.8313460061211
4329 6.8313460061211
4329 6.8313460061211
4329 0
4329 0
4329 0
4329 0
4329 0
4329 0
4329 0
4329 0
4329 0
4329 0
4329 0
4329 11.8268162250459
4329 11.8268162250459
4329 11.8268162250459
4329 0
4329 139.969155844156
4329 0
4329 0
4329 0
4329 0
4329 0
4329 0
4329 9.81264752402888
4329 9.81264752402888
4329 0
4329 0
4412 0
4412 170.338707327049
4412 170.338707327049
4412 170.338707327049
4412 170.338707327049
4412 0
4412 10.927032446396
4412 6.8313460061211
4412 6.8313460061211
4412 6.8313460061211
4412 6.8313460061211
4412 0
4412 0
4412 0
4412 0
4412 0
4412 0
4412 0
4412 0
4412 0
4412 0
4412 0
4412 11.8268162250459
4412 11.8268162250459
4412 11.8268162250459
4412 0
4412 139.969155844156
4412 0
4412 0
4412 0
4412 0
4412 0
4412 0
4412 9.81264752402888
4412 9.81264752402888
4412 0
4412 0
3972 0
3972 170.338707327049
3972 170.338707327049
3972 170.338707327049
3972 170.338707327049
3972 0
3972 10.927032446396
3972 6.8313460061211
3972 6.8313460061211
3972 6.8313460061211
3972 6.8313460061211
3972 0
3972 0
3972 0
3972 0
3972 0
3972 0
3972 0
3972 0
3972 0
3972 0
3972 0
3972 11.8268162250459
3972 11.8268162250459
3972 11.8268162250459
3972 0
3972 139.969155844156
3972 0
3972 0
3972 0
3972 0
3972 0
3972 0
3972 9.81264752402888
3972 9.81264752402888
3972 0
3972 0
4246 0
4246 170.338707327049
4246 170.338707327049
4246 170.338707327049
4246 170.338707327049
4246 0
4246 10.927032446396
4246 6.8313460061211
4246 6.8313460061211
4246 6.8313460061211
4246 6.8313460061211
4246 0
4246 0
4246 0
4246 0
4246 0
4246 0
4246 0
4246 0
4246 0
4246 0
4246 0
4246 11.8268162250459
4246 11.8268162250459
4246 11.8268162250459
4246 0
4246 139.969155844156
4246 0
4246 0
4246 0
4246 0
4246 0
4246 0
4246 9.81264752402888
4246 9.81264752402888
4246 0
4246 0
4289 0
4289 170.338707327049
4289 170.338707327049
4289 170.338707327049
4289 170.338707327049
4289 0
4289 10.927032446396
4289 6.8313460061211
4289 6.8313460061211
4289 6.8313460061211
4289 6.8313460061211
4289 0
4289 0
4289 0
4289 0
4289 0
4289 0
4289 0
4289 0
4289 0
4289 0
4289 0
4289 11.8268162250459
4289 11.8268162250459
4289 11.8268162250459
4289 0
4289 139.969155844156
4289 0
4289 0
4289 0
4289 0
4289 0
4289 0
4289 9.81264752402888
4289 9.81264752402888
4289 0
4289 0
4330 0
4330 170.338707327049
4330 170.338707327049
4330 170.338707327049
4330 170.338707327049
4330 0
4330 10.927032446396
4330 6.8313460061211
4330 6.8313460061211
4330 6.8313460061211
4330 6.8313460061211
4330 0
4330 0
4330 0
4330 0
4330 0
4330 0
4330 0
4330 0
4330 0
4330 0
4330 0
4330 11.8268162250459
4330 11.8268162250459
4330 11.8268162250459
4330 0
4330 139.969155844156
4330 0
4330 0
4330 0
4330 0
4330 0
4330 0
4330 9.81264752402888
4330 9.81264752402888
4330 0
4330 0
4373 0
4373 170.338707327049
4373 170.338707327049
4373 170.338707327049
4373 170.338707327049
4373 0
4373 10.927032446396
4373 6.8313460061211
4373 6.8313460061211
4373 6.8313460061211
4373 6.8313460061211
4373 0
4373 0
4373 0
4373 0
4373 0
4373 0
4373 0
4373 0
4373 0
4373 0
4373 0
4373 11.8268162250459
4373 11.8268162250459
4373 11.8268162250459
4373 0
4373 139.969155844156
4373 0
4373 0
4373 0
4373 0
4373 0
4373 0
4373 9.81264752402888
4373 9.81264752402888
4373 0
4373 0
4413 0
4413 170.338707327049
4413 170.338707327049
4413 170.338707327049
4413 170.338707327049
4413 0
4413 10.927032446396
4413 6.8313460061211
4413 6.8313460061211
4413 6.8313460061211
4413 6.8313460061211
4413 0
4413 0
4413 0
4413 0
4413 0
4413 0
4413 0
4413 0
4413 0
4413 0
4413 0
4413 11.8268162250459
4413 11.8268162250459
4413 11.8268162250459
4413 0
4413 139.969155844156
4413 0
4413 0
4413 0
4413 0
4413 0
4413 0
4413 9.81264752402888
4413 9.81264752402888
4413 0
4413 0
3919 0
3919 170.338707327049
3919 170.338707327049
3919 170.338707327049
3919 170.338707327049
3919 0
3919 10.927032446396
3919 6.8313460061211
3919 6.8313460061211
3919 6.8313460061211
3919 6.8313460061211
3919 0
3919 0
3919 0
3919 0
3919 0
3919 0
3919 0
3919 0
3919 0
3919 0
3919 0
3919 11.8268162250459
3919 11.8268162250459
3919 11.8268162250459
3919 0
3919 139.969155844156
3919 0
3919 0
3919 0
3919 0
3919 0
3919 0
3919 9.81264752402888
3919 9.81264752402888
3919 0
3919 0
4084 0
4084 170.338707327049
4084 170.338707327049
4084 170.338707327049
4084 170.338707327049
4084 0
4084 10.927032446396
4084 6.8313460061211
4084 6.8313460061211
4084 6.8313460061211
4084 6.8313460061211
4084 0
4084 0
4084 0
4084 0
4084 0
4084 0
4084 0
4084 0
4084 0
4084 0
4084 0
4084 11.8268162250459
4084 11.8268162250459
4084 11.8268162250459
4084 0
4084 139.969155844156
4084 0
4084 0
4084 0
4084 0
4084 0
4084 0
4084 9.81264752402888
4084 9.81264752402888
4084 0
4084 0
4209 0
4209 170.338707327049
4209 170.338707327049
4209 170.338707327049
4209 170.338707327049
4209 0
4209 10.927032446396
4209 6.8313460061211
4209 6.8313460061211
4209 6.8313460061211
4209 6.8313460061211
4209 0
4209 0
4209 0
4209 0
4209 0
4209 0
4209 0
4209 0
4209 0
4209 0
4209 0
4209 11.8268162250459
4209 11.8268162250459
4209 11.8268162250459
4209 0
4209 139.969155844156
4209 0
4209 0
4209 0
4209 0
4209 0
4209 0
4209 9.81264752402888
4209 9.81264752402888
4209 0
4209 0
4331 0
4331 170.338707327049
4331 170.338707327049
4331 170.338707327049
4331 170.338707327049
4331 0
4331 10.927032446396
4331 6.8313460061211
4331 6.8313460061211
4331 6.8313460061211
4331 6.8313460061211
4331 0
4331 0
4331 0
4331 0
4331 0
4331 0
4331 0
4331 0
4331 0
4331 0
4331 0
4331 11.8268162250459
4331 11.8268162250459
4331 11.8268162250459
4331 0
4331 139.969155844156
4331 0
4331 0
4331 0
4331 0
4331 0
4331 0
4331 9.81264752402888
4331 9.81264752402888
4331 0
4331 0
4374 0
4374 170.338707327049
4374 170.338707327049
4374 170.338707327049
4374 170.338707327049
4374 0
4374 10.927032446396
4374 6.8313460061211
4374 6.8313460061211
4374 6.8313460061211
4374 6.8313460061211
4374 0
4374 0
4374 0
4374 0
4374 0
4374 0
4374 0
4374 0
4374 0
4374 0
4374 0
4374 11.8268162250459
4374 11.8268162250459
4374 11.8268162250459
4374 0
4374 139.969155844156
4374 0
4374 0
4374 0
4374 0
4374 0
4374 0
4374 9.81264752402888
4374 9.81264752402888
4374 0
4374 0
3974 0
3974 170.338707327049
3974 170.338707327049
3974 170.338707327049
3974 170.338707327049
3974 0
3974 10.927032446396
3974 6.8313460061211
3974 6.8313460061211
3974 6.8313460061211
3974 6.8313460061211
3974 0
3974 0
3974 0
3974 0
3974 0
3974 0
3974 0
3974 0
3974 0
3974 0
3974 0
3974 11.8268162250459
3974 11.8268162250459
3974 11.8268162250459
3974 0
3974 139.969155844156
3974 0
3974 0
3974 0
3974 0
3974 0
3974 0
3974 9.81264752402888
3974 9.81264752402888
3974 0
3974 0
4210 0
4210 170.338707327049
4210 170.338707327049
4210 170.338707327049
4210 170.338707327049
4210 0
4210 10.927032446396
4210 6.8313460061211
4210 6.8313460061211
4210 6.8313460061211
4210 6.8313460061211
4210 0
4210 0
4210 0
4210 0
4210 0
4210 0
4210 0
4210 0
4210 0
4210 0
4210 0
4210 11.8268162250459
4210 11.8268162250459
4210 11.8268162250459
4210 0
4210 139.969155844156
4210 0
4210 0
4210 0
4210 0
4210 0
4210 0
4210 9.81264752402888
4210 9.81264752402888
4210 0
4210 0
4248 0
4248 170.338707327049
4248 170.338707327049
4248 170.338707327049
4248 170.338707327049
4248 0
4248 10.927032446396
4248 6.8313460061211
4248 6.8313460061211
4248 6.8313460061211
4248 6.8313460061211
4248 0
4248 0
4248 0
4248 0
4248 0
4248 0
4248 0
4248 0
4248 0
4248 0
4248 0
4248 11.8268162250459
4248 11.8268162250459
4248 11.8268162250459
4248 0
4248 139.969155844156
4248 0
4248 0
4248 0
4248 0
4248 0
4248 0
4248 9.81264752402888
4248 9.81264752402888
4248 0
4248 0
4291 0
4291 170.338707327049
4291 170.338707327049
4291 170.338707327049
4291 170.338707327049
4291 0
4291 10.927032446396
4291 6.8313460061211
4291 6.8313460061211
4291 6.8313460061211
4291 6.8313460061211
4291 0
4291 0
4291 0
4291 0
4291 0
4291 0
4291 0
4291 0
4291 0
4291 0
4291 0
4291 11.8268162250459
4291 11.8268162250459
4291 11.8268162250459
4291 0
4291 139.969155844156
4291 0
4291 0
4291 0
4291 0
4291 0
4291 0
4291 9.81264752402888
4291 9.81264752402888
4291 0
4291 0
4332 0
4332 170.338707327049
4332 170.338707327049
4332 170.338707327049
4332 170.338707327049
4332 0
4332 10.927032446396
4332 6.8313460061211
4332 6.8313460061211
4332 6.8313460061211
4332 6.8313460061211
4332 0
4332 0
4332 0
4332 0
4332 0
4332 0
4332 0
4332 0
4332 0
4332 0
4332 0
4332 11.8268162250459
4332 11.8268162250459
4332 11.8268162250459
4332 0
4332 139.969155844156
4332 0
4332 0
4332 0
4332 0
4332 0
4332 0
4332 9.81264752402888
4332 9.81264752402888
4332 0
4332 0
4375 0
4375 170.338707327049
4375 170.338707327049
4375 170.338707327049
4375 170.338707327049
4375 0
4375 10.927032446396
4375 6.8313460061211
4375 6.8313460061211
4375 6.8313460061211
4375 6.8313460061211
4375 0
4375 0
4375 0
4375 0
4375 0
4375 0
4375 0
4375 0
4375 0
4375 0
4375 0
4375 11.8268162250459
4375 11.8268162250459
4375 11.8268162250459
4375 0
4375 139.969155844156
4375 0
4375 0
4375 0
4375 0
4375 0
4375 0
4375 9.81264752402888
4375 9.81264752402888
4375 0
4375 0
4415 0
4415 170.338707327049
4415 170.338707327049
4415 170.338707327049
4415 170.338707327049
4415 0
4415 10.927032446396
4415 6.8313460061211
4415 6.8313460061211
4415 6.8313460061211
4415 6.8313460061211
4415 0
4415 0
4415 0
4415 0
4415 0
4415 0
4415 0
4415 0
4415 0
4415 0
4415 0
4415 11.8268162250459
4415 11.8268162250459
4415 11.8268162250459
4415 0
4415 139.969155844156
4415 0
4415 0
4415 0
4415 0
4415 0
4415 0
4415 9.81264752402888
4415 9.81264752402888
4415 0
4415 0
3921 0
3921 170.338707327049
3921 170.338707327049
3921 170.338707327049
3921 170.338707327049
3921 0
3921 10.927032446396
3921 6.8313460061211
3921 6.8313460061211
3921 6.8313460061211
3921 6.8313460061211
3921 0
3921 0
3921 0
3921 0
3921 0
3921 0
3921 0
3921 0
3921 0
3921 0
3921 0
3921 11.8268162250459
3921 11.8268162250459
3921 11.8268162250459
3921 0
3921 139.969155844156
3921 0
3921 0
3921 0
3921 0
3921 0
3921 0
3921 9.81264752402888
3921 9.81264752402888
3921 0
3921 0
4292 0
4292 170.338707327049
4292 170.338707327049
4292 170.338707327049
4292 170.338707327049
4292 0
4292 10.927032446396
4292 6.8313460061211
4292 6.8313460061211
4292 6.8313460061211
4292 6.8313460061211
4292 0
4292 0
4292 0
4292 0
4292 0
4292 0
4292 0
4292 0
4292 0
4292 0
4292 0
4292 11.8268162250459
4292 11.8268162250459
4292 11.8268162250459
4292 0
4292 139.969155844156
4292 0
4292 0
4292 0
4292 0
4292 0
4292 0
4292 9.81264752402888
4292 9.81264752402888
4292 0
4292 0
4333 0
4333 170.338707327049
4333 170.338707327049
4333 170.338707327049
4333 170.338707327049
4333 0
4333 10.927032446396
4333 6.8313460061211
4333 6.8313460061211
4333 6.8313460061211
4333 6.8313460061211
4333 0
4333 0
4333 0
4333 0
4333 0
4333 0
4333 0
4333 0
4333 0
4333 0
4333 0
4333 11.8268162250459
4333 11.8268162250459
4333 11.8268162250459
4333 0
4333 139.969155844156
4333 0
4333 0
4333 0
4333 0
4333 0
4333 0
4333 9.81264752402888
4333 9.81264752402888
4333 0
4333 0
4376 0
4376 170.338707327049
4376 170.338707327049
4376 170.338707327049
4376 170.338707327049
4376 0
4376 10.927032446396
4376 6.8313460061211
4376 6.8313460061211
4376 6.8313460061211
4376 6.8313460061211
4376 0
4376 0
4376 0
4376 0
4376 0
4376 0
4376 0
4376 0
4376 0
4376 0
4376 0
4376 11.8268162250459
4376 11.8268162250459
4376 11.8268162250459
4376 0
4376 139.969155844156
4376 0
4376 0
4376 0
4376 0
4376 0
4376 0
4376 9.81264752402888
4376 9.81264752402888
4376 0
4376 0
3811 0
3811 170.338707327049
3811 170.338707327049
3811 170.338707327049
3811 170.338707327049
3811 0
3811 10.927032446396
3811 6.8313460061211
3811 6.8313460061211
3811 6.8313460061211
3811 6.8313460061211
3811 0
3811 0
3811 0
3811 0
3811 0
3811 0
3811 0
3811 0
3811 0
3811 0
3811 0
3811 11.8268162250459
3811 11.8268162250459
3811 11.8268162250459
3811 0
3811 139.969155844156
3811 0
3811 0
3811 0
3811 0
3811 0
3811 0
3811 9.81264752402888
3811 9.81264752402888
3811 0
3811 0
3922 0
3922 170.338707327049
3922 170.338707327049
3922 170.338707327049
3922 170.338707327049
3922 0
3922 10.927032446396
3922 6.8313460061211
3922 6.8313460061211
3922 6.8313460061211
3922 6.8313460061211
3922 0
3922 0
3922 0
3922 0
3922 0
3922 0
3922 0
3922 0
3922 0
3922 0
3922 0
3922 11.8268162250459
3922 11.8268162250459
3922 11.8268162250459
3922 0
3922 139.969155844156
3922 0
3922 0
3922 0
3922 0
3922 0
3922 0
3922 9.81264752402888
3922 9.81264752402888
3922 0
3922 0
4212 0
4212 170.338707327049
4212 170.338707327049
4212 170.338707327049
4212 170.338707327049
4212 0
4212 10.927032446396
4212 6.8313460061211
4212 6.8313460061211
4212 6.8313460061211
4212 6.8313460061211
4212 0
4212 0
4212 0
4212 0
4212 0
4212 0
4212 0
4212 0
4212 0
4212 0
4212 0
4212 11.8268162250459
4212 11.8268162250459
4212 11.8268162250459
4212 0
4212 139.969155844156
4212 0
4212 0
4212 0
4212 0
4212 0
4212 0
4212 9.81264752402888
4212 9.81264752402888
4212 0
4212 0
4250 0
4250 170.338707327049
4250 170.338707327049
4250 170.338707327049
4250 170.338707327049
4250 0
4250 10.927032446396
4250 6.8313460061211
4250 6.8313460061211
4250 6.8313460061211
4250 6.8313460061211
4250 0
4250 0
4250 0
4250 0
4250 0
4250 0
4250 0
4250 0
4250 0
4250 0
4250 0
4250 11.8268162250459
4250 11.8268162250459
4250 11.8268162250459
4250 0
4250 139.969155844156
4250 0
4250 0
4250 0
4250 0
4250 0
4250 0
4250 9.81264752402888
4250 9.81264752402888
4250 0
4250 0
4377 0
4377 170.338707327049
4377 170.338707327049
4377 170.338707327049
4377 170.338707327049
4377 0
4377 10.927032446396
4377 6.8313460061211
4377 6.8313460061211
4377 6.8313460061211
4377 6.8313460061211
4377 0
4377 0
4377 0
4377 0
4377 0
4377 0
4377 0
4377 0
4377 0
4377 0
4377 0
4377 11.8268162250459
4377 11.8268162250459
4377 11.8268162250459
4377 0
4377 139.969155844156
4377 0
4377 0
4377 0
4377 0
4377 0
4377 0
4377 9.81264752402888
4377 9.81264752402888
4377 0
4377 0
3867 0
3867 170.338707327049
3867 170.338707327049
3867 170.338707327049
3867 170.338707327049
3867 0
3867 10.927032446396
3867 6.8313460061211
3867 6.8313460061211
3867 6.8313460061211
3867 6.8313460061211
3867 0
3867 0
3867 0
3867 0
3867 0
3867 0
3867 0
3867 0
3867 0
3867 0
3867 0
3867 11.8268162250459
3867 11.8268162250459
3867 11.8268162250459
3867 0
3867 139.969155844156
3867 0
3867 0
3867 0
3867 0
3867 0
3867 0
3867 9.81264752402888
3867 9.81264752402888
3867 0
3867 0
3923 0
3923 170.338707327049
3923 170.338707327049
3923 170.338707327049
3923 170.338707327049
3923 0
3923 10.927032446396
3923 6.8313460061211
3923 6.8313460061211
3923 6.8313460061211
3923 6.8313460061211
3923 0
3923 0
3923 0
3923 0
3923 0
3923 0
3923 0
3923 0
3923 0
3923 0
3923 0
3923 11.8268162250459
3923 11.8268162250459
3923 11.8268162250459
3923 0
3923 139.969155844156
3923 0
3923 0
3923 0
3923 0
3923 0
3923 0
3923 9.81264752402888
3923 9.81264752402888
3923 0
3923 0
3977 0
3977 170.338707327049
3977 170.338707327049
3977 170.338707327049
3977 170.338707327049
3977 0
3977 10.927032446396
3977 6.8313460061211
3977 6.8313460061211
3977 6.8313460061211
3977 6.8313460061211
3977 0
3977 0
3977 0
3977 0
3977 0
3977 0
3977 0
3977 0
3977 0
3977 0
3977 0
3977 11.8268162250459
3977 11.8268162250459
3977 11.8268162250459
3977 0
3977 139.969155844156
3977 0
3977 0
3977 0
3977 0
3977 0
3977 0
3977 9.81264752402888
3977 9.81264752402888
3977 0
3977 0
4037 0
4037 170.338707327049
4037 170.338707327049
4037 170.338707327049
4037 170.338707327049
4037 0
4037 10.927032446396
4037 6.8313460061211
4037 6.8313460061211
4037 6.8313460061211
4037 6.8313460061211
4037 0
4037 0
4037 0
4037 0
4037 0
4037 0
4037 0
4037 0
4037 0
4037 0
4037 0
4037 11.8268162250459
4037 11.8268162250459
4037 11.8268162250459
4037 0
4037 139.969155844156
4037 0
4037 0
4037 0
4037 0
4037 0
4037 0
4037 9.81264752402888
4037 9.81264752402888
4037 0
4037 0
4088 0
4088 170.338707327049
4088 170.338707327049
4088 170.338707327049
4088 170.338707327049
4088 0
4088 10.927032446396
4088 6.8313460061211
4088 6.8313460061211
4088 6.8313460061211
4088 6.8313460061211
4088 0
4088 0
4088 0
4088 0
4088 0
4088 0
4088 0
4088 0
4088 0
4088 0
4088 0
4088 11.8268162250459
4088 11.8268162250459
4088 11.8268162250459
4088 0
4088 139.969155844156
4088 0
4088 0
4088 0
4088 0
4088 0
4088 0
4088 9.81264752402888
4088 9.81264752402888
4088 0
4088 0
4133 0
4133 170.338707327049
4133 170.338707327049
4133 170.338707327049
4133 170.338707327049
4133 0
4133 10.927032446396
4133 6.8313460061211
4133 6.8313460061211
4133 6.8313460061211
4133 6.8313460061211
4133 0
4133 0
4133 0
4133 0
4133 0
4133 0
4133 0
4133 0
4133 0
4133 0
4133 0
4133 11.8268162250459
4133 11.8268162250459
4133 11.8268162250459
4133 0
4133 139.969155844156
4133 0
4133 0
4133 0
4133 0
4133 0
4133 0
4133 9.81264752402888
4133 9.81264752402888
4133 0
4133 0
4213 0
4213 170.338707327049
4213 170.338707327049
4213 170.338707327049
4213 170.338707327049
4213 0
4213 10.927032446396
4213 6.8313460061211
4213 6.8313460061211
4213 6.8313460061211
4213 6.8313460061211
4213 0
4213 0
4213 0
4213 0
4213 0
4213 0
4213 0
4213 0
4213 0
4213 0
4213 0
4213 11.8268162250459
4213 11.8268162250459
4213 11.8268162250459
4213 0
4213 139.969155844156
4213 0
4213 0
4213 0
4213 0
4213 0
4213 0
4213 9.81264752402888
4213 9.81264752402888
4213 0
4213 0
4251 0
4251 170.338707327049
4251 170.338707327049
4251 170.338707327049
4251 170.338707327049
4251 0
4251 10.927032446396
4251 6.8313460061211
4251 6.8313460061211
4251 6.8313460061211
4251 6.8313460061211
4251 0
4251 0
4251 0
4251 0
4251 0
4251 0
4251 0
4251 0
4251 0
4251 0
4251 0
4251 11.8268162250459
4251 11.8268162250459
4251 11.8268162250459
4251 0
4251 139.969155844156
4251 0
4251 0
4251 0
4251 0
4251 0
4251 0
4251 9.81264752402888
4251 9.81264752402888
4251 0
4251 0
4294 0
4294 170.338707327049
4294 170.338707327049
4294 170.338707327049
4294 170.338707327049
4294 0
4294 10.927032446396
4294 6.8313460061211
4294 6.8313460061211
4294 6.8313460061211
4294 6.8313460061211
4294 0
4294 0
4294 0
4294 0
4294 0
4294 0
4294 0
4294 0
4294 0
4294 0
4294 0
4294 11.8268162250459
4294 11.8268162250459
4294 11.8268162250459
4294 0
4294 139.969155844156
4294 0
4294 0
4294 0
4294 0
4294 0
4294 0
4294 9.81264752402888
4294 9.81264752402888
4294 0
4294 0
4335 0
4335 170.338707327049
4335 170.338707327049
4335 170.338707327049
4335 170.338707327049
4335 0
4335 10.927032446396
4335 6.8313460061211
4335 6.8313460061211
4335 6.8313460061211
4335 6.8313460061211
4335 0
4335 0
4335 0
4335 0
4335 0
4335 0
4335 0
4335 0
4335 0
4335 0
4335 0
4335 11.8268162250459
4335 11.8268162250459
4335 11.8268162250459
4335 0
4335 139.969155844156
4335 0
4335 0
4335 0
4335 0
4335 0
4335 0
4335 9.81264752402888
4335 9.81264752402888
4335 0
4335 0
3978 0
3978 170.338707327049
3978 170.338707327049
3978 170.338707327049
3978 170.338707327049
3978 0
3978 10.927032446396
3978 6.8313460061211
3978 6.8313460061211
3978 6.8313460061211
3978 6.8313460061211
3978 0
3978 0
3978 0
3978 0
3978 0
3978 0
3978 0
3978 0
3978 0
3978 0
3978 0
3978 11.8268162250459
3978 11.8268162250459
3978 11.8268162250459
3978 0
3978 139.969155844156
3978 0
3978 0
3978 0
3978 0
3978 0
3978 0
3978 9.81264752402888
3978 9.81264752402888
3978 0
3978 0
4038 0
4038 170.338707327049
4038 170.338707327049
4038 170.338707327049
4038 170.338707327049
4038 0
4038 10.927032446396
4038 6.8313460061211
4038 6.8313460061211
4038 6.8313460061211
4038 6.8313460061211
4038 0
4038 0
4038 0
4038 0
4038 0
4038 0
4038 0
4038 0
4038 0
4038 0
4038 0
4038 11.8268162250459
4038 11.8268162250459
4038 11.8268162250459
4038 0
4038 139.969155844156
4038 0
4038 0
4038 0
4038 0
4038 0
4038 0
4038 9.81264752402888
4038 9.81264752402888
4038 0
4038 0
4089 0
4089 170.338707327049
4089 170.338707327049
4089 170.338707327049
4089 170.338707327049
4089 0
4089 10.927032446396
4089 6.8313460061211
4089 6.8313460061211
4089 6.8313460061211
4089 6.8313460061211
4089 0
4089 0
4089 0
4089 0
4089 0
4089 0
4089 0
4089 0
4089 0
4089 0
4089 0
4089 11.8268162250459
4089 11.8268162250459
4089 11.8268162250459
4089 0
4089 139.969155844156
4089 0
4089 0
4089 0
4089 0
4089 0
4089 0
4089 9.81264752402888
4089 9.81264752402888
4089 0
4089 0
4134 0
4134 170.338707327049
4134 170.338707327049
4134 170.338707327049
4134 170.338707327049
4134 0
4134 10.927032446396
4134 6.8313460061211
4134 6.8313460061211
4134 6.8313460061211
4134 6.8313460061211
4134 0
4134 0
4134 0
4134 0
4134 0
4134 0
4134 0
4134 0
4134 0
4134 0
4134 0
4134 11.8268162250459
4134 11.8268162250459
4134 11.8268162250459
4134 0
4134 139.969155844156
4134 0
4134 0
4134 0
4134 0
4134 0
4134 0
4134 9.81264752402888
4134 9.81264752402888
4134 0
4134 0
4252 0
4252 170.338707327049
4252 170.338707327049
4252 170.338707327049
4252 170.338707327049
4252 0
4252 10.927032446396
4252 6.8313460061211
4252 6.8313460061211
4252 6.8313460061211
4252 6.8313460061211
4252 0
4252 0
4252 0
4252 0
4252 0
4252 0
4252 0
4252 0
4252 0
4252 0
4252 0
4252 11.8268162250459
4252 11.8268162250459
4252 11.8268162250459
4252 0
4252 139.969155844156
4252 0
4252 0
4252 0
4252 0
4252 0
4252 0
4252 9.81264752402888
4252 9.81264752402888
4252 0
4252 0
4295 0
4295 170.338707327049
4295 170.338707327049
4295 170.338707327049
4295 170.338707327049
4295 0
4295 10.927032446396
4295 6.8313460061211
4295 6.8313460061211
4295 6.8313460061211
4295 6.8313460061211
4295 0
4295 0
4295 0
4295 0
4295 0
4295 0
4295 0
4295 0
4295 0
4295 0
4295 0
4295 11.8268162250459
4295 11.8268162250459
4295 11.8268162250459
4295 0
4295 139.969155844156
4295 0
4295 0
4295 0
4295 0
4295 0
4295 0
4295 9.81264752402888
4295 9.81264752402888
4295 0
4295 0
3567 0
3567 170.338707327049
3567 170.338707327049
3567 170.338707327049
3567 170.338707327049
3567 0
3567 10.927032446396
3567 6.8313460061211
3567 6.8313460061211
3567 6.8313460061211
3567 6.8313460061211
3567 0
3567 0
3567 0
3567 0
3567 0
3567 0
3567 0
3567 0
3567 0
3567 0
3567 0
3567 11.8268162250459
3567 11.8268162250459
3567 11.8268162250459
3567 0
3567 139.969155844156
3567 0
3567 0
3567 0
3567 0
3567 0
3567 0
3567 9.81264752402888
3567 9.81264752402888
3567 0
3567 0
3633 0
3633 170.338707327049
3633 170.338707327049
3633 170.338707327049
3633 170.338707327049
3633 0
3633 10.927032446396
3633 6.8313460061211
3633 6.8313460061211
3633 6.8313460061211
3633 6.8313460061211
3633 0
3633 0
3633 0
3633 0
3633 0
3633 0
3633 0
3633 0
3633 0
3633 0
3633 0
3633 11.8268162250459
3633 11.8268162250459
3633 11.8268162250459
3633 0
3633 139.969155844156
3633 0
3633 0
3633 0
3633 0
3633 0
3633 0
3633 9.81264752402888
3633 9.81264752402888
3633 0
3633 0
4090 0
4090 170.338707327049
4090 170.338707327049
4090 170.338707327049
4090 170.338707327049
4090 0
4090 10.927032446396
4090 6.8313460061211
4090 6.8313460061211
4090 6.8313460061211
4090 6.8313460061211
4090 0
4090 0
4090 0
4090 0
4090 0
4090 0
4090 0
4090 0
4090 0
4090 0
4090 0
4090 11.8268162250459
4090 11.8268162250459
4090 11.8268162250459
4090 0
4090 139.969155844156
4090 0
4090 0
4090 0
4090 0
4090 0
4090 0
4090 9.81264752402888
4090 9.81264752402888
4090 0
4090 0
4178 0
4178 170.338707327049
4178 170.338707327049
4178 170.338707327049
4178 170.338707327049
4178 0
4178 10.927032446396
4178 6.8313460061211
4178 6.8313460061211
4178 6.8313460061211
4178 6.8313460061211
4178 0
4178 0
4178 0
4178 0
4178 0
4178 0
4178 0
4178 0
4178 0
4178 0
4178 0
4178 11.8268162250459
4178 11.8268162250459
4178 11.8268162250459
4178 0
4178 139.969155844156
4178 0
4178 0
4178 0
4178 0
4178 0
4178 0
4178 9.81264752402888
4178 9.81264752402888
4178 0
4178 0
4253 0
4253 170.338707327049
4253 170.338707327049
4253 170.338707327049
4253 170.338707327049
4253 0
4253 10.927032446396
4253 6.8313460061211
4253 6.8313460061211
4253 6.8313460061211
4253 6.8313460061211
4253 0
4253 0
4253 0
4253 0
4253 0
4253 0
4253 0
4253 0
4253 0
4253 0
4253 0
4253 11.8268162250459
4253 11.8268162250459
4253 11.8268162250459
4253 0
4253 139.969155844156
4253 0
4253 0
4253 0
4253 0
4253 0
4253 0
4253 9.81264752402888
4253 9.81264752402888
4253 0
4253 0
3496 0
3496 170.338707327049
3496 170.338707327049
3496 170.338707327049
3496 170.338707327049
3496 0
3496 10.927032446396
3496 6.8313460061211
3496 6.8313460061211
3496 6.8313460061211
3496 6.8313460061211
3496 0
3496 0
3496 0
3496 0
3496 0
3496 0
3496 0
3496 0
3496 0
3496 0
3496 0
3496 11.8268162250459
3496 11.8268162250459
3496 11.8268162250459
3496 0
3496 139.969155844156
3496 0
3496 0
3496 0
3496 0
3496 0
3496 0
3496 9.81264752402888
3496 9.81264752402888
3496 0
3496 0
3568 0
3568 170.338707327049
3568 170.338707327049
3568 170.338707327049
3568 170.338707327049
3568 0
3568 10.927032446396
3568 6.8313460061211
3568 6.8313460061211
3568 6.8313460061211
3568 6.8313460061211
3568 0
3568 0
3568 0
3568 0
3568 0
3568 0
3568 0
3568 0
3568 0
3568 0
3568 0
3568 11.8268162250459
3568 11.8268162250459
3568 11.8268162250459
3568 0
3568 139.969155844156
3568 0
3568 0
3568 0
3568 0
3568 0
3568 0
3568 9.81264752402888
3568 9.81264752402888
3568 0
3568 0
3634 0
3634 170.338707327049
3634 170.338707327049
3634 170.338707327049
3634 170.338707327049
3634 0
3634 10.927032446396
3634 6.8313460061211
3634 6.8313460061211
3634 6.8313460061211
3634 6.8313460061211
3634 0
3634 0
3634 0
3634 0
3634 0
3634 0
3634 0
3634 0
3634 0
3634 0
3634 0
3634 11.8268162250459
3634 11.8268162250459
3634 11.8268162250459
3634 0
3634 139.969155844156
3634 0
3634 0
3634 0
3634 0
3634 0
3634 0
3634 9.81264752402888
3634 9.81264752402888
3634 0
3634 0
3697 0
3697 170.338707327049
3697 170.338707327049
3697 170.338707327049
3697 170.338707327049
3697 0
3697 10.927032446396
3697 6.8313460061211
3697 6.8313460061211
3697 6.8313460061211
3697 6.8313460061211
3697 0
3697 0
3697 0
3697 0
3697 0
3697 0
3697 0
3697 0
3697 0
3697 0
3697 0
3697 11.8268162250459
3697 11.8268162250459
3697 11.8268162250459
3697 0
3697 139.969155844156
3697 0
3697 0
3697 0
3697 0
3697 0
3697 0
3697 9.81264752402888
3697 9.81264752402888
3697 0
3697 0
3569 0
3569 170.338707327049
3569 170.338707327049
3569 170.338707327049
3569 170.338707327049
3569 0
3569 10.927032446396
3569 6.8313460061211
3569 6.8313460061211
3569 6.8313460061211
3569 6.8313460061211
3569 0
3569 0
3569 0
3569 0
3569 0
3569 0
3569 0
3569 0
3569 0
3569 0
3569 0
3569 11.8268162250459
3569 11.8268162250459
3569 11.8268162250459
3569 0
3569 139.969155844156
3569 0
3569 0
3569 0
3569 0
3569 0
3569 0
3569 9.81264752402888
3569 9.81264752402888
3569 0
3569 0
3635 0
3635 170.338707327049
3635 170.338707327049
3635 170.338707327049
3635 170.338707327049
3635 0
3635 10.927032446396
3635 6.8313460061211
3635 6.8313460061211
3635 6.8313460061211
3635 6.8313460061211
3635 0
3635 0
3635 0
3635 0
3635 0
3635 0
3635 0
3635 0
3635 0
3635 0
3635 0
3635 11.8268162250459
3635 11.8268162250459
3635 11.8268162250459
3635 0
3635 139.969155844156
3635 0
3635 0
3635 0
3635 0
3635 0
3635 0
3635 9.81264752402888
3635 9.81264752402888
3635 0
3635 0
3698 0
3698 170.338707327049
3698 170.338707327049
3698 170.338707327049
3698 170.338707327049
3698 0
3698 10.927032446396
3698 6.8313460061211
3698 6.8313460061211
3698 6.8313460061211
3698 6.8313460061211
3698 0
3698 0
3698 0
3698 0
3698 0
3698 0
3698 0
3698 0
3698 0
3698 0
3698 0
3698 11.8268162250459
3698 11.8268162250459
3698 11.8268162250459
3698 0
3698 139.969155844156
3698 0
3698 0
3698 0
3698 0
3698 0
3698 0
3698 9.81264752402888
3698 9.81264752402888
3698 0
3698 0
3757 0
3757 170.338707327049
3757 170.338707327049
3757 170.338707327049
3757 170.338707327049
3757 0
3757 10.927032446396
3757 6.8313460061211
3757 6.8313460061211
3757 6.8313460061211
3757 6.8313460061211
3757 0
3757 0
3757 0
3757 0
3757 0
3757 0
3757 0
3757 0
3757 0
3757 0
3757 0
3757 11.8268162250459
3757 11.8268162250459
3757 11.8268162250459
3757 0
3757 139.969155844156
3757 0
3757 0
3757 0
3757 0
3757 0
3757 0
3757 9.81264752402888
3757 9.81264752402888
3757 0
3757 0
3816 0
3816 170.338707327049
3816 170.338707327049
3816 170.338707327049
3816 170.338707327049
3816 0
3816 10.927032446396
3816 6.8313460061211
3816 6.8313460061211
3816 6.8313460061211
3816 6.8313460061211
3816 0
3816 0
3816 0
3816 0
3816 0
3816 0
3816 0
3816 0
3816 0
3816 0
3816 0
3816 11.8268162250459
3816 11.8268162250459
3816 11.8268162250459
3816 0
3816 139.969155844156
3816 0
3816 0
3816 0
3816 0
3816 0
3816 0
3816 9.81264752402888
3816 9.81264752402888
3816 0
3816 0
4137 0
4137 170.338707327049
4137 170.338707327049
4137 170.338707327049
4137 170.338707327049
4137 0
4137 10.927032446396
4137 6.8313460061211
4137 6.8313460061211
4137 6.8313460061211
4137 6.8313460061211
4137 0
4137 0
4137 0
4137 0
4137 0
4137 0
4137 0
4137 0
4137 0
4137 0
4137 0
4137 11.8268162250459
4137 11.8268162250459
4137 11.8268162250459
4137 0
4137 139.969155844156
4137 0
4137 0
4137 0
4137 0
4137 0
4137 0
4137 9.81264752402888
4137 9.81264752402888
4137 0
4137 0
4180 0
4180 170.338707327049
4180 170.338707327049
4180 170.338707327049
4180 170.338707327049
4180 0
4180 10.927032446396
4180 6.8313460061211
4180 6.8313460061211
4180 6.8313460061211
4180 6.8313460061211
4180 0
4180 0
4180 0
4180 0
4180 0
4180 0
4180 0
4180 0
4180 0
4180 0
4180 0
4180 11.8268162250459
4180 11.8268162250459
4180 11.8268162250459
4180 0
4180 139.969155844156
4180 0
4180 0
4180 0
4180 0
4180 0
4180 0
4180 9.81264752402888
4180 9.81264752402888
4180 0
4180 0
4217 0
4217 170.338707327049
4217 170.338707327049
4217 170.338707327049
4217 170.338707327049
4217 0
4217 10.927032446396
4217 6.8313460061211
4217 6.8313460061211
4217 6.8313460061211
4217 6.8313460061211
4217 0
4217 0
4217 0
4217 0
4217 0
4217 0
4217 0
4217 0
4217 0
4217 0
4217 0
4217 11.8268162250459
4217 11.8268162250459
4217 11.8268162250459
4217 0
4217 139.969155844156
4217 0
4217 0
4217 0
4217 0
4217 0
4217 0
4217 9.81264752402888
4217 9.81264752402888
4217 0
4217 0
3758 0
3758 170.338707327049
3758 170.338707327049
3758 170.338707327049
3758 170.338707327049
3758 0
3758 10.927032446396
3758 6.8313460061211
3758 6.8313460061211
3758 6.8313460061211
3758 6.8313460061211
3758 0
3758 0
3758 0
3758 0
3758 0
3758 0
3758 0
3758 0
3758 0
3758 0
3758 0
3758 11.8268162250459
3758 11.8268162250459
3758 11.8268162250459
3758 0
3758 139.969155844156
3758 0
3758 0
3758 0
3758 0
3758 0
3758 0
3758 9.81264752402888
3758 9.81264752402888
3758 0
3758 0
3817 0
3817 170.338707327049
3817 170.338707327049
3817 170.338707327049
3817 170.338707327049
3817 0
3817 10.927032446396
3817 6.8313460061211
3817 6.8313460061211
3817 6.8313460061211
3817 6.8313460061211
3817 0
3817 0
3817 0
3817 0
3817 0
3817 0
3817 0
3817 0
3817 0
3817 0
3817 0
3817 11.8268162250459
3817 11.8268162250459
3817 11.8268162250459
3817 0
3817 139.969155844156
3817 0
3817 0
3817 0
3817 0
3817 0
3817 0
3817 9.81264752402888
3817 9.81264752402888
3817 0
3817 0
3872 0
3872 170.338707327049
3872 170.338707327049
3872 170.338707327049
3872 170.338707327049
3872 0
3872 10.927032446396
3872 6.8313460061211
3872 6.8313460061211
3872 6.8313460061211
3872 6.8313460061211
3872 0
3872 0
3872 0
3872 0
3872 0
3872 0
3872 0
3872 0
3872 0
3872 0
3872 0
3872 11.8268162250459
3872 11.8268162250459
3872 11.8268162250459
3872 0
3872 139.969155844156
3872 0
3872 0
3872 0
3872 0
3872 0
3872 0
3872 9.81264752402888
3872 9.81264752402888
3872 0
3872 0
3982 0
3982 170.338707327049
3982 170.338707327049
3982 170.338707327049
3982 170.338707327049
3982 0
3982 10.927032446396
3982 6.8313460061211
3982 6.8313460061211
3982 6.8313460061211
3982 6.8313460061211
3982 0
3982 0
3982 0
3982 0
3982 0
3982 0
3982 0
3982 0
3982 0
3982 0
3982 0
3982 11.8268162250459
3982 11.8268162250459
3982 11.8268162250459
3982 0
3982 139.969155844156
3982 0
3982 0
3982 0
3982 0
3982 0
3982 0
3982 9.81264752402888
3982 9.81264752402888
3982 0
3982 0
4181 0
4181 170.338707327049
4181 170.338707327049
4181 170.338707327049
4181 170.338707327049
4181 0
4181 10.927032446396
4181 6.8313460061211
4181 6.8313460061211
4181 6.8313460061211
4181 6.8313460061211
4181 0
4181 0
4181 0
4181 0
4181 0
4181 0
4181 0
4181 0
4181 0
4181 0
4181 0
4181 11.8268162250459
4181 11.8268162250459
4181 11.8268162250459
4181 0
4181 139.969155844156
4181 0
4181 0
4181 0
4181 0
4181 0
4181 0
4181 9.81264752402888
4181 9.81264752402888
4181 0
4181 0
3428 0
3428 170.338707327049
3428 170.338707327049
3428 170.338707327049
3428 170.338707327049
3428 0
3428 10.927032446396
3428 6.8313460061211
3428 6.8313460061211
3428 6.8313460061211
3428 6.8313460061211
3428 0
3428 0
3428 0
3428 0
3428 0
3428 0
3428 0
3428 0
3428 0
3428 0
3428 0
3428 11.8268162250459
3428 11.8268162250459
3428 11.8268162250459
3428 0
3428 139.969155844156
3428 0
3428 0
3428 0
3428 0
3428 0
3428 0
3428 9.81264752402888
3428 9.81264752402888
3428 0
3428 0
3499 0
3499 170.338707327049
3499 170.338707327049
3499 170.338707327049
3499 170.338707327049
3499 0
3499 10.927032446396
3499 6.8313460061211
3499 6.8313460061211
3499 6.8313460061211
3499 6.8313460061211
3499 0
3499 0
3499 0
3499 0
3499 0
3499 0
3499 0
3499 0
3499 0
3499 0
3499 0
3499 11.8268162250459
3499 11.8268162250459
3499 11.8268162250459
3499 0
3499 139.969155844156
3499 0
3499 0
3499 0
3499 0
3499 0
3499 0
3499 9.81264752402888
3499 9.81264752402888
3499 0
3499 0
3571 0
3571 170.338707327049
3571 170.338707327049
3571 170.338707327049
3571 170.338707327049
3571 0
3571 10.927032446396
3571 6.8313460061211
3571 6.8313460061211
3571 6.8313460061211
3571 6.8313460061211
3571 0
3571 0
3571 0
3571 0
3571 0
3571 0
3571 0
3571 0
3571 0
3571 0
3571 0
3571 11.8268162250459
3571 11.8268162250459
3571 11.8268162250459
3571 0
3571 139.969155844156
3571 0
3571 0
3571 0
3571 0
3571 0
3571 0
3571 9.81264752402888
3571 9.81264752402888
3571 0
3571 0
3637 0
3637 170.338707327049
3637 170.338707327049
3637 170.338707327049
3637 170.338707327049
3637 0
3637 10.927032446396
3637 6.8313460061211
3637 6.8313460061211
3637 6.8313460061211
3637 6.8313460061211
3637 0
3637 0
3637 0
3637 0
3637 0
3637 0
3637 0
3637 0
3637 0
3637 0
3637 0
3637 11.8268162250459
3637 11.8268162250459
3637 11.8268162250459
3637 0
3637 139.969155844156
3637 0
3637 0
3637 0
3637 0
3637 0
3637 0
3637 9.81264752402888
3637 9.81264752402888
3637 0
3637 0
3700 0
3700 170.338707327049
3700 170.338707327049
3700 170.338707327049
3700 170.338707327049
3700 0
3700 10.927032446396
3700 6.8313460061211
3700 6.8313460061211
3700 6.8313460061211
3700 6.8313460061211
3700 0
3700 0
3700 0
3700 0
3700 0
3700 0
3700 0
3700 0
3700 0
3700 0
3700 0
3700 11.8268162250459
3700 11.8268162250459
3700 11.8268162250459
3700 0
3700 139.969155844156
3700 0
3700 0
3700 0
3700 0
3700 0
3700 0
3700 9.81264752402888
3700 9.81264752402888
3700 0
3700 0
3759 0
3759 170.338707327049
3759 170.338707327049
3759 170.338707327049
3759 170.338707327049
3759 0
3759 10.927032446396
3759 6.8313460061211
3759 6.8313460061211
3759 6.8313460061211
3759 6.8313460061211
3759 0
3759 0
3759 0
3759 0
3759 0
3759 0
3759 0
3759 0
3759 0
3759 0
3759 0
3759 11.8268162250459
3759 11.8268162250459
3759 11.8268162250459
3759 0
3759 139.969155844156
3759 0
3759 0
3759 0
3759 0
3759 0
3759 0
3759 9.81264752402888
3759 9.81264752402888
3759 0
3759 0
3818 0
3818 170.338707327049
3818 170.338707327049
3818 170.338707327049
3818 170.338707327049
3818 0
3818 10.927032446396
3818 6.8313460061211
3818 6.8313460061211
3818 6.8313460061211
3818 6.8313460061211
3818 0
3818 0
3818 0
3818 0
3818 0
3818 0
3818 0
3818 0
3818 0
3818 0
3818 0
3818 11.8268162250459
3818 11.8268162250459
3818 11.8268162250459
3818 0
3818 139.969155844156
3818 0
3818 0
3818 0
3818 0
3818 0
3818 0
3818 9.81264752402888
3818 9.81264752402888
3818 0
3818 0
4043 0
4043 170.338707327049
4043 170.338707327049
4043 170.338707327049
4043 170.338707327049
4043 0
4043 10.927032446396
4043 6.8313460061211
4043 6.8313460061211
4043 6.8313460061211
4043 6.8313460061211
4043 0
4043 0
4043 0
4043 0
4043 0
4043 0
4043 0
4043 0
4043 0
4043 0
4043 0
4043 11.8268162250459
4043 11.8268162250459
4043 11.8268162250459
4043 0
4043 139.969155844156
4043 0
4043 0
4043 0
4043 0
4043 0
4043 0
4043 9.81264752402888
4043 9.81264752402888
4043 0
4043 0
2463 0
2463 170.338707327049
2463 170.338707327049
2463 170.338707327049
2463 170.338707327049
2463 0
2463 10.927032446396
2463 6.8313460061211
2463 6.8313460061211
2463 6.8313460061211
2463 6.8313460061211
2463 0
2463 0
2463 0
2463 0
2463 0
2463 0
2463 0
2463 0
2463 0
2463 0
2463 0
2463 11.8268162250459
2463 11.8268162250459
2463 11.8268162250459
2463 0
2463 139.969155844156
2463 0
2463 0
2463 0
2463 0
2463 0
2463 0
2463 9.81264752402888
2463 9.81264752402888
2463 0
2463 0
3429 0
3429 170.338707327049
3429 170.338707327049
3429 170.338707327049
3429 170.338707327049
3429 0
3429 10.927032446396
3429 6.8313460061211
3429 6.8313460061211
3429 6.8313460061211
3429 6.8313460061211
3429 0
3429 0
3429 0
3429 0
3429 0
3429 0
3429 0
3429 0
3429 0
3429 0
3429 0
3429 11.8268162250459
3429 11.8268162250459
3429 11.8268162250459
3429 0
3429 139.969155844156
3429 0
3429 0
3429 0
3429 0
3429 0
3429 0
3429 9.81264752402888
3429 9.81264752402888
3429 0
3429 0
3500 0
3500 170.338707327049
3500 170.338707327049
3500 170.338707327049
3500 170.338707327049
3500 0
3500 10.927032446396
3500 6.8313460061211
3500 6.8313460061211
3500 6.8313460061211
3500 6.8313460061211
3500 0
3500 0
3500 0
3500 0
3500 0
3500 0
3500 0
3500 0
3500 0
3500 0
3500 0
3500 11.8268162250459
3500 11.8268162250459
3500 11.8268162250459
3500 0
3500 139.969155844156
3500 0
3500 0
3500 0
3500 0
3500 0
3500 0
3500 9.81264752402888
3500 9.81264752402888
3500 0
3500 0
3760 0
3760 170.338707327049
3760 170.338707327049
3760 170.338707327049
3760 170.338707327049
3760 0
3760 10.927032446396
3760 6.8313460061211
3760 6.8313460061211
3760 6.8313460061211
3760 6.8313460061211
3760 0
3760 0
3760 0
3760 0
3760 0
3760 0
3760 0
3760 0
3760 0
3760 0
3760 0
3760 11.8268162250459
3760 11.8268162250459
3760 11.8268162250459
3760 0
3760 139.969155844156
3760 0
3760 0
3760 0
3760 0
3760 0
3760 0
3760 9.81264752402888
3760 9.81264752402888
3760 0
3760 0
3819 0
3819 170.338707327049
3819 170.338707327049
3819 170.338707327049
3819 170.338707327049
3819 0
3819 10.927032446396
3819 6.8313460061211
3819 6.8313460061211
3819 6.8313460061211
3819 6.8313460061211
3819 0
3819 0
3819 0
3819 0
3819 0
3819 0
3819 0
3819 0
3819 0
3819 0
3819 0
3819 11.8268162250459
3819 11.8268162250459
3819 11.8268162250459
3819 0
3819 139.969155844156
3819 0
3819 0
3819 0
3819 0
3819 0
3819 0
3819 9.81264752402888
3819 9.81264752402888
3819 0
3819 0
2374 0
2374 170.338707327049
2374 170.338707327049
2374 170.338707327049
2374 170.338707327049
2374 0
2374 10.927032446396
2374 6.8313460061211
2374 6.8313460061211
2374 6.8313460061211
2374 6.8313460061211
2374 0
2374 0
2374 0
2374 0
2374 0
2374 0
2374 0
2374 0
2374 0
2374 0
2374 0
2374 11.8268162250459
2374 11.8268162250459
2374 11.8268162250459
2374 0
2374 139.969155844156
2374 0
2374 0
2374 0
2374 0
2374 0
2374 0
2374 9.81264752402888
2374 9.81264752402888
2374 0
2374 0
2558 0
2558 170.338707327049
2558 170.338707327049
2558 170.338707327049
2558 170.338707327049
2558 0
2558 10.927032446396
2558 6.8313460061211
2558 6.8313460061211
2558 6.8313460061211
2558 6.8313460061211
2558 0
2558 0
2558 0
2558 0
2558 0
2558 0
2558 0
2558 0
2558 0
2558 0
2558 0
2558 11.8268162250459
2558 11.8268162250459
2558 11.8268162250459
2558 0
2558 139.969155844156
2558 0
2558 0
2558 0
2558 0
2558 0
2558 0
2558 9.81264752402888
2558 9.81264752402888
2558 0
2558 0
3501 0
3501 170.338707327049
3501 170.338707327049
3501 170.338707327049
3501 170.338707327049
3501 0
3501 10.927032446396
3501 6.8313460061211
3501 6.8313460061211
3501 6.8313460061211
3501 6.8313460061211
3501 0
3501 0
3501 0
3501 0
3501 0
3501 0
3501 0
3501 0
3501 0
3501 0
3501 0
3501 11.8268162250459
3501 11.8268162250459
3501 11.8268162250459
3501 0
3501 139.969155844156
3501 0
3501 0
3501 0
3501 0
3501 0
3501 0
3501 9.81264752402888
3501 9.81264752402888
3501 0
3501 0
3573 0
3573 170.338707327049
3573 170.338707327049
3573 170.338707327049
3573 170.338707327049
3573 0
3573 10.927032446396
3573 6.8313460061211
3573 6.8313460061211
3573 6.8313460061211
3573 6.8313460061211
3573 0
3573 0
3573 0
3573 0
3573 0
3573 0
3573 0
3573 0
3573 0
3573 0
3573 0
3573 11.8268162250459
3573 11.8268162250459
3573 11.8268162250459
3573 0
3573 139.969155844156
3573 0
3573 0
3573 0
3573 0
3573 0
3573 0
3573 9.81264752402888
3573 9.81264752402888
3573 0
3573 0
3702 0
3702 170.338707327049
3702 170.338707327049
3702 170.338707327049
3702 170.338707327049
3702 0
3702 10.927032446396
3702 6.8313460061211
3702 6.8313460061211
3702 6.8313460061211
3702 6.8313460061211
3702 0
3702 0
3702 0
3702 0
3702 0
3702 0
3702 0
3702 0
3702 0
3702 0
3702 0
3702 11.8268162250459
3702 11.8268162250459
3702 11.8268162250459
3702 0
3702 139.969155844156
3702 0
3702 0
3702 0
3702 0
3702 0
3702 0
3702 9.81264752402888
3702 9.81264752402888
3702 0
3702 0
3761 0
3761 170.338707327049
3761 170.338707327049
3761 170.338707327049
3761 170.338707327049
3761 0
3761 10.927032446396
3761 6.8313460061211
3761 6.8313460061211
3761 6.8313460061211
3761 6.8313460061211
3761 0
3761 0
3761 0
3761 0
3761 0
3761 0
3761 0
3761 0
3761 0
3761 0
3761 0
3761 11.8268162250459
3761 11.8268162250459
3761 11.8268162250459
3761 0
3761 139.969155844156
3761 0
3761 0
3761 0
3761 0
3761 0
3761 0
3761 9.81264752402888
3761 9.81264752402888
3761 0
3761 0
2375 0
2375 170.338707327049
2375 170.338707327049
2375 170.338707327049
2375 170.338707327049
2375 0
2375 10.927032446396
2375 6.8313460061211
2375 6.8313460061211
2375 6.8313460061211
2375 6.8313460061211
2375 0
2375 0
2375 0
2375 0
2375 0
2375 0
2375 0
2375 0
2375 0
2375 0
2375 0
2375 11.8268162250459
2375 11.8268162250459
2375 11.8268162250459
2375 0
2375 139.969155844156
2375 0
2375 0
2375 0
2375 0
2375 0
2375 0
2375 9.81264752402888
2375 9.81264752402888
2375 0
2375 0
2651 0
2651 170.338707327049
2651 170.338707327049
2651 170.338707327049
2651 170.338707327049
2651 0
2651 10.927032446396
2651 6.8313460061211
2651 6.8313460061211
2651 6.8313460061211
2651 6.8313460061211
2651 0
2651 0
2651 0
2651 0
2651 0
2651 0
2651 0
2651 0
2651 0
2651 0
2651 0
2651 11.8268162250459
2651 11.8268162250459
2651 11.8268162250459
2651 0
2651 139.969155844156
2651 0
2651 0
2651 0
2651 0
2651 0
2651 0
2651 9.81264752402888
2651 9.81264752402888
2651 0
2651 0
2746 0
2746 170.338707327049
2746 170.338707327049
2746 170.338707327049
2746 170.338707327049
2746 0
2746 10.927032446396
2746 6.8313460061211
2746 6.8313460061211
2746 6.8313460061211
2746 6.8313460061211
2746 0
2746 0
2746 0
2746 0
2746 0
2746 0
2746 0
2746 0
2746 0
2746 0
2746 0
2746 11.8268162250459
2746 11.8268162250459
2746 11.8268162250459
2746 0
2746 139.969155844156
2746 0
2746 0
2746 0
2746 0
2746 0
2746 0
2746 9.81264752402888
2746 9.81264752402888
2746 0
2746 0
2840 0
2840 170.338707327049
2840 170.338707327049
2840 170.338707327049
2840 170.338707327049
2840 0
2840 10.927032446396
2840 6.8313460061211
2840 6.8313460061211
2840 6.8313460061211
2840 6.8313460061211
2840 0
2840 0
2840 0
2840 0
2840 0
2840 0
2840 0
2840 0
2840 0
2840 0
2840 0
2840 11.8268162250459
2840 11.8268162250459
2840 11.8268162250459
2840 0
2840 139.969155844156
2840 0
2840 0
2840 0
2840 0
2840 0
2840 0
2840 9.81264752402888
2840 9.81264752402888
2840 0
2840 0
3574 0
3574 170.338707327049
3574 170.338707327049
3574 170.338707327049
3574 170.338707327049
3574 0
3574 10.927032446396
3574 6.8313460061211
3574 6.8313460061211
3574 6.8313460061211
3574 6.8313460061211
3574 0
3574 0
3574 0
3574 0
3574 0
3574 0
3574 0
3574 0
3574 0
3574 0
3574 0
3574 11.8268162250459
3574 11.8268162250459
3574 11.8268162250459
3574 0
3574 139.969155844156
3574 0
3574 0
3574 0
3574 0
3574 0
3574 0
3574 9.81264752402888
3574 9.81264752402888
3574 0
3574 0
3640 0
3640 170.338707327049
3640 170.338707327049
3640 170.338707327049
3640 170.338707327049
3640 0
3640 10.927032446396
3640 6.8313460061211
3640 6.8313460061211
3640 6.8313460061211
3640 6.8313460061211
3640 0
3640 0
3640 0
3640 0
3640 0
3640 0
3640 0
3640 0
3640 0
3640 0
3640 0
3640 11.8268162250459
3640 11.8268162250459
3640 11.8268162250459
3640 0
3640 139.969155844156
3640 0
3640 0
3640 0
3640 0
3640 0
3640 0
3640 9.81264752402888
3640 9.81264752402888
3640 0
3640 0
2376 0
2376 170.338707327049
2376 170.338707327049
2376 170.338707327049
2376 170.338707327049
2376 0
2376 10.927032446396
2376 6.8313460061211
2376 6.8313460061211
2376 6.8313460061211
2376 6.8313460061211
2376 0
2376 0
2376 0
2376 0
2376 0
2376 0
2376 0
2376 0
2376 0
2376 0
2376 0
2376 11.8268162250459
2376 11.8268162250459
2376 11.8268162250459
2376 0
2376 139.969155844156
2376 0
2376 0
2376 0
2376 0
2376 0
2376 0
2376 9.81264752402888
2376 9.81264752402888
2376 0
2376 0
2747 0
2747 170.338707327049
2747 170.338707327049
2747 170.338707327049
2747 170.338707327049
2747 0
2747 10.927032446396
2747 6.8313460061211
2747 6.8313460061211
2747 6.8313460061211
2747 6.8313460061211
2747 0
2747 0
2747 0
2747 0
2747 0
2747 0
2747 0
2747 0
2747 0
2747 0
2747 0
2747 11.8268162250459
2747 11.8268162250459
2747 11.8268162250459
2747 0
2747 139.969155844156
2747 0
2747 0
2747 0
2747 0
2747 0
2747 0
2747 9.81264752402888
2747 9.81264752402888
2747 0
2747 0
2841 0
2841 170.338707327049
2841 170.338707327049
2841 170.338707327049
2841 170.338707327049
2841 0
2841 10.927032446396
2841 6.8313460061211
2841 6.8313460061211
2841 6.8313460061211
2841 6.8313460061211
2841 0
2841 0
2841 0
2841 0
2841 0
2841 0
2841 0
2841 0
2841 0
2841 0
2841 0
2841 11.8268162250459
2841 11.8268162250459
2841 11.8268162250459
2841 0
2841 139.969155844156
2841 0
2841 0
2841 0
2841 0
2841 0
2841 0
2841 9.81264752402888
2841 9.81264752402888
2841 0
2841 0
2936 0
2936 170.338707327049
2936 170.338707327049
2936 170.338707327049
2936 170.338707327049
2936 0
2936 10.927032446396
2936 6.8313460061211
2936 6.8313460061211
2936 6.8313460061211
2936 6.8313460061211
2936 0
2936 0
2936 0
2936 0
2936 0
2936 0
2936 0
2936 0
2936 0
2936 0
2936 0
2936 11.8268162250459
2936 11.8268162250459
2936 11.8268162250459
2936 0
2936 139.969155844156
2936 0
2936 0
2936 0
2936 0
2936 0
2936 0
2936 9.81264752402888
2936 9.81264752402888
2936 0
2936 0
3025 0
3025 170.338707327049
3025 170.338707327049
3025 170.338707327049
3025 170.338707327049
3025 0
3025 10.927032446396
3025 6.8313460061211
3025 6.8313460061211
3025 6.8313460061211
3025 6.8313460061211
3025 0
3025 0
3025 0
3025 0
3025 0
3025 0
3025 0
3025 0
3025 0
3025 0
3025 0
3025 11.8268162250459
3025 11.8268162250459
3025 11.8268162250459
3025 0
3025 139.969155844156
3025 0
3025 0
3025 0
3025 0
3025 0
3025 0
3025 9.81264752402888
3025 9.81264752402888
3025 0
3025 0
3116 0
3116 170.338707327049
3116 170.338707327049
3116 170.338707327049
3116 170.338707327049
3116 0
3116 10.927032446396
3116 6.8313460061211
3116 6.8313460061211
3116 6.8313460061211
3116 6.8313460061211
3116 0
3116 0
3116 0
3116 0
3116 0
3116 0
3116 0
3116 0
3116 0
3116 0
3116 0
3116 11.8268162250459
3116 11.8268162250459
3116 11.8268162250459
3116 0
3116 139.969155844156
3116 0
3116 0
3116 0
3116 0
3116 0
3116 0
3116 9.81264752402888
3116 9.81264752402888
3116 0
3116 0
3503 0
3503 170.338707327049
3503 170.338707327049
3503 170.338707327049
3503 170.338707327049
3503 0
3503 10.927032446396
3503 6.8313460061211
3503 6.8313460061211
3503 6.8313460061211
3503 6.8313460061211
3503 0
3503 0
3503 0
3503 0
3503 0
3503 0
3503 0
3503 0
3503 0
3503 0
3503 0
3503 11.8268162250459
3503 11.8268162250459
3503 11.8268162250459
3503 0
3503 139.969155844156
3503 0
3503 0
3503 0
3503 0
3503 0
3503 0
3503 9.81264752402888
3503 9.81264752402888
3503 0
3503 0
3575 0
3575 170.338707327049
3575 170.338707327049
3575 170.338707327049
3575 170.338707327049
3575 0
3575 10.927032446396
3575 6.8313460061211
3575 6.8313460061211
3575 6.8313460061211
3575 6.8313460061211
3575 0
3575 0
3575 0
3575 0
3575 0
3575 0
3575 0
3575 0
3575 0
3575 0
3575 0
3575 11.8268162250459
3575 11.8268162250459
3575 11.8268162250459
3575 0
3575 139.969155844156
3575 0
3575 0
3575 0
3575 0
3575 0
3575 0
3575 9.81264752402888
3575 9.81264752402888
3575 0
3575 0
3641 0
3641 170.338707327049
3641 170.338707327049
3641 170.338707327049
3641 170.338707327049
3641 0
3641 10.927032446396
3641 6.8313460061211
3641 6.8313460061211
3641 6.8313460061211
3641 6.8313460061211
3641 0
3641 0
3641 0
3641 0
3641 0
3641 0
3641 0
3641 0
3641 0
3641 0
3641 0
3641 11.8268162250459
3641 11.8268162250459
3641 11.8268162250459
3641 0
3641 139.969155844156
3641 0
3641 0
3641 0
3641 0
3641 0
3641 0
3641 9.81264752402888
3641 9.81264752402888
3641 0
3641 0
2561 0
2561 170.338707327049
2561 170.338707327049
2561 170.338707327049
2561 170.338707327049
2561 0
2561 10.927032446396
2561 6.8313460061211
2561 6.8313460061211
2561 6.8313460061211
2561 6.8313460061211
2561 0
2561 0
2561 0
2561 0
2561 0
2561 0
2561 0
2561 0
2561 0
2561 0
2561 0
2561 11.8268162250459
2561 11.8268162250459
2561 11.8268162250459
2561 0
2561 139.969155844156
2561 0
2561 0
2561 0
2561 0
2561 0
2561 0
2561 9.81264752402888
2561 9.81264752402888
2561 0
2561 0
2842 0
2842 170.338707327049
2842 170.338707327049
2842 170.338707327049
2842 170.338707327049
2842 0
2842 10.927032446396
2842 6.8313460061211
2842 6.8313460061211
2842 6.8313460061211
2842 6.8313460061211
2842 0
2842 0
2842 0
2842 0
2842 0
2842 0
2842 0
2842 0
2842 0
2842 0
2842 0
2842 11.8268162250459
2842 11.8268162250459
2842 11.8268162250459
2842 0
2842 139.969155844156
2842 0
2842 0
2842 0
2842 0
2842 0
2842 0
2842 9.81264752402888
2842 9.81264752402888
2842 0
2842 0
2937 0
2937 170.338707327049
2937 170.338707327049
2937 170.338707327049
2937 170.338707327049
2937 0
2937 10.927032446396
2937 6.8313460061211
2937 6.8313460061211
2937 6.8313460061211
2937 6.8313460061211
2937 0
2937 0
2937 0
2937 0
2937 0
2937 0
2937 0
2937 0
2937 0
2937 0
2937 0
2937 11.8268162250459
2937 11.8268162250459
2937 11.8268162250459
2937 0
2937 139.969155844156
2937 0
2937 0
2937 0
2937 0
2937 0
2937 0
2937 9.81264752402888
2937 9.81264752402888
2937 0
2937 0
3026 0
3026 170.338707327049
3026 170.338707327049
3026 170.338707327049
3026 170.338707327049
3026 0
3026 10.927032446396
3026 6.8313460061211
3026 6.8313460061211
3026 6.8313460061211
3026 6.8313460061211
3026 0
3026 0
3026 0
3026 0
3026 0
3026 0
3026 0
3026 0
3026 0
3026 0
3026 0
3026 11.8268162250459
3026 11.8268162250459
3026 11.8268162250459
3026 0
3026 139.969155844156
3026 0
3026 0
3026 0
3026 0
3026 0
3026 0
3026 9.81264752402888
3026 9.81264752402888
3026 0
3026 0
3117 0
3117 170.338707327049
3117 170.338707327049
3117 170.338707327049
3117 170.338707327049
3117 0
3117 10.927032446396
3117 6.8313460061211
3117 6.8313460061211
3117 6.8313460061211
3117 6.8313460061211
3117 0
3117 0
3117 0
3117 0
3117 0
3117 0
3117 0
3117 0
3117 0
3117 0
3117 0
3117 11.8268162250459
3117 11.8268162250459
3117 11.8268162250459
3117 0
3117 139.969155844156
3117 0
3117 0
3117 0
3117 0
3117 0
3117 0
3117 9.81264752402888
3117 9.81264752402888
3117 0
3117 0
3202 0
3202 170.338707327049
3202 170.338707327049
3202 170.338707327049
3202 170.338707327049
3202 0
3202 10.927032446396
3202 6.8313460061211
3202 6.8313460061211
3202 6.8313460061211
3202 6.8313460061211
3202 0
3202 0
3202 0
3202 0
3202 0
3202 0
3202 0
3202 0
3202 0
3202 0
3202 0
3202 11.8268162250459
3202 11.8268162250459
3202 11.8268162250459
3202 0
3202 139.969155844156
3202 0
3202 0
3202 0
3202 0
3202 0
3202 0
3202 9.81264752402888
3202 9.81264752402888
3202 0
3202 0
3284 0
3284 170.338707327049
3284 170.338707327049
3284 170.338707327049
3284 170.338707327049
3284 0
3284 10.927032446396
3284 6.8313460061211
3284 6.8313460061211
3284 6.8313460061211
3284 6.8313460061211
3284 0
3284 0
3284 0
3284 0
3284 0
3284 0
3284 0
3284 0
3284 0
3284 0
3284 0
3284 11.8268162250459
3284 11.8268162250459
3284 11.8268162250459
3284 0
3284 139.969155844156
3284 0
3284 0
3284 0
3284 0
3284 0
3284 0
3284 9.81264752402888
3284 9.81264752402888
3284 0
3284 0
3361 0
3361 170.338707327049
3361 170.338707327049
3361 170.338707327049
3361 170.338707327049
3361 0
3361 10.927032446396
3361 6.8313460061211
3361 6.8313460061211
3361 6.8313460061211
3361 6.8313460061211
3361 0
3361 0
3361 0
3361 0
3361 0
3361 0
3361 0
3361 0
3361 0
3361 0
3361 0
3361 11.8268162250459
3361 11.8268162250459
3361 11.8268162250459
3361 0
3361 139.969155844156
3361 0
3361 0
3361 0
3361 0
3361 0
3361 0
3361 9.81264752402888
3361 9.81264752402888
3361 0
3361 0
3433 0
3433 170.338707327049
3433 170.338707327049
3433 170.338707327049
3433 170.338707327049
3433 0
3433 10.927032446396
3433 6.8313460061211
3433 6.8313460061211
3433 6.8313460061211
3433 6.8313460061211
3433 0
3433 0
3433 0
3433 0
3433 0
3433 0
3433 0
3433 0
3433 0
3433 0
3433 0
3433 11.8268162250459
3433 11.8268162250459
3433 11.8268162250459
3433 0
3433 139.969155844156
3433 0
3433 0
3433 0
3433 0
3433 0
3433 0
3433 9.81264752402888
3433 9.81264752402888
3433 0
3433 0
3504 0
3504 170.338707327049
3504 170.338707327049
3504 170.338707327049
3504 170.338707327049
3504 0
3504 10.927032446396
3504 6.8313460061211
3504 6.8313460061211
3504 6.8313460061211
3504 6.8313460061211
3504 0
3504 0
3504 0
3504 0
3504 0
3504 0
3504 0
3504 0
3504 0
3504 0
3504 0
3504 11.8268162250459
3504 11.8268162250459
3504 11.8268162250459
3504 0
3504 139.969155844156
3504 0
3504 0
3504 0
3504 0
3504 0
3504 0
3504 9.81264752402888
3504 9.81264752402888
3504 0
3504 0
3576 0
3576 170.338707327049
3576 170.338707327049
3576 170.338707327049
3576 170.338707327049
3576 0
3576 10.927032446396
3576 6.8313460061211
3576 6.8313460061211
3576 6.8313460061211
3576 6.8313460061211
3576 0
3576 0
3576 0
3576 0
3576 0
3576 0
3576 0
3576 0
3576 0
3576 0
3576 0
3576 11.8268162250459
3576 11.8268162250459
3576 11.8268162250459
3576 0
3576 139.969155844156
3576 0
3576 0
3576 0
3576 0
3576 0
3576 0
3576 9.81264752402888
3576 9.81264752402888
3576 0
3576 0
3642 0
3642 170.338707327049
3642 170.338707327049
3642 170.338707327049
3642 170.338707327049
3642 0
3642 10.927032446396
3642 6.8313460061211
3642 6.8313460061211
3642 6.8313460061211
3642 6.8313460061211
3642 0
3642 0
3642 0
3642 0
3642 0
3642 0
3642 0
3642 0
3642 0
3642 0
3642 0
3642 11.8268162250459
3642 11.8268162250459
3642 11.8268162250459
3642 0
3642 139.969155844156
3642 0
3642 0
3642 0
3642 0
3642 0
3642 0
3642 9.81264752402888
3642 9.81264752402888
3642 0
3642 0
2378 0
2378 170.338707327049
2378 170.338707327049
2378 170.338707327049
2378 170.338707327049
2378 0
2378 10.927032446396
2378 6.8313460061211
2378 6.8313460061211
2378 6.8313460061211
2378 6.8313460061211
2378 0
2378 0
2378 0
2378 0
2378 0
2378 0
2378 0
2378 0
2378 0
2378 0
2378 0
2378 11.8268162250459
2378 11.8268162250459
2378 11.8268162250459
2378 0
2378 139.969155844156
2378 0
2378 0
2378 0
2378 0
2378 0
2378 0
2378 9.81264752402888
2378 9.81264752402888
2378 0
2378 0
2468 0
2468 170.338707327049
2468 170.338707327049
2468 170.338707327049
2468 170.338707327049
2468 0
2468 10.927032446396
2468 6.8313460061211
2468 6.8313460061211
2468 6.8313460061211
2468 6.8313460061211
2468 0
2468 0
2468 0
2468 0
2468 0
2468 0
2468 0
2468 0
2468 0
2468 0
2468 0
2468 11.8268162250459
2468 11.8268162250459
2468 11.8268162250459
2468 0
2468 139.969155844156
2468 0
2468 0
2468 0
2468 0
2468 0
2468 0
2468 9.81264752402888
2468 9.81264752402888
2468 0
2468 0
2749 0
2749 170.338707327049
2749 170.338707327049
2749 170.338707327049
2749 170.338707327049
2749 0
2749 10.927032446396
2749 6.8313460061211
2749 6.8313460061211
2749 6.8313460061211
2749 6.8313460061211
2749 0
2749 0
2749 0
2749 0
2749 0
2749 0
2749 0
2749 0
2749 0
2749 0
2749 0
2749 11.8268162250459
2749 11.8268162250459
2749 11.8268162250459
2749 0
2749 139.969155844156
2749 0
2749 0
2749 0
2749 0
2749 0
2749 0
2749 9.81264752402888
2749 9.81264752402888
2749 0
2749 0
2843 0
2843 170.338707327049
2843 170.338707327049
2843 170.338707327049
2843 170.338707327049
2843 0
2843 10.927032446396
2843 6.8313460061211
2843 6.8313460061211
2843 6.8313460061211
2843 6.8313460061211
2843 0
2843 0
2843 0
2843 0
2843 0
2843 0
2843 0
2843 0
2843 0
2843 0
2843 0
2843 11.8268162250459
2843 11.8268162250459
2843 11.8268162250459
2843 0
2843 139.969155844156
2843 0
2843 0
2843 0
2843 0
2843 0
2843 0
2843 9.81264752402888
2843 9.81264752402888
2843 0
2843 0
2938 0
2938 170.338707327049
2938 170.338707327049
2938 170.338707327049
2938 170.338707327049
2938 0
2938 10.927032446396
2938 6.8313460061211
2938 6.8313460061211
2938 6.8313460061211
2938 6.8313460061211
2938 0
2938 0
2938 0
2938 0
2938 0
2938 0
2938 0
2938 0
2938 0
2938 0
2938 0
2938 11.8268162250459
2938 11.8268162250459
2938 11.8268162250459
2938 0
2938 139.969155844156
2938 0
2938 0
2938 0
2938 0
2938 0
2938 0
2938 9.81264752402888
2938 9.81264752402888
2938 0
2938 0
3027 0
3027 170.338707327049
3027 170.338707327049
3027 170.338707327049
3027 170.338707327049
3027 0
3027 10.927032446396
3027 6.8313460061211
3027 6.8313460061211
3027 6.8313460061211
3027 6.8313460061211
3027 0
3027 0
3027 0
3027 0
3027 0
3027 0
3027 0
3027 0
3027 0
3027 0
3027 0
3027 11.8268162250459
3027 11.8268162250459
3027 11.8268162250459
3027 0
3027 139.969155844156
3027 0
3027 0
3027 0
3027 0
3027 0
3027 0
3027 9.81264752402888
3027 9.81264752402888
3027 0
3027 0
3118 0
3118 170.338707327049
3118 170.338707327049
3118 170.338707327049
3118 170.338707327049
3118 0
3118 10.927032446396
3118 6.8313460061211
3118 6.8313460061211
3118 6.8313460061211
3118 6.8313460061211
3118 0
3118 0
3118 0
3118 0
3118 0
3118 0
3118 0
3118 0
3118 0
3118 0
3118 0
3118 11.8268162250459
3118 11.8268162250459
3118 11.8268162250459
3118 0
3118 139.969155844156
3118 0
3118 0
3118 0
3118 0
3118 0
3118 0
3118 9.81264752402888
3118 9.81264752402888
3118 0
3118 0
3203 0
3203 170.338707327049
3203 170.338707327049
3203 170.338707327049
3203 170.338707327049
3203 0
3203 10.927032446396
3203 6.8313460061211
3203 6.8313460061211
3203 6.8313460061211
3203 6.8313460061211
3203 0
3203 0
3203 0
3203 0
3203 0
3203 0
3203 0
3203 0
3203 0
3203 0
3203 0
3203 11.8268162250459
3203 11.8268162250459
3203 11.8268162250459
3203 0
3203 139.969155844156
3203 0
3203 0
3203 0
3203 0
3203 0
3203 0
3203 9.81264752402888
3203 9.81264752402888
3203 0
3203 0
3285 0
3285 170.338707327049
3285 170.338707327049
3285 170.338707327049
3285 170.338707327049
3285 0
3285 10.927032446396
3285 6.8313460061211
3285 6.8313460061211
3285 6.8313460061211
3285 6.8313460061211
3285 0
3285 0
3285 0
3285 0
3285 0
3285 0
3285 0
3285 0
3285 0
3285 0
3285 0
3285 11.8268162250459
3285 11.8268162250459
3285 11.8268162250459
3285 0
3285 139.969155844156
3285 0
3285 0
3285 0
3285 0
3285 0
3285 0
3285 9.81264752402888
3285 9.81264752402888
3285 0
3285 0
3362 0
3362 170.338707327049
3362 170.338707327049
3362 170.338707327049
3362 170.338707327049
3362 0
3362 10.927032446396
3362 6.8313460061211
3362 6.8313460061211
3362 6.8313460061211
3362 6.8313460061211
3362 0
3362 0
3362 0
3362 0
3362 0
3362 0
3362 0
3362 0
3362 0
3362 0
3362 0
3362 11.8268162250459
3362 11.8268162250459
3362 11.8268162250459
3362 0
3362 139.969155844156
3362 0
3362 0
3362 0
3362 0
3362 0
3362 0
3362 9.81264752402888
3362 9.81264752402888
3362 0
3362 0
3434 0
3434 170.338707327049
3434 170.338707327049
3434 170.338707327049
3434 170.338707327049
3434 0
3434 10.927032446396
3434 6.8313460061211
3434 6.8313460061211
3434 6.8313460061211
3434 6.8313460061211
3434 0
3434 0
3434 0
3434 0
3434 0
3434 0
3434 0
3434 0
3434 0
3434 0
3434 0
3434 11.8268162250459
3434 11.8268162250459
3434 11.8268162250459
3434 0
3434 139.969155844156
3434 0
3434 0
3434 0
3434 0
3434 0
3434 0
3434 9.81264752402888
3434 9.81264752402888
3434 0
3434 0
3505 0
3505 170.338707327049
3505 170.338707327049
3505 170.338707327049
3505 170.338707327049
3505 0
3505 10.927032446396
3505 6.8313460061211
3505 6.8313460061211
3505 6.8313460061211
3505 6.8313460061211
3505 0
3505 0
3505 0
3505 0
3505 0
3505 0
3505 0
3505 0
3505 0
3505 0
3505 0
3505 11.8268162250459
3505 11.8268162250459
3505 11.8268162250459
3505 0
3505 139.969155844156
3505 0
3505 0
3505 0
3505 0
3505 0
3505 0
3505 9.81264752402888
3505 9.81264752402888
3505 0
3505 0
3577 0
3577 170.338707327049
3577 170.338707327049
3577 170.338707327049
3577 170.338707327049
3577 0
3577 10.927032446396
3577 6.8313460061211
3577 6.8313460061211
3577 6.8313460061211
3577 6.8313460061211
3577 0
3577 0
3577 0
3577 0
3577 0
3577 0
3577 0
3577 0
3577 0
3577 0
3577 0
3577 11.8268162250459
3577 11.8268162250459
3577 11.8268162250459
3577 0
3577 139.969155844156
3577 0
3577 0
3577 0
3577 0
3577 0
3577 0
3577 9.81264752402888
3577 9.81264752402888
3577 0
3577 0
2750 0
2750 170.338707327049
2750 170.338707327049
2750 170.338707327049
2750 170.338707327049
2750 0
2750 10.927032446396
2750 6.8313460061211
2750 6.8313460061211
2750 6.8313460061211
2750 6.8313460061211
2750 0
2750 0
2750 0
2750 0
2750 0
2750 0
2750 0
2750 0
2750 0
2750 0
2750 0
2750 11.8268162250459
2750 11.8268162250459
2750 11.8268162250459
2750 0
2750 139.969155844156
2750 0
2750 0
2750 0
2750 0
2750 0
2750 0
2750 9.81264752402888
2750 9.81264752402888
2750 0
2750 0
2844 0
2844 170.338707327049
2844 170.338707327049
2844 170.338707327049
2844 170.338707327049
2844 0
2844 10.927032446396
2844 6.8313460061211
2844 6.8313460061211
2844 6.8313460061211
2844 6.8313460061211
2844 0
2844 0
2844 0
2844 0
2844 0
2844 0
2844 0
2844 0
2844 0
2844 0
2844 0
2844 11.8268162250459
2844 11.8268162250459
2844 11.8268162250459
2844 0
2844 139.969155844156
2844 0
2844 0
2844 0
2844 0
2844 0
2844 0
2844 9.81264752402888
2844 9.81264752402888
2844 0
2844 0
2939 0
2939 170.338707327049
2939 170.338707327049
2939 170.338707327049
2939 170.338707327049
2939 0
2939 10.927032446396
2939 6.8313460061211
2939 6.8313460061211
2939 6.8313460061211
2939 6.8313460061211
2939 0
2939 0
2939 0
2939 0
2939 0
2939 0
2939 0
2939 0
2939 0
2939 0
2939 0
2939 11.8268162250459
2939 11.8268162250459
2939 11.8268162250459
2939 0
2939 139.969155844156
2939 0
2939 0
2939 0
2939 0
2939 0
2939 0
2939 9.81264752402888
2939 9.81264752402888
2939 0
2939 0
3028 0
3028 170.338707327049
3028 170.338707327049
3028 170.338707327049
3028 170.338707327049
3028 0
3028 10.927032446396
3028 6.8313460061211
3028 6.8313460061211
3028 6.8313460061211
3028 6.8313460061211
3028 0
3028 0
3028 0
3028 0
3028 0
3028 0
3028 0
3028 0
3028 0
3028 0
3028 0
3028 11.8268162250459
3028 11.8268162250459
3028 11.8268162250459
3028 0
3028 139.969155844156
3028 0
3028 0
3028 0
3028 0
3028 0
3028 0
3028 9.81264752402888
3028 9.81264752402888
3028 0
3028 0
3119 0
3119 170.338707327049
3119 170.338707327049
3119 170.338707327049
3119 170.338707327049
3119 0
3119 10.927032446396
3119 6.8313460061211
3119 6.8313460061211
3119 6.8313460061211
3119 6.8313460061211
3119 0
3119 0
3119 0
3119 0
3119 0
3119 0
3119 0
3119 0
3119 0
3119 0
3119 0
3119 11.8268162250459
3119 11.8268162250459
3119 11.8268162250459
3119 0
3119 139.969155844156
3119 0
3119 0
3119 0
3119 0
3119 0
3119 0
3119 9.81264752402888
3119 9.81264752402888
3119 0
3119 0
3204 0
3204 170.338707327049
3204 170.338707327049
3204 170.338707327049
3204 170.338707327049
3204 0
3204 10.927032446396
3204 6.8313460061211
3204 6.8313460061211
3204 6.8313460061211
3204 6.8313460061211
3204 0
3204 0
3204 0
3204 0
3204 0
3204 0
3204 0
3204 0
3204 0
3204 0
3204 0
3204 11.8268162250459
3204 11.8268162250459
3204 11.8268162250459
3204 0
3204 139.969155844156
3204 0
3204 0
3204 0
3204 0
3204 0
3204 0
3204 9.81264752402888
3204 9.81264752402888
3204 0
3204 0
3286 0
3286 170.338707327049
3286 170.338707327049
3286 170.338707327049
3286 170.338707327049
3286 0
3286 10.927032446396
3286 6.8313460061211
3286 6.8313460061211
3286 6.8313460061211
3286 6.8313460061211
3286 0
3286 0
3286 0
3286 0
3286 0
3286 0
3286 0
3286 0
3286 0
3286 0
3286 0
3286 11.8268162250459
3286 11.8268162250459
3286 11.8268162250459
3286 0
3286 139.969155844156
3286 0
3286 0
3286 0
3286 0
3286 0
3286 0
3286 9.81264752402888
3286 9.81264752402888
3286 0
3286 0
3363 0
3363 170.338707327049
3363 170.338707327049
3363 170.338707327049
3363 170.338707327049
3363 0
3363 10.927032446396
3363 6.8313460061211
3363 6.8313460061211
3363 6.8313460061211
3363 6.8313460061211
3363 0
3363 0
3363 0
3363 0
3363 0
3363 0
3363 0
3363 0
3363 0
3363 0
3363 0
3363 11.8268162250459
3363 11.8268162250459
3363 11.8268162250459
3363 0
3363 139.969155844156
3363 0
3363 0
3363 0
3363 0
3363 0
3363 0
3363 9.81264752402888
3363 9.81264752402888
3363 0
3363 0
3435 0
3435 170.338707327049
3435 170.338707327049
3435 170.338707327049
3435 170.338707327049
3435 0
3435 10.927032446396
3435 6.8313460061211
3435 6.8313460061211
3435 6.8313460061211
3435 6.8313460061211
3435 0
3435 0
3435 0
3435 0
3435 0
3435 0
3435 0
3435 0
3435 0
3435 0
3435 0
3435 11.8268162250459
3435 11.8268162250459
3435 11.8268162250459
3435 0
3435 139.969155844156
3435 0
3435 0
3435 0
3435 0
3435 0
3435 0
3435 9.81264752402888
3435 9.81264752402888
3435 0
3435 0
3506 0
3506 170.338707327049
3506 170.338707327049
3506 170.338707327049
3506 170.338707327049
3506 0
3506 10.927032446396
3506 6.8313460061211
3506 6.8313460061211
3506 6.8313460061211
3506 6.8313460061211
3506 0
3506 0
3506 0
3506 0
3506 0
3506 0
3506 0
3506 0
3506 0
3506 0
3506 0
3506 11.8268162250459
3506 11.8268162250459
3506 11.8268162250459
3506 0
3506 139.969155844156
3506 0
3506 0
3506 0
3506 0
3506 0
3506 0
3506 9.81264752402888
3506 9.81264752402888
3506 0
3506 0
3644 0
3644 170.338707327049
3644 170.338707327049
3644 170.338707327049
3644 170.338707327049
3644 0
3644 10.927032446396
3644 6.8313460061211
3644 6.8313460061211
3644 6.8313460061211
3644 6.8313460061211
3644 0
3644 0
3644 0
3644 0
3644 0
3644 0
3644 0
3644 0
3644 0
3644 0
3644 0
3644 11.8268162250459
3644 11.8268162250459
3644 11.8268162250459
3644 0
3644 139.969155844156
3644 0
3644 0
3644 0
3644 0
3644 0
3644 0
3644 9.81264752402888
3644 9.81264752402888
3644 0
3644 0
3120 0
3120 170.338707327049
3120 170.338707327049
3120 170.338707327049
3120 170.338707327049
3120 0
3120 10.927032446396
3120 6.8313460061211
3120 6.8313460061211
3120 6.8313460061211
3120 6.8313460061211
3120 0
3120 0
3120 0
3120 0
3120 0
3120 0
3120 0
3120 0
3120 0
3120 0
3120 0
3120 11.8268162250459
3120 11.8268162250459
3120 11.8268162250459
3120 0
3120 139.969155844156
3120 0
3120 0
3120 0
3120 0
3120 0
3120 0
3120 9.81264752402888
3120 9.81264752402888
3120 0
3120 0
3287 0
3287 170.338707327049
3287 170.338707327049
3287 170.338707327049
3287 170.338707327049
3287 0
3287 10.927032446396
3287 6.8313460061211
3287 6.8313460061211
3287 6.8313460061211
3287 6.8313460061211
3287 0
3287 0
3287 0
3287 0
3287 0
3287 0
3287 0
3287 0
3287 0
3287 0
3287 0
3287 11.8268162250459
3287 11.8268162250459
3287 11.8268162250459
3287 0
3287 139.969155844156
3287 0
3287 0
3287 0
3287 0
3287 0
3287 0
3287 9.81264752402888
3287 9.81264752402888
3287 0
3287 0
3364 0
3364 170.338707327049
3364 170.338707327049
3364 170.338707327049
3364 170.338707327049
3364 0
3364 10.927032446396
3364 6.8313460061211
3364 6.8313460061211
3364 6.8313460061211
3364 6.8313460061211
3364 0
3364 0
3364 0
3364 0
3364 0
3364 0
3364 0
3364 0
3364 0
3364 0
3364 0
3364 11.8268162250459
3364 11.8268162250459
3364 11.8268162250459
3364 0
3364 139.969155844156
3364 0
3364 0
3364 0
3364 0
3364 0
3364 0
3364 9.81264752402888
3364 9.81264752402888
3364 0
3364 0
3436 0
3436 170.338707327049
3436 170.338707327049
3436 170.338707327049
3436 170.338707327049
3436 0
3436 10.927032446396
3436 6.8313460061211
3436 6.8313460061211
3436 6.8313460061211
3436 6.8313460061211
3436 0
3436 0
3436 0
3436 0
3436 0
3436 0
3436 0
3436 0
3436 0
3436 0
3436 0
3436 11.8268162250459
3436 11.8268162250459
3436 11.8268162250459
3436 0
3436 139.969155844156
3436 0
3436 0
3436 0
3436 0
3436 0
3436 0
3436 9.81264752402888
3436 9.81264752402888
3436 0
3436 0
3206 0
3206 170.338707327049
3206 170.338707327049
3206 170.338707327049
3206 170.338707327049
3206 0
3206 10.927032446396
3206 6.8313460061211
3206 6.8313460061211
3206 6.8313460061211
3206 6.8313460061211
3206 0
3206 0
3206 0
3206 0
3206 0
3206 0
3206 0
3206 0
3206 0
3206 0
3206 0
3206 11.8268162250459
3206 11.8268162250459
3206 11.8268162250459
3206 0
3206 139.969155844156
3206 0
3206 0
3206 0
3206 0
3206 0
3206 0
3206 9.81264752402888
3206 9.81264752402888
3206 0
3206 0
3288 0
3288 170.338707327049
3288 170.338707327049
3288 170.338707327049
3288 170.338707327049
3288 0
3288 10.927032446396
3288 6.8313460061211
3288 6.8313460061211
3288 6.8313460061211
3288 6.8313460061211
3288 0
3288 0
3288 0
3288 0
3288 0
3288 0
3288 0
3288 0
3288 0
3288 0
3288 0
3288 11.8268162250459
3288 11.8268162250459
3288 11.8268162250459
3288 0
3288 139.969155844156
3288 0
3288 0
3288 0
3288 0
3288 0
3288 0
3288 9.81264752402888
3288 9.81264752402888
3288 0
3288 0
3365 0
3365 170.338707327049
3365 170.338707327049
3365 170.338707327049
3365 170.338707327049
3365 0
3365 10.927032446396
3365 6.8313460061211
3365 6.8313460061211
3365 6.8313460061211
3365 6.8313460061211
3365 0
3365 0
3365 0
3365 0
3365 0
3365 0
3365 0
3365 0
3365 0
3365 0
3365 0
3365 11.8268162250459
3365 11.8268162250459
3365 11.8268162250459
3365 0
3365 139.969155844156
3365 0
3365 0
3365 0
3365 0
3365 0
3365 0
3365 9.81264752402888
3365 9.81264752402888
3365 0
3365 0
3289 0
3289 170.338707327049
3289 170.338707327049
3289 170.338707327049
3289 170.338707327049
3289 0
3289 10.927032446396
3289 6.8313460061211
3289 6.8313460061211
3289 6.8313460061211
3289 6.8313460061211
3289 0
3289 0
3289 0
3289 0
3289 0
3289 0
3289 0
3289 0
3289 0
3289 0
3289 0
3289 11.8268162250459
3289 11.8268162250459
3289 11.8268162250459
3289 0
3289 139.969155844156
3289 0
3289 0
3289 0
3289 0
3289 0
3289 0
3289 9.81264752402888
3289 9.81264752402888
3289 0
3289 0
