pt_graph cpue_kghour
1396 418.104831492066
1396 418.104831492066
1396 418.104831492066
1396 16.2976506140842
1396 46.407466436374
1396 46.407466436374
1396 0.208960843373494
1396 0.208960843373494
1396 0.120625281164897
1396 0
1396 0
1396 0.160325333507038
1396 28.3919163700434
1396 28.3919163700434
1396 0
1396 0.77906543442073
1396 0
1396 0
1396 1.0345236079077
1396 18.8755115600355
1396 18.8755115600355
2439 418.104831492066
2439 418.104831492066
2439 418.104831492066
2439 16.2976506140842
2439 46.407466436374
2439 46.407466436374
2439 0.208960843373494
2439 0.208960843373494
2439 0.120625281164897
2439 0
2439 0
2439 0.160325333507038
2439 28.3919163700434
2439 28.3919163700434
2439 0
2439 0.77906543442073
2439 0
2439 0
2439 1.0345236079077
2439 18.8755115600355
2439 18.8755115600355
2546 418.104831492066
2546 418.104831492066
2546 418.104831492066
2546 16.2976506140842
2546 46.407466436374
2546 46.407466436374
2546 0.208960843373494
2546 0.208960843373494
2546 0.120625281164897
2546 0
2546 0
2546 0.160325333507038
2546 28.3919163700434
2546 28.3919163700434
2546 0
2546 0.77906543442073
2546 0
2546 0
2546 1.0345236079077
2546 18.8755115600355
2546 18.8755115600355
2592 418.104831492066
2592 418.104831492066
2592 418.104831492066
2592 16.2976506140842
2592 46.407466436374
2592 46.407466436374
2592 0.208960843373494
2592 0.208960843373494
2592 0.120625281164897
2592 0
2592 0
2592 0.160325333507038
2592 28.3919163700434
2592 28.3919163700434
2592 0
2592 0.77906543442073
2592 0
2592 0
2592 1.0345236079077
2592 18.8755115600355
2592 18.8755115600355
2642 418.104831492066
2642 418.104831492066
2642 418.104831492066
2642 16.2976506140842
2642 46.407466436374
2642 46.407466436374
2642 0.208960843373494
2642 0.208960843373494
2642 0.120625281164897
2642 0
2642 0
2642 0.160325333507038
2642 28.3919163700434
2642 28.3919163700434
2642 0
2642 0.77906543442073
2642 0
2642 0
2642 1.0345236079077
2642 18.8755115600355
2642 18.8755115600355
2798 418.104831492066
2798 418.104831492066
2798 418.104831492066
2798 16.2976506140842
2798 46.407466436374
2798 46.407466436374
2798 0.208960843373494
2798 0.208960843373494
2798 0.120625281164897
2798 0
2798 0
2798 0.160325333507038
2798 28.3919163700434
2798 28.3919163700434
2798 0
2798 0.77906543442073
2798 0
2798 0
2798 1.0345236079077
2798 18.8755115600355
2798 18.8755115600355
2909 418.104831492066
2909 418.104831492066
2909 418.104831492066
2909 16.2976506140842
2909 46.407466436374
2909 46.407466436374
2909 0.208960843373494
2909 0.208960843373494
2909 0.120625281164897
2909 0
2909 0
2909 0.160325333507038
2909 28.3919163700434
2909 28.3919163700434
2909 0
2909 0.77906543442073
2909 0
2909 0
2909 1.0345236079077
2909 18.8755115600355
2909 18.8755115600355
3017 418.104831492066
3017 418.104831492066
3017 418.104831492066
3017 16.2976506140842
3017 46.407466436374
3017 46.407466436374
3017 0.208960843373494
3017 0.208960843373494
3017 0.120625281164897
3017 0
3017 0
3017 0.160325333507038
3017 28.3919163700434
3017 28.3919163700434
3017 0
3017 0.77906543442073
3017 0
3017 0
3017 1.0345236079077
3017 18.8755115600355
3017 18.8755115600355
3018 418.104831492066
3018 418.104831492066
3018 418.104831492066
3018 16.2976506140842
3018 46.407466436374
3018 46.407466436374
3018 0.208960843373494
3018 0.208960843373494
3018 0.120625281164897
3018 0
3018 0
3018 0.160325333507038
3018 28.3919163700434
3018 28.3919163700434
3018 0
3018 0.77906543442073
3018 0
3018 0
3018 1.0345236079077
3018 18.8755115600355
3018 18.8755115600355
3180 418.104831492066
3180 418.104831492066
3180 418.104831492066
3180 16.2976506140842
3180 46.407466436374
3180 46.407466436374
3180 0.208960843373494
3180 0.208960843373494
3180 0.120625281164897
3180 0
3180 0
3180 0.160325333507038
3180 28.3919163700434
3180 28.3919163700434
3180 0
3180 0.77906543442073
3180 0
3180 0
3180 1.0345236079077
3180 18.8755115600355
3180 18.8755115600355
3235 418.104831492066
3235 418.104831492066
3235 418.104831492066
3235 16.2976506140842
3235 46.407466436374
3235 46.407466436374
3235 0.208960843373494
3235 0.208960843373494
3235 0.120625281164897
3235 0
3235 0
3235 0.160325333507038
3235 28.3919163700434
3235 28.3919163700434
3235 0
3235 0.77906543442073
3235 0
3235 0
3235 1.0345236079077
3235 18.8755115600355
3235 18.8755115600355
3292 418.104831492066
3292 418.104831492066
3292 418.104831492066
3292 16.2976506140842
3292 46.407466436374
3292 46.407466436374
3292 0.208960843373494
3292 0.208960843373494
3292 0.120625281164897
3292 0
3292 0
3292 0.160325333507038
3292 28.3919163700434
3292 28.3919163700434
3292 0
3292 0.77906543442073
3292 0
3292 0
3292 1.0345236079077
3292 18.8755115600355
3292 18.8755115600355
3350 418.104831492066
3350 418.104831492066
3350 418.104831492066
3350 16.2976506140842
3350 46.407466436374
3350 46.407466436374
3350 0.208960843373494
3350 0.208960843373494
3350 0.120625281164897
3350 0
3350 0
3350 0.160325333507038
3350 28.3919163700434
3350 28.3919163700434
3350 0
3350 0.77906543442073
3350 0
3350 0
3350 1.0345236079077
3350 18.8755115600355
3350 18.8755115600355
3352 418.104831492066
3352 418.104831492066
3352 418.104831492066
3352 16.2976506140842
3352 46.407466436374
3352 46.407466436374
3352 0.208960843373494
3352 0.208960843373494
3352 0.120625281164897
3352 0
3352 0
3352 0.160325333507038
3352 28.3919163700434
3352 28.3919163700434
3352 0
3352 0.77906543442073
3352 0
3352 0
3352 1.0345236079077
3352 18.8755115600355
3352 18.8755115600355
3411 418.104831492066
3411 418.104831492066
3411 418.104831492066
3411 16.2976506140842
3411 46.407466436374
3411 46.407466436374
3411 0.208960843373494
3411 0.208960843373494
3411 0.120625281164897
3411 0
3411 0
3411 0.160325333507038
3411 28.3919163700434
3411 28.3919163700434
3411 0
3411 0.77906543442073
3411 0
3411 0
3411 1.0345236079077
3411 18.8755115600355
3411 18.8755115600355
8209 418.104831492066
8209 418.104831492066
8209 418.104831492066
8209 16.2976506140842
8209 46.407466436374
8209 46.407466436374
8209 0.208960843373494
8209 0.208960843373494
8209 0.120625281164897
8209 0
8209 0
8209 0.160325333507038
8209 28.3919163700434
8209 28.3919163700434
8209 0
8209 0.77906543442073
8209 0
8209 0
8209 1.0345236079077
8209 18.8755115600355
8209 18.8755115600355
3480 418.104831492066
3480 418.104831492066
3480 418.104831492066
3480 16.2976506140842
3480 46.407466436374
3480 46.407466436374
3480 0.208960843373494
3480 0.208960843373494
3480 0.120625281164897
3480 0
3480 0
3480 0.160325333507038
3480 28.3919163700434
3480 28.3919163700434
3480 0
3480 0.77906543442073
3480 0
3480 0
3480 1.0345236079077
3480 18.8755115600355
3480 18.8755115600355
3484 418.104831492066
3484 418.104831492066
3484 418.104831492066
3484 16.2976506140842
3484 46.407466436374
3484 46.407466436374
3484 0.208960843373494
3484 0.208960843373494
3484 0.120625281164897
3484 0
3484 0
3484 0.160325333507038
3484 28.3919163700434
3484 28.3919163700434
3484 0
3484 0.77906543442073
3484 0
3484 0
3484 1.0345236079077
3484 18.8755115600355
3484 18.8755115600355
3545 418.104831492066
3545 418.104831492066
3545 418.104831492066
3545 16.2976506140842
3545 46.407466436374
3545 46.407466436374
3545 0.208960843373494
3545 0.208960843373494
3545 0.120625281164897
3545 0
3545 0
3545 0.160325333507038
3545 28.3919163700434
3545 28.3919163700434
3545 0
3545 0.77906543442073
3545 0
3545 0
3545 1.0345236079077
3545 18.8755115600355
3545 18.8755115600355
3486 418.104831492066
3486 418.104831492066
3486 418.104831492066
3486 16.2976506140842
3486 46.407466436374
3486 46.407466436374
3486 0.208960843373494
3486 0.208960843373494
3486 0.120625281164897
3486 0
3486 0
3486 0.160325333507038
3486 28.3919163700434
3486 28.3919163700434
3486 0
3486 0.77906543442073
3486 0
3486 0
3486 1.0345236079077
3486 18.8755115600355
3486 18.8755115600355
3548 418.104831492066
3548 418.104831492066
3548 418.104831492066
3548 16.2976506140842
3548 46.407466436374
3548 46.407466436374
3548 0.208960843373494
3548 0.208960843373494
3548 0.120625281164897
3548 0
3548 0
3548 0.160325333507038
3548 28.3919163700434
3548 28.3919163700434
3548 0
3548 0.77906543442073
3548 0
3548 0
3548 1.0345236079077
3548 18.8755115600355
3548 18.8755115600355
3550 418.104831492066
3550 418.104831492066
3550 418.104831492066
3550 16.2976506140842
3550 46.407466436374
3550 46.407466436374
3550 0.208960843373494
3550 0.208960843373494
3550 0.120625281164897
3550 0
3550 0
3550 0.160325333507038
3550 28.3919163700434
3550 28.3919163700434
3550 0
3550 0.77906543442073
3550 0
3550 0
3550 1.0345236079077
3550 18.8755115600355
3550 18.8755115600355
3617 418.104831492066
3617 418.104831492066
3617 418.104831492066
3617 16.2976506140842
3617 46.407466436374
3617 46.407466436374
3617 0.208960843373494
3617 0.208960843373494
3617 0.120625281164897
3617 0
3617 0
3617 0.160325333507038
3617 28.3919163700434
3617 28.3919163700434
3617 0
3617 0.77906543442073
3617 0
3617 0
3617 1.0345236079077
3617 18.8755115600355
3617 18.8755115600355
3619 418.104831492066
3619 418.104831492066
3619 418.104831492066
3619 16.2976506140842
3619 46.407466436374
3619 46.407466436374
3619 0.208960843373494
3619 0.208960843373494
3619 0.120625281164897
3619 0
3619 0
3619 0.160325333507038
3619 28.3919163700434
3619 28.3919163700434
3619 0
3619 0.77906543442073
3619 0
3619 0
3619 1.0345236079077
3619 18.8755115600355
3619 18.8755115600355
3621 418.104831492066
3621 418.104831492066
3621 418.104831492066
3621 16.2976506140842
3621 46.407466436374
3621 46.407466436374
3621 0.208960843373494
3621 0.208960843373494
3621 0.120625281164897
3621 0
3621 0
3621 0.160325333507038
3621 28.3919163700434
3621 28.3919163700434
3621 0
3621 0.77906543442073
3621 0
3621 0
3621 1.0345236079077
3621 18.8755115600355
3621 18.8755115600355
3690 418.104831492066
3690 418.104831492066
3690 418.104831492066
3690 16.2976506140842
3690 46.407466436374
3690 46.407466436374
3690 0.208960843373494
3690 0.208960843373494
3690 0.120625281164897
3690 0
3690 0
3690 0.160325333507038
3690 28.3919163700434
3690 28.3919163700434
3690 0
3690 0.77906543442073
3690 0
3690 0
3690 1.0345236079077
3690 18.8755115600355
3690 18.8755115600355
3691 418.104831492066
3691 418.104831492066
3691 418.104831492066
3691 16.2976506140842
3691 46.407466436374
3691 46.407466436374
3691 0.208960843373494
3691 0.208960843373494
3691 0.120625281164897
3691 0
3691 0
3691 0.160325333507038
3691 28.3919163700434
3691 28.3919163700434
3691 0
3691 0.77906543442073
3691 0
3691 0
3691 1.0345236079077
3691 18.8755115600355
3691 18.8755115600355
3692 418.104831492066
3692 418.104831492066
3692 418.104831492066
3692 16.2976506140842
3692 46.407466436374
3692 46.407466436374
3692 0.208960843373494
3692 0.208960843373494
3692 0.120625281164897
3692 0
3692 0
3692 0.160325333507038
3692 28.3919163700434
3692 28.3919163700434
3692 0
3692 0.77906543442073
3692 0
3692 0
3692 1.0345236079077
3692 18.8755115600355
3692 18.8755115600355
3693 418.104831492066
3693 418.104831492066
3693 418.104831492066
3693 16.2976506140842
3693 46.407466436374
3693 46.407466436374
3693 0.208960843373494
3693 0.208960843373494
3693 0.120625281164897
3693 0
3693 0
3693 0.160325333507038
3693 28.3919163700434
3693 28.3919163700434
3693 0
3693 0.77906543442073
3693 0
3693 0
3693 1.0345236079077
3693 18.8755115600355
3693 18.8755115600355
3759 418.104831492066
3759 418.104831492066
3759 418.104831492066
3759 16.2976506140842
3759 46.407466436374
3759 46.407466436374
3759 0.208960843373494
3759 0.208960843373494
3759 0.120625281164897
3759 0
3759 0
3759 0.160325333507038
3759 28.3919163700434
3759 28.3919163700434
3759 0
3759 0.77906543442073
3759 0
3759 0
3759 1.0345236079077
3759 18.8755115600355
3759 18.8755115600355
