pt_graph scale
3461 0
3461 21.90574753
3461 21.90574753
3461 21.90574753
3461 21.90574753
3461 0
3461 6.26892144
3461 6.079396672
3461 6.079396672
3461 6.079396672
3461 6.079396672
3461 1.770700637
3461 1.770700637
3461 1.770700637
3461 1.770700637
3461 1.770700637
3461 0
3461 3.083688409
3461 0
3461 0
3461 0
3461 0
3461 3.802058175
3461 3.802058175
3461 3.802058175
3461 0
3461 0
3461 1.236486486
3461 1.236486486
3461 0
3461 0
3461 0
3461 0
3461 0
3461 0
3461 14.38356164
3461 23.33333333
3665 0
3665 21.90574753
3665 21.90574753
3665 21.90574753
3665 21.90574753
3665 0
3665 6.26892144
3665 6.079396672
3665 6.079396672
3665 6.079396672
3665 6.079396672
3665 1.770700637
3665 1.770700637
3665 1.770700637
3665 1.770700637
3665 1.770700637
3665 0
3665 3.083688409
3665 0
3665 0
3665 0
3665 0
3665 3.802058175
3665 3.802058175
3665 3.802058175
3665 0
3665 0
3665 1.236486486
3665 1.236486486
3665 0
3665 0
3665 0
3665 0
3665 0
3665 0
3665 14.38356164
3665 23.33333333
3724 0
3724 21.90574753
3724 21.90574753
3724 21.90574753
3724 21.90574753
3724 0
3724 6.26892144
3724 6.079396672
3724 6.079396672
3724 6.079396672
3724 6.079396672
3724 1.770700637
3724 1.770700637
3724 1.770700637
3724 1.770700637
3724 1.770700637
3724 0
3724 3.083688409
3724 0
3724 0
3724 0
3724 0
3724 3.802058175
3724 3.802058175
3724 3.802058175
3724 0
3724 0
3724 1.236486486
3724 1.236486486
3724 0
3724 0
3724 0
3724 0
3724 0
3724 0
3724 14.38356164
3724 23.33333333
37022 0
37022 21.90574753
37022 21.90574753
37022 21.90574753
37022 21.90574753
37022 0
37022 6.26892144
37022 6.079396672
37022 6.079396672
37022 6.079396672
37022 6.079396672
37022 1.770700637
37022 1.770700637
37022 1.770700637
37022 1.770700637
37022 1.770700637
37022 0
37022 3.083688409
37022 0
37022 0
37022 0
37022 0
37022 3.802058175
37022 3.802058175
37022 3.802058175
37022 0
37022 0
37022 1.236486486
37022 1.236486486
37022 0
37022 0
37022 0
37022 0
37022 0
37022 0
37022 14.38356164
37022 23.33333333
3240 0
3240 21.90574753
3240 21.90574753
3240 21.90574753
3240 21.90574753
3240 0
3240 6.26892144
3240 6.079396672
3240 6.079396672
3240 6.079396672
3240 6.079396672
3240 1.770700637
3240 1.770700637
3240 1.770700637
3240 1.770700637
3240 1.770700637
3240 0
3240 3.083688409
3240 0
3240 0
3240 0
3240 0
3240 3.802058175
3240 3.802058175
3240 3.802058175
3240 0
3240 0
3240 1.236486486
3240 1.236486486
3240 0
3240 0
3240 0
3240 0
3240 0
3240 0
3240 14.38356164
3240 23.33333333
3319 0
3319 21.90574753
3319 21.90574753
3319 21.90574753
3319 21.90574753
3319 0
3319 6.26892144
3319 6.079396672
3319 6.079396672
3319 6.079396672
3319 6.079396672
3319 1.770700637
3319 1.770700637
3319 1.770700637
3319 1.770700637
3319 1.770700637
3319 0
3319 3.083688409
3319 0
3319 0
3319 0
3319 0
3319 3.802058175
3319 3.802058175
3319 3.802058175
3319 0
3319 0
3319 1.236486486
3319 1.236486486
3319 0
3319 0
3319 0
3319 0
3319 0
3319 0
3319 14.38356164
3319 23.33333333
3067 0
3067 21.90574753
3067 21.90574753
3067 21.90574753
3067 21.90574753
3067 0
3067 6.26892144
3067 6.079396672
3067 6.079396672
3067 6.079396672
3067 6.079396672
3067 1.770700637
3067 1.770700637
3067 1.770700637
3067 1.770700637
3067 1.770700637
3067 0
3067 3.083688409
3067 0
3067 0
3067 0
3067 0
3067 3.802058175
3067 3.802058175
3067 3.802058175
3067 0
3067 0
3067 1.236486486
3067 1.236486486
3067 0
3067 0
3067 0
3067 0
3067 0
3067 0
3067 14.38356164
3067 23.33333333
2976 0
2976 21.90574753
2976 21.90574753
2976 21.90574753
2976 21.90574753
2976 0
2976 6.26892144
2976 6.079396672
2976 6.079396672
2976 6.079396672
2976 6.079396672
2976 1.770700637
2976 1.770700637
2976 1.770700637
2976 1.770700637
2976 1.770700637
2976 0
2976 3.083688409
2976 0
2976 0
2976 0
2976 0
2976 3.802058175
2976 3.802058175
2976 3.802058175
2976 0
2976 0
2976 1.236486486
2976 1.236486486
2976 0
2976 0
2976 0
2976 0
2976 0
2976 0
2976 14.38356164
2976 23.33333333
36932 0
36932 21.90574753
36932 21.90574753
36932 21.90574753
36932 21.90574753
36932 0
36932 6.26892144
36932 6.079396672
36932 6.079396672
36932 6.079396672
36932 6.079396672
36932 1.770700637
36932 1.770700637
36932 1.770700637
36932 1.770700637
36932 1.770700637
36932 0
36932 3.083688409
36932 0
36932 0
36932 0
36932 0
36932 3.802058175
36932 3.802058175
36932 3.802058175
36932 0
36932 0
36932 1.236486486
36932 1.236486486
36932 0
36932 0
36932 0
36932 0
36932 0
36932 0
36932 14.38356164
36932 23.33333333
36991 0
36991 21.90574753
36991 21.90574753
36991 21.90574753
36991 21.90574753
36991 0
36991 6.26892144
36991 6.079396672
36991 6.079396672
36991 6.079396672
36991 6.079396672
36991 1.770700637
36991 1.770700637
36991 1.770700637
36991 1.770700637
36991 1.770700637
36991 0
36991 3.083688409
36991 0
36991 0
36991 0
36991 0
36991 3.802058175
36991 3.802058175
36991 3.802058175
36991 0
36991 0
36991 1.236486486
36991 1.236486486
36991 0
36991 0
36991 0
36991 0
36991 0
36991 0
36991 14.38356164
36991 23.33333333
3535 0
3535 21.90574753
3535 21.90574753
3535 21.90574753
3535 21.90574753
3535 0
3535 6.26892144
3535 6.079396672
3535 6.079396672
3535 6.079396672
3535 6.079396672
3535 1.770700637
3535 1.770700637
3535 1.770700637
3535 1.770700637
3535 1.770700637
3535 0
3535 3.083688409
3535 0
3535 0
3535 0
3535 0
3535 3.802058175
3535 3.802058175
3535 3.802058175
3535 0
3535 0
3535 1.236486486
3535 1.236486486
3535 0
3535 0
3535 0
3535 0
3535 0
3535 0
3535 14.38356164
3535 23.33333333
3601 0
3601 21.90574753
3601 21.90574753
3601 21.90574753
3601 21.90574753
3601 0
3601 6.26892144
3601 6.079396672
3601 6.079396672
3601 6.079396672
3601 6.079396672
3601 1.770700637
3601 1.770700637
3601 1.770700637
3601 1.770700637
3601 1.770700637
3601 0
3601 3.083688409
3601 0
3601 0
3601 0
3601 0
3601 3.802058175
3601 3.802058175
3601 3.802058175
3601 0
3601 0
3601 1.236486486
3601 1.236486486
3601 0
3601 0
3601 0
3601 0
3601 0
3601 0
3601 14.38356164
3601 23.33333333
3666 0
3666 21.90574753
3666 21.90574753
3666 21.90574753
3666 21.90574753
3666 0
3666 6.26892144
3666 6.079396672
3666 6.079396672
3666 6.079396672
3666 6.079396672
3666 1.770700637
3666 1.770700637
3666 1.770700637
3666 1.770700637
3666 1.770700637
3666 0
3666 3.083688409
3666 0
3666 0
3666 0
3666 0
3666 3.802058175
3666 3.802058175
3666 3.802058175
3666 0
3666 0
3666 1.236486486
3666 1.236486486
3666 0
3666 0
3666 0
3666 0
3666 0
3666 0
3666 14.38356164
3666 23.33333333
3726 0
3726 21.90574753
3726 21.90574753
3726 21.90574753
3726 21.90574753
3726 0
3726 6.26892144
3726 6.079396672
3726 6.079396672
3726 6.079396672
3726 6.079396672
3726 1.770700637
3726 1.770700637
3726 1.770700637
3726 1.770700637
3726 1.770700637
3726 0
3726 3.083688409
3726 0
3726 0
3726 0
3726 0
3726 3.802058175
3726 3.802058175
3726 3.802058175
3726 0
3726 0
3726 1.236486486
3726 1.236486486
3726 0
3726 0
3726 0
3726 0
3726 0
3726 0
3726 14.38356164
3726 23.33333333
3784 0
3784 21.90574753
3784 21.90574753
3784 21.90574753
3784 21.90574753
3784 0
3784 6.26892144
3784 6.079396672
3784 6.079396672
3784 6.079396672
3784 6.079396672
3784 1.770700637
3784 1.770700637
3784 1.770700637
3784 1.770700637
3784 1.770700637
3784 0
3784 3.083688409
3784 0
3784 0
3784 0
3784 0
3784 3.802058175
3784 3.802058175
3784 3.802058175
3784 0
3784 0
3784 1.236486486
3784 1.236486486
3784 0
3784 0
3784 0
3784 0
3784 0
3784 0
3784 14.38356164
3784 23.33333333
3894 0
3894 21.90574753
3894 21.90574753
3894 21.90574753
3894 21.90574753
3894 0
3894 6.26892144
3894 6.079396672
3894 6.079396672
3894 6.079396672
3894 6.079396672
3894 1.770700637
3894 1.770700637
3894 1.770700637
3894 1.770700637
3894 1.770700637
3894 0
3894 3.083688409
3894 0
3894 0
3894 0
3894 0
3894 3.802058175
3894 3.802058175
3894 3.802058175
3894 0
3894 0
3894 1.236486486
3894 1.236486486
3894 0
3894 0
3894 0
3894 0
3894 0
3894 0
3894 14.38356164
3894 23.33333333
37687 0
37687 21.90574753
37687 21.90574753
37687 21.90574753
37687 21.90574753
37687 0
37687 6.26892144
37687 6.079396672
37687 6.079396672
37687 6.079396672
37687 6.079396672
37687 1.770700637
37687 1.770700637
37687 1.770700637
37687 1.770700637
37687 1.770700637
37687 0
37687 3.083688409
37687 0
37687 0
37687 0
37687 0
37687 3.802058175
37687 3.802058175
37687 3.802058175
37687 0
37687 0
37687 1.236486486
37687 1.236486486
37687 0
37687 0
37687 0
37687 0
37687 0
37687 0
37687 14.38356164
37687 23.33333333
2887 0
2887 21.90574753
2887 21.90574753
2887 21.90574753
2887 21.90574753
2887 0
2887 6.26892144
2887 6.079396672
2887 6.079396672
2887 6.079396672
2887 6.079396672
2887 1.770700637
2887 1.770700637
2887 1.770700637
2887 1.770700637
2887 1.770700637
2887 0
2887 3.083688409
2887 0
2887 0
2887 0
2887 0
2887 3.802058175
2887 3.802058175
2887 3.802058175
2887 0
2887 0
2887 1.236486486
2887 1.236486486
2887 0
2887 0
2887 0
2887 0
2887 0
2887 0
2887 14.38356164
2887 23.33333333
3462 0
3462 21.90574753
3462 21.90574753
3462 21.90574753
3462 21.90574753
3462 0
3462 6.26892144
3462 6.079396672
3462 6.079396672
3462 6.079396672
3462 6.079396672
3462 1.770700637
3462 1.770700637
3462 1.770700637
3462 1.770700637
3462 1.770700637
3462 0
3462 3.083688409
3462 0
3462 0
3462 0
3462 0
3462 3.802058175
3462 3.802058175
3462 3.802058175
3462 0
3462 0
3462 1.236486486
3462 1.236486486
3462 0
3462 0
3462 0
3462 0
3462 0
3462 0
3462 14.38356164
3462 23.33333333
3536 0
3536 21.90574753
3536 21.90574753
3536 21.90574753
3536 21.90574753
3536 0
3536 6.26892144
3536 6.079396672
3536 6.079396672
3536 6.079396672
3536 6.079396672
3536 1.770700637
3536 1.770700637
3536 1.770700637
3536 1.770700637
3536 1.770700637
3536 0
3536 3.083688409
3536 0
3536 0
3536 0
3536 0
3536 3.802058175
3536 3.802058175
3536 3.802058175
3536 0
3536 0
3536 1.236486486
3536 1.236486486
3536 0
3536 0
3536 0
3536 0
3536 0
3536 0
3536 14.38356164
3536 23.33333333
3602 0
3602 21.90574753
3602 21.90574753
3602 21.90574753
3602 21.90574753
3602 0
3602 6.26892144
3602 6.079396672
3602 6.079396672
3602 6.079396672
3602 6.079396672
3602 1.770700637
3602 1.770700637
3602 1.770700637
3602 1.770700637
3602 1.770700637
3602 0
3602 3.083688409
3602 0
3602 0
3602 0
3602 0
3602 3.802058175
3602 3.802058175
3602 3.802058175
3602 0
3602 0
3602 1.236486486
3602 1.236486486
3602 0
3602 0
3602 0
3602 0
3602 0
3602 0
3602 14.38356164
3602 23.33333333
3667 0
3667 21.90574753
3667 21.90574753
3667 21.90574753
3667 21.90574753
3667 0
3667 6.26892144
3667 6.079396672
3667 6.079396672
3667 6.079396672
3667 6.079396672
3667 1.770700637
3667 1.770700637
3667 1.770700637
3667 1.770700637
3667 1.770700637
3667 0
3667 3.083688409
3667 0
3667 0
3667 0
3667 0
3667 3.802058175
3667 3.802058175
3667 3.802058175
3667 0
3667 0
3667 1.236486486
3667 1.236486486
3667 0
3667 0
3667 0
3667 0
3667 0
3667 0
3667 14.38356164
3667 23.33333333
3727 0
3727 21.90574753
3727 21.90574753
3727 21.90574753
3727 21.90574753
3727 0
3727 6.26892144
3727 6.079396672
3727 6.079396672
3727 6.079396672
3727 6.079396672
3727 1.770700637
3727 1.770700637
3727 1.770700637
3727 1.770700637
3727 1.770700637
3727 0
3727 3.083688409
3727 0
3727 0
3727 0
3727 0
3727 3.802058175
3727 3.802058175
3727 3.802058175
3727 0
3727 0
3727 1.236486486
3727 1.236486486
3727 0
3727 0
3727 0
3727 0
3727 0
3727 0
3727 14.38356164
3727 23.33333333
3785 0
3785 21.90574753
3785 21.90574753
3785 21.90574753
3785 21.90574753
3785 0
3785 6.26892144
3785 6.079396672
3785 6.079396672
3785 6.079396672
3785 6.079396672
3785 1.770700637
3785 1.770700637
3785 1.770700637
3785 1.770700637
3785 1.770700637
3785 0
3785 3.083688409
3785 0
3785 0
3785 0
3785 0
3785 3.802058175
3785 3.802058175
3785 3.802058175
3785 0
3785 0
3785 1.236486486
3785 1.236486486
3785 0
3785 0
3785 0
3785 0
3785 0
3785 0
3785 14.38356164
3785 23.33333333
3840 0
3840 21.90574753
3840 21.90574753
3840 21.90574753
3840 21.90574753
3840 0
3840 6.26892144
3840 6.079396672
3840 6.079396672
3840 6.079396672
3840 6.079396672
3840 1.770700637
3840 1.770700637
3840 1.770700637
3840 1.770700637
3840 1.770700637
3840 0
3840 3.083688409
3840 0
3840 0
3840 0
3840 0
3840 3.802058175
3840 3.802058175
3840 3.802058175
3840 0
3840 0
3840 1.236486486
3840 1.236486486
3840 0
3840 0
3840 0
3840 0
3840 0
3840 0
3840 14.38356164
3840 23.33333333
4109 0
4109 21.90574753
4109 21.90574753
4109 21.90574753
4109 21.90574753
4109 0
4109 6.26892144
4109 6.079396672
4109 6.079396672
4109 6.079396672
4109 6.079396672
4109 1.770700637
4109 1.770700637
4109 1.770700637
4109 1.770700637
4109 1.770700637
4109 0
4109 3.083688409
4109 0
4109 0
4109 0
4109 0
4109 3.802058175
4109 3.802058175
4109 3.802058175
4109 0
4109 0
4109 1.236486486
4109 1.236486486
4109 0
4109 0
4109 0
4109 0
4109 0
4109 0
4109 14.38356164
4109 23.33333333
37204 0
37204 21.90574753
37204 21.90574753
37204 21.90574753
37204 21.90574753
37204 0
37204 6.26892144
37204 6.079396672
37204 6.079396672
37204 6.079396672
37204 6.079396672
37204 1.770700637
37204 1.770700637
37204 1.770700637
37204 1.770700637
37204 1.770700637
37204 0
37204 3.083688409
37204 0
37204 0
37204 0
37204 0
37204 3.802058175
37204 3.802058175
37204 3.802058175
37204 0
37204 0
37204 1.236486486
37204 1.236486486
37204 0
37204 0
37204 0
37204 0
37204 0
37204 0
37204 14.38356164
37204 23.33333333
2977 0
2977 21.90574753
2977 21.90574753
2977 21.90574753
2977 21.90574753
2977 0
2977 6.26892144
2977 6.079396672
2977 6.079396672
2977 6.079396672
2977 6.079396672
2977 1.770700637
2977 1.770700637
2977 1.770700637
2977 1.770700637
2977 1.770700637
2977 0
2977 3.083688409
2977 0
2977 0
2977 0
2977 0
2977 3.802058175
2977 3.802058175
2977 3.802058175
2977 0
2977 0
2977 1.236486486
2977 1.236486486
2977 0
2977 0
2977 0
2977 0
2977 0
2977 0
2977 14.38356164
2977 23.33333333
3068 0
3068 21.90574753
3068 21.90574753
3068 21.90574753
3068 21.90574753
3068 0
3068 6.26892144
3068 6.079396672
3068 6.079396672
3068 6.079396672
3068 6.079396672
3068 1.770700637
3068 1.770700637
3068 1.770700637
3068 1.770700637
3068 1.770700637
3068 0
3068 3.083688409
3068 0
3068 0
3068 0
3068 0
3068 3.802058175
3068 3.802058175
3068 3.802058175
3068 0
3068 0
3068 1.236486486
3068 1.236486486
3068 0
3068 0
3068 0
3068 0
3068 0
3068 0
3068 14.38356164
3068 23.33333333
3159 0
3159 21.90574753
3159 21.90574753
3159 21.90574753
3159 21.90574753
3159 0
3159 6.26892144
3159 6.079396672
3159 6.079396672
3159 6.079396672
3159 6.079396672
3159 1.770700637
3159 1.770700637
3159 1.770700637
3159 1.770700637
3159 1.770700637
3159 0
3159 3.083688409
3159 0
3159 0
3159 0
3159 0
3159 3.802058175
3159 3.802058175
3159 3.802058175
3159 0
3159 0
3159 1.236486486
3159 1.236486486
3159 0
3159 0
3159 0
3159 0
3159 0
3159 0
3159 14.38356164
3159 23.33333333
3241 0
3241 21.90574753
3241 21.90574753
3241 21.90574753
3241 21.90574753
3241 0
3241 6.26892144
3241 6.079396672
3241 6.079396672
3241 6.079396672
3241 6.079396672
3241 1.770700637
3241 1.770700637
3241 1.770700637
3241 1.770700637
3241 1.770700637
3241 0
3241 3.083688409
3241 0
3241 0
3241 0
3241 0
3241 3.802058175
3241 3.802058175
3241 3.802058175
3241 0
3241 0
3241 1.236486486
3241 1.236486486
3241 0
3241 0
3241 0
3241 0
3241 0
3241 0
3241 14.38356164
3241 23.33333333
3320 0
3320 21.90574753
3320 21.90574753
3320 21.90574753
3320 21.90574753
3320 0
3320 6.26892144
3320 6.079396672
3320 6.079396672
3320 6.079396672
3320 6.079396672
3320 1.770700637
3320 1.770700637
3320 1.770700637
3320 1.770700637
3320 1.770700637
3320 0
3320 3.083688409
3320 0
3320 0
3320 0
3320 0
3320 3.802058175
3320 3.802058175
3320 3.802058175
3320 0
3320 0
3320 1.236486486
3320 1.236486486
3320 0
3320 0
3320 0
3320 0
3320 0
3320 0
3320 14.38356164
3320 23.33333333
3393 0
3393 21.90574753
3393 21.90574753
3393 21.90574753
3393 21.90574753
3393 0
3393 6.26892144
3393 6.079396672
3393 6.079396672
3393 6.079396672
3393 6.079396672
3393 1.770700637
3393 1.770700637
3393 1.770700637
3393 1.770700637
3393 1.770700637
3393 0
3393 3.083688409
3393 0
3393 0
3393 0
3393 0
3393 3.802058175
3393 3.802058175
3393 3.802058175
3393 0
3393 0
3393 1.236486486
3393 1.236486486
3393 0
3393 0
3393 0
3393 0
3393 0
3393 0
3393 14.38356164
3393 23.33333333
3463 0
3463 21.90574753
3463 21.90574753
3463 21.90574753
3463 21.90574753
3463 0
3463 6.26892144
3463 6.079396672
3463 6.079396672
3463 6.079396672
3463 6.079396672
3463 1.770700637
3463 1.770700637
3463 1.770700637
3463 1.770700637
3463 1.770700637
3463 0
3463 3.083688409
3463 0
3463 0
3463 0
3463 0
3463 3.802058175
3463 3.802058175
3463 3.802058175
3463 0
3463 0
3463 1.236486486
3463 1.236486486
3463 0
3463 0
3463 0
3463 0
3463 0
3463 0
3463 14.38356164
3463 23.33333333
3537 0
3537 21.90574753
3537 21.90574753
3537 21.90574753
3537 21.90574753
3537 0
3537 6.26892144
3537 6.079396672
3537 6.079396672
3537 6.079396672
3537 6.079396672
3537 1.770700637
3537 1.770700637
3537 1.770700637
3537 1.770700637
3537 1.770700637
3537 0
3537 3.083688409
3537 0
3537 0
3537 0
3537 0
3537 3.802058175
3537 3.802058175
3537 3.802058175
3537 0
3537 0
3537 1.236486486
3537 1.236486486
3537 0
3537 0
3537 0
3537 0
3537 0
3537 0
3537 14.38356164
3537 23.33333333
3603 0
3603 21.90574753
3603 21.90574753
3603 21.90574753
3603 21.90574753
3603 0
3603 6.26892144
3603 6.079396672
3603 6.079396672
3603 6.079396672
3603 6.079396672
3603 1.770700637
3603 1.770700637
3603 1.770700637
3603 1.770700637
3603 1.770700637
3603 0
3603 3.083688409
3603 0
3603 0
3603 0
3603 0
3603 3.802058175
3603 3.802058175
3603 3.802058175
3603 0
3603 0
3603 1.236486486
3603 1.236486486
3603 0
3603 0
3603 0
3603 0
3603 0
3603 0
3603 14.38356164
3603 23.33333333
3728 0
3728 21.90574753
3728 21.90574753
3728 21.90574753
3728 21.90574753
3728 0
3728 6.26892144
3728 6.079396672
3728 6.079396672
3728 6.079396672
3728 6.079396672
3728 1.770700637
3728 1.770700637
3728 1.770700637
3728 1.770700637
3728 1.770700637
3728 0
3728 3.083688409
3728 0
3728 0
3728 0
3728 0
3728 3.802058175
3728 3.802058175
3728 3.802058175
3728 0
3728 0
3728 1.236486486
3728 1.236486486
3728 0
3728 0
3728 0
3728 0
3728 0
3728 0
3728 14.38356164
3728 23.33333333
3786 0
3786 21.90574753
3786 21.90574753
3786 21.90574753
3786 21.90574753
3786 0
3786 6.26892144
3786 6.079396672
3786 6.079396672
3786 6.079396672
3786 6.079396672
3786 1.770700637
3786 1.770700637
3786 1.770700637
3786 1.770700637
3786 1.770700637
3786 0
3786 3.083688409
3786 0
3786 0
3786 0
3786 0
3786 3.802058175
3786 3.802058175
3786 3.802058175
3786 0
3786 0
3786 1.236486486
3786 1.236486486
3786 0
3786 0
3786 0
3786 0
3786 0
3786 0
3786 14.38356164
3786 23.33333333
3841 0
3841 21.90574753
3841 21.90574753
3841 21.90574753
3841 21.90574753
3841 0
3841 6.26892144
3841 6.079396672
3841 6.079396672
3841 6.079396672
3841 6.079396672
3841 1.770700637
3841 1.770700637
3841 1.770700637
3841 1.770700637
3841 1.770700637
3841 0
3841 3.083688409
3841 0
3841 0
3841 0
3841 0
3841 3.802058175
3841 3.802058175
3841 3.802058175
3841 0
3841 0
3841 1.236486486
3841 1.236486486
3841 0
3841 0
3841 0
3841 0
3841 0
3841 0
3841 14.38356164
3841 23.33333333
3896 0
3896 21.90574753
3896 21.90574753
3896 21.90574753
3896 21.90574753
3896 0
3896 6.26892144
3896 6.079396672
3896 6.079396672
3896 6.079396672
3896 6.079396672
3896 1.770700637
3896 1.770700637
3896 1.770700637
3896 1.770700637
3896 1.770700637
3896 0
3896 3.083688409
3896 0
3896 0
3896 0
3896 0
3896 3.802058175
3896 3.802058175
3896 3.802058175
3896 0
3896 0
3896 1.236486486
3896 1.236486486
3896 0
3896 0
3896 0
3896 0
3896 0
3896 0
3896 14.38356164
3896 23.33333333
3950 0
3950 21.90574753
3950 21.90574753
3950 21.90574753
3950 21.90574753
3950 0
3950 6.26892144
3950 6.079396672
3950 6.079396672
3950 6.079396672
3950 6.079396672
3950 1.770700637
3950 1.770700637
3950 1.770700637
3950 1.770700637
3950 1.770700637
3950 0
3950 3.083688409
3950 0
3950 0
3950 0
3950 0
3950 3.802058175
3950 3.802058175
3950 3.802058175
3950 0
3950 0
3950 1.236486486
3950 1.236486486
3950 0
3950 0
3950 0
3950 0
3950 0
3950 0
3950 14.38356164
3950 23.33333333
4010 0
4010 21.90574753
4010 21.90574753
4010 21.90574753
4010 21.90574753
4010 0
4010 6.26892144
4010 6.079396672
4010 6.079396672
4010 6.079396672
4010 6.079396672
4010 1.770700637
4010 1.770700637
4010 1.770700637
4010 1.770700637
4010 1.770700637
4010 0
4010 3.083688409
4010 0
4010 0
4010 0
4010 0
4010 3.802058175
4010 3.802058175
4010 3.802058175
4010 0
4010 0
4010 1.236486486
4010 1.236486486
4010 0
4010 0
4010 0
4010 0
4010 0
4010 0
4010 14.38356164
4010 23.33333333
4064 0
4064 21.90574753
4064 21.90574753
4064 21.90574753
4064 21.90574753
4064 0
4064 6.26892144
4064 6.079396672
4064 6.079396672
4064 6.079396672
4064 6.079396672
4064 1.770700637
4064 1.770700637
4064 1.770700637
4064 1.770700637
4064 1.770700637
4064 0
4064 3.083688409
4064 0
4064 0
4064 0
4064 0
4064 3.802058175
4064 3.802058175
4064 3.802058175
4064 0
4064 0
4064 1.236486486
4064 1.236486486
4064 0
4064 0
4064 0
4064 0
4064 0
4064 0
4064 14.38356164
4064 23.33333333
3069 0
3069 21.90574753
3069 21.90574753
3069 21.90574753
3069 21.90574753
3069 0
3069 6.26892144
3069 6.079396672
3069 6.079396672
3069 6.079396672
3069 6.079396672
3069 1.770700637
3069 1.770700637
3069 1.770700637
3069 1.770700637
3069 1.770700637
3069 0
3069 3.083688409
3069 0
3069 0
3069 0
3069 0
3069 3.802058175
3069 3.802058175
3069 3.802058175
3069 0
3069 0
3069 1.236486486
3069 1.236486486
3069 0
3069 0
3069 0
3069 0
3069 0
3069 0
3069 14.38356164
3069 23.33333333
3160 0
3160 21.90574753
3160 21.90574753
3160 21.90574753
3160 21.90574753
3160 0
3160 6.26892144
3160 6.079396672
3160 6.079396672
3160 6.079396672
3160 6.079396672
3160 1.770700637
3160 1.770700637
3160 1.770700637
3160 1.770700637
3160 1.770700637
3160 0
3160 3.083688409
3160 0
3160 0
3160 0
3160 0
3160 3.802058175
3160 3.802058175
3160 3.802058175
3160 0
3160 0
3160 1.236486486
3160 1.236486486
3160 0
3160 0
3160 0
3160 0
3160 0
3160 0
3160 14.38356164
3160 23.33333333
3242 0
3242 21.90574753
3242 21.90574753
3242 21.90574753
3242 21.90574753
3242 0
3242 6.26892144
3242 6.079396672
3242 6.079396672
3242 6.079396672
3242 6.079396672
3242 1.770700637
3242 1.770700637
3242 1.770700637
3242 1.770700637
3242 1.770700637
3242 0
3242 3.083688409
3242 0
3242 0
3242 0
3242 0
3242 3.802058175
3242 3.802058175
3242 3.802058175
3242 0
3242 0
3242 1.236486486
3242 1.236486486
3242 0
3242 0
3242 0
3242 0
3242 0
3242 0
3242 14.38356164
3242 23.33333333
3321 0
3321 21.90574753
3321 21.90574753
3321 21.90574753
3321 21.90574753
3321 0
3321 6.26892144
3321 6.079396672
3321 6.079396672
3321 6.079396672
3321 6.079396672
3321 1.770700637
3321 1.770700637
3321 1.770700637
3321 1.770700637
3321 1.770700637
3321 0
3321 3.083688409
3321 0
3321 0
3321 0
3321 0
3321 3.802058175
3321 3.802058175
3321 3.802058175
3321 0
3321 0
3321 1.236486486
3321 1.236486486
3321 0
3321 0
3321 0
3321 0
3321 0
3321 0
3321 14.38356164
3321 23.33333333
3394 0
3394 21.90574753
3394 21.90574753
3394 21.90574753
3394 21.90574753
3394 0
3394 6.26892144
3394 6.079396672
3394 6.079396672
3394 6.079396672
3394 6.079396672
3394 1.770700637
3394 1.770700637
3394 1.770700637
3394 1.770700637
3394 1.770700637
3394 0
3394 3.083688409
3394 0
3394 0
3394 0
3394 0
3394 3.802058175
3394 3.802058175
3394 3.802058175
3394 0
3394 0
3394 1.236486486
3394 1.236486486
3394 0
3394 0
3394 0
3394 0
3394 0
3394 0
3394 14.38356164
3394 23.33333333
3464 0
3464 21.90574753
3464 21.90574753
3464 21.90574753
3464 21.90574753
3464 0
3464 6.26892144
3464 6.079396672
3464 6.079396672
3464 6.079396672
3464 6.079396672
3464 1.770700637
3464 1.770700637
3464 1.770700637
3464 1.770700637
3464 1.770700637
3464 0
3464 3.083688409
3464 0
3464 0
3464 0
3464 0
3464 3.802058175
3464 3.802058175
3464 3.802058175
3464 0
3464 0
3464 1.236486486
3464 1.236486486
3464 0
3464 0
3464 0
3464 0
3464 0
3464 0
3464 14.38356164
3464 23.33333333
3538 0
3538 21.90574753
3538 21.90574753
3538 21.90574753
3538 21.90574753
3538 0
3538 6.26892144
3538 6.079396672
3538 6.079396672
3538 6.079396672
3538 6.079396672
3538 1.770700637
3538 1.770700637
3538 1.770700637
3538 1.770700637
3538 1.770700637
3538 0
3538 3.083688409
3538 0
3538 0
3538 0
3538 0
3538 3.802058175
3538 3.802058175
3538 3.802058175
3538 0
3538 0
3538 1.236486486
3538 1.236486486
3538 0
3538 0
3538 0
3538 0
3538 0
3538 0
3538 14.38356164
3538 23.33333333
3604 0
3604 21.90574753
3604 21.90574753
3604 21.90574753
3604 21.90574753
3604 0
3604 6.26892144
3604 6.079396672
3604 6.079396672
3604 6.079396672
3604 6.079396672
3604 1.770700637
3604 1.770700637
3604 1.770700637
3604 1.770700637
3604 1.770700637
3604 0
3604 3.083688409
3604 0
3604 0
3604 0
3604 0
3604 3.802058175
3604 3.802058175
3604 3.802058175
3604 0
3604 0
3604 1.236486486
3604 1.236486486
3604 0
3604 0
3604 0
3604 0
3604 0
3604 0
3604 14.38356164
3604 23.33333333
3668 0
3668 21.90574753
3668 21.90574753
3668 21.90574753
3668 21.90574753
3668 0
3668 6.26892144
3668 6.079396672
3668 6.079396672
3668 6.079396672
3668 6.079396672
3668 1.770700637
3668 1.770700637
3668 1.770700637
3668 1.770700637
3668 1.770700637
3668 0
3668 3.083688409
3668 0
3668 0
3668 0
3668 0
3668 3.802058175
3668 3.802058175
3668 3.802058175
3668 0
3668 0
3668 1.236486486
3668 1.236486486
3668 0
3668 0
3668 0
3668 0
3668 0
3668 0
3668 14.38356164
3668 23.33333333
3729 0
3729 21.90574753
3729 21.90574753
3729 21.90574753
3729 21.90574753
3729 0
3729 6.26892144
3729 6.079396672
3729 6.079396672
3729 6.079396672
3729 6.079396672
3729 1.770700637
3729 1.770700637
3729 1.770700637
3729 1.770700637
3729 1.770700637
3729 0
3729 3.083688409
3729 0
3729 0
3729 0
3729 0
3729 3.802058175
3729 3.802058175
3729 3.802058175
3729 0
3729 0
3729 1.236486486
3729 1.236486486
3729 0
3729 0
3729 0
3729 0
3729 0
3729 0
3729 14.38356164
3729 23.33333333
3787 0
3787 21.90574753
3787 21.90574753
3787 21.90574753
3787 21.90574753
3787 0
3787 6.26892144
3787 6.079396672
3787 6.079396672
3787 6.079396672
3787 6.079396672
3787 1.770700637
3787 1.770700637
3787 1.770700637
3787 1.770700637
3787 1.770700637
3787 0
3787 3.083688409
3787 0
3787 0
3787 0
3787 0
3787 3.802058175
3787 3.802058175
3787 3.802058175
3787 0
3787 0
3787 1.236486486
3787 1.236486486
3787 0
3787 0
3787 0
3787 0
3787 0
3787 0
3787 14.38356164
3787 23.33333333
3842 0
3842 21.90574753
3842 21.90574753
3842 21.90574753
3842 21.90574753
3842 0
3842 6.26892144
3842 6.079396672
3842 6.079396672
3842 6.079396672
3842 6.079396672
3842 1.770700637
3842 1.770700637
3842 1.770700637
3842 1.770700637
3842 1.770700637
3842 0
3842 3.083688409
3842 0
3842 0
3842 0
3842 0
3842 3.802058175
3842 3.802058175
3842 3.802058175
3842 0
3842 0
3842 1.236486486
3842 1.236486486
3842 0
3842 0
3842 0
3842 0
3842 0
3842 0
3842 14.38356164
3842 23.33333333
3897 0
3897 21.90574753
3897 21.90574753
3897 21.90574753
3897 21.90574753
3897 0
3897 6.26892144
3897 6.079396672
3897 6.079396672
3897 6.079396672
3897 6.079396672
3897 1.770700637
3897 1.770700637
3897 1.770700637
3897 1.770700637
3897 1.770700637
3897 0
3897 3.083688409
3897 0
3897 0
3897 0
3897 0
3897 3.802058175
3897 3.802058175
3897 3.802058175
3897 0
3897 0
3897 1.236486486
3897 1.236486486
3897 0
3897 0
3897 0
3897 0
3897 0
3897 0
3897 14.38356164
3897 23.33333333
3951 0
3951 21.90574753
3951 21.90574753
3951 21.90574753
3951 21.90574753
3951 0
3951 6.26892144
3951 6.079396672
3951 6.079396672
3951 6.079396672
3951 6.079396672
3951 1.770700637
3951 1.770700637
3951 1.770700637
3951 1.770700637
3951 1.770700637
3951 0
3951 3.083688409
3951 0
3951 0
3951 0
3951 0
3951 3.802058175
3951 3.802058175
3951 3.802058175
3951 0
3951 0
3951 1.236486486
3951 1.236486486
3951 0
3951 0
3951 0
3951 0
3951 0
3951 0
3951 14.38356164
3951 23.33333333
4011 0
4011 21.90574753
4011 21.90574753
4011 21.90574753
4011 21.90574753
4011 0
4011 6.26892144
4011 6.079396672
4011 6.079396672
4011 6.079396672
4011 6.079396672
4011 1.770700637
4011 1.770700637
4011 1.770700637
4011 1.770700637
4011 1.770700637
4011 0
4011 3.083688409
4011 0
4011 0
4011 0
4011 0
4011 3.802058175
4011 3.802058175
4011 3.802058175
4011 0
4011 0
4011 1.236486486
4011 1.236486486
4011 0
4011 0
4011 0
4011 0
4011 0
4011 0
4011 14.38356164
4011 23.33333333
3161 0
3161 21.90574753
3161 21.90574753
3161 21.90574753
3161 21.90574753
3161 0
3161 6.26892144
3161 6.079396672
3161 6.079396672
3161 6.079396672
3161 6.079396672
3161 1.770700637
3161 1.770700637
3161 1.770700637
3161 1.770700637
3161 1.770700637
3161 0
3161 3.083688409
3161 0
3161 0
3161 0
3161 0
3161 3.802058175
3161 3.802058175
3161 3.802058175
3161 0
3161 0
3161 1.236486486
3161 1.236486486
3161 0
3161 0
3161 0
3161 0
3161 0
3161 0
3161 14.38356164
3161 23.33333333
3243 0
3243 21.90574753
3243 21.90574753
3243 21.90574753
3243 21.90574753
3243 0
3243 6.26892144
3243 6.079396672
3243 6.079396672
3243 6.079396672
3243 6.079396672
3243 1.770700637
3243 1.770700637
3243 1.770700637
3243 1.770700637
3243 1.770700637
3243 0
3243 3.083688409
3243 0
3243 0
3243 0
3243 0
3243 3.802058175
3243 3.802058175
3243 3.802058175
3243 0
3243 0
3243 1.236486486
3243 1.236486486
3243 0
3243 0
3243 0
3243 0
3243 0
3243 0
3243 14.38356164
3243 23.33333333
3322 0
3322 21.90574753
3322 21.90574753
3322 21.90574753
3322 21.90574753
3322 0
3322 6.26892144
3322 6.079396672
3322 6.079396672
3322 6.079396672
3322 6.079396672
3322 1.770700637
3322 1.770700637
3322 1.770700637
3322 1.770700637
3322 1.770700637
3322 0
3322 3.083688409
3322 0
3322 0
3322 0
3322 0
3322 3.802058175
3322 3.802058175
3322 3.802058175
3322 0
3322 0
3322 1.236486486
3322 1.236486486
3322 0
3322 0
3322 0
3322 0
3322 0
3322 0
3322 14.38356164
3322 23.33333333
3395 0
3395 21.90574753
3395 21.90574753
3395 21.90574753
3395 21.90574753
3395 0
3395 6.26892144
3395 6.079396672
3395 6.079396672
3395 6.079396672
3395 6.079396672
3395 1.770700637
3395 1.770700637
3395 1.770700637
3395 1.770700637
3395 1.770700637
3395 0
3395 3.083688409
3395 0
3395 0
3395 0
3395 0
3395 3.802058175
3395 3.802058175
3395 3.802058175
3395 0
3395 0
3395 1.236486486
3395 1.236486486
3395 0
3395 0
3395 0
3395 0
3395 0
3395 0
3395 14.38356164
3395 23.33333333
3465 0
3465 21.90574753
3465 21.90574753
3465 21.90574753
3465 21.90574753
3465 0
3465 6.26892144
3465 6.079396672
3465 6.079396672
3465 6.079396672
3465 6.079396672
3465 1.770700637
3465 1.770700637
3465 1.770700637
3465 1.770700637
3465 1.770700637
3465 0
3465 3.083688409
3465 0
3465 0
3465 0
3465 0
3465 3.802058175
3465 3.802058175
3465 3.802058175
3465 0
3465 0
3465 1.236486486
3465 1.236486486
3465 0
3465 0
3465 0
3465 0
3465 0
3465 0
3465 14.38356164
3465 23.33333333
3539 0
3539 21.90574753
3539 21.90574753
3539 21.90574753
3539 21.90574753
3539 0
3539 6.26892144
3539 6.079396672
3539 6.079396672
3539 6.079396672
3539 6.079396672
3539 1.770700637
3539 1.770700637
3539 1.770700637
3539 1.770700637
3539 1.770700637
3539 0
3539 3.083688409
3539 0
3539 0
3539 0
3539 0
3539 3.802058175
3539 3.802058175
3539 3.802058175
3539 0
3539 0
3539 1.236486486
3539 1.236486486
3539 0
3539 0
3539 0
3539 0
3539 0
3539 0
3539 14.38356164
3539 23.33333333
3605 0
3605 21.90574753
3605 21.90574753
3605 21.90574753
3605 21.90574753
3605 0
3605 6.26892144
3605 6.079396672
3605 6.079396672
3605 6.079396672
3605 6.079396672
3605 1.770700637
3605 1.770700637
3605 1.770700637
3605 1.770700637
3605 1.770700637
3605 0
3605 3.083688409
3605 0
3605 0
3605 0
3605 0
3605 3.802058175
3605 3.802058175
3605 3.802058175
3605 0
3605 0
3605 1.236486486
3605 1.236486486
3605 0
3605 0
3605 0
3605 0
3605 0
3605 0
3605 14.38356164
3605 23.33333333
3669 0
3669 21.90574753
3669 21.90574753
3669 21.90574753
3669 21.90574753
3669 0
3669 6.26892144
3669 6.079396672
3669 6.079396672
3669 6.079396672
3669 6.079396672
3669 1.770700637
3669 1.770700637
3669 1.770700637
3669 1.770700637
3669 1.770700637
3669 0
3669 3.083688409
3669 0
3669 0
3669 0
3669 0
3669 3.802058175
3669 3.802058175
3669 3.802058175
3669 0
3669 0
3669 1.236486486
3669 1.236486486
3669 0
3669 0
3669 0
3669 0
3669 0
3669 0
3669 14.38356164
3669 23.33333333
3730 0
3730 21.90574753
3730 21.90574753
3730 21.90574753
3730 21.90574753
3730 0
3730 6.26892144
3730 6.079396672
3730 6.079396672
3730 6.079396672
3730 6.079396672
3730 1.770700637
3730 1.770700637
3730 1.770700637
3730 1.770700637
3730 1.770700637
3730 0
3730 3.083688409
3730 0
3730 0
3730 0
3730 0
3730 3.802058175
3730 3.802058175
3730 3.802058175
3730 0
3730 0
3730 1.236486486
3730 1.236486486
3730 0
3730 0
3730 0
3730 0
3730 0
3730 0
3730 14.38356164
3730 23.33333333
3788 0
3788 21.90574753
3788 21.90574753
3788 21.90574753
3788 21.90574753
3788 0
3788 6.26892144
3788 6.079396672
3788 6.079396672
3788 6.079396672
3788 6.079396672
3788 1.770700637
3788 1.770700637
3788 1.770700637
3788 1.770700637
3788 1.770700637
3788 0
3788 3.083688409
3788 0
3788 0
3788 0
3788 0
3788 3.802058175
3788 3.802058175
3788 3.802058175
3788 0
3788 0
3788 1.236486486
3788 1.236486486
3788 0
3788 0
3788 0
3788 0
3788 0
3788 0
3788 14.38356164
3788 23.33333333
3843 0
3843 21.90574753
3843 21.90574753
3843 21.90574753
3843 21.90574753
3843 0
3843 6.26892144
3843 6.079396672
3843 6.079396672
3843 6.079396672
3843 6.079396672
3843 1.770700637
3843 1.770700637
3843 1.770700637
3843 1.770700637
3843 1.770700637
3843 0
3843 3.083688409
3843 0
3843 0
3843 0
3843 0
3843 3.802058175
3843 3.802058175
3843 3.802058175
3843 0
3843 0
3843 1.236486486
3843 1.236486486
3843 0
3843 0
3843 0
3843 0
3843 0
3843 0
3843 14.38356164
3843 23.33333333
3898 0
3898 21.90574753
3898 21.90574753
3898 21.90574753
3898 21.90574753
3898 0
3898 6.26892144
3898 6.079396672
3898 6.079396672
3898 6.079396672
3898 6.079396672
3898 1.770700637
3898 1.770700637
3898 1.770700637
3898 1.770700637
3898 1.770700637
3898 0
3898 3.083688409
3898 0
3898 0
3898 0
3898 0
3898 3.802058175
3898 3.802058175
3898 3.802058175
3898 0
3898 0
3898 1.236486486
3898 1.236486486
3898 0
3898 0
3898 0
3898 0
3898 0
3898 0
3898 14.38356164
3898 23.33333333
3323 0
3323 21.90574753
3323 21.90574753
3323 21.90574753
3323 21.90574753
3323 0
3323 6.26892144
3323 6.079396672
3323 6.079396672
3323 6.079396672
3323 6.079396672
3323 1.770700637
3323 1.770700637
3323 1.770700637
3323 1.770700637
3323 1.770700637
3323 0
3323 3.083688409
3323 0
3323 0
3323 0
3323 0
3323 3.802058175
3323 3.802058175
3323 3.802058175
3323 0
3323 0
3323 1.236486486
3323 1.236486486
3323 0
3323 0
3323 0
3323 0
3323 0
3323 0
3323 14.38356164
3323 23.33333333
3396 0
3396 21.90574753
3396 21.90574753
3396 21.90574753
3396 21.90574753
3396 0
3396 6.26892144
3396 6.079396672
3396 6.079396672
3396 6.079396672
3396 6.079396672
3396 1.770700637
3396 1.770700637
3396 1.770700637
3396 1.770700637
3396 1.770700637
3396 0
3396 3.083688409
3396 0
3396 0
3396 0
3396 0
3396 3.802058175
3396 3.802058175
3396 3.802058175
3396 0
3396 0
3396 1.236486486
3396 1.236486486
3396 0
3396 0
3396 0
3396 0
3396 0
3396 0
3396 14.38356164
3396 23.33333333
3466 0
3466 21.90574753
3466 21.90574753
3466 21.90574753
3466 21.90574753
3466 0
3466 6.26892144
3466 6.079396672
3466 6.079396672
3466 6.079396672
3466 6.079396672
3466 1.770700637
3466 1.770700637
3466 1.770700637
3466 1.770700637
3466 1.770700637
3466 0
3466 3.083688409
3466 0
3466 0
3466 0
3466 0
3466 3.802058175
3466 3.802058175
3466 3.802058175
3466 0
3466 0
3466 1.236486486
3466 1.236486486
3466 0
3466 0
3466 0
3466 0
3466 0
3466 0
3466 14.38356164
3466 23.33333333
3540 0
3540 21.90574753
3540 21.90574753
3540 21.90574753
3540 21.90574753
3540 0
3540 6.26892144
3540 6.079396672
3540 6.079396672
3540 6.079396672
3540 6.079396672
3540 1.770700637
3540 1.770700637
3540 1.770700637
3540 1.770700637
3540 1.770700637
3540 0
3540 3.083688409
3540 0
3540 0
3540 0
3540 0
3540 3.802058175
3540 3.802058175
3540 3.802058175
3540 0
3540 0
3540 1.236486486
3540 1.236486486
3540 0
3540 0
3540 0
3540 0
3540 0
3540 0
3540 14.38356164
3540 23.33333333
3606 0
3606 21.90574753
3606 21.90574753
3606 21.90574753
3606 21.90574753
3606 0
3606 6.26892144
3606 6.079396672
3606 6.079396672
3606 6.079396672
3606 6.079396672
3606 1.770700637
3606 1.770700637
3606 1.770700637
3606 1.770700637
3606 1.770700637
3606 0
3606 3.083688409
3606 0
3606 0
3606 0
3606 0
3606 3.802058175
3606 3.802058175
3606 3.802058175
3606 0
3606 0
3606 1.236486486
3606 1.236486486
3606 0
3606 0
3606 0
3606 0
3606 0
3606 0
3606 14.38356164
3606 23.33333333
3670 0
3670 21.90574753
3670 21.90574753
3670 21.90574753
3670 21.90574753
3670 0
3670 6.26892144
3670 6.079396672
3670 6.079396672
3670 6.079396672
3670 6.079396672
3670 1.770700637
3670 1.770700637
3670 1.770700637
3670 1.770700637
3670 1.770700637
3670 0
3670 3.083688409
3670 0
3670 0
3670 0
3670 0
3670 3.802058175
3670 3.802058175
3670 3.802058175
3670 0
3670 0
3670 1.236486486
3670 1.236486486
3670 0
3670 0
3670 0
3670 0
3670 0
3670 0
3670 14.38356164
3670 23.33333333
3731 0
3731 21.90574753
3731 21.90574753
3731 21.90574753
3731 21.90574753
3731 0
3731 6.26892144
3731 6.079396672
3731 6.079396672
3731 6.079396672
3731 6.079396672
3731 1.770700637
3731 1.770700637
3731 1.770700637
3731 1.770700637
3731 1.770700637
3731 0
3731 3.083688409
3731 0
3731 0
3731 0
3731 0
3731 3.802058175
3731 3.802058175
3731 3.802058175
3731 0
3731 0
3731 1.236486486
3731 1.236486486
3731 0
3731 0
3731 0
3731 0
3731 0
3731 0
3731 14.38356164
3731 23.33333333
3789 0
3789 21.90574753
3789 21.90574753
3789 21.90574753
3789 21.90574753
3789 0
3789 6.26892144
3789 6.079396672
3789 6.079396672
3789 6.079396672
3789 6.079396672
3789 1.770700637
3789 1.770700637
3789 1.770700637
3789 1.770700637
3789 1.770700637
3789 0
3789 3.083688409
3789 0
3789 0
3789 0
3789 0
3789 3.802058175
3789 3.802058175
3789 3.802058175
3789 0
3789 0
3789 1.236486486
3789 1.236486486
3789 0
3789 0
3789 0
3789 0
3789 0
3789 0
3789 14.38356164
3789 23.33333333
3844 0
3844 21.90574753
3844 21.90574753
3844 21.90574753
3844 21.90574753
3844 0
3844 6.26892144
3844 6.079396672
3844 6.079396672
3844 6.079396672
3844 6.079396672
3844 1.770700637
3844 1.770700637
3844 1.770700637
3844 1.770700637
3844 1.770700637
3844 0
3844 3.083688409
3844 0
3844 0
3844 0
3844 0
3844 3.802058175
3844 3.802058175
3844 3.802058175
3844 0
3844 0
3844 1.236486486
3844 1.236486486
3844 0
3844 0
3844 0
3844 0
3844 0
3844 0
3844 14.38356164
3844 23.33333333
