pt_graph scale
3845 0
3845 21.90574753
3845 21.90574753
3845 21.90574753
3845 21.90574753
3845 0
3845 6.26892144
3845 6.079396672
3845 6.079396672
3845 6.079396672
3845 6.079396672
3845 1.770700637
3845 1.770700637
3845 1.770700637
3845 1.770700637
3845 1.770700637
3845 0
3845 3.083688409
3845 0
3845 0
3845 0
3845 0
3845 3.802058175
3845 3.802058175
3845 3.802058175
3845 0
3845 0
3845 1.236486486
3845 1.236486486
3845 0
3845 0
3845 0
3845 0
3845 0
3845 0
3845 14.38356164
3845 23.33333333
3900 0
3900 21.90574753
3900 21.90574753
3900 21.90574753
3900 21.90574753
3900 0
3900 6.26892144
3900 6.079396672
3900 6.079396672
3900 6.079396672
3900 6.079396672
3900 1.770700637
3900 1.770700637
3900 1.770700637
3900 1.770700637
3900 1.770700637
3900 0
3900 3.083688409
3900 0
3900 0
3900 0
3900 0
3900 3.802058175
3900 3.802058175
3900 3.802058175
3900 0
3900 0
3900 1.236486486
3900 1.236486486
3900 0
3900 0
3900 0
3900 0
3900 0
3900 0
3900 14.38356164
3900 23.33333333
4012 0
4012 21.90574753
4012 21.90574753
4012 21.90574753
4012 21.90574753
4012 0
4012 6.26892144
4012 6.079396672
4012 6.079396672
4012 6.079396672
4012 6.079396672
4012 1.770700637
4012 1.770700637
4012 1.770700637
4012 1.770700637
4012 1.770700637
4012 0
4012 3.083688409
4012 0
4012 0
4012 0
4012 0
4012 3.802058175
4012 3.802058175
4012 3.802058175
4012 0
4012 0
4012 1.236486486
4012 1.236486486
4012 0
4012 0
4012 0
4012 0
4012 0
4012 0
4012 14.38356164
4012 23.33333333
37086 0
37086 21.90574753
37086 21.90574753
37086 21.90574753
37086 21.90574753
37086 0
37086 6.26892144
37086 6.079396672
37086 6.079396672
37086 6.079396672
37086 6.079396672
37086 1.770700637
37086 1.770700637
37086 1.770700637
37086 1.770700637
37086 1.770700637
37086 0
37086 3.083688409
37086 0
37086 0
37086 0
37086 0
37086 3.802058175
37086 3.802058175
37086 3.802058175
37086 0
37086 0
37086 1.236486486
37086 1.236486486
37086 0
37086 0
37086 0
37086 0
37086 0
37086 0
37086 14.38356164
37086 23.33333333
37691 0
37691 21.90574753
37691 21.90574753
37691 21.90574753
37691 21.90574753
37691 0
37691 6.26892144
37691 6.079396672
37691 6.079396672
37691 6.079396672
37691 6.079396672
37691 1.770700637
37691 1.770700637
37691 1.770700637
37691 1.770700637
37691 1.770700637
37691 0
37691 3.083688409
37691 0
37691 0
37691 0
37691 0
37691 3.802058175
37691 3.802058175
37691 3.802058175
37691 0
37691 0
37691 1.236486486
37691 1.236486486
37691 0
37691 0
37691 0
37691 0
37691 0
37691 0
37691 14.38356164
37691 23.33333333
3325 0
3325 21.90574753
3325 21.90574753
3325 21.90574753
3325 21.90574753
3325 0
3325 6.26892144
3325 6.079396672
3325 6.079396672
3325 6.079396672
3325 6.079396672
3325 1.770700637
3325 1.770700637
3325 1.770700637
3325 1.770700637
3325 1.770700637
3325 0
3325 3.083688409
3325 0
3325 0
3325 0
3325 0
3325 3.802058175
3325 3.802058175
3325 3.802058175
3325 0
3325 0
3325 1.236486486
3325 1.236486486
3325 0
3325 0
3325 0
3325 0
3325 0
3325 0
3325 14.38356164
3325 23.33333333
3398 0
3398 21.90574753
3398 21.90574753
3398 21.90574753
3398 21.90574753
3398 0
3398 6.26892144
3398 6.079396672
3398 6.079396672
3398 6.079396672
3398 6.079396672
3398 1.770700637
3398 1.770700637
3398 1.770700637
3398 1.770700637
3398 1.770700637
3398 0
3398 3.083688409
3398 0
3398 0
3398 0
3398 0
3398 3.802058175
3398 3.802058175
3398 3.802058175
3398 0
3398 0
3398 1.236486486
3398 1.236486486
3398 0
3398 0
3398 0
3398 0
3398 0
3398 0
3398 14.38356164
3398 23.33333333
3468 0
3468 21.90574753
3468 21.90574753
3468 21.90574753
3468 21.90574753
3468 0
3468 6.26892144
3468 6.079396672
3468 6.079396672
3468 6.079396672
3468 6.079396672
3468 1.770700637
3468 1.770700637
3468 1.770700637
3468 1.770700637
3468 1.770700637
3468 0
3468 3.083688409
3468 0
3468 0
3468 0
3468 0
3468 3.802058175
3468 3.802058175
3468 3.802058175
3468 0
3468 0
3468 1.236486486
3468 1.236486486
3468 0
3468 0
3468 0
3468 0
3468 0
3468 0
3468 14.38356164
3468 23.33333333
3791 0
3791 21.90574753
3791 21.90574753
3791 21.90574753
3791 21.90574753
3791 0
3791 6.26892144
3791 6.079396672
3791 6.079396672
3791 6.079396672
3791 6.079396672
3791 1.770700637
3791 1.770700637
3791 1.770700637
3791 1.770700637
3791 1.770700637
3791 0
3791 3.083688409
3791 0
3791 0
3791 0
3791 0
3791 3.802058175
3791 3.802058175
3791 3.802058175
3791 0
3791 0
3791 1.236486486
3791 1.236486486
3791 0
3791 0
3791 0
3791 0
3791 0
3791 0
3791 14.38356164
3791 23.33333333
3953 0
3953 21.90574753
3953 21.90574753
3953 21.90574753
3953 21.90574753
3953 0
3953 6.26892144
3953 6.079396672
3953 6.079396672
3953 6.079396672
3953 6.079396672
3953 1.770700637
3953 1.770700637
3953 1.770700637
3953 1.770700637
3953 1.770700637
3953 0
3953 3.083688409
3953 0
3953 0
3953 0
3953 0
3953 3.802058175
3953 3.802058175
3953 3.802058175
3953 0
3953 0
3953 1.236486486
3953 1.236486486
3953 0
3953 0
3953 0
3953 0
3953 0
3953 0
3953 14.38356164
3953 23.33333333
36992 0
36992 21.90574753
36992 21.90574753
36992 21.90574753
36992 21.90574753
36992 0
36992 6.26892144
36992 6.079396672
36992 6.079396672
36992 6.079396672
36992 6.079396672
36992 1.770700637
36992 1.770700637
36992 1.770700637
36992 1.770700637
36992 1.770700637
36992 0
36992 3.083688409
36992 0
36992 0
36992 0
36992 0
36992 3.802058175
36992 3.802058175
36992 3.802058175
36992 0
36992 0
36992 1.236486486
36992 1.236486486
36992 0
36992 0
36992 0
36992 0
36992 0
36992 0
36992 14.38356164
36992 23.33333333
37692 0
37692 21.90574753
37692 21.90574753
37692 21.90574753
37692 21.90574753
37692 0
37692 6.26892144
37692 6.079396672
37692 6.079396672
37692 6.079396672
37692 6.079396672
37692 1.770700637
37692 1.770700637
37692 1.770700637
37692 1.770700637
37692 1.770700637
37692 0
37692 3.083688409
37692 0
37692 0
37692 0
37692 0
37692 3.802058175
37692 3.802058175
37692 3.802058175
37692 0
37692 0
37692 1.236486486
37692 1.236486486
37692 0
37692 0
37692 0
37692 0
37692 0
37692 0
37692 14.38356164
37692 23.33333333
3249 0
3249 21.90574753
3249 21.90574753
3249 21.90574753
3249 21.90574753
3249 0
3249 6.26892144
3249 6.079396672
3249 6.079396672
3249 6.079396672
3249 6.079396672
3249 1.770700637
3249 1.770700637
3249 1.770700637
3249 1.770700637
3249 1.770700637
3249 0
3249 3.083688409
3249 0
3249 0
3249 0
3249 0
3249 3.802058175
3249 3.802058175
3249 3.802058175
3249 0
3249 0
3249 1.236486486
3249 1.236486486
3249 0
3249 0
3249 0
3249 0
3249 0
3249 0
3249 14.38356164
3249 23.33333333
3326 0
3326 21.90574753
3326 21.90574753
3326 21.90574753
3326 21.90574753
3326 0
3326 6.26892144
3326 6.079396672
3326 6.079396672
3326 6.079396672
3326 6.079396672
3326 1.770700637
3326 1.770700637
3326 1.770700637
3326 1.770700637
3326 1.770700637
3326 0
3326 3.083688409
3326 0
3326 0
3326 0
3326 0
3326 3.802058175
3326 3.802058175
3326 3.802058175
3326 0
3326 0
3326 1.236486486
3326 1.236486486
3326 0
3326 0
3326 0
3326 0
3326 0
3326 0
3326 14.38356164
3326 23.33333333
3399 0
3399 21.90574753
3399 21.90574753
3399 21.90574753
3399 21.90574753
3399 0
3399 6.26892144
3399 6.079396672
3399 6.079396672
3399 6.079396672
3399 6.079396672
3399 1.770700637
3399 1.770700637
3399 1.770700637
3399 1.770700637
3399 1.770700637
3399 0
3399 3.083688409
3399 0
3399 0
3399 0
3399 0
3399 3.802058175
3399 3.802058175
3399 3.802058175
3399 0
3399 0
3399 1.236486486
3399 1.236486486
3399 0
3399 0
3399 0
3399 0
3399 0
3399 0
3399 14.38356164
3399 23.33333333
3469 0
3469 21.90574753
3469 21.90574753
3469 21.90574753
3469 21.90574753
3469 0
3469 6.26892144
3469 6.079396672
3469 6.079396672
3469 6.079396672
3469 6.079396672
3469 1.770700637
3469 1.770700637
3469 1.770700637
3469 1.770700637
3469 1.770700637
3469 0
3469 3.083688409
3469 0
3469 0
3469 0
3469 0
3469 3.802058175
3469 3.802058175
3469 3.802058175
3469 0
3469 0
3469 1.236486486
3469 1.236486486
3469 0
3469 0
3469 0
3469 0
3469 0
3469 0
3469 14.38356164
3469 23.33333333
3954 0
3954 21.90574753
3954 21.90574753
3954 21.90574753
3954 21.90574753
3954 0
3954 6.26892144
3954 6.079396672
3954 6.079396672
3954 6.079396672
3954 6.079396672
3954 1.770700637
3954 1.770700637
3954 1.770700637
3954 1.770700637
3954 1.770700637
3954 0
3954 3.083688409
3954 0
3954 0
3954 0
3954 0
3954 3.802058175
3954 3.802058175
3954 3.802058175
3954 0
3954 0
3954 1.236486486
3954 1.236486486
3954 0
3954 0
3954 0
3954 0
3954 0
3954 0
3954 14.38356164
3954 23.33333333
4013 0
4013 21.90574753
4013 21.90574753
4013 21.90574753
4013 21.90574753
4013 0
4013 6.26892144
4013 6.079396672
4013 6.079396672
4013 6.079396672
4013 6.079396672
4013 1.770700637
4013 1.770700637
4013 1.770700637
4013 1.770700637
4013 1.770700637
4013 0
4013 3.083688409
4013 0
4013 0
4013 0
4013 0
4013 3.802058175
4013 3.802058175
4013 3.802058175
4013 0
4013 0
4013 1.236486486
4013 1.236486486
4013 0
4013 0
4013 0
4013 0
4013 0
4013 0
4013 14.38356164
4013 23.33333333
4065 0
4065 21.90574753
4065 21.90574753
4065 21.90574753
4065 21.90574753
4065 0
4065 6.26892144
4065 6.079396672
4065 6.079396672
4065 6.079396672
4065 6.079396672
4065 1.770700637
4065 1.770700637
4065 1.770700637
4065 1.770700637
4065 1.770700637
4065 0
4065 3.083688409
4065 0
4065 0
4065 0
4065 0
4065 3.802058175
4065 3.802058175
4065 3.802058175
4065 0
4065 0
4065 1.236486486
4065 1.236486486
4065 0
4065 0
4065 0
4065 0
4065 0
4065 0
4065 14.38356164
4065 23.33333333
4111 0
4111 21.90574753
4111 21.90574753
4111 21.90574753
4111 21.90574753
4111 0
4111 6.26892144
4111 6.079396672
4111 6.079396672
4111 6.079396672
4111 6.079396672
4111 1.770700637
4111 1.770700637
4111 1.770700637
4111 1.770700637
4111 1.770700637
4111 0
4111 3.083688409
4111 0
4111 0
4111 0
4111 0
4111 3.802058175
4111 3.802058175
4111 3.802058175
4111 0
4111 0
4111 1.236486486
4111 1.236486486
4111 0
4111 0
4111 0
4111 0
4111 0
4111 0
4111 14.38356164
4111 23.33333333
3250 0
3250 21.90574753
3250 21.90574753
3250 21.90574753
3250 21.90574753
3250 0
3250 6.26892144
3250 6.079396672
3250 6.079396672
3250 6.079396672
3250 6.079396672
3250 1.770700637
3250 1.770700637
3250 1.770700637
3250 1.770700637
3250 1.770700637
3250 0
3250 3.083688409
3250 0
3250 0
3250 0
3250 0
3250 3.802058175
3250 3.802058175
3250 3.802058175
3250 0
3250 0
3250 1.236486486
3250 1.236486486
3250 0
3250 0
3250 0
3250 0
3250 0
3250 0
3250 14.38356164
3250 23.33333333
3327 0
3327 21.90574753
3327 21.90574753
3327 21.90574753
3327 21.90574753
3327 0
3327 6.26892144
3327 6.079396672
3327 6.079396672
3327 6.079396672
3327 6.079396672
3327 1.770700637
3327 1.770700637
3327 1.770700637
3327 1.770700637
3327 1.770700637
3327 0
3327 3.083688409
3327 0
3327 0
3327 0
3327 0
3327 3.802058175
3327 3.802058175
3327 3.802058175
3327 0
3327 0
3327 1.236486486
3327 1.236486486
3327 0
3327 0
3327 0
3327 0
3327 0
3327 0
3327 14.38356164
3327 23.33333333
3400 0
3400 21.90574753
3400 21.90574753
3400 21.90574753
3400 21.90574753
3400 0
3400 6.26892144
3400 6.079396672
3400 6.079396672
3400 6.079396672
3400 6.079396672
3400 1.770700637
3400 1.770700637
3400 1.770700637
3400 1.770700637
3400 1.770700637
3400 0
3400 3.083688409
3400 0
3400 0
3400 0
3400 0
3400 3.802058175
3400 3.802058175
3400 3.802058175
3400 0
3400 0
3400 1.236486486
3400 1.236486486
3400 0
3400 0
3400 0
3400 0
3400 0
3400 0
3400 14.38356164
3400 23.33333333
3470 0
3470 21.90574753
3470 21.90574753
3470 21.90574753
3470 21.90574753
3470 0
3470 6.26892144
3470 6.079396672
3470 6.079396672
3470 6.079396672
3470 6.079396672
3470 1.770700637
3470 1.770700637
3470 1.770700637
3470 1.770700637
3470 1.770700637
3470 0
3470 3.083688409
3470 0
3470 0
3470 0
3470 0
3470 3.802058175
3470 3.802058175
3470 3.802058175
3470 0
3470 0
3470 1.236486486
3470 1.236486486
3470 0
3470 0
3470 0
3470 0
3470 0
3470 0
3470 14.38356164
3470 23.33333333
3542 0
3542 21.90574753
3542 21.90574753
3542 21.90574753
3542 21.90574753
3542 0
3542 6.26892144
3542 6.079396672
3542 6.079396672
3542 6.079396672
3542 6.079396672
3542 1.770700637
3542 1.770700637
3542 1.770700637
3542 1.770700637
3542 1.770700637
3542 0
3542 3.083688409
3542 0
3542 0
3542 0
3542 0
3542 3.802058175
3542 3.802058175
3542 3.802058175
3542 0
3542 0
3542 1.236486486
3542 1.236486486
3542 0
3542 0
3542 0
3542 0
3542 0
3542 0
3542 14.38356164
3542 23.33333333
3608 0
3608 21.90574753
3608 21.90574753
3608 21.90574753
3608 21.90574753
3608 0
3608 6.26892144
3608 6.079396672
3608 6.079396672
3608 6.079396672
3608 6.079396672
3608 1.770700637
3608 1.770700637
3608 1.770700637
3608 1.770700637
3608 1.770700637
3608 0
3608 3.083688409
3608 0
3608 0
3608 0
3608 0
3608 3.802058175
3608 3.802058175
3608 3.802058175
3608 0
3608 0
3608 1.236486486
3608 1.236486486
3608 0
3608 0
3608 0
3608 0
3608 0
3608 0
3608 14.38356164
3608 23.33333333
3672 0
3672 21.90574753
3672 21.90574753
3672 21.90574753
3672 21.90574753
3672 0
3672 6.26892144
3672 6.079396672
3672 6.079396672
3672 6.079396672
3672 6.079396672
3672 1.770700637
3672 1.770700637
3672 1.770700637
3672 1.770700637
3672 1.770700637
3672 0
3672 3.083688409
3672 0
3672 0
3672 0
3672 0
3672 3.802058175
3672 3.802058175
3672 3.802058175
3672 0
3672 0
3672 1.236486486
3672 1.236486486
3672 0
3672 0
3672 0
3672 0
3672 0
3672 0
3672 14.38356164
3672 23.33333333
3901 0
3901 21.90574753
3901 21.90574753
3901 21.90574753
3901 21.90574753
3901 0
3901 6.26892144
3901 6.079396672
3901 6.079396672
3901 6.079396672
3901 6.079396672
3901 1.770700637
3901 1.770700637
3901 1.770700637
3901 1.770700637
3901 1.770700637
3901 0
3901 3.083688409
3901 0
3901 0
3901 0
3901 0
3901 3.802058175
3901 3.802058175
3901 3.802058175
3901 0
3901 0
3901 1.236486486
3901 1.236486486
3901 0
3901 0
3901 0
3901 0
3901 0
3901 0
3901 14.38356164
3901 23.33333333
3955 0
3955 21.90574753
3955 21.90574753
3955 21.90574753
3955 21.90574753
3955 0
3955 6.26892144
3955 6.079396672
3955 6.079396672
3955 6.079396672
3955 6.079396672
3955 1.770700637
3955 1.770700637
3955 1.770700637
3955 1.770700637
3955 1.770700637
3955 0
3955 3.083688409
3955 0
3955 0
3955 0
3955 0
3955 3.802058175
3955 3.802058175
3955 3.802058175
3955 0
3955 0
3955 1.236486486
3955 1.236486486
3955 0
3955 0
3955 0
3955 0
3955 0
3955 0
3955 14.38356164
3955 23.33333333
4014 0
4014 21.90574753
4014 21.90574753
4014 21.90574753
4014 21.90574753
4014 0
4014 6.26892144
4014 6.079396672
4014 6.079396672
4014 6.079396672
4014 6.079396672
4014 1.770700637
4014 1.770700637
4014 1.770700637
4014 1.770700637
4014 1.770700637
4014 0
4014 3.083688409
4014 0
4014 0
4014 0
4014 0
4014 3.802058175
4014 3.802058175
4014 3.802058175
4014 0
4014 0
4014 1.236486486
4014 1.236486486
4014 0
4014 0
4014 0
4014 0
4014 0
4014 0
4014 14.38356164
4014 23.33333333
4066 0
4066 21.90574753
4066 21.90574753
4066 21.90574753
4066 21.90574753
4066 0
4066 6.26892144
4066 6.079396672
4066 6.079396672
4066 6.079396672
4066 6.079396672
4066 1.770700637
4066 1.770700637
4066 1.770700637
4066 1.770700637
4066 1.770700637
4066 0
4066 3.083688409
4066 0
4066 0
4066 0
4066 0
4066 3.802058175
4066 3.802058175
4066 3.802058175
4066 0
4066 0
4066 1.236486486
4066 1.236486486
4066 0
4066 0
4066 0
4066 0
4066 0
4066 0
4066 14.38356164
4066 23.33333333
4112 0
4112 21.90574753
4112 21.90574753
4112 21.90574753
4112 21.90574753
4112 0
4112 6.26892144
4112 6.079396672
4112 6.079396672
4112 6.079396672
4112 6.079396672
4112 1.770700637
4112 1.770700637
4112 1.770700637
4112 1.770700637
4112 1.770700637
4112 0
4112 3.083688409
4112 0
4112 0
4112 0
4112 0
4112 3.802058175
4112 3.802058175
4112 3.802058175
4112 0
4112 0
4112 1.236486486
4112 1.236486486
4112 0
4112 0
4112 0
4112 0
4112 0
4112 0
4112 14.38356164
4112 23.33333333
3251 0
3251 21.90574753
3251 21.90574753
3251 21.90574753
3251 21.90574753
3251 0
3251 6.26892144
3251 6.079396672
3251 6.079396672
3251 6.079396672
3251 6.079396672
3251 1.770700637
3251 1.770700637
3251 1.770700637
3251 1.770700637
3251 1.770700637
3251 0
3251 3.083688409
3251 0
3251 0
3251 0
3251 0
3251 3.802058175
3251 3.802058175
3251 3.802058175
3251 0
3251 0
3251 1.236486486
3251 1.236486486
3251 0
3251 0
3251 0
3251 0
3251 0
3251 0
3251 14.38356164
3251 23.33333333
3328 0
3328 21.90574753
3328 21.90574753
3328 21.90574753
3328 21.90574753
3328 0
3328 6.26892144
3328 6.079396672
3328 6.079396672
3328 6.079396672
3328 6.079396672
3328 1.770700637
3328 1.770700637
3328 1.770700637
3328 1.770700637
3328 1.770700637
3328 0
3328 3.083688409
3328 0
3328 0
3328 0
3328 0
3328 3.802058175
3328 3.802058175
3328 3.802058175
3328 0
3328 0
3328 1.236486486
3328 1.236486486
3328 0
3328 0
3328 0
3328 0
3328 0
3328 0
3328 14.38356164
3328 23.33333333
3401 0
3401 21.90574753
3401 21.90574753
3401 21.90574753
3401 21.90574753
3401 0
3401 6.26892144
3401 6.079396672
3401 6.079396672
3401 6.079396672
3401 6.079396672
3401 1.770700637
3401 1.770700637
3401 1.770700637
3401 1.770700637
3401 1.770700637
3401 0
3401 3.083688409
3401 0
3401 0
3401 0
3401 0
3401 3.802058175
3401 3.802058175
3401 3.802058175
3401 0
3401 0
3401 1.236486486
3401 1.236486486
3401 0
3401 0
3401 0
3401 0
3401 0
3401 0
3401 14.38356164
3401 23.33333333
3471 0
3471 21.90574753
3471 21.90574753
3471 21.90574753
3471 21.90574753
3471 0
3471 6.26892144
3471 6.079396672
3471 6.079396672
3471 6.079396672
3471 6.079396672
3471 1.770700637
3471 1.770700637
3471 1.770700637
3471 1.770700637
3471 1.770700637
3471 0
3471 3.083688409
3471 0
3471 0
3471 0
3471 0
3471 3.802058175
3471 3.802058175
3471 3.802058175
3471 0
3471 0
3471 1.236486486
3471 1.236486486
3471 0
3471 0
3471 0
3471 0
3471 0
3471 0
3471 14.38356164
3471 23.33333333
3543 0
3543 21.90574753
3543 21.90574753
3543 21.90574753
3543 21.90574753
3543 0
3543 6.26892144
3543 6.079396672
3543 6.079396672
3543 6.079396672
3543 6.079396672
3543 1.770700637
3543 1.770700637
3543 1.770700637
3543 1.770700637
3543 1.770700637
3543 0
3543 3.083688409
3543 0
3543 0
3543 0
3543 0
3543 3.802058175
3543 3.802058175
3543 3.802058175
3543 0
3543 0
3543 1.236486486
3543 1.236486486
3543 0
3543 0
3543 0
3543 0
3543 0
3543 0
3543 14.38356164
3543 23.33333333
3609 0
3609 21.90574753
3609 21.90574753
3609 21.90574753
3609 21.90574753
3609 0
3609 6.26892144
3609 6.079396672
3609 6.079396672
3609 6.079396672
3609 6.079396672
3609 1.770700637
3609 1.770700637
3609 1.770700637
3609 1.770700637
3609 1.770700637
3609 0
3609 3.083688409
3609 0
3609 0
3609 0
3609 0
3609 3.802058175
3609 3.802058175
3609 3.802058175
3609 0
3609 0
3609 1.236486486
3609 1.236486486
3609 0
3609 0
3609 0
3609 0
3609 0
3609 0
3609 14.38356164
3609 23.33333333
3956 0
3956 21.90574753
3956 21.90574753
3956 21.90574753
3956 21.90574753
3956 0
3956 6.26892144
3956 6.079396672
3956 6.079396672
3956 6.079396672
3956 6.079396672
3956 1.770700637
3956 1.770700637
3956 1.770700637
3956 1.770700637
3956 1.770700637
3956 0
3956 3.083688409
3956 0
3956 0
3956 0
3956 0
3956 3.802058175
3956 3.802058175
3956 3.802058175
3956 0
3956 0
3956 1.236486486
3956 1.236486486
3956 0
3956 0
3956 0
3956 0
3956 0
3956 0
3956 14.38356164
3956 23.33333333
4015 0
4015 21.90574753
4015 21.90574753
4015 21.90574753
4015 21.90574753
4015 0
4015 6.26892144
4015 6.079396672
4015 6.079396672
4015 6.079396672
4015 6.079396672
4015 1.770700637
4015 1.770700637
4015 1.770700637
4015 1.770700637
4015 1.770700637
4015 0
4015 3.083688409
4015 0
4015 0
4015 0
4015 0
4015 3.802058175
4015 3.802058175
4015 3.802058175
4015 0
4015 0
4015 1.236486486
4015 1.236486486
4015 0
4015 0
4015 0
4015 0
4015 0
4015 0
4015 14.38356164
4015 23.33333333
4067 0
4067 21.90574753
4067 21.90574753
4067 21.90574753
4067 21.90574753
4067 0
4067 6.26892144
4067 6.079396672
4067 6.079396672
4067 6.079396672
4067 6.079396672
4067 1.770700637
4067 1.770700637
4067 1.770700637
4067 1.770700637
4067 1.770700637
4067 0
4067 3.083688409
4067 0
4067 0
4067 0
4067 0
4067 3.802058175
4067 3.802058175
4067 3.802058175
4067 0
4067 0
4067 1.236486486
4067 1.236486486
4067 0
4067 0
4067 0
4067 0
4067 0
4067 0
4067 14.38356164
4067 23.33333333
37070 0
37070 21.90574753
37070 21.90574753
37070 21.90574753
37070 21.90574753
37070 0
37070 6.26892144
37070 6.079396672
37070 6.079396672
37070 6.079396672
37070 6.079396672
37070 1.770700637
37070 1.770700637
37070 1.770700637
37070 1.770700637
37070 1.770700637
37070 0
37070 3.083688409
37070 0
37070 0
37070 0
37070 0
37070 3.802058175
37070 3.802058175
37070 3.802058175
37070 0
37070 0
37070 1.236486486
37070 1.236486486
37070 0
37070 0
37070 0
37070 0
37070 0
37070 0
37070 14.38356164
37070 23.33333333
37026 0
37026 21.90574753
37026 21.90574753
37026 21.90574753
37026 21.90574753
37026 0
37026 6.26892144
37026 6.079396672
37026 6.079396672
37026 6.079396672
37026 6.079396672
37026 1.770700637
37026 1.770700637
37026 1.770700637
37026 1.770700637
37026 1.770700637
37026 0
37026 3.083688409
37026 0
37026 0
37026 0
37026 0
37026 3.802058175
37026 3.802058175
37026 3.802058175
37026 0
37026 0
37026 1.236486486
37026 1.236486486
37026 0
37026 0
37026 0
37026 0
37026 0
37026 0
37026 14.38356164
37026 23.33333333
37096 0
37096 21.90574753
37096 21.90574753
37096 21.90574753
37096 21.90574753
37096 0
37096 6.26892144
37096 6.079396672
37096 6.079396672
37096 6.079396672
37096 6.079396672
37096 1.770700637
37096 1.770700637
37096 1.770700637
37096 1.770700637
37096 1.770700637
37096 0
37096 3.083688409
37096 0
37096 0
37096 0
37096 0
37096 3.802058175
37096 3.802058175
37096 3.802058175
37096 0
37096 0
37096 1.236486486
37096 1.236486486
37096 0
37096 0
37096 0
37096 0
37096 0
37096 0
37096 14.38356164
37096 23.33333333
37693 0
37693 21.90574753
37693 21.90574753
37693 21.90574753
37693 21.90574753
37693 0
37693 6.26892144
37693 6.079396672
37693 6.079396672
37693 6.079396672
37693 6.079396672
37693 1.770700637
37693 1.770700637
37693 1.770700637
37693 1.770700637
37693 1.770700637
37693 0
37693 3.083688409
37693 0
37693 0
37693 0
37693 0
37693 3.802058175
37693 3.802058175
37693 3.802058175
37693 0
37693 0
37693 1.236486486
37693 1.236486486
37693 0
37693 0
37693 0
37693 0
37693 0
37693 0
37693 14.38356164
37693 23.33333333
3252 0
3252 21.90574753
3252 21.90574753
3252 21.90574753
3252 21.90574753
3252 0
3252 6.26892144
3252 6.079396672
3252 6.079396672
3252 6.079396672
3252 6.079396672
3252 1.770700637
3252 1.770700637
3252 1.770700637
3252 1.770700637
3252 1.770700637
3252 0
3252 3.083688409
3252 0
3252 0
3252 0
3252 0
3252 3.802058175
3252 3.802058175
3252 3.802058175
3252 0
3252 0
3252 1.236486486
3252 1.236486486
3252 0
3252 0
3252 0
3252 0
3252 0
3252 0
3252 14.38356164
3252 23.33333333
3329 0
3329 21.90574753
3329 21.90574753
3329 21.90574753
3329 21.90574753
3329 0
3329 6.26892144
3329 6.079396672
3329 6.079396672
3329 6.079396672
3329 6.079396672
3329 1.770700637
3329 1.770700637
3329 1.770700637
3329 1.770700637
3329 1.770700637
3329 0
3329 3.083688409
3329 0
3329 0
3329 0
3329 0
3329 3.802058175
3329 3.802058175
3329 3.802058175
3329 0
3329 0
3329 1.236486486
3329 1.236486486
3329 0
3329 0
3329 0
3329 0
3329 0
3329 0
3329 14.38356164
3329 23.33333333
3472 0
3472 21.90574753
3472 21.90574753
3472 21.90574753
3472 21.90574753
3472 0
3472 6.26892144
3472 6.079396672
3472 6.079396672
3472 6.079396672
3472 6.079396672
3472 1.770700637
3472 1.770700637
3472 1.770700637
3472 1.770700637
3472 1.770700637
3472 0
3472 3.083688409
3472 0
3472 0
3472 0
3472 0
3472 3.802058175
3472 3.802058175
3472 3.802058175
3472 0
3472 0
3472 1.236486486
3472 1.236486486
3472 0
3472 0
3472 0
3472 0
3472 0
3472 0
3472 14.38356164
3472 23.33333333
3544 0
3544 21.90574753
3544 21.90574753
3544 21.90574753
3544 21.90574753
3544 0
3544 6.26892144
3544 6.079396672
3544 6.079396672
3544 6.079396672
3544 6.079396672
3544 1.770700637
3544 1.770700637
3544 1.770700637
3544 1.770700637
3544 1.770700637
3544 0
3544 3.083688409
3544 0
3544 0
3544 0
3544 0
3544 3.802058175
3544 3.802058175
3544 3.802058175
3544 0
3544 0
3544 1.236486486
3544 1.236486486
3544 0
3544 0
3544 0
3544 0
3544 0
3544 0
3544 14.38356164
3544 23.33333333
3610 0
3610 21.90574753
3610 21.90574753
3610 21.90574753
3610 21.90574753
3610 0
3610 6.26892144
3610 6.079396672
3610 6.079396672
3610 6.079396672
3610 6.079396672
3610 1.770700637
3610 1.770700637
3610 1.770700637
3610 1.770700637
3610 1.770700637
3610 0
3610 3.083688409
3610 0
3610 0
3610 0
3610 0
3610 3.802058175
3610 3.802058175
3610 3.802058175
3610 0
3610 0
3610 1.236486486
3610 1.236486486
3610 0
3610 0
3610 0
3610 0
3610 0
3610 0
3610 14.38356164
3610 23.33333333
3673 0
3673 21.90574753
3673 21.90574753
3673 21.90574753
3673 21.90574753
3673 0
3673 6.26892144
3673 6.079396672
3673 6.079396672
3673 6.079396672
3673 6.079396672
3673 1.770700637
3673 1.770700637
3673 1.770700637
3673 1.770700637
3673 1.770700637
3673 0
3673 3.083688409
3673 0
3673 0
3673 0
3673 0
3673 3.802058175
3673 3.802058175
3673 3.802058175
3673 0
3673 0
3673 1.236486486
3673 1.236486486
3673 0
3673 0
3673 0
3673 0
3673 0
3673 0
3673 14.38356164
3673 23.33333333
3733 0
3733 21.90574753
3733 21.90574753
3733 21.90574753
3733 21.90574753
3733 0
3733 6.26892144
3733 6.079396672
3733 6.079396672
3733 6.079396672
3733 6.079396672
3733 1.770700637
3733 1.770700637
3733 1.770700637
3733 1.770700637
3733 1.770700637
3733 0
3733 3.083688409
3733 0
3733 0
3733 0
3733 0
3733 3.802058175
3733 3.802058175
3733 3.802058175
3733 0
3733 0
3733 1.236486486
3733 1.236486486
3733 0
3733 0
3733 0
3733 0
3733 0
3733 0
3733 14.38356164
3733 23.33333333
3792 0
3792 21.90574753
3792 21.90574753
3792 21.90574753
3792 21.90574753
3792 0
3792 6.26892144
3792 6.079396672
3792 6.079396672
3792 6.079396672
3792 6.079396672
3792 1.770700637
3792 1.770700637
3792 1.770700637
3792 1.770700637
3792 1.770700637
3792 0
3792 3.083688409
3792 0
3792 0
3792 0
3792 0
3792 3.802058175
3792 3.802058175
3792 3.802058175
3792 0
3792 0
3792 1.236486486
3792 1.236486486
3792 0
3792 0
3792 0
3792 0
3792 0
3792 0
3792 14.38356164
3792 23.33333333
3846 0
3846 21.90574753
3846 21.90574753
3846 21.90574753
3846 21.90574753
3846 0
3846 6.26892144
3846 6.079396672
3846 6.079396672
3846 6.079396672
3846 6.079396672
3846 1.770700637
3846 1.770700637
3846 1.770700637
3846 1.770700637
3846 1.770700637
3846 0
3846 3.083688409
3846 0
3846 0
3846 0
3846 0
3846 3.802058175
3846 3.802058175
3846 3.802058175
3846 0
3846 0
3846 1.236486486
3846 1.236486486
3846 0
3846 0
3846 0
3846 0
3846 0
3846 0
3846 14.38356164
3846 23.33333333
3902 0
3902 21.90574753
3902 21.90574753
3902 21.90574753
3902 21.90574753
3902 0
3902 6.26892144
3902 6.079396672
3902 6.079396672
3902 6.079396672
3902 6.079396672
3902 1.770700637
3902 1.770700637
3902 1.770700637
3902 1.770700637
3902 1.770700637
3902 0
3902 3.083688409
3902 0
3902 0
3902 0
3902 0
3902 3.802058175
3902 3.802058175
3902 3.802058175
3902 0
3902 0
3902 1.236486486
3902 1.236486486
3902 0
3902 0
3902 0
3902 0
3902 0
3902 0
3902 14.38356164
3902 23.33333333
4016 0
4016 21.90574753
4016 21.90574753
4016 21.90574753
4016 21.90574753
4016 0
4016 6.26892144
4016 6.079396672
4016 6.079396672
4016 6.079396672
4016 6.079396672
4016 1.770700637
4016 1.770700637
4016 1.770700637
4016 1.770700637
4016 1.770700637
4016 0
4016 3.083688409
4016 0
4016 0
4016 0
4016 0
4016 3.802058175
4016 3.802058175
4016 3.802058175
4016 0
4016 0
4016 1.236486486
4016 1.236486486
4016 0
4016 0
4016 0
4016 0
4016 0
4016 0
4016 14.38356164
4016 23.33333333
3253 0
3253 21.90574753
3253 21.90574753
3253 21.90574753
3253 21.90574753
3253 0
3253 6.26892144
3253 6.079396672
3253 6.079396672
3253 6.079396672
3253 6.079396672
3253 1.770700637
3253 1.770700637
3253 1.770700637
3253 1.770700637
3253 1.770700637
3253 0
3253 3.083688409
3253 0
3253 0
3253 0
3253 0
3253 3.802058175
3253 3.802058175
3253 3.802058175
3253 0
3253 0
3253 1.236486486
3253 1.236486486
3253 0
3253 0
3253 0
3253 0
3253 0
3253 0
3253 14.38356164
3253 23.33333333
3330 0
3330 21.90574753
3330 21.90574753
3330 21.90574753
3330 21.90574753
3330 0
3330 6.26892144
3330 6.079396672
3330 6.079396672
3330 6.079396672
3330 6.079396672
3330 1.770700637
3330 1.770700637
3330 1.770700637
3330 1.770700637
3330 1.770700637
3330 0
3330 3.083688409
3330 0
3330 0
3330 0
3330 0
3330 3.802058175
3330 3.802058175
3330 3.802058175
3330 0
3330 0
3330 1.236486486
3330 1.236486486
3330 0
3330 0
3330 0
3330 0
3330 0
3330 0
3330 14.38356164
3330 23.33333333
3402 0
3402 21.90574753
3402 21.90574753
3402 21.90574753
3402 21.90574753
3402 0
3402 6.26892144
3402 6.079396672
3402 6.079396672
3402 6.079396672
3402 6.079396672
3402 1.770700637
3402 1.770700637
3402 1.770700637
3402 1.770700637
3402 1.770700637
3402 0
3402 3.083688409
3402 0
3402 0
3402 0
3402 0
3402 3.802058175
3402 3.802058175
3402 3.802058175
3402 0
3402 0
3402 1.236486486
3402 1.236486486
3402 0
3402 0
3402 0
3402 0
3402 0
3402 0
3402 14.38356164
3402 23.33333333
3473 0
3473 21.90574753
3473 21.90574753
3473 21.90574753
3473 21.90574753
3473 0
3473 6.26892144
3473 6.079396672
3473 6.079396672
3473 6.079396672
3473 6.079396672
3473 1.770700637
3473 1.770700637
3473 1.770700637
3473 1.770700637
3473 1.770700637
3473 0
3473 3.083688409
3473 0
3473 0
3473 0
3473 0
3473 3.802058175
3473 3.802058175
3473 3.802058175
3473 0
3473 0
3473 1.236486486
3473 1.236486486
3473 0
3473 0
3473 0
3473 0
3473 0
3473 0
3473 14.38356164
3473 23.33333333
3545 0
3545 21.90574753
3545 21.90574753
3545 21.90574753
3545 21.90574753
3545 0
3545 6.26892144
3545 6.079396672
3545 6.079396672
3545 6.079396672
3545 6.079396672
3545 1.770700637
3545 1.770700637
3545 1.770700637
3545 1.770700637
3545 1.770700637
3545 0
3545 3.083688409
3545 0
3545 0
3545 0
3545 0
3545 3.802058175
3545 3.802058175
3545 3.802058175
3545 0
3545 0
3545 1.236486486
3545 1.236486486
3545 0
3545 0
3545 0
3545 0
3545 0
3545 0
3545 14.38356164
3545 23.33333333
3611 0
3611 21.90574753
3611 21.90574753
3611 21.90574753
3611 21.90574753
3611 0
3611 6.26892144
3611 6.079396672
3611 6.079396672
3611 6.079396672
3611 6.079396672
3611 1.770700637
3611 1.770700637
3611 1.770700637
3611 1.770700637
3611 1.770700637
3611 0
3611 3.083688409
3611 0
3611 0
3611 0
3611 0
3611 3.802058175
3611 3.802058175
3611 3.802058175
3611 0
3611 0
3611 1.236486486
3611 1.236486486
3611 0
3611 0
3611 0
3611 0
3611 0
3611 0
3611 14.38356164
3611 23.33333333
3674 0
3674 21.90574753
3674 21.90574753
3674 21.90574753
3674 21.90574753
3674 0
3674 6.26892144
3674 6.079396672
3674 6.079396672
3674 6.079396672
3674 6.079396672
3674 1.770700637
3674 1.770700637
3674 1.770700637
3674 1.770700637
3674 1.770700637
3674 0
3674 3.083688409
3674 0
3674 0
3674 0
3674 0
3674 3.802058175
3674 3.802058175
3674 3.802058175
3674 0
3674 0
3674 1.236486486
3674 1.236486486
3674 0
3674 0
3674 0
3674 0
3674 0
3674 0
3674 14.38356164
3674 23.33333333
3734 0
3734 21.90574753
3734 21.90574753
3734 21.90574753
3734 21.90574753
3734 0
3734 6.26892144
3734 6.079396672
3734 6.079396672
3734 6.079396672
3734 6.079396672
3734 1.770700637
3734 1.770700637
3734 1.770700637
3734 1.770700637
3734 1.770700637
3734 0
3734 3.083688409
3734 0
3734 0
3734 0
3734 0
3734 3.802058175
3734 3.802058175
3734 3.802058175
3734 0
3734 0
3734 1.236486486
3734 1.236486486
3734 0
3734 0
3734 0
3734 0
3734 0
3734 0
3734 14.38356164
3734 23.33333333
3793 0
3793 21.90574753
3793 21.90574753
3793 21.90574753
3793 21.90574753
3793 0
3793 6.26892144
3793 6.079396672
3793 6.079396672
3793 6.079396672
3793 6.079396672
3793 1.770700637
3793 1.770700637
3793 1.770700637
3793 1.770700637
3793 1.770700637
3793 0
3793 3.083688409
3793 0
3793 0
3793 0
3793 0
3793 3.802058175
3793 3.802058175
3793 3.802058175
3793 0
3793 0
3793 1.236486486
3793 1.236486486
3793 0
3793 0
3793 0
3793 0
3793 0
3793 0
3793 14.38356164
3793 23.33333333
3847 0
3847 21.90574753
3847 21.90574753
3847 21.90574753
3847 21.90574753
3847 0
3847 6.26892144
3847 6.079396672
3847 6.079396672
3847 6.079396672
3847 6.079396672
3847 1.770700637
3847 1.770700637
3847 1.770700637
3847 1.770700637
3847 1.770700637
3847 0
3847 3.083688409
3847 0
3847 0
3847 0
3847 0
3847 3.802058175
3847 3.802058175
3847 3.802058175
3847 0
3847 0
3847 1.236486486
3847 1.236486486
3847 0
3847 0
3847 0
3847 0
3847 0
3847 0
3847 14.38356164
3847 23.33333333
3903 0
3903 21.90574753
3903 21.90574753
3903 21.90574753
3903 21.90574753
3903 0
3903 6.26892144
3903 6.079396672
3903 6.079396672
3903 6.079396672
3903 6.079396672
3903 1.770700637
3903 1.770700637
3903 1.770700637
3903 1.770700637
3903 1.770700637
3903 0
3903 3.083688409
3903 0
3903 0
3903 0
3903 0
3903 3.802058175
3903 3.802058175
3903 3.802058175
3903 0
3903 0
3903 1.236486486
3903 1.236486486
3903 0
3903 0
3903 0
3903 0
3903 0
3903 0
3903 14.38356164
3903 23.33333333
3957 0
3957 21.90574753
3957 21.90574753
3957 21.90574753
3957 21.90574753
3957 0
3957 6.26892144
3957 6.079396672
3957 6.079396672
3957 6.079396672
3957 6.079396672
3957 1.770700637
3957 1.770700637
3957 1.770700637
3957 1.770700637
3957 1.770700637
3957 0
3957 3.083688409
3957 0
3957 0
3957 0
3957 0
3957 3.802058175
3957 3.802058175
3957 3.802058175
3957 0
3957 0
3957 1.236486486
3957 1.236486486
3957 0
3957 0
3957 0
3957 0
3957 0
3957 0
3957 14.38356164
3957 23.33333333
4017 0
4017 21.90574753
4017 21.90574753
4017 21.90574753
4017 21.90574753
4017 0
4017 6.26892144
4017 6.079396672
4017 6.079396672
4017 6.079396672
4017 6.079396672
4017 1.770700637
4017 1.770700637
4017 1.770700637
4017 1.770700637
4017 1.770700637
4017 0
4017 3.083688409
4017 0
4017 0
4017 0
4017 0
4017 3.802058175
4017 3.802058175
4017 3.802058175
4017 0
4017 0
4017 1.236486486
4017 1.236486486
4017 0
4017 0
4017 0
4017 0
4017 0
4017 0
4017 14.38356164
4017 23.33333333
4068 0
4068 21.90574753
4068 21.90574753
4068 21.90574753
4068 21.90574753
4068 0
4068 6.26892144
4068 6.079396672
4068 6.079396672
4068 6.079396672
4068 6.079396672
4068 1.770700637
4068 1.770700637
4068 1.770700637
4068 1.770700637
4068 1.770700637
4068 0
4068 3.083688409
4068 0
4068 0
4068 0
4068 0
4068 3.802058175
4068 3.802058175
4068 3.802058175
4068 0
4068 0
4068 1.236486486
4068 1.236486486
4068 0
4068 0
4068 0
4068 0
4068 0
4068 0
4068 14.38356164
4068 23.33333333
4113 0
4113 21.90574753
4113 21.90574753
4113 21.90574753
4113 21.90574753
4113 0
4113 6.26892144
4113 6.079396672
4113 6.079396672
4113 6.079396672
4113 6.079396672
4113 1.770700637
4113 1.770700637
4113 1.770700637
4113 1.770700637
4113 1.770700637
4113 0
4113 3.083688409
4113 0
4113 0
4113 0
4113 0
4113 3.802058175
4113 3.802058175
4113 3.802058175
4113 0
4113 0
4113 1.236486486
4113 1.236486486
4113 0
4113 0
4113 0
4113 0
4113 0
4113 0
4113 14.38356164
4113 23.33333333
4156 0
4156 21.90574753
4156 21.90574753
4156 21.90574753
4156 21.90574753
4156 0
4156 6.26892144
4156 6.079396672
4156 6.079396672
4156 6.079396672
4156 6.079396672
4156 1.770700637
4156 1.770700637
4156 1.770700637
4156 1.770700637
4156 1.770700637
4156 0
4156 3.083688409
4156 0
4156 0
4156 0
4156 0
4156 3.802058175
4156 3.802058175
4156 3.802058175
4156 0
4156 0
4156 1.236486486
4156 1.236486486
4156 0
4156 0
4156 0
4156 0
4156 0
4156 0
4156 14.38356164
4156 23.33333333
3331 0
3331 21.90574753
3331 21.90574753
3331 21.90574753
3331 21.90574753
3331 0
3331 6.26892144
3331 6.079396672
3331 6.079396672
3331 6.079396672
3331 6.079396672
3331 1.770700637
3331 1.770700637
3331 1.770700637
3331 1.770700637
3331 1.770700637
3331 0
3331 3.083688409
3331 0
3331 0
3331 0
3331 0
3331 3.802058175
3331 3.802058175
3331 3.802058175
3331 0
3331 0
3331 1.236486486
3331 1.236486486
3331 0
3331 0
3331 0
3331 0
3331 0
3331 0
3331 14.38356164
3331 23.33333333
3403 0
3403 21.90574753
3403 21.90574753
3403 21.90574753
3403 21.90574753
3403 0
3403 6.26892144
3403 6.079396672
3403 6.079396672
3403 6.079396672
3403 6.079396672
3403 1.770700637
3403 1.770700637
3403 1.770700637
3403 1.770700637
3403 1.770700637
3403 0
3403 3.083688409
3403 0
3403 0
3403 0
3403 0
3403 3.802058175
3403 3.802058175
3403 3.802058175
3403 0
3403 0
3403 1.236486486
3403 1.236486486
3403 0
3403 0
3403 0
3403 0
3403 0
3403 0
3403 14.38356164
3403 23.33333333
3474 0
3474 21.90574753
3474 21.90574753
3474 21.90574753
3474 21.90574753
3474 0
3474 6.26892144
3474 6.079396672
3474 6.079396672
3474 6.079396672
3474 6.079396672
3474 1.770700637
3474 1.770700637
3474 1.770700637
3474 1.770700637
3474 1.770700637
3474 0
3474 3.083688409
3474 0
3474 0
3474 0
3474 0
3474 3.802058175
3474 3.802058175
3474 3.802058175
3474 0
3474 0
3474 1.236486486
3474 1.236486486
3474 0
3474 0
3474 0
3474 0
3474 0
3474 0
3474 14.38356164
3474 23.33333333
3546 0
3546 21.90574753
3546 21.90574753
3546 21.90574753
3546 21.90574753
3546 0
3546 6.26892144
3546 6.079396672
3546 6.079396672
3546 6.079396672
3546 6.079396672
3546 1.770700637
3546 1.770700637
3546 1.770700637
3546 1.770700637
3546 1.770700637
3546 0
3546 3.083688409
3546 0
3546 0
3546 0
3546 0
3546 3.802058175
3546 3.802058175
3546 3.802058175
3546 0
3546 0
3546 1.236486486
3546 1.236486486
3546 0
3546 0
3546 0
3546 0
3546 0
3546 0
3546 14.38356164
3546 23.33333333
3612 0
3612 21.90574753
3612 21.90574753
3612 21.90574753
3612 21.90574753
3612 0
3612 6.26892144
3612 6.079396672
3612 6.079396672
3612 6.079396672
3612 6.079396672
3612 1.770700637
3612 1.770700637
3612 1.770700637
3612 1.770700637
3612 1.770700637
3612 0
3612 3.083688409
3612 0
3612 0
3612 0
3612 0
3612 3.802058175
3612 3.802058175
3612 3.802058175
3612 0
3612 0
3612 1.236486486
3612 1.236486486
3612 0
3612 0
3612 0
3612 0
3612 0
3612 0
3612 14.38356164
3612 23.33333333
3675 0
3675 21.90574753
3675 21.90574753
3675 21.90574753
3675 21.90574753
3675 0
3675 6.26892144
3675 6.079396672
3675 6.079396672
3675 6.079396672
3675 6.079396672
3675 1.770700637
3675 1.770700637
3675 1.770700637
3675 1.770700637
3675 1.770700637
3675 0
3675 3.083688409
3675 0
3675 0
3675 0
3675 0
3675 3.802058175
3675 3.802058175
3675 3.802058175
3675 0
3675 0
3675 1.236486486
3675 1.236486486
3675 0
3675 0
3675 0
3675 0
3675 0
3675 0
3675 14.38356164
3675 23.33333333
3735 0
3735 21.90574753
3735 21.90574753
3735 21.90574753
3735 21.90574753
3735 0
3735 6.26892144
3735 6.079396672
3735 6.079396672
3735 6.079396672
3735 6.079396672
3735 1.770700637
3735 1.770700637
3735 1.770700637
3735 1.770700637
3735 1.770700637
3735 0
3735 3.083688409
3735 0
3735 0
3735 0
3735 0
3735 3.802058175
3735 3.802058175
3735 3.802058175
3735 0
3735 0
3735 1.236486486
3735 1.236486486
3735 0
3735 0
3735 0
3735 0
3735 0
3735 0
3735 14.38356164
3735 23.33333333
3794 0
3794 21.90574753
3794 21.90574753
3794 21.90574753
3794 21.90574753
3794 0
3794 6.26892144
3794 6.079396672
3794 6.079396672
3794 6.079396672
3794 6.079396672
3794 1.770700637
3794 1.770700637
3794 1.770700637
3794 1.770700637
3794 1.770700637
3794 0
3794 3.083688409
3794 0
3794 0
3794 0
3794 0
3794 3.802058175
3794 3.802058175
3794 3.802058175
3794 0
3794 0
3794 1.236486486
3794 1.236486486
3794 0
3794 0
3794 0
3794 0
3794 0
3794 0
3794 14.38356164
3794 23.33333333
3848 0
3848 21.90574753
3848 21.90574753
3848 21.90574753
3848 21.90574753
3848 0
3848 6.26892144
3848 6.079396672
3848 6.079396672
3848 6.079396672
3848 6.079396672
3848 1.770700637
3848 1.770700637
3848 1.770700637
3848 1.770700637
3848 1.770700637
3848 0
3848 3.083688409
3848 0
3848 0
3848 0
3848 0
3848 3.802058175
3848 3.802058175
3848 3.802058175
3848 0
3848 0
3848 1.236486486
3848 1.236486486
3848 0
3848 0
3848 0
3848 0
3848 0
3848 0
3848 14.38356164
3848 23.33333333
3904 0
3904 21.90574753
3904 21.90574753
3904 21.90574753
3904 21.90574753
3904 0
3904 6.26892144
3904 6.079396672
3904 6.079396672
3904 6.079396672
3904 6.079396672
3904 1.770700637
3904 1.770700637
3904 1.770700637
3904 1.770700637
3904 1.770700637
3904 0
3904 3.083688409
3904 0
3904 0
3904 0
3904 0
3904 3.802058175
3904 3.802058175
3904 3.802058175
3904 0
3904 0
3904 1.236486486
3904 1.236486486
3904 0
3904 0
3904 0
3904 0
3904 0
3904 0
3904 14.38356164
3904 23.33333333
3958 0
3958 21.90574753
3958 21.90574753
3958 21.90574753
3958 21.90574753
3958 0
3958 6.26892144
3958 6.079396672
3958 6.079396672
3958 6.079396672
3958 6.079396672
3958 1.770700637
3958 1.770700637
3958 1.770700637
3958 1.770700637
3958 1.770700637
3958 0
3958 3.083688409
3958 0
3958 0
3958 0
3958 0
3958 3.802058175
3958 3.802058175
3958 3.802058175
3958 0
3958 0
3958 1.236486486
3958 1.236486486
3958 0
3958 0
3958 0
3958 0
3958 0
3958 0
3958 14.38356164
3958 23.33333333
4018 0
4018 21.90574753
4018 21.90574753
4018 21.90574753
4018 21.90574753
4018 0
4018 6.26892144
4018 6.079396672
4018 6.079396672
4018 6.079396672
4018 6.079396672
4018 1.770700637
4018 1.770700637
4018 1.770700637
4018 1.770700637
4018 1.770700637
4018 0
4018 3.083688409
4018 0
4018 0
4018 0
4018 0
4018 3.802058175
4018 3.802058175
4018 3.802058175
4018 0
4018 0
4018 1.236486486
4018 1.236486486
4018 0
4018 0
4018 0
4018 0
4018 0
4018 0
4018 14.38356164
4018 23.33333333
4069 0
4069 21.90574753
4069 21.90574753
4069 21.90574753
4069 21.90574753
4069 0
4069 6.26892144
4069 6.079396672
4069 6.079396672
4069 6.079396672
4069 6.079396672
4069 1.770700637
4069 1.770700637
4069 1.770700637
4069 1.770700637
4069 1.770700637
4069 0
4069 3.083688409
4069 0
4069 0
4069 0
4069 0
4069 3.802058175
4069 3.802058175
4069 3.802058175
4069 0
4069 0
4069 1.236486486
4069 1.236486486
4069 0
4069 0
4069 0
4069 0
4069 0
4069 0
4069 14.38356164
4069 23.33333333
4114 0
4114 21.90574753
4114 21.90574753
4114 21.90574753
4114 21.90574753
4114 0
4114 6.26892144
4114 6.079396672
4114 6.079396672
4114 6.079396672
4114 6.079396672
4114 1.770700637
4114 1.770700637
4114 1.770700637
4114 1.770700637
4114 1.770700637
4114 0
4114 3.083688409
4114 0
4114 0
4114 0
4114 0
4114 3.802058175
4114 3.802058175
4114 3.802058175
4114 0
4114 0
4114 1.236486486
4114 1.236486486
4114 0
4114 0
4114 0
4114 0
4114 0
4114 0
4114 14.38356164
4114 23.33333333
4157 0
4157 21.90574753
4157 21.90574753
4157 21.90574753
4157 21.90574753
4157 0
4157 6.26892144
4157 6.079396672
4157 6.079396672
4157 6.079396672
4157 6.079396672
4157 1.770700637
4157 1.770700637
4157 1.770700637
4157 1.770700637
4157 1.770700637
4157 0
4157 3.083688409
4157 0
4157 0
4157 0
4157 0
4157 3.802058175
4157 3.802058175
4157 3.802058175
4157 0
4157 0
4157 1.236486486
4157 1.236486486
4157 0
4157 0
4157 0
4157 0
4157 0
4157 0
4157 14.38356164
4157 23.33333333
4194 0
4194 21.90574753
4194 21.90574753
4194 21.90574753
4194 21.90574753
4194 0
4194 6.26892144
4194 6.079396672
4194 6.079396672
4194 6.079396672
4194 6.079396672
4194 1.770700637
4194 1.770700637
4194 1.770700637
4194 1.770700637
4194 1.770700637
4194 0
4194 3.083688409
4194 0
4194 0
4194 0
4194 0
4194 3.802058175
4194 3.802058175
4194 3.802058175
4194 0
4194 0
4194 1.236486486
4194 1.236486486
4194 0
4194 0
4194 0
4194 0
4194 0
4194 0
4194 14.38356164
4194 23.33333333
3475 0
3475 21.90574753
3475 21.90574753
3475 21.90574753
3475 21.90574753
3475 0
3475 6.26892144
3475 6.079396672
3475 6.079396672
3475 6.079396672
3475 6.079396672
3475 1.770700637
3475 1.770700637
3475 1.770700637
3475 1.770700637
3475 1.770700637
3475 0
3475 3.083688409
3475 0
3475 0
3475 0
3475 0
3475 3.802058175
3475 3.802058175
3475 3.802058175
3475 0
3475 0
3475 1.236486486
3475 1.236486486
3475 0
3475 0
3475 0
3475 0
3475 0
3475 0
3475 14.38356164
3475 23.33333333
3547 0
3547 21.90574753
3547 21.90574753
3547 21.90574753
3547 21.90574753
3547 0
3547 6.26892144
3547 6.079396672
3547 6.079396672
3547 6.079396672
3547 6.079396672
3547 1.770700637
3547 1.770700637
3547 1.770700637
3547 1.770700637
3547 1.770700637
3547 0
3547 3.083688409
3547 0
3547 0
3547 0
3547 0
3547 3.802058175
3547 3.802058175
3547 3.802058175
3547 0
3547 0
3547 1.236486486
3547 1.236486486
3547 0
3547 0
3547 0
3547 0
3547 0
3547 0
3547 14.38356164
3547 23.33333333
3613 0
3613 21.90574753
3613 21.90574753
3613 21.90574753
3613 21.90574753
3613 0
3613 6.26892144
3613 6.079396672
3613 6.079396672
3613 6.079396672
3613 6.079396672
3613 1.770700637
3613 1.770700637
3613 1.770700637
3613 1.770700637
3613 1.770700637
3613 0
3613 3.083688409
3613 0
3613 0
3613 0
3613 0
3613 3.802058175
3613 3.802058175
3613 3.802058175
3613 0
3613 0
3613 1.236486486
3613 1.236486486
3613 0
3613 0
3613 0
3613 0
3613 0
3613 0
3613 14.38356164
3613 23.33333333
3676 0
3676 21.90574753
3676 21.90574753
3676 21.90574753
3676 21.90574753
3676 0
3676 6.26892144
3676 6.079396672
3676 6.079396672
3676 6.079396672
3676 6.079396672
3676 1.770700637
3676 1.770700637
3676 1.770700637
3676 1.770700637
3676 1.770700637
3676 0
3676 3.083688409
3676 0
3676 0
3676 0
3676 0
3676 3.802058175
3676 3.802058175
3676 3.802058175
3676 0
3676 0
3676 1.236486486
3676 1.236486486
3676 0
3676 0
3676 0
3676 0
3676 0
3676 0
3676 14.38356164
3676 23.33333333
3736 0
3736 21.90574753
3736 21.90574753
3736 21.90574753
3736 21.90574753
3736 0
3736 6.26892144
3736 6.079396672
3736 6.079396672
3736 6.079396672
3736 6.079396672
3736 1.770700637
3736 1.770700637
3736 1.770700637
3736 1.770700637
3736 1.770700637
3736 0
3736 3.083688409
3736 0
3736 0
3736 0
3736 0
3736 3.802058175
3736 3.802058175
3736 3.802058175
3736 0
3736 0
3736 1.236486486
3736 1.236486486
3736 0
3736 0
3736 0
3736 0
3736 0
3736 0
3736 14.38356164
3736 23.33333333
3795 0
3795 21.90574753
3795 21.90574753
3795 21.90574753
3795 21.90574753
3795 0
3795 6.26892144
3795 6.079396672
3795 6.079396672
3795 6.079396672
3795 6.079396672
3795 1.770700637
3795 1.770700637
3795 1.770700637
3795 1.770700637
3795 1.770700637
3795 0
3795 3.083688409
3795 0
3795 0
3795 0
3795 0
3795 3.802058175
3795 3.802058175
3795 3.802058175
3795 0
3795 0
3795 1.236486486
3795 1.236486486
3795 0
3795 0
3795 0
3795 0
3795 0
3795 0
3795 14.38356164
3795 23.33333333
3849 0
3849 21.90574753
3849 21.90574753
3849 21.90574753
3849 21.90574753
3849 0
3849 6.26892144
3849 6.079396672
3849 6.079396672
3849 6.079396672
3849 6.079396672
3849 1.770700637
3849 1.770700637
3849 1.770700637
3849 1.770700637
3849 1.770700637
3849 0
3849 3.083688409
3849 0
3849 0
3849 0
3849 0
3849 3.802058175
3849 3.802058175
3849 3.802058175
3849 0
3849 0
3849 1.236486486
3849 1.236486486
3849 0
3849 0
3849 0
3849 0
3849 0
3849 0
3849 14.38356164
3849 23.33333333
3905 0
3905 21.90574753
3905 21.90574753
3905 21.90574753
3905 21.90574753
3905 0
3905 6.26892144
3905 6.079396672
3905 6.079396672
3905 6.079396672
3905 6.079396672
3905 1.770700637
3905 1.770700637
3905 1.770700637
3905 1.770700637
3905 1.770700637
3905 0
3905 3.083688409
3905 0
3905 0
3905 0
3905 0
3905 3.802058175
3905 3.802058175
3905 3.802058175
3905 0
3905 0
3905 1.236486486
3905 1.236486486
3905 0
3905 0
3905 0
3905 0
3905 0
3905 0
3905 14.38356164
3905 23.33333333
3959 0
3959 21.90574753
3959 21.90574753
3959 21.90574753
3959 21.90574753
3959 0
3959 6.26892144
3959 6.079396672
3959 6.079396672
3959 6.079396672
3959 6.079396672
3959 1.770700637
3959 1.770700637
3959 1.770700637
3959 1.770700637
3959 1.770700637
3959 0
3959 3.083688409
3959 0
3959 0
3959 0
3959 0
3959 3.802058175
3959 3.802058175
3959 3.802058175
3959 0
3959 0
3959 1.236486486
3959 1.236486486
3959 0
3959 0
3959 0
3959 0
3959 0
3959 0
3959 14.38356164
3959 23.33333333
4019 0
4019 21.90574753
4019 21.90574753
4019 21.90574753
4019 21.90574753
4019 0
4019 6.26892144
4019 6.079396672
4019 6.079396672
4019 6.079396672
4019 6.079396672
4019 1.770700637
4019 1.770700637
4019 1.770700637
4019 1.770700637
4019 1.770700637
4019 0
4019 3.083688409
4019 0
4019 0
4019 0
4019 0
4019 3.802058175
4019 3.802058175
4019 3.802058175
4019 0
4019 0
4019 1.236486486
4019 1.236486486
4019 0
4019 0
4019 0
4019 0
4019 0
4019 0
4019 14.38356164
4019 23.33333333
4070 0
4070 21.90574753
4070 21.90574753
4070 21.90574753
4070 21.90574753
4070 0
4070 6.26892144
4070 6.079396672
4070 6.079396672
4070 6.079396672
4070 6.079396672
4070 1.770700637
4070 1.770700637
4070 1.770700637
4070 1.770700637
4070 1.770700637
4070 0
4070 3.083688409
4070 0
4070 0
4070 0
4070 0
4070 3.802058175
4070 3.802058175
4070 3.802058175
4070 0
4070 0
4070 1.236486486
4070 1.236486486
4070 0
4070 0
4070 0
4070 0
4070 0
4070 0
4070 14.38356164
4070 23.33333333
4115 0
4115 21.90574753
4115 21.90574753
4115 21.90574753
4115 21.90574753
4115 0
4115 6.26892144
4115 6.079396672
4115 6.079396672
4115 6.079396672
4115 6.079396672
4115 1.770700637
4115 1.770700637
4115 1.770700637
4115 1.770700637
4115 1.770700637
4115 0
4115 3.083688409
4115 0
4115 0
4115 0
4115 0
4115 3.802058175
4115 3.802058175
4115 3.802058175
4115 0
4115 0
4115 1.236486486
4115 1.236486486
4115 0
4115 0
4115 0
4115 0
4115 0
4115 0
4115 14.38356164
4115 23.33333333
4158 0
4158 21.90574753
4158 21.90574753
4158 21.90574753
4158 21.90574753
4158 0
4158 6.26892144
4158 6.079396672
4158 6.079396672
4158 6.079396672
4158 6.079396672
4158 1.770700637
4158 1.770700637
4158 1.770700637
4158 1.770700637
4158 1.770700637
4158 0
4158 3.083688409
4158 0
4158 0
4158 0
4158 0
4158 3.802058175
4158 3.802058175
4158 3.802058175
4158 0
4158 0
4158 1.236486486
4158 1.236486486
4158 0
4158 0
4158 0
4158 0
4158 0
4158 0
4158 14.38356164
4158 23.33333333
4020 0
4020 21.90574753
4020 21.90574753
4020 21.90574753
4020 21.90574753
4020 0
4020 6.26892144
4020 6.079396672
4020 6.079396672
4020 6.079396672
4020 6.079396672
4020 1.770700637
4020 1.770700637
4020 1.770700637
4020 1.770700637
4020 1.770700637
4020 0
4020 3.083688409
4020 0
4020 0
4020 0
4020 0
4020 3.802058175
4020 3.802058175
4020 3.802058175
4020 0
4020 0
4020 1.236486486
4020 1.236486486
4020 0
4020 0
4020 0
4020 0
4020 0
4020 0
4020 14.38356164
4020 23.33333333
