pt_graph scale
2519 0
2519 722.88966849
2519 722.88966849
2519 722.88966849
2519 722.88966849
2519 0
2519 206.87440752
2519 200.620090176
2519 200.620090176
2519 200.620090176
2519 200.620090176
2519 58.433121021
2519 58.433121021
2519 58.433121021
2519 58.433121021
2519 58.433121021
2519 0
2519 101.761717497
2519 0
2519 0
2519 0
2519 0
2519 125.467919775
2519 125.467919775
2519 125.467919775
2519 0
2519 0
2519 40.804054038
2519 40.804054038
2519 0
2519 0
2519 0
2519 0
2519 0
2519 0
2519 474.65753412
2519 769.99999989
2610 0
2610 722.88966849
2610 722.88966849
2610 722.88966849
2610 722.88966849
2610 0
2610 206.87440752
2610 200.620090176
2610 200.620090176
2610 200.620090176
2610 200.620090176
2610 58.433121021
2610 58.433121021
2610 58.433121021
2610 58.433121021
2610 58.433121021
2610 0
2610 101.761717497
2610 0
2610 0
2610 0
2610 0
2610 125.467919775
2610 125.467919775
2610 125.467919775
2610 0
2610 0
2610 40.804054038
2610 40.804054038
2610 0
2610 0
2610 0
2610 0
2610 0
2610 0
2610 474.65753412
2610 769.99999989
2520 0
2520 722.88966849
2520 722.88966849
2520 722.88966849
2520 722.88966849
2520 0
2520 206.87440752
2520 200.620090176
2520 200.620090176
2520 200.620090176
2520 200.620090176
2520 58.433121021
2520 58.433121021
2520 58.433121021
2520 58.433121021
2520 58.433121021
2520 0
2520 101.761717497
2520 0
2520 0
2520 0
2520 0
2520 125.467919775
2520 125.467919775
2520 125.467919775
2520 0
2520 0
2520 40.804054038
2520 40.804054038
2520 0
2520 0
2520 0
2520 0
2520 0
2520 0
2520 474.65753412
2520 769.99999989
2611 0
2611 722.88966849
2611 722.88966849
2611 722.88966849
2611 722.88966849
2611 0
2611 206.87440752
2611 200.620090176
2611 200.620090176
2611 200.620090176
2611 200.620090176
2611 58.433121021
2611 58.433121021
2611 58.433121021
2611 58.433121021
2611 58.433121021
2611 0
2611 101.761717497
2611 0
2611 0
2611 0
2611 0
2611 125.467919775
2611 125.467919775
2611 125.467919775
2611 0
2611 0
2611 40.804054038
2611 40.804054038
2611 0
2611 0
2611 0
2611 0
2611 0
2611 0
2611 474.65753412
2611 769.99999989
2704 0
2704 722.88966849
2704 722.88966849
2704 722.88966849
2704 722.88966849
2704 0
2704 206.87440752
2704 200.620090176
2704 200.620090176
2704 200.620090176
2704 200.620090176
2704 58.433121021
2704 58.433121021
2704 58.433121021
2704 58.433121021
2704 58.433121021
2704 0
2704 101.761717497
2704 0
2704 0
2704 0
2704 0
2704 125.467919775
2704 125.467919775
2704 125.467919775
2704 0
2704 0
2704 40.804054038
2704 40.804054038
2704 0
2704 0
2704 0
2704 0
2704 0
2704 0
2704 474.65753412
2704 769.99999989
2798 0
2798 722.88966849
2798 722.88966849
2798 722.88966849
2798 722.88966849
2798 0
2798 206.87440752
2798 200.620090176
2798 200.620090176
2798 200.620090176
2798 200.620090176
2798 58.433121021
2798 58.433121021
2798 58.433121021
2798 58.433121021
2798 58.433121021
2798 0
2798 101.761717497
2798 0
2798 0
2798 0
2798 0
2798 125.467919775
2798 125.467919775
2798 125.467919775
2798 0
2798 0
2798 40.804054038
2798 40.804054038
2798 0
2798 0
2798 0
2798 0
2798 0
2798 0
2798 474.65753412
2798 769.99999989
2521 0
2521 722.88966849
2521 722.88966849
2521 722.88966849
2521 722.88966849
2521 0
2521 206.87440752
2521 200.620090176
2521 200.620090176
2521 200.620090176
2521 200.620090176
2521 58.433121021
2521 58.433121021
2521 58.433121021
2521 58.433121021
2521 58.433121021
2521 0
2521 101.761717497
2521 0
2521 0
2521 0
2521 0
2521 125.467919775
2521 125.467919775
2521 125.467919775
2521 0
2521 0
2521 40.804054038
2521 40.804054038
2521 0
2521 0
2521 0
2521 0
2521 0
2521 0
2521 474.65753412
2521 769.99999989
2612 0
2612 722.88966849
2612 722.88966849
2612 722.88966849
2612 722.88966849
2612 0
2612 206.87440752
2612 200.620090176
2612 200.620090176
2612 200.620090176
2612 200.620090176
2612 58.433121021
2612 58.433121021
2612 58.433121021
2612 58.433121021
2612 58.433121021
2612 0
2612 101.761717497
2612 0
2612 0
2612 0
2612 0
2612 125.467919775
2612 125.467919775
2612 125.467919775
2612 0
2612 0
2612 40.804054038
2612 40.804054038
2612 0
2612 0
2612 0
2612 0
2612 0
2612 0
2612 474.65753412
2612 769.99999989
2705 0
2705 722.88966849
2705 722.88966849
2705 722.88966849
2705 722.88966849
2705 0
2705 206.87440752
2705 200.620090176
2705 200.620090176
2705 200.620090176
2705 200.620090176
2705 58.433121021
2705 58.433121021
2705 58.433121021
2705 58.433121021
2705 58.433121021
2705 0
2705 101.761717497
2705 0
2705 0
2705 0
2705 0
2705 125.467919775
2705 125.467919775
2705 125.467919775
2705 0
2705 0
2705 40.804054038
2705 40.804054038
2705 0
2705 0
2705 0
2705 0
2705 0
2705 0
2705 474.65753412
2705 769.99999989
2799 0
2799 722.88966849
2799 722.88966849
2799 722.88966849
2799 722.88966849
2799 0
2799 206.87440752
2799 200.620090176
2799 200.620090176
2799 200.620090176
2799 200.620090176
2799 58.433121021
2799 58.433121021
2799 58.433121021
2799 58.433121021
2799 58.433121021
2799 0
2799 101.761717497
2799 0
2799 0
2799 0
2799 0
2799 125.467919775
2799 125.467919775
2799 125.467919775
2799 0
2799 0
2799 40.804054038
2799 40.804054038
2799 0
2799 0
2799 0
2799 0
2799 0
2799 0
2799 474.65753412
2799 769.99999989
2895 0
2895 722.88966849
2895 722.88966849
2895 722.88966849
2895 722.88966849
2895 0
2895 206.87440752
2895 200.620090176
2895 200.620090176
2895 200.620090176
2895 200.620090176
2895 58.433121021
2895 58.433121021
2895 58.433121021
2895 58.433121021
2895 58.433121021
2895 0
2895 101.761717497
2895 0
2895 0
2895 0
2895 0
2895 125.467919775
2895 125.467919775
2895 125.467919775
2895 0
2895 0
2895 40.804054038
2895 40.804054038
2895 0
2895 0
2895 0
2895 0
2895 0
2895 0
2895 474.65753412
2895 769.99999989
2984 0
2984 722.88966849
2984 722.88966849
2984 722.88966849
2984 722.88966849
2984 0
2984 206.87440752
2984 200.620090176
2984 200.620090176
2984 200.620090176
2984 200.620090176
2984 58.433121021
2984 58.433121021
2984 58.433121021
2984 58.433121021
2984 58.433121021
2984 0
2984 101.761717497
2984 0
2984 0
2984 0
2984 0
2984 125.467919775
2984 125.467919775
2984 125.467919775
2984 0
2984 0
2984 40.804054038
2984 40.804054038
2984 0
2984 0
2984 0
2984 0
2984 0
2984 0
2984 474.65753412
2984 769.99999989
2522 0
2522 722.88966849
2522 722.88966849
2522 722.88966849
2522 722.88966849
2522 0
2522 206.87440752
2522 200.620090176
2522 200.620090176
2522 200.620090176
2522 200.620090176
2522 58.433121021
2522 58.433121021
2522 58.433121021
2522 58.433121021
2522 58.433121021
2522 0
2522 101.761717497
2522 0
2522 0
2522 0
2522 0
2522 125.467919775
2522 125.467919775
2522 125.467919775
2522 0
2522 0
2522 40.804054038
2522 40.804054038
2522 0
2522 0
2522 0
2522 0
2522 0
2522 0
2522 474.65753412
2522 769.99999989
2613 0
2613 722.88966849
2613 722.88966849
2613 722.88966849
2613 722.88966849
2613 0
2613 206.87440752
2613 200.620090176
2613 200.620090176
2613 200.620090176
2613 200.620090176
2613 58.433121021
2613 58.433121021
2613 58.433121021
2613 58.433121021
2613 58.433121021
2613 0
2613 101.761717497
2613 0
2613 0
2613 0
2613 0
2613 125.467919775
2613 125.467919775
2613 125.467919775
2613 0
2613 0
2613 40.804054038
2613 40.804054038
2613 0
2613 0
2613 0
2613 0
2613 0
2613 0
2613 474.65753412
2613 769.99999989
2706 0
2706 722.88966849
2706 722.88966849
2706 722.88966849
2706 722.88966849
2706 0
2706 206.87440752
2706 200.620090176
2706 200.620090176
2706 200.620090176
2706 200.620090176
2706 58.433121021
2706 58.433121021
2706 58.433121021
2706 58.433121021
2706 58.433121021
2706 0
2706 101.761717497
2706 0
2706 0
2706 0
2706 0
2706 125.467919775
2706 125.467919775
2706 125.467919775
2706 0
2706 0
2706 40.804054038
2706 40.804054038
2706 0
2706 0
2706 0
2706 0
2706 0
2706 0
2706 474.65753412
2706 769.99999989
2800 0
2800 722.88966849
2800 722.88966849
2800 722.88966849
2800 722.88966849
2800 0
2800 206.87440752
2800 200.620090176
2800 200.620090176
2800 200.620090176
2800 200.620090176
2800 58.433121021
2800 58.433121021
2800 58.433121021
2800 58.433121021
2800 58.433121021
2800 0
2800 101.761717497
2800 0
2800 0
2800 0
2800 0
2800 125.467919775
2800 125.467919775
2800 125.467919775
2800 0
2800 0
2800 40.804054038
2800 40.804054038
2800 0
2800 0
2800 0
2800 0
2800 0
2800 0
2800 474.65753412
2800 769.99999989
2896 0
2896 722.88966849
2896 722.88966849
2896 722.88966849
2896 722.88966849
2896 0
2896 206.87440752
2896 200.620090176
2896 200.620090176
2896 200.620090176
2896 200.620090176
2896 58.433121021
2896 58.433121021
2896 58.433121021
2896 58.433121021
2896 58.433121021
2896 0
2896 101.761717497
2896 0
2896 0
2896 0
2896 0
2896 125.467919775
2896 125.467919775
2896 125.467919775
2896 0
2896 0
2896 40.804054038
2896 40.804054038
2896 0
2896 0
2896 0
2896 0
2896 0
2896 0
2896 474.65753412
2896 769.99999989
2985 0
2985 722.88966849
2985 722.88966849
2985 722.88966849
2985 722.88966849
2985 0
2985 206.87440752
2985 200.620090176
2985 200.620090176
2985 200.620090176
2985 200.620090176
2985 58.433121021
2985 58.433121021
2985 58.433121021
2985 58.433121021
2985 58.433121021
2985 0
2985 101.761717497
2985 0
2985 0
2985 0
2985 0
2985 125.467919775
2985 125.467919775
2985 125.467919775
2985 0
2985 0
2985 40.804054038
2985 40.804054038
2985 0
2985 0
2985 0
2985 0
2985 0
2985 0
2985 474.65753412
2985 769.99999989
2343 0
2343 722.88966849
2343 722.88966849
2343 722.88966849
2343 722.88966849
2343 0
2343 206.87440752
2343 200.620090176
2343 200.620090176
2343 200.620090176
2343 200.620090176
2343 58.433121021
2343 58.433121021
2343 58.433121021
2343 58.433121021
2343 58.433121021
2343 0
2343 101.761717497
2343 0
2343 0
2343 0
2343 0
2343 125.467919775
2343 125.467919775
2343 125.467919775
2343 0
2343 0
2343 40.804054038
2343 40.804054038
2343 0
2343 0
2343 0
2343 0
2343 0
2343 0
2343 474.65753412
2343 769.99999989
2430 0
2430 722.88966849
2430 722.88966849
2430 722.88966849
2430 722.88966849
2430 0
2430 206.87440752
2430 200.620090176
2430 200.620090176
2430 200.620090176
2430 200.620090176
2430 58.433121021
2430 58.433121021
2430 58.433121021
2430 58.433121021
2430 58.433121021
2430 0
2430 101.761717497
2430 0
2430 0
2430 0
2430 0
2430 125.467919775
2430 125.467919775
2430 125.467919775
2430 0
2430 0
2430 40.804054038
2430 40.804054038
2430 0
2430 0
2430 0
2430 0
2430 0
2430 0
2430 474.65753412
2430 769.99999989
2523 0
2523 722.88966849
2523 722.88966849
2523 722.88966849
2523 722.88966849
2523 0
2523 206.87440752
2523 200.620090176
2523 200.620090176
2523 200.620090176
2523 200.620090176
2523 58.433121021
2523 58.433121021
2523 58.433121021
2523 58.433121021
2523 58.433121021
2523 0
2523 101.761717497
2523 0
2523 0
2523 0
2523 0
2523 125.467919775
2523 125.467919775
2523 125.467919775
2523 0
2523 0
2523 40.804054038
2523 40.804054038
2523 0
2523 0
2523 0
2523 0
2523 0
2523 0
2523 474.65753412
2523 769.99999989
2614 0
2614 722.88966849
2614 722.88966849
2614 722.88966849
2614 722.88966849
2614 0
2614 206.87440752
2614 200.620090176
2614 200.620090176
2614 200.620090176
2614 200.620090176
2614 58.433121021
2614 58.433121021
2614 58.433121021
2614 58.433121021
2614 58.433121021
2614 0
2614 101.761717497
2614 0
2614 0
2614 0
2614 0
2614 125.467919775
2614 125.467919775
2614 125.467919775
2614 0
2614 0
2614 40.804054038
2614 40.804054038
2614 0
2614 0
2614 0
2614 0
2614 0
2614 0
2614 474.65753412
2614 769.99999989
2707 0
2707 722.88966849
2707 722.88966849
2707 722.88966849
2707 722.88966849
2707 0
2707 206.87440752
2707 200.620090176
2707 200.620090176
2707 200.620090176
2707 200.620090176
2707 58.433121021
2707 58.433121021
2707 58.433121021
2707 58.433121021
2707 58.433121021
2707 0
2707 101.761717497
2707 0
2707 0
2707 0
2707 0
2707 125.467919775
2707 125.467919775
2707 125.467919775
2707 0
2707 0
2707 40.804054038
2707 40.804054038
2707 0
2707 0
2707 0
2707 0
2707 0
2707 0
2707 474.65753412
2707 769.99999989
2801 0
2801 722.88966849
2801 722.88966849
2801 722.88966849
2801 722.88966849
2801 0
2801 206.87440752
2801 200.620090176
2801 200.620090176
2801 200.620090176
2801 200.620090176
2801 58.433121021
2801 58.433121021
2801 58.433121021
2801 58.433121021
2801 58.433121021
2801 0
2801 101.761717497
2801 0
2801 0
2801 0
2801 0
2801 125.467919775
2801 125.467919775
2801 125.467919775
2801 0
2801 0
2801 40.804054038
2801 40.804054038
2801 0
2801 0
2801 0
2801 0
2801 0
2801 0
2801 474.65753412
2801 769.99999989
2897 0
2897 722.88966849
2897 722.88966849
2897 722.88966849
2897 722.88966849
2897 0
2897 206.87440752
2897 200.620090176
2897 200.620090176
2897 200.620090176
2897 200.620090176
2897 58.433121021
2897 58.433121021
2897 58.433121021
2897 58.433121021
2897 58.433121021
2897 0
2897 101.761717497
2897 0
2897 0
2897 0
2897 0
2897 125.467919775
2897 125.467919775
2897 125.467919775
2897 0
2897 0
2897 40.804054038
2897 40.804054038
2897 0
2897 0
2897 0
2897 0
2897 0
2897 0
2897 474.65753412
2897 769.99999989
2986 0
2986 722.88966849
2986 722.88966849
2986 722.88966849
2986 722.88966849
2986 0
2986 206.87440752
2986 200.620090176
2986 200.620090176
2986 200.620090176
2986 200.620090176
2986 58.433121021
2986 58.433121021
2986 58.433121021
2986 58.433121021
2986 58.433121021
2986 0
2986 101.761717497
2986 0
2986 0
2986 0
2986 0
2986 125.467919775
2986 125.467919775
2986 125.467919775
2986 0
2986 0
2986 40.804054038
2986 40.804054038
2986 0
2986 0
2986 0
2986 0
2986 0
2986 0
2986 474.65753412
2986 769.99999989
3077 0
3077 722.88966849
3077 722.88966849
3077 722.88966849
3077 722.88966849
3077 0
3077 206.87440752
3077 200.620090176
3077 200.620090176
3077 200.620090176
3077 200.620090176
3077 58.433121021
3077 58.433121021
3077 58.433121021
3077 58.433121021
3077 58.433121021
3077 0
3077 101.761717497
3077 0
3077 0
3077 0
3077 0
3077 125.467919775
3077 125.467919775
3077 125.467919775
3077 0
3077 0
3077 40.804054038
3077 40.804054038
3077 0
3077 0
3077 0
3077 0
3077 0
3077 0
3077 474.65753412
3077 769.99999989
2431 0
2431 722.88966849
2431 722.88966849
2431 722.88966849
2431 722.88966849
2431 0
2431 206.87440752
2431 200.620090176
2431 200.620090176
2431 200.620090176
2431 200.620090176
2431 58.433121021
2431 58.433121021
2431 58.433121021
2431 58.433121021
2431 58.433121021
2431 0
2431 101.761717497
2431 0
2431 0
2431 0
2431 0
2431 125.467919775
2431 125.467919775
2431 125.467919775
2431 0
2431 0
2431 40.804054038
2431 40.804054038
2431 0
2431 0
2431 0
2431 0
2431 0
2431 0
2431 474.65753412
2431 769.99999989
2524 0
2524 722.88966849
2524 722.88966849
2524 722.88966849
2524 722.88966849
2524 0
2524 206.87440752
2524 200.620090176
2524 200.620090176
2524 200.620090176
2524 200.620090176
2524 58.433121021
2524 58.433121021
2524 58.433121021
2524 58.433121021
2524 58.433121021
2524 0
2524 101.761717497
2524 0
2524 0
2524 0
2524 0
2524 125.467919775
2524 125.467919775
2524 125.467919775
2524 0
2524 0
2524 40.804054038
2524 40.804054038
2524 0
2524 0
2524 0
2524 0
2524 0
2524 0
2524 474.65753412
2524 769.99999989
2615 0
2615 722.88966849
2615 722.88966849
2615 722.88966849
2615 722.88966849
2615 0
2615 206.87440752
2615 200.620090176
2615 200.620090176
2615 200.620090176
2615 200.620090176
2615 58.433121021
2615 58.433121021
2615 58.433121021
2615 58.433121021
2615 58.433121021
2615 0
2615 101.761717497
2615 0
2615 0
2615 0
2615 0
2615 125.467919775
2615 125.467919775
2615 125.467919775
2615 0
2615 0
2615 40.804054038
2615 40.804054038
2615 0
2615 0
2615 0
2615 0
2615 0
2615 0
2615 474.65753412
2615 769.99999989
2708 0
2708 722.88966849
2708 722.88966849
2708 722.88966849
2708 722.88966849
2708 0
2708 206.87440752
2708 200.620090176
2708 200.620090176
2708 200.620090176
2708 200.620090176
2708 58.433121021
2708 58.433121021
2708 58.433121021
2708 58.433121021
2708 58.433121021
2708 0
2708 101.761717497
2708 0
2708 0
2708 0
2708 0
2708 125.467919775
2708 125.467919775
2708 125.467919775
2708 0
2708 0
2708 40.804054038
2708 40.804054038
2708 0
2708 0
2708 0
2708 0
2708 0
2708 0
2708 474.65753412
2708 769.99999989
2802 0
2802 722.88966849
2802 722.88966849
2802 722.88966849
2802 722.88966849
2802 0
2802 206.87440752
2802 200.620090176
2802 200.620090176
2802 200.620090176
2802 200.620090176
2802 58.433121021
2802 58.433121021
2802 58.433121021
2802 58.433121021
2802 58.433121021
2802 0
2802 101.761717497
2802 0
2802 0
2802 0
2802 0
2802 125.467919775
2802 125.467919775
2802 125.467919775
2802 0
2802 0
2802 40.804054038
2802 40.804054038
2802 0
2802 0
2802 0
2802 0
2802 0
2802 0
2802 474.65753412
2802 769.99999989
2898 0
2898 722.88966849
2898 722.88966849
2898 722.88966849
2898 722.88966849
2898 0
2898 206.87440752
2898 200.620090176
2898 200.620090176
2898 200.620090176
2898 200.620090176
2898 58.433121021
2898 58.433121021
2898 58.433121021
2898 58.433121021
2898 58.433121021
2898 0
2898 101.761717497
2898 0
2898 0
2898 0
2898 0
2898 125.467919775
2898 125.467919775
2898 125.467919775
2898 0
2898 0
2898 40.804054038
2898 40.804054038
2898 0
2898 0
2898 0
2898 0
2898 0
2898 0
2898 474.65753412
2898 769.99999989
3078 0
3078 722.88966849
3078 722.88966849
3078 722.88966849
3078 722.88966849
3078 0
3078 206.87440752
3078 200.620090176
3078 200.620090176
3078 200.620090176
3078 200.620090176
3078 58.433121021
3078 58.433121021
3078 58.433121021
3078 58.433121021
3078 58.433121021
3078 0
3078 101.761717497
3078 0
3078 0
3078 0
3078 0
3078 125.467919775
3078 125.467919775
3078 125.467919775
3078 0
3078 0
3078 40.804054038
3078 40.804054038
3078 0
3078 0
3078 0
3078 0
3078 0
3078 0
3078 474.65753412
3078 769.99999989
37113 0
37113 722.88966849
37113 722.88966849
37113 722.88966849
37113 722.88966849
37113 0
37113 206.87440752
37113 200.620090176
37113 200.620090176
37113 200.620090176
37113 200.620090176
37113 58.433121021
37113 58.433121021
37113 58.433121021
37113 58.433121021
37113 58.433121021
37113 0
37113 101.761717497
37113 0
37113 0
37113 0
37113 0
37113 125.467919775
37113 125.467919775
37113 125.467919775
37113 0
37113 0
37113 40.804054038
37113 40.804054038
37113 0
37113 0
37113 0
37113 0
37113 0
37113 0
37113 474.65753412
37113 769.99999989
2179 0
2179 722.88966849
2179 722.88966849
2179 722.88966849
2179 722.88966849
2179 0
2179 206.87440752
2179 200.620090176
2179 200.620090176
2179 200.620090176
2179 200.620090176
2179 58.433121021
2179 58.433121021
2179 58.433121021
2179 58.433121021
2179 58.433121021
2179 0
2179 101.761717497
2179 0
2179 0
2179 0
2179 0
2179 125.467919775
2179 125.467919775
2179 125.467919775
2179 0
2179 0
2179 40.804054038
2179 40.804054038
2179 0
2179 0
2179 0
2179 0
2179 0
2179 0
2179 474.65753412
2179 769.99999989
2344 0
2344 722.88966849
2344 722.88966849
2344 722.88966849
2344 722.88966849
2344 0
2344 206.87440752
2344 200.620090176
2344 200.620090176
2344 200.620090176
2344 200.620090176
2344 58.433121021
2344 58.433121021
2344 58.433121021
2344 58.433121021
2344 58.433121021
2344 0
2344 101.761717497
2344 0
2344 0
2344 0
2344 0
2344 125.467919775
2344 125.467919775
2344 125.467919775
2344 0
2344 0
2344 40.804054038
2344 40.804054038
2344 0
2344 0
2344 0
2344 0
2344 0
2344 0
2344 474.65753412
2344 769.99999989
2432 0
2432 722.88966849
2432 722.88966849
2432 722.88966849
2432 722.88966849
2432 0
2432 206.87440752
2432 200.620090176
2432 200.620090176
2432 200.620090176
2432 200.620090176
2432 58.433121021
2432 58.433121021
2432 58.433121021
2432 58.433121021
2432 58.433121021
2432 0
2432 101.761717497
2432 0
2432 0
2432 0
2432 0
2432 125.467919775
2432 125.467919775
2432 125.467919775
2432 0
2432 0
2432 40.804054038
2432 40.804054038
2432 0
2432 0
2432 0
2432 0
2432 0
2432 0
2432 474.65753412
2432 769.99999989
2525 0
2525 722.88966849
2525 722.88966849
2525 722.88966849
2525 722.88966849
2525 0
2525 206.87440752
2525 200.620090176
2525 200.620090176
2525 200.620090176
2525 200.620090176
2525 58.433121021
2525 58.433121021
2525 58.433121021
2525 58.433121021
2525 58.433121021
2525 0
2525 101.761717497
2525 0
2525 0
2525 0
2525 0
2525 125.467919775
2525 125.467919775
2525 125.467919775
2525 0
2525 0
2525 40.804054038
2525 40.804054038
2525 0
2525 0
2525 0
2525 0
2525 0
2525 0
2525 474.65753412
2525 769.99999989
2616 0
2616 722.88966849
2616 722.88966849
2616 722.88966849
2616 722.88966849
2616 0
2616 206.87440752
2616 200.620090176
2616 200.620090176
2616 200.620090176
2616 200.620090176
2616 58.433121021
2616 58.433121021
2616 58.433121021
2616 58.433121021
2616 58.433121021
2616 0
2616 101.761717497
2616 0
2616 0
2616 0
2616 0
2616 125.467919775
2616 125.467919775
2616 125.467919775
2616 0
2616 0
2616 40.804054038
2616 40.804054038
2616 0
2616 0
2616 0
2616 0
2616 0
2616 0
2616 474.65753412
2616 769.99999989
2709 0
2709 722.88966849
2709 722.88966849
2709 722.88966849
2709 722.88966849
2709 0
2709 206.87440752
2709 200.620090176
2709 200.620090176
2709 200.620090176
2709 200.620090176
2709 58.433121021
2709 58.433121021
2709 58.433121021
2709 58.433121021
2709 58.433121021
2709 0
2709 101.761717497
2709 0
2709 0
2709 0
2709 0
2709 125.467919775
2709 125.467919775
2709 125.467919775
2709 0
2709 0
2709 40.804054038
2709 40.804054038
2709 0
2709 0
2709 0
2709 0
2709 0
2709 0
2709 474.65753412
2709 769.99999989
2803 0
2803 722.88966849
2803 722.88966849
2803 722.88966849
2803 722.88966849
2803 0
2803 206.87440752
2803 200.620090176
2803 200.620090176
2803 200.620090176
2803 200.620090176
2803 58.433121021
2803 58.433121021
2803 58.433121021
2803 58.433121021
2803 58.433121021
2803 0
2803 101.761717497
2803 0
2803 0
2803 0
2803 0
2803 125.467919775
2803 125.467919775
2803 125.467919775
2803 0
2803 0
2803 40.804054038
2803 40.804054038
2803 0
2803 0
2803 0
2803 0
2803 0
2803 0
2803 474.65753412
2803 769.99999989
2899 0
2899 722.88966849
2899 722.88966849
2899 722.88966849
2899 722.88966849
2899 0
2899 206.87440752
2899 200.620090176
2899 200.620090176
2899 200.620090176
2899 200.620090176
2899 58.433121021
2899 58.433121021
2899 58.433121021
2899 58.433121021
2899 58.433121021
2899 0
2899 101.761717497
2899 0
2899 0
2899 0
2899 0
2899 125.467919775
2899 125.467919775
2899 125.467919775
2899 0
2899 0
2899 40.804054038
2899 40.804054038
2899 0
2899 0
2899 0
2899 0
2899 0
2899 0
2899 474.65753412
2899 769.99999989
2987 0
2987 722.88966849
2987 722.88966849
2987 722.88966849
2987 722.88966849
2987 0
2987 206.87440752
2987 200.620090176
2987 200.620090176
2987 200.620090176
2987 200.620090176
2987 58.433121021
2987 58.433121021
2987 58.433121021
2987 58.433121021
2987 58.433121021
2987 0
2987 101.761717497
2987 0
2987 0
2987 0
2987 0
2987 125.467919775
2987 125.467919775
2987 125.467919775
2987 0
2987 0
2987 40.804054038
2987 40.804054038
2987 0
2987 0
2987 0
2987 0
2987 0
2987 0
2987 474.65753412
2987 769.99999989
1936 0
1936 722.88966849
1936 722.88966849
1936 722.88966849
1936 722.88966849
1936 0
1936 206.87440752
1936 200.620090176
1936 200.620090176
1936 200.620090176
1936 200.620090176
1936 58.433121021
1936 58.433121021
1936 58.433121021
1936 58.433121021
1936 58.433121021
1936 0
1936 101.761717497
1936 0
1936 0
1936 0
1936 0
1936 125.467919775
1936 125.467919775
1936 125.467919775
1936 0
1936 0
1936 40.804054038
1936 40.804054038
1936 0
1936 0
1936 0
1936 0
1936 0
1936 0
1936 474.65753412
1936 769.99999989
2014 0
2014 722.88966849
2014 722.88966849
2014 722.88966849
2014 722.88966849
2014 0
2014 206.87440752
2014 200.620090176
2014 200.620090176
2014 200.620090176
2014 200.620090176
2014 58.433121021
2014 58.433121021
2014 58.433121021
2014 58.433121021
2014 58.433121021
2014 0
2014 101.761717497
2014 0
2014 0
2014 0
2014 0
2014 125.467919775
2014 125.467919775
2014 125.467919775
2014 0
2014 0
2014 40.804054038
2014 40.804054038
2014 0
2014 0
2014 0
2014 0
2014 0
2014 0
2014 474.65753412
2014 769.99999989
2094 0
2094 722.88966849
2094 722.88966849
2094 722.88966849
2094 722.88966849
2094 0
2094 206.87440752
2094 200.620090176
2094 200.620090176
2094 200.620090176
2094 200.620090176
2094 58.433121021
2094 58.433121021
2094 58.433121021
2094 58.433121021
2094 58.433121021
2094 0
2094 101.761717497
2094 0
2094 0
2094 0
2094 0
2094 125.467919775
2094 125.467919775
2094 125.467919775
2094 0
2094 0
2094 40.804054038
2094 40.804054038
2094 0
2094 0
2094 0
2094 0
2094 0
2094 0
2094 474.65753412
2094 769.99999989
2180 0
2180 722.88966849
2180 722.88966849
2180 722.88966849
2180 722.88966849
2180 0
2180 206.87440752
2180 200.620090176
2180 200.620090176
2180 200.620090176
2180 200.620090176
2180 58.433121021
2180 58.433121021
2180 58.433121021
2180 58.433121021
2180 58.433121021
2180 0
2180 101.761717497
2180 0
2180 0
2180 0
2180 0
2180 125.467919775
2180 125.467919775
2180 125.467919775
2180 0
2180 0
2180 40.804054038
2180 40.804054038
2180 0
2180 0
2180 0
2180 0
2180 0
2180 0
2180 474.65753412
2180 769.99999989
2264 0
2264 722.88966849
2264 722.88966849
2264 722.88966849
2264 722.88966849
2264 0
2264 206.87440752
2264 200.620090176
2264 200.620090176
2264 200.620090176
2264 200.620090176
2264 58.433121021
2264 58.433121021
2264 58.433121021
2264 58.433121021
2264 58.433121021
2264 0
2264 101.761717497
2264 0
2264 0
2264 0
2264 0
2264 125.467919775
2264 125.467919775
2264 125.467919775
2264 0
2264 0
2264 40.804054038
2264 40.804054038
2264 0
2264 0
2264 0
2264 0
2264 0
2264 0
2264 474.65753412
2264 769.99999989
2345 0
2345 722.88966849
2345 722.88966849
2345 722.88966849
2345 722.88966849
2345 0
2345 206.87440752
2345 200.620090176
2345 200.620090176
2345 200.620090176
2345 200.620090176
2345 58.433121021
2345 58.433121021
2345 58.433121021
2345 58.433121021
2345 58.433121021
2345 0
2345 101.761717497
2345 0
2345 0
2345 0
2345 0
2345 125.467919775
2345 125.467919775
2345 125.467919775
2345 0
2345 0
2345 40.804054038
2345 40.804054038
2345 0
2345 0
2345 0
2345 0
2345 0
2345 0
2345 474.65753412
2345 769.99999989
2433 0
2433 722.88966849
2433 722.88966849
2433 722.88966849
2433 722.88966849
2433 0
2433 206.87440752
2433 200.620090176
2433 200.620090176
2433 200.620090176
2433 200.620090176
2433 58.433121021
2433 58.433121021
2433 58.433121021
2433 58.433121021
2433 58.433121021
2433 0
2433 101.761717497
2433 0
2433 0
2433 0
2433 0
2433 125.467919775
2433 125.467919775
2433 125.467919775
2433 0
2433 0
2433 40.804054038
2433 40.804054038
2433 0
2433 0
2433 0
2433 0
2433 0
2433 0
2433 474.65753412
2433 769.99999989
2526 0
2526 722.88966849
2526 722.88966849
2526 722.88966849
2526 722.88966849
2526 0
2526 206.87440752
2526 200.620090176
2526 200.620090176
2526 200.620090176
2526 200.620090176
2526 58.433121021
2526 58.433121021
2526 58.433121021
2526 58.433121021
2526 58.433121021
2526 0
2526 101.761717497
2526 0
2526 0
2526 0
2526 0
2526 125.467919775
2526 125.467919775
2526 125.467919775
2526 0
2526 0
2526 40.804054038
2526 40.804054038
2526 0
2526 0
2526 0
2526 0
2526 0
2526 0
2526 474.65753412
2526 769.99999989
2617 0
2617 722.88966849
2617 722.88966849
2617 722.88966849
2617 722.88966849
2617 0
2617 206.87440752
2617 200.620090176
2617 200.620090176
2617 200.620090176
2617 200.620090176
2617 58.433121021
2617 58.433121021
2617 58.433121021
2617 58.433121021
2617 58.433121021
2617 0
2617 101.761717497
2617 0
2617 0
2617 0
2617 0
2617 125.467919775
2617 125.467919775
2617 125.467919775
2617 0
2617 0
2617 40.804054038
2617 40.804054038
2617 0
2617 0
2617 0
2617 0
2617 0
2617 0
2617 474.65753412
2617 769.99999989
2710 0
2710 722.88966849
2710 722.88966849
2710 722.88966849
2710 722.88966849
2710 0
2710 206.87440752
2710 200.620090176
2710 200.620090176
2710 200.620090176
2710 200.620090176
2710 58.433121021
2710 58.433121021
2710 58.433121021
2710 58.433121021
2710 58.433121021
2710 0
2710 101.761717497
2710 0
2710 0
2710 0
2710 0
2710 125.467919775
2710 125.467919775
2710 125.467919775
2710 0
2710 0
2710 40.804054038
2710 40.804054038
2710 0
2710 0
2710 0
2710 0
2710 0
2710 0
2710 474.65753412
2710 769.99999989
2804 0
2804 722.88966849
2804 722.88966849
2804 722.88966849
2804 722.88966849
2804 0
2804 206.87440752
2804 200.620090176
2804 200.620090176
2804 200.620090176
2804 200.620090176
2804 58.433121021
2804 58.433121021
2804 58.433121021
2804 58.433121021
2804 58.433121021
2804 0
2804 101.761717497
2804 0
2804 0
2804 0
2804 0
2804 125.467919775
2804 125.467919775
2804 125.467919775
2804 0
2804 0
2804 40.804054038
2804 40.804054038
2804 0
2804 0
2804 0
2804 0
2804 0
2804 0
2804 474.65753412
2804 769.99999989
2900 0
2900 722.88966849
2900 722.88966849
2900 722.88966849
2900 722.88966849
2900 0
2900 206.87440752
2900 200.620090176
2900 200.620090176
2900 200.620090176
2900 200.620090176
2900 58.433121021
2900 58.433121021
2900 58.433121021
2900 58.433121021
2900 58.433121021
2900 0
2900 101.761717497
2900 0
2900 0
2900 0
2900 0
2900 125.467919775
2900 125.467919775
2900 125.467919775
2900 0
2900 0
2900 40.804054038
2900 40.804054038
2900 0
2900 0
2900 0
2900 0
2900 0
2900 0
2900 474.65753412
2900 769.99999989
2988 0
2988 722.88966849
2988 722.88966849
2988 722.88966849
2988 722.88966849
2988 0
2988 206.87440752
2988 200.620090176
2988 200.620090176
2988 200.620090176
2988 200.620090176
2988 58.433121021
2988 58.433121021
2988 58.433121021
2988 58.433121021
2988 58.433121021
2988 0
2988 101.761717497
2988 0
2988 0
2988 0
2988 0
2988 125.467919775
2988 125.467919775
2988 125.467919775
2988 0
2988 0
2988 40.804054038
2988 40.804054038
2988 0
2988 0
2988 0
2988 0
2988 0
2988 0
2988 474.65753412
2988 769.99999989
1741 0
1741 722.88966849
1741 722.88966849
1741 722.88966849
1741 722.88966849
1741 0
1741 206.87440752
1741 200.620090176
1741 200.620090176
1741 200.620090176
1741 200.620090176
1741 58.433121021
1741 58.433121021
1741 58.433121021
1741 58.433121021
1741 58.433121021
1741 0
1741 101.761717497
1741 0
1741 0
1741 0
1741 0
1741 125.467919775
1741 125.467919775
1741 125.467919775
1741 0
1741 0
1741 40.804054038
1741 40.804054038
1741 0
1741 0
1741 0
1741 0
1741 0
1741 0
1741 474.65753412
1741 769.99999989
1798 0
1798 722.88966849
1798 722.88966849
1798 722.88966849
1798 722.88966849
1798 0
1798 206.87440752
1798 200.620090176
1798 200.620090176
1798 200.620090176
1798 200.620090176
1798 58.433121021
1798 58.433121021
1798 58.433121021
1798 58.433121021
1798 58.433121021
1798 0
1798 101.761717497
1798 0
1798 0
1798 0
1798 0
1798 125.467919775
1798 125.467919775
1798 125.467919775
1798 0
1798 0
1798 40.804054038
1798 40.804054038
1798 0
1798 0
1798 0
1798 0
1798 0
1798 0
1798 474.65753412
1798 769.99999989
1867 0
1867 722.88966849
1867 722.88966849
1867 722.88966849
1867 722.88966849
1867 0
1867 206.87440752
1867 200.620090176
1867 200.620090176
1867 200.620090176
1867 200.620090176
1867 58.433121021
1867 58.433121021
1867 58.433121021
1867 58.433121021
1867 58.433121021
1867 0
1867 101.761717497
1867 0
1867 0
1867 0
1867 0
1867 125.467919775
1867 125.467919775
1867 125.467919775
1867 0
1867 0
1867 40.804054038
1867 40.804054038
1867 0
1867 0
1867 0
1867 0
1867 0
1867 0
1867 474.65753412
1867 769.99999989
1937 0
1937 722.88966849
1937 722.88966849
1937 722.88966849
1937 722.88966849
1937 0
1937 206.87440752
1937 200.620090176
1937 200.620090176
1937 200.620090176
1937 200.620090176
1937 58.433121021
1937 58.433121021
1937 58.433121021
1937 58.433121021
1937 58.433121021
1937 0
1937 101.761717497
1937 0
1937 0
1937 0
1937 0
1937 125.467919775
1937 125.467919775
1937 125.467919775
1937 0
1937 0
1937 40.804054038
1937 40.804054038
1937 0
1937 0
1937 0
1937 0
1937 0
1937 0
1937 474.65753412
1937 769.99999989
2015 0
2015 722.88966849
2015 722.88966849
2015 722.88966849
2015 722.88966849
2015 0
2015 206.87440752
2015 200.620090176
2015 200.620090176
2015 200.620090176
2015 200.620090176
2015 58.433121021
2015 58.433121021
2015 58.433121021
2015 58.433121021
2015 58.433121021
2015 0
2015 101.761717497
2015 0
2015 0
2015 0
2015 0
2015 125.467919775
2015 125.467919775
2015 125.467919775
2015 0
2015 0
2015 40.804054038
2015 40.804054038
2015 0
2015 0
2015 0
2015 0
2015 0
2015 0
2015 474.65753412
2015 769.99999989
2095 0
2095 722.88966849
2095 722.88966849
2095 722.88966849
2095 722.88966849
2095 0
2095 206.87440752
2095 200.620090176
2095 200.620090176
2095 200.620090176
2095 200.620090176
2095 58.433121021
2095 58.433121021
2095 58.433121021
2095 58.433121021
2095 58.433121021
2095 0
2095 101.761717497
2095 0
2095 0
2095 0
2095 0
2095 125.467919775
2095 125.467919775
2095 125.467919775
2095 0
2095 0
2095 40.804054038
2095 40.804054038
2095 0
2095 0
2095 0
2095 0
2095 0
2095 0
2095 474.65753412
2095 769.99999989
2181 0
2181 722.88966849
2181 722.88966849
2181 722.88966849
2181 722.88966849
2181 0
2181 206.87440752
2181 200.620090176
2181 200.620090176
2181 200.620090176
2181 200.620090176
2181 58.433121021
2181 58.433121021
2181 58.433121021
2181 58.433121021
2181 58.433121021
2181 0
2181 101.761717497
2181 0
2181 0
2181 0
2181 0
2181 125.467919775
2181 125.467919775
2181 125.467919775
2181 0
2181 0
2181 40.804054038
2181 40.804054038
2181 0
2181 0
2181 0
2181 0
2181 0
2181 0
2181 474.65753412
2181 769.99999989
2265 0
2265 722.88966849
2265 722.88966849
2265 722.88966849
2265 722.88966849
2265 0
2265 206.87440752
2265 200.620090176
2265 200.620090176
2265 200.620090176
2265 200.620090176
2265 58.433121021
2265 58.433121021
2265 58.433121021
2265 58.433121021
2265 58.433121021
2265 0
2265 101.761717497
2265 0
2265 0
2265 0
2265 0
2265 125.467919775
2265 125.467919775
2265 125.467919775
2265 0
2265 0
2265 40.804054038
2265 40.804054038
2265 0
2265 0
2265 0
2265 0
2265 0
2265 0
2265 474.65753412
2265 769.99999989
2346 0
2346 722.88966849
2346 722.88966849
2346 722.88966849
2346 722.88966849
2346 0
2346 206.87440752
2346 200.620090176
2346 200.620090176
2346 200.620090176
2346 200.620090176
2346 58.433121021
2346 58.433121021
2346 58.433121021
2346 58.433121021
2346 58.433121021
2346 0
2346 101.761717497
2346 0
2346 0
2346 0
2346 0
2346 125.467919775
2346 125.467919775
2346 125.467919775
2346 0
2346 0
2346 40.804054038
2346 40.804054038
2346 0
2346 0
2346 0
2346 0
2346 0
2346 0
2346 474.65753412
2346 769.99999989
2434 0
2434 722.88966849
2434 722.88966849
2434 722.88966849
2434 722.88966849
2434 0
2434 206.87440752
2434 200.620090176
2434 200.620090176
2434 200.620090176
2434 200.620090176
2434 58.433121021
2434 58.433121021
2434 58.433121021
2434 58.433121021
2434 58.433121021
2434 0
2434 101.761717497
2434 0
2434 0
2434 0
2434 0
2434 125.467919775
2434 125.467919775
2434 125.467919775
2434 0
2434 0
2434 40.804054038
2434 40.804054038
2434 0
2434 0
2434 0
2434 0
2434 0
2434 0
2434 474.65753412
2434 769.99999989
2527 0
2527 722.88966849
2527 722.88966849
2527 722.88966849
2527 722.88966849
2527 0
2527 206.87440752
2527 200.620090176
2527 200.620090176
2527 200.620090176
2527 200.620090176
2527 58.433121021
2527 58.433121021
2527 58.433121021
2527 58.433121021
2527 58.433121021
2527 0
2527 101.761717497
2527 0
2527 0
2527 0
2527 0
2527 125.467919775
2527 125.467919775
2527 125.467919775
2527 0
2527 0
2527 40.804054038
2527 40.804054038
2527 0
2527 0
2527 0
2527 0
2527 0
2527 0
2527 474.65753412
2527 769.99999989
2618 0
2618 722.88966849
2618 722.88966849
2618 722.88966849
2618 722.88966849
2618 0
2618 206.87440752
2618 200.620090176
2618 200.620090176
2618 200.620090176
2618 200.620090176
2618 58.433121021
2618 58.433121021
2618 58.433121021
2618 58.433121021
2618 58.433121021
2618 0
2618 101.761717497
2618 0
2618 0
2618 0
2618 0
2618 125.467919775
2618 125.467919775
2618 125.467919775
2618 0
2618 0
2618 40.804054038
2618 40.804054038
2618 0
2618 0
2618 0
2618 0
2618 0
2618 0
2618 474.65753412
2618 769.99999989
2711 0
2711 722.88966849
2711 722.88966849
2711 722.88966849
2711 722.88966849
2711 0
2711 206.87440752
2711 200.620090176
2711 200.620090176
2711 200.620090176
2711 200.620090176
2711 58.433121021
2711 58.433121021
2711 58.433121021
2711 58.433121021
2711 58.433121021
2711 0
2711 101.761717497
2711 0
2711 0
2711 0
2711 0
2711 125.467919775
2711 125.467919775
2711 125.467919775
2711 0
2711 0
2711 40.804054038
2711 40.804054038
2711 0
2711 0
2711 0
2711 0
2711 0
2711 0
2711 474.65753412
2711 769.99999989
2805 0
2805 722.88966849
2805 722.88966849
2805 722.88966849
2805 722.88966849
2805 0
2805 206.87440752
2805 200.620090176
2805 200.620090176
2805 200.620090176
2805 200.620090176
2805 58.433121021
2805 58.433121021
2805 58.433121021
2805 58.433121021
2805 58.433121021
2805 0
2805 101.761717497
2805 0
2805 0
2805 0
2805 0
2805 125.467919775
2805 125.467919775
2805 125.467919775
2805 0
2805 0
2805 40.804054038
2805 40.804054038
2805 0
2805 0
2805 0
2805 0
2805 0
2805 0
2805 474.65753412
2805 769.99999989
1868 0
1868 722.88966849
1868 722.88966849
1868 722.88966849
1868 722.88966849
1868 0
1868 206.87440752
1868 200.620090176
1868 200.620090176
1868 200.620090176
1868 200.620090176
1868 58.433121021
1868 58.433121021
1868 58.433121021
1868 58.433121021
1868 58.433121021
1868 0
1868 101.761717497
1868 0
1868 0
1868 0
1868 0
1868 125.467919775
1868 125.467919775
1868 125.467919775
1868 0
1868 0
1868 40.804054038
1868 40.804054038
1868 0
1868 0
1868 0
1868 0
1868 0
1868 0
1868 474.65753412
1868 769.99999989
1938 0
1938 722.88966849
1938 722.88966849
1938 722.88966849
1938 722.88966849
1938 0
1938 206.87440752
1938 200.620090176
1938 200.620090176
1938 200.620090176
1938 200.620090176
1938 58.433121021
1938 58.433121021
1938 58.433121021
1938 58.433121021
1938 58.433121021
1938 0
1938 101.761717497
1938 0
1938 0
1938 0
1938 0
1938 125.467919775
1938 125.467919775
1938 125.467919775
1938 0
1938 0
1938 40.804054038
1938 40.804054038
1938 0
1938 0
1938 0
1938 0
1938 0
1938 0
1938 474.65753412
1938 769.99999989
2016 0
2016 722.88966849
2016 722.88966849
2016 722.88966849
2016 722.88966849
2016 0
2016 206.87440752
2016 200.620090176
2016 200.620090176
2016 200.620090176
2016 200.620090176
2016 58.433121021
2016 58.433121021
2016 58.433121021
2016 58.433121021
2016 58.433121021
2016 0
2016 101.761717497
2016 0
2016 0
2016 0
2016 0
2016 125.467919775
2016 125.467919775
2016 125.467919775
2016 0
2016 0
2016 40.804054038
2016 40.804054038
2016 0
2016 0
2016 0
2016 0
2016 0
2016 0
2016 474.65753412
2016 769.99999989
2096 0
2096 722.88966849
2096 722.88966849
2096 722.88966849
2096 722.88966849
2096 0
2096 206.87440752
2096 200.620090176
2096 200.620090176
2096 200.620090176
2096 200.620090176
2096 58.433121021
2096 58.433121021
2096 58.433121021
2096 58.433121021
2096 58.433121021
2096 0
2096 101.761717497
2096 0
2096 0
2096 0
2096 0
2096 125.467919775
2096 125.467919775
2096 125.467919775
2096 0
2096 0
2096 40.804054038
2096 40.804054038
2096 0
2096 0
2096 0
2096 0
2096 0
2096 0
2096 474.65753412
2096 769.99999989
2182 0
2182 722.88966849
2182 722.88966849
2182 722.88966849
2182 722.88966849
2182 0
2182 206.87440752
2182 200.620090176
2182 200.620090176
2182 200.620090176
2182 200.620090176
2182 58.433121021
2182 58.433121021
2182 58.433121021
2182 58.433121021
2182 58.433121021
2182 0
2182 101.761717497
2182 0
2182 0
2182 0
2182 0
2182 125.467919775
2182 125.467919775
2182 125.467919775
2182 0
2182 0
2182 40.804054038
2182 40.804054038
2182 0
2182 0
2182 0
2182 0
2182 0
2182 0
2182 474.65753412
2182 769.99999989
2266 0
2266 722.88966849
2266 722.88966849
2266 722.88966849
2266 722.88966849
2266 0
2266 206.87440752
2266 200.620090176
2266 200.620090176
2266 200.620090176
2266 200.620090176
2266 58.433121021
2266 58.433121021
2266 58.433121021
2266 58.433121021
2266 58.433121021
2266 0
2266 101.761717497
2266 0
2266 0
2266 0
2266 0
2266 125.467919775
2266 125.467919775
2266 125.467919775
2266 0
2266 0
2266 40.804054038
2266 40.804054038
2266 0
2266 0
2266 0
2266 0
2266 0
2266 0
2266 474.65753412
2266 769.99999989
2347 0
2347 722.88966849
2347 722.88966849
2347 722.88966849
2347 722.88966849
2347 0
2347 206.87440752
2347 200.620090176
2347 200.620090176
2347 200.620090176
2347 200.620090176
2347 58.433121021
2347 58.433121021
2347 58.433121021
2347 58.433121021
2347 58.433121021
2347 0
2347 101.761717497
2347 0
2347 0
2347 0
2347 0
2347 125.467919775
2347 125.467919775
2347 125.467919775
2347 0
2347 0
2347 40.804054038
2347 40.804054038
2347 0
2347 0
2347 0
2347 0
2347 0
2347 0
2347 474.65753412
2347 769.99999989
2435 0
2435 722.88966849
2435 722.88966849
2435 722.88966849
2435 722.88966849
2435 0
2435 206.87440752
2435 200.620090176
2435 200.620090176
2435 200.620090176
2435 200.620090176
2435 58.433121021
2435 58.433121021
2435 58.433121021
2435 58.433121021
2435 58.433121021
2435 0
2435 101.761717497
2435 0
2435 0
2435 0
2435 0
2435 125.467919775
2435 125.467919775
2435 125.467919775
2435 0
2435 0
2435 40.804054038
2435 40.804054038
2435 0
2435 0
2435 0
2435 0
2435 0
2435 0
2435 474.65753412
2435 769.99999989
2528 0
2528 722.88966849
2528 722.88966849
2528 722.88966849
2528 722.88966849
2528 0
2528 206.87440752
2528 200.620090176
2528 200.620090176
2528 200.620090176
2528 200.620090176
2528 58.433121021
2528 58.433121021
2528 58.433121021
2528 58.433121021
2528 58.433121021
2528 0
2528 101.761717497
2528 0
2528 0
2528 0
2528 0
2528 125.467919775
2528 125.467919775
2528 125.467919775
2528 0
2528 0
2528 40.804054038
2528 40.804054038
2528 0
2528 0
2528 0
2528 0
2528 0
2528 0
2528 474.65753412
2528 769.99999989
2619 0
2619 722.88966849
2619 722.88966849
2619 722.88966849
2619 722.88966849
2619 0
2619 206.87440752
2619 200.620090176
2619 200.620090176
2619 200.620090176
2619 200.620090176
2619 58.433121021
2619 58.433121021
2619 58.433121021
2619 58.433121021
2619 58.433121021
2619 0
2619 101.761717497
2619 0
2619 0
2619 0
2619 0
2619 125.467919775
2619 125.467919775
2619 125.467919775
2619 0
2619 0
2619 40.804054038
2619 40.804054038
2619 0
2619 0
2619 0
2619 0
2619 0
2619 0
2619 474.65753412
2619 769.99999989
