pt_graph cpue_kghour
3722 0
3722 21.9057475325292
3722 21.9057475325292
3722 21.9057475325292
3722 21.9057475325292
3722 0
3722 6.26892144014925
3722 6.07939667163037
3722 6.07939667163037
3722 6.07939667163037
3722 6.07939667163037
3722 1.77070063694268
3722 1.77070063694268
3722 1.77070063694268
3722 1.77070063694268
3722 1.77070063694268
3722 0
3722 3.08368840944549
3722 0
3722 0
3722 0
3722 0
3722 3.80205817515734
3722 3.80205817515734
3722 3.80205817515734
3722 0
3722 0
3722 1.23648648648649
3722 1.23648648648649
3722 0
3722 0
3722 0
3722 0
3722 0
3722 0
3722 0
3722 23.3333333333333
3534 0
3534 21.9057475325292
3534 21.9057475325292
3534 21.9057475325292
3534 21.9057475325292
3534 0
3534 6.26892144014925
3534 6.07939667163037
3534 6.07939667163037
3534 6.07939667163037
3534 6.07939667163037
3534 1.77070063694268
3534 1.77070063694268
3534 1.77070063694268
3534 1.77070063694268
3534 1.77070063694268
3534 0
3534 3.08368840944549
3534 0
3534 0
3534 0
3534 0
3534 3.80205817515734
3534 3.80205817515734
3534 3.80205817515734
3534 0
3534 0
3534 1.23648648648649
3534 1.23648648648649
3534 0
3534 0
3534 0
3534 0
3534 0
3534 0
3534 0
3534 23.3333333333333
3600 0
3600 21.9057475325292
3600 21.9057475325292
3600 21.9057475325292
3600 21.9057475325292
3600 0
3600 6.26892144014925
3600 6.07939667163037
3600 6.07939667163037
3600 6.07939667163037
3600 6.07939667163037
3600 1.77070063694268
3600 1.77070063694268
3600 1.77070063694268
3600 1.77070063694268
3600 1.77070063694268
3600 0
3600 3.08368840944549
3600 0
3600 0
3600 0
3600 0
3600 3.80205817515734
3600 3.80205817515734
3600 3.80205817515734
3600 0
3600 0
3600 1.23648648648649
3600 1.23648648648649
3600 0
3600 0
3600 0
3600 0
3600 0
3600 0
3600 0
3600 23.3333333333333
3664 0
3664 21.9057475325292
3664 21.9057475325292
3664 21.9057475325292
3664 21.9057475325292
3664 0
3664 6.26892144014925
3664 6.07939667163037
3664 6.07939667163037
3664 6.07939667163037
3664 6.07939667163037
3664 1.77070063694268
3664 1.77070063694268
3664 1.77070063694268
3664 1.77070063694268
3664 1.77070063694268
3664 0
3664 3.08368840944549
3664 0
3664 0
3664 0
3664 0
3664 3.80205817515734
3664 3.80205817515734
3664 3.80205817515734
3664 0
3664 0
3664 1.23648648648649
3664 1.23648648648649
3664 0
3664 0
3664 0
3664 0
3664 0
3664 0
3664 0
3664 23.3333333333333
3723 0
3723 21.9057475325292
3723 21.9057475325292
3723 21.9057475325292
3723 21.9057475325292
3723 0
3723 6.26892144014925
3723 6.07939667163037
3723 6.07939667163037
3723 6.07939667163037
3723 6.07939667163037
3723 1.77070063694268
3723 1.77070063694268
3723 1.77070063694268
3723 1.77070063694268
3723 1.77070063694268
3723 0
3723 3.08368840944549
3723 0
3723 0
3723 0
3723 0
3723 3.80205817515734
3723 3.80205817515734
3723 3.80205817515734
3723 0
3723 0
3723 1.23648648648649
3723 1.23648648648649
3723 0
3723 0
3723 0
3723 0
3723 0
3723 0
3723 0
3723 23.3333333333333
3782 0
3782 21.9057475325292
3782 21.9057475325292
3782 21.9057475325292
3782 21.9057475325292
3782 0
3782 6.26892144014925
3782 6.07939667163037
3782 6.07939667163037
3782 6.07939667163037
3782 6.07939667163037
3782 1.77070063694268
3782 1.77070063694268
3782 1.77070063694268
3782 1.77070063694268
3782 1.77070063694268
3782 0
3782 3.08368840944549
3782 0
3782 0
3782 0
3782 0
3782 3.80205817515734
3782 3.80205817515734
3782 3.80205817515734
3782 0
3782 0
3782 1.23648648648649
3782 1.23648648648649
3782 0
3782 0
3782 0
3782 0
3782 0
3782 0
3782 0
3782 23.3333333333333
3838 0
3838 21.9057475325292
3838 21.9057475325292
3838 21.9057475325292
3838 21.9057475325292
3838 0
3838 6.26892144014925
3838 6.07939667163037
3838 6.07939667163037
3838 6.07939667163037
3838 6.07939667163037
3838 1.77070063694268
3838 1.77070063694268
3838 1.77070063694268
3838 1.77070063694268
3838 1.77070063694268
3838 0
3838 3.08368840944549
3838 0
3838 0
3838 0
3838 0
3838 3.80205817515734
3838 3.80205817515734
3838 3.80205817515734
3838 0
3838 0
3838 1.23648648648649
3838 1.23648648648649
3838 0
3838 0
3838 0
3838 0
3838 0
3838 0
3838 0
3838 23.3333333333333
3892 0
3892 21.9057475325292
3892 21.9057475325292
3892 21.9057475325292
3892 21.9057475325292
3892 0
3892 6.26892144014925
3892 6.07939667163037
3892 6.07939667163037
3892 6.07939667163037
3892 6.07939667163037
3892 1.77070063694268
3892 1.77070063694268
3892 1.77070063694268
3892 1.77070063694268
3892 1.77070063694268
3892 0
3892 3.08368840944549
3892 0
3892 0
3892 0
3892 0
3892 3.80205817515734
3892 3.80205817515734
3892 3.80205817515734
3892 0
3892 0
3892 1.23648648648649
3892 1.23648648648649
3892 0
3892 0
3892 0
3892 0
3892 0
3892 0
3892 0
3892 23.3333333333333
3461 0
3461 21.9057475325292
3461 21.9057475325292
3461 21.9057475325292
3461 21.9057475325292
3461 0
3461 6.26892144014925
3461 6.07939667163037
3461 6.07939667163037
3461 6.07939667163037
3461 6.07939667163037
3461 1.77070063694268
3461 1.77070063694268
3461 1.77070063694268
3461 1.77070063694268
3461 1.77070063694268
3461 0
3461 3.08368840944549
3461 0
3461 0
3461 0
3461 0
3461 3.80205817515734
3461 3.80205817515734
3461 3.80205817515734
3461 0
3461 0
3461 1.23648648648649
3461 1.23648648648649
3461 0
3461 0
3461 0
3461 0
3461 0
3461 0
3461 0
3461 23.3333333333333
3665 0
3665 21.9057475325292
3665 21.9057475325292
3665 21.9057475325292
3665 21.9057475325292
3665 0
3665 6.26892144014925
3665 6.07939667163037
3665 6.07939667163037
3665 6.07939667163037
3665 6.07939667163037
3665 1.77070063694268
3665 1.77070063694268
3665 1.77070063694268
3665 1.77070063694268
3665 1.77070063694268
3665 0
3665 3.08368840944549
3665 0
3665 0
3665 0
3665 0
3665 3.80205817515734
3665 3.80205817515734
3665 3.80205817515734
3665 0
3665 0
3665 1.23648648648649
3665 1.23648648648649
3665 0
3665 0
3665 0
3665 0
3665 0
3665 0
3665 0
3665 23.3333333333333
3724 0
3724 21.9057475325292
3724 21.9057475325292
3724 21.9057475325292
3724 21.9057475325292
3724 0
3724 6.26892144014925
3724 6.07939667163037
3724 6.07939667163037
3724 6.07939667163037
3724 6.07939667163037
3724 1.77070063694268
3724 1.77070063694268
3724 1.77070063694268
3724 1.77070063694268
3724 1.77070063694268
3724 0
3724 3.08368840944549
3724 0
3724 0
3724 0
3724 0
3724 3.80205817515734
3724 3.80205817515734
3724 3.80205817515734
3724 0
3724 0
3724 1.23648648648649
3724 1.23648648648649
3724 0
3724 0
3724 0
3724 0
3724 0
3724 0
3724 0
3724 23.3333333333333
3783 0
3783 21.9057475325292
3783 21.9057475325292
3783 21.9057475325292
3783 21.9057475325292
3783 0
3783 6.26892144014925
3783 6.07939667163037
3783 6.07939667163037
3783 6.07939667163037
3783 6.07939667163037
3783 1.77070063694268
3783 1.77070063694268
3783 1.77070063694268
3783 1.77070063694268
3783 1.77070063694268
3783 0
3783 3.08368840944549
3783 0
3783 0
3783 0
3783 0
3783 3.80205817515734
3783 3.80205817515734
3783 3.80205817515734
3783 0
3783 0
3783 1.23648648648649
3783 1.23648648648649
3783 0
3783 0
3783 0
3783 0
3783 0
3783 0
3783 0
3783 23.3333333333333
3839 0
3839 21.9057475325292
3839 21.9057475325292
3839 21.9057475325292
3839 21.9057475325292
3839 0
3839 6.26892144014925
3839 6.07939667163037
3839 6.07939667163037
3839 6.07939667163037
3839 6.07939667163037
3839 1.77070063694268
3839 1.77070063694268
3839 1.77070063694268
3839 1.77070063694268
3839 1.77070063694268
3839 0
3839 3.08368840944549
3839 0
3839 0
3839 0
3839 0
3839 3.80205817515734
3839 3.80205817515734
3839 3.80205817515734
3839 0
3839 0
3839 1.23648648648649
3839 1.23648648648649
3839 0
3839 0
3839 0
3839 0
3839 0
3839 0
3839 0
3839 23.3333333333333
3893 0
3893 21.9057475325292
3893 21.9057475325292
3893 21.9057475325292
3893 21.9057475325292
3893 0
3893 6.26892144014925
3893 6.07939667163037
3893 6.07939667163037
3893 6.07939667163037
3893 6.07939667163037
3893 1.77070063694268
3893 1.77070063694268
3893 1.77070063694268
3893 1.77070063694268
3893 1.77070063694268
3893 0
3893 3.08368840944549
3893 0
3893 0
3893 0
3893 0
3893 3.80205817515734
3893 3.80205817515734
3893 3.80205817515734
3893 0
3893 0
3893 1.23648648648649
3893 1.23648648648649
3893 0
3893 0
3893 0
3893 0
3893 0
3893 0
3893 0
3893 23.3333333333333
3949 0
3949 21.9057475325292
3949 21.9057475325292
3949 21.9057475325292
3949 21.9057475325292
3949 0
3949 6.26892144014925
3949 6.07939667163037
3949 6.07939667163037
3949 6.07939667163037
3949 6.07939667163037
3949 1.77070063694268
3949 1.77070063694268
3949 1.77070063694268
3949 1.77070063694268
3949 1.77070063694268
3949 0
3949 3.08368840944549
3949 0
3949 0
3949 0
3949 0
3949 3.80205817515734
3949 3.80205817515734
3949 3.80205817515734
3949 0
3949 0
3949 1.23648648648649
3949 1.23648648648649
3949 0
3949 0
3949 0
3949 0
3949 0
3949 0
3949 0
3949 23.3333333333333
37022 0
37022 21.9057475325292
37022 21.9057475325292
37022 21.9057475325292
37022 21.9057475325292
37022 0
37022 6.26892144014925
37022 6.07939667163037
37022 6.07939667163037
37022 6.07939667163037
37022 6.07939667163037
37022 1.77070063694268
37022 1.77070063694268
37022 1.77070063694268
37022 1.77070063694268
37022 1.77070063694268
37022 0
37022 3.08368840944549
37022 0
37022 0
37022 0
37022 0
37022 3.80205817515734
37022 3.80205817515734
37022 3.80205817515734
37022 0
37022 0
37022 1.23648648648649
37022 1.23648648648649
37022 0
37022 0
37022 0
37022 0
37022 0
37022 0
37022 0
37022 23.3333333333333
