pt_graph cpue_kghour
4626 0
4626 109.52873765
4626 109.52873765
4626 109.52873765
4626 109.52873765
4626 0
4626 31.3446072
4626 30.39698336
4626 30.39698336
4626 30.39698336
4626 30.39698336
4626 8.853503185
4626 8.853503185
4626 8.853503185
4626 8.853503185
4626 8.853503185
4626 0
4626 15.418442045
4626 0
4626 0
4626 0
4626 0
4626 19.010290875
4626 19.010290875
4626 19.010290875
4626 0
4626 0
4626 6.18243243
4626 6.18243243
4626 0
4626 0
4626 0
4626 0
4626 0
4626 0
4626 71.9178082
4626 116.66666665
4665 0
4665 109.52873765
4665 109.52873765
4665 109.52873765
4665 109.52873765
4665 0
4665 31.3446072
4665 30.39698336
4665 30.39698336
4665 30.39698336
4665 30.39698336
4665 8.853503185
4665 8.853503185
4665 8.853503185
4665 8.853503185
4665 8.853503185
4665 0
4665 15.418442045
4665 0
4665 0
4665 0
4665 0
4665 19.010290875
4665 19.010290875
4665 19.010290875
4665 0
4665 0
4665 6.18243243
4665 6.18243243
4665 0
4665 0
4665 0
4665 0
4665 0
4665 0
4665 71.9178082
4665 116.66666665
4704 0
4704 109.52873765
4704 109.52873765
4704 109.52873765
4704 109.52873765
4704 0
4704 31.3446072
4704 30.39698336
4704 30.39698336
4704 30.39698336
4704 30.39698336
4704 8.853503185
4704 8.853503185
4704 8.853503185
4704 8.853503185
4704 8.853503185
4704 0
4704 15.418442045
4704 0
4704 0
4704 0
4704 0
4704 19.010290875
4704 19.010290875
4704 19.010290875
4704 0
4704 0
4704 6.18243243
4704 6.18243243
4704 0
4704 0
4704 0
4704 0
4704 0
4704 0
4704 71.9178082
4704 116.66666665
4745 0
4745 109.52873765
4745 109.52873765
4745 109.52873765
4745 109.52873765
4745 0
4745 31.3446072
4745 30.39698336
4745 30.39698336
4745 30.39698336
4745 30.39698336
4745 8.853503185
4745 8.853503185
4745 8.853503185
4745 8.853503185
4745 8.853503185
4745 0
4745 15.418442045
4745 0
4745 0
4745 0
4745 0
4745 19.010290875
4745 19.010290875
4745 19.010290875
4745 0
4745 0
4745 6.18243243
4745 6.18243243
4745 0
4745 0
4745 0
4745 0
4745 0
4745 0
4745 71.9178082
4745 116.66666665
4474 0
4474 109.52873765
4474 109.52873765
4474 109.52873765
4474 109.52873765
4474 0
4474 31.3446072
4474 30.39698336
4474 30.39698336
4474 30.39698336
4474 30.39698336
4474 8.853503185
4474 8.853503185
4474 8.853503185
4474 8.853503185
4474 8.853503185
4474 0
4474 15.418442045
4474 0
4474 0
4474 0
4474 0
4474 19.010290875
4474 19.010290875
4474 19.010290875
4474 0
4474 0
4474 6.18243243
4474 6.18243243
4474 0
4474 0
4474 0
4474 0
4474 0
4474 0
4474 71.9178082
4474 116.66666665
4511 0
4511 109.52873765
4511 109.52873765
4511 109.52873765
4511 109.52873765
4511 0
4511 31.3446072
4511 30.39698336
4511 30.39698336
4511 30.39698336
4511 30.39698336
4511 8.853503185
4511 8.853503185
4511 8.853503185
4511 8.853503185
4511 8.853503185
4511 0
4511 15.418442045
4511 0
4511 0
4511 0
4511 0
4511 19.010290875
4511 19.010290875
4511 19.010290875
4511 0
4511 0
4511 6.18243243
4511 6.18243243
4511 0
4511 0
4511 0
4511 0
4511 0
4511 0
4511 71.9178082
4511 116.66666665
4549 0
4549 109.52873765
4549 109.52873765
4549 109.52873765
4549 109.52873765
4549 0
4549 31.3446072
4549 30.39698336
4549 30.39698336
4549 30.39698336
4549 30.39698336
4549 8.853503185
4549 8.853503185
4549 8.853503185
4549 8.853503185
4549 8.853503185
4549 0
4549 15.418442045
4549 0
4549 0
4549 0
4549 0
4549 19.010290875
4549 19.010290875
4549 19.010290875
4549 0
4549 0
4549 6.18243243
4549 6.18243243
4549 0
4549 0
4549 0
4549 0
4549 0
4549 0
4549 71.9178082
4549 116.66666665
4587 0
4587 109.52873765
4587 109.52873765
4587 109.52873765
4587 109.52873765
4587 0
4587 31.3446072
4587 30.39698336
4587 30.39698336
4587 30.39698336
4587 30.39698336
4587 8.853503185
4587 8.853503185
4587 8.853503185
4587 8.853503185
4587 8.853503185
4587 0
4587 15.418442045
4587 0
4587 0
4587 0
4587 0
4587 19.010290875
4587 19.010290875
4587 19.010290875
4587 0
4587 0
4587 6.18243243
4587 6.18243243
4587 0
4587 0
4587 0
4587 0
4587 0
4587 0
4587 71.9178082
4587 116.66666665
4627 0
4627 109.52873765
4627 109.52873765
4627 109.52873765
4627 109.52873765
4627 0
4627 31.3446072
4627 30.39698336
4627 30.39698336
4627 30.39698336
4627 30.39698336
4627 8.853503185
4627 8.853503185
4627 8.853503185
4627 8.853503185
4627 8.853503185
4627 0
4627 15.418442045
4627 0
4627 0
4627 0
4627 0
4627 19.010290875
4627 19.010290875
4627 19.010290875
4627 0
4627 0
4627 6.18243243
4627 6.18243243
4627 0
4627 0
4627 0
4627 0
4627 0
4627 0
4627 71.9178082
4627 116.66666665
4666 0
4666 109.52873765
4666 109.52873765
4666 109.52873765
4666 109.52873765
4666 0
4666 31.3446072
4666 30.39698336
4666 30.39698336
4666 30.39698336
4666 30.39698336
4666 8.853503185
4666 8.853503185
4666 8.853503185
4666 8.853503185
4666 8.853503185
4666 0
4666 15.418442045
4666 0
4666 0
4666 0
4666 0
4666 19.010290875
4666 19.010290875
4666 19.010290875
4666 0
4666 0
4666 6.18243243
4666 6.18243243
4666 0
4666 0
4666 0
4666 0
4666 0
4666 0
4666 71.9178082
4666 116.66666665
4705 0
4705 109.52873765
4705 109.52873765
4705 109.52873765
4705 109.52873765
4705 0
4705 31.3446072
4705 30.39698336
4705 30.39698336
4705 30.39698336
4705 30.39698336
4705 8.853503185
4705 8.853503185
4705 8.853503185
4705 8.853503185
4705 8.853503185
4705 0
4705 15.418442045
4705 0
4705 0
4705 0
4705 0
4705 19.010290875
4705 19.010290875
4705 19.010290875
4705 0
4705 0
4705 6.18243243
4705 6.18243243
4705 0
4705 0
4705 0
4705 0
4705 0
4705 0
4705 71.9178082
4705 116.66666665
4746 0
4746 109.52873765
4746 109.52873765
4746 109.52873765
4746 109.52873765
4746 0
4746 31.3446072
4746 30.39698336
4746 30.39698336
4746 30.39698336
4746 30.39698336
4746 8.853503185
4746 8.853503185
4746 8.853503185
4746 8.853503185
4746 8.853503185
4746 0
4746 15.418442045
4746 0
4746 0
4746 0
4746 0
4746 19.010290875
4746 19.010290875
4746 19.010290875
4746 0
4746 0
4746 6.18243243
4746 6.18243243
4746 0
4746 0
4746 0
4746 0
4746 0
4746 0
4746 71.9178082
4746 116.66666665
4783 0
4783 109.52873765
4783 109.52873765
4783 109.52873765
4783 109.52873765
4783 0
4783 31.3446072
4783 30.39698336
4783 30.39698336
4783 30.39698336
4783 30.39698336
4783 8.853503185
4783 8.853503185
4783 8.853503185
4783 8.853503185
4783 8.853503185
4783 0
4783 15.418442045
4783 0
4783 0
4783 0
4783 0
4783 19.010290875
4783 19.010290875
4783 19.010290875
4783 0
4783 0
4783 6.18243243
4783 6.18243243
4783 0
4783 0
4783 0
4783 0
4783 0
4783 0
4783 71.9178082
4783 116.66666665
4819 0
4819 109.52873765
4819 109.52873765
4819 109.52873765
4819 109.52873765
4819 0
4819 31.3446072
4819 30.39698336
4819 30.39698336
4819 30.39698336
4819 30.39698336
4819 8.853503185
4819 8.853503185
4819 8.853503185
4819 8.853503185
4819 8.853503185
4819 0
4819 15.418442045
4819 0
4819 0
4819 0
4819 0
4819 19.010290875
4819 19.010290875
4819 19.010290875
4819 0
4819 0
4819 6.18243243
4819 6.18243243
4819 0
4819 0
4819 0
4819 0
4819 0
4819 0
4819 71.9178082
4819 116.66666665
4853 0
4853 109.52873765
4853 109.52873765
4853 109.52873765
4853 109.52873765
4853 0
4853 31.3446072
4853 30.39698336
4853 30.39698336
4853 30.39698336
4853 30.39698336
4853 8.853503185
4853 8.853503185
4853 8.853503185
4853 8.853503185
4853 8.853503185
4853 0
4853 15.418442045
4853 0
4853 0
4853 0
4853 0
4853 19.010290875
4853 19.010290875
4853 19.010290875
4853 0
4853 0
4853 6.18243243
4853 6.18243243
4853 0
4853 0
4853 0
4853 0
4853 0
4853 0
4853 71.9178082
4853 116.66666665
4886 0
4886 109.52873765
4886 109.52873765
4886 109.52873765
4886 109.52873765
4886 0
4886 31.3446072
4886 30.39698336
4886 30.39698336
4886 30.39698336
4886 30.39698336
4886 8.853503185
4886 8.853503185
4886 8.853503185
4886 8.853503185
4886 8.853503185
4886 0
4886 15.418442045
4886 0
4886 0
4886 0
4886 0
4886 19.010290875
4886 19.010290875
4886 19.010290875
4886 0
4886 0
4886 6.18243243
4886 6.18243243
4886 0
4886 0
4886 0
4886 0
4886 0
4886 0
4886 71.9178082
4886 116.66666665
4399 0
4399 109.52873765
4399 109.52873765
4399 109.52873765
4399 109.52873765
4399 0
4399 31.3446072
4399 30.39698336
4399 30.39698336
4399 30.39698336
4399 30.39698336
4399 8.853503185
4399 8.853503185
4399 8.853503185
4399 8.853503185
4399 8.853503185
4399 0
4399 15.418442045
4399 0
4399 0
4399 0
4399 0
4399 19.010290875
4399 19.010290875
4399 19.010290875
4399 0
4399 0
4399 6.18243243
4399 6.18243243
4399 0
4399 0
4399 0
4399 0
4399 0
4399 0
4399 71.9178082
4399 116.66666665
4437 0
4437 109.52873765
4437 109.52873765
4437 109.52873765
4437 109.52873765
4437 0
4437 31.3446072
4437 30.39698336
4437 30.39698336
4437 30.39698336
4437 30.39698336
4437 8.853503185
4437 8.853503185
4437 8.853503185
4437 8.853503185
4437 8.853503185
4437 0
4437 15.418442045
4437 0
4437 0
4437 0
4437 0
4437 19.010290875
4437 19.010290875
4437 19.010290875
4437 0
4437 0
4437 6.18243243
4437 6.18243243
4437 0
4437 0
4437 0
4437 0
4437 0
4437 0
4437 71.9178082
4437 116.66666665
4475 0
4475 109.52873765
4475 109.52873765
4475 109.52873765
4475 109.52873765
4475 0
4475 31.3446072
4475 30.39698336
4475 30.39698336
4475 30.39698336
4475 30.39698336
4475 8.853503185
4475 8.853503185
4475 8.853503185
4475 8.853503185
4475 8.853503185
4475 0
4475 15.418442045
4475 0
4475 0
4475 0
4475 0
4475 19.010290875
4475 19.010290875
4475 19.010290875
4475 0
4475 0
4475 6.18243243
4475 6.18243243
4475 0
4475 0
4475 0
4475 0
4475 0
4475 0
4475 71.9178082
4475 116.66666665
4512 0
4512 109.52873765
4512 109.52873765
4512 109.52873765
4512 109.52873765
4512 0
4512 31.3446072
4512 30.39698336
4512 30.39698336
4512 30.39698336
4512 30.39698336
4512 8.853503185
4512 8.853503185
4512 8.853503185
4512 8.853503185
4512 8.853503185
4512 0
4512 15.418442045
4512 0
4512 0
4512 0
4512 0
4512 19.010290875
4512 19.010290875
4512 19.010290875
4512 0
4512 0
4512 6.18243243
4512 6.18243243
4512 0
4512 0
4512 0
4512 0
4512 0
4512 0
4512 71.9178082
4512 116.66666665
4550 0
4550 109.52873765
4550 109.52873765
4550 109.52873765
4550 109.52873765
4550 0
4550 31.3446072
4550 30.39698336
4550 30.39698336
4550 30.39698336
4550 30.39698336
4550 8.853503185
4550 8.853503185
4550 8.853503185
4550 8.853503185
4550 8.853503185
4550 0
4550 15.418442045
4550 0
4550 0
4550 0
4550 0
4550 19.010290875
4550 19.010290875
4550 19.010290875
4550 0
4550 0
4550 6.18243243
4550 6.18243243
4550 0
4550 0
4550 0
4550 0
4550 0
4550 0
4550 71.9178082
4550 116.66666665
4588 0
4588 109.52873765
4588 109.52873765
4588 109.52873765
4588 109.52873765
4588 0
4588 31.3446072
4588 30.39698336
4588 30.39698336
4588 30.39698336
4588 30.39698336
4588 8.853503185
4588 8.853503185
4588 8.853503185
4588 8.853503185
4588 8.853503185
4588 0
4588 15.418442045
4588 0
4588 0
4588 0
4588 0
4588 19.010290875
4588 19.010290875
4588 19.010290875
4588 0
4588 0
4588 6.18243243
4588 6.18243243
4588 0
4588 0
4588 0
4588 0
4588 0
4588 0
4588 71.9178082
4588 116.66666665
4628 0
4628 109.52873765
4628 109.52873765
4628 109.52873765
4628 109.52873765
4628 0
4628 31.3446072
4628 30.39698336
4628 30.39698336
4628 30.39698336
4628 30.39698336
4628 8.853503185
4628 8.853503185
4628 8.853503185
4628 8.853503185
4628 8.853503185
4628 0
4628 15.418442045
4628 0
4628 0
4628 0
4628 0
4628 19.010290875
4628 19.010290875
4628 19.010290875
4628 0
4628 0
4628 6.18243243
4628 6.18243243
4628 0
4628 0
4628 0
4628 0
4628 0
4628 0
4628 71.9178082
4628 116.66666665
4667 0
4667 109.52873765
4667 109.52873765
4667 109.52873765
4667 109.52873765
4667 0
4667 31.3446072
4667 30.39698336
4667 30.39698336
4667 30.39698336
4667 30.39698336
4667 8.853503185
4667 8.853503185
4667 8.853503185
4667 8.853503185
4667 8.853503185
4667 0
4667 15.418442045
4667 0
4667 0
4667 0
4667 0
4667 19.010290875
4667 19.010290875
4667 19.010290875
4667 0
4667 0
4667 6.18243243
4667 6.18243243
4667 0
4667 0
4667 0
4667 0
4667 0
4667 0
4667 71.9178082
4667 116.66666665
4706 0
4706 109.52873765
4706 109.52873765
4706 109.52873765
4706 109.52873765
4706 0
4706 31.3446072
4706 30.39698336
4706 30.39698336
4706 30.39698336
4706 30.39698336
4706 8.853503185
4706 8.853503185
4706 8.853503185
4706 8.853503185
4706 8.853503185
4706 0
4706 15.418442045
4706 0
4706 0
4706 0
4706 0
4706 19.010290875
4706 19.010290875
4706 19.010290875
4706 0
4706 0
4706 6.18243243
4706 6.18243243
4706 0
4706 0
4706 0
4706 0
4706 0
4706 0
4706 71.9178082
4706 116.66666665
4747 0
4747 109.52873765
4747 109.52873765
4747 109.52873765
4747 109.52873765
4747 0
4747 31.3446072
4747 30.39698336
4747 30.39698336
4747 30.39698336
4747 30.39698336
4747 8.853503185
4747 8.853503185
4747 8.853503185
4747 8.853503185
4747 8.853503185
4747 0
4747 15.418442045
4747 0
4747 0
4747 0
4747 0
4747 19.010290875
4747 19.010290875
4747 19.010290875
4747 0
4747 0
4747 6.18243243
4747 6.18243243
4747 0
4747 0
4747 0
4747 0
4747 0
4747 0
4747 71.9178082
4747 116.66666665
4784 0
4784 109.52873765
4784 109.52873765
4784 109.52873765
4784 109.52873765
4784 0
4784 31.3446072
4784 30.39698336
4784 30.39698336
4784 30.39698336
4784 30.39698336
4784 8.853503185
4784 8.853503185
4784 8.853503185
4784 8.853503185
4784 8.853503185
4784 0
4784 15.418442045
4784 0
4784 0
4784 0
4784 0
4784 19.010290875
4784 19.010290875
4784 19.010290875
4784 0
4784 0
4784 6.18243243
4784 6.18243243
4784 0
4784 0
4784 0
4784 0
4784 0
4784 0
4784 71.9178082
4784 116.66666665
4820 0
4820 109.52873765
4820 109.52873765
4820 109.52873765
4820 109.52873765
4820 0
4820 31.3446072
4820 30.39698336
4820 30.39698336
4820 30.39698336
4820 30.39698336
4820 8.853503185
4820 8.853503185
4820 8.853503185
4820 8.853503185
4820 8.853503185
4820 0
4820 15.418442045
4820 0
4820 0
4820 0
4820 0
4820 19.010290875
4820 19.010290875
4820 19.010290875
4820 0
4820 0
4820 6.18243243
4820 6.18243243
4820 0
4820 0
4820 0
4820 0
4820 0
4820 0
4820 71.9178082
4820 116.66666665
4854 0
4854 109.52873765
4854 109.52873765
4854 109.52873765
4854 109.52873765
4854 0
4854 31.3446072
4854 30.39698336
4854 30.39698336
4854 30.39698336
4854 30.39698336
4854 8.853503185
4854 8.853503185
4854 8.853503185
4854 8.853503185
4854 8.853503185
4854 0
4854 15.418442045
4854 0
4854 0
4854 0
4854 0
4854 19.010290875
4854 19.010290875
4854 19.010290875
4854 0
4854 0
4854 6.18243243
4854 6.18243243
4854 0
4854 0
4854 0
4854 0
4854 0
4854 0
4854 71.9178082
4854 116.66666665
4887 0
4887 109.52873765
4887 109.52873765
4887 109.52873765
4887 109.52873765
4887 0
4887 31.3446072
4887 30.39698336
4887 30.39698336
4887 30.39698336
4887 30.39698336
4887 8.853503185
4887 8.853503185
4887 8.853503185
4887 8.853503185
4887 8.853503185
4887 0
4887 15.418442045
4887 0
4887 0
4887 0
4887 0
4887 19.010290875
4887 19.010290875
4887 19.010290875
4887 0
4887 0
4887 6.18243243
4887 6.18243243
4887 0
4887 0
4887 0
4887 0
4887 0
4887 0
4887 71.9178082
4887 116.66666665
4400 0
4400 109.52873765
4400 109.52873765
4400 109.52873765
4400 109.52873765
4400 0
4400 31.3446072
4400 30.39698336
4400 30.39698336
4400 30.39698336
4400 30.39698336
4400 8.853503185
4400 8.853503185
4400 8.853503185
4400 8.853503185
4400 8.853503185
4400 0
4400 15.418442045
4400 0
4400 0
4400 0
4400 0
4400 19.010290875
4400 19.010290875
4400 19.010290875
4400 0
4400 0
4400 6.18243243
4400 6.18243243
4400 0
4400 0
4400 0
4400 0
4400 0
4400 0
4400 71.9178082
4400 116.66666665
4438 0
4438 109.52873765
4438 109.52873765
4438 109.52873765
4438 109.52873765
4438 0
4438 31.3446072
4438 30.39698336
4438 30.39698336
4438 30.39698336
4438 30.39698336
4438 8.853503185
4438 8.853503185
4438 8.853503185
4438 8.853503185
4438 8.853503185
4438 0
4438 15.418442045
4438 0
4438 0
4438 0
4438 0
4438 19.010290875
4438 19.010290875
4438 19.010290875
4438 0
4438 0
4438 6.18243243
4438 6.18243243
4438 0
4438 0
4438 0
4438 0
4438 0
4438 0
4438 71.9178082
4438 116.66666665
4476 0
4476 109.52873765
4476 109.52873765
4476 109.52873765
4476 109.52873765
4476 0
4476 31.3446072
4476 30.39698336
4476 30.39698336
4476 30.39698336
4476 30.39698336
4476 8.853503185
4476 8.853503185
4476 8.853503185
4476 8.853503185
4476 8.853503185
4476 0
4476 15.418442045
4476 0
4476 0
4476 0
4476 0
4476 19.010290875
4476 19.010290875
4476 19.010290875
4476 0
4476 0
4476 6.18243243
4476 6.18243243
4476 0
4476 0
4476 0
4476 0
4476 0
4476 0
4476 71.9178082
4476 116.66666665
4513 0
4513 109.52873765
4513 109.52873765
4513 109.52873765
4513 109.52873765
4513 0
4513 31.3446072
4513 30.39698336
4513 30.39698336
4513 30.39698336
4513 30.39698336
4513 8.853503185
4513 8.853503185
4513 8.853503185
4513 8.853503185
4513 8.853503185
4513 0
4513 15.418442045
4513 0
4513 0
4513 0
4513 0
4513 19.010290875
4513 19.010290875
4513 19.010290875
4513 0
4513 0
4513 6.18243243
4513 6.18243243
4513 0
4513 0
4513 0
4513 0
4513 0
4513 0
4513 71.9178082
4513 116.66666665
4551 0
4551 109.52873765
4551 109.52873765
4551 109.52873765
4551 109.52873765
4551 0
4551 31.3446072
4551 30.39698336
4551 30.39698336
4551 30.39698336
4551 30.39698336
4551 8.853503185
4551 8.853503185
4551 8.853503185
4551 8.853503185
4551 8.853503185
4551 0
4551 15.418442045
4551 0
4551 0
4551 0
4551 0
4551 19.010290875
4551 19.010290875
4551 19.010290875
4551 0
4551 0
4551 6.18243243
4551 6.18243243
4551 0
4551 0
4551 0
4551 0
4551 0
4551 0
4551 71.9178082
4551 116.66666665
4589 0
4589 109.52873765
4589 109.52873765
4589 109.52873765
4589 109.52873765
4589 0
4589 31.3446072
4589 30.39698336
4589 30.39698336
4589 30.39698336
4589 30.39698336
4589 8.853503185
4589 8.853503185
4589 8.853503185
4589 8.853503185
4589 8.853503185
4589 0
4589 15.418442045
4589 0
4589 0
4589 0
4589 0
4589 19.010290875
4589 19.010290875
4589 19.010290875
4589 0
4589 0
4589 6.18243243
4589 6.18243243
4589 0
4589 0
4589 0
4589 0
4589 0
4589 0
4589 71.9178082
4589 116.66666665
4629 0
4629 109.52873765
4629 109.52873765
4629 109.52873765
4629 109.52873765
4629 0
4629 31.3446072
4629 30.39698336
4629 30.39698336
4629 30.39698336
4629 30.39698336
4629 8.853503185
4629 8.853503185
4629 8.853503185
4629 8.853503185
4629 8.853503185
4629 0
4629 15.418442045
4629 0
4629 0
4629 0
4629 0
4629 19.010290875
4629 19.010290875
4629 19.010290875
4629 0
4629 0
4629 6.18243243
4629 6.18243243
4629 0
4629 0
4629 0
4629 0
4629 0
4629 0
4629 71.9178082
4629 116.66666665
4668 0
4668 109.52873765
4668 109.52873765
4668 109.52873765
4668 109.52873765
4668 0
4668 31.3446072
4668 30.39698336
4668 30.39698336
4668 30.39698336
4668 30.39698336
4668 8.853503185
4668 8.853503185
4668 8.853503185
4668 8.853503185
4668 8.853503185
4668 0
4668 15.418442045
4668 0
4668 0
4668 0
4668 0
4668 19.010290875
4668 19.010290875
4668 19.010290875
4668 0
4668 0
4668 6.18243243
4668 6.18243243
4668 0
4668 0
4668 0
4668 0
4668 0
4668 0
4668 71.9178082
4668 116.66666665
4707 0
4707 109.52873765
4707 109.52873765
4707 109.52873765
4707 109.52873765
4707 0
4707 31.3446072
4707 30.39698336
4707 30.39698336
4707 30.39698336
4707 30.39698336
4707 8.853503185
4707 8.853503185
4707 8.853503185
4707 8.853503185
4707 8.853503185
4707 0
4707 15.418442045
4707 0
4707 0
4707 0
4707 0
4707 19.010290875
4707 19.010290875
4707 19.010290875
4707 0
4707 0
4707 6.18243243
4707 6.18243243
4707 0
4707 0
4707 0
4707 0
4707 0
4707 0
4707 71.9178082
4707 116.66666665
4748 0
4748 109.52873765
4748 109.52873765
4748 109.52873765
4748 109.52873765
4748 0
4748 31.3446072
4748 30.39698336
4748 30.39698336
4748 30.39698336
4748 30.39698336
4748 8.853503185
4748 8.853503185
4748 8.853503185
4748 8.853503185
4748 8.853503185
4748 0
4748 15.418442045
4748 0
4748 0
4748 0
4748 0
4748 19.010290875
4748 19.010290875
4748 19.010290875
4748 0
4748 0
4748 6.18243243
4748 6.18243243
4748 0
4748 0
4748 0
4748 0
4748 0
4748 0
4748 71.9178082
4748 116.66666665
4785 0
4785 109.52873765
4785 109.52873765
4785 109.52873765
4785 109.52873765
4785 0
4785 31.3446072
4785 30.39698336
4785 30.39698336
4785 30.39698336
4785 30.39698336
4785 8.853503185
4785 8.853503185
4785 8.853503185
4785 8.853503185
4785 8.853503185
4785 0
4785 15.418442045
4785 0
4785 0
4785 0
4785 0
4785 19.010290875
4785 19.010290875
4785 19.010290875
4785 0
4785 0
4785 6.18243243
4785 6.18243243
4785 0
4785 0
4785 0
4785 0
4785 0
4785 0
4785 71.9178082
4785 116.66666665
4821 0
4821 109.52873765
4821 109.52873765
4821 109.52873765
4821 109.52873765
4821 0
4821 31.3446072
4821 30.39698336
4821 30.39698336
4821 30.39698336
4821 30.39698336
4821 8.853503185
4821 8.853503185
4821 8.853503185
4821 8.853503185
4821 8.853503185
4821 0
4821 15.418442045
4821 0
4821 0
4821 0
4821 0
4821 19.010290875
4821 19.010290875
4821 19.010290875
4821 0
4821 0
4821 6.18243243
4821 6.18243243
4821 0
4821 0
4821 0
4821 0
4821 0
4821 0
4821 71.9178082
4821 116.66666665
4855 0
4855 109.52873765
4855 109.52873765
4855 109.52873765
4855 109.52873765
4855 0
4855 31.3446072
4855 30.39698336
4855 30.39698336
4855 30.39698336
4855 30.39698336
4855 8.853503185
4855 8.853503185
4855 8.853503185
4855 8.853503185
4855 8.853503185
4855 0
4855 15.418442045
4855 0
4855 0
4855 0
4855 0
4855 19.010290875
4855 19.010290875
4855 19.010290875
4855 0
4855 0
4855 6.18243243
4855 6.18243243
4855 0
4855 0
4855 0
4855 0
4855 0
4855 0
4855 71.9178082
4855 116.66666665
37077 0
37077 109.52873765
37077 109.52873765
37077 109.52873765
37077 109.52873765
37077 0
37077 31.3446072
37077 30.39698336
37077 30.39698336
37077 30.39698336
37077 30.39698336
37077 8.853503185
37077 8.853503185
37077 8.853503185
37077 8.853503185
37077 8.853503185
37077 0
37077 15.418442045
37077 0
37077 0
37077 0
37077 0
37077 19.010290875
37077 19.010290875
37077 19.010290875
37077 0
37077 0
37077 6.18243243
37077 6.18243243
37077 0
37077 0
37077 0
37077 0
37077 0
37077 0
37077 71.9178082
37077 116.66666665
4439 0
4439 109.52873765
4439 109.52873765
4439 109.52873765
4439 109.52873765
4439 0
4439 31.3446072
4439 30.39698336
4439 30.39698336
4439 30.39698336
4439 30.39698336
4439 8.853503185
4439 8.853503185
4439 8.853503185
4439 8.853503185
4439 8.853503185
4439 0
4439 15.418442045
4439 0
4439 0
4439 0
4439 0
4439 19.010290875
4439 19.010290875
4439 19.010290875
4439 0
4439 0
4439 6.18243243
4439 6.18243243
4439 0
4439 0
4439 0
4439 0
4439 0
4439 0
4439 71.9178082
4439 116.66666665
4477 0
4477 109.52873765
4477 109.52873765
4477 109.52873765
4477 109.52873765
4477 0
4477 31.3446072
4477 30.39698336
4477 30.39698336
4477 30.39698336
4477 30.39698336
4477 8.853503185
4477 8.853503185
4477 8.853503185
4477 8.853503185
4477 8.853503185
4477 0
4477 15.418442045
4477 0
4477 0
4477 0
4477 0
4477 19.010290875
4477 19.010290875
4477 19.010290875
4477 0
4477 0
4477 6.18243243
4477 6.18243243
4477 0
4477 0
4477 0
4477 0
4477 0
4477 0
4477 71.9178082
4477 116.66666665
4514 0
4514 109.52873765
4514 109.52873765
4514 109.52873765
4514 109.52873765
4514 0
4514 31.3446072
4514 30.39698336
4514 30.39698336
4514 30.39698336
4514 30.39698336
4514 8.853503185
4514 8.853503185
4514 8.853503185
4514 8.853503185
4514 8.853503185
4514 0
4514 15.418442045
4514 0
4514 0
4514 0
4514 0
4514 19.010290875
4514 19.010290875
4514 19.010290875
4514 0
4514 0
4514 6.18243243
4514 6.18243243
4514 0
4514 0
4514 0
4514 0
4514 0
4514 0
4514 71.9178082
4514 116.66666665
4552 0
4552 109.52873765
4552 109.52873765
4552 109.52873765
4552 109.52873765
4552 0
4552 31.3446072
4552 30.39698336
4552 30.39698336
4552 30.39698336
4552 30.39698336
4552 8.853503185
4552 8.853503185
4552 8.853503185
4552 8.853503185
4552 8.853503185
4552 0
4552 15.418442045
4552 0
4552 0
4552 0
4552 0
4552 19.010290875
4552 19.010290875
4552 19.010290875
4552 0
4552 0
4552 6.18243243
4552 6.18243243
4552 0
4552 0
4552 0
4552 0
4552 0
4552 0
4552 71.9178082
4552 116.66666665
4590 0
4590 109.52873765
4590 109.52873765
4590 109.52873765
4590 109.52873765
4590 0
4590 31.3446072
4590 30.39698336
4590 30.39698336
4590 30.39698336
4590 30.39698336
4590 8.853503185
4590 8.853503185
4590 8.853503185
4590 8.853503185
4590 8.853503185
4590 0
4590 15.418442045
4590 0
4590 0
4590 0
4590 0
4590 19.010290875
4590 19.010290875
4590 19.010290875
4590 0
4590 0
4590 6.18243243
4590 6.18243243
4590 0
4590 0
4590 0
4590 0
4590 0
4590 0
4590 71.9178082
4590 116.66666665
4708 0
4708 109.52873765
4708 109.52873765
4708 109.52873765
4708 109.52873765
4708 0
4708 31.3446072
4708 30.39698336
4708 30.39698336
4708 30.39698336
4708 30.39698336
4708 8.853503185
4708 8.853503185
4708 8.853503185
4708 8.853503185
4708 8.853503185
4708 0
4708 15.418442045
4708 0
4708 0
4708 0
4708 0
4708 19.010290875
4708 19.010290875
4708 19.010290875
4708 0
4708 0
4708 6.18243243
4708 6.18243243
4708 0
4708 0
4708 0
4708 0
4708 0
4708 0
4708 71.9178082
4708 116.66666665
4749 0
4749 109.52873765
4749 109.52873765
4749 109.52873765
4749 109.52873765
4749 0
4749 31.3446072
4749 30.39698336
4749 30.39698336
4749 30.39698336
4749 30.39698336
4749 8.853503185
4749 8.853503185
4749 8.853503185
4749 8.853503185
4749 8.853503185
4749 0
4749 15.418442045
4749 0
4749 0
4749 0
4749 0
4749 19.010290875
4749 19.010290875
4749 19.010290875
4749 0
4749 0
4749 6.18243243
4749 6.18243243
4749 0
4749 0
4749 0
4749 0
4749 0
4749 0
4749 71.9178082
4749 116.66666665
4786 0
4786 109.52873765
4786 109.52873765
4786 109.52873765
4786 109.52873765
4786 0
4786 31.3446072
4786 30.39698336
4786 30.39698336
4786 30.39698336
4786 30.39698336
4786 8.853503185
4786 8.853503185
4786 8.853503185
4786 8.853503185
4786 8.853503185
4786 0
4786 15.418442045
4786 0
4786 0
4786 0
4786 0
4786 19.010290875
4786 19.010290875
4786 19.010290875
4786 0
4786 0
4786 6.18243243
4786 6.18243243
4786 0
4786 0
4786 0
4786 0
4786 0
4786 0
4786 71.9178082
4786 116.66666665
4822 0
4822 109.52873765
4822 109.52873765
4822 109.52873765
4822 109.52873765
4822 0
4822 31.3446072
4822 30.39698336
4822 30.39698336
4822 30.39698336
4822 30.39698336
4822 8.853503185
4822 8.853503185
4822 8.853503185
4822 8.853503185
4822 8.853503185
4822 0
4822 15.418442045
4822 0
4822 0
4822 0
4822 0
4822 19.010290875
4822 19.010290875
4822 19.010290875
4822 0
4822 0
4822 6.18243243
4822 6.18243243
4822 0
4822 0
4822 0
4822 0
4822 0
4822 0
4822 71.9178082
4822 116.66666665
4856 0
4856 109.52873765
4856 109.52873765
4856 109.52873765
4856 109.52873765
4856 0
4856 31.3446072
4856 30.39698336
4856 30.39698336
4856 30.39698336
4856 30.39698336
4856 8.853503185
4856 8.853503185
4856 8.853503185
4856 8.853503185
4856 8.853503185
4856 0
4856 15.418442045
4856 0
4856 0
4856 0
4856 0
4856 19.010290875
4856 19.010290875
4856 19.010290875
4856 0
4856 0
4856 6.18243243
4856 6.18243243
4856 0
4856 0
4856 0
4856 0
4856 0
4856 0
4856 71.9178082
4856 116.66666665
4750 0
4750 109.52873765
4750 109.52873765
4750 109.52873765
4750 109.52873765
4750 0
4750 31.3446072
4750 30.39698336
4750 30.39698336
4750 30.39698336
4750 30.39698336
4750 8.853503185
4750 8.853503185
4750 8.853503185
4750 8.853503185
4750 8.853503185
4750 0
4750 15.418442045
4750 0
4750 0
4750 0
4750 0
4750 19.010290875
4750 19.010290875
4750 19.010290875
4750 0
4750 0
4750 6.18243243
4750 6.18243243
4750 0
4750 0
4750 0
4750 0
4750 0
4750 0
4750 71.9178082
4750 116.66666665
4823 0
4823 109.52873765
4823 109.52873765
4823 109.52873765
4823 109.52873765
4823 0
4823 31.3446072
4823 30.39698336
4823 30.39698336
4823 30.39698336
4823 30.39698336
4823 8.853503185
4823 8.853503185
4823 8.853503185
4823 8.853503185
4823 8.853503185
4823 0
4823 15.418442045
4823 0
4823 0
4823 0
4823 0
4823 19.010290875
4823 19.010290875
4823 19.010290875
4823 0
4823 0
4823 6.18243243
4823 6.18243243
4823 0
4823 0
4823 0
4823 0
4823 0
4823 0
4823 71.9178082
4823 116.66666665
4857 0
4857 109.52873765
4857 109.52873765
4857 109.52873765
4857 109.52873765
4857 0
4857 31.3446072
4857 30.39698336
4857 30.39698336
4857 30.39698336
4857 30.39698336
4857 8.853503185
4857 8.853503185
4857 8.853503185
4857 8.853503185
4857 8.853503185
4857 0
4857 15.418442045
4857 0
4857 0
4857 0
4857 0
4857 19.010290875
4857 19.010290875
4857 19.010290875
4857 0
4857 0
4857 6.18243243
4857 6.18243243
4857 0
4857 0
4857 0
4857 0
4857 0
4857 0
4857 71.9178082
4857 116.66666665
4888 0
4888 109.52873765
4888 109.52873765
4888 109.52873765
4888 109.52873765
4888 0
4888 31.3446072
4888 30.39698336
4888 30.39698336
4888 30.39698336
4888 30.39698336
4888 8.853503185
4888 8.853503185
4888 8.853503185
4888 8.853503185
4888 8.853503185
4888 0
4888 15.418442045
4888 0
4888 0
4888 0
4888 0
4888 19.010290875
4888 19.010290875
4888 19.010290875
4888 0
4888 0
4888 6.18243243
4888 6.18243243
4888 0
4888 0
4888 0
4888 0
4888 0
4888 0
4888 71.9178082
4888 116.66666665
4913 0
4913 109.52873765
4913 109.52873765
4913 109.52873765
4913 109.52873765
4913 0
4913 31.3446072
4913 30.39698336
4913 30.39698336
4913 30.39698336
4913 30.39698336
4913 8.853503185
4913 8.853503185
4913 8.853503185
4913 8.853503185
4913 8.853503185
4913 0
4913 15.418442045
4913 0
4913 0
4913 0
4913 0
4913 19.010290875
4913 19.010290875
4913 19.010290875
4913 0
4913 0
4913 6.18243243
4913 6.18243243
4913 0
4913 0
4913 0
4913 0
4913 0
4913 0
4913 71.9178082
4913 116.66666665
4709 0
4709 109.52873765
4709 109.52873765
4709 109.52873765
4709 109.52873765
4709 0
4709 31.3446072
4709 30.39698336
4709 30.39698336
4709 30.39698336
4709 30.39698336
4709 8.853503185
4709 8.853503185
4709 8.853503185
4709 8.853503185
4709 8.853503185
4709 0
4709 15.418442045
4709 0
4709 0
4709 0
4709 0
4709 19.010290875
4709 19.010290875
4709 19.010290875
4709 0
4709 0
4709 6.18243243
4709 6.18243243
4709 0
4709 0
4709 0
4709 0
4709 0
4709 0
4709 71.9178082
4709 116.66666665
4751 0
4751 109.52873765
4751 109.52873765
4751 109.52873765
4751 109.52873765
4751 0
4751 31.3446072
4751 30.39698336
4751 30.39698336
4751 30.39698336
4751 30.39698336
4751 8.853503185
4751 8.853503185
4751 8.853503185
4751 8.853503185
4751 8.853503185
4751 0
4751 15.418442045
4751 0
4751 0
4751 0
4751 0
4751 19.010290875
4751 19.010290875
4751 19.010290875
4751 0
4751 0
4751 6.18243243
4751 6.18243243
4751 0
4751 0
4751 0
4751 0
4751 0
4751 0
4751 71.9178082
4751 116.66666665
4787 0
4787 109.52873765
4787 109.52873765
4787 109.52873765
4787 109.52873765
4787 0
4787 31.3446072
4787 30.39698336
4787 30.39698336
4787 30.39698336
4787 30.39698336
4787 8.853503185
4787 8.853503185
4787 8.853503185
4787 8.853503185
4787 8.853503185
4787 0
4787 15.418442045
4787 0
4787 0
4787 0
4787 0
4787 19.010290875
4787 19.010290875
4787 19.010290875
4787 0
4787 0
4787 6.18243243
4787 6.18243243
4787 0
4787 0
4787 0
4787 0
4787 0
4787 0
4787 71.9178082
4787 116.66666665
4824 0
4824 109.52873765
4824 109.52873765
4824 109.52873765
4824 109.52873765
4824 0
4824 31.3446072
4824 30.39698336
4824 30.39698336
4824 30.39698336
4824 30.39698336
4824 8.853503185
4824 8.853503185
4824 8.853503185
4824 8.853503185
4824 8.853503185
4824 0
4824 15.418442045
4824 0
4824 0
4824 0
4824 0
4824 19.010290875
4824 19.010290875
4824 19.010290875
4824 0
4824 0
4824 6.18243243
4824 6.18243243
4824 0
4824 0
4824 0
4824 0
4824 0
4824 0
4824 71.9178082
4824 116.66666665
4858 0
4858 109.52873765
4858 109.52873765
4858 109.52873765
4858 109.52873765
4858 0
4858 31.3446072
4858 30.39698336
4858 30.39698336
4858 30.39698336
4858 30.39698336
4858 8.853503185
4858 8.853503185
4858 8.853503185
4858 8.853503185
4858 8.853503185
4858 0
4858 15.418442045
4858 0
4858 0
4858 0
4858 0
4858 19.010290875
4858 19.010290875
4858 19.010290875
4858 0
4858 0
4858 6.18243243
4858 6.18243243
4858 0
4858 0
4858 0
4858 0
4858 0
4858 0
4858 71.9178082
4858 116.66666665
4889 0
4889 109.52873765
4889 109.52873765
4889 109.52873765
4889 109.52873765
4889 0
4889 31.3446072
4889 30.39698336
4889 30.39698336
4889 30.39698336
4889 30.39698336
4889 8.853503185
4889 8.853503185
4889 8.853503185
4889 8.853503185
4889 8.853503185
4889 0
4889 15.418442045
4889 0
4889 0
4889 0
4889 0
4889 19.010290875
4889 19.010290875
4889 19.010290875
4889 0
4889 0
4889 6.18243243
4889 6.18243243
4889 0
4889 0
4889 0
4889 0
4889 0
4889 0
4889 71.9178082
4889 116.66666665
4914 0
4914 109.52873765
4914 109.52873765
4914 109.52873765
4914 109.52873765
4914 0
4914 31.3446072
4914 30.39698336
4914 30.39698336
4914 30.39698336
4914 30.39698336
4914 8.853503185
4914 8.853503185
4914 8.853503185
4914 8.853503185
4914 8.853503185
4914 0
4914 15.418442045
4914 0
4914 0
4914 0
4914 0
4914 19.010290875
4914 19.010290875
4914 19.010290875
4914 0
4914 0
4914 6.18243243
4914 6.18243243
4914 0
4914 0
4914 0
4914 0
4914 0
4914 0
4914 71.9178082
4914 116.66666665
4935 0
4935 109.52873765
4935 109.52873765
4935 109.52873765
4935 109.52873765
4935 0
4935 31.3446072
4935 30.39698336
4935 30.39698336
4935 30.39698336
4935 30.39698336
4935 8.853503185
4935 8.853503185
4935 8.853503185
4935 8.853503185
4935 8.853503185
4935 0
4935 15.418442045
4935 0
4935 0
4935 0
4935 0
4935 19.010290875
4935 19.010290875
4935 19.010290875
4935 0
4935 0
4935 6.18243243
4935 6.18243243
4935 0
4935 0
4935 0
4935 0
4935 0
4935 0
4935 71.9178082
4935 116.66666665
37511 0
37511 109.52873765
37511 109.52873765
37511 109.52873765
37511 109.52873765
37511 0
37511 31.3446072
37511 30.39698336
37511 30.39698336
37511 30.39698336
37511 30.39698336
37511 8.853503185
37511 8.853503185
37511 8.853503185
37511 8.853503185
37511 8.853503185
37511 0
37511 15.418442045
37511 0
37511 0
37511 0
37511 0
37511 19.010290875
37511 19.010290875
37511 19.010290875
37511 0
37511 0
37511 6.18243243
37511 6.18243243
37511 0
37511 0
37511 0
37511 0
37511 0
37511 0
37511 71.9178082
37511 116.66666665
4669 0
4669 109.52873765
4669 109.52873765
4669 109.52873765
4669 109.52873765
4669 0
4669 31.3446072
4669 30.39698336
4669 30.39698336
4669 30.39698336
4669 30.39698336
4669 8.853503185
4669 8.853503185
4669 8.853503185
4669 8.853503185
4669 8.853503185
4669 0
4669 15.418442045
4669 0
4669 0
4669 0
4669 0
4669 19.010290875
4669 19.010290875
4669 19.010290875
4669 0
4669 0
4669 6.18243243
4669 6.18243243
4669 0
4669 0
4669 0
4669 0
4669 0
4669 0
4669 71.9178082
4669 116.66666665
4710 0
4710 109.52873765
4710 109.52873765
4710 109.52873765
4710 109.52873765
4710 0
4710 31.3446072
4710 30.39698336
4710 30.39698336
4710 30.39698336
4710 30.39698336
4710 8.853503185
4710 8.853503185
4710 8.853503185
4710 8.853503185
4710 8.853503185
4710 0
4710 15.418442045
4710 0
4710 0
4710 0
4710 0
4710 19.010290875
4710 19.010290875
4710 19.010290875
4710 0
4710 0
4710 6.18243243
4710 6.18243243
4710 0
4710 0
4710 0
4710 0
4710 0
4710 0
4710 71.9178082
4710 116.66666665
4752 0
4752 109.52873765
4752 109.52873765
4752 109.52873765
4752 109.52873765
4752 0
4752 31.3446072
4752 30.39698336
4752 30.39698336
4752 30.39698336
4752 30.39698336
4752 8.853503185
4752 8.853503185
4752 8.853503185
4752 8.853503185
4752 8.853503185
4752 0
4752 15.418442045
4752 0
4752 0
4752 0
4752 0
4752 19.010290875
4752 19.010290875
4752 19.010290875
4752 0
4752 0
4752 6.18243243
4752 6.18243243
4752 0
4752 0
4752 0
4752 0
4752 0
4752 0
4752 71.9178082
4752 116.66666665
4788 0
4788 109.52873765
4788 109.52873765
4788 109.52873765
4788 109.52873765
4788 0
4788 31.3446072
4788 30.39698336
4788 30.39698336
4788 30.39698336
4788 30.39698336
4788 8.853503185
4788 8.853503185
4788 8.853503185
4788 8.853503185
4788 8.853503185
4788 0
4788 15.418442045
4788 0
4788 0
4788 0
4788 0
4788 19.010290875
4788 19.010290875
4788 19.010290875
4788 0
4788 0
4788 6.18243243
4788 6.18243243
4788 0
4788 0
4788 0
4788 0
4788 0
4788 0
4788 71.9178082
4788 116.66666665
4825 0
4825 109.52873765
4825 109.52873765
4825 109.52873765
4825 109.52873765
4825 0
4825 31.3446072
4825 30.39698336
4825 30.39698336
4825 30.39698336
4825 30.39698336
4825 8.853503185
4825 8.853503185
4825 8.853503185
4825 8.853503185
4825 8.853503185
4825 0
4825 15.418442045
4825 0
4825 0
4825 0
4825 0
4825 19.010290875
4825 19.010290875
4825 19.010290875
4825 0
4825 0
4825 6.18243243
4825 6.18243243
4825 0
4825 0
4825 0
4825 0
4825 0
4825 0
4825 71.9178082
4825 116.66666665
4859 0
4859 109.52873765
4859 109.52873765
4859 109.52873765
4859 109.52873765
4859 0
4859 31.3446072
4859 30.39698336
4859 30.39698336
4859 30.39698336
4859 30.39698336
4859 8.853503185
4859 8.853503185
4859 8.853503185
4859 8.853503185
4859 8.853503185
4859 0
4859 15.418442045
4859 0
4859 0
4859 0
4859 0
4859 19.010290875
4859 19.010290875
4859 19.010290875
4859 0
4859 0
4859 6.18243243
4859 6.18243243
4859 0
4859 0
4859 0
4859 0
4859 0
4859 0
4859 71.9178082
4859 116.66666665
4890 0
4890 109.52873765
4890 109.52873765
4890 109.52873765
4890 109.52873765
4890 0
4890 31.3446072
4890 30.39698336
4890 30.39698336
4890 30.39698336
4890 30.39698336
4890 8.853503185
4890 8.853503185
4890 8.853503185
4890 8.853503185
4890 8.853503185
4890 0
4890 15.418442045
4890 0
4890 0
4890 0
4890 0
4890 19.010290875
4890 19.010290875
4890 19.010290875
4890 0
4890 0
4890 6.18243243
4890 6.18243243
4890 0
4890 0
4890 0
4890 0
4890 0
4890 0
4890 71.9178082
4890 116.66666665
4915 0
4915 109.52873765
4915 109.52873765
4915 109.52873765
4915 109.52873765
4915 0
4915 31.3446072
4915 30.39698336
4915 30.39698336
4915 30.39698336
4915 30.39698336
4915 8.853503185
4915 8.853503185
4915 8.853503185
4915 8.853503185
4915 8.853503185
4915 0
4915 15.418442045
4915 0
4915 0
4915 0
4915 0
4915 19.010290875
4915 19.010290875
4915 19.010290875
4915 0
4915 0
4915 6.18243243
4915 6.18243243
4915 0
4915 0
4915 0
4915 0
4915 0
4915 0
4915 71.9178082
4915 116.66666665
37509 0
37509 109.52873765
37509 109.52873765
37509 109.52873765
37509 109.52873765
37509 0
37509 31.3446072
37509 30.39698336
37509 30.39698336
37509 30.39698336
37509 30.39698336
37509 8.853503185
37509 8.853503185
37509 8.853503185
37509 8.853503185
37509 8.853503185
37509 0
37509 15.418442045
37509 0
37509 0
37509 0
37509 0
37509 19.010290875
37509 19.010290875
37509 19.010290875
37509 0
37509 0
37509 6.18243243
37509 6.18243243
37509 0
37509 0
37509 0
37509 0
37509 0
37509 0
37509 71.9178082
37509 116.66666665
4670 0
4670 109.52873765
4670 109.52873765
4670 109.52873765
4670 109.52873765
4670 0
4670 31.3446072
4670 30.39698336
4670 30.39698336
4670 30.39698336
4670 30.39698336
4670 8.853503185
4670 8.853503185
4670 8.853503185
4670 8.853503185
4670 8.853503185
4670 0
4670 15.418442045
4670 0
4670 0
4670 0
4670 0
4670 19.010290875
4670 19.010290875
4670 19.010290875
4670 0
4670 0
4670 6.18243243
4670 6.18243243
4670 0
4670 0
4670 0
4670 0
4670 0
4670 0
4670 71.9178082
4670 116.66666665
4711 0
4711 109.52873765
4711 109.52873765
4711 109.52873765
4711 109.52873765
4711 0
4711 31.3446072
4711 30.39698336
4711 30.39698336
4711 30.39698336
4711 30.39698336
4711 8.853503185
4711 8.853503185
4711 8.853503185
4711 8.853503185
4711 8.853503185
4711 0
4711 15.418442045
4711 0
4711 0
4711 0
4711 0
4711 19.010290875
4711 19.010290875
4711 19.010290875
4711 0
4711 0
4711 6.18243243
4711 6.18243243
4711 0
4711 0
4711 0
4711 0
4711 0
4711 0
4711 71.9178082
4711 116.66666665
4753 0
4753 109.52873765
4753 109.52873765
4753 109.52873765
4753 109.52873765
4753 0
4753 31.3446072
4753 30.39698336
4753 30.39698336
4753 30.39698336
4753 30.39698336
4753 8.853503185
4753 8.853503185
4753 8.853503185
4753 8.853503185
4753 8.853503185
4753 0
4753 15.418442045
4753 0
4753 0
4753 0
4753 0
4753 19.010290875
4753 19.010290875
4753 19.010290875
4753 0
4753 0
4753 6.18243243
4753 6.18243243
4753 0
4753 0
4753 0
4753 0
4753 0
4753 0
4753 71.9178082
4753 116.66666665
4789 0
4789 109.52873765
4789 109.52873765
4789 109.52873765
4789 109.52873765
4789 0
4789 31.3446072
4789 30.39698336
4789 30.39698336
4789 30.39698336
4789 30.39698336
4789 8.853503185
4789 8.853503185
4789 8.853503185
4789 8.853503185
4789 8.853503185
4789 0
4789 15.418442045
4789 0
4789 0
4789 0
4789 0
4789 19.010290875
4789 19.010290875
4789 19.010290875
4789 0
4789 0
4789 6.18243243
4789 6.18243243
4789 0
4789 0
4789 0
4789 0
4789 0
4789 0
4789 71.9178082
4789 116.66666665
4826 0
4826 109.52873765
4826 109.52873765
4826 109.52873765
4826 109.52873765
4826 0
4826 31.3446072
4826 30.39698336
4826 30.39698336
4826 30.39698336
4826 30.39698336
4826 8.853503185
4826 8.853503185
4826 8.853503185
4826 8.853503185
4826 8.853503185
4826 0
4826 15.418442045
4826 0
4826 0
4826 0
4826 0
4826 19.010290875
4826 19.010290875
4826 19.010290875
4826 0
4826 0
4826 6.18243243
4826 6.18243243
4826 0
4826 0
4826 0
4826 0
4826 0
4826 0
4826 71.9178082
4826 116.66666665
4860 0
4860 109.52873765
4860 109.52873765
4860 109.52873765
4860 109.52873765
4860 0
4860 31.3446072
4860 30.39698336
4860 30.39698336
4860 30.39698336
4860 30.39698336
4860 8.853503185
4860 8.853503185
4860 8.853503185
4860 8.853503185
4860 8.853503185
4860 0
4860 15.418442045
4860 0
4860 0
4860 0
4860 0
4860 19.010290875
4860 19.010290875
4860 19.010290875
4860 0
4860 0
4860 6.18243243
4860 6.18243243
4860 0
4860 0
4860 0
4860 0
4860 0
4860 0
4860 71.9178082
4860 116.66666665
4891 0
4891 109.52873765
4891 109.52873765
4891 109.52873765
4891 109.52873765
4891 0
4891 31.3446072
4891 30.39698336
4891 30.39698336
4891 30.39698336
4891 30.39698336
4891 8.853503185
4891 8.853503185
4891 8.853503185
4891 8.853503185
4891 8.853503185
4891 0
4891 15.418442045
4891 0
4891 0
4891 0
4891 0
4891 19.010290875
4891 19.010290875
4891 19.010290875
4891 0
4891 0
4891 6.18243243
4891 6.18243243
4891 0
4891 0
4891 0
4891 0
4891 0
4891 0
4891 71.9178082
4891 116.66666665
4671 0
4671 109.52873765
4671 109.52873765
4671 109.52873765
4671 109.52873765
4671 0
4671 31.3446072
4671 30.39698336
4671 30.39698336
4671 30.39698336
4671 30.39698336
4671 8.853503185
4671 8.853503185
4671 8.853503185
4671 8.853503185
4671 8.853503185
4671 0
4671 15.418442045
4671 0
4671 0
4671 0
4671 0
4671 19.010290875
4671 19.010290875
4671 19.010290875
4671 0
4671 0
4671 6.18243243
4671 6.18243243
4671 0
4671 0
4671 0
4671 0
4671 0
4671 0
4671 71.9178082
4671 116.66666665
4712 0
4712 109.52873765
4712 109.52873765
4712 109.52873765
4712 109.52873765
4712 0
4712 31.3446072
4712 30.39698336
4712 30.39698336
4712 30.39698336
4712 30.39698336
4712 8.853503185
4712 8.853503185
4712 8.853503185
4712 8.853503185
4712 8.853503185
4712 0
4712 15.418442045
4712 0
4712 0
4712 0
4712 0
4712 19.010290875
4712 19.010290875
4712 19.010290875
4712 0
4712 0
4712 6.18243243
4712 6.18243243
4712 0
4712 0
4712 0
4712 0
4712 0
4712 0
4712 71.9178082
4712 116.66666665
4754 0
4754 109.52873765
4754 109.52873765
4754 109.52873765
4754 109.52873765
4754 0
4754 31.3446072
4754 30.39698336
4754 30.39698336
4754 30.39698336
4754 30.39698336
4754 8.853503185
4754 8.853503185
4754 8.853503185
4754 8.853503185
4754 8.853503185
4754 0
4754 15.418442045
4754 0
4754 0
4754 0
4754 0
4754 19.010290875
4754 19.010290875
4754 19.010290875
4754 0
4754 0
4754 6.18243243
4754 6.18243243
4754 0
4754 0
4754 0
4754 0
4754 0
4754 0
4754 71.9178082
4754 116.66666665
4790 0
4790 109.52873765
4790 109.52873765
4790 109.52873765
4790 109.52873765
4790 0
4790 31.3446072
4790 30.39698336
4790 30.39698336
4790 30.39698336
4790 30.39698336
4790 8.853503185
4790 8.853503185
4790 8.853503185
4790 8.853503185
4790 8.853503185
4790 0
4790 15.418442045
4790 0
4790 0
4790 0
4790 0
4790 19.010290875
4790 19.010290875
4790 19.010290875
4790 0
4790 0
4790 6.18243243
4790 6.18243243
4790 0
4790 0
4790 0
4790 0
4790 0
4790 0
4790 71.9178082
4790 116.66666665
4827 0
4827 109.52873765
4827 109.52873765
4827 109.52873765
4827 109.52873765
4827 0
4827 31.3446072
4827 30.39698336
4827 30.39698336
4827 30.39698336
4827 30.39698336
4827 8.853503185
4827 8.853503185
4827 8.853503185
4827 8.853503185
4827 8.853503185
4827 0
4827 15.418442045
4827 0
4827 0
4827 0
4827 0
4827 19.010290875
4827 19.010290875
4827 19.010290875
4827 0
4827 0
4827 6.18243243
4827 6.18243243
4827 0
4827 0
4827 0
4827 0
4827 0
4827 0
4827 71.9178082
4827 116.66666665
4861 0
4861 109.52873765
4861 109.52873765
4861 109.52873765
4861 109.52873765
4861 0
4861 31.3446072
4861 30.39698336
4861 30.39698336
4861 30.39698336
4861 30.39698336
4861 8.853503185
4861 8.853503185
4861 8.853503185
4861 8.853503185
4861 8.853503185
4861 0
4861 15.418442045
4861 0
4861 0
4861 0
4861 0
4861 19.010290875
4861 19.010290875
4861 19.010290875
4861 0
4861 0
4861 6.18243243
4861 6.18243243
4861 0
4861 0
4861 0
4861 0
4861 0
4861 0
4861 71.9178082
4861 116.66666665
4630 0
4630 109.52873765
4630 109.52873765
4630 109.52873765
4630 109.52873765
4630 0
4630 31.3446072
4630 30.39698336
4630 30.39698336
4630 30.39698336
4630 30.39698336
4630 8.853503185
4630 8.853503185
4630 8.853503185
4630 8.853503185
4630 8.853503185
4630 0
4630 15.418442045
4630 0
4630 0
4630 0
4630 0
4630 19.010290875
4630 19.010290875
4630 19.010290875
4630 0
4630 0
4630 6.18243243
4630 6.18243243
4630 0
4630 0
4630 0
4630 0
4630 0
4630 0
4630 71.9178082
4630 116.66666665
4672 0
4672 109.52873765
4672 109.52873765
4672 109.52873765
4672 109.52873765
4672 0
4672 31.3446072
4672 30.39698336
4672 30.39698336
4672 30.39698336
4672 30.39698336
4672 8.853503185
4672 8.853503185
4672 8.853503185
4672 8.853503185
4672 8.853503185
4672 0
4672 15.418442045
4672 0
4672 0
4672 0
4672 0
4672 19.010290875
4672 19.010290875
4672 19.010290875
4672 0
4672 0
4672 6.18243243
4672 6.18243243
4672 0
4672 0
4672 0
4672 0
4672 0
4672 0
4672 71.9178082
4672 116.66666665
4713 0
4713 109.52873765
4713 109.52873765
4713 109.52873765
4713 109.52873765
4713 0
4713 31.3446072
4713 30.39698336
4713 30.39698336
4713 30.39698336
4713 30.39698336
4713 8.853503185
4713 8.853503185
4713 8.853503185
4713 8.853503185
4713 8.853503185
4713 0
4713 15.418442045
4713 0
4713 0
4713 0
4713 0
4713 19.010290875
4713 19.010290875
4713 19.010290875
4713 0
4713 0
4713 6.18243243
4713 6.18243243
4713 0
4713 0
4713 0
4713 0
4713 0
4713 0
4713 71.9178082
4713 116.66666665
4755 0
4755 109.52873765
4755 109.52873765
4755 109.52873765
4755 109.52873765
4755 0
4755 31.3446072
4755 30.39698336
4755 30.39698336
4755 30.39698336
4755 30.39698336
4755 8.853503185
4755 8.853503185
4755 8.853503185
4755 8.853503185
4755 8.853503185
4755 0
4755 15.418442045
4755 0
4755 0
4755 0
4755 0
4755 19.010290875
4755 19.010290875
4755 19.010290875
4755 0
4755 0
4755 6.18243243
4755 6.18243243
4755 0
4755 0
4755 0
4755 0
4755 0
4755 0
4755 71.9178082
4755 116.66666665
4791 0
4791 109.52873765
4791 109.52873765
4791 109.52873765
4791 109.52873765
4791 0
4791 31.3446072
4791 30.39698336
4791 30.39698336
4791 30.39698336
4791 30.39698336
4791 8.853503185
4791 8.853503185
4791 8.853503185
4791 8.853503185
4791 8.853503185
4791 0
4791 15.418442045
4791 0
4791 0
4791 0
4791 0
4791 19.010290875
4791 19.010290875
4791 19.010290875
4791 0
4791 0
4791 6.18243243
4791 6.18243243
4791 0
4791 0
4791 0
4791 0
4791 0
4791 0
4791 71.9178082
4791 116.66666665
