pt_graph scale
36833 0
36833 21.90574753
36833 21.90574753
36833 21.90574753
36833 21.90574753
36833 0
36833 6.26892144
36833 6.079396672
36833 6.079396672
36833 6.079396672
36833 6.079396672
36833 1.770700637
36833 1.770700637
36833 1.770700637
36833 1.770700637
36833 1.770700637
36833 0
36833 3.083688409
36833 0
36833 0
36833 0
36833 0
36833 3.802058175
36833 3.802058175
36833 3.802058175
36833 0
36833 0
36833 1.236486486
36833 1.236486486
36833 0
36833 0
36833 0
36833 0
36833 0
36833 0
36833 14.38356164
36833 23.33333333
36824 0
36824 21.90574753
36824 21.90574753
36824 21.90574753
36824 21.90574753
36824 0
36824 6.26892144
36824 6.079396672
36824 6.079396672
36824 6.079396672
36824 6.079396672
36824 1.770700637
36824 1.770700637
36824 1.770700637
36824 1.770700637
36824 1.770700637
36824 0
36824 3.083688409
36824 0
36824 0
36824 0
36824 0
36824 3.802058175
36824 3.802058175
36824 3.802058175
36824 0
36824 0
36824 1.236486486
36824 1.236486486
36824 0
36824 0
36824 0
36824 0
36824 0
36824 0
36824 14.38356164
36824 23.33333333
36829 0
36829 21.90574753
36829 21.90574753
36829 21.90574753
36829 21.90574753
36829 0
36829 6.26892144
36829 6.079396672
36829 6.079396672
36829 6.079396672
36829 6.079396672
36829 1.770700637
36829 1.770700637
36829 1.770700637
36829 1.770700637
36829 1.770700637
36829 0
36829 3.083688409
36829 0
36829 0
36829 0
36829 0
36829 3.802058175
36829 3.802058175
36829 3.802058175
36829 0
36829 0
36829 1.236486486
36829 1.236486486
36829 0
36829 0
36829 0
36829 0
36829 0
36829 0
36829 14.38356164
36829 23.33333333
36831 0
36831 21.90574753
36831 21.90574753
36831 21.90574753
36831 21.90574753
36831 0
36831 6.26892144
36831 6.079396672
36831 6.079396672
36831 6.079396672
36831 6.079396672
36831 1.770700637
36831 1.770700637
36831 1.770700637
36831 1.770700637
36831 1.770700637
36831 0
36831 3.083688409
36831 0
36831 0
36831 0
36831 0
36831 3.802058175
36831 3.802058175
36831 3.802058175
36831 0
36831 0
36831 1.236486486
36831 1.236486486
36831 0
36831 0
36831 0
36831 0
36831 0
36831 0
36831 14.38356164
36831 23.33333333
36834 0
36834 21.90574753
36834 21.90574753
36834 21.90574753
36834 21.90574753
36834 0
36834 6.26892144
36834 6.079396672
36834 6.079396672
36834 6.079396672
36834 6.079396672
36834 1.770700637
36834 1.770700637
36834 1.770700637
36834 1.770700637
36834 1.770700637
36834 0
36834 3.083688409
36834 0
36834 0
36834 0
36834 0
36834 3.802058175
36834 3.802058175
36834 3.802058175
36834 0
36834 0
36834 1.236486486
36834 1.236486486
36834 0
36834 0
36834 0
36834 0
36834 0
36834 0
36834 14.38356164
36834 23.33333333
36837 0
36837 21.90574753
36837 21.90574753
36837 21.90574753
36837 21.90574753
36837 0
36837 6.26892144
36837 6.079396672
36837 6.079396672
36837 6.079396672
36837 6.079396672
36837 1.770700637
36837 1.770700637
36837 1.770700637
36837 1.770700637
36837 1.770700637
36837 0
36837 3.083688409
36837 0
36837 0
36837 0
36837 0
36837 3.802058175
36837 3.802058175
36837 3.802058175
36837 0
36837 0
36837 1.236486486
36837 1.236486486
36837 0
36837 0
36837 0
36837 0
36837 0
36837 0
36837 14.38356164
36837 23.33333333
37133 0
37133 21.90574753
37133 21.90574753
37133 21.90574753
37133 21.90574753
37133 0
37133 6.26892144
37133 6.079396672
37133 6.079396672
37133 6.079396672
37133 6.079396672
37133 1.770700637
37133 1.770700637
37133 1.770700637
37133 1.770700637
37133 1.770700637
37133 0
37133 3.083688409
37133 0
37133 0
37133 0
37133 0
37133 3.802058175
37133 3.802058175
37133 3.802058175
37133 0
37133 0
37133 1.236486486
37133 1.236486486
37133 0
37133 0
37133 0
37133 0
37133 0
37133 0
37133 14.38356164
37133 23.33333333
37682 0
37682 21.90574753
37682 21.90574753
37682 21.90574753
37682 21.90574753
37682 0
37682 6.26892144
37682 6.079396672
37682 6.079396672
37682 6.079396672
37682 6.079396672
37682 1.770700637
37682 1.770700637
37682 1.770700637
37682 1.770700637
37682 1.770700637
37682 0
37682 3.083688409
37682 0
37682 0
37682 0
37682 0
37682 3.802058175
37682 3.802058175
37682 3.802058175
37682 0
37682 0
37682 1.236486486
37682 1.236486486
37682 0
37682 0
37682 0
37682 0
37682 0
37682 0
37682 14.38356164
37682 23.33333333
36838 0
36838 21.90574753
36838 21.90574753
36838 21.90574753
36838 21.90574753
36838 0
36838 6.26892144
36838 6.079396672
36838 6.079396672
36838 6.079396672
36838 6.079396672
36838 1.770700637
36838 1.770700637
36838 1.770700637
36838 1.770700637
36838 1.770700637
36838 0
36838 3.083688409
36838 0
36838 0
36838 0
36838 0
36838 3.802058175
36838 3.802058175
36838 3.802058175
36838 0
36838 0
36838 1.236486486
36838 1.236486486
36838 0
36838 0
36838 0
36838 0
36838 0
36838 0
36838 14.38356164
36838 23.33333333
576 0
576 21.90574753
576 21.90574753
576 21.90574753
576 21.90574753
576 0
576 6.26892144
576 6.079396672
576 6.079396672
576 6.079396672
576 6.079396672
576 1.770700637
576 1.770700637
576 1.770700637
576 1.770700637
576 1.770700637
576 0
576 3.083688409
576 0
576 0
576 0
576 0
576 3.802058175
576 3.802058175
576 3.802058175
576 0
576 0
576 1.236486486
576 1.236486486
576 0
576 0
576 0
576 0
576 0
576 0
576 14.38356164
576 23.33333333
602 0
602 21.90574753
602 21.90574753
602 21.90574753
602 21.90574753
602 0
602 6.26892144
602 6.079396672
602 6.079396672
602 6.079396672
602 6.079396672
602 1.770700637
602 1.770700637
602 1.770700637
602 1.770700637
602 1.770700637
602 0
602 3.083688409
602 0
602 0
602 0
602 0
602 3.802058175
602 3.802058175
602 3.802058175
602 0
602 0
602 1.236486486
602 1.236486486
602 0
602 0
602 0
602 0
602 0
602 0
602 14.38356164
602 23.33333333
628 0
628 21.90574753
628 21.90574753
628 21.90574753
628 21.90574753
628 0
628 6.26892144
628 6.079396672
628 6.079396672
628 6.079396672
628 6.079396672
628 1.770700637
628 1.770700637
628 1.770700637
628 1.770700637
628 1.770700637
628 0
628 3.083688409
628 0
628 0
628 0
628 0
628 3.802058175
628 3.802058175
628 3.802058175
628 0
628 0
628 1.236486486
628 1.236486486
628 0
628 0
628 0
628 0
628 0
628 0
628 14.38356164
628 23.33333333
37051 0
37051 21.90574753
37051 21.90574753
37051 21.90574753
37051 21.90574753
37051 0
37051 6.26892144
37051 6.079396672
37051 6.079396672
37051 6.079396672
37051 6.079396672
37051 1.770700637
37051 1.770700637
37051 1.770700637
37051 1.770700637
37051 1.770700637
37051 0
37051 3.083688409
37051 0
37051 0
37051 0
37051 0
37051 3.802058175
37051 3.802058175
37051 3.802058175
37051 0
37051 0
37051 1.236486486
37051 1.236486486
37051 0
37051 0
37051 0
37051 0
37051 0
37051 0
37051 14.38356164
37051 23.33333333
577 0
577 21.90574753
577 21.90574753
577 21.90574753
577 21.90574753
577 0
577 6.26892144
577 6.079396672
577 6.079396672
577 6.079396672
577 6.079396672
577 1.770700637
577 1.770700637
577 1.770700637
577 1.770700637
577 1.770700637
577 0
577 3.083688409
577 0
577 0
577 0
577 0
577 3.802058175
577 3.802058175
577 3.802058175
577 0
577 0
577 1.236486486
577 1.236486486
577 0
577 0
577 0
577 0
577 0
577 0
577 14.38356164
577 23.33333333
603 0
603 21.90574753
603 21.90574753
603 21.90574753
603 21.90574753
603 0
603 6.26892144
603 6.079396672
603 6.079396672
603 6.079396672
603 6.079396672
603 1.770700637
603 1.770700637
603 1.770700637
603 1.770700637
603 1.770700637
603 0
603 3.083688409
603 0
603 0
603 0
603 0
603 3.802058175
603 3.802058175
603 3.802058175
603 0
603 0
603 1.236486486
603 1.236486486
603 0
603 0
603 0
603 0
603 0
603 0
603 14.38356164
603 23.33333333
629 0
629 21.90574753
629 21.90574753
629 21.90574753
629 21.90574753
629 0
629 6.26892144
629 6.079396672
629 6.079396672
629 6.079396672
629 6.079396672
629 1.770700637
629 1.770700637
629 1.770700637
629 1.770700637
629 1.770700637
629 0
629 3.083688409
629 0
629 0
629 0
629 0
629 3.802058175
629 3.802058175
629 3.802058175
629 0
629 0
629 1.236486486
629 1.236486486
629 0
629 0
629 0
629 0
629 0
629 0
629 14.38356164
629 23.33333333
655 0
655 21.90574753
655 21.90574753
655 21.90574753
655 21.90574753
655 0
655 6.26892144
655 6.079396672
655 6.079396672
655 6.079396672
655 6.079396672
655 1.770700637
655 1.770700637
655 1.770700637
655 1.770700637
655 1.770700637
655 0
655 3.083688409
655 0
655 0
655 0
655 0
655 3.802058175
655 3.802058175
655 3.802058175
655 0
655 0
655 1.236486486
655 1.236486486
655 0
655 0
655 0
655 0
655 0
655 0
655 14.38356164
655 23.33333333
682 0
682 21.90574753
682 21.90574753
682 21.90574753
682 21.90574753
682 0
682 6.26892144
682 6.079396672
682 6.079396672
682 6.079396672
682 6.079396672
682 1.770700637
682 1.770700637
682 1.770700637
682 1.770700637
682 1.770700637
682 0
682 3.083688409
682 0
682 0
682 0
682 0
682 3.802058175
682 3.802058175
682 3.802058175
682 0
682 0
682 1.236486486
682 1.236486486
682 0
682 0
682 0
682 0
682 0
682 0
682 14.38356164
682 23.33333333
710 0
710 21.90574753
710 21.90574753
710 21.90574753
710 21.90574753
710 0
710 6.26892144
710 6.079396672
710 6.079396672
710 6.079396672
710 6.079396672
710 1.770700637
710 1.770700637
710 1.770700637
710 1.770700637
710 1.770700637
710 0
710 3.083688409
710 0
710 0
710 0
710 0
710 3.802058175
710 3.802058175
710 3.802058175
710 0
710 0
710 1.236486486
710 1.236486486
710 0
710 0
710 0
710 0
710 0
710 0
710 14.38356164
710 23.33333333
738 0
738 21.90574753
738 21.90574753
738 21.90574753
738 21.90574753
738 0
738 6.26892144
738 6.079396672
738 6.079396672
738 6.079396672
738 6.079396672
738 1.770700637
738 1.770700637
738 1.770700637
738 1.770700637
738 1.770700637
738 0
738 3.083688409
738 0
738 0
738 0
738 0
738 3.802058175
738 3.802058175
738 3.802058175
738 0
738 0
738 1.236486486
738 1.236486486
738 0
738 0
738 0
738 0
738 0
738 0
738 14.38356164
738 23.33333333
768 0
768 21.90574753
768 21.90574753
768 21.90574753
768 21.90574753
768 0
768 6.26892144
768 6.079396672
768 6.079396672
768 6.079396672
768 6.079396672
768 1.770700637
768 1.770700637
768 1.770700637
768 1.770700637
768 1.770700637
768 0
768 3.083688409
768 0
768 0
768 0
768 0
768 3.802058175
768 3.802058175
768 3.802058175
768 0
768 0
768 1.236486486
768 1.236486486
768 0
768 0
768 0
768 0
768 0
768 0
768 14.38356164
768 23.33333333
799 0
799 21.90574753
799 21.90574753
799 21.90574753
799 21.90574753
799 0
799 6.26892144
799 6.079396672
799 6.079396672
799 6.079396672
799 6.079396672
799 1.770700637
799 1.770700637
799 1.770700637
799 1.770700637
799 1.770700637
799 0
799 3.083688409
799 0
799 0
799 0
799 0
799 3.802058175
799 3.802058175
799 3.802058175
799 0
799 0
799 1.236486486
799 1.236486486
799 0
799 0
799 0
799 0
799 0
799 0
799 14.38356164
799 23.33333333
829 0
829 21.90574753
829 21.90574753
829 21.90574753
829 21.90574753
829 0
829 6.26892144
829 6.079396672
829 6.079396672
829 6.079396672
829 6.079396672
829 1.770700637
829 1.770700637
829 1.770700637
829 1.770700637
829 1.770700637
829 0
829 3.083688409
829 0
829 0
829 0
829 0
829 3.802058175
829 3.802058175
829 3.802058175
829 0
829 0
829 1.236486486
829 1.236486486
829 0
829 0
829 0
829 0
829 0
829 0
829 14.38356164
829 23.33333333
861 0
861 21.90574753
861 21.90574753
861 21.90574753
861 21.90574753
861 0
861 6.26892144
861 6.079396672
861 6.079396672
861 6.079396672
861 6.079396672
861 1.770700637
861 1.770700637
861 1.770700637
861 1.770700637
861 1.770700637
861 0
861 3.083688409
861 0
861 0
861 0
861 0
861 3.802058175
861 3.802058175
861 3.802058175
861 0
861 0
861 1.236486486
861 1.236486486
861 0
861 0
861 0
861 0
861 0
861 0
861 14.38356164
861 23.33333333
892 0
892 21.90574753
892 21.90574753
892 21.90574753
892 21.90574753
892 0
892 6.26892144
892 6.079396672
892 6.079396672
892 6.079396672
892 6.079396672
892 1.770700637
892 1.770700637
892 1.770700637
892 1.770700637
892 1.770700637
892 0
892 3.083688409
892 0
892 0
892 0
892 0
892 3.802058175
892 3.802058175
892 3.802058175
892 0
892 0
892 1.236486486
892 1.236486486
892 0
892 0
892 0
892 0
892 0
892 0
892 14.38356164
892 23.33333333
924 0
924 21.90574753
924 21.90574753
924 21.90574753
924 21.90574753
924 0
924 6.26892144
924 6.079396672
924 6.079396672
924 6.079396672
924 6.079396672
924 1.770700637
924 1.770700637
924 1.770700637
924 1.770700637
924 1.770700637
924 0
924 3.083688409
924 0
924 0
924 0
924 0
924 3.802058175
924 3.802058175
924 3.802058175
924 0
924 0
924 1.236486486
924 1.236486486
924 0
924 0
924 0
924 0
924 0
924 0
924 14.38356164
924 23.33333333
957 0
957 21.90574753
957 21.90574753
957 21.90574753
957 21.90574753
957 0
957 6.26892144
957 6.079396672
957 6.079396672
957 6.079396672
957 6.079396672
957 1.770700637
957 1.770700637
957 1.770700637
957 1.770700637
957 1.770700637
957 0
957 3.083688409
957 0
957 0
957 0
957 0
957 3.802058175
957 3.802058175
957 3.802058175
957 0
957 0
957 1.236486486
957 1.236486486
957 0
957 0
957 0
957 0
957 0
957 0
957 14.38356164
957 23.33333333
604 0
604 21.90574753
604 21.90574753
604 21.90574753
604 21.90574753
604 0
604 6.26892144
604 6.079396672
604 6.079396672
604 6.079396672
604 6.079396672
604 1.770700637
604 1.770700637
604 1.770700637
604 1.770700637
604 1.770700637
604 0
604 3.083688409
604 0
604 0
604 0
604 0
604 3.802058175
604 3.802058175
604 3.802058175
604 0
604 0
604 1.236486486
604 1.236486486
604 0
604 0
604 0
604 0
604 0
604 0
604 14.38356164
604 23.33333333
630 0
630 21.90574753
630 21.90574753
630 21.90574753
630 21.90574753
630 0
630 6.26892144
630 6.079396672
630 6.079396672
630 6.079396672
630 6.079396672
630 1.770700637
630 1.770700637
630 1.770700637
630 1.770700637
630 1.770700637
630 0
630 3.083688409
630 0
630 0
630 0
630 0
630 3.802058175
630 3.802058175
630 3.802058175
630 0
630 0
630 1.236486486
630 1.236486486
630 0
630 0
630 0
630 0
630 0
630 0
630 14.38356164
630 23.33333333
656 0
656 21.90574753
656 21.90574753
656 21.90574753
656 21.90574753
656 0
656 6.26892144
656 6.079396672
656 6.079396672
656 6.079396672
656 6.079396672
656 1.770700637
656 1.770700637
656 1.770700637
656 1.770700637
656 1.770700637
656 0
656 3.083688409
656 0
656 0
656 0
656 0
656 3.802058175
656 3.802058175
656 3.802058175
656 0
656 0
656 1.236486486
656 1.236486486
656 0
656 0
656 0
656 0
656 0
656 0
656 14.38356164
656 23.33333333
683 0
683 21.90574753
683 21.90574753
683 21.90574753
683 21.90574753
683 0
683 6.26892144
683 6.079396672
683 6.079396672
683 6.079396672
683 6.079396672
683 1.770700637
683 1.770700637
683 1.770700637
683 1.770700637
683 1.770700637
683 0
683 3.083688409
683 0
683 0
683 0
683 0
683 3.802058175
683 3.802058175
683 3.802058175
683 0
683 0
683 1.236486486
683 1.236486486
683 0
683 0
683 0
683 0
683 0
683 0
683 14.38356164
683 23.33333333
711 0
711 21.90574753
711 21.90574753
711 21.90574753
711 21.90574753
711 0
711 6.26892144
711 6.079396672
711 6.079396672
711 6.079396672
711 6.079396672
711 1.770700637
711 1.770700637
711 1.770700637
711 1.770700637
711 1.770700637
711 0
711 3.083688409
711 0
711 0
711 0
711 0
711 3.802058175
711 3.802058175
711 3.802058175
711 0
711 0
711 1.236486486
711 1.236486486
711 0
711 0
711 0
711 0
711 0
711 0
711 14.38356164
711 23.33333333
739 0
739 21.90574753
739 21.90574753
739 21.90574753
739 21.90574753
739 0
739 6.26892144
739 6.079396672
739 6.079396672
739 6.079396672
739 6.079396672
739 1.770700637
739 1.770700637
739 1.770700637
739 1.770700637
739 1.770700637
739 0
739 3.083688409
739 0
739 0
739 0
739 0
739 3.802058175
739 3.802058175
739 3.802058175
739 0
739 0
739 1.236486486
739 1.236486486
739 0
739 0
739 0
739 0
739 0
739 0
739 14.38356164
739 23.33333333
769 0
769 21.90574753
769 21.90574753
769 21.90574753
769 21.90574753
769 0
769 6.26892144
769 6.079396672
769 6.079396672
769 6.079396672
769 6.079396672
769 1.770700637
769 1.770700637
769 1.770700637
769 1.770700637
769 1.770700637
769 0
769 3.083688409
769 0
769 0
769 0
769 0
769 3.802058175
769 3.802058175
769 3.802058175
769 0
769 0
769 1.236486486
769 1.236486486
769 0
769 0
769 0
769 0
769 0
769 0
769 14.38356164
769 23.33333333
800 0
800 21.90574753
800 21.90574753
800 21.90574753
800 21.90574753
800 0
800 6.26892144
800 6.079396672
800 6.079396672
800 6.079396672
800 6.079396672
800 1.770700637
800 1.770700637
800 1.770700637
800 1.770700637
800 1.770700637
800 0
800 3.083688409
800 0
800 0
800 0
800 0
800 3.802058175
800 3.802058175
800 3.802058175
800 0
800 0
800 1.236486486
800 1.236486486
800 0
800 0
800 0
800 0
800 0
800 0
800 14.38356164
800 23.33333333
830 0
830 21.90574753
830 21.90574753
830 21.90574753
830 21.90574753
830 0
830 6.26892144
830 6.079396672
830 6.079396672
830 6.079396672
830 6.079396672
830 1.770700637
830 1.770700637
830 1.770700637
830 1.770700637
830 1.770700637
830 0
830 3.083688409
830 0
830 0
830 0
830 0
830 3.802058175
830 3.802058175
830 3.802058175
830 0
830 0
830 1.236486486
830 1.236486486
830 0
830 0
830 0
830 0
830 0
830 0
830 14.38356164
830 23.33333333
862 0
862 21.90574753
862 21.90574753
862 21.90574753
862 21.90574753
862 0
862 6.26892144
862 6.079396672
862 6.079396672
862 6.079396672
862 6.079396672
862 1.770700637
862 1.770700637
862 1.770700637
862 1.770700637
862 1.770700637
862 0
862 3.083688409
862 0
862 0
862 0
862 0
862 3.802058175
862 3.802058175
862 3.802058175
862 0
862 0
862 1.236486486
862 1.236486486
862 0
862 0
862 0
862 0
862 0
862 0
862 14.38356164
862 23.33333333
893 0
893 21.90574753
893 21.90574753
893 21.90574753
893 21.90574753
893 0
893 6.26892144
893 6.079396672
893 6.079396672
893 6.079396672
893 6.079396672
893 1.770700637
893 1.770700637
893 1.770700637
893 1.770700637
893 1.770700637
893 0
893 3.083688409
893 0
893 0
893 0
893 0
893 3.802058175
893 3.802058175
893 3.802058175
893 0
893 0
893 1.236486486
893 1.236486486
893 0
893 0
893 0
893 0
893 0
893 0
893 14.38356164
893 23.33333333
925 0
925 21.90574753
925 21.90574753
925 21.90574753
925 21.90574753
925 0
925 6.26892144
925 6.079396672
925 6.079396672
925 6.079396672
925 6.079396672
925 1.770700637
925 1.770700637
925 1.770700637
925 1.770700637
925 1.770700637
925 0
925 3.083688409
925 0
925 0
925 0
925 0
925 3.802058175
925 3.802058175
925 3.802058175
925 0
925 0
925 1.236486486
925 1.236486486
925 0
925 0
925 0
925 0
925 0
925 0
925 14.38356164
925 23.33333333
958 0
958 21.90574753
958 21.90574753
958 21.90574753
958 21.90574753
958 0
958 6.26892144
958 6.079396672
958 6.079396672
958 6.079396672
958 6.079396672
958 1.770700637
958 1.770700637
958 1.770700637
958 1.770700637
958 1.770700637
958 0
958 3.083688409
958 0
958 0
958 0
958 0
958 3.802058175
958 3.802058175
958 3.802058175
958 0
958 0
958 1.236486486
958 1.236486486
958 0
958 0
958 0
958 0
958 0
958 0
958 14.38356164
958 23.33333333
993 0
993 21.90574753
993 21.90574753
993 21.90574753
993 21.90574753
993 0
993 6.26892144
993 6.079396672
993 6.079396672
993 6.079396672
993 6.079396672
993 1.770700637
993 1.770700637
993 1.770700637
993 1.770700637
993 1.770700637
993 0
993 3.083688409
993 0
993 0
993 0
993 0
993 3.802058175
993 3.802058175
993 3.802058175
993 0
993 0
993 1.236486486
993 1.236486486
993 0
993 0
993 0
993 0
993 0
993 0
993 14.38356164
993 23.33333333
1029 0
1029 21.90574753
1029 21.90574753
1029 21.90574753
1029 21.90574753
1029 0
1029 6.26892144
1029 6.079396672
1029 6.079396672
1029 6.079396672
1029 6.079396672
1029 1.770700637
1029 1.770700637
1029 1.770700637
1029 1.770700637
1029 1.770700637
1029 0
1029 3.083688409
1029 0
1029 0
1029 0
1029 0
1029 3.802058175
1029 3.802058175
1029 3.802058175
1029 0
1029 0
1029 1.236486486
1029 1.236486486
1029 0
1029 0
1029 0
1029 0
1029 0
1029 0
1029 14.38356164
1029 23.33333333
631 0
631 21.90574753
631 21.90574753
631 21.90574753
631 21.90574753
631 0
631 6.26892144
631 6.079396672
631 6.079396672
631 6.079396672
631 6.079396672
631 1.770700637
631 1.770700637
631 1.770700637
631 1.770700637
631 1.770700637
631 0
631 3.083688409
631 0
631 0
631 0
631 0
631 3.802058175
631 3.802058175
631 3.802058175
631 0
631 0
631 1.236486486
631 1.236486486
631 0
631 0
631 0
631 0
631 0
631 0
631 14.38356164
631 23.33333333
657 0
657 21.90574753
657 21.90574753
657 21.90574753
657 21.90574753
657 0
657 6.26892144
657 6.079396672
657 6.079396672
657 6.079396672
657 6.079396672
657 1.770700637
657 1.770700637
657 1.770700637
657 1.770700637
657 1.770700637
657 0
657 3.083688409
657 0
657 0
657 0
657 0
657 3.802058175
657 3.802058175
657 3.802058175
657 0
657 0
657 1.236486486
657 1.236486486
657 0
657 0
657 0
657 0
657 0
657 0
657 14.38356164
657 23.33333333
684 0
684 21.90574753
684 21.90574753
684 21.90574753
684 21.90574753
684 0
684 6.26892144
684 6.079396672
684 6.079396672
684 6.079396672
684 6.079396672
684 1.770700637
684 1.770700637
684 1.770700637
684 1.770700637
684 1.770700637
684 0
684 3.083688409
684 0
684 0
684 0
684 0
684 3.802058175
684 3.802058175
684 3.802058175
684 0
684 0
684 1.236486486
684 1.236486486
684 0
684 0
684 0
684 0
684 0
684 0
684 14.38356164
684 23.33333333
712 0
712 21.90574753
712 21.90574753
712 21.90574753
712 21.90574753
712 0
712 6.26892144
712 6.079396672
712 6.079396672
712 6.079396672
712 6.079396672
712 1.770700637
712 1.770700637
712 1.770700637
712 1.770700637
712 1.770700637
712 0
712 3.083688409
712 0
712 0
712 0
712 0
712 3.802058175
712 3.802058175
712 3.802058175
712 0
712 0
712 1.236486486
712 1.236486486
712 0
712 0
712 0
712 0
712 0
712 0
712 14.38356164
712 23.33333333
740 0
740 21.90574753
740 21.90574753
740 21.90574753
740 21.90574753
740 0
740 6.26892144
740 6.079396672
740 6.079396672
740 6.079396672
740 6.079396672
740 1.770700637
740 1.770700637
740 1.770700637
740 1.770700637
740 1.770700637
740 0
740 3.083688409
740 0
740 0
740 0
740 0
740 3.802058175
740 3.802058175
740 3.802058175
740 0
740 0
740 1.236486486
740 1.236486486
740 0
740 0
740 0
740 0
740 0
740 0
740 14.38356164
740 23.33333333
770 0
770 21.90574753
770 21.90574753
770 21.90574753
770 21.90574753
770 0
770 6.26892144
770 6.079396672
770 6.079396672
770 6.079396672
770 6.079396672
770 1.770700637
770 1.770700637
770 1.770700637
770 1.770700637
770 1.770700637
770 0
770 3.083688409
770 0
770 0
770 0
770 0
770 3.802058175
770 3.802058175
770 3.802058175
770 0
770 0
770 1.236486486
770 1.236486486
770 0
770 0
770 0
770 0
770 0
770 0
770 14.38356164
770 23.33333333
801 0
801 21.90574753
801 21.90574753
801 21.90574753
801 21.90574753
801 0
801 6.26892144
801 6.079396672
801 6.079396672
801 6.079396672
801 6.079396672
801 1.770700637
801 1.770700637
801 1.770700637
801 1.770700637
801 1.770700637
801 0
801 3.083688409
801 0
801 0
801 0
801 0
801 3.802058175
801 3.802058175
801 3.802058175
801 0
801 0
801 1.236486486
801 1.236486486
801 0
801 0
801 0
801 0
801 0
801 0
801 14.38356164
801 23.33333333
831 0
831 21.90574753
831 21.90574753
831 21.90574753
831 21.90574753
831 0
831 6.26892144
831 6.079396672
831 6.079396672
831 6.079396672
831 6.079396672
831 1.770700637
831 1.770700637
831 1.770700637
831 1.770700637
831 1.770700637
831 0
831 3.083688409
831 0
831 0
831 0
831 0
831 3.802058175
831 3.802058175
831 3.802058175
831 0
831 0
831 1.236486486
831 1.236486486
831 0
831 0
831 0
831 0
831 0
831 0
831 14.38356164
831 23.33333333
863 0
863 21.90574753
863 21.90574753
863 21.90574753
863 21.90574753
863 0
863 6.26892144
863 6.079396672
863 6.079396672
863 6.079396672
863 6.079396672
863 1.770700637
863 1.770700637
863 1.770700637
863 1.770700637
863 1.770700637
863 0
863 3.083688409
863 0
863 0
863 0
863 0
863 3.802058175
863 3.802058175
863 3.802058175
863 0
863 0
863 1.236486486
863 1.236486486
863 0
863 0
863 0
863 0
863 0
863 0
863 14.38356164
863 23.33333333
894 0
894 21.90574753
894 21.90574753
894 21.90574753
894 21.90574753
894 0
894 6.26892144
894 6.079396672
894 6.079396672
894 6.079396672
894 6.079396672
894 1.770700637
894 1.770700637
894 1.770700637
894 1.770700637
894 1.770700637
894 0
894 3.083688409
894 0
894 0
894 0
894 0
894 3.802058175
894 3.802058175
894 3.802058175
894 0
894 0
894 1.236486486
894 1.236486486
894 0
894 0
894 0
894 0
894 0
894 0
894 14.38356164
894 23.33333333
926 0
926 21.90574753
926 21.90574753
926 21.90574753
926 21.90574753
926 0
926 6.26892144
926 6.079396672
926 6.079396672
926 6.079396672
926 6.079396672
926 1.770700637
926 1.770700637
926 1.770700637
926 1.770700637
926 1.770700637
926 0
926 3.083688409
926 0
926 0
926 0
926 0
926 3.802058175
926 3.802058175
926 3.802058175
926 0
926 0
926 1.236486486
926 1.236486486
926 0
926 0
926 0
926 0
926 0
926 0
926 14.38356164
926 23.33333333
959 0
959 21.90574753
959 21.90574753
959 21.90574753
959 21.90574753
959 0
959 6.26892144
959 6.079396672
959 6.079396672
959 6.079396672
959 6.079396672
959 1.770700637
959 1.770700637
959 1.770700637
959 1.770700637
959 1.770700637
959 0
959 3.083688409
959 0
959 0
959 0
959 0
959 3.802058175
959 3.802058175
959 3.802058175
959 0
959 0
959 1.236486486
959 1.236486486
959 0
959 0
959 0
959 0
959 0
959 0
959 14.38356164
959 23.33333333
994 0
994 21.90574753
994 21.90574753
994 21.90574753
994 21.90574753
994 0
994 6.26892144
994 6.079396672
994 6.079396672
994 6.079396672
994 6.079396672
994 1.770700637
994 1.770700637
994 1.770700637
994 1.770700637
994 1.770700637
994 0
994 3.083688409
994 0
994 0
994 0
994 0
994 3.802058175
994 3.802058175
994 3.802058175
994 0
994 0
994 1.236486486
994 1.236486486
994 0
994 0
994 0
994 0
994 0
994 0
994 14.38356164
994 23.33333333
1030 0
1030 21.90574753
1030 21.90574753
1030 21.90574753
1030 21.90574753
1030 0
1030 6.26892144
1030 6.079396672
1030 6.079396672
1030 6.079396672
1030 6.079396672
1030 1.770700637
1030 1.770700637
1030 1.770700637
1030 1.770700637
1030 1.770700637
1030 0
1030 3.083688409
1030 0
1030 0
1030 0
1030 0
1030 3.802058175
1030 3.802058175
1030 3.802058175
1030 0
1030 0
1030 1.236486486
1030 1.236486486
1030 0
1030 0
1030 0
1030 0
1030 0
1030 0
1030 14.38356164
1030 23.33333333
1069 0
1069 21.90574753
1069 21.90574753
1069 21.90574753
1069 21.90574753
1069 0
1069 6.26892144
1069 6.079396672
1069 6.079396672
1069 6.079396672
1069 6.079396672
1069 1.770700637
1069 1.770700637
1069 1.770700637
1069 1.770700637
1069 1.770700637
1069 0
1069 3.083688409
1069 0
1069 0
1069 0
1069 0
1069 3.802058175
1069 3.802058175
1069 3.802058175
1069 0
1069 0
1069 1.236486486
1069 1.236486486
1069 0
1069 0
1069 0
1069 0
1069 0
1069 0
1069 14.38356164
1069 23.33333333
685 0
685 21.90574753
685 21.90574753
685 21.90574753
685 21.90574753
685 0
685 6.26892144
685 6.079396672
685 6.079396672
685 6.079396672
685 6.079396672
685 1.770700637
685 1.770700637
685 1.770700637
685 1.770700637
685 1.770700637
685 0
685 3.083688409
685 0
685 0
685 0
685 0
685 3.802058175
685 3.802058175
685 3.802058175
685 0
685 0
685 1.236486486
685 1.236486486
685 0
685 0
685 0
685 0
685 0
685 0
685 14.38356164
685 23.33333333
713 0
713 21.90574753
713 21.90574753
713 21.90574753
713 21.90574753
713 0
713 6.26892144
713 6.079396672
713 6.079396672
713 6.079396672
713 6.079396672
713 1.770700637
713 1.770700637
713 1.770700637
713 1.770700637
713 1.770700637
713 0
713 3.083688409
713 0
713 0
713 0
713 0
713 3.802058175
713 3.802058175
713 3.802058175
713 0
713 0
713 1.236486486
713 1.236486486
713 0
713 0
713 0
713 0
713 0
713 0
713 14.38356164
713 23.33333333
741 0
741 21.90574753
741 21.90574753
741 21.90574753
741 21.90574753
741 0
741 6.26892144
741 6.079396672
741 6.079396672
741 6.079396672
741 6.079396672
741 1.770700637
741 1.770700637
741 1.770700637
741 1.770700637
741 1.770700637
741 0
741 3.083688409
741 0
741 0
741 0
741 0
741 3.802058175
741 3.802058175
741 3.802058175
741 0
741 0
741 1.236486486
741 1.236486486
741 0
741 0
741 0
741 0
741 0
741 0
741 14.38356164
741 23.33333333
771 0
771 21.90574753
771 21.90574753
771 21.90574753
771 21.90574753
771 0
771 6.26892144
771 6.079396672
771 6.079396672
771 6.079396672
771 6.079396672
771 1.770700637
771 1.770700637
771 1.770700637
771 1.770700637
771 1.770700637
771 0
771 3.083688409
771 0
771 0
771 0
771 0
771 3.802058175
771 3.802058175
771 3.802058175
771 0
771 0
771 1.236486486
771 1.236486486
771 0
771 0
771 0
771 0
771 0
771 0
771 14.38356164
771 23.33333333
864 0
864 21.90574753
864 21.90574753
864 21.90574753
864 21.90574753
864 0
864 6.26892144
864 6.079396672
864 6.079396672
864 6.079396672
864 6.079396672
864 1.770700637
864 1.770700637
864 1.770700637
864 1.770700637
864 1.770700637
864 0
864 3.083688409
864 0
864 0
864 0
864 0
864 3.802058175
864 3.802058175
864 3.802058175
864 0
864 0
864 1.236486486
864 1.236486486
864 0
864 0
864 0
864 0
864 0
864 0
864 14.38356164
864 23.33333333
895 0
895 21.90574753
895 21.90574753
895 21.90574753
895 21.90574753
895 0
895 6.26892144
895 6.079396672
895 6.079396672
895 6.079396672
895 6.079396672
895 1.770700637
895 1.770700637
895 1.770700637
895 1.770700637
895 1.770700637
895 0
895 3.083688409
895 0
895 0
895 0
895 0
895 3.802058175
895 3.802058175
895 3.802058175
895 0
895 0
895 1.236486486
895 1.236486486
895 0
895 0
895 0
895 0
895 0
895 0
895 14.38356164
895 23.33333333
927 0
927 21.90574753
927 21.90574753
927 21.90574753
927 21.90574753
927 0
927 6.26892144
927 6.079396672
927 6.079396672
927 6.079396672
927 6.079396672
927 1.770700637
927 1.770700637
927 1.770700637
927 1.770700637
927 1.770700637
927 0
927 3.083688409
927 0
927 0
927 0
927 0
927 3.802058175
927 3.802058175
927 3.802058175
927 0
927 0
927 1.236486486
927 1.236486486
927 0
927 0
927 0
927 0
927 0
927 0
927 14.38356164
927 23.33333333
960 0
960 21.90574753
960 21.90574753
960 21.90574753
960 21.90574753
960 0
960 6.26892144
960 6.079396672
960 6.079396672
960 6.079396672
960 6.079396672
960 1.770700637
960 1.770700637
960 1.770700637
960 1.770700637
960 1.770700637
960 0
960 3.083688409
960 0
960 0
960 0
960 0
960 3.802058175
960 3.802058175
960 3.802058175
960 0
960 0
960 1.236486486
960 1.236486486
960 0
960 0
960 0
960 0
960 0
960 0
960 14.38356164
960 23.33333333
995 0
995 21.90574753
995 21.90574753
995 21.90574753
995 21.90574753
995 0
995 6.26892144
995 6.079396672
995 6.079396672
995 6.079396672
995 6.079396672
995 1.770700637
995 1.770700637
995 1.770700637
995 1.770700637
995 1.770700637
995 0
995 3.083688409
995 0
995 0
995 0
995 0
995 3.802058175
995 3.802058175
995 3.802058175
995 0
995 0
995 1.236486486
995 1.236486486
995 0
995 0
995 0
995 0
995 0
995 0
995 14.38356164
995 23.33333333
1031 0
1031 21.90574753
1031 21.90574753
1031 21.90574753
1031 21.90574753
1031 0
1031 6.26892144
1031 6.079396672
1031 6.079396672
1031 6.079396672
1031 6.079396672
1031 1.770700637
1031 1.770700637
1031 1.770700637
1031 1.770700637
1031 1.770700637
1031 0
1031 3.083688409
1031 0
1031 0
1031 0
1031 0
1031 3.802058175
1031 3.802058175
1031 3.802058175
1031 0
1031 0
1031 1.236486486
1031 1.236486486
1031 0
1031 0
1031 0
1031 0
1031 0
1031 0
1031 14.38356164
1031 23.33333333
