pt_graph cpue_kghour
3943 0
3943 175.24598024
3943 175.24598024
3943 175.24598024
3943 175.24598024
3943 0
3943 50.15137152
3943 48.635173376
3943 48.635173376
3943 48.635173376
3943 48.635173376
3943 14.165605096
3943 14.165605096
3943 14.165605096
3943 14.165605096
3943 14.165605096
3943 0
3943 24.669507272
3943 0
3943 0
3943 0
3943 0
3943 30.4164654
3943 30.4164654
3943 30.4164654
3943 0
3943 0
3943 9.891891888
3943 9.891891888
3943 0
3943 0
3943 0
3943 0
3943 0
3943 0
3943 115.06849312
3943 186.66666664
4002 0
4002 175.24598024
4002 175.24598024
4002 175.24598024
4002 175.24598024
4002 0
4002 50.15137152
4002 48.635173376
4002 48.635173376
4002 48.635173376
4002 48.635173376
4002 14.165605096
4002 14.165605096
4002 14.165605096
4002 14.165605096
4002 14.165605096
4002 0
4002 24.669507272
4002 0
4002 0
4002 0
4002 0
4002 30.4164654
4002 30.4164654
4002 30.4164654
4002 0
4002 0
4002 9.891891888
4002 9.891891888
4002 0
4002 0
4002 0
4002 0
4002 0
4002 0
4002 115.06849312
4002 186.66666664
4056 0
4056 175.24598024
4056 175.24598024
4056 175.24598024
4056 175.24598024
4056 0
4056 50.15137152
4056 48.635173376
4056 48.635173376
4056 48.635173376
4056 48.635173376
4056 14.165605096
4056 14.165605096
4056 14.165605096
4056 14.165605096
4056 14.165605096
4056 0
4056 24.669507272
4056 0
4056 0
4056 0
4056 0
4056 30.4164654
4056 30.4164654
4056 30.4164654
4056 0
4056 0
4056 9.891891888
4056 9.891891888
4056 0
4056 0
4056 0
4056 0
4056 0
4056 0
4056 115.06849312
4056 186.66666664
4104 0
4104 175.24598024
4104 175.24598024
4104 175.24598024
4104 175.24598024
4104 0
4104 50.15137152
4104 48.635173376
4104 48.635173376
4104 48.635173376
4104 48.635173376
4104 14.165605096
4104 14.165605096
4104 14.165605096
4104 14.165605096
4104 14.165605096
4104 0
4104 24.669507272
4104 0
4104 0
4104 0
4104 0
4104 30.4164654
4104 30.4164654
4104 30.4164654
4104 0
4104 0
4104 9.891891888
4104 9.891891888
4104 0
4104 0
4104 0
4104 0
4104 0
4104 0
4104 115.06849312
4104 186.66666664
4148 0
4148 175.24598024
4148 175.24598024
4148 175.24598024
4148 175.24598024
4148 0
4148 50.15137152
4148 48.635173376
4148 48.635173376
4148 48.635173376
4148 48.635173376
4148 14.165605096
4148 14.165605096
4148 14.165605096
4148 14.165605096
4148 14.165605096
4148 0
4148 24.669507272
4148 0
4148 0
4148 0
4148 0
4148 30.4164654
4148 30.4164654
4148 30.4164654
4148 0
4148 0
4148 9.891891888
4148 9.891891888
4148 0
4148 0
4148 0
4148 0
4148 0
4148 0
4148 115.06849312
4148 186.66666664
4185 0
4185 175.24598024
4185 175.24598024
4185 175.24598024
4185 175.24598024
4185 0
4185 50.15137152
4185 48.635173376
4185 48.635173376
4185 48.635173376
4185 48.635173376
4185 14.165605096
4185 14.165605096
4185 14.165605096
4185 14.165605096
4185 14.165605096
4185 0
4185 24.669507272
4185 0
4185 0
4185 0
4185 0
4185 30.4164654
4185 30.4164654
4185 30.4164654
4185 0
4185 0
4185 9.891891888
4185 9.891891888
4185 0
4185 0
4185 0
4185 0
4185 0
4185 0
4185 115.06849312
4185 186.66666664
4222 0
4222 175.24598024
4222 175.24598024
4222 175.24598024
4222 175.24598024
4222 0
4222 50.15137152
4222 48.635173376
4222 48.635173376
4222 48.635173376
4222 48.635173376
4222 14.165605096
4222 14.165605096
4222 14.165605096
4222 14.165605096
4222 14.165605096
4222 0
4222 24.669507272
4222 0
4222 0
4222 0
4222 0
4222 30.4164654
4222 30.4164654
4222 30.4164654
4222 0
4222 0
4222 9.891891888
4222 9.891891888
4222 0
4222 0
4222 0
4222 0
4222 0
4222 0
4222 115.06849312
4222 186.66666664
4186 0
4186 175.24598024
4186 175.24598024
4186 175.24598024
4186 175.24598024
4186 0
4186 50.15137152
4186 48.635173376
4186 48.635173376
4186 48.635173376
4186 48.635173376
4186 14.165605096
4186 14.165605096
4186 14.165605096
4186 14.165605096
4186 14.165605096
4186 0
4186 24.669507272
4186 0
4186 0
4186 0
4186 0
4186 30.4164654
4186 30.4164654
4186 30.4164654
4186 0
4186 0
4186 9.891891888
4186 9.891891888
4186 0
4186 0
4186 0
4186 0
4186 0
4186 0
4186 115.06849312
4186 186.66666664
4223 0
4223 175.24598024
4223 175.24598024
4223 175.24598024
4223 175.24598024
4223 0
4223 50.15137152
4223 48.635173376
4223 48.635173376
4223 48.635173376
4223 48.635173376
4223 14.165605096
4223 14.165605096
4223 14.165605096
4223 14.165605096
4223 14.165605096
4223 0
4223 24.669507272
4223 0
4223 0
4223 0
4223 0
4223 30.4164654
4223 30.4164654
4223 30.4164654
4223 0
4223 0
4223 9.891891888
4223 9.891891888
4223 0
4223 0
4223 0
4223 0
4223 0
4223 0
4223 115.06849312
4223 186.66666664
4263 0
4263 175.24598024
4263 175.24598024
4263 175.24598024
4263 175.24598024
4263 0
4263 50.15137152
4263 48.635173376
4263 48.635173376
4263 48.635173376
4263 48.635173376
4263 14.165605096
4263 14.165605096
4263 14.165605096
4263 14.165605096
4263 14.165605096
4263 0
4263 24.669507272
4263 0
4263 0
4263 0
4263 0
4263 30.4164654
4263 30.4164654
4263 30.4164654
4263 0
4263 0
4263 9.891891888
4263 9.891891888
4263 0
4263 0
4263 0
4263 0
4263 0
4263 0
4263 115.06849312
4263 186.66666664
4301 0
4301 175.24598024
4301 175.24598024
4301 175.24598024
4301 175.24598024
4301 0
4301 50.15137152
4301 48.635173376
4301 48.635173376
4301 48.635173376
4301 48.635173376
4301 14.165605096
4301 14.165605096
4301 14.165605096
4301 14.165605096
4301 14.165605096
4301 0
4301 24.669507272
4301 0
4301 0
4301 0
4301 0
4301 30.4164654
4301 30.4164654
4301 30.4164654
4301 0
4301 0
4301 9.891891888
4301 9.891891888
4301 0
4301 0
4301 0
4301 0
4301 0
4301 0
4301 115.06849312
4301 186.66666664
4341 0
4341 175.24598024
4341 175.24598024
4341 175.24598024
4341 175.24598024
4341 0
4341 50.15137152
4341 48.635173376
4341 48.635173376
4341 48.635173376
4341 48.635173376
4341 14.165605096
4341 14.165605096
4341 14.165605096
4341 14.165605096
4341 14.165605096
4341 0
4341 24.669507272
4341 0
4341 0
4341 0
4341 0
4341 30.4164654
4341 30.4164654
4341 30.4164654
4341 0
4341 0
4341 9.891891888
4341 9.891891888
4341 0
4341 0
4341 0
4341 0
4341 0
4341 0
4341 115.06849312
4341 186.66666664
3720 0
3720 175.24598024
3720 175.24598024
3720 175.24598024
3720 175.24598024
3720 0
3720 50.15137152
3720 48.635173376
3720 48.635173376
3720 48.635173376
3720 48.635173376
3720 14.165605096
3720 14.165605096
3720 14.165605096
3720 14.165605096
3720 14.165605096
3720 0
3720 24.669507272
3720 0
3720 0
3720 0
3720 0
3720 30.4164654
3720 30.4164654
3720 30.4164654
3720 0
3720 0
3720 9.891891888
3720 9.891891888
3720 0
3720 0
3720 0
3720 0
3720 0
3720 0
3720 115.06849312
3720 186.66666664
3945 0
3945 175.24598024
3945 175.24598024
3945 175.24598024
3945 175.24598024
3945 0
3945 50.15137152
3945 48.635173376
3945 48.635173376
3945 48.635173376
3945 48.635173376
3945 14.165605096
3945 14.165605096
3945 14.165605096
3945 14.165605096
3945 14.165605096
3945 0
3945 24.669507272
3945 0
3945 0
3945 0
3945 0
3945 30.4164654
3945 30.4164654
3945 30.4164654
3945 0
3945 0
3945 9.891891888
3945 9.891891888
3945 0
3945 0
3945 0
3945 0
3945 0
3945 0
3945 115.06849312
3945 186.66666664
4004 0
4004 175.24598024
4004 175.24598024
4004 175.24598024
4004 175.24598024
4004 0
4004 50.15137152
4004 48.635173376
4004 48.635173376
4004 48.635173376
4004 48.635173376
4004 14.165605096
4004 14.165605096
4004 14.165605096
4004 14.165605096
4004 14.165605096
4004 0
4004 24.669507272
4004 0
4004 0
4004 0
4004 0
4004 30.4164654
4004 30.4164654
4004 30.4164654
4004 0
4004 0
4004 9.891891888
4004 9.891891888
4004 0
4004 0
4004 0
4004 0
4004 0
4004 0
4004 115.06849312
4004 186.66666664
4058 0
4058 175.24598024
4058 175.24598024
4058 175.24598024
4058 175.24598024
4058 0
4058 50.15137152
4058 48.635173376
4058 48.635173376
4058 48.635173376
4058 48.635173376
4058 14.165605096
4058 14.165605096
4058 14.165605096
4058 14.165605096
4058 14.165605096
4058 0
4058 24.669507272
4058 0
4058 0
4058 0
4058 0
4058 30.4164654
4058 30.4164654
4058 30.4164654
4058 0
4058 0
4058 9.891891888
4058 9.891891888
4058 0
4058 0
4058 0
4058 0
4058 0
4058 0
4058 115.06849312
4058 186.66666664
4106 0
4106 175.24598024
4106 175.24598024
4106 175.24598024
4106 175.24598024
4106 0
4106 50.15137152
4106 48.635173376
4106 48.635173376
4106 48.635173376
4106 48.635173376
4106 14.165605096
4106 14.165605096
4106 14.165605096
4106 14.165605096
4106 14.165605096
4106 0
4106 24.669507272
4106 0
4106 0
4106 0
4106 0
4106 30.4164654
4106 30.4164654
4106 30.4164654
4106 0
4106 0
4106 9.891891888
4106 9.891891888
4106 0
4106 0
4106 0
4106 0
4106 0
4106 0
4106 115.06849312
4106 186.66666664
4150 0
4150 175.24598024
4150 175.24598024
4150 175.24598024
4150 175.24598024
4150 0
4150 50.15137152
4150 48.635173376
4150 48.635173376
4150 48.635173376
4150 48.635173376
4150 14.165605096
4150 14.165605096
4150 14.165605096
4150 14.165605096
4150 14.165605096
4150 0
4150 24.669507272
4150 0
4150 0
4150 0
4150 0
4150 30.4164654
4150 30.4164654
4150 30.4164654
4150 0
4150 0
4150 9.891891888
4150 9.891891888
4150 0
4150 0
4150 0
4150 0
4150 0
4150 0
4150 115.06849312
4150 186.66666664
4187 0
4187 175.24598024
4187 175.24598024
4187 175.24598024
4187 175.24598024
4187 0
4187 50.15137152
4187 48.635173376
4187 48.635173376
4187 48.635173376
4187 48.635173376
4187 14.165605096
4187 14.165605096
4187 14.165605096
4187 14.165605096
4187 14.165605096
4187 0
4187 24.669507272
4187 0
4187 0
4187 0
4187 0
4187 30.4164654
4187 30.4164654
4187 30.4164654
4187 0
4187 0
4187 9.891891888
4187 9.891891888
4187 0
4187 0
4187 0
4187 0
4187 0
4187 0
4187 115.06849312
4187 186.66666664
4224 0
4224 175.24598024
4224 175.24598024
4224 175.24598024
4224 175.24598024
4224 0
4224 50.15137152
4224 48.635173376
4224 48.635173376
4224 48.635173376
4224 48.635173376
4224 14.165605096
4224 14.165605096
4224 14.165605096
4224 14.165605096
4224 14.165605096
4224 0
4224 24.669507272
4224 0
4224 0
4224 0
4224 0
4224 30.4164654
4224 30.4164654
4224 30.4164654
4224 0
4224 0
4224 9.891891888
4224 9.891891888
4224 0
4224 0
4224 0
4224 0
4224 0
4224 0
4224 115.06849312
4224 186.66666664
4264 0
4264 175.24598024
4264 175.24598024
4264 175.24598024
4264 175.24598024
4264 0
4264 50.15137152
4264 48.635173376
4264 48.635173376
4264 48.635173376
4264 48.635173376
4264 14.165605096
4264 14.165605096
4264 14.165605096
4264 14.165605096
4264 14.165605096
4264 0
4264 24.669507272
4264 0
4264 0
4264 0
4264 0
4264 30.4164654
4264 30.4164654
4264 30.4164654
4264 0
4264 0
4264 9.891891888
4264 9.891891888
4264 0
4264 0
4264 0
4264 0
4264 0
4264 0
4264 115.06849312
4264 186.66666664
4302 0
4302 175.24598024
4302 175.24598024
4302 175.24598024
4302 175.24598024
4302 0
4302 50.15137152
4302 48.635173376
4302 48.635173376
4302 48.635173376
4302 48.635173376
4302 14.165605096
4302 14.165605096
4302 14.165605096
4302 14.165605096
4302 14.165605096
4302 0
4302 24.669507272
4302 0
4302 0
4302 0
4302 0
4302 30.4164654
4302 30.4164654
4302 30.4164654
4302 0
4302 0
4302 9.891891888
4302 9.891891888
4302 0
4302 0
4302 0
4302 0
4302 0
4302 0
4302 115.06849312
4302 186.66666664
4342 0
4342 175.24598024
4342 175.24598024
4342 175.24598024
4342 175.24598024
4342 0
4342 50.15137152
4342 48.635173376
4342 48.635173376
4342 48.635173376
4342 48.635173376
4342 14.165605096
4342 14.165605096
4342 14.165605096
4342 14.165605096
4342 14.165605096
4342 0
4342 24.669507272
4342 0
4342 0
4342 0
4342 0
4342 30.4164654
4342 30.4164654
4342 30.4164654
4342 0
4342 0
4342 9.891891888
4342 9.891891888
4342 0
4342 0
4342 0
4342 0
4342 0
4342 0
4342 115.06849312
4342 186.66666664
4383 0
4383 175.24598024
4383 175.24598024
4383 175.24598024
4383 175.24598024
4383 0
4383 50.15137152
4383 48.635173376
4383 48.635173376
4383 48.635173376
4383 48.635173376
4383 14.165605096
4383 14.165605096
4383 14.165605096
4383 14.165605096
4383 14.165605096
4383 0
4383 24.669507272
4383 0
4383 0
4383 0
4383 0
4383 30.4164654
4383 30.4164654
4383 30.4164654
4383 0
4383 0
4383 9.891891888
4383 9.891891888
4383 0
4383 0
4383 0
4383 0
4383 0
4383 0
4383 115.06849312
4383 186.66666664
3662 0
3662 175.24598024
3662 175.24598024
3662 175.24598024
3662 175.24598024
3662 0
3662 50.15137152
3662 48.635173376
3662 48.635173376
3662 48.635173376
3662 48.635173376
3662 14.165605096
3662 14.165605096
3662 14.165605096
3662 14.165605096
3662 14.165605096
3662 0
3662 24.669507272
3662 0
3662 0
3662 0
3662 0
3662 30.4164654
3662 30.4164654
3662 30.4164654
3662 0
3662 0
3662 9.891891888
3662 9.891891888
3662 0
3662 0
3662 0
3662 0
3662 0
3662 0
3662 115.06849312
3662 186.66666664
3721 0
3721 175.24598024
3721 175.24598024
3721 175.24598024
3721 175.24598024
3721 0
3721 50.15137152
3721 48.635173376
3721 48.635173376
3721 48.635173376
3721 48.635173376
3721 14.165605096
3721 14.165605096
3721 14.165605096
3721 14.165605096
3721 14.165605096
3721 0
3721 24.669507272
3721 0
3721 0
3721 0
3721 0
3721 30.4164654
3721 30.4164654
3721 30.4164654
3721 0
3721 0
3721 9.891891888
3721 9.891891888
3721 0
3721 0
3721 0
3721 0
3721 0
3721 0
3721 115.06849312
3721 186.66666664
3780 0
3780 175.24598024
3780 175.24598024
3780 175.24598024
3780 175.24598024
3780 0
3780 50.15137152
3780 48.635173376
3780 48.635173376
3780 48.635173376
3780 48.635173376
3780 14.165605096
3780 14.165605096
3780 14.165605096
3780 14.165605096
3780 14.165605096
3780 0
3780 24.669507272
3780 0
3780 0
3780 0
3780 0
3780 30.4164654
3780 30.4164654
3780 30.4164654
3780 0
3780 0
3780 9.891891888
3780 9.891891888
3780 0
3780 0
3780 0
3780 0
3780 0
3780 0
3780 115.06849312
3780 186.66666664
3836 0
3836 175.24598024
3836 175.24598024
3836 175.24598024
3836 175.24598024
3836 0
3836 50.15137152
3836 48.635173376
3836 48.635173376
3836 48.635173376
3836 48.635173376
3836 14.165605096
3836 14.165605096
3836 14.165605096
3836 14.165605096
3836 14.165605096
3836 0
3836 24.669507272
3836 0
3836 0
3836 0
3836 0
3836 30.4164654
3836 30.4164654
3836 30.4164654
3836 0
3836 0
3836 9.891891888
3836 9.891891888
3836 0
3836 0
3836 0
3836 0
3836 0
3836 0
3836 115.06849312
3836 186.66666664
3890 0
3890 175.24598024
3890 175.24598024
3890 175.24598024
3890 175.24598024
3890 0
3890 50.15137152
3890 48.635173376
3890 48.635173376
3890 48.635173376
3890 48.635173376
3890 14.165605096
3890 14.165605096
3890 14.165605096
3890 14.165605096
3890 14.165605096
3890 0
3890 24.669507272
3890 0
3890 0
3890 0
3890 0
3890 30.4164654
3890 30.4164654
3890 30.4164654
3890 0
3890 0
3890 9.891891888
3890 9.891891888
3890 0
3890 0
3890 0
3890 0
3890 0
3890 0
3890 115.06849312
3890 186.66666664
3946 0
3946 175.24598024
3946 175.24598024
3946 175.24598024
3946 175.24598024
3946 0
3946 50.15137152
3946 48.635173376
3946 48.635173376
3946 48.635173376
3946 48.635173376
3946 14.165605096
3946 14.165605096
3946 14.165605096
3946 14.165605096
3946 14.165605096
3946 0
3946 24.669507272
3946 0
3946 0
3946 0
3946 0
3946 30.4164654
3946 30.4164654
3946 30.4164654
3946 0
3946 0
3946 9.891891888
3946 9.891891888
3946 0
3946 0
3946 0
3946 0
3946 0
3946 0
3946 115.06849312
3946 186.66666664
4005 0
4005 175.24598024
4005 175.24598024
4005 175.24598024
4005 175.24598024
4005 0
4005 50.15137152
4005 48.635173376
4005 48.635173376
4005 48.635173376
4005 48.635173376
4005 14.165605096
4005 14.165605096
4005 14.165605096
4005 14.165605096
4005 14.165605096
4005 0
4005 24.669507272
4005 0
4005 0
4005 0
4005 0
4005 30.4164654
4005 30.4164654
4005 30.4164654
4005 0
4005 0
4005 9.891891888
4005 9.891891888
4005 0
4005 0
4005 0
4005 0
4005 0
4005 0
4005 115.06849312
4005 186.66666664
4059 0
4059 175.24598024
4059 175.24598024
4059 175.24598024
4059 175.24598024
4059 0
4059 50.15137152
4059 48.635173376
4059 48.635173376
4059 48.635173376
4059 48.635173376
4059 14.165605096
4059 14.165605096
4059 14.165605096
4059 14.165605096
4059 14.165605096
4059 0
4059 24.669507272
4059 0
4059 0
4059 0
4059 0
4059 30.4164654
4059 30.4164654
4059 30.4164654
4059 0
4059 0
4059 9.891891888
4059 9.891891888
4059 0
4059 0
4059 0
4059 0
4059 0
4059 0
4059 115.06849312
4059 186.66666664
4107 0
4107 175.24598024
4107 175.24598024
4107 175.24598024
4107 175.24598024
4107 0
4107 50.15137152
4107 48.635173376
4107 48.635173376
4107 48.635173376
4107 48.635173376
4107 14.165605096
4107 14.165605096
4107 14.165605096
4107 14.165605096
4107 14.165605096
4107 0
4107 24.669507272
4107 0
4107 0
4107 0
4107 0
4107 30.4164654
4107 30.4164654
4107 30.4164654
4107 0
4107 0
4107 9.891891888
4107 9.891891888
4107 0
4107 0
4107 0
4107 0
4107 0
4107 0
4107 115.06849312
4107 186.66666664
4151 0
4151 175.24598024
4151 175.24598024
4151 175.24598024
4151 175.24598024
4151 0
4151 50.15137152
4151 48.635173376
4151 48.635173376
4151 48.635173376
4151 48.635173376
4151 14.165605096
4151 14.165605096
4151 14.165605096
4151 14.165605096
4151 14.165605096
4151 0
4151 24.669507272
4151 0
4151 0
4151 0
4151 0
4151 30.4164654
4151 30.4164654
4151 30.4164654
4151 0
4151 0
4151 9.891891888
4151 9.891891888
4151 0
4151 0
4151 0
4151 0
4151 0
4151 0
4151 115.06849312
4151 186.66666664
4188 0
4188 175.24598024
4188 175.24598024
4188 175.24598024
4188 175.24598024
4188 0
4188 50.15137152
4188 48.635173376
4188 48.635173376
4188 48.635173376
4188 48.635173376
4188 14.165605096
4188 14.165605096
4188 14.165605096
4188 14.165605096
4188 14.165605096
4188 0
4188 24.669507272
4188 0
4188 0
4188 0
4188 0
4188 30.4164654
4188 30.4164654
4188 30.4164654
4188 0
4188 0
4188 9.891891888
4188 9.891891888
4188 0
4188 0
4188 0
4188 0
4188 0
4188 0
4188 115.06849312
4188 186.66666664
4225 0
4225 175.24598024
4225 175.24598024
4225 175.24598024
4225 175.24598024
4225 0
4225 50.15137152
4225 48.635173376
4225 48.635173376
4225 48.635173376
4225 48.635173376
4225 14.165605096
4225 14.165605096
4225 14.165605096
4225 14.165605096
4225 14.165605096
4225 0
4225 24.669507272
4225 0
4225 0
4225 0
4225 0
4225 30.4164654
4225 30.4164654
4225 30.4164654
4225 0
4225 0
4225 9.891891888
4225 9.891891888
4225 0
4225 0
4225 0
4225 0
4225 0
4225 0
4225 115.06849312
4225 186.66666664
4265 0
4265 175.24598024
4265 175.24598024
4265 175.24598024
4265 175.24598024
4265 0
4265 50.15137152
4265 48.635173376
4265 48.635173376
4265 48.635173376
4265 48.635173376
4265 14.165605096
4265 14.165605096
4265 14.165605096
4265 14.165605096
4265 14.165605096
4265 0
4265 24.669507272
4265 0
4265 0
4265 0
4265 0
4265 30.4164654
4265 30.4164654
4265 30.4164654
4265 0
4265 0
4265 9.891891888
4265 9.891891888
4265 0
4265 0
4265 0
4265 0
4265 0
4265 0
4265 115.06849312
4265 186.66666664
4303 0
4303 175.24598024
4303 175.24598024
4303 175.24598024
4303 175.24598024
4303 0
4303 50.15137152
4303 48.635173376
4303 48.635173376
4303 48.635173376
4303 48.635173376
4303 14.165605096
4303 14.165605096
4303 14.165605096
4303 14.165605096
4303 14.165605096
4303 0
4303 24.669507272
4303 0
4303 0
4303 0
4303 0
4303 30.4164654
4303 30.4164654
4303 30.4164654
4303 0
4303 0
4303 9.891891888
4303 9.891891888
4303 0
4303 0
4303 0
4303 0
4303 0
4303 0
4303 115.06849312
4303 186.66666664
4343 0
4343 175.24598024
4343 175.24598024
4343 175.24598024
4343 175.24598024
4343 0
4343 50.15137152
4343 48.635173376
4343 48.635173376
4343 48.635173376
4343 48.635173376
4343 14.165605096
4343 14.165605096
4343 14.165605096
4343 14.165605096
4343 14.165605096
4343 0
4343 24.669507272
4343 0
4343 0
4343 0
4343 0
4343 30.4164654
4343 30.4164654
4343 30.4164654
4343 0
4343 0
4343 9.891891888
4343 9.891891888
4343 0
4343 0
4343 0
4343 0
4343 0
4343 0
4343 115.06849312
4343 186.66666664
4384 0
4384 175.24598024
4384 175.24598024
4384 175.24598024
4384 175.24598024
4384 0
4384 50.15137152
4384 48.635173376
4384 48.635173376
4384 48.635173376
4384 48.635173376
4384 14.165605096
4384 14.165605096
4384 14.165605096
4384 14.165605096
4384 14.165605096
4384 0
4384 24.669507272
4384 0
4384 0
4384 0
4384 0
4384 30.4164654
4384 30.4164654
4384 30.4164654
4384 0
4384 0
4384 9.891891888
4384 9.891891888
4384 0
4384 0
4384 0
4384 0
4384 0
4384 0
4384 115.06849312
4384 186.66666664
4422 0
4422 175.24598024
4422 175.24598024
4422 175.24598024
4422 175.24598024
4422 0
4422 50.15137152
4422 48.635173376
4422 48.635173376
4422 48.635173376
4422 48.635173376
4422 14.165605096
4422 14.165605096
4422 14.165605096
4422 14.165605096
4422 14.165605096
4422 0
4422 24.669507272
4422 0
4422 0
4422 0
4422 0
4422 30.4164654
4422 30.4164654
4422 30.4164654
4422 0
4422 0
4422 9.891891888
4422 9.891891888
4422 0
4422 0
4422 0
4422 0
4422 0
4422 0
4422 115.06849312
4422 186.66666664
3599 0
3599 175.24598024
3599 175.24598024
3599 175.24598024
3599 175.24598024
3599 0
3599 50.15137152
3599 48.635173376
3599 48.635173376
3599 48.635173376
3599 48.635173376
3599 14.165605096
3599 14.165605096
3599 14.165605096
3599 14.165605096
3599 14.165605096
3599 0
3599 24.669507272
3599 0
3599 0
3599 0
3599 0
3599 30.4164654
3599 30.4164654
3599 30.4164654
3599 0
3599 0
3599 9.891891888
3599 9.891891888
3599 0
3599 0
3599 0
3599 0
3599 0
3599 0
3599 115.06849312
3599 186.66666664
3663 0
3663 175.24598024
3663 175.24598024
3663 175.24598024
3663 175.24598024
3663 0
3663 50.15137152
3663 48.635173376
3663 48.635173376
3663 48.635173376
3663 48.635173376
3663 14.165605096
3663 14.165605096
3663 14.165605096
3663 14.165605096
3663 14.165605096
3663 0
3663 24.669507272
3663 0
3663 0
3663 0
3663 0
3663 30.4164654
3663 30.4164654
3663 30.4164654
3663 0
3663 0
3663 9.891891888
3663 9.891891888
3663 0
3663 0
3663 0
3663 0
3663 0
3663 0
3663 115.06849312
3663 186.66666664
3722 0
3722 175.24598024
3722 175.24598024
3722 175.24598024
3722 175.24598024
3722 0
3722 50.15137152
3722 48.635173376
3722 48.635173376
3722 48.635173376
3722 48.635173376
3722 14.165605096
3722 14.165605096
3722 14.165605096
3722 14.165605096
3722 14.165605096
3722 0
3722 24.669507272
3722 0
3722 0
3722 0
3722 0
3722 30.4164654
3722 30.4164654
3722 30.4164654
3722 0
3722 0
3722 9.891891888
3722 9.891891888
3722 0
3722 0
3722 0
3722 0
3722 0
3722 0
3722 115.06849312
3722 186.66666664
3781 0
3781 175.24598024
3781 175.24598024
3781 175.24598024
3781 175.24598024
3781 0
3781 50.15137152
3781 48.635173376
3781 48.635173376
3781 48.635173376
3781 48.635173376
3781 14.165605096
3781 14.165605096
3781 14.165605096
3781 14.165605096
3781 14.165605096
3781 0
3781 24.669507272
3781 0
3781 0
3781 0
3781 0
3781 30.4164654
3781 30.4164654
3781 30.4164654
3781 0
3781 0
3781 9.891891888
3781 9.891891888
3781 0
3781 0
3781 0
3781 0
3781 0
3781 0
3781 115.06849312
3781 186.66666664
3837 0
3837 175.24598024
3837 175.24598024
3837 175.24598024
3837 175.24598024
3837 0
3837 50.15137152
3837 48.635173376
3837 48.635173376
3837 48.635173376
3837 48.635173376
3837 14.165605096
3837 14.165605096
3837 14.165605096
3837 14.165605096
3837 14.165605096
3837 0
3837 24.669507272
3837 0
3837 0
3837 0
3837 0
3837 30.4164654
3837 30.4164654
3837 30.4164654
3837 0
3837 0
3837 9.891891888
3837 9.891891888
3837 0
3837 0
3837 0
3837 0
3837 0
3837 0
3837 115.06849312
3837 186.66666664
3891 0
3891 175.24598024
3891 175.24598024
3891 175.24598024
3891 175.24598024
3891 0
3891 50.15137152
3891 48.635173376
3891 48.635173376
3891 48.635173376
3891 48.635173376
3891 14.165605096
3891 14.165605096
3891 14.165605096
3891 14.165605096
3891 14.165605096
3891 0
3891 24.669507272
3891 0
3891 0
3891 0
3891 0
3891 30.4164654
3891 30.4164654
3891 30.4164654
3891 0
3891 0
3891 9.891891888
3891 9.891891888
3891 0
3891 0
3891 0
3891 0
3891 0
3891 0
3891 115.06849312
3891 186.66666664
3947 0
3947 175.24598024
3947 175.24598024
3947 175.24598024
3947 175.24598024
3947 0
3947 50.15137152
3947 48.635173376
3947 48.635173376
3947 48.635173376
3947 48.635173376
3947 14.165605096
3947 14.165605096
3947 14.165605096
3947 14.165605096
3947 14.165605096
3947 0
3947 24.669507272
3947 0
3947 0
3947 0
3947 0
3947 30.4164654
3947 30.4164654
3947 30.4164654
3947 0
3947 0
3947 9.891891888
3947 9.891891888
3947 0
3947 0
3947 0
3947 0
3947 0
3947 0
3947 115.06849312
3947 186.66666664
4006 0
4006 175.24598024
4006 175.24598024
4006 175.24598024
4006 175.24598024
4006 0
4006 50.15137152
4006 48.635173376
4006 48.635173376
4006 48.635173376
4006 48.635173376
4006 14.165605096
4006 14.165605096
4006 14.165605096
4006 14.165605096
4006 14.165605096
4006 0
4006 24.669507272
4006 0
4006 0
4006 0
4006 0
4006 30.4164654
4006 30.4164654
4006 30.4164654
4006 0
4006 0
4006 9.891891888
4006 9.891891888
4006 0
4006 0
4006 0
4006 0
4006 0
4006 0
4006 115.06849312
4006 186.66666664
4060 0
4060 175.24598024
4060 175.24598024
4060 175.24598024
4060 175.24598024
4060 0
4060 50.15137152
4060 48.635173376
4060 48.635173376
4060 48.635173376
4060 48.635173376
4060 14.165605096
4060 14.165605096
4060 14.165605096
4060 14.165605096
4060 14.165605096
4060 0
4060 24.669507272
4060 0
4060 0
4060 0
4060 0
4060 30.4164654
4060 30.4164654
4060 30.4164654
4060 0
4060 0
4060 9.891891888
4060 9.891891888
4060 0
4060 0
4060 0
4060 0
4060 0
4060 0
4060 115.06849312
4060 186.66666664
4108 0
4108 175.24598024
4108 175.24598024
4108 175.24598024
4108 175.24598024
4108 0
4108 50.15137152
4108 48.635173376
4108 48.635173376
4108 48.635173376
4108 48.635173376
4108 14.165605096
4108 14.165605096
4108 14.165605096
4108 14.165605096
4108 14.165605096
4108 0
4108 24.669507272
4108 0
4108 0
4108 0
4108 0
4108 30.4164654
4108 30.4164654
4108 30.4164654
4108 0
4108 0
4108 9.891891888
4108 9.891891888
4108 0
4108 0
4108 0
4108 0
4108 0
4108 0
4108 115.06849312
4108 186.66666664
4152 0
4152 175.24598024
4152 175.24598024
4152 175.24598024
4152 175.24598024
4152 0
4152 50.15137152
4152 48.635173376
4152 48.635173376
4152 48.635173376
4152 48.635173376
4152 14.165605096
4152 14.165605096
4152 14.165605096
4152 14.165605096
4152 14.165605096
4152 0
4152 24.669507272
4152 0
4152 0
4152 0
4152 0
4152 30.4164654
4152 30.4164654
4152 30.4164654
4152 0
4152 0
4152 9.891891888
4152 9.891891888
4152 0
4152 0
4152 0
4152 0
4152 0
4152 0
4152 115.06849312
4152 186.66666664
4189 0
4189 175.24598024
4189 175.24598024
4189 175.24598024
4189 175.24598024
4189 0
4189 50.15137152
4189 48.635173376
4189 48.635173376
4189 48.635173376
4189 48.635173376
4189 14.165605096
4189 14.165605096
4189 14.165605096
4189 14.165605096
4189 14.165605096
4189 0
4189 24.669507272
4189 0
4189 0
4189 0
4189 0
4189 30.4164654
4189 30.4164654
4189 30.4164654
4189 0
4189 0
4189 9.891891888
4189 9.891891888
4189 0
4189 0
4189 0
4189 0
4189 0
4189 0
4189 115.06849312
4189 186.66666664
4226 0
4226 175.24598024
4226 175.24598024
4226 175.24598024
4226 175.24598024
4226 0
4226 50.15137152
4226 48.635173376
4226 48.635173376
4226 48.635173376
4226 48.635173376
4226 14.165605096
4226 14.165605096
4226 14.165605096
4226 14.165605096
4226 14.165605096
4226 0
4226 24.669507272
4226 0
4226 0
4226 0
4226 0
4226 30.4164654
4226 30.4164654
4226 30.4164654
4226 0
4226 0
4226 9.891891888
4226 9.891891888
4226 0
4226 0
4226 0
4226 0
4226 0
4226 0
4226 115.06849312
4226 186.66666664
4266 0
4266 175.24598024
4266 175.24598024
4266 175.24598024
4266 175.24598024
4266 0
4266 50.15137152
4266 48.635173376
4266 48.635173376
4266 48.635173376
4266 48.635173376
4266 14.165605096
4266 14.165605096
4266 14.165605096
4266 14.165605096
4266 14.165605096
4266 0
4266 24.669507272
4266 0
4266 0
4266 0
4266 0
4266 30.4164654
4266 30.4164654
4266 30.4164654
4266 0
4266 0
4266 9.891891888
4266 9.891891888
4266 0
4266 0
4266 0
4266 0
4266 0
4266 0
4266 115.06849312
4266 186.66666664
4304 0
4304 175.24598024
4304 175.24598024
4304 175.24598024
4304 175.24598024
4304 0
4304 50.15137152
4304 48.635173376
4304 48.635173376
4304 48.635173376
4304 48.635173376
4304 14.165605096
4304 14.165605096
4304 14.165605096
4304 14.165605096
4304 14.165605096
4304 0
4304 24.669507272
4304 0
4304 0
4304 0
4304 0
4304 30.4164654
4304 30.4164654
4304 30.4164654
4304 0
4304 0
4304 9.891891888
4304 9.891891888
4304 0
4304 0
4304 0
4304 0
4304 0
4304 0
4304 115.06849312
4304 186.66666664
4344 0
4344 175.24598024
4344 175.24598024
4344 175.24598024
4344 175.24598024
4344 0
4344 50.15137152
4344 48.635173376
4344 48.635173376
4344 48.635173376
4344 48.635173376
4344 14.165605096
4344 14.165605096
4344 14.165605096
4344 14.165605096
4344 14.165605096
4344 0
4344 24.669507272
4344 0
4344 0
4344 0
4344 0
4344 30.4164654
4344 30.4164654
4344 30.4164654
4344 0
4344 0
4344 9.891891888
4344 9.891891888
4344 0
4344 0
4344 0
4344 0
4344 0
4344 0
4344 115.06849312
4344 186.66666664
4385 0
4385 175.24598024
4385 175.24598024
4385 175.24598024
4385 175.24598024
4385 0
4385 50.15137152
4385 48.635173376
4385 48.635173376
4385 48.635173376
4385 48.635173376
4385 14.165605096
4385 14.165605096
4385 14.165605096
4385 14.165605096
4385 14.165605096
4385 0
4385 24.669507272
4385 0
4385 0
4385 0
4385 0
4385 30.4164654
4385 30.4164654
4385 30.4164654
4385 0
4385 0
4385 9.891891888
4385 9.891891888
4385 0
4385 0
4385 0
4385 0
4385 0
4385 0
4385 115.06849312
4385 186.66666664
4423 0
4423 175.24598024
4423 175.24598024
4423 175.24598024
4423 175.24598024
4423 0
4423 50.15137152
4423 48.635173376
4423 48.635173376
4423 48.635173376
4423 48.635173376
4423 14.165605096
4423 14.165605096
4423 14.165605096
4423 14.165605096
4423 14.165605096
4423 0
4423 24.669507272
4423 0
4423 0
4423 0
4423 0
4423 30.4164654
4423 30.4164654
4423 30.4164654
4423 0
4423 0
4423 9.891891888
4423 9.891891888
4423 0
4423 0
4423 0
4423 0
4423 0
4423 0
4423 115.06849312
4423 186.66666664
4461 0
4461 175.24598024
4461 175.24598024
4461 175.24598024
4461 175.24598024
4461 0
4461 50.15137152
4461 48.635173376
4461 48.635173376
4461 48.635173376
4461 48.635173376
4461 14.165605096
4461 14.165605096
4461 14.165605096
4461 14.165605096
4461 14.165605096
4461 0
4461 24.669507272
4461 0
4461 0
4461 0
4461 0
4461 30.4164654
4461 30.4164654
4461 30.4164654
4461 0
4461 0
4461 9.891891888
4461 9.891891888
4461 0
4461 0
4461 0
4461 0
4461 0
4461 0
4461 115.06849312
4461 186.66666664
37127 0
37127 175.24598024
37127 175.24598024
37127 175.24598024
37127 175.24598024
37127 0
37127 50.15137152
37127 48.635173376
37127 48.635173376
37127 48.635173376
37127 48.635173376
37127 14.165605096
37127 14.165605096
37127 14.165605096
37127 14.165605096
37127 14.165605096
37127 0
37127 24.669507272
37127 0
37127 0
37127 0
37127 0
37127 30.4164654
37127 30.4164654
37127 30.4164654
37127 0
37127 0
37127 9.891891888
37127 9.891891888
37127 0
37127 0
37127 0
37127 0
37127 0
37127 0
37127 115.06849312
37127 186.66666664
3600 0
3600 175.24598024
3600 175.24598024
3600 175.24598024
3600 175.24598024
3600 0
3600 50.15137152
3600 48.635173376
3600 48.635173376
3600 48.635173376
3600 48.635173376
3600 14.165605096
3600 14.165605096
3600 14.165605096
3600 14.165605096
3600 14.165605096
3600 0
3600 24.669507272
3600 0
3600 0
3600 0
3600 0
3600 30.4164654
3600 30.4164654
3600 30.4164654
3600 0
3600 0
3600 9.891891888
3600 9.891891888
3600 0
3600 0
3600 0
3600 0
3600 0
3600 0
3600 115.06849312
3600 186.66666664
3664 0
3664 175.24598024
3664 175.24598024
3664 175.24598024
3664 175.24598024
3664 0
3664 50.15137152
3664 48.635173376
3664 48.635173376
3664 48.635173376
3664 48.635173376
3664 14.165605096
3664 14.165605096
3664 14.165605096
3664 14.165605096
3664 14.165605096
3664 0
3664 24.669507272
3664 0
3664 0
3664 0
3664 0
3664 30.4164654
3664 30.4164654
3664 30.4164654
3664 0
3664 0
3664 9.891891888
3664 9.891891888
3664 0
3664 0
3664 0
3664 0
3664 0
3664 0
3664 115.06849312
3664 186.66666664
3723 0
3723 175.24598024
3723 175.24598024
3723 175.24598024
3723 175.24598024
3723 0
3723 50.15137152
3723 48.635173376
3723 48.635173376
3723 48.635173376
3723 48.635173376
3723 14.165605096
3723 14.165605096
3723 14.165605096
3723 14.165605096
3723 14.165605096
3723 0
3723 24.669507272
3723 0
3723 0
3723 0
3723 0
3723 30.4164654
3723 30.4164654
3723 30.4164654
3723 0
3723 0
3723 9.891891888
3723 9.891891888
3723 0
3723 0
3723 0
3723 0
3723 0
3723 0
3723 115.06849312
3723 186.66666664
3782 0
3782 175.24598024
3782 175.24598024
3782 175.24598024
3782 175.24598024
3782 0
3782 50.15137152
3782 48.635173376
3782 48.635173376
3782 48.635173376
3782 48.635173376
3782 14.165605096
3782 14.165605096
3782 14.165605096
3782 14.165605096
3782 14.165605096
3782 0
3782 24.669507272
3782 0
3782 0
3782 0
3782 0
3782 30.4164654
3782 30.4164654
3782 30.4164654
3782 0
3782 0
3782 9.891891888
3782 9.891891888
3782 0
3782 0
3782 0
3782 0
3782 0
3782 0
3782 115.06849312
3782 186.66666664
3838 0
3838 175.24598024
3838 175.24598024
3838 175.24598024
3838 175.24598024
3838 0
3838 50.15137152
3838 48.635173376
3838 48.635173376
3838 48.635173376
3838 48.635173376
3838 14.165605096
3838 14.165605096
3838 14.165605096
3838 14.165605096
3838 14.165605096
3838 0
3838 24.669507272
3838 0
3838 0
3838 0
3838 0
3838 30.4164654
3838 30.4164654
3838 30.4164654
3838 0
3838 0
3838 9.891891888
3838 9.891891888
3838 0
3838 0
3838 0
3838 0
3838 0
3838 0
3838 115.06849312
3838 186.66666664
3892 0
3892 175.24598024
3892 175.24598024
3892 175.24598024
3892 175.24598024
3892 0
3892 50.15137152
3892 48.635173376
3892 48.635173376
3892 48.635173376
3892 48.635173376
3892 14.165605096
3892 14.165605096
3892 14.165605096
3892 14.165605096
3892 14.165605096
3892 0
3892 24.669507272
3892 0
3892 0
3892 0
3892 0
3892 30.4164654
3892 30.4164654
3892 30.4164654
3892 0
3892 0
3892 9.891891888
3892 9.891891888
3892 0
3892 0
3892 0
3892 0
3892 0
3892 0
3892 115.06849312
3892 186.66666664
3948 0
3948 175.24598024
3948 175.24598024
3948 175.24598024
3948 175.24598024
3948 0
3948 50.15137152
3948 48.635173376
3948 48.635173376
3948 48.635173376
3948 48.635173376
3948 14.165605096
3948 14.165605096
3948 14.165605096
3948 14.165605096
3948 14.165605096
3948 0
3948 24.669507272
3948 0
3948 0
3948 0
3948 0
3948 30.4164654
3948 30.4164654
3948 30.4164654
3948 0
3948 0
3948 9.891891888
3948 9.891891888
3948 0
3948 0
3948 0
3948 0
3948 0
3948 0
3948 115.06849312
3948 186.66666664
4007 0
4007 175.24598024
4007 175.24598024
4007 175.24598024
4007 175.24598024
4007 0
4007 50.15137152
4007 48.635173376
4007 48.635173376
4007 48.635173376
4007 48.635173376
4007 14.165605096
4007 14.165605096
4007 14.165605096
4007 14.165605096
4007 14.165605096
4007 0
4007 24.669507272
4007 0
4007 0
4007 0
4007 0
4007 30.4164654
4007 30.4164654
4007 30.4164654
4007 0
4007 0
4007 9.891891888
4007 9.891891888
4007 0
4007 0
4007 0
4007 0
4007 0
4007 0
4007 115.06849312
4007 186.66666664
4061 0
4061 175.24598024
4061 175.24598024
4061 175.24598024
4061 175.24598024
4061 0
4061 50.15137152
4061 48.635173376
4061 48.635173376
4061 48.635173376
4061 48.635173376
4061 14.165605096
4061 14.165605096
4061 14.165605096
4061 14.165605096
4061 14.165605096
4061 0
4061 24.669507272
4061 0
4061 0
4061 0
4061 0
4061 30.4164654
4061 30.4164654
4061 30.4164654
4061 0
4061 0
4061 9.891891888
4061 9.891891888
4061 0
4061 0
4061 0
4061 0
4061 0
4061 0
4061 115.06849312
4061 186.66666664
4190 0
4190 175.24598024
4190 175.24598024
4190 175.24598024
4190 175.24598024
4190 0
4190 50.15137152
4190 48.635173376
4190 48.635173376
4190 48.635173376
4190 48.635173376
4190 14.165605096
4190 14.165605096
4190 14.165605096
4190 14.165605096
4190 14.165605096
4190 0
4190 24.669507272
4190 0
4190 0
4190 0
4190 0
4190 30.4164654
4190 30.4164654
4190 30.4164654
4190 0
4190 0
4190 9.891891888
4190 9.891891888
4190 0
4190 0
4190 0
4190 0
4190 0
4190 0
4190 115.06849312
4190 186.66666664
4227 0
4227 175.24598024
4227 175.24598024
4227 175.24598024
4227 175.24598024
4227 0
4227 50.15137152
4227 48.635173376
4227 48.635173376
4227 48.635173376
4227 48.635173376
4227 14.165605096
4227 14.165605096
4227 14.165605096
4227 14.165605096
4227 14.165605096
4227 0
4227 24.669507272
4227 0
4227 0
4227 0
4227 0
4227 30.4164654
4227 30.4164654
4227 30.4164654
4227 0
4227 0
4227 9.891891888
4227 9.891891888
4227 0
4227 0
4227 0
4227 0
4227 0
4227 0
4227 115.06849312
4227 186.66666664
4267 0
4267 175.24598024
4267 175.24598024
4267 175.24598024
4267 175.24598024
4267 0
4267 50.15137152
4267 48.635173376
4267 48.635173376
4267 48.635173376
4267 48.635173376
4267 14.165605096
4267 14.165605096
4267 14.165605096
4267 14.165605096
4267 14.165605096
4267 0
4267 24.669507272
4267 0
4267 0
4267 0
4267 0
4267 30.4164654
4267 30.4164654
4267 30.4164654
4267 0
4267 0
4267 9.891891888
4267 9.891891888
4267 0
4267 0
4267 0
4267 0
4267 0
4267 0
4267 115.06849312
4267 186.66666664
4305 0
4305 175.24598024
4305 175.24598024
4305 175.24598024
4305 175.24598024
4305 0
4305 50.15137152
4305 48.635173376
4305 48.635173376
4305 48.635173376
4305 48.635173376
4305 14.165605096
4305 14.165605096
4305 14.165605096
4305 14.165605096
4305 14.165605096
4305 0
4305 24.669507272
4305 0
4305 0
4305 0
4305 0
4305 30.4164654
4305 30.4164654
4305 30.4164654
4305 0
4305 0
4305 9.891891888
4305 9.891891888
4305 0
4305 0
4305 0
4305 0
4305 0
4305 0
4305 115.06849312
4305 186.66666664
4345 0
4345 175.24598024
4345 175.24598024
4345 175.24598024
4345 175.24598024
4345 0
4345 50.15137152
4345 48.635173376
4345 48.635173376
4345 48.635173376
4345 48.635173376
4345 14.165605096
4345 14.165605096
4345 14.165605096
4345 14.165605096
4345 14.165605096
4345 0
4345 24.669507272
4345 0
4345 0
4345 0
4345 0
4345 30.4164654
4345 30.4164654
4345 30.4164654
4345 0
4345 0
4345 9.891891888
4345 9.891891888
4345 0
4345 0
4345 0
4345 0
4345 0
4345 0
4345 115.06849312
4345 186.66666664
4386 0
4386 175.24598024
4386 175.24598024
4386 175.24598024
4386 175.24598024
4386 0
4386 50.15137152
4386 48.635173376
4386 48.635173376
4386 48.635173376
4386 48.635173376
4386 14.165605096
4386 14.165605096
4386 14.165605096
4386 14.165605096
4386 14.165605096
4386 0
4386 24.669507272
4386 0
4386 0
4386 0
4386 0
4386 30.4164654
4386 30.4164654
4386 30.4164654
4386 0
4386 0
4386 9.891891888
4386 9.891891888
4386 0
4386 0
4386 0
4386 0
4386 0
4386 0
4386 115.06849312
4386 186.66666664
4424 0
4424 175.24598024
4424 175.24598024
4424 175.24598024
4424 175.24598024
4424 0
4424 50.15137152
4424 48.635173376
4424 48.635173376
4424 48.635173376
4424 48.635173376
4424 14.165605096
4424 14.165605096
4424 14.165605096
4424 14.165605096
4424 14.165605096
4424 0
4424 24.669507272
4424 0
4424 0
4424 0
4424 0
4424 30.4164654
4424 30.4164654
4424 30.4164654
4424 0
4424 0
4424 9.891891888
4424 9.891891888
4424 0
4424 0
4424 0
4424 0
4424 0
4424 0
4424 115.06849312
4424 186.66666664
4462 0
4462 175.24598024
4462 175.24598024
4462 175.24598024
4462 175.24598024
4462 0
4462 50.15137152
4462 48.635173376
4462 48.635173376
4462 48.635173376
4462 48.635173376
4462 14.165605096
4462 14.165605096
4462 14.165605096
4462 14.165605096
4462 14.165605096
4462 0
4462 24.669507272
4462 0
4462 0
4462 0
4462 0
4462 30.4164654
4462 30.4164654
4462 30.4164654
4462 0
4462 0
4462 9.891891888
4462 9.891891888
4462 0
4462 0
4462 0
4462 0
4462 0
4462 0
4462 115.06849312
4462 186.66666664
3665 0
3665 175.24598024
3665 175.24598024
3665 175.24598024
3665 175.24598024
3665 0
3665 50.15137152
3665 48.635173376
3665 48.635173376
3665 48.635173376
3665 48.635173376
3665 14.165605096
3665 14.165605096
3665 14.165605096
3665 14.165605096
3665 14.165605096
3665 0
3665 24.669507272
3665 0
3665 0
3665 0
3665 0
3665 30.4164654
3665 30.4164654
3665 30.4164654
3665 0
3665 0
3665 9.891891888
3665 9.891891888
3665 0
3665 0
3665 0
3665 0
3665 0
3665 0
3665 115.06849312
3665 186.66666664
3724 0
3724 175.24598024
3724 175.24598024
3724 175.24598024
3724 175.24598024
3724 0
3724 50.15137152
3724 48.635173376
3724 48.635173376
3724 48.635173376
3724 48.635173376
3724 14.165605096
3724 14.165605096
3724 14.165605096
3724 14.165605096
3724 14.165605096
3724 0
3724 24.669507272
3724 0
3724 0
3724 0
3724 0
3724 30.4164654
3724 30.4164654
3724 30.4164654
3724 0
3724 0
3724 9.891891888
3724 9.891891888
3724 0
3724 0
3724 0
3724 0
3724 0
3724 0
3724 115.06849312
3724 186.66666664
3783 0
3783 175.24598024
3783 175.24598024
3783 175.24598024
3783 175.24598024
3783 0
3783 50.15137152
3783 48.635173376
3783 48.635173376
3783 48.635173376
3783 48.635173376
3783 14.165605096
3783 14.165605096
3783 14.165605096
3783 14.165605096
3783 14.165605096
3783 0
3783 24.669507272
3783 0
3783 0
3783 0
3783 0
3783 30.4164654
3783 30.4164654
3783 30.4164654
3783 0
3783 0
3783 9.891891888
3783 9.891891888
3783 0
3783 0
3783 0
3783 0
3783 0
3783 0
3783 115.06849312
3783 186.66666664
3839 0
3839 175.24598024
3839 175.24598024
3839 175.24598024
3839 175.24598024
3839 0
3839 50.15137152
3839 48.635173376
3839 48.635173376
3839 48.635173376
3839 48.635173376
3839 14.165605096
3839 14.165605096
3839 14.165605096
3839 14.165605096
3839 14.165605096
3839 0
3839 24.669507272
3839 0
3839 0
3839 0
3839 0
3839 30.4164654
3839 30.4164654
3839 30.4164654
3839 0
3839 0
3839 9.891891888
3839 9.891891888
3839 0
3839 0
3839 0
3839 0
3839 0
3839 0
3839 115.06849312
3839 186.66666664
3893 0
3893 175.24598024
3893 175.24598024
3893 175.24598024
3893 175.24598024
3893 0
3893 50.15137152
3893 48.635173376
3893 48.635173376
3893 48.635173376
3893 48.635173376
3893 14.165605096
3893 14.165605096
3893 14.165605096
3893 14.165605096
3893 14.165605096
3893 0
3893 24.669507272
3893 0
3893 0
3893 0
3893 0
3893 30.4164654
3893 30.4164654
3893 30.4164654
3893 0
3893 0
3893 9.891891888
3893 9.891891888
3893 0
3893 0
3893 0
3893 0
3893 0
3893 0
3893 115.06849312
3893 186.66666664
3949 0
3949 175.24598024
3949 175.24598024
3949 175.24598024
3949 175.24598024
3949 0
3949 50.15137152
3949 48.635173376
3949 48.635173376
3949 48.635173376
3949 48.635173376
3949 14.165605096
3949 14.165605096
3949 14.165605096
3949 14.165605096
3949 14.165605096
3949 0
3949 24.669507272
3949 0
3949 0
3949 0
3949 0
3949 30.4164654
3949 30.4164654
3949 30.4164654
3949 0
3949 0
3949 9.891891888
3949 9.891891888
3949 0
3949 0
3949 0
3949 0
3949 0
3949 0
3949 115.06849312
3949 186.66666664
4008 0
4008 175.24598024
4008 175.24598024
4008 175.24598024
4008 175.24598024
4008 0
4008 50.15137152
4008 48.635173376
4008 48.635173376
4008 48.635173376
4008 48.635173376
4008 14.165605096
4008 14.165605096
4008 14.165605096
4008 14.165605096
4008 14.165605096
4008 0
4008 24.669507272
4008 0
4008 0
4008 0
4008 0
4008 30.4164654
4008 30.4164654
4008 30.4164654
4008 0
4008 0
4008 9.891891888
4008 9.891891888
4008 0
4008 0
4008 0
4008 0
4008 0
4008 0
4008 115.06849312
4008 186.66666664
4062 0
4062 175.24598024
4062 175.24598024
4062 175.24598024
4062 175.24598024
4062 0
4062 50.15137152
4062 48.635173376
4062 48.635173376
4062 48.635173376
4062 48.635173376
4062 14.165605096
4062 14.165605096
4062 14.165605096
4062 14.165605096
4062 14.165605096
4062 0
4062 24.669507272
4062 0
4062 0
4062 0
4062 0
4062 30.4164654
4062 30.4164654
4062 30.4164654
4062 0
4062 0
4062 9.891891888
4062 9.891891888
4062 0
4062 0
4062 0
4062 0
4062 0
4062 0
4062 115.06849312
4062 186.66666664
4153 0
4153 175.24598024
4153 175.24598024
4153 175.24598024
4153 175.24598024
4153 0
4153 50.15137152
4153 48.635173376
4153 48.635173376
4153 48.635173376
4153 48.635173376
4153 14.165605096
4153 14.165605096
4153 14.165605096
4153 14.165605096
4153 14.165605096
4153 0
4153 24.669507272
4153 0
4153 0
4153 0
4153 0
4153 30.4164654
4153 30.4164654
4153 30.4164654
4153 0
4153 0
4153 9.891891888
4153 9.891891888
4153 0
4153 0
4153 0
4153 0
4153 0
4153 0
4153 115.06849312
4153 186.66666664
4191 0
4191 175.24598024
4191 175.24598024
4191 175.24598024
4191 175.24598024
4191 0
4191 50.15137152
4191 48.635173376
4191 48.635173376
4191 48.635173376
4191 48.635173376
4191 14.165605096
4191 14.165605096
4191 14.165605096
4191 14.165605096
4191 14.165605096
4191 0
4191 24.669507272
4191 0
4191 0
4191 0
4191 0
4191 30.4164654
4191 30.4164654
4191 30.4164654
4191 0
4191 0
4191 9.891891888
4191 9.891891888
4191 0
4191 0
4191 0
4191 0
4191 0
4191 0
4191 115.06849312
4191 186.66666664
4228 0
4228 175.24598024
4228 175.24598024
4228 175.24598024
4228 175.24598024
4228 0
4228 50.15137152
4228 48.635173376
4228 48.635173376
4228 48.635173376
4228 48.635173376
4228 14.165605096
4228 14.165605096
4228 14.165605096
4228 14.165605096
4228 14.165605096
4228 0
4228 24.669507272
4228 0
4228 0
4228 0
4228 0
4228 30.4164654
4228 30.4164654
4228 30.4164654
4228 0
4228 0
4228 9.891891888
4228 9.891891888
4228 0
4228 0
4228 0
4228 0
4228 0
4228 0
4228 115.06849312
4228 186.66666664
4268 0
4268 175.24598024
4268 175.24598024
4268 175.24598024
4268 175.24598024
4268 0
4268 50.15137152
4268 48.635173376
4268 48.635173376
4268 48.635173376
4268 48.635173376
4268 14.165605096
4268 14.165605096
4268 14.165605096
4268 14.165605096
4268 14.165605096
4268 0
4268 24.669507272
4268 0
4268 0
4268 0
4268 0
4268 30.4164654
4268 30.4164654
4268 30.4164654
4268 0
4268 0
4268 9.891891888
4268 9.891891888
4268 0
4268 0
4268 0
4268 0
4268 0
4268 0
4268 115.06849312
4268 186.66666664
4306 0
4306 175.24598024
4306 175.24598024
4306 175.24598024
4306 175.24598024
4306 0
4306 50.15137152
4306 48.635173376
4306 48.635173376
4306 48.635173376
4306 48.635173376
4306 14.165605096
4306 14.165605096
4306 14.165605096
4306 14.165605096
4306 14.165605096
4306 0
4306 24.669507272
4306 0
4306 0
4306 0
4306 0
4306 30.4164654
4306 30.4164654
4306 30.4164654
4306 0
4306 0
4306 9.891891888
4306 9.891891888
4306 0
4306 0
4306 0
4306 0
4306 0
4306 0
4306 115.06849312
4306 186.66666664
4346 0
4346 175.24598024
4346 175.24598024
4346 175.24598024
4346 175.24598024
4346 0
4346 50.15137152
4346 48.635173376
4346 48.635173376
4346 48.635173376
4346 48.635173376
4346 14.165605096
4346 14.165605096
4346 14.165605096
4346 14.165605096
4346 14.165605096
4346 0
4346 24.669507272
4346 0
4346 0
4346 0
4346 0
4346 30.4164654
4346 30.4164654
4346 30.4164654
4346 0
4346 0
4346 9.891891888
4346 9.891891888
4346 0
4346 0
4346 0
4346 0
4346 0
4346 0
4346 115.06849312
4346 186.66666664
4387 0
4387 175.24598024
4387 175.24598024
4387 175.24598024
4387 175.24598024
4387 0
4387 50.15137152
4387 48.635173376
4387 48.635173376
4387 48.635173376
4387 48.635173376
4387 14.165605096
4387 14.165605096
4387 14.165605096
4387 14.165605096
4387 14.165605096
4387 0
4387 24.669507272
4387 0
4387 0
4387 0
4387 0
4387 30.4164654
4387 30.4164654
4387 30.4164654
4387 0
4387 0
4387 9.891891888
4387 9.891891888
4387 0
4387 0
4387 0
4387 0
4387 0
4387 0
4387 115.06849312
4387 186.66666664
4463 0
4463 175.24598024
4463 175.24598024
4463 175.24598024
4463 175.24598024
4463 0
4463 50.15137152
4463 48.635173376
4463 48.635173376
4463 48.635173376
4463 48.635173376
4463 14.165605096
4463 14.165605096
4463 14.165605096
4463 14.165605096
4463 14.165605096
4463 0
4463 24.669507272
4463 0
4463 0
4463 0
4463 0
4463 30.4164654
4463 30.4164654
4463 30.4164654
4463 0
4463 0
4463 9.891891888
4463 9.891891888
4463 0
4463 0
4463 0
4463 0
4463 0
4463 0
4463 115.06849312
4463 186.66666664
37022 0
37022 175.24598024
37022 175.24598024
37022 175.24598024
37022 175.24598024
37022 0
37022 50.15137152
37022 48.635173376
37022 48.635173376
37022 48.635173376
37022 48.635173376
37022 14.165605096
37022 14.165605096
37022 14.165605096
37022 14.165605096
37022 14.165605096
37022 0
37022 24.669507272
37022 0
37022 0
37022 0
37022 0
37022 30.4164654
37022 30.4164654
37022 30.4164654
37022 0
37022 0
37022 9.891891888
37022 9.891891888
37022 0
37022 0
37022 0
37022 0
37022 0
37022 0
37022 115.06849312
37022 186.66666664
4154 0
4154 175.24598024
4154 175.24598024
4154 175.24598024
4154 175.24598024
4154 0
4154 50.15137152
4154 48.635173376
4154 48.635173376
4154 48.635173376
4154 48.635173376
4154 14.165605096
4154 14.165605096
4154 14.165605096
4154 14.165605096
4154 14.165605096
4154 0
4154 24.669507272
4154 0
4154 0
4154 0
4154 0
4154 30.4164654
4154 30.4164654
4154 30.4164654
4154 0
4154 0
4154 9.891891888
4154 9.891891888
4154 0
4154 0
4154 0
4154 0
4154 0
4154 0
4154 115.06849312
4154 186.66666664
4192 0
4192 175.24598024
4192 175.24598024
4192 175.24598024
4192 175.24598024
4192 0
4192 50.15137152
4192 48.635173376
4192 48.635173376
4192 48.635173376
4192 48.635173376
4192 14.165605096
4192 14.165605096
4192 14.165605096
4192 14.165605096
4192 14.165605096
4192 0
4192 24.669507272
4192 0
4192 0
4192 0
4192 0
4192 30.4164654
4192 30.4164654
4192 30.4164654
4192 0
4192 0
4192 9.891891888
4192 9.891891888
4192 0
4192 0
4192 0
4192 0
4192 0
4192 0
4192 115.06849312
4192 186.66666664
4229 0
4229 175.24598024
4229 175.24598024
4229 175.24598024
4229 175.24598024
4229 0
4229 50.15137152
4229 48.635173376
4229 48.635173376
4229 48.635173376
4229 48.635173376
4229 14.165605096
4229 14.165605096
4229 14.165605096
4229 14.165605096
4229 14.165605096
4229 0
4229 24.669507272
4229 0
4229 0
4229 0
4229 0
4229 30.4164654
4229 30.4164654
4229 30.4164654
4229 0
4229 0
4229 9.891891888
4229 9.891891888
4229 0
4229 0
4229 0
4229 0
4229 0
4229 0
4229 115.06849312
4229 186.66666664
4269 0
4269 175.24598024
4269 175.24598024
4269 175.24598024
4269 175.24598024
4269 0
4269 50.15137152
4269 48.635173376
4269 48.635173376
4269 48.635173376
4269 48.635173376
4269 14.165605096
4269 14.165605096
4269 14.165605096
4269 14.165605096
4269 14.165605096
4269 0
4269 24.669507272
4269 0
4269 0
4269 0
4269 0
4269 30.4164654
4269 30.4164654
4269 30.4164654
4269 0
4269 0
4269 9.891891888
4269 9.891891888
4269 0
4269 0
4269 0
4269 0
4269 0
4269 0
4269 115.06849312
4269 186.66666664
4307 0
4307 175.24598024
4307 175.24598024
4307 175.24598024
4307 175.24598024
4307 0
4307 50.15137152
4307 48.635173376
4307 48.635173376
4307 48.635173376
4307 48.635173376
4307 14.165605096
4307 14.165605096
4307 14.165605096
4307 14.165605096
4307 14.165605096
4307 0
4307 24.669507272
4307 0
4307 0
4307 0
4307 0
4307 30.4164654
4307 30.4164654
4307 30.4164654
4307 0
4307 0
4307 9.891891888
4307 9.891891888
4307 0
4307 0
4307 0
4307 0
4307 0
4307 0
4307 115.06849312
4307 186.66666664
4347 0
4347 175.24598024
4347 175.24598024
4347 175.24598024
4347 175.24598024
4347 0
4347 50.15137152
4347 48.635173376
4347 48.635173376
4347 48.635173376
4347 48.635173376
4347 14.165605096
4347 14.165605096
4347 14.165605096
4347 14.165605096
4347 14.165605096
4347 0
4347 24.669507272
4347 0
4347 0
4347 0
4347 0
4347 30.4164654
4347 30.4164654
4347 30.4164654
4347 0
4347 0
4347 9.891891888
4347 9.891891888
4347 0
4347 0
4347 0
4347 0
4347 0
4347 0
4347 115.06849312
4347 186.66666664
4388 0
4388 175.24598024
4388 175.24598024
4388 175.24598024
4388 175.24598024
4388 0
4388 50.15137152
4388 48.635173376
4388 48.635173376
4388 48.635173376
4388 48.635173376
4388 14.165605096
4388 14.165605096
4388 14.165605096
4388 14.165605096
4388 14.165605096
4388 0
4388 24.669507272
4388 0
4388 0
4388 0
4388 0
4388 30.4164654
4388 30.4164654
4388 30.4164654
4388 0
4388 0
4388 9.891891888
4388 9.891891888
4388 0
4388 0
4388 0
4388 0
4388 0
4388 0
4388 115.06849312
4388 186.66666664
4426 0
4426 175.24598024
4426 175.24598024
4426 175.24598024
4426 175.24598024
4426 0
4426 50.15137152
4426 48.635173376
4426 48.635173376
4426 48.635173376
4426 48.635173376
4426 14.165605096
4426 14.165605096
4426 14.165605096
4426 14.165605096
4426 14.165605096
4426 0
4426 24.669507272
4426 0
4426 0
4426 0
4426 0
4426 30.4164654
4426 30.4164654
4426 30.4164654
4426 0
4426 0
4426 9.891891888
4426 9.891891888
4426 0
4426 0
4426 0
4426 0
4426 0
4426 0
4426 115.06849312
4426 186.66666664
37003 0
37003 175.24598024
37003 175.24598024
37003 175.24598024
37003 175.24598024
37003 0
37003 50.15137152
37003 48.635173376
37003 48.635173376
37003 48.635173376
37003 48.635173376
37003 14.165605096
37003 14.165605096
37003 14.165605096
37003 14.165605096
37003 14.165605096
37003 0
37003 24.669507272
37003 0
37003 0
37003 0
37003 0
37003 30.4164654
37003 30.4164654
37003 30.4164654
37003 0
37003 0
37003 9.891891888
37003 9.891891888
37003 0
37003 0
37003 0
37003 0
37003 0
37003 0
37003 115.06849312
37003 186.66666664
4193 0
4193 175.24598024
4193 175.24598024
4193 175.24598024
4193 175.24598024
4193 0
4193 50.15137152
4193 48.635173376
4193 48.635173376
4193 48.635173376
4193 48.635173376
4193 14.165605096
4193 14.165605096
4193 14.165605096
4193 14.165605096
4193 14.165605096
4193 0
4193 24.669507272
4193 0
4193 0
4193 0
4193 0
4193 30.4164654
4193 30.4164654
4193 30.4164654
4193 0
4193 0
4193 9.891891888
4193 9.891891888
4193 0
4193 0
4193 0
4193 0
4193 0
4193 0
4193 115.06849312
4193 186.66666664
4230 0
4230 175.24598024
4230 175.24598024
4230 175.24598024
4230 175.24598024
4230 0
4230 50.15137152
4230 48.635173376
4230 48.635173376
4230 48.635173376
4230 48.635173376
4230 14.165605096
4230 14.165605096
4230 14.165605096
4230 14.165605096
4230 14.165605096
4230 0
4230 24.669507272
4230 0
4230 0
4230 0
4230 0
4230 30.4164654
4230 30.4164654
4230 30.4164654
4230 0
4230 0
4230 9.891891888
4230 9.891891888
4230 0
4230 0
4230 0
4230 0
4230 0
4230 0
4230 115.06849312
4230 186.66666664
4270 0
4270 175.24598024
4270 175.24598024
4270 175.24598024
4270 175.24598024
4270 0
4270 50.15137152
4270 48.635173376
4270 48.635173376
4270 48.635173376
4270 48.635173376
4270 14.165605096
4270 14.165605096
4270 14.165605096
4270 14.165605096
4270 14.165605096
4270 0
4270 24.669507272
4270 0
4270 0
4270 0
4270 0
4270 30.4164654
4270 30.4164654
4270 30.4164654
4270 0
4270 0
4270 9.891891888
4270 9.891891888
4270 0
4270 0
4270 0
4270 0
4270 0
4270 0
4270 115.06849312
4270 186.66666664
4308 0
4308 175.24598024
4308 175.24598024
4308 175.24598024
4308 175.24598024
4308 0
4308 50.15137152
4308 48.635173376
4308 48.635173376
4308 48.635173376
4308 48.635173376
4308 14.165605096
4308 14.165605096
4308 14.165605096
4308 14.165605096
4308 14.165605096
4308 0
4308 24.669507272
4308 0
4308 0
4308 0
4308 0
4308 30.4164654
4308 30.4164654
4308 30.4164654
4308 0
4308 0
4308 9.891891888
4308 9.891891888
4308 0
4308 0
4308 0
4308 0
4308 0
4308 0
4308 115.06849312
4308 186.66666664
4348 0
4348 175.24598024
4348 175.24598024
4348 175.24598024
4348 175.24598024
4348 0
4348 50.15137152
4348 48.635173376
4348 48.635173376
4348 48.635173376
4348 48.635173376
4348 14.165605096
4348 14.165605096
4348 14.165605096
4348 14.165605096
4348 14.165605096
4348 0
4348 24.669507272
4348 0
4348 0
4348 0
4348 0
4348 30.4164654
4348 30.4164654
4348 30.4164654
4348 0
4348 0
4348 9.891891888
4348 9.891891888
4348 0
4348 0
4348 0
4348 0
4348 0
4348 0
4348 115.06849312
4348 186.66666664
4389 0
4389 175.24598024
4389 175.24598024
4389 175.24598024
4389 175.24598024
4389 0
4389 50.15137152
4389 48.635173376
4389 48.635173376
4389 48.635173376
4389 48.635173376
4389 14.165605096
4389 14.165605096
4389 14.165605096
4389 14.165605096
4389 14.165605096
4389 0
4389 24.669507272
4389 0
4389 0
4389 0
4389 0
4389 30.4164654
4389 30.4164654
4389 30.4164654
4389 0
4389 0
4389 9.891891888
4389 9.891891888
4389 0
4389 0
4389 0
4389 0
4389 0
4389 0
4389 115.06849312
4389 186.66666664
4231 0
4231 175.24598024
4231 175.24598024
4231 175.24598024
4231 175.24598024
4231 0
4231 50.15137152
4231 48.635173376
4231 48.635173376
4231 48.635173376
4231 48.635173376
4231 14.165605096
4231 14.165605096
4231 14.165605096
4231 14.165605096
4231 14.165605096
4231 0
4231 24.669507272
4231 0
4231 0
4231 0
4231 0
4231 30.4164654
4231 30.4164654
4231 30.4164654
4231 0
4231 0
4231 9.891891888
4231 9.891891888
4231 0
4231 0
4231 0
4231 0
4231 0
4231 0
4231 115.06849312
4231 186.66666664
4271 0
4271 175.24598024
4271 175.24598024
4271 175.24598024
4271 175.24598024
4271 0
4271 50.15137152
4271 48.635173376
4271 48.635173376
4271 48.635173376
4271 48.635173376
4271 14.165605096
4271 14.165605096
4271 14.165605096
4271 14.165605096
4271 14.165605096
4271 0
4271 24.669507272
4271 0
4271 0
4271 0
4271 0
4271 30.4164654
4271 30.4164654
4271 30.4164654
4271 0
4271 0
4271 9.891891888
4271 9.891891888
4271 0
4271 0
4271 0
4271 0
4271 0
4271 0
4271 115.06849312
4271 186.66666664
4309 0
4309 175.24598024
4309 175.24598024
4309 175.24598024
4309 175.24598024
4309 0
4309 50.15137152
4309 48.635173376
4309 48.635173376
4309 48.635173376
4309 48.635173376
4309 14.165605096
4309 14.165605096
4309 14.165605096
4309 14.165605096
4309 14.165605096
4309 0
4309 24.669507272
4309 0
4309 0
4309 0
4309 0
4309 30.4164654
4309 30.4164654
4309 30.4164654
4309 0
4309 0
4309 9.891891888
4309 9.891891888
4309 0
4309 0
4309 0
4309 0
4309 0
4309 0
4309 115.06849312
4309 186.66666664
4349 0
4349 175.24598024
4349 175.24598024
4349 175.24598024
4349 175.24598024
4349 0
4349 50.15137152
4349 48.635173376
4349 48.635173376
4349 48.635173376
4349 48.635173376
4349 14.165605096
4349 14.165605096
4349 14.165605096
4349 14.165605096
4349 14.165605096
4349 0
4349 24.669507272
4349 0
4349 0
4349 0
4349 0
4349 30.4164654
4349 30.4164654
4349 30.4164654
4349 0
4349 0
4349 9.891891888
4349 9.891891888
4349 0
4349 0
4349 0
4349 0
4349 0
4349 0
4349 115.06849312
4349 186.66666664
