pt_graph scale
1232 0
1232 87.6229901301168
1232 87.6229901301168
1232 87.6229901301168
1232 87.6229901301168
1232 0
1232 25.075685760597
1232 24.3175866865215
1232 24.3175866865215
1232 24.3175866865215
1232 24.3175866865215
1232 7.08280254777072
1232 7.08280254777072
1232 7.08280254777072
1232 7.08280254777072
1232 7.08280254777072
1232 0
1232 12.334753637782
1232 0
1232 0
1232 0
1232 0
1232 15.2082327006294
1232 15.2082327006294
1232 15.2082327006294
1232 0
1232 0
1232 4.94594594594596
1232 4.94594594594596
1232 0
1232 0
1232 0
1232 0
1232 0
1232 0
1232 4
1232 93.3333333333332
1276 0
1276 87.6229901301168
1276 87.6229901301168
1276 87.6229901301168
1276 87.6229901301168
1276 0
1276 25.075685760597
1276 24.3175866865215
1276 24.3175866865215
1276 24.3175866865215
1276 24.3175866865215
1276 7.08280254777072
1276 7.08280254777072
1276 7.08280254777072
1276 7.08280254777072
1276 7.08280254777072
1276 0
1276 12.334753637782
1276 0
1276 0
1276 0
1276 0
1276 15.2082327006294
1276 15.2082327006294
1276 15.2082327006294
1276 0
1276 0
1276 4.94594594594596
1276 4.94594594594596
1276 0
1276 0
1276 0
1276 0
1276 0
1276 0
1276 4
1276 93.3333333333332
1440 0
1440 87.6229901301168
1440 87.6229901301168
1440 87.6229901301168
1440 87.6229901301168
1440 0
1440 25.075685760597
1440 24.3175866865215
1440 24.3175866865215
1440 24.3175866865215
1440 24.3175866865215
1440 7.08280254777072
1440 7.08280254777072
1440 7.08280254777072
1440 7.08280254777072
1440 7.08280254777072
1440 0
1440 12.334753637782
1440 0
1440 0
1440 0
1440 0
1440 15.2082327006294
1440 15.2082327006294
1440 15.2082327006294
1440 0
1440 0
1440 4.94594594594596
1440 4.94594594594596
1440 0
1440 0
1440 0
1440 0
1440 0
1440 0
1440 4
1440 93.3333333333332
1489 0
1489 87.6229901301168
1489 87.6229901301168
1489 87.6229901301168
1489 87.6229901301168
1489 0
1489 25.075685760597
1489 24.3175866865215
1489 24.3175866865215
1489 24.3175866865215
1489 24.3175866865215
1489 7.08280254777072
1489 7.08280254777072
1489 7.08280254777072
1489 7.08280254777072
1489 7.08280254777072
1489 0
1489 12.334753637782
1489 0
1489 0
1489 0
1489 0
1489 15.2082327006294
1489 15.2082327006294
1489 15.2082327006294
1489 0
1489 0
1489 4.94594594594596
1489 4.94594594594596
1489 0
1489 0
1489 0
1489 0
1489 0
1489 0
1489 4
1489 93.3333333333332
1537 0
1537 87.6229901301168
1537 87.6229901301168
1537 87.6229901301168
1537 87.6229901301168
1537 0
1537 25.075685760597
1537 24.3175866865215
1537 24.3175866865215
1537 24.3175866865215
1537 24.3175866865215
1537 7.08280254777072
1537 7.08280254777072
1537 7.08280254777072
1537 7.08280254777072
1537 7.08280254777072
1537 0
1537 12.334753637782
1537 0
1537 0
1537 0
1537 0
1537 15.2082327006294
1537 15.2082327006294
1537 15.2082327006294
1537 0
1537 0
1537 4.94594594594596
1537 4.94594594594596
1537 0
1537 0
1537 0
1537 0
1537 0
1537 0
1537 4
1537 93.3333333333332
1586 0
1586 87.6229901301168
1586 87.6229901301168
1586 87.6229901301168
1586 87.6229901301168
1586 0
1586 25.075685760597
1586 24.3175866865215
1586 24.3175866865215
1586 24.3175866865215
1586 24.3175866865215
1586 7.08280254777072
1586 7.08280254777072
1586 7.08280254777072
1586 7.08280254777072
1586 7.08280254777072
1586 0
1586 12.334753637782
1586 0
1586 0
1586 0
1586 0
1586 15.2082327006294
1586 15.2082327006294
1586 15.2082327006294
1586 0
1586 0
1586 4.94594594594596
1586 4.94594594594596
1586 0
1586 0
1586 0
1586 0
1586 0
1586 0
1586 4
1586 93.3333333333332
1633 0
1633 87.6229901301168
1633 87.6229901301168
1633 87.6229901301168
1633 87.6229901301168
1633 0
1633 25.075685760597
1633 24.3175866865215
1633 24.3175866865215
1633 24.3175866865215
1633 24.3175866865215
1633 7.08280254777072
1633 7.08280254777072
1633 7.08280254777072
1633 7.08280254777072
1633 7.08280254777072
1633 0
1633 12.334753637782
1633 0
1633 0
1633 0
1633 0
1633 15.2082327006294
1633 15.2082327006294
1633 15.2082327006294
1633 0
1633 0
1633 4.94594594594596
1633 4.94594594594596
1633 0
1633 0
1633 0
1633 0
1633 0
1633 0
1633 4
1633 93.3333333333332
1358 0
1358 87.6229901301168
1358 87.6229901301168
1358 87.6229901301168
1358 87.6229901301168
1358 0
1358 25.075685760597
1358 24.3175866865215
1358 24.3175866865215
1358 24.3175866865215
1358 24.3175866865215
1358 7.08280254777072
1358 7.08280254777072
1358 7.08280254777072
1358 7.08280254777072
1358 7.08280254777072
1358 0
1358 12.334753637782
1358 0
1358 0
1358 0
1358 0
1358 15.2082327006294
1358 15.2082327006294
1358 15.2082327006294
1358 0
1358 0
1358 4.94594594594596
1358 4.94594594594596
1358 0
1358 0
1358 0
1358 0
1358 0
1358 0
1358 4
1358 93.3333333333332
1398 0
1398 87.6229901301168
1398 87.6229901301168
1398 87.6229901301168
1398 87.6229901301168
1398 0
1398 25.075685760597
1398 24.3175866865215
1398 24.3175866865215
1398 24.3175866865215
1398 24.3175866865215
1398 7.08280254777072
1398 7.08280254777072
1398 7.08280254777072
1398 7.08280254777072
1398 7.08280254777072
1398 0
1398 12.334753637782
1398 0
1398 0
1398 0
1398 0
1398 15.2082327006294
1398 15.2082327006294
1398 15.2082327006294
1398 0
1398 0
1398 4.94594594594596
1398 4.94594594594596
1398 0
1398 0
1398 0
1398 0
1398 0
1398 0
1398 4
1398 93.3333333333332
1441 0
1441 87.6229901301168
1441 87.6229901301168
1441 87.6229901301168
1441 87.6229901301168
1441 0
1441 25.075685760597
1441 24.3175866865215
1441 24.3175866865215
1441 24.3175866865215
1441 24.3175866865215
1441 7.08280254777072
1441 7.08280254777072
1441 7.08280254777072
1441 7.08280254777072
1441 7.08280254777072
1441 0
1441 12.334753637782
1441 0
1441 0
1441 0
1441 0
1441 15.2082327006294
1441 15.2082327006294
1441 15.2082327006294
1441 0
1441 0
1441 4.94594594594596
1441 4.94594594594596
1441 0
1441 0
1441 0
1441 0
1441 0
1441 0
1441 4
1441 93.3333333333332
1490 0
1490 87.6229901301168
1490 87.6229901301168
1490 87.6229901301168
1490 87.6229901301168
1490 0
1490 25.075685760597
1490 24.3175866865215
1490 24.3175866865215
1490 24.3175866865215
1490 24.3175866865215
1490 7.08280254777072
1490 7.08280254777072
1490 7.08280254777072
1490 7.08280254777072
1490 7.08280254777072
1490 0
1490 12.334753637782
1490 0
1490 0
1490 0
1490 0
1490 15.2082327006294
1490 15.2082327006294
1490 15.2082327006294
1490 0
1490 0
1490 4.94594594594596
1490 4.94594594594596
1490 0
1490 0
1490 0
1490 0
1490 0
1490 0
1490 4
1490 93.3333333333332
1538 0
1538 87.6229901301168
1538 87.6229901301168
1538 87.6229901301168
1538 87.6229901301168
1538 0
1538 25.075685760597
1538 24.3175866865215
1538 24.3175866865215
1538 24.3175866865215
1538 24.3175866865215
1538 7.08280254777072
1538 7.08280254777072
1538 7.08280254777072
1538 7.08280254777072
1538 7.08280254777072
1538 0
1538 12.334753637782
1538 0
1538 0
1538 0
1538 0
1538 15.2082327006294
1538 15.2082327006294
1538 15.2082327006294
1538 0
1538 0
1538 4.94594594594596
1538 4.94594594594596
1538 0
1538 0
1538 0
1538 0
1538 0
1538 0
1538 4
1538 93.3333333333332
1587 0
1587 87.6229901301168
1587 87.6229901301168
1587 87.6229901301168
1587 87.6229901301168
1587 0
1587 25.075685760597
1587 24.3175866865215
1587 24.3175866865215
1587 24.3175866865215
1587 24.3175866865215
1587 7.08280254777072
1587 7.08280254777072
1587 7.08280254777072
1587 7.08280254777072
1587 7.08280254777072
1587 0
1587 12.334753637782
1587 0
1587 0
1587 0
1587 0
1587 15.2082327006294
1587 15.2082327006294
1587 15.2082327006294
1587 0
1587 0
1587 4.94594594594596
1587 4.94594594594596
1587 0
1587 0
1587 0
1587 0
1587 0
1587 0
1587 4
1587 93.3333333333332
1634 0
1634 87.6229901301168
1634 87.6229901301168
1634 87.6229901301168
1634 87.6229901301168
1634 0
1634 25.075685760597
1634 24.3175866865215
1634 24.3175866865215
1634 24.3175866865215
1634 24.3175866865215
1634 7.08280254777072
1634 7.08280254777072
1634 7.08280254777072
1634 7.08280254777072
1634 7.08280254777072
1634 0
1634 12.334753637782
1634 0
1634 0
1634 0
1634 0
1634 15.2082327006294
1634 15.2082327006294
1634 15.2082327006294
1634 0
1634 0
1634 4.94594594594596
1634 4.94594594594596
1634 0
1634 0
1634 0
1634 0
1634 0
1634 0
1634 4
1634 93.3333333333332
1740 0
1740 87.6229901301168
1740 87.6229901301168
1740 87.6229901301168
1740 87.6229901301168
1740 0
1740 25.075685760597
1740 24.3175866865215
1740 24.3175866865215
1740 24.3175866865215
1740 24.3175866865215
1740 7.08280254777072
1740 7.08280254777072
1740 7.08280254777072
1740 7.08280254777072
1740 7.08280254777072
1740 0
1740 12.334753637782
1740 0
1740 0
1740 0
1740 0
1740 15.2082327006294
1740 15.2082327006294
1740 15.2082327006294
1740 0
1740 0
1740 4.94594594594596
1740 4.94594594594596
1740 0
1740 0
1740 0
1740 0
1740 0
1740 0
1740 4
1740 93.3333333333332
37665 0
37665 87.6229901301168
37665 87.6229901301168
37665 87.6229901301168
37665 87.6229901301168
37665 0
37665 25.075685760597
37665 24.3175866865215
37665 24.3175866865215
37665 24.3175866865215
37665 24.3175866865215
37665 7.08280254777072
37665 7.08280254777072
37665 7.08280254777072
37665 7.08280254777072
37665 7.08280254777072
37665 0
37665 12.334753637782
37665 0
37665 0
37665 0
37665 0
37665 15.2082327006294
37665 15.2082327006294
37665 15.2082327006294
37665 0
37665 0
37665 4.94594594594596
37665 4.94594594594596
37665 0
37665 0
37665 0
37665 0
37665 0
37665 0
37665 4
37665 93.3333333333332
36956 0
36956 87.6229901301168
36956 87.6229901301168
36956 87.6229901301168
36956 87.6229901301168
36956 0
36956 25.075685760597
36956 24.3175866865215
36956 24.3175866865215
36956 24.3175866865215
36956 24.3175866865215
36956 7.08280254777072
36956 7.08280254777072
36956 7.08280254777072
36956 7.08280254777072
36956 7.08280254777072
36956 0
36956 12.334753637782
36956 0
36956 0
36956 0
36956 0
36956 15.2082327006294
36956 15.2082327006294
36956 15.2082327006294
36956 0
36956 0
36956 4.94594594594596
36956 4.94594594594596
36956 0
36956 0
36956 0
36956 0
36956 0
36956 0
36956 4
36956 93.3333333333332
1106 0
1106 87.6229901301168
1106 87.6229901301168
1106 87.6229901301168
1106 87.6229901301168
1106 0
1106 25.075685760597
1106 24.3175866865215
1106 24.3175866865215
1106 24.3175866865215
1106 24.3175866865215
1106 7.08280254777072
1106 7.08280254777072
1106 7.08280254777072
1106 7.08280254777072
1106 7.08280254777072
1106 0
1106 12.334753637782
1106 0
1106 0
1106 0
1106 0
1106 15.2082327006294
1106 15.2082327006294
1106 15.2082327006294
1106 0
1106 0
1106 4.94594594594596
1106 4.94594594594596
1106 0
1106 0
1106 0
1106 0
1106 0
1106 0
1106 4
1106 93.3333333333332
1147 0
1147 87.6229901301168
1147 87.6229901301168
1147 87.6229901301168
1147 87.6229901301168
1147 0
1147 25.075685760597
1147 24.3175866865215
1147 24.3175866865215
1147 24.3175866865215
1147 24.3175866865215
1147 7.08280254777072
1147 7.08280254777072
1147 7.08280254777072
1147 7.08280254777072
1147 7.08280254777072
1147 0
1147 12.334753637782
1147 0
1147 0
1147 0
1147 0
1147 15.2082327006294
1147 15.2082327006294
1147 15.2082327006294
1147 0
1147 0
1147 4.94594594594596
1147 4.94594594594596
1147 0
1147 0
1147 0
1147 0
1147 0
1147 0
1147 4
1147 93.3333333333332
1277 0
1277 87.6229901301168
1277 87.6229901301168
1277 87.6229901301168
1277 87.6229901301168
1277 0
1277 25.075685760597
1277 24.3175866865215
1277 24.3175866865215
1277 24.3175866865215
1277 24.3175866865215
1277 7.08280254777072
1277 7.08280254777072
1277 7.08280254777072
1277 7.08280254777072
1277 7.08280254777072
1277 0
1277 12.334753637782
1277 0
1277 0
1277 0
1277 0
1277 15.2082327006294
1277 15.2082327006294
1277 15.2082327006294
1277 0
1277 0
1277 4.94594594594596
1277 4.94594594594596
1277 0
1277 0
1277 0
1277 0
1277 0
1277 0
1277 4
1277 93.3333333333332
1316 0
1316 87.6229901301168
1316 87.6229901301168
1316 87.6229901301168
1316 87.6229901301168
1316 0
1316 25.075685760597
1316 24.3175866865215
1316 24.3175866865215
1316 24.3175866865215
1316 24.3175866865215
1316 7.08280254777072
1316 7.08280254777072
1316 7.08280254777072
1316 7.08280254777072
1316 7.08280254777072
1316 0
1316 12.334753637782
1316 0
1316 0
1316 0
1316 0
1316 15.2082327006294
1316 15.2082327006294
1316 15.2082327006294
1316 0
1316 0
1316 4.94594594594596
1316 4.94594594594596
1316 0
1316 0
1316 0
1316 0
1316 0
1316 0
1316 4
1316 93.3333333333332
1359 0
1359 87.6229901301168
1359 87.6229901301168
1359 87.6229901301168
1359 87.6229901301168
1359 0
1359 25.075685760597
1359 24.3175866865215
1359 24.3175866865215
1359 24.3175866865215
1359 24.3175866865215
1359 7.08280254777072
1359 7.08280254777072
1359 7.08280254777072
1359 7.08280254777072
1359 7.08280254777072
1359 0
1359 12.334753637782
1359 0
1359 0
1359 0
1359 0
1359 15.2082327006294
1359 15.2082327006294
1359 15.2082327006294
1359 0
1359 0
1359 4.94594594594596
1359 4.94594594594596
1359 0
1359 0
1359 0
1359 0
1359 0
1359 0
1359 4
1359 93.3333333333332
1399 0
1399 87.6229901301168
1399 87.6229901301168
1399 87.6229901301168
1399 87.6229901301168
1399 0
1399 25.075685760597
1399 24.3175866865215
1399 24.3175866865215
1399 24.3175866865215
1399 24.3175866865215
1399 7.08280254777072
1399 7.08280254777072
1399 7.08280254777072
1399 7.08280254777072
1399 7.08280254777072
1399 0
1399 12.334753637782
1399 0
1399 0
1399 0
1399 0
1399 15.2082327006294
1399 15.2082327006294
1399 15.2082327006294
1399 0
1399 0
1399 4.94594594594596
1399 4.94594594594596
1399 0
1399 0
1399 0
1399 0
1399 0
1399 0
1399 4
1399 93.3333333333332
1442 0
1442 87.6229901301168
1442 87.6229901301168
1442 87.6229901301168
1442 87.6229901301168
1442 0
1442 25.075685760597
1442 24.3175866865215
1442 24.3175866865215
1442 24.3175866865215
1442 24.3175866865215
1442 7.08280254777072
1442 7.08280254777072
1442 7.08280254777072
1442 7.08280254777072
1442 7.08280254777072
1442 0
1442 12.334753637782
1442 0
1442 0
1442 0
1442 0
1442 15.2082327006294
1442 15.2082327006294
1442 15.2082327006294
1442 0
1442 0
1442 4.94594594594596
1442 4.94594594594596
1442 0
1442 0
1442 0
1442 0
1442 0
1442 0
1442 4
1442 93.3333333333332
1491 0
1491 87.6229901301168
1491 87.6229901301168
1491 87.6229901301168
1491 87.6229901301168
1491 0
1491 25.075685760597
1491 24.3175866865215
1491 24.3175866865215
1491 24.3175866865215
1491 24.3175866865215
1491 7.08280254777072
1491 7.08280254777072
1491 7.08280254777072
1491 7.08280254777072
1491 7.08280254777072
1491 0
1491 12.334753637782
1491 0
1491 0
1491 0
1491 0
1491 15.2082327006294
1491 15.2082327006294
1491 15.2082327006294
1491 0
1491 0
1491 4.94594594594596
1491 4.94594594594596
1491 0
1491 0
1491 0
1491 0
1491 0
1491 0
1491 4
1491 93.3333333333332
1539 0
1539 87.6229901301168
1539 87.6229901301168
1539 87.6229901301168
1539 87.6229901301168
1539 0
1539 25.075685760597
1539 24.3175866865215
1539 24.3175866865215
1539 24.3175866865215
1539 24.3175866865215
1539 7.08280254777072
1539 7.08280254777072
1539 7.08280254777072
1539 7.08280254777072
1539 7.08280254777072
1539 0
1539 12.334753637782
1539 0
1539 0
1539 0
1539 0
1539 15.2082327006294
1539 15.2082327006294
1539 15.2082327006294
1539 0
1539 0
1539 4.94594594594596
1539 4.94594594594596
1539 0
1539 0
1539 0
1539 0
1539 0
1539 0
1539 4
1539 93.3333333333332
1588 0
1588 87.6229901301168
1588 87.6229901301168
1588 87.6229901301168
1588 87.6229901301168
1588 0
1588 25.075685760597
1588 24.3175866865215
1588 24.3175866865215
1588 24.3175866865215
1588 24.3175866865215
1588 7.08280254777072
1588 7.08280254777072
1588 7.08280254777072
1588 7.08280254777072
1588 7.08280254777072
1588 0
1588 12.334753637782
1588 0
1588 0
1588 0
1588 0
1588 15.2082327006294
1588 15.2082327006294
1588 15.2082327006294
1588 0
1588 0
1588 4.94594594594596
1588 4.94594594594596
1588 0
1588 0
1588 0
1588 0
1588 0
1588 0
1588 4
1588 93.3333333333332
1684 0
1684 87.6229901301168
1684 87.6229901301168
1684 87.6229901301168
1684 87.6229901301168
1684 0
1684 25.075685760597
1684 24.3175866865215
1684 24.3175866865215
1684 24.3175866865215
1684 24.3175866865215
1684 7.08280254777072
1684 7.08280254777072
1684 7.08280254777072
1684 7.08280254777072
1684 7.08280254777072
1684 0
1684 12.334753637782
1684 0
1684 0
1684 0
1684 0
1684 15.2082327006294
1684 15.2082327006294
1684 15.2082327006294
1684 0
1684 0
1684 4.94594594594596
1684 4.94594594594596
1684 0
1684 0
1684 0
1684 0
1684 0
1684 0
1684 4
1684 93.3333333333332
1066 0
1066 87.6229901301168
1066 87.6229901301168
1066 87.6229901301168
1066 87.6229901301168
1066 0
1066 25.075685760597
1066 24.3175866865215
1066 24.3175866865215
1066 24.3175866865215
1066 24.3175866865215
1066 7.08280254777072
1066 7.08280254777072
1066 7.08280254777072
1066 7.08280254777072
1066 7.08280254777072
1066 0
1066 12.334753637782
1066 0
1066 0
1066 0
1066 0
1066 15.2082327006294
1066 15.2082327006294
1066 15.2082327006294
1066 0
1066 0
1066 4.94594594594596
1066 4.94594594594596
1066 0
1066 0
1066 0
1066 0
1066 0
1066 0
1066 4
1066 93.3333333333332
1107 0
1107 87.6229901301168
1107 87.6229901301168
1107 87.6229901301168
1107 87.6229901301168
1107 0
1107 25.075685760597
1107 24.3175866865215
1107 24.3175866865215
1107 24.3175866865215
1107 24.3175866865215
1107 7.08280254777072
1107 7.08280254777072
1107 7.08280254777072
1107 7.08280254777072
1107 7.08280254777072
1107 0
1107 12.334753637782
1107 0
1107 0
1107 0
1107 0
1107 15.2082327006294
1107 15.2082327006294
1107 15.2082327006294
1107 0
1107 0
1107 4.94594594594596
1107 4.94594594594596
1107 0
1107 0
1107 0
1107 0
1107 0
1107 0
1107 4
1107 93.3333333333332
1148 0
1148 87.6229901301168
1148 87.6229901301168
1148 87.6229901301168
1148 87.6229901301168
1148 0
1148 25.075685760597
1148 24.3175866865215
1148 24.3175866865215
1148 24.3175866865215
1148 24.3175866865215
1148 7.08280254777072
1148 7.08280254777072
1148 7.08280254777072
1148 7.08280254777072
1148 7.08280254777072
1148 0
1148 12.334753637782
1148 0
1148 0
1148 0
1148 0
1148 15.2082327006294
1148 15.2082327006294
1148 15.2082327006294
1148 0
1148 0
1148 4.94594594594596
1148 4.94594594594596
1148 0
1148 0
1148 0
1148 0
1148 0
1148 0
1148 4
1148 93.3333333333332
1189 0
1189 87.6229901301168
1189 87.6229901301168
1189 87.6229901301168
1189 87.6229901301168
1189 0
1189 25.075685760597
1189 24.3175866865215
1189 24.3175866865215
1189 24.3175866865215
1189 24.3175866865215
1189 7.08280254777072
1189 7.08280254777072
1189 7.08280254777072
1189 7.08280254777072
1189 7.08280254777072
1189 0
1189 12.334753637782
1189 0
1189 0
1189 0
1189 0
1189 15.2082327006294
1189 15.2082327006294
1189 15.2082327006294
1189 0
1189 0
1189 4.94594594594596
1189 4.94594594594596
1189 0
1189 0
1189 0
1189 0
1189 0
1189 0
1189 4
1189 93.3333333333332
1233 0
1233 87.6229901301168
1233 87.6229901301168
1233 87.6229901301168
1233 87.6229901301168
1233 0
1233 25.075685760597
1233 24.3175866865215
1233 24.3175866865215
1233 24.3175866865215
1233 24.3175866865215
1233 7.08280254777072
1233 7.08280254777072
1233 7.08280254777072
1233 7.08280254777072
1233 7.08280254777072
1233 0
1233 12.334753637782
1233 0
1233 0
1233 0
1233 0
1233 15.2082327006294
1233 15.2082327006294
1233 15.2082327006294
1233 0
1233 0
1233 4.94594594594596
1233 4.94594594594596
1233 0
1233 0
1233 0
1233 0
1233 0
1233 0
1233 4
1233 93.3333333333332
1278 0
1278 87.6229901301168
1278 87.6229901301168
1278 87.6229901301168
1278 87.6229901301168
1278 0
1278 25.075685760597
1278 24.3175866865215
1278 24.3175866865215
1278 24.3175866865215
1278 24.3175866865215
1278 7.08280254777072
1278 7.08280254777072
1278 7.08280254777072
1278 7.08280254777072
1278 7.08280254777072
1278 0
1278 12.334753637782
1278 0
1278 0
1278 0
1278 0
1278 15.2082327006294
1278 15.2082327006294
1278 15.2082327006294
1278 0
1278 0
1278 4.94594594594596
1278 4.94594594594596
1278 0
1278 0
1278 0
1278 0
1278 0
1278 0
1278 4
1278 93.3333333333332
1317 0
1317 87.6229901301168
1317 87.6229901301168
1317 87.6229901301168
1317 87.6229901301168
1317 0
1317 25.075685760597
1317 24.3175866865215
1317 24.3175866865215
1317 24.3175866865215
1317 24.3175866865215
1317 7.08280254777072
1317 7.08280254777072
1317 7.08280254777072
1317 7.08280254777072
1317 7.08280254777072
1317 0
1317 12.334753637782
1317 0
1317 0
1317 0
1317 0
1317 15.2082327006294
1317 15.2082327006294
1317 15.2082327006294
1317 0
1317 0
1317 4.94594594594596
1317 4.94594594594596
1317 0
1317 0
1317 0
1317 0
1317 0
1317 0
1317 4
1317 93.3333333333332
1360 0
1360 87.6229901301168
1360 87.6229901301168
1360 87.6229901301168
1360 87.6229901301168
1360 0
1360 25.075685760597
1360 24.3175866865215
1360 24.3175866865215
1360 24.3175866865215
1360 24.3175866865215
1360 7.08280254777072
1360 7.08280254777072
1360 7.08280254777072
1360 7.08280254777072
1360 7.08280254777072
1360 0
1360 12.334753637782
1360 0
1360 0
1360 0
1360 0
1360 15.2082327006294
1360 15.2082327006294
1360 15.2082327006294
1360 0
1360 0
1360 4.94594594594596
1360 4.94594594594596
1360 0
1360 0
1360 0
1360 0
1360 0
1360 0
1360 4
1360 93.3333333333332
1400 0
1400 87.6229901301168
1400 87.6229901301168
1400 87.6229901301168
1400 87.6229901301168
1400 0
1400 25.075685760597
1400 24.3175866865215
1400 24.3175866865215
1400 24.3175866865215
1400 24.3175866865215
1400 7.08280254777072
1400 7.08280254777072
1400 7.08280254777072
1400 7.08280254777072
1400 7.08280254777072
1400 0
1400 12.334753637782
1400 0
1400 0
1400 0
1400 0
1400 15.2082327006294
1400 15.2082327006294
1400 15.2082327006294
1400 0
1400 0
1400 4.94594594594596
1400 4.94594594594596
1400 0
1400 0
1400 0
1400 0
1400 0
1400 0
1400 4
1400 93.3333333333332
1492 0
1492 87.6229901301168
1492 87.6229901301168
1492 87.6229901301168
1492 87.6229901301168
1492 0
1492 25.075685760597
1492 24.3175866865215
1492 24.3175866865215
1492 24.3175866865215
1492 24.3175866865215
1492 7.08280254777072
1492 7.08280254777072
1492 7.08280254777072
1492 7.08280254777072
1492 7.08280254777072
1492 0
1492 12.334753637782
1492 0
1492 0
1492 0
1492 0
1492 15.2082327006294
1492 15.2082327006294
1492 15.2082327006294
1492 0
1492 0
1492 4.94594594594596
1492 4.94594594594596
1492 0
1492 0
1492 0
1492 0
1492 0
1492 0
1492 4
1492 93.3333333333332
1540 0
1540 87.6229901301168
1540 87.6229901301168
1540 87.6229901301168
1540 87.6229901301168
1540 0
1540 25.075685760597
1540 24.3175866865215
1540 24.3175866865215
1540 24.3175866865215
1540 24.3175866865215
1540 7.08280254777072
1540 7.08280254777072
1540 7.08280254777072
1540 7.08280254777072
1540 7.08280254777072
1540 0
1540 12.334753637782
1540 0
1540 0
1540 0
1540 0
1540 15.2082327006294
1540 15.2082327006294
1540 15.2082327006294
1540 0
1540 0
1540 4.94594594594596
1540 4.94594594594596
1540 0
1540 0
1540 0
1540 0
1540 0
1540 0
1540 4
1540 93.3333333333332
36965 0
36965 87.6229901301168
36965 87.6229901301168
36965 87.6229901301168
36965 87.6229901301168
36965 0
36965 25.075685760597
36965 24.3175866865215
36965 24.3175866865215
36965 24.3175866865215
36965 24.3175866865215
36965 7.08280254777072
36965 7.08280254777072
36965 7.08280254777072
36965 7.08280254777072
36965 7.08280254777072
36965 0
36965 12.334753637782
36965 0
36965 0
36965 0
36965 0
36965 15.2082327006294
36965 15.2082327006294
36965 15.2082327006294
36965 0
36965 0
36965 4.94594594594596
36965 4.94594594594596
36965 0
36965 0
36965 0
36965 0
36965 0
36965 0
36965 4
36965 93.3333333333332
1067 0
1067 87.6229901301168
1067 87.6229901301168
1067 87.6229901301168
1067 87.6229901301168
1067 0
1067 25.075685760597
1067 24.3175866865215
1067 24.3175866865215
1067 24.3175866865215
1067 24.3175866865215
1067 7.08280254777072
1067 7.08280254777072
1067 7.08280254777072
1067 7.08280254777072
1067 7.08280254777072
1067 0
1067 12.334753637782
1067 0
1067 0
1067 0
1067 0
1067 15.2082327006294
1067 15.2082327006294
1067 15.2082327006294
1067 0
1067 0
1067 4.94594594594596
1067 4.94594594594596
1067 0
1067 0
1067 0
1067 0
1067 0
1067 0
1067 4
1067 93.3333333333332
1108 0
1108 87.6229901301168
1108 87.6229901301168
1108 87.6229901301168
1108 87.6229901301168
1108 0
1108 25.075685760597
1108 24.3175866865215
1108 24.3175866865215
1108 24.3175866865215
1108 24.3175866865215
1108 7.08280254777072
1108 7.08280254777072
1108 7.08280254777072
1108 7.08280254777072
1108 7.08280254777072
1108 0
1108 12.334753637782
1108 0
1108 0
1108 0
1108 0
1108 15.2082327006294
1108 15.2082327006294
1108 15.2082327006294
1108 0
1108 0
1108 4.94594594594596
1108 4.94594594594596
1108 0
1108 0
1108 0
1108 0
1108 0
1108 0
1108 4
1108 93.3333333333332
1149 0
1149 87.6229901301168
1149 87.6229901301168
1149 87.6229901301168
1149 87.6229901301168
1149 0
1149 25.075685760597
1149 24.3175866865215
1149 24.3175866865215
1149 24.3175866865215
1149 24.3175866865215
1149 7.08280254777072
1149 7.08280254777072
1149 7.08280254777072
1149 7.08280254777072
1149 7.08280254777072
1149 0
1149 12.334753637782
1149 0
1149 0
1149 0
1149 0
1149 15.2082327006294
1149 15.2082327006294
1149 15.2082327006294
1149 0
1149 0
1149 4.94594594594596
1149 4.94594594594596
1149 0
1149 0
1149 0
1149 0
1149 0
1149 0
1149 4
1149 93.3333333333332
1190 0
1190 87.6229901301168
1190 87.6229901301168
1190 87.6229901301168
1190 87.6229901301168
1190 0
1190 25.075685760597
1190 24.3175866865215
1190 24.3175866865215
1190 24.3175866865215
1190 24.3175866865215
1190 7.08280254777072
1190 7.08280254777072
1190 7.08280254777072
1190 7.08280254777072
1190 7.08280254777072
1190 0
1190 12.334753637782
1190 0
1190 0
1190 0
1190 0
1190 15.2082327006294
1190 15.2082327006294
1190 15.2082327006294
1190 0
1190 0
1190 4.94594594594596
1190 4.94594594594596
1190 0
1190 0
1190 0
1190 0
1190 0
1190 0
1190 4
1190 93.3333333333332
1234 0
1234 87.6229901301168
1234 87.6229901301168
1234 87.6229901301168
1234 87.6229901301168
1234 0
1234 25.075685760597
1234 24.3175866865215
1234 24.3175866865215
1234 24.3175866865215
1234 24.3175866865215
1234 7.08280254777072
1234 7.08280254777072
1234 7.08280254777072
1234 7.08280254777072
1234 7.08280254777072
1234 0
1234 12.334753637782
1234 0
1234 0
1234 0
1234 0
1234 15.2082327006294
1234 15.2082327006294
1234 15.2082327006294
1234 0
1234 0
1234 4.94594594594596
1234 4.94594594594596
1234 0
1234 0
1234 0
1234 0
1234 0
1234 0
1234 4
1234 93.3333333333332
1279 0
1279 87.6229901301168
1279 87.6229901301168
1279 87.6229901301168
1279 87.6229901301168
1279 0
1279 25.075685760597
1279 24.3175866865215
1279 24.3175866865215
1279 24.3175866865215
1279 24.3175866865215
1279 7.08280254777072
1279 7.08280254777072
1279 7.08280254777072
1279 7.08280254777072
1279 7.08280254777072
1279 0
1279 12.334753637782
1279 0
1279 0
1279 0
1279 0
1279 15.2082327006294
1279 15.2082327006294
1279 15.2082327006294
1279 0
1279 0
1279 4.94594594594596
1279 4.94594594594596
1279 0
1279 0
1279 0
1279 0
1279 0
1279 0
1279 4
1279 93.3333333333332
1318 0
1318 87.6229901301168
1318 87.6229901301168
1318 87.6229901301168
1318 87.6229901301168
1318 0
1318 25.075685760597
1318 24.3175866865215
1318 24.3175866865215
1318 24.3175866865215
1318 24.3175866865215
1318 7.08280254777072
1318 7.08280254777072
1318 7.08280254777072
1318 7.08280254777072
1318 7.08280254777072
1318 0
1318 12.334753637782
1318 0
1318 0
1318 0
1318 0
1318 15.2082327006294
1318 15.2082327006294
1318 15.2082327006294
1318 0
1318 0
1318 4.94594594594596
1318 4.94594594594596
1318 0
1318 0
1318 0
1318 0
1318 0
1318 0
1318 4
1318 93.3333333333332
1361 0
1361 87.6229901301168
1361 87.6229901301168
1361 87.6229901301168
1361 87.6229901301168
1361 0
1361 25.075685760597
1361 24.3175866865215
1361 24.3175866865215
1361 24.3175866865215
1361 24.3175866865215
1361 7.08280254777072
1361 7.08280254777072
1361 7.08280254777072
1361 7.08280254777072
1361 7.08280254777072
1361 0
1361 12.334753637782
1361 0
1361 0
1361 0
1361 0
1361 15.2082327006294
1361 15.2082327006294
1361 15.2082327006294
1361 0
1361 0
1361 4.94594594594596
1361 4.94594594594596
1361 0
1361 0
1361 0
1361 0
1361 0
1361 0
1361 4
1361 93.3333333333332
1401 0
1401 87.6229901301168
1401 87.6229901301168
1401 87.6229901301168
1401 87.6229901301168
1401 0
1401 25.075685760597
1401 24.3175866865215
1401 24.3175866865215
1401 24.3175866865215
1401 24.3175866865215
1401 7.08280254777072
1401 7.08280254777072
1401 7.08280254777072
1401 7.08280254777072
1401 7.08280254777072
1401 0
1401 12.334753637782
1401 0
1401 0
1401 0
1401 0
1401 15.2082327006294
1401 15.2082327006294
1401 15.2082327006294
1401 0
1401 0
1401 4.94594594594596
1401 4.94594594594596
1401 0
1401 0
1401 0
1401 0
1401 0
1401 0
1401 4
1401 93.3333333333332
1443 0
1443 87.6229901301168
1443 87.6229901301168
1443 87.6229901301168
1443 87.6229901301168
1443 0
1443 25.075685760597
1443 24.3175866865215
1443 24.3175866865215
1443 24.3175866865215
1443 24.3175866865215
1443 7.08280254777072
1443 7.08280254777072
1443 7.08280254777072
1443 7.08280254777072
1443 7.08280254777072
1443 0
1443 12.334753637782
1443 0
1443 0
1443 0
1443 0
1443 15.2082327006294
1443 15.2082327006294
1443 15.2082327006294
1443 0
1443 0
1443 4.94594594594596
1443 4.94594594594596
1443 0
1443 0
1443 0
1443 0
1443 0
1443 0
1443 4
1443 93.3333333333332
1493 0
1493 87.6229901301168
1493 87.6229901301168
1493 87.6229901301168
1493 87.6229901301168
1493 0
1493 25.075685760597
1493 24.3175866865215
1493 24.3175866865215
1493 24.3175866865215
1493 24.3175866865215
1493 7.08280254777072
1493 7.08280254777072
1493 7.08280254777072
1493 7.08280254777072
1493 7.08280254777072
1493 0
1493 12.334753637782
1493 0
1493 0
1493 0
1493 0
1493 15.2082327006294
1493 15.2082327006294
1493 15.2082327006294
1493 0
1493 0
1493 4.94594594594596
1493 4.94594594594596
1493 0
1493 0
1493 0
1493 0
1493 0
1493 0
1493 4
1493 93.3333333333332
36910 0
36910 87.6229901301168
36910 87.6229901301168
36910 87.6229901301168
36910 87.6229901301168
36910 0
36910 25.075685760597
36910 24.3175866865215
36910 24.3175866865215
36910 24.3175866865215
36910 24.3175866865215
36910 7.08280254777072
36910 7.08280254777072
36910 7.08280254777072
36910 7.08280254777072
36910 7.08280254777072
36910 0
36910 12.334753637782
36910 0
36910 0
36910 0
36910 0
36910 15.2082327006294
36910 15.2082327006294
36910 15.2082327006294
36910 0
36910 0
36910 4.94594594594596
36910 4.94594594594596
36910 0
36910 0
36910 0
36910 0
36910 0
36910 0
36910 4
36910 93.3333333333332
1191 0
1191 87.6229901301168
1191 87.6229901301168
1191 87.6229901301168
1191 87.6229901301168
1191 0
1191 25.075685760597
1191 24.3175866865215
1191 24.3175866865215
1191 24.3175866865215
1191 24.3175866865215
1191 7.08280254777072
1191 7.08280254777072
1191 7.08280254777072
1191 7.08280254777072
1191 7.08280254777072
1191 0
1191 12.334753637782
1191 0
1191 0
1191 0
1191 0
1191 15.2082327006294
1191 15.2082327006294
1191 15.2082327006294
1191 0
1191 0
1191 4.94594594594596
1191 4.94594594594596
1191 0
1191 0
1191 0
1191 0
1191 0
1191 0
1191 4
1191 93.3333333333332
1235 0
1235 87.6229901301168
1235 87.6229901301168
1235 87.6229901301168
1235 87.6229901301168
1235 0
1235 25.075685760597
1235 24.3175866865215
1235 24.3175866865215
1235 24.3175866865215
1235 24.3175866865215
1235 7.08280254777072
1235 7.08280254777072
1235 7.08280254777072
1235 7.08280254777072
1235 7.08280254777072
1235 0
1235 12.334753637782
1235 0
1235 0
1235 0
1235 0
1235 15.2082327006294
1235 15.2082327006294
1235 15.2082327006294
1235 0
1235 0
1235 4.94594594594596
1235 4.94594594594596
1235 0
1235 0
1235 0
1235 0
1235 0
1235 0
1235 4
1235 93.3333333333332
1280 0
1280 87.6229901301168
1280 87.6229901301168
1280 87.6229901301168
1280 87.6229901301168
1280 0
1280 25.075685760597
1280 24.3175866865215
1280 24.3175866865215
1280 24.3175866865215
1280 24.3175866865215
1280 7.08280254777072
1280 7.08280254777072
1280 7.08280254777072
1280 7.08280254777072
1280 7.08280254777072
1280 0
1280 12.334753637782
1280 0
1280 0
1280 0
1280 0
1280 15.2082327006294
1280 15.2082327006294
1280 15.2082327006294
1280 0
1280 0
1280 4.94594594594596
1280 4.94594594594596
1280 0
1280 0
1280 0
1280 0
1280 0
1280 0
1280 4
1280 93.3333333333332
1319 0
1319 87.6229901301168
1319 87.6229901301168
1319 87.6229901301168
1319 87.6229901301168
1319 0
1319 25.075685760597
1319 24.3175866865215
1319 24.3175866865215
1319 24.3175866865215
1319 24.3175866865215
1319 7.08280254777072
1319 7.08280254777072
1319 7.08280254777072
1319 7.08280254777072
1319 7.08280254777072
1319 0
1319 12.334753637782
1319 0
1319 0
1319 0
1319 0
1319 15.2082327006294
1319 15.2082327006294
1319 15.2082327006294
1319 0
1319 0
1319 4.94594594594596
1319 4.94594594594596
1319 0
1319 0
1319 0
1319 0
1319 0
1319 0
1319 4
1319 93.3333333333332
37198 0
37198 87.6229901301168
37198 87.6229901301168
37198 87.6229901301168
37198 87.6229901301168
37198 0
37198 25.075685760597
37198 24.3175866865215
37198 24.3175866865215
37198 24.3175866865215
37198 24.3175866865215
37198 7.08280254777072
37198 7.08280254777072
37198 7.08280254777072
37198 7.08280254777072
37198 7.08280254777072
37198 0
37198 12.334753637782
37198 0
37198 0
37198 0
37198 0
37198 15.2082327006294
37198 15.2082327006294
37198 15.2082327006294
37198 0
37198 0
37198 4.94594594594596
37198 4.94594594594596
37198 0
37198 0
37198 0
37198 0
37198 0
37198 0
37198 4
37198 93.3333333333332
37668 0
37668 87.6229901301168
37668 87.6229901301168
37668 87.6229901301168
37668 87.6229901301168
37668 0
37668 25.075685760597
37668 24.3175866865215
37668 24.3175866865215
37668 24.3175866865215
37668 24.3175866865215
37668 7.08280254777072
37668 7.08280254777072
37668 7.08280254777072
37668 7.08280254777072
37668 7.08280254777072
37668 0
37668 12.334753637782
37668 0
37668 0
37668 0
37668 0
37668 15.2082327006294
37668 15.2082327006294
37668 15.2082327006294
37668 0
37668 0
37668 4.94594594594596
37668 4.94594594594596
37668 0
37668 0
37668 0
37668 0
37668 0
37668 0
37668 4
37668 93.3333333333332
1192 0
1192 87.6229901301168
1192 87.6229901301168
1192 87.6229901301168
1192 87.6229901301168
1192 0
1192 25.075685760597
1192 24.3175866865215
1192 24.3175866865215
1192 24.3175866865215
1192 24.3175866865215
1192 7.08280254777072
1192 7.08280254777072
1192 7.08280254777072
1192 7.08280254777072
1192 7.08280254777072
1192 0
1192 12.334753637782
1192 0
1192 0
1192 0
1192 0
1192 15.2082327006294
1192 15.2082327006294
1192 15.2082327006294
1192 0
1192 0
1192 4.94594594594596
1192 4.94594594594596
1192 0
1192 0
1192 0
1192 0
1192 0
1192 0
1192 4
1192 93.3333333333332
1236 0
1236 87.6229901301168
1236 87.6229901301168
1236 87.6229901301168
1236 87.6229901301168
1236 0
1236 25.075685760597
1236 24.3175866865215
1236 24.3175866865215
1236 24.3175866865215
1236 24.3175866865215
1236 7.08280254777072
1236 7.08280254777072
1236 7.08280254777072
1236 7.08280254777072
1236 7.08280254777072
1236 0
1236 12.334753637782
1236 0
1236 0
1236 0
1236 0
1236 15.2082327006294
1236 15.2082327006294
1236 15.2082327006294
1236 0
1236 0
1236 4.94594594594596
1236 4.94594594594596
1236 0
1236 0
1236 0
1236 0
1236 0
1236 0
1236 4
1236 93.3333333333332
1281 0
1281 87.6229901301168
1281 87.6229901301168
1281 87.6229901301168
1281 87.6229901301168
1281 0
1281 25.075685760597
1281 24.3175866865215
1281 24.3175866865215
1281 24.3175866865215
1281 24.3175866865215
1281 7.08280254777072
1281 7.08280254777072
1281 7.08280254777072
1281 7.08280254777072
1281 7.08280254777072
1281 0
1281 12.334753637782
1281 0
1281 0
1281 0
1281 0
1281 15.2082327006294
1281 15.2082327006294
1281 15.2082327006294
1281 0
1281 0
1281 4.94594594594596
1281 4.94594594594596
1281 0
1281 0
1281 0
1281 0
1281 0
1281 0
1281 4
1281 93.3333333333332
1320 0
1320 87.6229901301168
1320 87.6229901301168
1320 87.6229901301168
1320 87.6229901301168
1320 0
1320 25.075685760597
1320 24.3175866865215
1320 24.3175866865215
1320 24.3175866865215
1320 24.3175866865215
1320 7.08280254777072
1320 7.08280254777072
1320 7.08280254777072
1320 7.08280254777072
1320 7.08280254777072
1320 0
1320 12.334753637782
1320 0
1320 0
1320 0
1320 0
1320 15.2082327006294
1320 15.2082327006294
1320 15.2082327006294
1320 0
1320 0
1320 4.94594594594596
1320 4.94594594594596
1320 0
1320 0
1320 0
1320 0
1320 0
1320 0
1320 4
1320 93.3333333333332
36928 0
36928 87.6229901301168
36928 87.6229901301168
36928 87.6229901301168
36928 87.6229901301168
36928 0
36928 25.075685760597
36928 24.3175866865215
36928 24.3175866865215
36928 24.3175866865215
36928 24.3175866865215
36928 7.08280254777072
36928 7.08280254777072
36928 7.08280254777072
36928 7.08280254777072
36928 7.08280254777072
36928 0
36928 12.334753637782
36928 0
36928 0
36928 0
36928 0
36928 15.2082327006294
36928 15.2082327006294
36928 15.2082327006294
36928 0
36928 0
36928 4.94594594594596
36928 4.94594594594596
36928 0
36928 0
36928 0
36928 0
36928 0
36928 0
36928 4
36928 93.3333333333332
1151 0
1151 87.6229901301168
1151 87.6229901301168
1151 87.6229901301168
1151 87.6229901301168
1151 0
1151 25.075685760597
1151 24.3175866865215
1151 24.3175866865215
1151 24.3175866865215
1151 24.3175866865215
1151 7.08280254777072
1151 7.08280254777072
1151 7.08280254777072
1151 7.08280254777072
1151 7.08280254777072
1151 0
1151 12.334753637782
1151 0
1151 0
1151 0
1151 0
1151 15.2082327006294
1151 15.2082327006294
1151 15.2082327006294
1151 0
1151 0
1151 4.94594594594596
1151 4.94594594594596
1151 0
1151 0
1151 0
1151 0
1151 0
1151 0
1151 4
1151 93.3333333333332
1193 0
1193 87.6229901301168
1193 87.6229901301168
1193 87.6229901301168
1193 87.6229901301168
1193 0
1193 25.075685760597
1193 24.3175866865215
1193 24.3175866865215
1193 24.3175866865215
1193 24.3175866865215
1193 7.08280254777072
1193 7.08280254777072
1193 7.08280254777072
1193 7.08280254777072
1193 7.08280254777072
1193 0
1193 12.334753637782
1193 0
1193 0
1193 0
1193 0
1193 15.2082327006294
1193 15.2082327006294
1193 15.2082327006294
1193 0
1193 0
1193 4.94594594594596
1193 4.94594594594596
1193 0
1193 0
1193 0
1193 0
1193 0
1193 0
1193 4
1193 93.3333333333332
1237 0
1237 87.6229901301168
1237 87.6229901301168
1237 87.6229901301168
1237 87.6229901301168
1237 0
1237 25.075685760597
1237 24.3175866865215
1237 24.3175866865215
1237 24.3175866865215
1237 24.3175866865215
1237 7.08280254777072
1237 7.08280254777072
1237 7.08280254777072
1237 7.08280254777072
1237 7.08280254777072
1237 0
1237 12.334753637782
1237 0
1237 0
1237 0
1237 0
1237 15.2082327006294
1237 15.2082327006294
1237 15.2082327006294
1237 0
1237 0
1237 4.94594594594596
1237 4.94594594594596
1237 0
1237 0
1237 0
1237 0
1237 0
1237 0
1237 4
1237 93.3333333333332
1282 0
1282 87.6229901301168
1282 87.6229901301168
1282 87.6229901301168
1282 87.6229901301168
1282 0
1282 25.075685760597
1282 24.3175866865215
1282 24.3175866865215
1282 24.3175866865215
1282 24.3175866865215
1282 7.08280254777072
1282 7.08280254777072
1282 7.08280254777072
1282 7.08280254777072
1282 7.08280254777072
1282 0
1282 12.334753637782
1282 0
1282 0
1282 0
1282 0
1282 15.2082327006294
1282 15.2082327006294
1282 15.2082327006294
1282 0
1282 0
1282 4.94594594594596
1282 4.94594594594596
1282 0
1282 0
1282 0
1282 0
1282 0
1282 0
1282 4
1282 93.3333333333332
1321 0
1321 87.6229901301168
1321 87.6229901301168
1321 87.6229901301168
1321 87.6229901301168
1321 0
1321 25.075685760597
1321 24.3175866865215
1321 24.3175866865215
1321 24.3175866865215
1321 24.3175866865215
1321 7.08280254777072
1321 7.08280254777072
1321 7.08280254777072
1321 7.08280254777072
1321 7.08280254777072
1321 0
1321 12.334753637782
1321 0
1321 0
1321 0
1321 0
1321 15.2082327006294
1321 15.2082327006294
1321 15.2082327006294
1321 0
1321 0
1321 4.94594594594596
1321 4.94594594594596
1321 0
1321 0
1321 0
1321 0
1321 0
1321 0
1321 4
1321 93.3333333333332
1152 0
1152 87.6229901301168
1152 87.6229901301168
1152 87.6229901301168
1152 87.6229901301168
1152 0
1152 25.075685760597
1152 24.3175866865215
1152 24.3175866865215
1152 24.3175866865215
1152 24.3175866865215
1152 7.08280254777072
1152 7.08280254777072
1152 7.08280254777072
1152 7.08280254777072
1152 7.08280254777072
1152 0
1152 12.334753637782
1152 0
1152 0
1152 0
1152 0
1152 15.2082327006294
1152 15.2082327006294
1152 15.2082327006294
1152 0
1152 0
1152 4.94594594594596
1152 4.94594594594596
1152 0
1152 0
1152 0
1152 0
1152 0
1152 0
1152 4
1152 93.3333333333332
1194 0
1194 87.6229901301168
1194 87.6229901301168
1194 87.6229901301168
1194 87.6229901301168
1194 0
1194 25.075685760597
1194 24.3175866865215
1194 24.3175866865215
1194 24.3175866865215
1194 24.3175866865215
1194 7.08280254777072
1194 7.08280254777072
1194 7.08280254777072
1194 7.08280254777072
1194 7.08280254777072
1194 0
1194 12.334753637782
1194 0
1194 0
1194 0
1194 0
1194 15.2082327006294
1194 15.2082327006294
1194 15.2082327006294
1194 0
1194 0
1194 4.94594594594596
1194 4.94594594594596
1194 0
1194 0
1194 0
1194 0
1194 0
1194 0
1194 4
1194 93.3333333333332
1238 0
1238 87.6229901301168
1238 87.6229901301168
1238 87.6229901301168
1238 87.6229901301168
1238 0
1238 25.075685760597
1238 24.3175866865215
1238 24.3175866865215
1238 24.3175866865215
1238 24.3175866865215
1238 7.08280254777072
1238 7.08280254777072
1238 7.08280254777072
1238 7.08280254777072
1238 7.08280254777072
1238 0
1238 12.334753637782
1238 0
1238 0
1238 0
1238 0
1238 15.2082327006294
1238 15.2082327006294
1238 15.2082327006294
1238 0
1238 0
1238 4.94594594594596
1238 4.94594594594596
1238 0
1238 0
1238 0
1238 0
1238 0
1238 0
1238 4
1238 93.3333333333332
36971 0
36971 87.6229901301168
36971 87.6229901301168
36971 87.6229901301168
36971 87.6229901301168
36971 0
36971 25.075685760597
36971 24.3175866865215
36971 24.3175866865215
36971 24.3175866865215
36971 24.3175866865215
36971 7.08280254777072
36971 7.08280254777072
36971 7.08280254777072
36971 7.08280254777072
36971 7.08280254777072
36971 0
36971 12.334753637782
36971 0
36971 0
36971 0
36971 0
36971 15.2082327006294
36971 15.2082327006294
36971 15.2082327006294
36971 0
36971 0
36971 4.94594594594596
36971 4.94594594594596
36971 0
36971 0
36971 0
36971 0
36971 0
36971 0
36971 4
36971 93.3333333333332
1239 0
1239 87.6229901301168
1239 87.6229901301168
1239 87.6229901301168
1239 87.6229901301168
1239 0
1239 25.075685760597
1239 24.3175866865215
1239 24.3175866865215
1239 24.3175866865215
1239 24.3175866865215
1239 7.08280254777072
1239 7.08280254777072
1239 7.08280254777072
1239 7.08280254777072
1239 7.08280254777072
1239 0
1239 12.334753637782
1239 0
1239 0
1239 0
1239 0
1239 15.2082327006294
1239 15.2082327006294
1239 15.2082327006294
1239 0
1239 0
1239 4.94594594594596
1239 4.94594594594596
1239 0
1239 0
1239 0
1239 0
1239 0
1239 0
1239 4
1239 93.3333333333332
