pt_graph shape
5034 1
5034 1
5034 1
5034 1
5034 1
5034 1
5034 1
5034 1
5034 1
5034 1
5034 1
5034 1
5034 1
5034 1
5034 1
5034 1
5034 1
5034 1
5034 1
5034 1
5034 1
5121 1
5121 1
5121 1
5121 1
5121 1
5121 1
5121 1
5121 1
5121 1
5121 1
5121 1
5121 1
5121 1
5121 1
5121 1
5121 1
5121 1
5121 1
5121 1
5121 1
5121 1
5161 1
5161 1
5161 1
5161 1
5161 1
5161 1
5161 1
5161 1
5161 1
5161 1
5161 1
5161 1
5161 1
5161 1
5161 1
5161 1
5161 1
5161 1
5161 1
5161 1
5161 1
28226 1
28226 1
28226 1
28226 1
28226 1
28226 1
28226 1
28226 1
28226 1
28226 1
28226 1
28226 1
28226 1
28226 1
28226 1
28226 1
28226 1
28226 1
28226 1
28226 1
28226 1
27409 1
27409 1
27409 1
27409 1
27409 1
27409 1
27409 1
27409 1
27409 1
27409 1
27409 1
27409 1
27409 1
27409 1
27409 1
27409 1
27409 1
27409 1
27409 1
27409 1
27409 1
27932 1
27932 1
27932 1
27932 1
27932 1
27932 1
27932 1
27932 1
27932 1
27932 1
27932 1
27932 1
27932 1
27932 1
27932 1
27932 1
27932 1
27932 1
27932 1
27932 1
27932 1
28236 1
28236 1
28236 1
28236 1
28236 1
28236 1
28236 1
28236 1
28236 1
28236 1
28236 1
28236 1
28236 1
28236 1
28236 1
28236 1
28236 1
28236 1
28236 1
28236 1
28236 1
65 1
65 1
65 1
65 1
65 1
65 1
65 1
65 1
65 1
65 1
65 1
65 1
65 1
65 1
65 1
65 1
65 1
65 1
65 1
65 1
65 1
126 1
126 1
126 1
126 1
126 1
126 1
126 1
126 1
126 1
126 1
126 1
126 1
126 1
126 1
126 1
126 1
126 1
126 1
126 1
126 1
126 1
254 1
254 1
254 1
254 1
254 1
254 1
254 1
254 1
254 1
254 1
254 1
254 1
254 1
254 1
254 1
254 1
254 1
254 1
254 1
254 1
254 1
97 1
97 1
97 1
97 1
97 1
97 1
97 1
97 1
97 1
97 1
97 1
97 1
97 1
97 1
97 1
97 1
97 1
97 1
97 1
97 1
97 1
127 1
127 1
127 1
127 1
127 1
127 1
127 1
127 1
127 1
127 1
127 1
127 1
127 1
127 1
127 1
127 1
127 1
127 1
127 1
127 1
127 1
160 1
160 1
160 1
160 1
160 1
160 1
160 1
160 1
160 1
160 1
160 1
160 1
160 1
160 1
160 1
160 1
160 1
160 1
160 1
160 1
160 1
791 1
791 1
791 1
791 1
791 1
791 1
791 1
791 1
791 1
791 1
791 1
791 1
791 1
791 1
791 1
791 1
791 1
791 1
791 1
791 1
791 1
837 1
837 1
837 1
837 1
837 1
837 1
837 1
837 1
837 1
837 1
837 1
837 1
837 1
837 1
837 1
837 1
837 1
837 1
837 1
837 1
837 1
