pt_graph cpue_kghour
18566 0
18566 110.443908496696
18566 110.443908496696
18566 110.443908496696
18566 110.443908496696
18566 0
18566 0
18566 70.5641417458148
18566 70.5641417458148
18566 70.5641417458148
18566 70.5641417458148
18566 1437.05011732908
18566 1437.05011732908
18566 1437.05011732908
18566 1437.05011732908
18566 1437.05011732908
18566 0
18566 0
18566 0
18566 0
18566 0
18566 0
18566 0
18566 0
18566 0
18566 0
18566 0
18566 0
18566 0
18566 2804.55656371452
18566 2804.55656371452
18566 2804.55656371452
18566 0
18566 0
18566 0
18566 0
18566 0
18743 0
18743 110.443908496696
18743 110.443908496696
18743 110.443908496696
18743 110.443908496696
18743 0
18743 0
18743 70.5641417458148
18743 70.5641417458148
18743 70.5641417458148
18743 70.5641417458148
18743 1437.05011732908
18743 1437.05011732908
18743 1437.05011732908
18743 1437.05011732908
18743 1437.05011732908
18743 0
18743 0
18743 0
18743 0
18743 0
18743 0
18743 0
18743 0
18743 0
18743 0
18743 0
18743 0
18743 0
18743 2804.55656371452
18743 2804.55656371452
18743 2804.55656371452
18743 0
18743 0
18743 0
18743 0
18743 0
18917 0
18917 110.443908496696
18917 110.443908496696
18917 110.443908496696
18917 110.443908496696
18917 0
18917 0
18917 70.5641417458148
18917 70.5641417458148
18917 70.5641417458148
18917 70.5641417458148
18917 1437.05011732908
18917 1437.05011732908
18917 1437.05011732908
18917 1437.05011732908
18917 1437.05011732908
18917 0
18917 0
18917 0
18917 0
18917 0
18917 0
18917 0
18917 0
18917 0
18917 0
18917 0
18917 0
18917 0
18917 2804.55656371452
18917 2804.55656371452
18917 2804.55656371452
18917 0
18917 0
18917 0
18917 0
18917 0
18567 0
18567 110.443908496696
18567 110.443908496696
18567 110.443908496696
18567 110.443908496696
18567 0
18567 0
18567 70.5641417458148
18567 70.5641417458148
18567 70.5641417458148
18567 70.5641417458148
18567 1437.05011732908
18567 1437.05011732908
18567 1437.05011732908
18567 1437.05011732908
18567 1437.05011732908
18567 0
18567 0
18567 0
18567 0
18567 0
18567 0
18567 0
18567 0
18567 0
18567 0
18567 0
18567 0
18567 0
18567 2804.55656371452
18567 2804.55656371452
18567 2804.55656371452
18567 0
18567 0
18567 0
18567 0
18567 0
18918 0
18918 110.443908496696
18918 110.443908496696
18918 110.443908496696
18918 110.443908496696
18918 0
18918 0
18918 70.5641417458148
18918 70.5641417458148
18918 70.5641417458148
18918 70.5641417458148
18918 1437.05011732908
18918 1437.05011732908
18918 1437.05011732908
18918 1437.05011732908
18918 1437.05011732908
18918 0
18918 0
18918 0
18918 0
18918 0
18918 0
18918 0
18918 0
18918 0
18918 0
18918 0
18918 0
18918 0
18918 2804.55656371452
18918 2804.55656371452
18918 2804.55656371452
18918 0
18918 0
18918 0
18918 0
18918 0
14735 0
14735 110.443908496696
14735 110.443908496696
14735 110.443908496696
14735 110.443908496696
14735 0
14735 0
14735 70.5641417458148
14735 70.5641417458148
14735 70.5641417458148
14735 70.5641417458148
14735 1437.05011732908
14735 1437.05011732908
14735 1437.05011732908
14735 1437.05011732908
14735 1437.05011732908
14735 0
14735 0
14735 0
14735 0
14735 0
14735 0
14735 0
14735 0
14735 0
14735 0
14735 0
14735 0
14735 0
14735 2804.55656371452
14735 2804.55656371452
14735 2804.55656371452
14735 0
14735 0
14735 0
14735 0
14735 0
13823 0
13823 110.443908496696
13823 110.443908496696
13823 110.443908496696
13823 110.443908496696
13823 0
13823 0
13823 70.5641417458148
13823 70.5641417458148
13823 70.5641417458148
13823 70.5641417458148
13823 1437.05011732908
13823 1437.05011732908
13823 1437.05011732908
13823 1437.05011732908
13823 1437.05011732908
13823 0
13823 0
13823 0
13823 0
13823 0
13823 0
13823 0
13823 0
13823 0
13823 0
13823 0
13823 0
13823 0
13823 2804.55656371452
13823 2804.55656371452
13823 2804.55656371452
13823 0
13823 0
13823 0
13823 0
13823 0
12951 0
12951 110.443908496696
12951 110.443908496696
12951 110.443908496696
12951 110.443908496696
12951 0
12951 0
12951 70.5641417458148
12951 70.5641417458148
12951 70.5641417458148
12951 70.5641417458148
12951 1437.05011732908
12951 1437.05011732908
12951 1437.05011732908
12951 1437.05011732908
12951 1437.05011732908
12951 0
12951 0
12951 0
12951 0
12951 0
12951 0
12951 0
12951 0
12951 0
12951 0
12951 0
12951 0
12951 0
12951 2804.55656371452
12951 2804.55656371452
12951 2804.55656371452
12951 0
12951 0
12951 0
12951 0
12951 0
13123 0
13123 110.443908496696
13123 110.443908496696
13123 110.443908496696
13123 110.443908496696
13123 0
13123 0
13123 70.5641417458148
13123 70.5641417458148
13123 70.5641417458148
13123 70.5641417458148
13123 1437.05011732908
13123 1437.05011732908
13123 1437.05011732908
13123 1437.05011732908
13123 1437.05011732908
13123 0
13123 0
13123 0
13123 0
13123 0
13123 0
13123 0
13123 0
13123 0
13123 0
13123 0
13123 0
13123 0
13123 2804.55656371452
13123 2804.55656371452
13123 2804.55656371452
13123 0
13123 0
13123 0
13123 0
13123 0
19986 0
19986 110.443908496696
19986 110.443908496696
19986 110.443908496696
19986 110.443908496696
19986 0
19986 0
19986 70.5641417458148
19986 70.5641417458148
19986 70.5641417458148
19986 70.5641417458148
19986 1437.05011732908
19986 1437.05011732908
19986 1437.05011732908
19986 1437.05011732908
19986 1437.05011732908
19986 0
19986 0
19986 0
19986 0
19986 0
19986 0
19986 0
19986 0
19986 0
19986 0
19986 0
19986 0
19986 0
19986 2804.55656371452
19986 2804.55656371452
19986 2804.55656371452
19986 0
19986 0
19986 0
19986 0
19986 0
20146 0
20146 110.443908496696
20146 110.443908496696
20146 110.443908496696
20146 110.443908496696
20146 0
20146 0
20146 70.5641417458148
20146 70.5641417458148
20146 70.5641417458148
20146 70.5641417458148
20146 1437.05011732908
20146 1437.05011732908
20146 1437.05011732908
20146 1437.05011732908
20146 1437.05011732908
20146 0
20146 0
20146 0
20146 0
20146 0
20146 0
20146 0
20146 0
20146 0
20146 0
20146 0
20146 0
20146 0
20146 2804.55656371452
20146 2804.55656371452
20146 2804.55656371452
20146 0
20146 0
20146 0
20146 0
20146 0
20305 0
20305 110.443908496696
20305 110.443908496696
20305 110.443908496696
20305 110.443908496696
20305 0
20305 0
20305 70.5641417458148
20305 70.5641417458148
20305 70.5641417458148
20305 70.5641417458148
20305 1437.05011732908
20305 1437.05011732908
20305 1437.05011732908
20305 1437.05011732908
20305 1437.05011732908
20305 0
20305 0
20305 0
20305 0
20305 0
20305 0
20305 0
20305 0
20305 0
20305 0
20305 0
20305 0
20305 0
20305 2804.55656371452
20305 2804.55656371452
20305 2804.55656371452
20305 0
20305 0
20305 0
20305 0
20305 0
20464 0
20464 110.443908496696
20464 110.443908496696
20464 110.443908496696
20464 110.443908496696
20464 0
20464 0
20464 70.5641417458148
20464 70.5641417458148
20464 70.5641417458148
20464 70.5641417458148
20464 1437.05011732908
20464 1437.05011732908
20464 1437.05011732908
20464 1437.05011732908
20464 1437.05011732908
20464 0
20464 0
20464 0
20464 0
20464 0
20464 0
20464 0
20464 0
20464 0
20464 0
20464 0
20464 0
20464 0
20464 2804.55656371452
20464 2804.55656371452
20464 2804.55656371452
20464 0
20464 0
20464 0
20464 0
20464 0
12952 0
12952 110.443908496696
12952 110.443908496696
12952 110.443908496696
12952 110.443908496696
12952 0
12952 0
12952 70.5641417458148
12952 70.5641417458148
12952 70.5641417458148
12952 70.5641417458148
12952 1437.05011732908
12952 1437.05011732908
12952 1437.05011732908
12952 1437.05011732908
12952 1437.05011732908
12952 0
12952 0
12952 0
12952 0
12952 0
12952 0
12952 0
12952 0
12952 0
12952 0
12952 0
12952 0
12952 0
12952 2804.55656371452
12952 2804.55656371452
12952 2804.55656371452
12952 0
12952 0
12952 0
12952 0
12952 0
20147 0
20147 110.443908496696
20147 110.443908496696
20147 110.443908496696
20147 110.443908496696
20147 0
20147 0
20147 70.5641417458148
20147 70.5641417458148
20147 70.5641417458148
20147 70.5641417458148
20147 1437.05011732908
20147 1437.05011732908
20147 1437.05011732908
20147 1437.05011732908
20147 1437.05011732908
20147 0
20147 0
20147 0
20147 0
20147 0
20147 0
20147 0
20147 0
20147 0
20147 0
20147 0
20147 0
20147 0
20147 2804.55656371452
20147 2804.55656371452
20147 2804.55656371452
20147 0
20147 0
20147 0
20147 0
20147 0
13125 0
13125 110.443908496696
13125 110.443908496696
13125 110.443908496696
13125 110.443908496696
13125 0
13125 0
13125 70.5641417458148
13125 70.5641417458148
13125 70.5641417458148
13125 70.5641417458148
13125 1437.05011732908
13125 1437.05011732908
13125 1437.05011732908
13125 1437.05011732908
13125 1437.05011732908
13125 0
13125 0
13125 0
13125 0
13125 0
13125 0
13125 0
13125 0
13125 0
13125 0
13125 0
13125 0
13125 0
13125 2804.55656371452
13125 2804.55656371452
13125 2804.55656371452
13125 0
13125 0
13125 0
13125 0
13125 0
15284 0
15284 110.443908496696
15284 110.443908496696
15284 110.443908496696
15284 110.443908496696
15284 0
15284 0
15284 70.5641417458148
15284 70.5641417458148
15284 70.5641417458148
15284 70.5641417458148
15284 1437.05011732908
15284 1437.05011732908
15284 1437.05011732908
15284 1437.05011732908
15284 1437.05011732908
15284 0
15284 0
15284 0
15284 0
15284 0
15284 0
15284 0
15284 0
15284 0
15284 0
15284 0
15284 0
15284 0
15284 2804.55656371452
15284 2804.55656371452
15284 2804.55656371452
15284 0
15284 0
15284 0
15284 0
15284 0
20609 0
20609 110.443908496696
20609 110.443908496696
20609 110.443908496696
20609 110.443908496696
20609 0
20609 0
20609 70.5641417458148
20609 70.5641417458148
20609 70.5641417458148
20609 70.5641417458148
20609 1437.05011732908
20609 1437.05011732908
20609 1437.05011732908
20609 1437.05011732908
20609 1437.05011732908
20609 0
20609 0
20609 0
20609 0
20609 0
20609 0
20609 0
20609 0
20609 0
20609 0
20609 0
20609 0
20609 0
20609 2804.55656371452
20609 2804.55656371452
20609 2804.55656371452
20609 0
20609 0
20609 0
20609 0
20609 0
20746 0
20746 110.443908496696
20746 110.443908496696
20746 110.443908496696
20746 110.443908496696
20746 0
20746 0
20746 70.5641417458148
20746 70.5641417458148
20746 70.5641417458148
20746 70.5641417458148
20746 1437.05011732908
20746 1437.05011732908
20746 1437.05011732908
20746 1437.05011732908
20746 1437.05011732908
20746 0
20746 0
20746 0
20746 0
20746 0
20746 0
20746 0
20746 0
20746 0
20746 0
20746 0
20746 0
20746 0
20746 2804.55656371452
20746 2804.55656371452
20746 2804.55656371452
20746 0
20746 0
20746 0
20746 0
20746 0
20747 0
20747 110.443908496696
20747 110.443908496696
20747 110.443908496696
20747 110.443908496696
20747 0
20747 0
20747 70.5641417458148
20747 70.5641417458148
20747 70.5641417458148
20747 70.5641417458148
20747 1437.05011732908
20747 1437.05011732908
20747 1437.05011732908
20747 1437.05011732908
20747 1437.05011732908
20747 0
20747 0
20747 0
20747 0
20747 0
20747 0
20747 0
20747 0
20747 0
20747 0
20747 0
20747 0
20747 0
20747 2804.55656371452
20747 2804.55656371452
20747 2804.55656371452
20747 0
20747 0
20747 0
20747 0
20747 0
20748 0
20748 110.443908496696
20748 110.443908496696
20748 110.443908496696
20748 110.443908496696
20748 0
20748 0
20748 70.5641417458148
20748 70.5641417458148
20748 70.5641417458148
20748 70.5641417458148
20748 1437.05011732908
20748 1437.05011732908
20748 1437.05011732908
20748 1437.05011732908
20748 1437.05011732908
20748 0
20748 0
20748 0
20748 0
20748 0
20748 0
20748 0
20748 0
20748 0
20748 0
20748 0
20748 0
20748 0
20748 2804.55656371452
20748 2804.55656371452
20748 2804.55656371452
20748 0
20748 0
20748 0
20748 0
20748 0
20749 0
20749 110.443908496696
20749 110.443908496696
20749 110.443908496696
20749 110.443908496696
20749 0
20749 0
20749 70.5641417458148
20749 70.5641417458148
20749 70.5641417458148
20749 70.5641417458148
20749 1437.05011732908
20749 1437.05011732908
20749 1437.05011732908
20749 1437.05011732908
20749 1437.05011732908
20749 0
20749 0
20749 0
20749 0
20749 0
20749 0
20749 0
20749 0
20749 0
20749 0
20749 0
20749 0
20749 0
20749 2804.55656371452
20749 2804.55656371452
20749 2804.55656371452
20749 0
20749 0
20749 0
20749 0
20749 0
20750 0
20750 110.443908496696
20750 110.443908496696
20750 110.443908496696
20750 110.443908496696
20750 0
20750 0
20750 70.5641417458148
20750 70.5641417458148
20750 70.5641417458148
20750 70.5641417458148
20750 1437.05011732908
20750 1437.05011732908
20750 1437.05011732908
20750 1437.05011732908
20750 1437.05011732908
20750 0
20750 0
20750 0
20750 0
20750 0
20750 0
20750 0
20750 0
20750 0
20750 0
20750 0
20750 0
20750 0
20750 2804.55656371452
20750 2804.55656371452
20750 2804.55656371452
20750 0
20750 0
20750 0
20750 0
20750 0
20751 0
20751 110.443908496696
20751 110.443908496696
20751 110.443908496696
20751 110.443908496696
20751 0
20751 0
20751 70.5641417458148
20751 70.5641417458148
20751 70.5641417458148
20751 70.5641417458148
20751 1437.05011732908
20751 1437.05011732908
20751 1437.05011732908
20751 1437.05011732908
20751 1437.05011732908
20751 0
20751 0
20751 0
20751 0
20751 0
20751 0
20751 0
20751 0
20751 0
20751 0
20751 0
20751 0
20751 0
20751 2804.55656371452
20751 2804.55656371452
20751 2804.55656371452
20751 0
20751 0
20751 0
20751 0
20751 0
20615 0
20615 110.443908496696
20615 110.443908496696
20615 110.443908496696
20615 110.443908496696
20615 0
20615 0
20615 70.5641417458148
20615 70.5641417458148
20615 70.5641417458148
20615 70.5641417458148
20615 1437.05011732908
20615 1437.05011732908
20615 1437.05011732908
20615 1437.05011732908
20615 1437.05011732908
20615 0
20615 0
20615 0
20615 0
20615 0
20615 0
20615 0
20615 0
20615 0
20615 0
20615 0
20615 0
20615 0
20615 2804.55656371452
20615 2804.55656371452
20615 2804.55656371452
20615 0
20615 0
20615 0
20615 0
20615 0
