pt_graph shape
16312 1
16312 1
16312 1
16312 1
16312 1
16312 1
16312 1
16312 1
16312 1
16312 1
16312 1
16312 1
16312 1
16312 1
16312 1
16312 1
16312 1
16312 1
16312 1
16312 1
16312 1
16312 1
16312 1
16312 1
16312 1
16312 1
16312 1
16312 1
16312 1
16312 1
16312 1
16312 1
16312 1
16312 1
16312 1
16312 1
16312 1
15445 1
15445 1
15445 1
15445 1
15445 1
15445 1
15445 1
15445 1
15445 1
15445 1
15445 1
15445 1
15445 1
15445 1
15445 1
15445 1
15445 1
15445 1
15445 1
15445 1
15445 1
15445 1
15445 1
15445 1
15445 1
15445 1
15445 1
15445 1
15445 1
15445 1
15445 1
15445 1
15445 1
15445 1
15445 1
15445 1
15445 1
15619 1
15619 1
15619 1
15619 1
15619 1
15619 1
15619 1
15619 1
15619 1
15619 1
15619 1
15619 1
15619 1
15619 1
15619 1
15619 1
15619 1
15619 1
15619 1
15619 1
15619 1
15619 1
15619 1
15619 1
15619 1
15619 1
15619 1
15619 1
15619 1
15619 1
15619 1
15619 1
15619 1
15619 1
15619 1
15619 1
15619 1
19626 1
19626 1
19626 1
19626 1
19626 1
19626 1
19626 1
19626 1
19626 1
19626 1
19626 1
19626 1
19626 1
19626 1
19626 1
19626 1
19626 1
19626 1
19626 1
19626 1
19626 1
19626 1
19626 1
19626 1
19626 1
19626 1
19626 1
19626 1
19626 1
19626 1
19626 1
19626 1
19626 1
19626 1
19626 1
19626 1
19626 1
19449 1
19449 1
19449 1
19449 1
19449 1
19449 1
19449 1
19449 1
19449 1
19449 1
19449 1
19449 1
19449 1
19449 1
19449 1
19449 1
19449 1
19449 1
19449 1
19449 1
19449 1
19449 1
19449 1
19449 1
19449 1
19449 1
19449 1
19449 1
19449 1
19449 1
19449 1
19449 1
19449 1
19449 1
19449 1
19449 1
19449 1
19627 1
19627 1
19627 1
19627 1
19627 1
19627 1
19627 1
19627 1
19627 1
19627 1
19627 1
19627 1
19627 1
19627 1
19627 1
19627 1
19627 1
19627 1
19627 1
19627 1
19627 1
19627 1
19627 1
19627 1
19627 1
19627 1
19627 1
19627 1
19627 1
19627 1
19627 1
19627 1
19627 1
19627 1
19627 1
19627 1
19627 1
18566 1
18566 1
18566 1
18566 1
18566 1
18566 1
18566 1
18566 1
18566 1
18566 1
18566 1
18566 1
18566 1
18566 1
18566 1
18566 1
18566 1
18566 1
18566 1
18566 1
18566 1
18566 1
18566 1
18566 1
18566 1
18566 1
18566 1
18566 1
18566 1
18566 1
18566 1
18566 1
18566 1
18566 1
18566 1
18566 1
18566 1
18743 1
18743 1
18743 1
18743 1
18743 1
18743 1
18743 1
18743 1
18743 1
18743 1
18743 1
18743 1
18743 1
18743 1
18743 1
18743 1
18743 1
18743 1
18743 1
18743 1
18743 1
18743 1
18743 1
18743 1
18743 1
18743 1
18743 1
18743 1
18743 1
18743 1
18743 1
18743 1
18743 1
18743 1
18743 1
18743 1
18743 1
18917 1
18917 1
18917 1
18917 1
18917 1
18917 1
18917 1
18917 1
18917 1
18917 1
18917 1
18917 1
18917 1
18917 1
18917 1
18917 1
18917 1
18917 1
18917 1
18917 1
18917 1
18917 1
18917 1
18917 1
18917 1
18917 1
18917 1
18917 1
18917 1
18917 1
18917 1
18917 1
18917 1
18917 1
18917 1
18917 1
18917 1
19092 1
19092 1
19092 1
19092 1
19092 1
19092 1
19092 1
19092 1
19092 1
19092 1
19092 1
19092 1
19092 1
19092 1
19092 1
19092 1
19092 1
19092 1
19092 1
19092 1
19092 1
19092 1
19092 1
19092 1
19092 1
19092 1
19092 1
19092 1
19092 1
19092 1
19092 1
19092 1
19092 1
19092 1
19092 1
19092 1
19092 1
18744 1
18744 1
18744 1
18744 1
18744 1
18744 1
18744 1
18744 1
18744 1
18744 1
18744 1
18744 1
18744 1
18744 1
18744 1
18744 1
18744 1
18744 1
18744 1
18744 1
18744 1
18744 1
18744 1
18744 1
18744 1
18744 1
18744 1
18744 1
18744 1
18744 1
18744 1
18744 1
18744 1
18744 1
18744 1
18744 1
18744 1
18918 1
18918 1
18918 1
18918 1
18918 1
18918 1
18918 1
18918 1
18918 1
18918 1
18918 1
18918 1
18918 1
18918 1
18918 1
18918 1
18918 1
18918 1
18918 1
18918 1
18918 1
18918 1
18918 1
18918 1
18918 1
18918 1
18918 1
18918 1
18918 1
18918 1
18918 1
18918 1
18918 1
18918 1
18918 1
18918 1
18918 1
19093 1
19093 1
19093 1
19093 1
19093 1
19093 1
19093 1
19093 1
19093 1
19093 1
19093 1
19093 1
19093 1
19093 1
19093 1
19093 1
19093 1
19093 1
19093 1
19093 1
19093 1
19093 1
19093 1
19093 1
19093 1
19093 1
19093 1
19093 1
19093 1
19093 1
19093 1
19093 1
19093 1
19093 1
19093 1
19093 1
19093 1
12279 1
12279 1
12279 1
12279 1
12279 1
12279 1
12279 1
12279 1
12279 1
12279 1
12279 1
12279 1
12279 1
12279 1
12279 1
12279 1
12279 1
12279 1
12279 1
12279 1
12279 1
12279 1
12279 1
12279 1
12279 1
12279 1
12279 1
12279 1
12279 1
12279 1
12279 1
12279 1
12279 1
12279 1
12279 1
12279 1
12279 1
12444 1
12444 1
12444 1
12444 1
12444 1
12444 1
12444 1
12444 1
12444 1
12444 1
12444 1
12444 1
12444 1
12444 1
12444 1
12444 1
12444 1
12444 1
12444 1
12444 1
12444 1
12444 1
12444 1
12444 1
12444 1
12444 1
12444 1
12444 1
12444 1
12444 1
12444 1
12444 1
12444 1
12444 1
12444 1
12444 1
12444 1
12608 1
12608 1
12608 1
12608 1
12608 1
12608 1
12608 1
12608 1
12608 1
12608 1
12608 1
12608 1
12608 1
12608 1
12608 1
12608 1
12608 1
12608 1
12608 1
12608 1
12608 1
12608 1
12608 1
12608 1
12608 1
12608 1
12608 1
12608 1
12608 1
12608 1
12608 1
12608 1
12608 1
12608 1
12608 1
12608 1
12608 1
12282 1
12282 1
12282 1
12282 1
12282 1
12282 1
12282 1
12282 1
12282 1
12282 1
12282 1
12282 1
12282 1
12282 1
12282 1
12282 1
12282 1
12282 1
12282 1
12282 1
12282 1
12282 1
12282 1
12282 1
12282 1
12282 1
12282 1
12282 1
12282 1
12282 1
12282 1
12282 1
12282 1
12282 1
12282 1
12282 1
12282 1
12445 1
12445 1
12445 1
12445 1
12445 1
12445 1
12445 1
12445 1
12445 1
12445 1
12445 1
12445 1
12445 1
12445 1
12445 1
12445 1
12445 1
12445 1
12445 1
12445 1
12445 1
12445 1
12445 1
12445 1
12445 1
12445 1
12445 1
12445 1
12445 1
12445 1
12445 1
12445 1
12445 1
12445 1
12445 1
12445 1
12445 1
12610 1
12610 1
12610 1
12610 1
12610 1
12610 1
12610 1
12610 1
12610 1
12610 1
12610 1
12610 1
12610 1
12610 1
12610 1
12610 1
12610 1
12610 1
12610 1
12610 1
12610 1
12610 1
12610 1
12610 1
12610 1
12610 1
12610 1
12610 1
12610 1
12610 1
12610 1
12610 1
12610 1
12610 1
12610 1
12610 1
12610 1
12779 1
12779 1
12779 1
12779 1
12779 1
12779 1
12779 1
12779 1
12779 1
12779 1
12779 1
12779 1
12779 1
12779 1
12779 1
12779 1
12779 1
12779 1
12779 1
12779 1
12779 1
12779 1
12779 1
12779 1
12779 1
12779 1
12779 1
12779 1
12779 1
12779 1
12779 1
12779 1
12779 1
12779 1
12779 1
12779 1
12779 1
12951 1
12951 1
12951 1
12951 1
12951 1
12951 1
12951 1
12951 1
12951 1
12951 1
12951 1
12951 1
12951 1
12951 1
12951 1
12951 1
12951 1
12951 1
12951 1
12951 1
12951 1
12951 1
12951 1
12951 1
12951 1
12951 1
12951 1
12951 1
12951 1
12951 1
12951 1
12951 1
12951 1
12951 1
12951 1
12951 1
12951 1
20146 1
20146 1
20146 1
20146 1
20146 1
20146 1
20146 1
20146 1
20146 1
20146 1
20146 1
20146 1
20146 1
20146 1
20146 1
20146 1
20146 1
20146 1
20146 1
20146 1
20146 1
20146 1
20146 1
20146 1
20146 1
20146 1
20146 1
20146 1
20146 1
20146 1
20146 1
20146 1
20146 1
20146 1
20146 1
20146 1
20146 1
20305 1
20305 1
20305 1
20305 1
20305 1
20305 1
20305 1
20305 1
20305 1
20305 1
20305 1
20305 1
20305 1
20305 1
20305 1
20305 1
20305 1
20305 1
20305 1
20305 1
20305 1
20305 1
20305 1
20305 1
20305 1
20305 1
20305 1
20305 1
20305 1
20305 1
20305 1
20305 1
20305 1
20305 1
20305 1
20305 1
20305 1
13124 1
13124 1
13124 1
13124 1
13124 1
13124 1
13124 1
13124 1
13124 1
13124 1
13124 1
13124 1
13124 1
13124 1
13124 1
13124 1
13124 1
13124 1
13124 1
13124 1
13124 1
13124 1
13124 1
13124 1
13124 1
13124 1
13124 1
13124 1
13124 1
13124 1
13124 1
13124 1
13124 1
13124 1
13124 1
13124 1
13124 1
20465 1
20465 1
20465 1
20465 1
20465 1
20465 1
20465 1
20465 1
20465 1
20465 1
20465 1
20465 1
20465 1
20465 1
20465 1
20465 1
20465 1
20465 1
20465 1
20465 1
20465 1
20465 1
20465 1
20465 1
20465 1
20465 1
20465 1
20465 1
20465 1
20465 1
20465 1
20465 1
20465 1
20465 1
20465 1
20465 1
20465 1
7871 1
7871 1
7871 1
7871 1
7871 1
7871 1
7871 1
7871 1
7871 1
7871 1
7871 1
7871 1
7871 1
7871 1
7871 1
7871 1
7871 1
7871 1
7871 1
7871 1
7871 1
7871 1
7871 1
7871 1
7871 1
7871 1
7871 1
7871 1
7871 1
7871 1
7871 1
7871 1
7871 1
7871 1
7871 1
7871 1
7871 1
13297 1
13297 1
13297 1
13297 1
13297 1
13297 1
13297 1
13297 1
13297 1
13297 1
13297 1
13297 1
13297 1
13297 1
13297 1
13297 1
13297 1
13297 1
13297 1
13297 1
13297 1
13297 1
13297 1
13297 1
13297 1
13297 1
13297 1
13297 1
13297 1
13297 1
13297 1
13297 1
13297 1
13297 1
13297 1
13297 1
13297 1
20746 1
20746 1
20746 1
20746 1
20746 1
20746 1
20746 1
20746 1
20746 1
20746 1
20746 1
20746 1
20746 1
20746 1
20746 1
20746 1
20746 1
20746 1
20746 1
20746 1
20746 1
20746 1
20746 1
20746 1
20746 1
20746 1
20746 1
20746 1
20746 1
20746 1
20746 1
20746 1
20746 1
20746 1
20746 1
20746 1
20746 1
7800 1
7800 1
7800 1
7800 1
7800 1
7800 1
7800 1
7800 1
7800 1
7800 1
7800 1
7800 1
7800 1
7800 1
7800 1
7800 1
7800 1
7800 1
7800 1
7800 1
7800 1
7800 1
7800 1
7800 1
7800 1
7800 1
7800 1
7800 1
7800 1
7800 1
7800 1
7800 1
7800 1
7800 1
7800 1
7800 1
7800 1
7872 1
7872 1
7872 1
7872 1
7872 1
7872 1
7872 1
7872 1
7872 1
7872 1
7872 1
7872 1
7872 1
7872 1
7872 1
7872 1
7872 1
7872 1
7872 1
7872 1
7872 1
7872 1
7872 1
7872 1
7872 1
7872 1
7872 1
7872 1
7872 1
7872 1
7872 1
7872 1
7872 1
7872 1
7872 1
7872 1
7872 1
8019 1
8019 1
8019 1
8019 1
8019 1
8019 1
8019 1
8019 1
8019 1
8019 1
8019 1
8019 1
8019 1
8019 1
8019 1
8019 1
8019 1
8019 1
8019 1
8019 1
8019 1
8019 1
8019 1
8019 1
8019 1
8019 1
8019 1
8019 1
8019 1
8019 1
8019 1
8019 1
8019 1
8019 1
8019 1
8019 1
8019 1
20747 1
20747 1
20747 1
20747 1
20747 1
20747 1
20747 1
20747 1
20747 1
20747 1
20747 1
20747 1
20747 1
20747 1
20747 1
20747 1
20747 1
20747 1
20747 1
20747 1
20747 1
20747 1
20747 1
20747 1
20747 1
20747 1
20747 1
20747 1
20747 1
20747 1
20747 1
20747 1
20747 1
20747 1
20747 1
20747 1
20747 1
7801 1
7801 1
7801 1
7801 1
7801 1
7801 1
7801 1
7801 1
7801 1
7801 1
7801 1
7801 1
7801 1
7801 1
7801 1
7801 1
7801 1
7801 1
7801 1
7801 1
7801 1
7801 1
7801 1
7801 1
7801 1
7801 1
7801 1
7801 1
7801 1
7801 1
7801 1
7801 1
7801 1
7801 1
7801 1
7801 1
7801 1
7873 1
7873 1
7873 1
7873 1
7873 1
7873 1
7873 1
7873 1
7873 1
7873 1
7873 1
7873 1
7873 1
7873 1
7873 1
7873 1
7873 1
7873 1
7873 1
7873 1
7873 1
7873 1
7873 1
7873 1
7873 1
7873 1
7873 1
7873 1
7873 1
7873 1
7873 1
7873 1
7873 1
7873 1
7873 1
7873 1
7873 1
8020 1
8020 1
8020 1
8020 1
8020 1
8020 1
8020 1
8020 1
8020 1
8020 1
8020 1
8020 1
8020 1
8020 1
8020 1
8020 1
8020 1
8020 1
8020 1
8020 1
8020 1
8020 1
8020 1
8020 1
8020 1
8020 1
8020 1
8020 1
8020 1
8020 1
8020 1
8020 1
8020 1
8020 1
8020 1
8020 1
8020 1
20748 1
20748 1
20748 1
20748 1
20748 1
20748 1
20748 1
20748 1
20748 1
20748 1
20748 1
20748 1
20748 1
20748 1
20748 1
20748 1
20748 1
20748 1
20748 1
20748 1
20748 1
20748 1
20748 1
20748 1
20748 1
20748 1
20748 1
20748 1
20748 1
20748 1
20748 1
20748 1
20748 1
20748 1
20748 1
20748 1
20748 1
20749 1
20749 1
20749 1
20749 1
20749 1
20749 1
20749 1
20749 1
20749 1
20749 1
20749 1
20749 1
20749 1
20749 1
20749 1
20749 1
20749 1
20749 1
20749 1
20749 1
20749 1
20749 1
20749 1
20749 1
20749 1
20749 1
20749 1
20749 1
20749 1
20749 1
20749 1
20749 1
20749 1
20749 1
20749 1
20749 1
20749 1
20883 1
20883 1
20883 1
20883 1
20883 1
20883 1
20883 1
20883 1
20883 1
20883 1
20883 1
20883 1
20883 1
20883 1
20883 1
20883 1
20883 1
20883 1
20883 1
20883 1
20883 1
20883 1
20883 1
20883 1
20883 1
20883 1
20883 1
20883 1
20883 1
20883 1
20883 1
20883 1
20883 1
20883 1
20883 1
20883 1
20883 1
20750 1
20750 1
20750 1
20750 1
20750 1
20750 1
20750 1
20750 1
20750 1
20750 1
20750 1
20750 1
20750 1
20750 1
20750 1
20750 1
20750 1
20750 1
20750 1
20750 1
20750 1
20750 1
20750 1
20750 1
20750 1
20750 1
20750 1
20750 1
20750 1
20750 1
20750 1
20750 1
20750 1
20750 1
20750 1
20750 1
20750 1
20614 1
20614 1
20614 1
20614 1
20614 1
20614 1
20614 1
20614 1
20614 1
20614 1
20614 1
20614 1
20614 1
20614 1
20614 1
20614 1
20614 1
20614 1
20614 1
20614 1
20614 1
20614 1
20614 1
20614 1
20614 1
20614 1
20614 1
20614 1
20614 1
20614 1
20614 1
20614 1
20614 1
20614 1
20614 1
20614 1
20614 1
20751 1
20751 1
20751 1
20751 1
20751 1
20751 1
20751 1
20751 1
20751 1
20751 1
20751 1
20751 1
20751 1
20751 1
20751 1
20751 1
20751 1
20751 1
20751 1
20751 1
20751 1
20751 1
20751 1
20751 1
20751 1
20751 1
20751 1
20751 1
20751 1
20751 1
20751 1
20751 1
20751 1
20751 1
20751 1
20751 1
20751 1
10450 1
10450 1
10450 1
10450 1
10450 1
10450 1
10450 1
10450 1
10450 1
10450 1
10450 1
10450 1
10450 1
10450 1
10450 1
10450 1
10450 1
10450 1
10450 1
10450 1
10450 1
10450 1
10450 1
10450 1
10450 1
10450 1
10450 1
10450 1
10450 1
10450 1
10450 1
10450 1
10450 1
10450 1
10450 1
10450 1
10450 1
10571 1
10571 1
10571 1
10571 1
10571 1
10571 1
10571 1
10571 1
10571 1
10571 1
10571 1
10571 1
10571 1
10571 1
10571 1
10571 1
10571 1
10571 1
10571 1
10571 1
10571 1
10571 1
10571 1
10571 1
10571 1
10571 1
10571 1
10571 1
10571 1
10571 1
10571 1
10571 1
10571 1
10571 1
10571 1
10571 1
10571 1
10325 1
10325 1
10325 1
10325 1
10325 1
10325 1
10325 1
10325 1
10325 1
10325 1
10325 1
10325 1
10325 1
10325 1
10325 1
10325 1
10325 1
10325 1
10325 1
10325 1
10325 1
10325 1
10325 1
10325 1
10325 1
10325 1
10325 1
10325 1
10325 1
10325 1
10325 1
10325 1
10325 1
10325 1
10325 1
10325 1
10325 1
10451 1
10451 1
10451 1
10451 1
10451 1
10451 1
10451 1
10451 1
10451 1
10451 1
10451 1
10451 1
10451 1
10451 1
10451 1
10451 1
10451 1
10451 1
10451 1
10451 1
10451 1
10451 1
10451 1
10451 1
10451 1
10451 1
10451 1
10451 1
10451 1
10451 1
10451 1
10451 1
10451 1
10451 1
10451 1
10451 1
10451 1
11730 1
11730 1
11730 1
11730 1
11730 1
11730 1
11730 1
11730 1
11730 1
11730 1
11730 1
11730 1
11730 1
11730 1
11730 1
11730 1
11730 1
11730 1
11730 1
11730 1
11730 1
11730 1
11730 1
11730 1
11730 1
11730 1
11730 1
11730 1
11730 1
11730 1
11730 1
11730 1
11730 1
11730 1
11730 1
11730 1
11730 1
11875 1
11875 1
11875 1
11875 1
11875 1
11875 1
11875 1
11875 1
11875 1
11875 1
11875 1
11875 1
11875 1
11875 1
11875 1
11875 1
11875 1
11875 1
11875 1
11875 1
11875 1
11875 1
11875 1
11875 1
11875 1
11875 1
11875 1
11875 1
11875 1
11875 1
11875 1
11875 1
11875 1
11875 1
11875 1
11875 1
11875 1
12024 1
12024 1
12024 1
12024 1
12024 1
12024 1
12024 1
12024 1
12024 1
12024 1
12024 1
12024 1
12024 1
12024 1
12024 1
12024 1
12024 1
12024 1
12024 1
12024 1
12024 1
12024 1
12024 1
12024 1
12024 1
12024 1
12024 1
12024 1
12024 1
12024 1
12024 1
12024 1
12024 1
12024 1
12024 1
12024 1
12024 1
11876 1
11876 1
11876 1
11876 1
11876 1
11876 1
11876 1
11876 1
11876 1
11876 1
11876 1
11876 1
11876 1
11876 1
11876 1
11876 1
11876 1
11876 1
11876 1
11876 1
11876 1
11876 1
11876 1
11876 1
11876 1
11876 1
11876 1
11876 1
11876 1
11876 1
11876 1
11876 1
11876 1
11876 1
11876 1
11876 1
11876 1
12180 1
12180 1
12180 1
12180 1
12180 1
12180 1
12180 1
12180 1
12180 1
12180 1
12180 1
12180 1
12180 1
12180 1
12180 1
12180 1
12180 1
12180 1
12180 1
12180 1
12180 1
12180 1
12180 1
12180 1
12180 1
12180 1
12180 1
12180 1
12180 1
12180 1
12180 1
12180 1
12180 1
12180 1
12180 1
12180 1
12180 1
17953 1
17953 1
17953 1
17953 1
17953 1
17953 1
17953 1
17953 1
17953 1
17953 1
17953 1
17953 1
17953 1
17953 1
17953 1
17953 1
17953 1
17953 1
17953 1
17953 1
17953 1
17953 1
17953 1
17953 1
17953 1
17953 1
17953 1
17953 1
17953 1
17953 1
17953 1
17953 1
17953 1
17953 1
17953 1
17953 1
17953 1
9712 1
9712 1
9712 1
9712 1
9712 1
9712 1
9712 1
9712 1
9712 1
9712 1
9712 1
9712 1
9712 1
9712 1
9712 1
9712 1
9712 1
9712 1
9712 1
9712 1
9712 1
9712 1
9712 1
9712 1
9712 1
9712 1
9712 1
9712 1
9712 1
9712 1
9712 1
9712 1
9712 1
9712 1
9712 1
9712 1
9712 1
9831 1
9831 1
9831 1
9831 1
9831 1
9831 1
9831 1
9831 1
9831 1
9831 1
9831 1
9831 1
9831 1
9831 1
9831 1
9831 1
9831 1
9831 1
9831 1
9831 1
9831 1
9831 1
9831 1
9831 1
9831 1
9831 1
9831 1
9831 1
9831 1
9831 1
9831 1
9831 1
9831 1
9831 1
9831 1
9831 1
9831 1
10330 1
10330 1
10330 1
10330 1
10330 1
10330 1
10330 1
10330 1
10330 1
10330 1
10330 1
10330 1
10330 1
10330 1
10330 1
10330 1
10330 1
10330 1
10330 1
10330 1
10330 1
10330 1
10330 1
10330 1
10330 1
10330 1
10330 1
10330 1
10330 1
10330 1
10330 1
10330 1
10330 1
10330 1
10330 1
10330 1
10330 1
9713 1
9713 1
9713 1
9713 1
9713 1
9713 1
9713 1
9713 1
9713 1
9713 1
9713 1
9713 1
9713 1
9713 1
9713 1
9713 1
9713 1
9713 1
9713 1
9713 1
9713 1
9713 1
9713 1
9713 1
9713 1
9713 1
9713 1
9713 1
9713 1
9713 1
9713 1
9713 1
9713 1
9713 1
9713 1
9713 1
9713 1
9832 1
9832 1
9832 1
9832 1
9832 1
9832 1
9832 1
9832 1
9832 1
9832 1
9832 1
9832 1
9832 1
9832 1
9832 1
9832 1
9832 1
9832 1
9832 1
9832 1
9832 1
9832 1
9832 1
9832 1
9832 1
9832 1
9832 1
9832 1
9832 1
9832 1
9832 1
9832 1
9832 1
9832 1
9832 1
9832 1
9832 1
