pt_graph shape
35079 1
35079 1
35079 1
35079 1
35079 1
35079 1
35079 1
35079 1
35079 1
35079 1
35079 1
35079 1
35079 1
35079 1
35079 1
35079 1
35079 1
35079 1
35079 1
35079 1
35079 1
35079 1
35079 1
35079 1
35079 1
35079 1
35079 1
35079 1
35079 1
35079 1
35079 1
35079 1
35079 1
35079 1
35079 1
35079 1
35079 1
5550 1
5550 1
5550 1
5550 1
5550 1
5550 1
5550 1
5550 1
5550 1
5550 1
5550 1
5550 1
5550 1
5550 1
5550 1
5550 1
5550 1
5550 1
5550 1
5550 1
5550 1
5550 1
5550 1
5550 1
5550 1
5550 1
5550 1
5550 1
5550 1
5550 1
5550 1
5550 1
5550 1
5550 1
5550 1
5550 1
5550 1
5593 1
5593 1
5593 1
5593 1
5593 1
5593 1
5593 1
5593 1
5593 1
5593 1
5593 1
5593 1
5593 1
5593 1
5593 1
5593 1
5593 1
5593 1
5593 1
5593 1
5593 1
5593 1
5593 1
5593 1
5593 1
5593 1
5593 1
5593 1
5593 1
5593 1
5593 1
5593 1
5593 1
5593 1
5593 1
5593 1
5593 1
5637 1
5637 1
5637 1
5637 1
5637 1
5637 1
5637 1
5637 1
5637 1
5637 1
5637 1
5637 1
5637 1
5637 1
5637 1
5637 1
5637 1
5637 1
5637 1
5637 1
5637 1
5637 1
5637 1
5637 1
5637 1
5637 1
5637 1
5637 1
5637 1
5637 1
5637 1
5637 1
5637 1
5637 1
5637 1
5637 1
5637 1
5514 1
5514 1
5514 1
5514 1
5514 1
5514 1
5514 1
5514 1
5514 1
5514 1
5514 1
5514 1
5514 1
5514 1
5514 1
5514 1
5514 1
5514 1
5514 1
5514 1
5514 1
5514 1
5514 1
5514 1
5514 1
5514 1
5514 1
5514 1
5514 1
5514 1
5514 1
5514 1
5514 1
5514 1
5514 1
5514 1
5514 1
5551 1
5551 1
5551 1
5551 1
5551 1
5551 1
5551 1
5551 1
5551 1
5551 1
5551 1
5551 1
5551 1
5551 1
5551 1
5551 1
5551 1
5551 1
5551 1
5551 1
5551 1
5551 1
5551 1
5551 1
5551 1
5551 1
5551 1
5551 1
5551 1
5551 1
5551 1
5551 1
5551 1
5551 1
5551 1
5551 1
5551 1
5594 1
5594 1
5594 1
5594 1
5594 1
5594 1
5594 1
5594 1
5594 1
5594 1
5594 1
5594 1
5594 1
5594 1
5594 1
5594 1
5594 1
5594 1
5594 1
5594 1
5594 1
5594 1
5594 1
5594 1
5594 1
5594 1
5594 1
5594 1
5594 1
5594 1
5594 1
5594 1
5594 1
5594 1
5594 1
5594 1
5594 1
5638 1
5638 1
5638 1
5638 1
5638 1
5638 1
5638 1
5638 1
5638 1
5638 1
5638 1
5638 1
5638 1
5638 1
5638 1
5638 1
5638 1
5638 1
5638 1
5638 1
5638 1
5638 1
5638 1
5638 1
5638 1
5638 1
5638 1
5638 1
5638 1
5638 1
5638 1
5638 1
5638 1
5638 1
5638 1
5638 1
5638 1
5683 1
5683 1
5683 1
5683 1
5683 1
5683 1
5683 1
5683 1
5683 1
5683 1
5683 1
5683 1
5683 1
5683 1
5683 1
5683 1
5683 1
5683 1
5683 1
5683 1
5683 1
5683 1
5683 1
5683 1
5683 1
5683 1
5683 1
5683 1
5683 1
5683 1
5683 1
5683 1
5683 1
5683 1
5683 1
5683 1
5683 1
5729 1
5729 1
5729 1
5729 1
5729 1
5729 1
5729 1
5729 1
5729 1
5729 1
5729 1
5729 1
5729 1
5729 1
5729 1
5729 1
5729 1
5729 1
5729 1
5729 1
5729 1
5729 1
5729 1
5729 1
5729 1
5729 1
5729 1
5729 1
5729 1
5729 1
5729 1
5729 1
5729 1
5729 1
5729 1
5729 1
5729 1
5478 1
5478 1
5478 1
5478 1
5478 1
5478 1
5478 1
5478 1
5478 1
5478 1
5478 1
5478 1
5478 1
5478 1
5478 1
5478 1
5478 1
5478 1
5478 1
5478 1
5478 1
5478 1
5478 1
5478 1
5478 1
5478 1
5478 1
5478 1
5478 1
5478 1
5478 1
5478 1
5478 1
5478 1
5478 1
5478 1
5478 1
5515 1
5515 1
5515 1
5515 1
5515 1
5515 1
5515 1
5515 1
5515 1
5515 1
5515 1
5515 1
5515 1
5515 1
5515 1
5515 1
5515 1
5515 1
5515 1
5515 1
5515 1
5515 1
5515 1
5515 1
5515 1
5515 1
5515 1
5515 1
5515 1
5515 1
5515 1
5515 1
5515 1
5515 1
5515 1
5515 1
5515 1
5552 1
5552 1
5552 1
5552 1
5552 1
5552 1
5552 1
5552 1
5552 1
5552 1
5552 1
5552 1
5552 1
5552 1
5552 1
5552 1
5552 1
5552 1
5552 1
5552 1
5552 1
5552 1
5552 1
5552 1
5552 1
5552 1
5552 1
5552 1
5552 1
5552 1
5552 1
5552 1
5552 1
5552 1
5552 1
5552 1
5552 1
5595 1
5595 1
5595 1
5595 1
5595 1
5595 1
5595 1
5595 1
5595 1
5595 1
5595 1
5595 1
5595 1
5595 1
5595 1
5595 1
5595 1
5595 1
5595 1
5595 1
5595 1
5595 1
5595 1
5595 1
5595 1
5595 1
5595 1
5595 1
5595 1
5595 1
5595 1
5595 1
5595 1
5595 1
5595 1
5595 1
5595 1
5639 1
5639 1
5639 1
5639 1
5639 1
5639 1
5639 1
5639 1
5639 1
5639 1
5639 1
5639 1
5639 1
5639 1
5639 1
5639 1
5639 1
5639 1
5639 1
5639 1
5639 1
5639 1
5639 1
5639 1
5639 1
5639 1
5639 1
5639 1
5639 1
5639 1
5639 1
5639 1
5639 1
5639 1
5639 1
5639 1
5639 1
5684 1
5684 1
5684 1
5684 1
5684 1
5684 1
5684 1
5684 1
5684 1
5684 1
5684 1
5684 1
5684 1
5684 1
5684 1
5684 1
5684 1
5684 1
5684 1
5684 1
5684 1
5684 1
5684 1
5684 1
5684 1
5684 1
5684 1
5684 1
5684 1
5684 1
5684 1
5684 1
5684 1
5684 1
5684 1
5684 1
5684 1
5730 1
5730 1
5730 1
5730 1
5730 1
5730 1
5730 1
5730 1
5730 1
5730 1
5730 1
5730 1
5730 1
5730 1
5730 1
5730 1
5730 1
5730 1
5730 1
5730 1
5730 1
5730 1
5730 1
5730 1
5730 1
5730 1
5730 1
5730 1
5730 1
5730 1
5730 1
5730 1
5730 1
5730 1
5730 1
5730 1
5730 1
3309 1
3309 1
3309 1
3309 1
3309 1
3309 1
3309 1
3309 1
3309 1
3309 1
3309 1
3309 1
3309 1
3309 1
3309 1
3309 1
3309 1
3309 1
3309 1
3309 1
3309 1
3309 1
3309 1
3309 1
3309 1
3309 1
3309 1
3309 1
3309 1
3309 1
3309 1
3309 1
3309 1
3309 1
3309 1
3309 1
3309 1
5479 1
5479 1
5479 1
5479 1
5479 1
5479 1
5479 1
5479 1
5479 1
5479 1
5479 1
5479 1
5479 1
5479 1
5479 1
5479 1
5479 1
5479 1
5479 1
5479 1
5479 1
5479 1
5479 1
5479 1
5479 1
5479 1
5479 1
5479 1
5479 1
5479 1
5479 1
5479 1
5479 1
5479 1
5479 1
5479 1
5479 1
5516 1
5516 1
5516 1
5516 1
5516 1
5516 1
5516 1
5516 1
5516 1
5516 1
5516 1
5516 1
5516 1
5516 1
5516 1
5516 1
5516 1
5516 1
5516 1
5516 1
5516 1
5516 1
5516 1
5516 1
5516 1
5516 1
5516 1
5516 1
5516 1
5516 1
5516 1
5516 1
5516 1
5516 1
5516 1
5516 1
5516 1
5553 1
5553 1
5553 1
5553 1
5553 1
5553 1
5553 1
5553 1
5553 1
5553 1
5553 1
5553 1
5553 1
5553 1
5553 1
5553 1
5553 1
5553 1
5553 1
5553 1
5553 1
5553 1
5553 1
5553 1
5553 1
5553 1
5553 1
5553 1
5553 1
5553 1
5553 1
5553 1
5553 1
5553 1
5553 1
5553 1
5553 1
5596 1
5596 1
5596 1
5596 1
5596 1
5596 1
5596 1
5596 1
5596 1
5596 1
5596 1
5596 1
5596 1
5596 1
5596 1
5596 1
5596 1
5596 1
5596 1
5596 1
5596 1
5596 1
5596 1
5596 1
5596 1
5596 1
5596 1
5596 1
5596 1
5596 1
5596 1
5596 1
5596 1
5596 1
5596 1
5596 1
5596 1
5640 1
5640 1
5640 1
5640 1
5640 1
5640 1
5640 1
5640 1
5640 1
5640 1
5640 1
5640 1
5640 1
5640 1
5640 1
5640 1
5640 1
5640 1
5640 1
5640 1
5640 1
5640 1
5640 1
5640 1
5640 1
5640 1
5640 1
5640 1
5640 1
5640 1
5640 1
5640 1
5640 1
5640 1
5640 1
5640 1
5640 1
5685 1
5685 1
5685 1
5685 1
5685 1
5685 1
5685 1
5685 1
5685 1
5685 1
5685 1
5685 1
5685 1
5685 1
5685 1
5685 1
5685 1
5685 1
5685 1
5685 1
5685 1
5685 1
5685 1
5685 1
5685 1
5685 1
5685 1
5685 1
5685 1
5685 1
5685 1
5685 1
5685 1
5685 1
5685 1
5685 1
5685 1
31182 1
31182 1
31182 1
31182 1
31182 1
31182 1
31182 1
31182 1
31182 1
31182 1
31182 1
31182 1
31182 1
31182 1
31182 1
31182 1
31182 1
31182 1
31182 1
31182 1
31182 1
31182 1
31182 1
31182 1
31182 1
31182 1
31182 1
31182 1
31182 1
31182 1
31182 1
31182 1
31182 1
31182 1
31182 1
31182 1
31182 1
32220 1
32220 1
32220 1
32220 1
32220 1
32220 1
32220 1
32220 1
32220 1
32220 1
32220 1
32220 1
32220 1
32220 1
32220 1
32220 1
32220 1
32220 1
32220 1
32220 1
32220 1
32220 1
32220 1
32220 1
32220 1
32220 1
32220 1
32220 1
32220 1
32220 1
32220 1
32220 1
32220 1
32220 1
32220 1
32220 1
32220 1
32330 1
32330 1
32330 1
32330 1
32330 1
32330 1
32330 1
32330 1
32330 1
32330 1
32330 1
32330 1
32330 1
32330 1
32330 1
32330 1
32330 1
32330 1
32330 1
32330 1
32330 1
32330 1
32330 1
32330 1
32330 1
32330 1
32330 1
32330 1
32330 1
32330 1
32330 1
32330 1
32330 1
32330 1
32330 1
32330 1
32330 1
32440 1
32440 1
32440 1
32440 1
32440 1
32440 1
32440 1
32440 1
32440 1
32440 1
32440 1
32440 1
32440 1
32440 1
32440 1
32440 1
32440 1
32440 1
32440 1
32440 1
32440 1
32440 1
32440 1
32440 1
32440 1
32440 1
32440 1
32440 1
32440 1
32440 1
32440 1
32440 1
32440 1
32440 1
32440 1
32440 1
32440 1
30902 1
30902 1
30902 1
30902 1
30902 1
30902 1
30902 1
30902 1
30902 1
30902 1
30902 1
30902 1
30902 1
30902 1
30902 1
30902 1
30902 1
30902 1
30902 1
30902 1
30902 1
30902 1
30902 1
30902 1
30902 1
30902 1
30902 1
30902 1
30902 1
30902 1
30902 1
30902 1
30902 1
30902 1
30902 1
30902 1
30902 1
31089 1
31089 1
31089 1
31089 1
31089 1
31089 1
31089 1
31089 1
31089 1
31089 1
31089 1
31089 1
31089 1
31089 1
31089 1
31089 1
31089 1
31089 1
31089 1
31089 1
31089 1
31089 1
31089 1
31089 1
31089 1
31089 1
31089 1
31089 1
31089 1
31089 1
31089 1
31089 1
31089 1
31089 1
31089 1
31089 1
31089 1
31184 1
31184 1
31184 1
31184 1
31184 1
31184 1
31184 1
31184 1
31184 1
31184 1
31184 1
31184 1
31184 1
31184 1
31184 1
31184 1
31184 1
31184 1
31184 1
31184 1
31184 1
31184 1
31184 1
31184 1
31184 1
31184 1
31184 1
31184 1
31184 1
31184 1
31184 1
31184 1
31184 1
31184 1
31184 1
31184 1
31184 1
5242 1
5242 1
5242 1
5242 1
5242 1
5242 1
5242 1
5242 1
5242 1
5242 1
5242 1
5242 1
5242 1
5242 1
5242 1
5242 1
5242 1
5242 1
5242 1
5242 1
5242 1
5242 1
5242 1
5242 1
5242 1
5242 1
5242 1
5242 1
5242 1
5242 1
5242 1
5242 1
5242 1
5242 1
5242 1
5242 1
5242 1
13066 1
13066 1
13066 1
13066 1
13066 1
13066 1
13066 1
13066 1
13066 1
13066 1
13066 1
13066 1
13066 1
13066 1
13066 1
13066 1
13066 1
13066 1
13066 1
13066 1
13066 1
13066 1
13066 1
13066 1
13066 1
13066 1
13066 1
13066 1
13066 1
13066 1
13066 1
13066 1
13066 1
13066 1
13066 1
13066 1
13066 1
13238 1
13238 1
13238 1
13238 1
13238 1
13238 1
13238 1
13238 1
13238 1
13238 1
13238 1
13238 1
13238 1
13238 1
13238 1
13238 1
13238 1
13238 1
13238 1
13238 1
13238 1
13238 1
13238 1
13238 1
13238 1
13238 1
13238 1
13238 1
13238 1
13238 1
13238 1
13238 1
13238 1
13238 1
13238 1
13238 1
13238 1
5216 1
5216 1
5216 1
5216 1
5216 1
5216 1
5216 1
5216 1
5216 1
5216 1
5216 1
5216 1
5216 1
5216 1
5216 1
5216 1
5216 1
5216 1
5216 1
5216 1
5216 1
5216 1
5216 1
5216 1
5216 1
5216 1
5216 1
5216 1
5216 1
5216 1
5216 1
5216 1
5216 1
5216 1
5216 1
5216 1
5216 1
12554 1
12554 1
12554 1
12554 1
12554 1
12554 1
12554 1
12554 1
12554 1
12554 1
12554 1
12554 1
12554 1
12554 1
12554 1
12554 1
12554 1
12554 1
12554 1
12554 1
12554 1
12554 1
12554 1
12554 1
12554 1
12554 1
12554 1
12554 1
12554 1
12554 1
12554 1
12554 1
12554 1
12554 1
12554 1
12554 1
12554 1
12723 1
12723 1
12723 1
12723 1
12723 1
12723 1
12723 1
12723 1
12723 1
12723 1
12723 1
12723 1
12723 1
12723 1
12723 1
12723 1
12723 1
12723 1
12723 1
12723 1
12723 1
12723 1
12723 1
12723 1
12723 1
12723 1
12723 1
12723 1
12723 1
12723 1
12723 1
12723 1
12723 1
12723 1
12723 1
12723 1
12723 1
12895 1
12895 1
12895 1
12895 1
12895 1
12895 1
12895 1
12895 1
12895 1
12895 1
12895 1
12895 1
12895 1
12895 1
12895 1
12895 1
12895 1
12895 1
12895 1
12895 1
12895 1
12895 1
12895 1
12895 1
12895 1
12895 1
12895 1
12895 1
12895 1
12895 1
12895 1
12895 1
12895 1
12895 1
12895 1
12895 1
12895 1
13067 1
13067 1
13067 1
13067 1
13067 1
13067 1
13067 1
13067 1
13067 1
13067 1
13067 1
13067 1
13067 1
13067 1
13067 1
13067 1
13067 1
13067 1
13067 1
13067 1
13067 1
13067 1
13067 1
13067 1
13067 1
13067 1
13067 1
13067 1
13067 1
13067 1
13067 1
13067 1
13067 1
13067 1
13067 1
13067 1
13067 1
13239 1
13239 1
13239 1
13239 1
13239 1
13239 1
13239 1
13239 1
13239 1
13239 1
13239 1
13239 1
13239 1
13239 1
13239 1
13239 1
13239 1
13239 1
13239 1
13239 1
13239 1
13239 1
13239 1
13239 1
13239 1
13239 1
13239 1
13239 1
13239 1
13239 1
13239 1
13239 1
13239 1
13239 1
13239 1
13239 1
13239 1
13414 1
13414 1
13414 1
13414 1
13414 1
13414 1
13414 1
13414 1
13414 1
13414 1
13414 1
13414 1
13414 1
13414 1
13414 1
13414 1
13414 1
13414 1
13414 1
13414 1
13414 1
13414 1
13414 1
13414 1
13414 1
13414 1
13414 1
13414 1
13414 1
13414 1
13414 1
13414 1
13414 1
13414 1
13414 1
13414 1
13414 1
13590 1
13590 1
13590 1
13590 1
13590 1
13590 1
13590 1
13590 1
13590 1
13590 1
13590 1
13590 1
13590 1
13590 1
13590 1
13590 1
13590 1
13590 1
13590 1
13590 1
13590 1
13590 1
13590 1
13590 1
13590 1
13590 1
13590 1
13590 1
13590 1
13590 1
13590 1
13590 1
13590 1
13590 1
13590 1
13590 1
13590 1
13769 1
13769 1
13769 1
13769 1
13769 1
13769 1
13769 1
13769 1
13769 1
13769 1
13769 1
13769 1
13769 1
13769 1
13769 1
13769 1
13769 1
13769 1
13769 1
13769 1
13769 1
13769 1
13769 1
13769 1
13769 1
13769 1
13769 1
13769 1
13769 1
13769 1
13769 1
13769 1
13769 1
13769 1
13769 1
13769 1
13769 1
13952 1
13952 1
13952 1
13952 1
13952 1
13952 1
13952 1
13952 1
13952 1
13952 1
13952 1
13952 1
13952 1
13952 1
13952 1
13952 1
13952 1
13952 1
13952 1
13952 1
13952 1
13952 1
13952 1
13952 1
13952 1
13952 1
13952 1
13952 1
13952 1
13952 1
13952 1
13952 1
13952 1
13952 1
13952 1
13952 1
13952 1
6287 1
6287 1
6287 1
6287 1
6287 1
6287 1
6287 1
6287 1
6287 1
6287 1
6287 1
6287 1
6287 1
6287 1
6287 1
6287 1
6287 1
6287 1
6287 1
6287 1
6287 1
6287 1
6287 1
6287 1
6287 1
6287 1
6287 1
6287 1
6287 1
6287 1
6287 1
6287 1
6287 1
6287 1
6287 1
6287 1
6287 1
12724 1
12724 1
12724 1
12724 1
12724 1
12724 1
12724 1
12724 1
12724 1
12724 1
12724 1
12724 1
12724 1
12724 1
12724 1
12724 1
12724 1
12724 1
12724 1
12724 1
12724 1
12724 1
12724 1
12724 1
12724 1
12724 1
12724 1
12724 1
12724 1
12724 1
12724 1
12724 1
12724 1
12724 1
12724 1
12724 1
12724 1
31281 1
31281 1
31281 1
31281 1
31281 1
31281 1
31281 1
31281 1
31281 1
31281 1
31281 1
31281 1
31281 1
31281 1
31281 1
31281 1
31281 1
31281 1
31281 1
31281 1
31281 1
31281 1
31281 1
31281 1
31281 1
31281 1
31281 1
31281 1
31281 1
31281 1
31281 1
31281 1
31281 1
31281 1
31281 1
31281 1
31281 1
31377 1
31377 1
31377 1
31377 1
31377 1
31377 1
31377 1
31377 1
31377 1
31377 1
31377 1
31377 1
31377 1
31377 1
31377 1
31377 1
31377 1
31377 1
31377 1
31377 1
31377 1
31377 1
31377 1
31377 1
31377 1
31377 1
31377 1
31377 1
31377 1
31377 1
31377 1
31377 1
31377 1
31377 1
31377 1
31377 1
31377 1
31475 1
31475 1
31475 1
31475 1
31475 1
31475 1
31475 1
31475 1
31475 1
31475 1
31475 1
31475 1
31475 1
31475 1
31475 1
31475 1
31475 1
31475 1
31475 1
31475 1
31475 1
31475 1
31475 1
31475 1
31475 1
31475 1
31475 1
31475 1
31475 1
31475 1
31475 1
31475 1
31475 1
31475 1
31475 1
31475 1
31475 1
31187 1
31187 1
31187 1
31187 1
31187 1
31187 1
31187 1
31187 1
31187 1
31187 1
31187 1
31187 1
31187 1
31187 1
31187 1
31187 1
31187 1
31187 1
31187 1
31187 1
31187 1
31187 1
31187 1
31187 1
31187 1
31187 1
31187 1
31187 1
31187 1
31187 1
31187 1
31187 1
31187 1
31187 1
31187 1
31187 1
31187 1
31282 1
31282 1
31282 1
31282 1
31282 1
31282 1
31282 1
31282 1
31282 1
31282 1
31282 1
31282 1
31282 1
31282 1
31282 1
31282 1
31282 1
31282 1
31282 1
31282 1
31282 1
31282 1
31282 1
31282 1
31282 1
31282 1
31282 1
31282 1
31282 1
31282 1
31282 1
31282 1
31282 1
31282 1
31282 1
31282 1
31282 1
36514 1
36514 1
36514 1
36514 1
36514 1
36514 1
36514 1
36514 1
36514 1
36514 1
36514 1
36514 1
36514 1
36514 1
36514 1
36514 1
36514 1
36514 1
36514 1
36514 1
36514 1
36514 1
36514 1
36514 1
36514 1
36514 1
36514 1
36514 1
36514 1
36514 1
36514 1
36514 1
36514 1
36514 1
36514 1
36514 1
36514 1
12232 1
12232 1
12232 1
12232 1
12232 1
12232 1
12232 1
12232 1
12232 1
12232 1
12232 1
12232 1
12232 1
12232 1
12232 1
12232 1
12232 1
12232 1
12232 1
12232 1
12232 1
12232 1
12232 1
12232 1
12232 1
12232 1
12232 1
12232 1
12232 1
12232 1
12232 1
12232 1
12232 1
12232 1
12232 1
12232 1
12232 1
12078 1
12078 1
12078 1
12078 1
12078 1
12078 1
12078 1
12078 1
12078 1
12078 1
12078 1
12078 1
12078 1
12078 1
12078 1
12078 1
12078 1
12078 1
12078 1
12078 1
12078 1
12078 1
12078 1
12078 1
12078 1
12078 1
12078 1
12078 1
12078 1
12078 1
12078 1
12078 1
12078 1
12078 1
12078 1
12078 1
12078 1
31188 1
31188 1
31188 1
31188 1
31188 1
31188 1
31188 1
31188 1
31188 1
31188 1
31188 1
31188 1
31188 1
31188 1
31188 1
31188 1
31188 1
31188 1
31188 1
31188 1
31188 1
31188 1
31188 1
31188 1
31188 1
31188 1
31188 1
31188 1
31188 1
31188 1
31188 1
31188 1
31188 1
31188 1
31188 1
31188 1
31188 1
5830 1
5830 1
5830 1
5830 1
5830 1
5830 1
5830 1
5830 1
5830 1
5830 1
5830 1
5830 1
5830 1
5830 1
5830 1
5830 1
5830 1
5830 1
5830 1
5830 1
5830 1
5830 1
5830 1
5830 1
5830 1
5830 1
5830 1
5830 1
5830 1
5830 1
5830 1
5830 1
5830 1
5830 1
5830 1
5830 1
5830 1
5871 1
5871 1
5871 1
5871 1
5871 1
5871 1
5871 1
5871 1
5871 1
5871 1
5871 1
5871 1
5871 1
5871 1
5871 1
5871 1
5871 1
5871 1
5871 1
5871 1
5871 1
5871 1
5871 1
5871 1
5871 1
5871 1
5871 1
5871 1
5871 1
5871 1
5871 1
5871 1
5871 1
5871 1
5871 1
5871 1
5871 1
31479 1
31479 1
31479 1
31479 1
31479 1
31479 1
31479 1
31479 1
31479 1
31479 1
31479 1
31479 1
31479 1
31479 1
31479 1
31479 1
31479 1
31479 1
31479 1
31479 1
31479 1
31479 1
31479 1
31479 1
31479 1
31479 1
31479 1
31479 1
31479 1
31479 1
31479 1
31479 1
31479 1
31479 1
31479 1
31479 1
31479 1
31580 1
31580 1
31580 1
31580 1
31580 1
31580 1
31580 1
31580 1
31580 1
31580 1
31580 1
31580 1
31580 1
31580 1
31580 1
31580 1
31580 1
31580 1
31580 1
31580 1
31580 1
31580 1
31580 1
31580 1
31580 1
31580 1
31580 1
31580 1
31580 1
31580 1
31580 1
31580 1
31580 1
31580 1
31580 1
31580 1
31580 1
31480 1
31480 1
31480 1
31480 1
31480 1
31480 1
31480 1
31480 1
31480 1
31480 1
31480 1
31480 1
31480 1
31480 1
31480 1
31480 1
31480 1
31480 1
31480 1
31480 1
31480 1
31480 1
31480 1
31480 1
31480 1
31480 1
31480 1
31480 1
31480 1
31480 1
31480 1
31480 1
31480 1
31480 1
31480 1
31480 1
31480 1
33636 1
33636 1
33636 1
33636 1
33636 1
33636 1
33636 1
33636 1
33636 1
33636 1
33636 1
33636 1
33636 1
33636 1
33636 1
33636 1
33636 1
33636 1
33636 1
33636 1
33636 1
33636 1
33636 1
33636 1
33636 1
33636 1
33636 1
33636 1
33636 1
33636 1
33636 1
33636 1
33636 1
33636 1
33636 1
33636 1
33636 1
31481 1
31481 1
31481 1
31481 1
31481 1
31481 1
31481 1
31481 1
31481 1
31481 1
31481 1
31481 1
31481 1
31481 1
31481 1
31481 1
31481 1
31481 1
31481 1
31481 1
31481 1
31481 1
31481 1
31481 1
31481 1
31481 1
31481 1
31481 1
31481 1
31481 1
31481 1
31481 1
31481 1
31481 1
31481 1
31481 1
31481 1
31193 1
31193 1
31193 1
31193 1
31193 1
31193 1
31193 1
31193 1
31193 1
31193 1
31193 1
31193 1
31193 1
31193 1
31193 1
31193 1
31193 1
31193 1
31193 1
31193 1
31193 1
31193 1
31193 1
31193 1
31193 1
31193 1
31193 1
31193 1
31193 1
31193 1
31193 1
31193 1
31193 1
31193 1
31193 1
31193 1
31193 1
31482 1
31482 1
31482 1
31482 1
31482 1
31482 1
31482 1
31482 1
31482 1
31482 1
31482 1
31482 1
31482 1
31482 1
31482 1
31482 1
31482 1
31482 1
31482 1
31482 1
31482 1
31482 1
31482 1
31482 1
31482 1
31482 1
31482 1
31482 1
31482 1
31482 1
31482 1
31482 1
31482 1
31482 1
31482 1
31482 1
31482 1
31583 1
31583 1
31583 1
31583 1
31583 1
31583 1
31583 1
31583 1
31583 1
31583 1
31583 1
31583 1
31583 1
31583 1
31583 1
31583 1
31583 1
31583 1
31583 1
31583 1
31583 1
31583 1
31583 1
31583 1
31583 1
31583 1
31583 1
31583 1
31583 1
31583 1
31583 1
31583 1
31583 1
31583 1
31583 1
31583 1
31583 1
33954 1
33954 1
33954 1
33954 1
33954 1
33954 1
33954 1
33954 1
33954 1
33954 1
33954 1
33954 1
33954 1
33954 1
33954 1
33954 1
33954 1
33954 1
33954 1
33954 1
33954 1
33954 1
33954 1
33954 1
33954 1
33954 1
33954 1
33954 1
33954 1
33954 1
33954 1
33954 1
33954 1
33954 1
33954 1
33954 1
33954 1
36291 1
36291 1
36291 1
36291 1
36291 1
36291 1
36291 1
36291 1
36291 1
36291 1
36291 1
36291 1
36291 1
36291 1
36291 1
36291 1
36291 1
36291 1
36291 1
36291 1
36291 1
36291 1
36291 1
36291 1
36291 1
36291 1
36291 1
36291 1
36291 1
36291 1
36291 1
36291 1
36291 1
36291 1
36291 1
36291 1
36291 1
36331 1
36331 1
36331 1
36331 1
36331 1
36331 1
36331 1
36331 1
36331 1
36331 1
36331 1
36331 1
36331 1
36331 1
36331 1
36331 1
36331 1
36331 1
36331 1
36331 1
36331 1
36331 1
36331 1
36331 1
36331 1
36331 1
36331 1
36331 1
36331 1
36331 1
36331 1
36331 1
36331 1
36331 1
36331 1
36331 1
36331 1
36369 1
36369 1
36369 1
36369 1
36369 1
36369 1
36369 1
36369 1
36369 1
36369 1
36369 1
36369 1
36369 1
36369 1
36369 1
36369 1
36369 1
36369 1
36369 1
36369 1
36369 1
36369 1
36369 1
36369 1
36369 1
36369 1
36369 1
36369 1
36369 1
36369 1
36369 1
36369 1
36369 1
36369 1
36369 1
36369 1
36369 1
31194 1
31194 1
31194 1
31194 1
31194 1
31194 1
31194 1
31194 1
31194 1
31194 1
31194 1
31194 1
31194 1
31194 1
31194 1
31194 1
31194 1
31194 1
31194 1
31194 1
31194 1
31194 1
31194 1
31194 1
31194 1
31194 1
31194 1
31194 1
31194 1
31194 1
31194 1
31194 1
31194 1
31194 1
31194 1
31194 1
31194 1
31289 1
31289 1
31289 1
31289 1
31289 1
31289 1
31289 1
31289 1
31289 1
31289 1
31289 1
31289 1
31289 1
31289 1
31289 1
31289 1
31289 1
31289 1
31289 1
31289 1
31289 1
31289 1
31289 1
31289 1
31289 1
31289 1
31289 1
31289 1
31289 1
31289 1
31289 1
31289 1
31289 1
31289 1
31289 1
31289 1
31289 1
31483 1
31483 1
31483 1
31483 1
31483 1
31483 1
31483 1
31483 1
31483 1
31483 1
31483 1
31483 1
31483 1
31483 1
31483 1
31483 1
31483 1
31483 1
31483 1
31483 1
31483 1
31483 1
31483 1
31483 1
31483 1
31483 1
31483 1
31483 1
31483 1
31483 1
31483 1
31483 1
31483 1
31483 1
31483 1
31483 1
31483 1
31584 1
31584 1
31584 1
31584 1
31584 1
31584 1
31584 1
31584 1
31584 1
31584 1
31584 1
31584 1
31584 1
31584 1
31584 1
31584 1
31584 1
31584 1
31584 1
31584 1
31584 1
31584 1
31584 1
31584 1
31584 1
31584 1
31584 1
31584 1
31584 1
31584 1
31584 1
31584 1
31584 1
31584 1
31584 1
31584 1
31584 1
31687 1
31687 1
31687 1
31687 1
31687 1
31687 1
31687 1
31687 1
31687 1
31687 1
31687 1
31687 1
31687 1
31687 1
31687 1
31687 1
31687 1
31687 1
31687 1
31687 1
31687 1
31687 1
31687 1
31687 1
31687 1
31687 1
31687 1
31687 1
31687 1
31687 1
31687 1
31687 1
31687 1
31687 1
31687 1
31687 1
31687 1
32012 1
32012 1
32012 1
32012 1
32012 1
32012 1
32012 1
32012 1
32012 1
32012 1
32012 1
32012 1
32012 1
32012 1
32012 1
32012 1
32012 1
32012 1
32012 1
32012 1
32012 1
32012 1
32012 1
32012 1
32012 1
32012 1
32012 1
32012 1
32012 1
32012 1
32012 1
32012 1
32012 1
32012 1
32012 1
32012 1
32012 1
34265 1
34265 1
34265 1
34265 1
34265 1
34265 1
34265 1
34265 1
34265 1
34265 1
34265 1
34265 1
34265 1
34265 1
34265 1
34265 1
34265 1
34265 1
34265 1
34265 1
34265 1
34265 1
34265 1
34265 1
34265 1
34265 1
34265 1
34265 1
34265 1
34265 1
34265 1
34265 1
34265 1
34265 1
34265 1
34265 1
34265 1
31100 1
31100 1
31100 1
31100 1
31100 1
31100 1
31100 1
31100 1
31100 1
31100 1
31100 1
31100 1
31100 1
31100 1
31100 1
31100 1
31100 1
31100 1
31100 1
31100 1
31100 1
31100 1
31100 1
31100 1
31100 1
31100 1
31100 1
31100 1
31100 1
31100 1
31100 1
31100 1
31100 1
31100 1
31100 1
31100 1
31100 1
31688 1
31688 1
31688 1
31688 1
31688 1
31688 1
31688 1
31688 1
31688 1
31688 1
31688 1
31688 1
31688 1
31688 1
31688 1
31688 1
31688 1
31688 1
31688 1
31688 1
31688 1
31688 1
31688 1
31688 1
31688 1
31688 1
31688 1
31688 1
31688 1
31688 1
31688 1
31688 1
31688 1
31688 1
31688 1
31688 1
31688 1
32453 1
32453 1
32453 1
32453 1
32453 1
32453 1
32453 1
32453 1
32453 1
32453 1
32453 1
32453 1
32453 1
32453 1
32453 1
32453 1
32453 1
32453 1
32453 1
32453 1
32453 1
32453 1
32453 1
32453 1
32453 1
32453 1
32453 1
32453 1
32453 1
32453 1
32453 1
32453 1
32453 1
32453 1
32453 1
32453 1
32453 1
36247 1
36247 1
36247 1
36247 1
36247 1
36247 1
36247 1
36247 1
36247 1
36247 1
36247 1
36247 1
36247 1
36247 1
36247 1
36247 1
36247 1
36247 1
36247 1
36247 1
36247 1
36247 1
36247 1
36247 1
36247 1
36247 1
36247 1
36247 1
36247 1
36247 1
36247 1
36247 1
36247 1
36247 1
36247 1
36247 1
36247 1
36409 1
36409 1
36409 1
36409 1
36409 1
36409 1
36409 1
36409 1
36409 1
36409 1
36409 1
36409 1
36409 1
36409 1
36409 1
36409 1
36409 1
36409 1
36409 1
36409 1
36409 1
36409 1
36409 1
36409 1
36409 1
36409 1
36409 1
36409 1
36409 1
36409 1
36409 1
36409 1
36409 1
36409 1
36409 1
36409 1
36409 1
31291 1
31291 1
31291 1
31291 1
31291 1
31291 1
31291 1
31291 1
31291 1
31291 1
31291 1
31291 1
31291 1
31291 1
31291 1
31291 1
31291 1
31291 1
31291 1
31291 1
31291 1
31291 1
31291 1
31291 1
31291 1
31291 1
31291 1
31291 1
31291 1
31291 1
31291 1
31291 1
31291 1
31291 1
31291 1
31291 1
31291 1
31794 1
31794 1
31794 1
31794 1
31794 1
31794 1
31794 1
31794 1
31794 1
31794 1
31794 1
31794 1
31794 1
31794 1
31794 1
31794 1
31794 1
31794 1
31794 1
31794 1
31794 1
31794 1
31794 1
31794 1
31794 1
31794 1
31794 1
31794 1
31794 1
31794 1
31794 1
31794 1
31794 1
31794 1
31794 1
31794 1
31794 1
36485 1
36485 1
36485 1
36485 1
36485 1
36485 1
36485 1
36485 1
36485 1
36485 1
36485 1
36485 1
36485 1
36485 1
36485 1
36485 1
36485 1
36485 1
36485 1
36485 1
36485 1
36485 1
36485 1
36485 1
36485 1
36485 1
36485 1
36485 1
36485 1
36485 1
36485 1
36485 1
36485 1
36485 1
36485 1
36485 1
36485 1
36523 1
36523 1
36523 1
36523 1
36523 1
36523 1
36523 1
36523 1
36523 1
36523 1
36523 1
36523 1
36523 1
36523 1
36523 1
36523 1
36523 1
36523 1
36523 1
36523 1
36523 1
36523 1
36523 1
36523 1
36523 1
36523 1
36523 1
36523 1
36523 1
36523 1
36523 1
36523 1
36523 1
36523 1
36523 1
36523 1
36523 1
5804 1
5804 1
5804 1
5804 1
5804 1
5804 1
5804 1
5804 1
5804 1
5804 1
5804 1
5804 1
5804 1
5804 1
5804 1
5804 1
5804 1
5804 1
5804 1
5804 1
5804 1
5804 1
5804 1
5804 1
5804 1
5804 1
5804 1
5804 1
5804 1
5804 1
5804 1
5804 1
5804 1
5804 1
5804 1
5804 1
5804 1
36411 1
36411 1
36411 1
36411 1
36411 1
36411 1
36411 1
36411 1
36411 1
36411 1
36411 1
36411 1
36411 1
36411 1
36411 1
36411 1
36411 1
36411 1
36411 1
36411 1
36411 1
36411 1
36411 1
36411 1
36411 1
36411 1
36411 1
36411 1
36411 1
36411 1
36411 1
36411 1
36411 1
36411 1
36411 1
36411 1
36411 1
36449 1
36449 1
36449 1
36449 1
36449 1
36449 1
36449 1
36449 1
36449 1
36449 1
36449 1
36449 1
36449 1
36449 1
36449 1
36449 1
36449 1
36449 1
36449 1
36449 1
36449 1
36449 1
36449 1
36449 1
36449 1
36449 1
36449 1
36449 1
36449 1
36449 1
36449 1
36449 1
36449 1
36449 1
36449 1
36449 1
36449 1
5671 1
5671 1
5671 1
5671 1
5671 1
5671 1
5671 1
5671 1
5671 1
5671 1
5671 1
5671 1
5671 1
5671 1
5671 1
5671 1
5671 1
5671 1
5671 1
5671 1
5671 1
5671 1
5671 1
5671 1
5671 1
5671 1
5671 1
5671 1
5671 1
5671 1
5671 1
5671 1
5671 1
5671 1
5671 1
5671 1
5671 1
5716 1
5716 1
5716 1
5716 1
5716 1
5716 1
5716 1
5716 1
5716 1
5716 1
5716 1
5716 1
5716 1
5716 1
5716 1
5716 1
5716 1
5716 1
5716 1
5716 1
5716 1
5716 1
5716 1
5716 1
5716 1
5716 1
5716 1
5716 1
5716 1
5716 1
5716 1
5716 1
5716 1
5716 1
5716 1
5716 1
5716 1
5762 1
5762 1
5762 1
5762 1
5762 1
5762 1
5762 1
5762 1
5762 1
5762 1
5762 1
5762 1
5762 1
5762 1
5762 1
5762 1
5762 1
5762 1
5762 1
5762 1
5762 1
5762 1
5762 1
5762 1
5762 1
5762 1
5762 1
5762 1
5762 1
5762 1
5762 1
5762 1
5762 1
5762 1
5762 1
5762 1
5762 1
5805 1
5805 1
5805 1
5805 1
5805 1
5805 1
5805 1
5805 1
5805 1
5805 1
5805 1
5805 1
5805 1
5805 1
5805 1
5805 1
5805 1
5805 1
5805 1
5805 1
5805 1
5805 1
5805 1
5805 1
5805 1
5805 1
5805 1
5805 1
5805 1
5805 1
5805 1
5805 1
5805 1
5805 1
5805 1
5805 1
5805 1
5924 1
5924 1
5924 1
5924 1
5924 1
5924 1
5924 1
5924 1
5924 1
5924 1
5924 1
5924 1
5924 1
5924 1
5924 1
5924 1
5924 1
5924 1
5924 1
5924 1
5924 1
5924 1
5924 1
5924 1
5924 1
5924 1
5924 1
5924 1
5924 1
5924 1
5924 1
5924 1
5924 1
5924 1
5924 1
5924 1
5924 1
6000 1
6000 1
6000 1
6000 1
6000 1
6000 1
6000 1
6000 1
6000 1
6000 1
6000 1
6000 1
6000 1
6000 1
6000 1
6000 1
6000 1
6000 1
6000 1
6000 1
6000 1
6000 1
6000 1
6000 1
6000 1
6000 1
6000 1
6000 1
6000 1
6000 1
6000 1
6000 1
6000 1
6000 1
6000 1
6000 1
6000 1
6114 1
6114 1
6114 1
6114 1
6114 1
6114 1
6114 1
6114 1
6114 1
6114 1
6114 1
6114 1
6114 1
6114 1
6114 1
6114 1
6114 1
6114 1
6114 1
6114 1
6114 1
6114 1
6114 1
6114 1
6114 1
6114 1
6114 1
6114 1
6114 1
6114 1
6114 1
6114 1
6114 1
6114 1
6114 1
6114 1
6114 1
6152 1
6152 1
6152 1
6152 1
6152 1
6152 1
6152 1
6152 1
6152 1
6152 1
6152 1
6152 1
6152 1
6152 1
6152 1
6152 1
6152 1
6152 1
6152 1
6152 1
6152 1
6152 1
6152 1
6152 1
6152 1
6152 1
6152 1
6152 1
6152 1
6152 1
6152 1
6152 1
6152 1
6152 1
6152 1
6152 1
6152 1
5925 1
5925 1
5925 1
5925 1
5925 1
5925 1
5925 1
5925 1
5925 1
5925 1
5925 1
5925 1
5925 1
5925 1
5925 1
5925 1
5925 1
5925 1
5925 1
5925 1
5925 1
5925 1
5925 1
5925 1
5925 1
5925 1
5925 1
5925 1
5925 1
5925 1
5925 1
5925 1
5925 1
5925 1
5925 1
5925 1
5925 1
5963 1
5963 1
5963 1
5963 1
5963 1
5963 1
5963 1
5963 1
5963 1
5963 1
5963 1
5963 1
5963 1
5963 1
5963 1
5963 1
5963 1
5963 1
5963 1
5963 1
5963 1
5963 1
5963 1
5963 1
5963 1
5963 1
5963 1
5963 1
5963 1
5963 1
5963 1
5963 1
5963 1
5963 1
5963 1
5963 1
5963 1
6001 1
6001 1
6001 1
6001 1
6001 1
6001 1
6001 1
6001 1
6001 1
6001 1
6001 1
6001 1
6001 1
6001 1
6001 1
6001 1
6001 1
6001 1
6001 1
6001 1
6001 1
6001 1
6001 1
6001 1
6001 1
6001 1
6001 1
6001 1
6001 1
6001 1
6001 1
6001 1
6001 1
6001 1
6001 1
6001 1
6001 1
6039 1
6039 1
6039 1
6039 1
6039 1
6039 1
6039 1
6039 1
6039 1
6039 1
6039 1
6039 1
6039 1
6039 1
6039 1
6039 1
6039 1
6039 1
6039 1
6039 1
6039 1
6039 1
6039 1
6039 1
6039 1
6039 1
6039 1
6039 1
6039 1
6039 1
6039 1
6039 1
6039 1
6039 1
6039 1
6039 1
6039 1
6231 1
6231 1
6231 1
6231 1
6231 1
6231 1
6231 1
6231 1
6231 1
6231 1
6231 1
6231 1
6231 1
6231 1
6231 1
6231 1
6231 1
6231 1
6231 1
6231 1
6231 1
6231 1
6231 1
6231 1
6231 1
6231 1
6231 1
6231 1
6231 1
6231 1
6231 1
6231 1
6231 1
6231 1
6231 1
6231 1
6231 1
36487 1
36487 1
36487 1
36487 1
36487 1
36487 1
36487 1
36487 1
36487 1
36487 1
36487 1
36487 1
36487 1
36487 1
36487 1
36487 1
36487 1
36487 1
36487 1
36487 1
36487 1
36487 1
36487 1
36487 1
36487 1
36487 1
36487 1
36487 1
36487 1
36487 1
36487 1
36487 1
36487 1
36487 1
36487 1
36487 1
36487 1
5889 1
5889 1
5889 1
5889 1
5889 1
5889 1
5889 1
5889 1
5889 1
5889 1
5889 1
5889 1
5889 1
5889 1
5889 1
5889 1
5889 1
5889 1
5889 1
5889 1
5889 1
5889 1
5889 1
5889 1
5889 1
5889 1
5889 1
5889 1
5889 1
5889 1
5889 1
5889 1
5889 1
5889 1
5889 1
5889 1
5889 1
5926 1
5926 1
5926 1
5926 1
5926 1
5926 1
5926 1
5926 1
5926 1
5926 1
5926 1
5926 1
5926 1
5926 1
5926 1
5926 1
5926 1
5926 1
5926 1
5926 1
5926 1
5926 1
5926 1
5926 1
5926 1
5926 1
5926 1
5926 1
5926 1
5926 1
5926 1
5926 1
5926 1
5926 1
5926 1
5926 1
5926 1
5964 1
5964 1
5964 1
5964 1
5964 1
5964 1
5964 1
5964 1
5964 1
5964 1
5964 1
5964 1
5964 1
5964 1
5964 1
5964 1
5964 1
5964 1
5964 1
5964 1
5964 1
5964 1
5964 1
5964 1
5964 1
5964 1
5964 1
5964 1
5964 1
5964 1
5964 1
5964 1
5964 1
5964 1
5964 1
5964 1
5964 1
6002 1
6002 1
6002 1
6002 1
6002 1
6002 1
6002 1
6002 1
6002 1
6002 1
6002 1
6002 1
6002 1
6002 1
6002 1
6002 1
6002 1
6002 1
6002 1
6002 1
6002 1
6002 1
6002 1
6002 1
6002 1
6002 1
6002 1
6002 1
6002 1
6002 1
6002 1
6002 1
6002 1
6002 1
6002 1
6002 1
6002 1
6313 1
6313 1
6313 1
6313 1
6313 1
6313 1
6313 1
6313 1
6313 1
6313 1
6313 1
6313 1
6313 1
6313 1
6313 1
6313 1
6313 1
6313 1
6313 1
6313 1
6313 1
6313 1
6313 1
6313 1
6313 1
6313 1
6313 1
6313 1
6313 1
6313 1
6313 1
6313 1
6313 1
6313 1
6313 1
6313 1
6313 1
6353 1
6353 1
6353 1
6353 1
6353 1
6353 1
6353 1
6353 1
6353 1
6353 1
6353 1
6353 1
6353 1
6353 1
6353 1
6353 1
6353 1
6353 1
6353 1
6353 1
6353 1
6353 1
6353 1
6353 1
6353 1
6353 1
6353 1
6353 1
6353 1
6353 1
6353 1
6353 1
6353 1
6353 1
6353 1
6353 1
6353 1
6631 1
6631 1
6631 1
6631 1
6631 1
6631 1
6631 1
6631 1
6631 1
6631 1
6631 1
6631 1
6631 1
6631 1
6631 1
6631 1
6631 1
6631 1
6631 1
6631 1
6631 1
6631 1
6631 1
6631 1
6631 1
6631 1
6631 1
6631 1
6631 1
6631 1
6631 1
6631 1
6631 1
6631 1
6631 1
6631 1
6631 1
6823 1
6823 1
6823 1
6823 1
6823 1
6823 1
6823 1
6823 1
6823 1
6823 1
6823 1
6823 1
6823 1
6823 1
6823 1
6823 1
6823 1
6823 1
6823 1
6823 1
6823 1
6823 1
6823 1
6823 1
6823 1
6823 1
6823 1
6823 1
6823 1
6823 1
6823 1
6823 1
6823 1
6823 1
6823 1
6823 1
6823 1
36413 1
36413 1
36413 1
36413 1
36413 1
36413 1
36413 1
36413 1
36413 1
36413 1
36413 1
36413 1
36413 1
36413 1
36413 1
36413 1
36413 1
36413 1
36413 1
36413 1
36413 1
36413 1
36413 1
36413 1
36413 1
36413 1
36413 1
36413 1
36413 1
36413 1
36413 1
36413 1
36413 1
36413 1
36413 1
36413 1
36413 1
6594 1
6594 1
6594 1
6594 1
6594 1
6594 1
6594 1
6594 1
6594 1
6594 1
6594 1
6594 1
6594 1
6594 1
6594 1
6594 1
6594 1
6594 1
6594 1
6594 1
6594 1
6594 1
6594 1
6594 1
6594 1
6594 1
6594 1
6594 1
6594 1
6594 1
6594 1
6594 1
6594 1
6594 1
6594 1
6594 1
6594 1
6316 1
6316 1
6316 1
6316 1
6316 1
6316 1
6316 1
6316 1
6316 1
6316 1
6316 1
6316 1
6316 1
6316 1
6316 1
6316 1
6316 1
6316 1
6316 1
6316 1
6316 1
6316 1
6316 1
6316 1
6316 1
6316 1
6316 1
6316 1
6316 1
6316 1
6316 1
6316 1
6316 1
6316 1
6316 1
6316 1
6316 1
6356 1
6356 1
6356 1
6356 1
6356 1
6356 1
6356 1
6356 1
6356 1
6356 1
6356 1
6356 1
6356 1
6356 1
6356 1
6356 1
6356 1
6356 1
6356 1
6356 1
6356 1
6356 1
6356 1
6356 1
6356 1
6356 1
6356 1
6356 1
6356 1
6356 1
6356 1
6356 1
6356 1
6356 1
6356 1
6356 1
6356 1
6397 1
6397 1
6397 1
6397 1
6397 1
6397 1
6397 1
6397 1
6397 1
6397 1
6397 1
6397 1
6397 1
6397 1
6397 1
6397 1
6397 1
6397 1
6397 1
6397 1
6397 1
6397 1
6397 1
6397 1
6397 1
6397 1
6397 1
6397 1
6397 1
6397 1
6397 1
6397 1
6397 1
6397 1
6397 1
6397 1
6397 1
6437 1
6437 1
6437 1
6437 1
6437 1
6437 1
6437 1
6437 1
6437 1
6437 1
6437 1
6437 1
6437 1
6437 1
6437 1
6437 1
6437 1
6437 1
6437 1
6437 1
6437 1
6437 1
6437 1
6437 1
6437 1
6437 1
6437 1
6437 1
6437 1
6437 1
6437 1
6437 1
6437 1
6437 1
6437 1
6437 1
6437 1
6477 1
6477 1
6477 1
6477 1
6477 1
6477 1
6477 1
6477 1
6477 1
6477 1
6477 1
6477 1
6477 1
6477 1
6477 1
6477 1
6477 1
6477 1
6477 1
6477 1
6477 1
6477 1
6477 1
6477 1
6477 1
6477 1
6477 1
6477 1
6477 1
6477 1
6477 1
6477 1
6477 1
6477 1
6477 1
6477 1
6477 1
35924 1
35924 1
35924 1
35924 1
35924 1
35924 1
35924 1
35924 1
35924 1
35924 1
35924 1
35924 1
35924 1
35924 1
35924 1
35924 1
35924 1
35924 1
35924 1
35924 1
35924 1
35924 1
35924 1
35924 1
35924 1
35924 1
35924 1
35924 1
35924 1
35924 1
35924 1
35924 1
35924 1
35924 1
35924 1
35924 1
35924 1
36537 1
36537 1
36537 1
36537 1
36537 1
36537 1
36537 1
36537 1
36537 1
36537 1
36537 1
36537 1
36537 1
36537 1
36537 1
36537 1
36537 1
36537 1
36537 1
36537 1
36537 1
36537 1
36537 1
36537 1
36537 1
36537 1
36537 1
36537 1
36537 1
36537 1
36537 1
36537 1
36537 1
36537 1
36537 1
36537 1
36537 1
263 1
263 1
263 1
263 1
263 1
263 1
263 1
263 1
263 1
263 1
263 1
263 1
263 1
263 1
263 1
263 1
263 1
263 1
263 1
263 1
263 1
263 1
263 1
263 1
263 1
263 1
263 1
263 1
263 1
263 1
263 1
263 1
263 1
263 1
263 1
263 1
263 1
285 1
285 1
285 1
285 1
285 1
285 1
285 1
285 1
285 1
285 1
285 1
285 1
285 1
285 1
285 1
285 1
285 1
285 1
285 1
285 1
285 1
285 1
285 1
285 1
285 1
285 1
285 1
285 1
285 1
285 1
285 1
285 1
285 1
285 1
285 1
285 1
285 1
12279 1
12279 1
12279 1
12279 1
12279 1
12279 1
12279 1
12279 1
12279 1
12279 1
12279 1
12279 1
12279 1
12279 1
12279 1
12279 1
12279 1
12279 1
12279 1
12279 1
12279 1
12279 1
12279 1
12279 1
12279 1
12279 1
12279 1
12279 1
12279 1
12279 1
12279 1
12279 1
12279 1
12279 1
12279 1
12279 1
12279 1
36349 1
36349 1
36349 1
36349 1
36349 1
36349 1
36349 1
36349 1
36349 1
36349 1
36349 1
36349 1
36349 1
36349 1
36349 1
36349 1
36349 1
36349 1
36349 1
36349 1
36349 1
36349 1
36349 1
36349 1
36349 1
36349 1
36349 1
36349 1
36349 1
36349 1
36349 1
36349 1
36349 1
36349 1
36349 1
36349 1
36349 1
36425 1
36425 1
36425 1
36425 1
36425 1
36425 1
36425 1
36425 1
36425 1
36425 1
36425 1
36425 1
36425 1
36425 1
36425 1
36425 1
36425 1
36425 1
36425 1
36425 1
36425 1
36425 1
36425 1
36425 1
36425 1
36425 1
36425 1
36425 1
36425 1
36425 1
36425 1
36425 1
36425 1
36425 1
36425 1
36425 1
36425 1
309 1
309 1
309 1
309 1
309 1
309 1
309 1
309 1
309 1
309 1
309 1
309 1
309 1
309 1
309 1
309 1
309 1
309 1
309 1
309 1
309 1
309 1
309 1
309 1
309 1
309 1
309 1
309 1
309 1
309 1
309 1
309 1
309 1
309 1
309 1
309 1
309 1
332 1
332 1
332 1
332 1
332 1
332 1
332 1
332 1
332 1
332 1
332 1
332 1
332 1
332 1
332 1
332 1
332 1
332 1
332 1
332 1
332 1
332 1
332 1
332 1
332 1
332 1
332 1
332 1
332 1
332 1
332 1
332 1
332 1
332 1
332 1
332 1
332 1
403 1
403 1
403 1
403 1
403 1
403 1
403 1
403 1
403 1
403 1
403 1
403 1
403 1
403 1
403 1
403 1
403 1
403 1
403 1
403 1
403 1
403 1
403 1
403 1
403 1
403 1
403 1
403 1
403 1
403 1
403 1
403 1
403 1
403 1
403 1
403 1
403 1
12443 1
12443 1
12443 1
12443 1
12443 1
12443 1
12443 1
12443 1
12443 1
12443 1
12443 1
12443 1
12443 1
12443 1
12443 1
12443 1
12443 1
12443 1
12443 1
12443 1
12443 1
12443 1
12443 1
12443 1
12443 1
12443 1
12443 1
12443 1
12443 1
12443 1
12443 1
12443 1
12443 1
12443 1
12443 1
12443 1
12443 1
36998 1
36998 1
36998 1
36998 1
36998 1
36998 1
36998 1
36998 1
36998 1
36998 1
36998 1
36998 1
36998 1
36998 1
36998 1
36998 1
36998 1
36998 1
36998 1
36998 1
36998 1
36998 1
36998 1
36998 1
36998 1
36998 1
36998 1
36998 1
36998 1
36998 1
36998 1
36998 1
36998 1
36998 1
36998 1
36998 1
36998 1
287 1
287 1
287 1
287 1
287 1
287 1
287 1
287 1
287 1
287 1
287 1
287 1
287 1
287 1
287 1
287 1
287 1
287 1
287 1
287 1
287 1
287 1
287 1
287 1
287 1
287 1
287 1
287 1
287 1
287 1
287 1
287 1
287 1
287 1
287 1
287 1
287 1
404 1
404 1
404 1
404 1
404 1
404 1
404 1
404 1
404 1
404 1
404 1
404 1
404 1
404 1
404 1
404 1
404 1
404 1
404 1
404 1
404 1
404 1
404 1
404 1
404 1
404 1
404 1
404 1
404 1
404 1
404 1
404 1
404 1
404 1
404 1
404 1
404 1
429 1
429 1
429 1
429 1
429 1
429 1
429 1
429 1
429 1
429 1
429 1
429 1
429 1
429 1
429 1
429 1
429 1
429 1
429 1
429 1
429 1
429 1
429 1
429 1
429 1
429 1
429 1
429 1
429 1
429 1
429 1
429 1
429 1
429 1
429 1
429 1
429 1
476 1
476 1
476 1
476 1
476 1
476 1
476 1
476 1
476 1
476 1
476 1
476 1
476 1
476 1
476 1
476 1
476 1
476 1
476 1
476 1
476 1
476 1
476 1
476 1
476 1
476 1
476 1
476 1
476 1
476 1
476 1
476 1
476 1
476 1
476 1
476 1
476 1
12444 1
12444 1
12444 1
12444 1
12444 1
12444 1
12444 1
12444 1
12444 1
12444 1
12444 1
12444 1
12444 1
12444 1
12444 1
12444 1
12444 1
12444 1
12444 1
12444 1
12444 1
12444 1
12444 1
12444 1
12444 1
12444 1
12444 1
12444 1
12444 1
12444 1
12444 1
12444 1
12444 1
12444 1
12444 1
12444 1
12444 1
12608 1
12608 1
12608 1
12608 1
12608 1
12608 1
12608 1
12608 1
12608 1
12608 1
12608 1
12608 1
12608 1
12608 1
12608 1
12608 1
12608 1
12608 1
12608 1
12608 1
12608 1
12608 1
12608 1
12608 1
12608 1
12608 1
12608 1
12608 1
12608 1
12608 1
12608 1
12608 1
12608 1
12608 1
12608 1
12608 1
12608 1
12777 1
12777 1
12777 1
12777 1
12777 1
12777 1
12777 1
12777 1
12777 1
12777 1
12777 1
12777 1
12777 1
12777 1
12777 1
12777 1
12777 1
12777 1
12777 1
12777 1
12777 1
12777 1
12777 1
12777 1
12777 1
12777 1
12777 1
12777 1
12777 1
12777 1
12777 1
12777 1
12777 1
12777 1
12777 1
12777 1
12777 1
501 1
501 1
501 1
501 1
501 1
501 1
501 1
501 1
501 1
501 1
501 1
501 1
501 1
501 1
501 1
501 1
501 1
501 1
501 1
501 1
501 1
501 1
501 1
501 1
501 1
501 1
501 1
501 1
501 1
501 1
501 1
501 1
501 1
501 1
501 1
501 1
501 1
12282 1
12282 1
12282 1
12282 1
12282 1
12282 1
12282 1
12282 1
12282 1
12282 1
12282 1
12282 1
12282 1
12282 1
12282 1
12282 1
12282 1
12282 1
12282 1
12282 1
12282 1
12282 1
12282 1
12282 1
12282 1
12282 1
12282 1
12282 1
12282 1
12282 1
12282 1
12282 1
12282 1
12282 1
12282 1
12282 1
12282 1
12445 1
12445 1
12445 1
12445 1
12445 1
12445 1
12445 1
12445 1
12445 1
12445 1
12445 1
12445 1
12445 1
12445 1
12445 1
12445 1
12445 1
12445 1
12445 1
12445 1
12445 1
12445 1
12445 1
12445 1
12445 1
12445 1
12445 1
12445 1
12445 1
12445 1
12445 1
12445 1
12445 1
12445 1
12445 1
12445 1
12445 1
12609 1
12609 1
12609 1
12609 1
12609 1
12609 1
12609 1
12609 1
12609 1
12609 1
12609 1
12609 1
12609 1
12609 1
12609 1
12609 1
12609 1
12609 1
12609 1
12609 1
12609 1
12609 1
12609 1
12609 1
12609 1
12609 1
12609 1
12609 1
12609 1
12609 1
12609 1
12609 1
12609 1
12609 1
12609 1
12609 1
12609 1
12778 1
12778 1
12778 1
12778 1
12778 1
12778 1
12778 1
12778 1
12778 1
12778 1
12778 1
12778 1
12778 1
12778 1
12778 1
12778 1
12778 1
12778 1
12778 1
12778 1
12778 1
12778 1
12778 1
12778 1
12778 1
12778 1
12778 1
12778 1
12778 1
12778 1
12778 1
12778 1
12778 1
12778 1
12778 1
12778 1
12778 1
12610 1
12610 1
12610 1
12610 1
12610 1
12610 1
12610 1
12610 1
12610 1
12610 1
12610 1
12610 1
12610 1
12610 1
12610 1
12610 1
12610 1
12610 1
12610 1
12610 1
12610 1
12610 1
12610 1
12610 1
12610 1
12610 1
12610 1
12610 1
12610 1
12610 1
12610 1
12610 1
12610 1
12610 1
12610 1
12610 1
12610 1
12779 1
12779 1
12779 1
12779 1
12779 1
12779 1
12779 1
12779 1
12779 1
12779 1
12779 1
12779 1
12779 1
12779 1
12779 1
12779 1
12779 1
12779 1
12779 1
12779 1
12779 1
12779 1
12779 1
12779 1
12779 1
12779 1
12779 1
12779 1
12779 1
12779 1
12779 1
12779 1
12779 1
12779 1
12779 1
12779 1
12779 1
12951 1
12951 1
12951 1
12951 1
12951 1
12951 1
12951 1
12951 1
12951 1
12951 1
12951 1
12951 1
12951 1
12951 1
12951 1
12951 1
12951 1
12951 1
12951 1
12951 1
12951 1
12951 1
12951 1
12951 1
12951 1
12951 1
12951 1
12951 1
12951 1
12951 1
12951 1
12951 1
12951 1
12951 1
12951 1
12951 1
12951 1
13124 1
13124 1
13124 1
13124 1
13124 1
13124 1
13124 1
13124 1
13124 1
13124 1
13124 1
13124 1
13124 1
13124 1
13124 1
13124 1
13124 1
13124 1
13124 1
13124 1
13124 1
13124 1
13124 1
13124 1
13124 1
13124 1
13124 1
13124 1
13124 1
13124 1
13124 1
13124 1
13124 1
13124 1
13124 1
13124 1
13124 1
7871 1
7871 1
7871 1
7871 1
7871 1
7871 1
7871 1
7871 1
7871 1
7871 1
7871 1
7871 1
7871 1
7871 1
7871 1
7871 1
7871 1
7871 1
7871 1
7871 1
7871 1
7871 1
7871 1
7871 1
7871 1
7871 1
7871 1
7871 1
7871 1
7871 1
7871 1
7871 1
7871 1
7871 1
7871 1
7871 1
7871 1
13125 1
13125 1
13125 1
13125 1
13125 1
13125 1
13125 1
13125 1
13125 1
13125 1
13125 1
13125 1
13125 1
13125 1
13125 1
13125 1
13125 1
13125 1
13125 1
13125 1
13125 1
13125 1
13125 1
13125 1
13125 1
13125 1
13125 1
13125 1
13125 1
13125 1
13125 1
13125 1
13125 1
13125 1
13125 1
13125 1
13125 1
458 1
458 1
458 1
458 1
458 1
458 1
458 1
458 1
458 1
458 1
458 1
458 1
458 1
458 1
458 1
458 1
458 1
458 1
458 1
458 1
458 1
458 1
458 1
458 1
458 1
458 1
458 1
458 1
458 1
458 1
458 1
458 1
458 1
458 1
458 1
458 1
458 1
481 1
481 1
481 1
481 1
481 1
481 1
481 1
481 1
481 1
481 1
481 1
481 1
481 1
481 1
481 1
481 1
481 1
481 1
481 1
481 1
481 1
481 1
481 1
481 1
481 1
481 1
481 1
481 1
481 1
481 1
481 1
481 1
481 1
481 1
481 1
481 1
481 1
505 1
505 1
505 1
505 1
505 1
505 1
505 1
505 1
505 1
505 1
505 1
505 1
505 1
505 1
505 1
505 1
505 1
505 1
505 1
505 1
505 1
505 1
505 1
505 1
505 1
505 1
505 1
505 1
505 1
505 1
505 1
505 1
505 1
505 1
505 1
505 1
505 1
530 1
530 1
530 1
530 1
530 1
530 1
530 1
530 1
530 1
530 1
530 1
530 1
530 1
530 1
530 1
530 1
530 1
530 1
530 1
530 1
530 1
530 1
530 1
530 1
530 1
530 1
530 1
530 1
530 1
530 1
530 1
530 1
530 1
530 1
530 1
530 1
530 1
2463 1
2463 1
2463 1
2463 1
2463 1
2463 1
2463 1
2463 1
2463 1
2463 1
2463 1
2463 1
2463 1
2463 1
2463 1
2463 1
2463 1
2463 1
2463 1
2463 1
2463 1
2463 1
2463 1
2463 1
2463 1
2463 1
2463 1
2463 1
2463 1
2463 1
2463 1
2463 1
2463 1
2463 1
2463 1
2463 1
2463 1
7800 1
7800 1
7800 1
7800 1
7800 1
7800 1
7800 1
7800 1
7800 1
7800 1
7800 1
7800 1
7800 1
7800 1
7800 1
7800 1
7800 1
7800 1
7800 1
7800 1
7800 1
7800 1
7800 1
7800 1
7800 1
7800 1
7800 1
7800 1
7800 1
7800 1
7800 1
7800 1
7800 1
7800 1
7800 1
7800 1
7800 1
7872 1
7872 1
7872 1
7872 1
7872 1
7872 1
7872 1
7872 1
7872 1
7872 1
7872 1
7872 1
7872 1
7872 1
7872 1
7872 1
7872 1
7872 1
7872 1
7872 1
7872 1
7872 1
7872 1
7872 1
7872 1
7872 1
7872 1
7872 1
7872 1
7872 1
7872 1
7872 1
7872 1
7872 1
7872 1
7872 1
7872 1
8019 1
8019 1
8019 1
8019 1
8019 1
8019 1
8019 1
8019 1
8019 1
8019 1
8019 1
8019 1
8019 1
8019 1
8019 1
8019 1
8019 1
8019 1
8019 1
8019 1
8019 1
8019 1
8019 1
8019 1
8019 1
8019 1
8019 1
8019 1
8019 1
8019 1
8019 1
8019 1
8019 1
8019 1
8019 1
8019 1
8019 1
531 1
531 1
531 1
531 1
531 1
531 1
531 1
531 1
531 1
531 1
531 1
531 1
531 1
531 1
531 1
531 1
531 1
531 1
531 1
531 1
531 1
531 1
531 1
531 1
531 1
531 1
531 1
531 1
531 1
531 1
531 1
531 1
531 1
531 1
531 1
531 1
531 1
556 1
556 1
556 1
556 1
556 1
556 1
556 1
556 1
556 1
556 1
556 1
556 1
556 1
556 1
556 1
556 1
556 1
556 1
556 1
556 1
556 1
556 1
556 1
556 1
556 1
556 1
556 1
556 1
556 1
556 1
556 1
556 1
556 1
556 1
556 1
556 1
556 1
582 1
582 1
582 1
582 1
582 1
582 1
582 1
582 1
582 1
582 1
582 1
582 1
582 1
582 1
582 1
582 1
582 1
582 1
582 1
582 1
582 1
582 1
582 1
582 1
582 1
582 1
582 1
582 1
582 1
582 1
582 1
582 1
582 1
582 1
582 1
582 1
582 1
7801 1
7801 1
7801 1
7801 1
7801 1
7801 1
7801 1
7801 1
7801 1
7801 1
7801 1
7801 1
7801 1
7801 1
7801 1
7801 1
7801 1
7801 1
7801 1
7801 1
7801 1
7801 1
7801 1
7801 1
7801 1
7801 1
7801 1
7801 1
7801 1
7801 1
7801 1
7801 1
7801 1
7801 1
7801 1
7801 1
7801 1
7873 1
7873 1
7873 1
7873 1
7873 1
7873 1
7873 1
7873 1
7873 1
7873 1
7873 1
7873 1
7873 1
7873 1
7873 1
7873 1
7873 1
7873 1
7873 1
7873 1
7873 1
7873 1
7873 1
7873 1
7873 1
7873 1
7873 1
7873 1
7873 1
7873 1
7873 1
7873 1
7873 1
7873 1
7873 1
7873 1
7873 1
7945 1
7945 1
7945 1
7945 1
7945 1
7945 1
7945 1
7945 1
7945 1
7945 1
7945 1
7945 1
7945 1
7945 1
7945 1
7945 1
7945 1
7945 1
7945 1
7945 1
7945 1
7945 1
7945 1
7945 1
7945 1
7945 1
7945 1
7945 1
7945 1
7945 1
7945 1
7945 1
7945 1
7945 1
7945 1
7945 1
7945 1
8020 1
8020 1
8020 1
8020 1
8020 1
8020 1
8020 1
8020 1
8020 1
8020 1
8020 1
8020 1
8020 1
8020 1
8020 1
8020 1
8020 1
8020 1
8020 1
8020 1
8020 1
8020 1
8020 1
8020 1
8020 1
8020 1
8020 1
8020 1
8020 1
8020 1
8020 1
8020 1
8020 1
8020 1
8020 1
8020 1
8020 1
2375 1
2375 1
2375 1
2375 1
2375 1
2375 1
2375 1
2375 1
2375 1
2375 1
2375 1
2375 1
2375 1
2375 1
2375 1
2375 1
2375 1
2375 1
2375 1
2375 1
2375 1
2375 1
2375 1
2375 1
2375 1
2375 1
2375 1
2375 1
2375 1
2375 1
2375 1
2375 1
2375 1
2375 1
2375 1
2375 1
2375 1
2746 1
2746 1
2746 1
2746 1
2746 1
2746 1
2746 1
2746 1
2746 1
2746 1
2746 1
2746 1
2746 1
2746 1
2746 1
2746 1
2746 1
2746 1
2746 1
2746 1
2746 1
2746 1
2746 1
2746 1
2746 1
2746 1
2746 1
2746 1
2746 1
2746 1
2746 1
2746 1
2746 1
2746 1
2746 1
2746 1
2746 1
7946 1
7946 1
7946 1
7946 1
7946 1
7946 1
7946 1
7946 1
7946 1
7946 1
7946 1
7946 1
7946 1
7946 1
7946 1
7946 1
7946 1
7946 1
7946 1
7946 1
7946 1
7946 1
7946 1
7946 1
7946 1
7946 1
7946 1
7946 1
7946 1
7946 1
7946 1
7946 1
7946 1
7946 1
7946 1
7946 1
7946 1
8021 1
8021 1
8021 1
8021 1
8021 1
8021 1
8021 1
8021 1
8021 1
8021 1
8021 1
8021 1
8021 1
8021 1
8021 1
8021 1
8021 1
8021 1
8021 1
8021 1
8021 1
8021 1
8021 1
8021 1
8021 1
8021 1
8021 1
8021 1
8021 1
8021 1
8021 1
8021 1
8021 1
8021 1
8021 1
8021 1
8021 1
8097 1
8097 1
8097 1
8097 1
8097 1
8097 1
8097 1
8097 1
8097 1
8097 1
8097 1
8097 1
8097 1
8097 1
8097 1
8097 1
8097 1
8097 1
8097 1
8097 1
8097 1
8097 1
8097 1
8097 1
8097 1
8097 1
8097 1
8097 1
8097 1
8097 1
8097 1
8097 1
8097 1
8097 1
8097 1
8097 1
8097 1
806 1
806 1
806 1
806 1
806 1
806 1
806 1
806 1
806 1
806 1
806 1
806 1
806 1
806 1
806 1
806 1
806 1
806 1
806 1
806 1
806 1
806 1
806 1
806 1
806 1
806 1
806 1
806 1
806 1
806 1
806 1
806 1
806 1
806 1
806 1
806 1
806 1
2376 1
2376 1
2376 1
2376 1
2376 1
2376 1
2376 1
2376 1
2376 1
2376 1
2376 1
2376 1
2376 1
2376 1
2376 1
2376 1
2376 1
2376 1
2376 1
2376 1
2376 1
2376 1
2376 1
2376 1
2376 1
2376 1
2376 1
2376 1
2376 1
2376 1
2376 1
2376 1
2376 1
2376 1
2376 1
2376 1
2376 1
7947 1
7947 1
7947 1
7947 1
7947 1
7947 1
7947 1
7947 1
7947 1
7947 1
7947 1
7947 1
7947 1
7947 1
7947 1
7947 1
7947 1
7947 1
7947 1
7947 1
7947 1
7947 1
7947 1
7947 1
7947 1
7947 1
7947 1
7947 1
7947 1
7947 1
7947 1
7947 1
7947 1
7947 1
7947 1
7947 1
7947 1
837 1
837 1
837 1
837 1
837 1
837 1
837 1
837 1
837 1
837 1
837 1
837 1
837 1
837 1
837 1
837 1
837 1
837 1
837 1
837 1
837 1
837 1
837 1
837 1
837 1
837 1
837 1
837 1
837 1
837 1
837 1
837 1
837 1
837 1
837 1
837 1
837 1
870 1
870 1
870 1
870 1
870 1
870 1
870 1
870 1
870 1
870 1
870 1
870 1
870 1
870 1
870 1
870 1
870 1
870 1
870 1
870 1
870 1
870 1
870 1
870 1
870 1
870 1
870 1
870 1
870 1
870 1
870 1
870 1
870 1
870 1
870 1
870 1
870 1
