pt_graph shape
5550 1
5550 1
5550 1
5550 1
5550 1
5550 1
5550 1
5550 1
5550 1
5550 1
5550 1
5550 1
5550 1
5550 1
5550 1
5550 1
5550 1
5550 1
5550 1
5550 1
5550 1
5550 1
5550 1
5550 1
5550 1
5550 1
5550 1
5550 1
5550 1
5550 1
5550 1
5550 1
5550 1
5550 1
5550 1
5550 1
5550 1
5637 1
5637 1
5637 1
5637 1
5637 1
5637 1
5637 1
5637 1
5637 1
5637 1
5637 1
5637 1
5637 1
5637 1
5637 1
5637 1
5637 1
5637 1
5637 1
5637 1
5637 1
5637 1
5637 1
5637 1
5637 1
5637 1
5637 1
5637 1
5637 1
5637 1
5637 1
5637 1
5637 1
5637 1
5637 1
5637 1
5637 1
5514 1
5514 1
5514 1
5514 1
5514 1
5514 1
5514 1
5514 1
5514 1
5514 1
5514 1
5514 1
5514 1
5514 1
5514 1
5514 1
5514 1
5514 1
5514 1
5514 1
5514 1
5514 1
5514 1
5514 1
5514 1
5514 1
5514 1
5514 1
5514 1
5514 1
5514 1
5514 1
5514 1
5514 1
5514 1
5514 1
5514 1
5551 1
5551 1
5551 1
5551 1
5551 1
5551 1
5551 1
5551 1
5551 1
5551 1
5551 1
5551 1
5551 1
5551 1
5551 1
5551 1
5551 1
5551 1
5551 1
5551 1
5551 1
5551 1
5551 1
5551 1
5551 1
5551 1
5551 1
5551 1
5551 1
5551 1
5551 1
5551 1
5551 1
5551 1
5551 1
5551 1
5551 1
5594 1
5594 1
5594 1
5594 1
5594 1
5594 1
5594 1
5594 1
5594 1
5594 1
5594 1
5594 1
5594 1
5594 1
5594 1
5594 1
5594 1
5594 1
5594 1
5594 1
5594 1
5594 1
5594 1
5594 1
5594 1
5594 1
5594 1
5594 1
5594 1
5594 1
5594 1
5594 1
5594 1
5594 1
5594 1
5594 1
5594 1
5638 1
5638 1
5638 1
5638 1
5638 1
5638 1
5638 1
5638 1
5638 1
5638 1
5638 1
5638 1
5638 1
5638 1
5638 1
5638 1
5638 1
5638 1
5638 1
5638 1
5638 1
5638 1
5638 1
5638 1
5638 1
5638 1
5638 1
5638 1
5638 1
5638 1
5638 1
5638 1
5638 1
5638 1
5638 1
5638 1
5638 1
5683 1
5683 1
5683 1
5683 1
5683 1
5683 1
5683 1
5683 1
5683 1
5683 1
5683 1
5683 1
5683 1
5683 1
5683 1
5683 1
5683 1
5683 1
5683 1
5683 1
5683 1
5683 1
5683 1
5683 1
5683 1
5683 1
5683 1
5683 1
5683 1
5683 1
5683 1
5683 1
5683 1
5683 1
5683 1
5683 1
5683 1
5729 1
5729 1
5729 1
5729 1
5729 1
5729 1
5729 1
5729 1
5729 1
5729 1
5729 1
5729 1
5729 1
5729 1
5729 1
5729 1
5729 1
5729 1
5729 1
5729 1
5729 1
5729 1
5729 1
5729 1
5729 1
5729 1
5729 1
5729 1
5729 1
5729 1
5729 1
5729 1
5729 1
5729 1
5729 1
5729 1
5729 1
5478 1
5478 1
5478 1
5478 1
5478 1
5478 1
5478 1
5478 1
5478 1
5478 1
5478 1
5478 1
5478 1
5478 1
5478 1
5478 1
5478 1
5478 1
5478 1
5478 1
5478 1
5478 1
5478 1
5478 1
5478 1
5478 1
5478 1
5478 1
5478 1
5478 1
5478 1
5478 1
5478 1
5478 1
5478 1
5478 1
5478 1
5515 1
5515 1
5515 1
5515 1
5515 1
5515 1
5515 1
5515 1
5515 1
5515 1
5515 1
5515 1
5515 1
5515 1
5515 1
5515 1
5515 1
5515 1
5515 1
5515 1
5515 1
5515 1
5515 1
5515 1
5515 1
5515 1
5515 1
5515 1
5515 1
5515 1
5515 1
5515 1
5515 1
5515 1
5515 1
5515 1
5515 1
5552 1
5552 1
5552 1
5552 1
5552 1
5552 1
5552 1
5552 1
5552 1
5552 1
5552 1
5552 1
5552 1
5552 1
5552 1
5552 1
5552 1
5552 1
5552 1
5552 1
5552 1
5552 1
5552 1
5552 1
5552 1
5552 1
5552 1
5552 1
5552 1
5552 1
5552 1
5552 1
5552 1
5552 1
5552 1
5552 1
5552 1
5595 1
5595 1
5595 1
5595 1
5595 1
5595 1
5595 1
5595 1
5595 1
5595 1
5595 1
5595 1
5595 1
5595 1
5595 1
5595 1
5595 1
5595 1
5595 1
5595 1
5595 1
5595 1
5595 1
5595 1
5595 1
5595 1
5595 1
5595 1
5595 1
5595 1
5595 1
5595 1
5595 1
5595 1
5595 1
5595 1
5595 1
5639 1
5639 1
5639 1
5639 1
5639 1
5639 1
5639 1
5639 1
5639 1
5639 1
5639 1
5639 1
5639 1
5639 1
5639 1
5639 1
5639 1
5639 1
5639 1
5639 1
5639 1
5639 1
5639 1
5639 1
5639 1
5639 1
5639 1
5639 1
5639 1
5639 1
5639 1
5639 1
5639 1
5639 1
5639 1
5639 1
5639 1
5684 1
5684 1
5684 1
5684 1
5684 1
5684 1
5684 1
5684 1
5684 1
5684 1
5684 1
5684 1
5684 1
5684 1
5684 1
5684 1
5684 1
5684 1
5684 1
5684 1
5684 1
5684 1
5684 1
5684 1
5684 1
5684 1
5684 1
5684 1
5684 1
5684 1
5684 1
5684 1
5684 1
5684 1
5684 1
5684 1
5684 1
5730 1
5730 1
5730 1
5730 1
5730 1
5730 1
5730 1
5730 1
5730 1
5730 1
5730 1
5730 1
5730 1
5730 1
5730 1
5730 1
5730 1
5730 1
5730 1
5730 1
5730 1
5730 1
5730 1
5730 1
5730 1
5730 1
5730 1
5730 1
5730 1
5730 1
5730 1
5730 1
5730 1
5730 1
5730 1
5730 1
5730 1
3309 1
3309 1
3309 1
3309 1
3309 1
3309 1
3309 1
3309 1
3309 1
3309 1
3309 1
3309 1
3309 1
3309 1
3309 1
3309 1
3309 1
3309 1
3309 1
3309 1
3309 1
3309 1
3309 1
3309 1
3309 1
3309 1
3309 1
3309 1
3309 1
3309 1
3309 1
3309 1
3309 1
3309 1
3309 1
3309 1
3309 1
5479 1
5479 1
5479 1
5479 1
5479 1
5479 1
5479 1
5479 1
5479 1
5479 1
5479 1
5479 1
5479 1
5479 1
5479 1
5479 1
5479 1
5479 1
5479 1
5479 1
5479 1
5479 1
5479 1
5479 1
5479 1
5479 1
5479 1
5479 1
5479 1
5479 1
5479 1
5479 1
5479 1
5479 1
5479 1
5479 1
5479 1
5516 1
5516 1
5516 1
5516 1
5516 1
5516 1
5516 1
5516 1
5516 1
5516 1
5516 1
5516 1
5516 1
5516 1
5516 1
5516 1
5516 1
5516 1
5516 1
5516 1
5516 1
5516 1
5516 1
5516 1
5516 1
5516 1
5516 1
5516 1
5516 1
5516 1
5516 1
5516 1
5516 1
5516 1
5516 1
5516 1
5516 1
5553 1
5553 1
5553 1
5553 1
5553 1
5553 1
5553 1
5553 1
5553 1
5553 1
5553 1
5553 1
5553 1
5553 1
5553 1
5553 1
5553 1
5553 1
5553 1
5553 1
5553 1
5553 1
5553 1
5553 1
5553 1
5553 1
5553 1
5553 1
5553 1
5553 1
5553 1
5553 1
5553 1
5553 1
5553 1
5553 1
5553 1
5596 1
5596 1
5596 1
5596 1
5596 1
5596 1
5596 1
5596 1
5596 1
5596 1
5596 1
5596 1
5596 1
5596 1
5596 1
5596 1
5596 1
5596 1
5596 1
5596 1
5596 1
5596 1
5596 1
5596 1
5596 1
5596 1
5596 1
5596 1
5596 1
5596 1
5596 1
5596 1
5596 1
5596 1
5596 1
5596 1
5596 1
5640 1
5640 1
5640 1
5640 1
5640 1
5640 1
5640 1
5640 1
5640 1
5640 1
5640 1
5640 1
5640 1
5640 1
5640 1
5640 1
5640 1
5640 1
5640 1
5640 1
5640 1
5640 1
5640 1
5640 1
5640 1
5640 1
5640 1
5640 1
5640 1
5640 1
5640 1
5640 1
5640 1
5640 1
5640 1
5640 1
5640 1
5685 1
5685 1
5685 1
5685 1
5685 1
5685 1
5685 1
5685 1
5685 1
5685 1
5685 1
5685 1
5685 1
5685 1
5685 1
5685 1
5685 1
5685 1
5685 1
5685 1
5685 1
5685 1
5685 1
5685 1
5685 1
5685 1
5685 1
5685 1
5685 1
5685 1
5685 1
5685 1
5685 1
5685 1
5685 1
5685 1
5685 1
5731 1
5731 1
5731 1
5731 1
5731 1
5731 1
5731 1
5731 1
5731 1
5731 1
5731 1
5731 1
5731 1
5731 1
5731 1
5731 1
5731 1
5731 1
5731 1
5731 1
5731 1
5731 1
5731 1
5731 1
5731 1
5731 1
5731 1
5731 1
5731 1
5731 1
5731 1
5731 1
5731 1
5731 1
5731 1
5731 1
5731 1
32220 1
32220 1
32220 1
32220 1
32220 1
32220 1
32220 1
32220 1
32220 1
32220 1
32220 1
32220 1
32220 1
32220 1
32220 1
32220 1
32220 1
32220 1
32220 1
32220 1
32220 1
32220 1
32220 1
32220 1
32220 1
32220 1
32220 1
32220 1
32220 1
32220 1
32220 1
32220 1
32220 1
32220 1
32220 1
32220 1
32220 1
32330 1
32330 1
32330 1
32330 1
32330 1
32330 1
32330 1
32330 1
32330 1
32330 1
32330 1
32330 1
32330 1
32330 1
32330 1
32330 1
32330 1
32330 1
32330 1
32330 1
32330 1
32330 1
32330 1
32330 1
32330 1
32330 1
32330 1
32330 1
32330 1
32330 1
32330 1
32330 1
32330 1
32330 1
32330 1
32330 1
32330 1
32440 1
32440 1
32440 1
32440 1
32440 1
32440 1
32440 1
32440 1
32440 1
32440 1
32440 1
32440 1
32440 1
32440 1
32440 1
32440 1
32440 1
32440 1
32440 1
32440 1
32440 1
32440 1
32440 1
32440 1
32440 1
32440 1
32440 1
32440 1
32440 1
32440 1
32440 1
32440 1
32440 1
32440 1
32440 1
32440 1
32440 1
3382 1
3382 1
3382 1
3382 1
3382 1
3382 1
3382 1
3382 1
3382 1
3382 1
3382 1
3382 1
3382 1
3382 1
3382 1
3382 1
3382 1
3382 1
3382 1
3382 1
3382 1
3382 1
3382 1
3382 1
3382 1
3382 1
3382 1
3382 1
3382 1
3382 1
3382 1
3382 1
3382 1
3382 1
3382 1
3382 1
3382 1
5937 1
5937 1
5937 1
5937 1
5937 1
5937 1
5937 1
5937 1
5937 1
5937 1
5937 1
5937 1
5937 1
5937 1
5937 1
5937 1
5937 1
5937 1
5937 1
5937 1
5937 1
5937 1
5937 1
5937 1
5937 1
5937 1
5937 1
5937 1
5937 1
5937 1
5937 1
5937 1
5937 1
5937 1
5937 1
5937 1
5937 1
5974 1
5974 1
5974 1
5974 1
5974 1
5974 1
5974 1
5974 1
5974 1
5974 1
5974 1
5974 1
5974 1
5974 1
5974 1
5974 1
5974 1
5974 1
5974 1
5974 1
5974 1
5974 1
5974 1
5974 1
5974 1
5974 1
5974 1
5974 1
5974 1
5974 1
5974 1
5974 1
5974 1
5974 1
5974 1
5974 1
5974 1
31573 1
31573 1
31573 1
31573 1
31573 1
31573 1
31573 1
31573 1
31573 1
31573 1
31573 1
31573 1
31573 1
31573 1
31573 1
31573 1
31573 1
31573 1
31573 1
31573 1
31573 1
31573 1
31573 1
31573 1
31573 1
31573 1
31573 1
31573 1
31573 1
31573 1
31573 1
31573 1
31573 1
31573 1
31573 1
31573 1
31573 1
30902 1
30902 1
30902 1
30902 1
30902 1
30902 1
30902 1
30902 1
30902 1
30902 1
30902 1
30902 1
30902 1
30902 1
30902 1
30902 1
30902 1
30902 1
30902 1
30902 1
30902 1
30902 1
30902 1
30902 1
30902 1
30902 1
30902 1
30902 1
30902 1
30902 1
30902 1
30902 1
30902 1
30902 1
30902 1
30902 1
30902 1
31089 1
31089 1
31089 1
31089 1
31089 1
31089 1
31089 1
31089 1
31089 1
31089 1
31089 1
31089 1
31089 1
31089 1
31089 1
31089 1
31089 1
31089 1
31089 1
31089 1
31089 1
31089 1
31089 1
31089 1
31089 1
31089 1
31089 1
31089 1
31089 1
31089 1
31089 1
31089 1
31089 1
31089 1
31089 1
31089 1
31089 1
31184 1
31184 1
31184 1
31184 1
31184 1
31184 1
31184 1
31184 1
31184 1
31184 1
31184 1
31184 1
31184 1
31184 1
31184 1
31184 1
31184 1
31184 1
31184 1
31184 1
31184 1
31184 1
31184 1
31184 1
31184 1
31184 1
31184 1
31184 1
31184 1
31184 1
31184 1
31184 1
31184 1
31184 1
31184 1
31184 1
31184 1
37428 1
37428 1
37428 1
37428 1
37428 1
37428 1
37428 1
37428 1
37428 1
37428 1
37428 1
37428 1
37428 1
37428 1
37428 1
37428 1
37428 1
37428 1
37428 1
37428 1
37428 1
37428 1
37428 1
37428 1
37428 1
37428 1
37428 1
37428 1
37428 1
37428 1
37428 1
37428 1
37428 1
37428 1
37428 1
37428 1
37428 1
5242 1
5242 1
5242 1
5242 1
5242 1
5242 1
5242 1
5242 1
5242 1
5242 1
5242 1
5242 1
5242 1
5242 1
5242 1
5242 1
5242 1
5242 1
5242 1
5242 1
5242 1
5242 1
5242 1
5242 1
5242 1
5242 1
5242 1
5242 1
5242 1
5242 1
5242 1
5242 1
5242 1
5242 1
5242 1
5242 1
5242 1
13066 1
13066 1
13066 1
13066 1
13066 1
13066 1
13066 1
13066 1
13066 1
13066 1
13066 1
13066 1
13066 1
13066 1
13066 1
13066 1
13066 1
13066 1
13066 1
13066 1
13066 1
13066 1
13066 1
13066 1
13066 1
13066 1
13066 1
13066 1
13066 1
13066 1
13066 1
13066 1
13066 1
13066 1
13066 1
13066 1
13066 1
13238 1
13238 1
13238 1
13238 1
13238 1
13238 1
13238 1
13238 1
13238 1
13238 1
13238 1
13238 1
13238 1
13238 1
13238 1
13238 1
13238 1
13238 1
13238 1
13238 1
13238 1
13238 1
13238 1
13238 1
13238 1
13238 1
13238 1
13238 1
13238 1
13238 1
13238 1
13238 1
13238 1
13238 1
13238 1
13238 1
13238 1
13589 1
13589 1
13589 1
13589 1
13589 1
13589 1
13589 1
13589 1
13589 1
13589 1
13589 1
13589 1
13589 1
13589 1
13589 1
13589 1
13589 1
13589 1
13589 1
13589 1
13589 1
13589 1
13589 1
13589 1
13589 1
13589 1
13589 1
13589 1
13589 1
13589 1
13589 1
13589 1
13589 1
13589 1
13589 1
13589 1
13589 1
12554 1
12554 1
12554 1
12554 1
12554 1
12554 1
12554 1
12554 1
12554 1
12554 1
12554 1
12554 1
12554 1
12554 1
12554 1
12554 1
12554 1
12554 1
12554 1
12554 1
12554 1
12554 1
12554 1
12554 1
12554 1
12554 1
12554 1
12554 1
12554 1
12554 1
12554 1
12554 1
12554 1
12554 1
12554 1
12554 1
12554 1
12723 1
12723 1
12723 1
12723 1
12723 1
12723 1
12723 1
12723 1
12723 1
12723 1
12723 1
12723 1
12723 1
12723 1
12723 1
12723 1
12723 1
12723 1
12723 1
12723 1
12723 1
12723 1
12723 1
12723 1
12723 1
12723 1
12723 1
12723 1
12723 1
12723 1
12723 1
12723 1
12723 1
12723 1
12723 1
12723 1
12723 1
12895 1
12895 1
12895 1
12895 1
12895 1
12895 1
12895 1
12895 1
12895 1
12895 1
12895 1
12895 1
12895 1
12895 1
12895 1
12895 1
12895 1
12895 1
12895 1
12895 1
12895 1
12895 1
12895 1
12895 1
12895 1
12895 1
12895 1
12895 1
12895 1
12895 1
12895 1
12895 1
12895 1
12895 1
12895 1
12895 1
12895 1
13067 1
13067 1
13067 1
13067 1
13067 1
13067 1
13067 1
13067 1
13067 1
13067 1
13067 1
13067 1
13067 1
13067 1
13067 1
13067 1
13067 1
13067 1
13067 1
13067 1
13067 1
13067 1
13067 1
13067 1
13067 1
13067 1
13067 1
13067 1
13067 1
13067 1
13067 1
13067 1
13067 1
13067 1
13067 1
13067 1
13067 1
13239 1
13239 1
13239 1
13239 1
13239 1
13239 1
13239 1
13239 1
13239 1
13239 1
13239 1
13239 1
13239 1
13239 1
13239 1
13239 1
13239 1
13239 1
13239 1
13239 1
13239 1
13239 1
13239 1
13239 1
13239 1
13239 1
13239 1
13239 1
13239 1
13239 1
13239 1
13239 1
13239 1
13239 1
13239 1
13239 1
13239 1
13414 1
13414 1
13414 1
13414 1
13414 1
13414 1
13414 1
13414 1
13414 1
13414 1
13414 1
13414 1
13414 1
13414 1
13414 1
13414 1
13414 1
13414 1
13414 1
13414 1
13414 1
13414 1
13414 1
13414 1
13414 1
13414 1
13414 1
13414 1
13414 1
13414 1
13414 1
13414 1
13414 1
13414 1
13414 1
13414 1
13414 1
13590 1
13590 1
13590 1
13590 1
13590 1
13590 1
13590 1
13590 1
13590 1
13590 1
13590 1
13590 1
13590 1
13590 1
13590 1
13590 1
13590 1
13590 1
13590 1
13590 1
13590 1
13590 1
13590 1
13590 1
13590 1
13590 1
13590 1
13590 1
13590 1
13590 1
13590 1
13590 1
13590 1
13590 1
13590 1
13590 1
13590 1
13769 1
13769 1
13769 1
13769 1
13769 1
13769 1
13769 1
13769 1
13769 1
13769 1
13769 1
13769 1
13769 1
13769 1
13769 1
13769 1
13769 1
13769 1
13769 1
13769 1
13769 1
13769 1
13769 1
13769 1
13769 1
13769 1
13769 1
13769 1
13769 1
13769 1
13769 1
13769 1
13769 1
13769 1
13769 1
13769 1
13769 1
13952 1
13952 1
13952 1
13952 1
13952 1
13952 1
13952 1
13952 1
13952 1
13952 1
13952 1
13952 1
13952 1
13952 1
13952 1
13952 1
13952 1
13952 1
13952 1
13952 1
13952 1
13952 1
13952 1
13952 1
13952 1
13952 1
13952 1
13952 1
13952 1
13952 1
13952 1
13952 1
13952 1
13952 1
13952 1
13952 1
13952 1
14135 1
14135 1
14135 1
14135 1
14135 1
14135 1
14135 1
14135 1
14135 1
14135 1
14135 1
14135 1
14135 1
14135 1
14135 1
14135 1
14135 1
14135 1
14135 1
14135 1
14135 1
14135 1
14135 1
14135 1
14135 1
14135 1
14135 1
14135 1
14135 1
14135 1
14135 1
14135 1
14135 1
14135 1
14135 1
14135 1
14135 1
5244 1
5244 1
5244 1
5244 1
5244 1
5244 1
5244 1
5244 1
5244 1
5244 1
5244 1
5244 1
5244 1
5244 1
5244 1
5244 1
5244 1
5244 1
5244 1
5244 1
5244 1
5244 1
5244 1
5244 1
5244 1
5244 1
5244 1
5244 1
5244 1
5244 1
5244 1
5244 1
5244 1
5244 1
5244 1
5244 1
5244 1
6287 1
6287 1
6287 1
6287 1
6287 1
6287 1
6287 1
6287 1
6287 1
6287 1
6287 1
6287 1
6287 1
6287 1
6287 1
6287 1
6287 1
6287 1
6287 1
6287 1
6287 1
6287 1
6287 1
6287 1
6287 1
6287 1
6287 1
6287 1
6287 1
6287 1
6287 1
6287 1
6287 1
6287 1
6287 1
6287 1
6287 1
12724 1
12724 1
12724 1
12724 1
12724 1
12724 1
12724 1
12724 1
12724 1
12724 1
12724 1
12724 1
12724 1
12724 1
12724 1
12724 1
12724 1
12724 1
12724 1
12724 1
12724 1
12724 1
12724 1
12724 1
12724 1
12724 1
12724 1
12724 1
12724 1
12724 1
12724 1
12724 1
12724 1
12724 1
12724 1
12724 1
12724 1
12392 1
12392 1
12392 1
12392 1
12392 1
12392 1
12392 1
12392 1
12392 1
12392 1
12392 1
12392 1
12392 1
12392 1
12392 1
12392 1
12392 1
12392 1
12392 1
12392 1
12392 1
12392 1
12392 1
12392 1
12392 1
12392 1
12392 1
12392 1
12392 1
12392 1
12392 1
12392 1
12392 1
12392 1
12392 1
12392 1
12392 1
31281 1
31281 1
31281 1
31281 1
31281 1
31281 1
31281 1
31281 1
31281 1
31281 1
31281 1
31281 1
31281 1
31281 1
31281 1
31281 1
31281 1
31281 1
31281 1
31281 1
31281 1
31281 1
31281 1
31281 1
31281 1
31281 1
31281 1
31281 1
31281 1
31281 1
31281 1
31281 1
31281 1
31281 1
31281 1
31281 1
31281 1
31377 1
31377 1
31377 1
31377 1
31377 1
31377 1
31377 1
31377 1
31377 1
31377 1
31377 1
31377 1
31377 1
31377 1
31377 1
31377 1
31377 1
31377 1
31377 1
31377 1
31377 1
31377 1
31377 1
31377 1
31377 1
31377 1
31377 1
31377 1
31377 1
31377 1
31377 1
31377 1
31377 1
31377 1
31377 1
31377 1
31377 1
31475 1
31475 1
31475 1
31475 1
31475 1
31475 1
31475 1
31475 1
31475 1
31475 1
31475 1
31475 1
31475 1
31475 1
31475 1
31475 1
31475 1
31475 1
31475 1
31475 1
31475 1
31475 1
31475 1
31475 1
31475 1
31475 1
31475 1
31475 1
31475 1
31475 1
31475 1
31475 1
31475 1
31475 1
31475 1
31475 1
31475 1
13772 1
13772 1
13772 1
13772 1
13772 1
13772 1
13772 1
13772 1
13772 1
13772 1
13772 1
13772 1
13772 1
13772 1
13772 1
13772 1
13772 1
13772 1
13772 1
13772 1
13772 1
13772 1
13772 1
13772 1
13772 1
13772 1
13772 1
13772 1
13772 1
13772 1
13772 1
13772 1
13772 1
13772 1
13772 1
13772 1
13772 1
31187 1
31187 1
31187 1
31187 1
31187 1
31187 1
31187 1
31187 1
31187 1
31187 1
31187 1
31187 1
31187 1
31187 1
31187 1
31187 1
31187 1
31187 1
31187 1
31187 1
31187 1
31187 1
31187 1
31187 1
31187 1
31187 1
31187 1
31187 1
31187 1
31187 1
31187 1
31187 1
31187 1
31187 1
31187 1
31187 1
31187 1
31282 1
31282 1
31282 1
31282 1
31282 1
31282 1
31282 1
31282 1
31282 1
31282 1
31282 1
31282 1
31282 1
31282 1
31282 1
31282 1
31282 1
31282 1
31282 1
31282 1
31282 1
31282 1
31282 1
31282 1
31282 1
31282 1
31282 1
31282 1
31282 1
31282 1
31282 1
31282 1
31282 1
31282 1
31282 1
31282 1
31282 1
31680 1
31680 1
31680 1
31680 1
31680 1
31680 1
31680 1
31680 1
31680 1
31680 1
31680 1
31680 1
31680 1
31680 1
31680 1
31680 1
31680 1
31680 1
31680 1
31680 1
31680 1
31680 1
31680 1
31680 1
31680 1
31680 1
31680 1
31680 1
31680 1
31680 1
31680 1
31680 1
31680 1
31680 1
31680 1
31680 1
31680 1
12232 1
12232 1
12232 1
12232 1
12232 1
12232 1
12232 1
12232 1
12232 1
12232 1
12232 1
12232 1
12232 1
12232 1
12232 1
12232 1
12232 1
12232 1
12232 1
12232 1
12232 1
12232 1
12232 1
12232 1
12232 1
12232 1
12232 1
12232 1
12232 1
12232 1
12232 1
12232 1
12232 1
12232 1
12232 1
12232 1
12232 1
11925 1
11925 1
11925 1
11925 1
11925 1
11925 1
11925 1
11925 1
11925 1
11925 1
11925 1
11925 1
11925 1
11925 1
11925 1
11925 1
11925 1
11925 1
11925 1
11925 1
11925 1
11925 1
11925 1
11925 1
11925 1
11925 1
11925 1
11925 1
11925 1
11925 1
11925 1
11925 1
11925 1
11925 1
11925 1
11925 1
11925 1
12078 1
12078 1
12078 1
12078 1
12078 1
12078 1
12078 1
12078 1
12078 1
12078 1
12078 1
12078 1
12078 1
12078 1
12078 1
12078 1
12078 1
12078 1
12078 1
12078 1
12078 1
12078 1
12078 1
12078 1
12078 1
12078 1
12078 1
12078 1
12078 1
12078 1
12078 1
12078 1
12078 1
12078 1
12078 1
12078 1
12078 1
31188 1
31188 1
31188 1
31188 1
31188 1
31188 1
31188 1
31188 1
31188 1
31188 1
31188 1
31188 1
31188 1
31188 1
31188 1
31188 1
31188 1
31188 1
31188 1
31188 1
31188 1
31188 1
31188 1
31188 1
31188 1
31188 1
31188 1
31188 1
31188 1
31188 1
31188 1
31188 1
31188 1
31188 1
31188 1
31188 1
31188 1
36477 1
36477 1
36477 1
36477 1
36477 1
36477 1
36477 1
36477 1
36477 1
36477 1
36477 1
36477 1
36477 1
36477 1
36477 1
36477 1
36477 1
36477 1
36477 1
36477 1
36477 1
36477 1
36477 1
36477 1
36477 1
36477 1
36477 1
36477 1
36477 1
36477 1
36477 1
36477 1
36477 1
36477 1
36477 1
36477 1
36477 1
5912 1
5912 1
5912 1
5912 1
5912 1
5912 1
5912 1
5912 1
5912 1
5912 1
5912 1
5912 1
5912 1
5912 1
5912 1
5912 1
5912 1
5912 1
5912 1
5912 1
5912 1
5912 1
5912 1
5912 1
5912 1
5912 1
5912 1
5912 1
5912 1
5912 1
5912 1
5912 1
5912 1
5912 1
5912 1
5912 1
5912 1
31479 1
31479 1
31479 1
31479 1
31479 1
31479 1
31479 1
31479 1
31479 1
31479 1
31479 1
31479 1
31479 1
31479 1
31479 1
31479 1
31479 1
31479 1
31479 1
31479 1
31479 1
31479 1
31479 1
31479 1
31479 1
31479 1
31479 1
31479 1
31479 1
31479 1
31479 1
31479 1
31479 1
31479 1
31479 1
31479 1
31479 1
5178 1
5178 1
5178 1
5178 1
5178 1
5178 1
5178 1
5178 1
5178 1
5178 1
5178 1
5178 1
5178 1
5178 1
5178 1
5178 1
5178 1
5178 1
5178 1
5178 1
5178 1
5178 1
5178 1
5178 1
5178 1
5178 1
5178 1
5178 1
5178 1
5178 1
5178 1
5178 1
5178 1
5178 1
5178 1
5178 1
5178 1
31480 1
31480 1
31480 1
31480 1
31480 1
31480 1
31480 1
31480 1
31480 1
31480 1
31480 1
31480 1
31480 1
31480 1
31480 1
31480 1
31480 1
31480 1
31480 1
31480 1
31480 1
31480 1
31480 1
31480 1
31480 1
31480 1
31480 1
31480 1
31480 1
31480 1
31480 1
31480 1
31480 1
31480 1
31480 1
31480 1
31480 1
4906 1
4906 1
4906 1
4906 1
4906 1
4906 1
4906 1
4906 1
4906 1
4906 1
4906 1
4906 1
4906 1
4906 1
4906 1
4906 1
4906 1
4906 1
4906 1
4906 1
4906 1
4906 1
4906 1
4906 1
4906 1
4906 1
4906 1
4906 1
4906 1
4906 1
4906 1
4906 1
4906 1
4906 1
4906 1
4906 1
4906 1
31481 1
31481 1
31481 1
31481 1
31481 1
31481 1
31481 1
31481 1
31481 1
31481 1
31481 1
31481 1
31481 1
31481 1
31481 1
31481 1
31481 1
31481 1
31481 1
31481 1
31481 1
31481 1
31481 1
31481 1
31481 1
31481 1
31481 1
31481 1
31481 1
31481 1
31481 1
31481 1
31481 1
31481 1
31481 1
31481 1
31481 1
33848 1
33848 1
33848 1
33848 1
33848 1
33848 1
33848 1
33848 1
33848 1
33848 1
33848 1
33848 1
33848 1
33848 1
33848 1
33848 1
33848 1
33848 1
33848 1
33848 1
33848 1
33848 1
33848 1
33848 1
33848 1
33848 1
33848 1
33848 1
33848 1
33848 1
33848 1
33848 1
33848 1
33848 1
33848 1
33848 1
33848 1
36368 1
36368 1
36368 1
36368 1
36368 1
36368 1
36368 1
36368 1
36368 1
36368 1
36368 1
36368 1
36368 1
36368 1
36368 1
36368 1
36368 1
36368 1
36368 1
36368 1
36368 1
36368 1
36368 1
36368 1
36368 1
36368 1
36368 1
36368 1
36368 1
36368 1
36368 1
36368 1
36368 1
36368 1
36368 1
36368 1
36368 1
31098 1
31098 1
31098 1
31098 1
31098 1
31098 1
31098 1
31098 1
31098 1
31098 1
31098 1
31098 1
31098 1
31098 1
31098 1
31098 1
31098 1
31098 1
31098 1
31098 1
31098 1
31098 1
31098 1
31098 1
31098 1
31098 1
31098 1
31098 1
31098 1
31098 1
31098 1
31098 1
31098 1
31098 1
31098 1
31098 1
31098 1
31193 1
31193 1
31193 1
31193 1
31193 1
31193 1
31193 1
31193 1
31193 1
31193 1
31193 1
31193 1
31193 1
31193 1
31193 1
31193 1
31193 1
31193 1
31193 1
31193 1
31193 1
31193 1
31193 1
31193 1
31193 1
31193 1
31193 1
31193 1
31193 1
31193 1
31193 1
31193 1
31193 1
31193 1
31193 1
31193 1
31193 1
31482 1
31482 1
31482 1
31482 1
31482 1
31482 1
31482 1
31482 1
31482 1
31482 1
31482 1
31482 1
31482 1
31482 1
31482 1
31482 1
31482 1
31482 1
31482 1
31482 1
31482 1
31482 1
31482 1
31482 1
31482 1
31482 1
31482 1
31482 1
31482 1
31482 1
31482 1
31482 1
31482 1
31482 1
31482 1
31482 1
31482 1
31583 1
31583 1
31583 1
31583 1
31583 1
31583 1
31583 1
31583 1
31583 1
31583 1
31583 1
31583 1
31583 1
31583 1
31583 1
31583 1
31583 1
31583 1
31583 1
31583 1
31583 1
31583 1
31583 1
31583 1
31583 1
31583 1
31583 1
31583 1
31583 1
31583 1
31583 1
31583 1
31583 1
31583 1
31583 1
31583 1
31583 1
33849 1
33849 1
33849 1
33849 1
33849 1
33849 1
33849 1
33849 1
33849 1
33849 1
33849 1
33849 1
33849 1
33849 1
33849 1
33849 1
33849 1
33849 1
33849 1
33849 1
33849 1
33849 1
33849 1
33849 1
33849 1
33849 1
33849 1
33849 1
33849 1
33849 1
33849 1
33849 1
33849 1
33849 1
33849 1
33849 1
33849 1
33954 1
33954 1
33954 1
33954 1
33954 1
33954 1
33954 1
33954 1
33954 1
33954 1
33954 1
33954 1
33954 1
33954 1
33954 1
33954 1
33954 1
33954 1
33954 1
33954 1
33954 1
33954 1
33954 1
33954 1
33954 1
33954 1
33954 1
33954 1
33954 1
33954 1
33954 1
33954 1
33954 1
33954 1
33954 1
33954 1
33954 1
36291 1
36291 1
36291 1
36291 1
36291 1
36291 1
36291 1
36291 1
36291 1
36291 1
36291 1
36291 1
36291 1
36291 1
36291 1
36291 1
36291 1
36291 1
36291 1
36291 1
36291 1
36291 1
36291 1
36291 1
36291 1
36291 1
36291 1
36291 1
36291 1
36291 1
36291 1
36291 1
36291 1
36291 1
36291 1
36291 1
36291 1
36331 1
36331 1
36331 1
36331 1
36331 1
36331 1
36331 1
36331 1
36331 1
36331 1
36331 1
36331 1
36331 1
36331 1
36331 1
36331 1
36331 1
36331 1
36331 1
36331 1
36331 1
36331 1
36331 1
36331 1
36331 1
36331 1
36331 1
36331 1
36331 1
36331 1
36331 1
36331 1
36331 1
36331 1
36331 1
36331 1
36331 1
36369 1
36369 1
36369 1
36369 1
36369 1
36369 1
36369 1
36369 1
36369 1
36369 1
36369 1
36369 1
36369 1
36369 1
36369 1
36369 1
36369 1
36369 1
36369 1
36369 1
36369 1
36369 1
36369 1
36369 1
36369 1
36369 1
36369 1
36369 1
36369 1
36369 1
36369 1
36369 1
36369 1
36369 1
36369 1
36369 1
36369 1
31099 1
31099 1
31099 1
31099 1
31099 1
31099 1
31099 1
31099 1
31099 1
31099 1
31099 1
31099 1
31099 1
31099 1
31099 1
31099 1
31099 1
31099 1
31099 1
31099 1
31099 1
31099 1
31099 1
31099 1
31099 1
31099 1
31099 1
31099 1
31099 1
31099 1
31099 1
31099 1
31099 1
31099 1
31099 1
31099 1
31099 1
31194 1
31194 1
31194 1
31194 1
31194 1
31194 1
31194 1
31194 1
31194 1
31194 1
31194 1
31194 1
31194 1
31194 1
31194 1
31194 1
31194 1
31194 1
31194 1
31194 1
31194 1
31194 1
31194 1
31194 1
31194 1
31194 1
31194 1
31194 1
31194 1
31194 1
31194 1
31194 1
31194 1
31194 1
31194 1
31194 1
31194 1
31289 1
31289 1
31289 1
31289 1
31289 1
31289 1
31289 1
31289 1
31289 1
31289 1
31289 1
31289 1
31289 1
31289 1
31289 1
31289 1
31289 1
31289 1
31289 1
31289 1
31289 1
31289 1
31289 1
31289 1
31289 1
31289 1
31289 1
31289 1
31289 1
31289 1
31289 1
31289 1
31289 1
31289 1
31289 1
31289 1
31289 1
31584 1
31584 1
31584 1
31584 1
31584 1
31584 1
31584 1
31584 1
31584 1
31584 1
31584 1
31584 1
31584 1
31584 1
31584 1
31584 1
31584 1
31584 1
31584 1
31584 1
31584 1
31584 1
31584 1
31584 1
31584 1
31584 1
31584 1
31584 1
31584 1
31584 1
31584 1
31584 1
31584 1
31584 1
31584 1
31584 1
31584 1
31687 1
31687 1
31687 1
31687 1
31687 1
31687 1
31687 1
31687 1
31687 1
31687 1
31687 1
31687 1
31687 1
31687 1
31687 1
31687 1
31687 1
31687 1
31687 1
31687 1
31687 1
31687 1
31687 1
31687 1
31687 1
31687 1
31687 1
31687 1
31687 1
31687 1
31687 1
31687 1
31687 1
31687 1
31687 1
31687 1
31687 1
31792 1
31792 1
31792 1
31792 1
31792 1
31792 1
31792 1
31792 1
31792 1
31792 1
31792 1
31792 1
31792 1
31792 1
31792 1
31792 1
31792 1
31792 1
31792 1
31792 1
31792 1
31792 1
31792 1
31792 1
31792 1
31792 1
31792 1
31792 1
31792 1
31792 1
31792 1
31792 1
31792 1
31792 1
31792 1
31792 1
31792 1
36292 1
36292 1
36292 1
36292 1
36292 1
36292 1
36292 1
36292 1
36292 1
36292 1
36292 1
36292 1
36292 1
36292 1
36292 1
36292 1
36292 1
36292 1
36292 1
36292 1
36292 1
36292 1
36292 1
36292 1
36292 1
36292 1
36292 1
36292 1
36292 1
36292 1
36292 1
36292 1
36292 1
36292 1
36292 1
36292 1
36292 1
31100 1
31100 1
31100 1
31100 1
31100 1
31100 1
31100 1
31100 1
31100 1
31100 1
31100 1
31100 1
31100 1
31100 1
31100 1
31100 1
31100 1
31100 1
31100 1
31100 1
31100 1
31100 1
31100 1
31100 1
31100 1
31100 1
31100 1
31100 1
31100 1
31100 1
31100 1
31100 1
31100 1
31100 1
31100 1
31100 1
31100 1
31688 1
31688 1
31688 1
31688 1
31688 1
31688 1
31688 1
31688 1
31688 1
31688 1
31688 1
31688 1
31688 1
31688 1
31688 1
31688 1
31688 1
31688 1
31688 1
31688 1
31688 1
31688 1
31688 1
31688 1
31688 1
31688 1
31688 1
31688 1
31688 1
31688 1
31688 1
31688 1
31688 1
31688 1
31688 1
31688 1
31688 1
32453 1
32453 1
32453 1
32453 1
32453 1
32453 1
32453 1
32453 1
32453 1
32453 1
32453 1
32453 1
32453 1
32453 1
32453 1
32453 1
32453 1
32453 1
32453 1
32453 1
32453 1
32453 1
32453 1
32453 1
32453 1
32453 1
32453 1
32453 1
32453 1
32453 1
32453 1
32453 1
32453 1
32453 1
32453 1
32453 1
32453 1
29805 1
29805 1
29805 1
29805 1
29805 1
29805 1
29805 1
29805 1
29805 1
29805 1
29805 1
29805 1
29805 1
29805 1
29805 1
29805 1
29805 1
29805 1
29805 1
29805 1
29805 1
29805 1
29805 1
29805 1
29805 1
29805 1
29805 1
29805 1
29805 1
29805 1
29805 1
29805 1
29805 1
29805 1
29805 1
29805 1
29805 1
31196 1
31196 1
31196 1
31196 1
31196 1
31196 1
31196 1
31196 1
31196 1
31196 1
31196 1
31196 1
31196 1
31196 1
31196 1
31196 1
31196 1
31196 1
31196 1
31196 1
31196 1
31196 1
31196 1
31196 1
31196 1
31196 1
31196 1
31196 1
31196 1
31196 1
31196 1
31196 1
31196 1
31196 1
31196 1
31196 1
31196 1
31291 1
31291 1
31291 1
31291 1
31291 1
31291 1
31291 1
31291 1
31291 1
31291 1
31291 1
31291 1
31291 1
31291 1
31291 1
31291 1
31291 1
31291 1
31291 1
31291 1
31291 1
31291 1
31291 1
31291 1
31291 1
31291 1
31291 1
31291 1
31291 1
31291 1
31291 1
31291 1
31291 1
31291 1
31291 1
31291 1
31291 1
31689 1
31689 1
31689 1
31689 1
31689 1
31689 1
31689 1
31689 1
31689 1
31689 1
31689 1
31689 1
31689 1
31689 1
31689 1
31689 1
31689 1
31689 1
31689 1
31689 1
31689 1
31689 1
31689 1
31689 1
31689 1
31689 1
31689 1
31689 1
31689 1
31689 1
31689 1
31689 1
31689 1
31689 1
31689 1
31689 1
31689 1
36485 1
36485 1
36485 1
36485 1
36485 1
36485 1
36485 1
36485 1
36485 1
36485 1
36485 1
36485 1
36485 1
36485 1
36485 1
36485 1
36485 1
36485 1
36485 1
36485 1
36485 1
36485 1
36485 1
36485 1
36485 1
36485 1
36485 1
36485 1
36485 1
36485 1
36485 1
36485 1
36485 1
36485 1
36485 1
36485 1
36485 1
36523 1
36523 1
36523 1
36523 1
36523 1
36523 1
36523 1
36523 1
36523 1
36523 1
36523 1
36523 1
36523 1
36523 1
36523 1
36523 1
36523 1
36523 1
36523 1
36523 1
36523 1
36523 1
36523 1
36523 1
36523 1
36523 1
36523 1
36523 1
36523 1
36523 1
36523 1
36523 1
36523 1
36523 1
36523 1
36523 1
36523 1
5885 1
5885 1
5885 1
5885 1
5885 1
5885 1
5885 1
5885 1
5885 1
5885 1
5885 1
5885 1
5885 1
5885 1
5885 1
5885 1
5885 1
5885 1
5885 1
5885 1
5885 1
5885 1
5885 1
5885 1
5885 1
5885 1
5885 1
5885 1
5885 1
5885 1
5885 1
5885 1
5885 1
5885 1
5885 1
5885 1
5885 1
5715 1
5715 1
5715 1
5715 1
5715 1
5715 1
5715 1
5715 1
5715 1
5715 1
5715 1
5715 1
5715 1
5715 1
5715 1
5715 1
5715 1
5715 1
5715 1
5715 1
5715 1
5715 1
5715 1
5715 1
5715 1
5715 1
5715 1
5715 1
5715 1
5715 1
5715 1
5715 1
5715 1
5715 1
5715 1
5715 1
5715 1
5804 1
5804 1
5804 1
5804 1
5804 1
5804 1
5804 1
5804 1
5804 1
5804 1
5804 1
5804 1
5804 1
5804 1
5804 1
5804 1
5804 1
5804 1
5804 1
5804 1
5804 1
5804 1
5804 1
5804 1
5804 1
5804 1
5804 1
5804 1
5804 1
5804 1
5804 1
5804 1
5804 1
5804 1
5804 1
5804 1
5804 1
36449 1
36449 1
36449 1
36449 1
36449 1
36449 1
36449 1
36449 1
36449 1
36449 1
36449 1
36449 1
36449 1
36449 1
36449 1
36449 1
36449 1
36449 1
36449 1
36449 1
36449 1
36449 1
36449 1
36449 1
36449 1
36449 1
36449 1
36449 1
36449 1
36449 1
36449 1
36449 1
36449 1
36449 1
36449 1
36449 1
36449 1
5671 1
5671 1
5671 1
5671 1
5671 1
5671 1
5671 1
5671 1
5671 1
5671 1
5671 1
5671 1
5671 1
5671 1
5671 1
5671 1
5671 1
5671 1
5671 1
5671 1
5671 1
5671 1
5671 1
5671 1
5671 1
5671 1
5671 1
5671 1
5671 1
5671 1
5671 1
5671 1
5671 1
5671 1
5671 1
5671 1
5671 1
5716 1
5716 1
5716 1
5716 1
5716 1
5716 1
5716 1
5716 1
5716 1
5716 1
5716 1
5716 1
5716 1
5716 1
5716 1
5716 1
5716 1
5716 1
5716 1
5716 1
5716 1
5716 1
5716 1
5716 1
5716 1
5716 1
5716 1
5716 1
5716 1
5716 1
5716 1
5716 1
5716 1
5716 1
5716 1
5716 1
5716 1
5762 1
5762 1
5762 1
5762 1
5762 1
5762 1
5762 1
5762 1
5762 1
5762 1
5762 1
5762 1
5762 1
5762 1
5762 1
5762 1
5762 1
5762 1
5762 1
5762 1
5762 1
5762 1
5762 1
5762 1
5762 1
5762 1
5762 1
5762 1
5762 1
5762 1
5762 1
5762 1
5762 1
5762 1
5762 1
5762 1
5762 1
5805 1
5805 1
5805 1
5805 1
5805 1
5805 1
5805 1
5805 1
5805 1
5805 1
5805 1
5805 1
5805 1
5805 1
5805 1
5805 1
5805 1
5805 1
5805 1
5805 1
5805 1
5805 1
5805 1
5805 1
5805 1
5805 1
5805 1
5805 1
5805 1
5805 1
5805 1
5805 1
5805 1
5805 1
5805 1
5805 1
5805 1
5962 1
5962 1
5962 1
5962 1
5962 1
5962 1
5962 1
5962 1
5962 1
5962 1
5962 1
5962 1
5962 1
5962 1
5962 1
5962 1
5962 1
5962 1
5962 1
5962 1
5962 1
5962 1
5962 1
5962 1
5962 1
5962 1
5962 1
5962 1
5962 1
5962 1
5962 1
5962 1
5962 1
5962 1
5962 1
5962 1
5962 1
5628 1
5628 1
5628 1
5628 1
5628 1
5628 1
5628 1
5628 1
5628 1
5628 1
5628 1
5628 1
5628 1
5628 1
5628 1
5628 1
5628 1
5628 1
5628 1
5628 1
5628 1
5628 1
5628 1
5628 1
5628 1
5628 1
5628 1
5628 1
5628 1
5628 1
5628 1
5628 1
5628 1
5628 1
5628 1
5628 1
5628 1
5672 1
5672 1
5672 1
5672 1
5672 1
5672 1
5672 1
5672 1
5672 1
5672 1
5672 1
5672 1
5672 1
5672 1
5672 1
5672 1
5672 1
5672 1
5672 1
5672 1
5672 1
5672 1
5672 1
5672 1
5672 1
5672 1
5672 1
5672 1
5672 1
5672 1
5672 1
5672 1
5672 1
5672 1
5672 1
5672 1
5672 1
5925 1
5925 1
5925 1
5925 1
5925 1
5925 1
5925 1
5925 1
5925 1
5925 1
5925 1
5925 1
5925 1
5925 1
5925 1
5925 1
5925 1
5925 1
5925 1
5925 1
5925 1
5925 1
5925 1
5925 1
5925 1
5925 1
5925 1
5925 1
5925 1
5925 1
5925 1
5925 1
5925 1
5925 1
5925 1
5925 1
5925 1
5963 1
5963 1
5963 1
5963 1
5963 1
5963 1
5963 1
5963 1
5963 1
5963 1
5963 1
5963 1
5963 1
5963 1
5963 1
5963 1
5963 1
5963 1
5963 1
5963 1
5963 1
5963 1
5963 1
5963 1
5963 1
5963 1
5963 1
5963 1
5963 1
5963 1
5963 1
5963 1
5963 1
5963 1
5963 1
5963 1
5963 1
6001 1
6001 1
6001 1
6001 1
6001 1
6001 1
6001 1
6001 1
6001 1
6001 1
6001 1
6001 1
6001 1
6001 1
6001 1
6001 1
6001 1
6001 1
6001 1
6001 1
6001 1
6001 1
6001 1
6001 1
6001 1
6001 1
6001 1
6001 1
6001 1
6001 1
6001 1
6001 1
6001 1
6001 1
6001 1
6001 1
6001 1
6039 1
6039 1
6039 1
6039 1
6039 1
6039 1
6039 1
6039 1
6039 1
6039 1
6039 1
6039 1
6039 1
6039 1
6039 1
6039 1
6039 1
6039 1
6039 1
6039 1
6039 1
6039 1
6039 1
6039 1
6039 1
6039 1
6039 1
6039 1
6039 1
6039 1
6039 1
6039 1
6039 1
6039 1
6039 1
6039 1
6039 1
6077 1
6077 1
6077 1
6077 1
6077 1
6077 1
6077 1
6077 1
6077 1
6077 1
6077 1
6077 1
6077 1
6077 1
6077 1
6077 1
6077 1
6077 1
6077 1
6077 1
6077 1
6077 1
6077 1
6077 1
6077 1
6077 1
6077 1
6077 1
6077 1
6077 1
6077 1
6077 1
6077 1
6077 1
6077 1
6077 1
6077 1
6231 1
6231 1
6231 1
6231 1
6231 1
6231 1
6231 1
6231 1
6231 1
6231 1
6231 1
6231 1
6231 1
6231 1
6231 1
6231 1
6231 1
6231 1
6231 1
6231 1
6231 1
6231 1
6231 1
6231 1
6231 1
6231 1
6231 1
6231 1
6231 1
6231 1
6231 1
6231 1
6231 1
6231 1
6231 1
6231 1
6231 1
6312 1
6312 1
6312 1
6312 1
6312 1
6312 1
6312 1
6312 1
6312 1
6312 1
6312 1
6312 1
6312 1
6312 1
6312 1
6312 1
6312 1
6312 1
6312 1
6312 1
6312 1
6312 1
6312 1
6312 1
6312 1
6312 1
6312 1
6312 1
6312 1
6312 1
6312 1
6312 1
6312 1
6312 1
6312 1
6312 1
6312 1
36487 1
36487 1
36487 1
36487 1
36487 1
36487 1
36487 1
36487 1
36487 1
36487 1
36487 1
36487 1
36487 1
36487 1
36487 1
36487 1
36487 1
36487 1
36487 1
36487 1
36487 1
36487 1
36487 1
36487 1
36487 1
36487 1
36487 1
36487 1
36487 1
36487 1
36487 1
36487 1
36487 1
36487 1
36487 1
36487 1
36487 1
36525 1
36525 1
36525 1
36525 1
36525 1
36525 1
36525 1
36525 1
36525 1
36525 1
36525 1
36525 1
36525 1
36525 1
36525 1
36525 1
36525 1
36525 1
36525 1
36525 1
36525 1
36525 1
36525 1
36525 1
36525 1
36525 1
36525 1
36525 1
36525 1
36525 1
36525 1
36525 1
36525 1
36525 1
36525 1
36525 1
36525 1
5889 1
5889 1
5889 1
5889 1
5889 1
5889 1
5889 1
5889 1
5889 1
5889 1
5889 1
5889 1
5889 1
5889 1
5889 1
5889 1
5889 1
5889 1
5889 1
5889 1
5889 1
5889 1
5889 1
5889 1
5889 1
5889 1
5889 1
5889 1
5889 1
5889 1
5889 1
5889 1
5889 1
5889 1
5889 1
5889 1
5889 1
5926 1
5926 1
5926 1
5926 1
5926 1
5926 1
5926 1
5926 1
5926 1
5926 1
5926 1
5926 1
5926 1
5926 1
5926 1
5926 1
5926 1
5926 1
5926 1
5926 1
5926 1
5926 1
5926 1
5926 1
5926 1
5926 1
5926 1
5926 1
5926 1
5926 1
5926 1
5926 1
5926 1
5926 1
5926 1
5926 1
5926 1
6002 1
6002 1
6002 1
6002 1
6002 1
6002 1
6002 1
6002 1
6002 1
6002 1
6002 1
6002 1
6002 1
6002 1
6002 1
6002 1
6002 1
6002 1
6002 1
6002 1
6002 1
6002 1
6002 1
6002 1
6002 1
6002 1
6002 1
6002 1
6002 1
6002 1
6002 1
6002 1
6002 1
6002 1
6002 1
6002 1
6002 1
6313 1
6313 1
6313 1
6313 1
6313 1
6313 1
6313 1
6313 1
6313 1
6313 1
6313 1
6313 1
6313 1
6313 1
6313 1
6313 1
6313 1
6313 1
6313 1
6313 1
6313 1
6313 1
6313 1
6313 1
6313 1
6313 1
6313 1
6313 1
6313 1
6313 1
6313 1
6313 1
6313 1
6313 1
6313 1
6313 1
6313 1
6473 1
6473 1
6473 1
6473 1
6473 1
6473 1
6473 1
6473 1
6473 1
6473 1
6473 1
6473 1
6473 1
6473 1
6473 1
6473 1
6473 1
6473 1
6473 1
6473 1
6473 1
6473 1
6473 1
6473 1
6473 1
6473 1
6473 1
6473 1
6473 1
6473 1
6473 1
6473 1
6473 1
6473 1
6473 1
6473 1
6473 1
6117 1
6117 1
6117 1
6117 1
6117 1
6117 1
6117 1
6117 1
6117 1
6117 1
6117 1
6117 1
6117 1
6117 1
6117 1
6117 1
6117 1
6117 1
6117 1
6117 1
6117 1
6117 1
6117 1
6117 1
6117 1
6117 1
6117 1
6117 1
6117 1
6117 1
6117 1
6117 1
6117 1
6117 1
6117 1
6117 1
6117 1
36337 1
36337 1
36337 1
36337 1
36337 1
36337 1
36337 1
36337 1
36337 1
36337 1
36337 1
36337 1
36337 1
36337 1
36337 1
36337 1
36337 1
36337 1
36337 1
36337 1
36337 1
36337 1
36337 1
36337 1
36337 1
36337 1
36337 1
36337 1
36337 1
36337 1
36337 1
36337 1
36337 1
36337 1
36337 1
36337 1
36337 1
36413 1
36413 1
36413 1
36413 1
36413 1
36413 1
36413 1
36413 1
36413 1
36413 1
36413 1
36413 1
36413 1
36413 1
36413 1
36413 1
36413 1
36413 1
36413 1
36413 1
36413 1
36413 1
36413 1
36413 1
36413 1
36413 1
36413 1
36413 1
36413 1
36413 1
36413 1
36413 1
36413 1
36413 1
36413 1
36413 1
36413 1
6194 1
6194 1
6194 1
6194 1
6194 1
6194 1
6194 1
6194 1
6194 1
6194 1
6194 1
6194 1
6194 1
6194 1
6194 1
6194 1
6194 1
6194 1
6194 1
6194 1
6194 1
6194 1
6194 1
6194 1
6194 1
6194 1
6194 1
6194 1
6194 1
6194 1
6194 1
6194 1
6194 1
6194 1
6194 1
6194 1
6194 1
6316 1
6316 1
6316 1
6316 1
6316 1
6316 1
6316 1
6316 1
6316 1
6316 1
6316 1
6316 1
6316 1
6316 1
6316 1
6316 1
6316 1
6316 1
6316 1
6316 1
6316 1
6316 1
6316 1
6316 1
6316 1
6316 1
6316 1
6316 1
6316 1
6316 1
6316 1
6316 1
6316 1
6316 1
6316 1
6316 1
6316 1
6356 1
6356 1
6356 1
6356 1
6356 1
6356 1
6356 1
6356 1
6356 1
6356 1
6356 1
6356 1
6356 1
6356 1
6356 1
6356 1
6356 1
6356 1
6356 1
6356 1
6356 1
6356 1
6356 1
6356 1
6356 1
6356 1
6356 1
6356 1
6356 1
6356 1
6356 1
6356 1
6356 1
6356 1
6356 1
6356 1
6356 1
6396 1
6396 1
6396 1
6396 1
6396 1
6396 1
6396 1
6396 1
6396 1
6396 1
6396 1
6396 1
6396 1
6396 1
6396 1
6396 1
6396 1
6396 1
6396 1
6396 1
6396 1
6396 1
6396 1
6396 1
6396 1
6396 1
6396 1
6396 1
6396 1
6396 1
6396 1
6396 1
6396 1
6396 1
6396 1
6396 1
6396 1
6397 1
6397 1
6397 1
6397 1
6397 1
6397 1
6397 1
6397 1
6397 1
6397 1
6397 1
6397 1
6397 1
6397 1
6397 1
6397 1
6397 1
6397 1
6397 1
6397 1
6397 1
6397 1
6397 1
6397 1
6397 1
6397 1
6397 1
6397 1
6397 1
6397 1
6397 1
6397 1
6397 1
6397 1
6397 1
6397 1
6397 1
6437 1
6437 1
6437 1
6437 1
6437 1
6437 1
6437 1
6437 1
6437 1
6437 1
6437 1
6437 1
6437 1
6437 1
6437 1
6437 1
6437 1
6437 1
6437 1
6437 1
6437 1
6437 1
6437 1
6437 1
6437 1
6437 1
6437 1
6437 1
6437 1
6437 1
6437 1
6437 1
6437 1
6437 1
6437 1
6437 1
6437 1
6477 1
6477 1
6477 1
6477 1
6477 1
6477 1
6477 1
6477 1
6477 1
6477 1
6477 1
6477 1
6477 1
6477 1
6477 1
6477 1
6477 1
6477 1
6477 1
6477 1
6477 1
6477 1
6477 1
6477 1
6477 1
6477 1
6477 1
6477 1
6477 1
6477 1
6477 1
6477 1
6477 1
6477 1
6477 1
6477 1
6477 1
6518 1
6518 1
6518 1
6518 1
6518 1
6518 1
6518 1
6518 1
6518 1
6518 1
6518 1
6518 1
6518 1
6518 1
6518 1
6518 1
6518 1
6518 1
6518 1
6518 1
6518 1
6518 1
6518 1
6518 1
6518 1
6518 1
6518 1
6518 1
6518 1
6518 1
6518 1
6518 1
6518 1
6518 1
6518 1
6518 1
6518 1
35775 1
35775 1
35775 1
35775 1
35775 1
35775 1
35775 1
35775 1
35775 1
35775 1
35775 1
35775 1
35775 1
35775 1
35775 1
35775 1
35775 1
35775 1
35775 1
35775 1
35775 1
35775 1
35775 1
35775 1
35775 1
35775 1
35775 1
35775 1
35775 1
35775 1
35775 1
35775 1
35775 1
35775 1
35775 1
35775 1
35775 1
36022 1
36022 1
36022 1
36022 1
36022 1
36022 1
36022 1
36022 1
36022 1
36022 1
36022 1
36022 1
36022 1
36022 1
36022 1
36022 1
36022 1
36022 1
36022 1
36022 1
36022 1
36022 1
36022 1
36022 1
36022 1
36022 1
36022 1
36022 1
36022 1
36022 1
36022 1
36022 1
36022 1
36022 1
36022 1
36022 1
36022 1
3863 1
3863 1
3863 1
3863 1
3863 1
3863 1
3863 1
3863 1
3863 1
3863 1
3863 1
3863 1
3863 1
3863 1
3863 1
3863 1
3863 1
3863 1
3863 1
3863 1
3863 1
3863 1
3863 1
3863 1
3863 1
3863 1
3863 1
3863 1
3863 1
3863 1
3863 1
3863 1
3863 1
3863 1
3863 1
3863 1
3863 1
12439 1
12439 1
12439 1
12439 1
12439 1
12439 1
12439 1
12439 1
12439 1
12439 1
12439 1
12439 1
12439 1
12439 1
12439 1
12439 1
12439 1
12439 1
12439 1
12439 1
12439 1
12439 1
12439 1
12439 1
12439 1
12439 1
12439 1
12439 1
12439 1
12439 1
12439 1
12439 1
12439 1
12439 1
12439 1
12439 1
12439 1
263 1
263 1
263 1
263 1
263 1
263 1
263 1
263 1
263 1
263 1
263 1
263 1
263 1
263 1
263 1
263 1
263 1
263 1
263 1
263 1
263 1
263 1
263 1
263 1
263 1
263 1
263 1
263 1
263 1
263 1
263 1
263 1
263 1
263 1
263 1
263 1
263 1
12279 1
12279 1
12279 1
12279 1
12279 1
12279 1
12279 1
12279 1
12279 1
12279 1
12279 1
12279 1
12279 1
12279 1
12279 1
12279 1
12279 1
12279 1
12279 1
12279 1
12279 1
12279 1
12279 1
12279 1
12279 1
12279 1
12279 1
12279 1
12279 1
12279 1
12279 1
12279 1
12279 1
12279 1
12279 1
12279 1
12279 1
36349 1
36349 1
36349 1
36349 1
36349 1
36349 1
36349 1
36349 1
36349 1
36349 1
36349 1
36349 1
36349 1
36349 1
36349 1
36349 1
36349 1
36349 1
36349 1
36349 1
36349 1
36349 1
36349 1
36349 1
36349 1
36349 1
36349 1
36349 1
36349 1
36349 1
36349 1
36349 1
36349 1
36349 1
36349 1
36349 1
36349 1
36425 1
36425 1
36425 1
36425 1
36425 1
36425 1
36425 1
36425 1
36425 1
36425 1
36425 1
36425 1
36425 1
36425 1
36425 1
36425 1
36425 1
36425 1
36425 1
36425 1
36425 1
36425 1
36425 1
36425 1
36425 1
36425 1
36425 1
36425 1
36425 1
36425 1
36425 1
36425 1
36425 1
36425 1
36425 1
36425 1
36425 1
332 1
332 1
332 1
332 1
332 1
332 1
332 1
332 1
332 1
332 1
332 1
332 1
332 1
332 1
332 1
332 1
332 1
332 1
332 1
332 1
332 1
332 1
332 1
332 1
332 1
332 1
332 1
332 1
332 1
332 1
332 1
332 1
332 1
332 1
332 1
332 1
332 1
379 1
379 1
379 1
379 1
379 1
379 1
379 1
379 1
379 1
379 1
379 1
379 1
379 1
379 1
379 1
379 1
379 1
379 1
379 1
379 1
379 1
379 1
379 1
379 1
379 1
379 1
379 1
379 1
379 1
379 1
379 1
379 1
379 1
379 1
379 1
379 1
379 1
12443 1
12443 1
12443 1
12443 1
12443 1
12443 1
12443 1
12443 1
12443 1
12443 1
12443 1
12443 1
12443 1
12443 1
12443 1
12443 1
12443 1
12443 1
12443 1
12443 1
12443 1
12443 1
12443 1
12443 1
12443 1
12443 1
12443 1
12443 1
12443 1
12443 1
12443 1
12443 1
12443 1
12443 1
12443 1
12443 1
12443 1
36998 1
36998 1
36998 1
36998 1
36998 1
36998 1
36998 1
36998 1
36998 1
36998 1
36998 1
36998 1
36998 1
36998 1
36998 1
36998 1
36998 1
36998 1
36998 1
36998 1
36998 1
36998 1
36998 1
36998 1
36998 1
36998 1
36998 1
36998 1
36998 1
36998 1
36998 1
36998 1
36998 1
36998 1
36998 1
36998 1
36998 1
404 1
404 1
404 1
404 1
404 1
404 1
404 1
404 1
404 1
404 1
404 1
404 1
404 1
404 1
404 1
404 1
404 1
404 1
404 1
404 1
404 1
404 1
404 1
404 1
404 1
404 1
404 1
404 1
404 1
404 1
404 1
404 1
404 1
404 1
404 1
404 1
404 1
429 1
429 1
429 1
429 1
429 1
429 1
429 1
429 1
429 1
429 1
429 1
429 1
429 1
429 1
429 1
429 1
429 1
429 1
429 1
429 1
429 1
429 1
429 1
429 1
429 1
429 1
429 1
429 1
429 1
429 1
429 1
429 1
429 1
429 1
429 1
429 1
429 1
453 1
453 1
453 1
453 1
453 1
453 1
453 1
453 1
453 1
453 1
453 1
453 1
453 1
453 1
453 1
453 1
453 1
453 1
453 1
453 1
453 1
453 1
453 1
453 1
453 1
453 1
453 1
453 1
453 1
453 1
453 1
453 1
453 1
453 1
453 1
453 1
453 1
476 1
476 1
476 1
476 1
476 1
476 1
476 1
476 1
476 1
476 1
476 1
476 1
476 1
476 1
476 1
476 1
476 1
476 1
476 1
476 1
476 1
476 1
476 1
476 1
476 1
476 1
476 1
476 1
476 1
476 1
476 1
476 1
476 1
476 1
476 1
476 1
476 1
500 1
500 1
500 1
500 1
500 1
500 1
500 1
500 1
500 1
500 1
500 1
500 1
500 1
500 1
500 1
500 1
500 1
500 1
500 1
500 1
500 1
500 1
500 1
500 1
500 1
500 1
500 1
500 1
500 1
500 1
500 1
500 1
500 1
500 1
500 1
500 1
500 1
12126 1
12126 1
12126 1
12126 1
12126 1
12126 1
12126 1
12126 1
12126 1
12126 1
12126 1
12126 1
12126 1
12126 1
12126 1
12126 1
12126 1
12126 1
12126 1
12126 1
12126 1
12126 1
12126 1
12126 1
12126 1
12126 1
12126 1
12126 1
12126 1
12126 1
12126 1
12126 1
12126 1
12126 1
12126 1
12126 1
12126 1
12281 1
12281 1
12281 1
12281 1
12281 1
12281 1
12281 1
12281 1
12281 1
12281 1
12281 1
12281 1
12281 1
12281 1
12281 1
12281 1
12281 1
12281 1
12281 1
12281 1
12281 1
12281 1
12281 1
12281 1
12281 1
12281 1
12281 1
12281 1
12281 1
12281 1
12281 1
12281 1
12281 1
12281 1
12281 1
12281 1
12281 1
12444 1
12444 1
12444 1
12444 1
12444 1
12444 1
12444 1
12444 1
12444 1
12444 1
12444 1
12444 1
12444 1
12444 1
12444 1
12444 1
12444 1
12444 1
12444 1
12444 1
12444 1
12444 1
12444 1
12444 1
12444 1
12444 1
12444 1
12444 1
12444 1
12444 1
12444 1
12444 1
12444 1
12444 1
12444 1
12444 1
12444 1
12608 1
12608 1
12608 1
12608 1
12608 1
12608 1
12608 1
12608 1
12608 1
12608 1
12608 1
12608 1
12608 1
12608 1
12608 1
12608 1
12608 1
12608 1
12608 1
12608 1
12608 1
12608 1
12608 1
12608 1
12608 1
12608 1
12608 1
12608 1
12608 1
12608 1
12608 1
12608 1
12608 1
12608 1
12608 1
12608 1
12608 1
12949 1
12949 1
12949 1
12949 1
12949 1
12949 1
12949 1
12949 1
12949 1
12949 1
12949 1
12949 1
12949 1
12949 1
12949 1
12949 1
12949 1
12949 1
12949 1
12949 1
12949 1
12949 1
12949 1
12949 1
12949 1
12949 1
12949 1
12949 1
12949 1
12949 1
12949 1
12949 1
12949 1
12949 1
12949 1
12949 1
12949 1
477 1
477 1
477 1
477 1
477 1
477 1
477 1
477 1
477 1
477 1
477 1
477 1
477 1
477 1
477 1
477 1
477 1
477 1
477 1
477 1
477 1
477 1
477 1
477 1
477 1
477 1
477 1
477 1
477 1
477 1
477 1
477 1
477 1
477 1
477 1
477 1
477 1
12282 1
12282 1
12282 1
12282 1
12282 1
12282 1
12282 1
12282 1
12282 1
12282 1
12282 1
12282 1
12282 1
12282 1
12282 1
12282 1
12282 1
12282 1
12282 1
12282 1
12282 1
12282 1
12282 1
12282 1
12282 1
12282 1
12282 1
12282 1
12282 1
12282 1
12282 1
12282 1
12282 1
12282 1
12282 1
12282 1
12282 1
12445 1
12445 1
12445 1
12445 1
12445 1
12445 1
12445 1
12445 1
12445 1
12445 1
12445 1
12445 1
12445 1
12445 1
12445 1
12445 1
12445 1
12445 1
12445 1
12445 1
12445 1
12445 1
12445 1
12445 1
12445 1
12445 1
12445 1
12445 1
12445 1
12445 1
12445 1
12445 1
12445 1
12445 1
12445 1
12445 1
12445 1
12609 1
12609 1
12609 1
12609 1
12609 1
12609 1
12609 1
12609 1
12609 1
12609 1
12609 1
12609 1
12609 1
12609 1
12609 1
12609 1
12609 1
12609 1
12609 1
12609 1
12609 1
12609 1
12609 1
12609 1
12609 1
12609 1
12609 1
12609 1
12609 1
12609 1
12609 1
12609 1
12609 1
12609 1
12609 1
12609 1
12609 1
12446 1
12446 1
12446 1
12446 1
12446 1
12446 1
12446 1
12446 1
12446 1
12446 1
12446 1
12446 1
12446 1
12446 1
12446 1
12446 1
12446 1
12446 1
12446 1
12446 1
12446 1
12446 1
12446 1
12446 1
12446 1
12446 1
12446 1
12446 1
12446 1
12446 1
12446 1
12446 1
12446 1
12446 1
12446 1
12446 1
12446 1
12610 1
12610 1
12610 1
12610 1
12610 1
12610 1
12610 1
12610 1
12610 1
12610 1
12610 1
12610 1
12610 1
12610 1
12610 1
12610 1
12610 1
12610 1
12610 1
12610 1
12610 1
12610 1
12610 1
12610 1
12610 1
12610 1
12610 1
12610 1
12610 1
12610 1
12610 1
12610 1
12610 1
12610 1
12610 1
12610 1
12610 1
12779 1
12779 1
12779 1
12779 1
12779 1
12779 1
12779 1
12779 1
12779 1
12779 1
12779 1
12779 1
12779 1
12779 1
12779 1
12779 1
12779 1
12779 1
12779 1
12779 1
12779 1
12779 1
12779 1
12779 1
12779 1
12779 1
12779 1
12779 1
12779 1
12779 1
12779 1
12779 1
12779 1
12779 1
12779 1
12779 1
12779 1
12951 1
12951 1
12951 1
12951 1
12951 1
12951 1
12951 1
12951 1
12951 1
12951 1
12951 1
12951 1
12951 1
12951 1
12951 1
12951 1
12951 1
12951 1
12951 1
12951 1
12951 1
12951 1
12951 1
12951 1
12951 1
12951 1
12951 1
12951 1
12951 1
12951 1
12951 1
12951 1
12951 1
12951 1
12951 1
12951 1
12951 1
12780 1
12780 1
12780 1
12780 1
12780 1
12780 1
12780 1
12780 1
12780 1
12780 1
12780 1
12780 1
12780 1
12780 1
12780 1
12780 1
12780 1
12780 1
12780 1
12780 1
12780 1
12780 1
12780 1
12780 1
12780 1
12780 1
12780 1
12780 1
12780 1
12780 1
12780 1
12780 1
12780 1
12780 1
12780 1
12780 1
12780 1
7871 1
7871 1
7871 1
7871 1
7871 1
7871 1
7871 1
7871 1
7871 1
7871 1
7871 1
7871 1
7871 1
7871 1
7871 1
7871 1
7871 1
7871 1
7871 1
7871 1
7871 1
7871 1
7871 1
7871 1
7871 1
7871 1
7871 1
7871 1
7871 1
7871 1
7871 1
7871 1
7871 1
7871 1
7871 1
7871 1
7871 1
13125 1
13125 1
13125 1
13125 1
13125 1
13125 1
13125 1
13125 1
13125 1
13125 1
13125 1
13125 1
13125 1
13125 1
13125 1
13125 1
13125 1
13125 1
13125 1
13125 1
13125 1
13125 1
13125 1
13125 1
13125 1
13125 1
13125 1
13125 1
13125 1
13125 1
13125 1
13125 1
13125 1
13125 1
13125 1
13125 1
13125 1
13297 1
13297 1
13297 1
13297 1
13297 1
13297 1
13297 1
13297 1
13297 1
13297 1
13297 1
13297 1
13297 1
13297 1
13297 1
13297 1
13297 1
13297 1
13297 1
13297 1
13297 1
13297 1
13297 1
13297 1
13297 1
13297 1
13297 1
13297 1
13297 1
13297 1
13297 1
13297 1
13297 1
13297 1
13297 1
13297 1
13297 1
385 1
385 1
385 1
385 1
385 1
385 1
385 1
385 1
385 1
385 1
385 1
385 1
385 1
385 1
385 1
385 1
385 1
385 1
385 1
385 1
385 1
385 1
385 1
385 1
385 1
385 1
385 1
385 1
385 1
385 1
385 1
385 1
385 1
385 1
385 1
385 1
385 1
409 1
409 1
409 1
409 1
409 1
409 1
409 1
409 1
409 1
409 1
409 1
409 1
409 1
409 1
409 1
409 1
409 1
409 1
409 1
409 1
409 1
409 1
409 1
409 1
409 1
409 1
409 1
409 1
409 1
409 1
409 1
409 1
409 1
409 1
409 1
409 1
409 1
458 1
458 1
458 1
458 1
458 1
458 1
458 1
458 1
458 1
458 1
458 1
458 1
458 1
458 1
458 1
458 1
458 1
458 1
458 1
458 1
458 1
458 1
458 1
458 1
458 1
458 1
458 1
458 1
458 1
458 1
458 1
458 1
458 1
458 1
458 1
458 1
458 1
481 1
481 1
481 1
481 1
481 1
481 1
481 1
481 1
481 1
481 1
481 1
481 1
481 1
481 1
481 1
481 1
481 1
481 1
481 1
481 1
481 1
481 1
481 1
481 1
481 1
481 1
481 1
481 1
481 1
481 1
481 1
481 1
481 1
481 1
481 1
481 1
481 1
505 1
505 1
505 1
505 1
505 1
505 1
505 1
505 1
505 1
505 1
505 1
505 1
505 1
505 1
505 1
505 1
505 1
505 1
505 1
505 1
505 1
505 1
505 1
505 1
505 1
505 1
505 1
505 1
505 1
505 1
505 1
505 1
505 1
505 1
505 1
505 1
505 1
530 1
530 1
530 1
530 1
530 1
530 1
530 1
530 1
530 1
530 1
530 1
530 1
530 1
530 1
530 1
530 1
530 1
530 1
530 1
530 1
530 1
530 1
530 1
530 1
530 1
530 1
530 1
530 1
530 1
530 1
530 1
530 1
530 1
530 1
530 1
530 1
530 1
555 1
555 1
555 1
555 1
555 1
555 1
555 1
555 1
555 1
555 1
555 1
555 1
555 1
555 1
555 1
555 1
555 1
555 1
555 1
555 1
555 1
555 1
555 1
555 1
555 1
555 1
555 1
555 1
555 1
555 1
555 1
555 1
555 1
555 1
555 1
555 1
555 1
7800 1
7800 1
7800 1
7800 1
7800 1
7800 1
7800 1
7800 1
7800 1
7800 1
7800 1
7800 1
7800 1
7800 1
7800 1
7800 1
7800 1
7800 1
7800 1
7800 1
7800 1
7800 1
7800 1
7800 1
7800 1
7800 1
7800 1
7800 1
7800 1
7800 1
7800 1
7800 1
7800 1
7800 1
7800 1
7800 1
7800 1
7872 1
7872 1
7872 1
7872 1
7872 1
7872 1
7872 1
7872 1
7872 1
7872 1
7872 1
7872 1
7872 1
7872 1
7872 1
7872 1
7872 1
7872 1
7872 1
7872 1
7872 1
7872 1
7872 1
7872 1
7872 1
7872 1
7872 1
7872 1
7872 1
7872 1
7872 1
7872 1
7872 1
7872 1
7872 1
7872 1
7872 1
8019 1
8019 1
8019 1
8019 1
8019 1
8019 1
8019 1
8019 1
8019 1
8019 1
8019 1
8019 1
8019 1
8019 1
8019 1
8019 1
8019 1
8019 1
8019 1
8019 1
8019 1
8019 1
8019 1
8019 1
8019 1
8019 1
8019 1
8019 1
8019 1
8019 1
8019 1
8019 1
8019 1
8019 1
8019 1
8019 1
8019 1
531 1
531 1
531 1
531 1
531 1
531 1
531 1
531 1
531 1
531 1
531 1
531 1
531 1
531 1
531 1
531 1
531 1
531 1
531 1
531 1
531 1
531 1
531 1
531 1
531 1
531 1
531 1
531 1
531 1
531 1
531 1
531 1
531 1
531 1
531 1
531 1
531 1
556 1
556 1
556 1
556 1
556 1
556 1
556 1
556 1
556 1
556 1
556 1
556 1
556 1
556 1
556 1
556 1
556 1
556 1
556 1
556 1
556 1
556 1
556 1
556 1
556 1
556 1
556 1
556 1
556 1
556 1
556 1
556 1
556 1
556 1
556 1
556 1
556 1
582 1
582 1
582 1
582 1
582 1
582 1
582 1
582 1
582 1
582 1
582 1
582 1
582 1
582 1
582 1
582 1
582 1
582 1
582 1
582 1
582 1
582 1
582 1
582 1
582 1
582 1
582 1
582 1
582 1
582 1
582 1
582 1
582 1
582 1
582 1
582 1
582 1
2650 1
2650 1
2650 1
2650 1
2650 1
2650 1
2650 1
2650 1
2650 1
2650 1
2650 1
2650 1
2650 1
2650 1
2650 1
2650 1
2650 1
2650 1
2650 1
2650 1
2650 1
2650 1
2650 1
2650 1
2650 1
2650 1
2650 1
2650 1
2650 1
2650 1
2650 1
2650 1
2650 1
2650 1
2650 1
2650 1
2650 1
7873 1
7873 1
7873 1
7873 1
7873 1
7873 1
7873 1
7873 1
7873 1
7873 1
7873 1
7873 1
7873 1
7873 1
7873 1
7873 1
7873 1
7873 1
7873 1
7873 1
7873 1
7873 1
7873 1
7873 1
7873 1
7873 1
7873 1
7873 1
7873 1
7873 1
7873 1
7873 1
7873 1
7873 1
7873 1
7873 1
7873 1
7945 1
7945 1
7945 1
7945 1
7945 1
7945 1
7945 1
7945 1
7945 1
7945 1
7945 1
7945 1
7945 1
7945 1
7945 1
7945 1
7945 1
7945 1
7945 1
7945 1
7945 1
7945 1
7945 1
7945 1
7945 1
7945 1
7945 1
7945 1
7945 1
7945 1
7945 1
7945 1
7945 1
7945 1
7945 1
7945 1
7945 1
8020 1
8020 1
8020 1
8020 1
8020 1
8020 1
8020 1
8020 1
8020 1
8020 1
8020 1
8020 1
8020 1
8020 1
8020 1
8020 1
8020 1
8020 1
8020 1
8020 1
8020 1
8020 1
8020 1
8020 1
8020 1
8020 1
8020 1
8020 1
8020 1
8020 1
8020 1
8020 1
8020 1
8020 1
8020 1
8020 1
8020 1
8175 1
8175 1
8175 1
8175 1
8175 1
8175 1
8175 1
8175 1
8175 1
8175 1
8175 1
8175 1
8175 1
8175 1
8175 1
8175 1
8175 1
8175 1
8175 1
8175 1
8175 1
8175 1
8175 1
8175 1
8175 1
8175 1
8175 1
8175 1
8175 1
8175 1
8175 1
8175 1
8175 1
8175 1
8175 1
8175 1
8175 1
13650 1
13650 1
13650 1
13650 1
13650 1
13650 1
13650 1
13650 1
13650 1
13650 1
13650 1
13650 1
13650 1
13650 1
13650 1
13650 1
13650 1
13650 1
13650 1
13650 1
13650 1
13650 1
13650 1
13650 1
13650 1
13650 1
13650 1
13650 1
13650 1
13650 1
13650 1
13650 1
13650 1
13650 1
13650 1
13650 1
13650 1
2746 1
2746 1
2746 1
2746 1
2746 1
2746 1
2746 1
2746 1
2746 1
2746 1
2746 1
2746 1
2746 1
2746 1
2746 1
2746 1
2746 1
2746 1
2746 1
2746 1
2746 1
2746 1
2746 1
2746 1
2746 1
2746 1
2746 1
2746 1
2746 1
2746 1
2746 1
2746 1
2746 1
2746 1
2746 1
2746 1
2746 1
7946 1
7946 1
7946 1
7946 1
7946 1
7946 1
7946 1
7946 1
7946 1
7946 1
7946 1
7946 1
7946 1
7946 1
7946 1
7946 1
7946 1
7946 1
7946 1
7946 1
7946 1
7946 1
7946 1
7946 1
7946 1
7946 1
7946 1
7946 1
7946 1
7946 1
7946 1
7946 1
7946 1
7946 1
7946 1
7946 1
7946 1
8021 1
8021 1
8021 1
8021 1
8021 1
8021 1
8021 1
8021 1
8021 1
8021 1
8021 1
8021 1
8021 1
8021 1
8021 1
8021 1
8021 1
8021 1
8021 1
8021 1
8021 1
8021 1
8021 1
8021 1
8021 1
8021 1
8021 1
8021 1
8021 1
8021 1
8021 1
8021 1
8021 1
8021 1
8021 1
8021 1
8021 1
8097 1
8097 1
8097 1
8097 1
8097 1
8097 1
8097 1
8097 1
8097 1
8097 1
8097 1
8097 1
8097 1
8097 1
8097 1
8097 1
8097 1
8097 1
8097 1
8097 1
8097 1
8097 1
8097 1
8097 1
8097 1
8097 1
8097 1
8097 1
8097 1
8097 1
8097 1
8097 1
8097 1
8097 1
8097 1
8097 1
8097 1
295 1
295 1
295 1
295 1
295 1
295 1
295 1
295 1
295 1
295 1
295 1
295 1
295 1
295 1
295 1
295 1
295 1
295 1
295 1
295 1
295 1
295 1
295 1
295 1
295 1
295 1
295 1
295 1
295 1
295 1
295 1
295 1
295 1
295 1
295 1
295 1
295 1
775 1
775 1
775 1
775 1
775 1
775 1
775 1
775 1
775 1
775 1
775 1
775 1
775 1
775 1
775 1
775 1
775 1
775 1
775 1
775 1
775 1
775 1
775 1
775 1
775 1
775 1
775 1
775 1
775 1
775 1
775 1
775 1
775 1
775 1
775 1
775 1
775 1
7947 1
7947 1
7947 1
7947 1
7947 1
7947 1
7947 1
7947 1
7947 1
7947 1
7947 1
7947 1
7947 1
7947 1
7947 1
7947 1
7947 1
7947 1
7947 1
7947 1
7947 1
7947 1
7947 1
7947 1
7947 1
7947 1
7947 1
7947 1
7947 1
7947 1
7947 1
7947 1
7947 1
7947 1
7947 1
7947 1
7947 1
837 1
837 1
837 1
837 1
837 1
837 1
837 1
837 1
837 1
837 1
837 1
837 1
837 1
837 1
837 1
837 1
837 1
837 1
837 1
837 1
837 1
837 1
837 1
837 1
837 1
837 1
837 1
837 1
837 1
837 1
837 1
837 1
837 1
837 1
837 1
837 1
837 1
870 1
870 1
870 1
870 1
870 1
870 1
870 1
870 1
870 1
870 1
870 1
870 1
870 1
870 1
870 1
870 1
870 1
870 1
870 1
870 1
870 1
870 1
870 1
870 1
870 1
870 1
870 1
870 1
870 1
870 1
870 1
870 1
870 1
870 1
870 1
870 1
870 1
1501 1
1501 1
1501 1
1501 1
1501 1
1501 1
1501 1
1501 1
1501 1
1501 1
1501 1
1501 1
1501 1
1501 1
1501 1
1501 1
1501 1
1501 1
1501 1
1501 1
1501 1
1501 1
1501 1
1501 1
1501 1
1501 1
1501 1
1501 1
1501 1
1501 1
1501 1
1501 1
1501 1
1501 1
1501 1
1501 1
1501 1
1547 1
1547 1
1547 1
1547 1
1547 1
1547 1
1547 1
1547 1
1547 1
1547 1
1547 1
1547 1
1547 1
1547 1
1547 1
1547 1
1547 1
1547 1
1547 1
1547 1
1547 1
1547 1
1547 1
1547 1
1547 1
1547 1
1547 1
1547 1
1547 1
1547 1
1547 1
1547 1
1547 1
1547 1
1547 1
1547 1
1547 1
3121 1
3121 1
3121 1
3121 1
3121 1
3121 1
3121 1
3121 1
3121 1
3121 1
3121 1
3121 1
3121 1
3121 1
3121 1
3121 1
3121 1
3121 1
3121 1
3121 1
3121 1
3121 1
3121 1
3121 1
3121 1
3121 1
3121 1
3121 1
3121 1
3121 1
3121 1
3121 1
3121 1
3121 1
3121 1
3121 1
3121 1
