pt_graph cpue_kghour
30992 0
30992 0
30992 0
30992 0
30992 0
30992 0
30992 0
30992 0
30992 0
30992 0
30992 0
30992 962.51457719576
30992 962.51457719576
30992 962.51457719576
30992 962.51457719576
30992 962.51457719576
30992 0
30992 0
30992 0
30992 0
30992 0
30992 0
30992 0
30992 0
30992 0
30992 0
30992 0
30992 0
30992 0
30992 352.324688702254
30992 352.324688702254
30992 352.324688702254
30992 0
30992 0
30992 0
30992 0
30992 0
32110 0
32110 0
32110 0
32110 0
32110 0
32110 0
32110 0
32110 0
32110 0
32110 0
32110 0
32110 962.51457719576
32110 962.51457719576
32110 962.51457719576
32110 962.51457719576
32110 962.51457719576
32110 0
32110 0
32110 0
32110 0
32110 0
32110 0
32110 0
32110 0
32110 0
32110 0
32110 0
32110 0
32110 0
32110 352.324688702254
32110 352.324688702254
32110 352.324688702254
32110 0
32110 0
32110 0
32110 0
32110 0
32220 0
32220 0
32220 0
32220 0
32220 0
32220 0
32220 0
32220 0
32220 0
32220 0
32220 0
32220 962.51457719576
32220 962.51457719576
32220 962.51457719576
32220 962.51457719576
32220 962.51457719576
32220 0
32220 0
32220 0
32220 0
32220 0
32220 0
32220 0
32220 0
32220 0
32220 0
32220 0
32220 0
32220 0
32220 352.324688702254
32220 352.324688702254
32220 352.324688702254
32220 0
32220 0
32220 0
32220 0
32220 0
32330 0
32330 0
32330 0
32330 0
32330 0
32330 0
32330 0
32330 0
32330 0
32330 0
32330 0
32330 962.51457719576
32330 962.51457719576
32330 962.51457719576
32330 962.51457719576
32330 962.51457719576
32330 0
32330 0
32330 0
32330 0
32330 0
32330 0
32330 0
32330 0
32330 0
32330 0
32330 0
32330 0
32330 0
32330 352.324688702254
32330 352.324688702254
32330 352.324688702254
32330 0
32330 0
32330 0
32330 0
32330 0
32440 0
32440 0
32440 0
32440 0
32440 0
32440 0
32440 0
32440 0
32440 0
32440 0
32440 0
32440 962.51457719576
32440 962.51457719576
32440 962.51457719576
32440 962.51457719576
32440 962.51457719576
32440 0
32440 0
32440 0
32440 0
32440 0
32440 0
32440 0
32440 0
32440 0
32440 0
32440 0
32440 0
32440 0
32440 352.324688702254
32440 352.324688702254
32440 352.324688702254
32440 0
32440 0
32440 0
32440 0
32440 0
30901 0
30901 0
30901 0
30901 0
30901 0
30901 0
30901 0
30901 0
30901 0
30901 0
30901 0
30901 962.51457719576
30901 962.51457719576
30901 962.51457719576
30901 962.51457719576
30901 962.51457719576
30901 0
30901 0
30901 0
30901 0
30901 0
30901 0
30901 0
30901 0
30901 0
30901 0
30901 0
30901 0
30901 0
30901 352.324688702254
30901 352.324688702254
30901 352.324688702254
30901 0
30901 0
30901 0
30901 0
30901 0
31088 0
31088 0
31088 0
31088 0
31088 0
31088 0
31088 0
31088 0
31088 0
31088 0
31088 0
31088 962.51457719576
31088 962.51457719576
31088 962.51457719576
31088 962.51457719576
31088 962.51457719576
31088 0
31088 0
31088 0
31088 0
31088 0
31088 0
31088 0
31088 0
31088 0
31088 0
31088 0
31088 0
31088 0
31088 352.324688702254
31088 352.324688702254
31088 352.324688702254
31088 0
31088 0
31088 0
31088 0
31088 0
31573 0
31573 0
31573 0
31573 0
31573 0
31573 0
31573 0
31573 0
31573 0
31573 0
31573 0
31573 962.51457719576
31573 962.51457719576
31573 962.51457719576
31573 962.51457719576
31573 962.51457719576
31573 0
31573 0
31573 0
31573 0
31573 0
31573 0
31573 0
31573 0
31573 0
31573 0
31573 0
31573 0
31573 0
31573 352.324688702254
31573 352.324688702254
31573 352.324688702254
31573 0
31573 0
31573 0
31573 0
31573 0
31089 0
31089 0
31089 0
31089 0
31089 0
31089 0
31089 0
31089 0
31089 0
31089 0
31089 0
31089 962.51457719576
31089 962.51457719576
31089 962.51457719576
31089 962.51457719576
31089 962.51457719576
31089 0
31089 0
31089 0
31089 0
31089 0
31089 0
31089 0
31089 0
31089 0
31089 0
31089 0
31089 0
31089 0
31089 352.324688702254
31089 352.324688702254
31089 352.324688702254
31089 0
31089 0
31089 0
31089 0
31089 0
31184 0
31184 0
31184 0
31184 0
31184 0
31184 0
31184 0
31184 0
31184 0
31184 0
31184 0
31184 962.51457719576
31184 962.51457719576
31184 962.51457719576
31184 962.51457719576
31184 962.51457719576
31184 0
31184 0
31184 0
31184 0
31184 0
31184 0
31184 0
31184 0
31184 0
31184 0
31184 0
31184 0
31184 0
31184 352.324688702254
31184 352.324688702254
31184 352.324688702254
31184 0
31184 0
31184 0
31184 0
31184 0
31893 0
31893 0
31893 0
31893 0
31893 0
31893 0
31893 0
31893 0
31893 0
31893 0
31893 0
31893 962.51457719576
31893 962.51457719576
31893 962.51457719576
31893 962.51457719576
31893 962.51457719576
31893 0
31893 0
31893 0
31893 0
31893 0
31893 0
31893 0
31893 0
31893 0
31893 0
31893 0
31893 0
31893 0
31893 352.324688702254
31893 352.324688702254
31893 352.324688702254
31893 0
31893 0
31893 0
31893 0
31893 0
31281 0
31281 0
31281 0
31281 0
31281 0
31281 0
31281 0
31281 0
31281 0
31281 0
31281 0
31281 962.51457719576
31281 962.51457719576
31281 962.51457719576
31281 962.51457719576
31281 962.51457719576
31281 0
31281 0
31281 0
31281 0
31281 0
31281 0
31281 0
31281 0
31281 0
31281 0
31281 0
31281 0
31281 0
31281 352.324688702254
31281 352.324688702254
31281 352.324688702254
31281 0
31281 0
31281 0
31281 0
31281 0
31377 0
31377 0
31377 0
31377 0
31377 0
31377 0
31377 0
31377 0
31377 0
31377 0
31377 0
31377 962.51457719576
31377 962.51457719576
31377 962.51457719576
31377 962.51457719576
31377 962.51457719576
31377 0
31377 0
31377 0
31377 0
31377 0
31377 0
31377 0
31377 0
31377 0
31377 0
31377 0
31377 0
31377 0
31377 352.324688702254
31377 352.324688702254
31377 352.324688702254
31377 0
31377 0
31377 0
31377 0
31377 0
31475 0
31475 0
31475 0
31475 0
31475 0
31475 0
31475 0
31475 0
31475 0
31475 0
31475 0
31475 962.51457719576
31475 962.51457719576
31475 962.51457719576
31475 962.51457719576
31475 962.51457719576
31475 0
31475 0
31475 0
31475 0
31475 0
31475 0
31475 0
31475 0
31475 0
31475 0
31475 0
31475 0
31475 0
31475 352.324688702254
31475 352.324688702254
31475 352.324688702254
31475 0
31475 0
31475 0
31475 0
31475 0
31187 0
31187 0
31187 0
31187 0
31187 0
31187 0
31187 0
31187 0
31187 0
31187 0
31187 0
31187 962.51457719576
31187 962.51457719576
31187 962.51457719576
31187 962.51457719576
31187 962.51457719576
31187 0
31187 0
31187 0
31187 0
31187 0
31187 0
31187 0
31187 0
31187 0
31187 0
31187 0
31187 0
31187 0
31187 352.324688702254
31187 352.324688702254
31187 352.324688702254
31187 0
31187 0
31187 0
31187 0
31187 0
31282 0
31282 0
31282 0
31282 0
31282 0
31282 0
31282 0
31282 0
31282 0
31282 0
31282 0
31282 962.51457719576
31282 962.51457719576
31282 962.51457719576
31282 962.51457719576
31282 962.51457719576
31282 0
31282 0
31282 0
31282 0
31282 0
31282 0
31282 0
31282 0
31282 0
31282 0
31282 0
31282 0
31282 0
31282 352.324688702254
31282 352.324688702254
31282 352.324688702254
31282 0
31282 0
31282 0
31282 0
31282 0
31378 0
31378 0
31378 0
31378 0
31378 0
31378 0
31378 0
31378 0
31378 0
31378 0
31378 0
31378 962.51457719576
31378 962.51457719576
31378 962.51457719576
31378 962.51457719576
31378 962.51457719576
31378 0
31378 0
31378 0
31378 0
31378 0
31378 0
31378 0
31378 0
31378 0
31378 0
31378 0
31378 0
31378 0
31378 352.324688702254
31378 352.324688702254
31378 352.324688702254
31378 0
31378 0
31378 0
31378 0
31378 0
36514 0
36514 0
36514 0
36514 0
36514 0
36514 0
36514 0
36514 0
36514 0
36514 0
36514 0
36514 962.51457719576
36514 962.51457719576
36514 962.51457719576
36514 962.51457719576
36514 962.51457719576
36514 0
36514 0
36514 0
36514 0
36514 0
36514 0
36514 0
36514 0
36514 0
36514 0
36514 0
36514 0
36514 0
36514 352.324688702254
36514 352.324688702254
36514 352.324688702254
36514 0
36514 0
36514 0
36514 0
36514 0
31188 0
31188 0
31188 0
31188 0
31188 0
31188 0
31188 0
31188 0
31188 0
31188 0
31188 0
31188 962.51457719576
31188 962.51457719576
31188 962.51457719576
31188 962.51457719576
31188 962.51457719576
31188 0
31188 0
31188 0
31188 0
31188 0
31188 0
31188 0
31188 0
31188 0
31188 0
31188 0
31188 0
31188 0
31188 352.324688702254
31188 352.324688702254
31188 352.324688702254
31188 0
31188 0
31188 0
31188 0
31188 0
5830 0
5830 0
5830 0
5830 0
5830 0
5830 0
5830 0
5830 0
5830 0
5830 0
5830 0
5830 962.51457719576
5830 962.51457719576
5830 962.51457719576
5830 962.51457719576
5830 962.51457719576
5830 0
5830 0
5830 0
5830 0
5830 0
5830 0
5830 0
5830 0
5830 0
5830 0
5830 0
5830 0
5830 0
5830 352.324688702254
5830 352.324688702254
5830 352.324688702254
5830 0
5830 0
5830 0
5830 0
5830 0
31579 0
31579 0
31579 0
31579 0
31579 0
31579 0
31579 0
31579 0
31579 0
31579 0
31579 0
31579 962.51457719576
31579 962.51457719576
31579 962.51457719576
31579 962.51457719576
31579 962.51457719576
31579 0
31579 0
31579 0
31579 0
31579 0
31579 0
31579 0
31579 0
31579 0
31579 0
31579 0
31579 0
31579 0
31579 352.324688702254
31579 352.324688702254
31579 352.324688702254
31579 0
31579 0
31579 0
31579 0
31579 0
36327 0
36327 0
36327 0
36327 0
36327 0
36327 0
36327 0
36327 0
36327 0
36327 0
36327 0
36327 962.51457719576
36327 962.51457719576
36327 962.51457719576
36327 962.51457719576
36327 962.51457719576
36327 0
36327 0
36327 0
36327 0
36327 0
36327 0
36327 0
36327 0
36327 0
36327 0
36327 0
36327 0
36327 0
36327 352.324688702254
36327 352.324688702254
36327 352.324688702254
36327 0
36327 0
36327 0
36327 0
36327 0
31479 0
31479 0
31479 0
31479 0
31479 0
31479 0
31479 0
31479 0
31479 0
31479 0
31479 0
31479 962.51457719576
31479 962.51457719576
31479 962.51457719576
31479 962.51457719576
31479 962.51457719576
31479 0
31479 0
31479 0
31479 0
31479 0
31479 0
31479 0
31479 0
31479 0
31479 0
31479 0
31479 0
31479 0
31479 352.324688702254
31479 352.324688702254
31479 352.324688702254
31479 0
31479 0
31479 0
31479 0
31479 0
31480 0
31480 0
31480 0
31480 0
31480 0
31480 0
31480 0
31480 0
31480 0
31480 0
31480 0
31480 962.51457719576
31480 962.51457719576
31480 962.51457719576
31480 962.51457719576
31480 962.51457719576
31480 0
31480 0
31480 0
31480 0
31480 0
31480 0
31480 0
31480 0
31480 0
31480 0
31480 0
31480 0
31480 0
31480 352.324688702254
31480 352.324688702254
31480 352.324688702254
31480 0
31480 0
31480 0
31480 0
31480 0
33636 0
33636 0
33636 0
33636 0
33636 0
33636 0
33636 0
33636 0
33636 0
33636 0
33636 0
33636 962.51457719576
33636 962.51457719576
33636 962.51457719576
33636 962.51457719576
33636 962.51457719576
33636 0
33636 0
33636 0
33636 0
33636 0
33636 0
33636 0
33636 0
33636 0
33636 0
33636 0
33636 0
33636 0
33636 352.324688702254
33636 352.324688702254
33636 352.324688702254
33636 0
33636 0
33636 0
33636 0
33636 0
31481 0
31481 0
31481 0
31481 0
31481 0
31481 0
31481 0
31481 0
31481 0
31481 0
31481 0
31481 962.51457719576
31481 962.51457719576
31481 962.51457719576
31481 962.51457719576
31481 962.51457719576
31481 0
31481 0
31481 0
31481 0
31481 0
31481 0
31481 0
31481 0
31481 0
31481 0
31481 0
31481 0
31481 0
31481 352.324688702254
31481 352.324688702254
31481 352.324688702254
31481 0
31481 0
31481 0
31481 0
31481 0
33848 0
33848 0
33848 0
33848 0
33848 0
33848 0
33848 0
33848 0
33848 0
33848 0
33848 0
33848 962.51457719576
33848 962.51457719576
33848 962.51457719576
33848 962.51457719576
33848 962.51457719576
33848 0
33848 0
33848 0
33848 0
33848 0
33848 0
33848 0
33848 0
33848 0
33848 0
33848 0
33848 0
33848 0
33848 352.324688702254
33848 352.324688702254
33848 352.324688702254
33848 0
33848 0
33848 0
33848 0
33848 0
31482 0
31482 0
31482 0
31482 0
31482 0
31482 0
31482 0
31482 0
31482 0
31482 0
31482 0
31482 962.51457719576
31482 962.51457719576
31482 962.51457719576
31482 962.51457719576
31482 962.51457719576
31482 0
31482 0
31482 0
31482 0
31482 0
31482 0
31482 0
31482 0
31482 0
31482 0
31482 0
31482 0
31482 0
31482 352.324688702254
31482 352.324688702254
31482 352.324688702254
31482 0
31482 0
31482 0
31482 0
31482 0
31583 0
31583 0
31583 0
31583 0
31583 0
31583 0
31583 0
31583 0
31583 0
31583 0
31583 0
31583 962.51457719576
31583 962.51457719576
31583 962.51457719576
31583 962.51457719576
31583 962.51457719576
31583 0
31583 0
31583 0
31583 0
31583 0
31583 0
31583 0
31583 0
31583 0
31583 0
31583 0
31583 0
31583 0
31583 352.324688702254
31583 352.324688702254
31583 352.324688702254
31583 0
31583 0
31583 0
31583 0
31583 0
33954 0
33954 0
33954 0
33954 0
33954 0
33954 0
33954 0
33954 0
33954 0
33954 0
33954 0
33954 962.51457719576
33954 962.51457719576
33954 962.51457719576
33954 962.51457719576
33954 962.51457719576
33954 0
33954 0
33954 0
33954 0
33954 0
33954 0
33954 0
33954 0
33954 0
33954 0
33954 0
33954 0
33954 0
33954 352.324688702254
33954 352.324688702254
33954 352.324688702254
33954 0
33954 0
33954 0
33954 0
33954 0
36331 0
36331 0
36331 0
36331 0
36331 0
36331 0
36331 0
36331 0
36331 0
36331 0
36331 0
36331 962.51457719576
36331 962.51457719576
36331 962.51457719576
36331 962.51457719576
36331 962.51457719576
36331 0
36331 0
36331 0
36331 0
36331 0
36331 0
36331 0
36331 0
36331 0
36331 0
36331 0
36331 0
36331 0
36331 352.324688702254
36331 352.324688702254
36331 352.324688702254
36331 0
36331 0
36331 0
36331 0
36331 0
31194 0
31194 0
31194 0
31194 0
31194 0
31194 0
31194 0
31194 0
31194 0
31194 0
31194 0
31194 962.51457719576
31194 962.51457719576
31194 962.51457719576
31194 962.51457719576
31194 962.51457719576
31194 0
31194 0
31194 0
31194 0
31194 0
31194 0
31194 0
31194 0
31194 0
31194 0
31194 0
31194 0
31194 0
31194 352.324688702254
31194 352.324688702254
31194 352.324688702254
31194 0
31194 0
31194 0
31194 0
31194 0
31289 0
31289 0
31289 0
31289 0
31289 0
31289 0
31289 0
31289 0
31289 0
31289 0
31289 0
31289 962.51457719576
31289 962.51457719576
31289 962.51457719576
31289 962.51457719576
31289 962.51457719576
31289 0
31289 0
31289 0
31289 0
31289 0
31289 0
31289 0
31289 0
31289 0
31289 0
31289 0
31289 0
31289 0
31289 352.324688702254
31289 352.324688702254
31289 352.324688702254
31289 0
31289 0
31289 0
31289 0
31289 0
31584 0
31584 0
31584 0
31584 0
31584 0
31584 0
31584 0
31584 0
31584 0
31584 0
31584 0
31584 962.51457719576
31584 962.51457719576
31584 962.51457719576
31584 962.51457719576
31584 962.51457719576
31584 0
31584 0
31584 0
31584 0
31584 0
31584 0
31584 0
31584 0
31584 0
31584 0
31584 0
31584 0
31584 0
31584 352.324688702254
31584 352.324688702254
31584 352.324688702254
31584 0
31584 0
31584 0
31584 0
31584 0
33955 0
33955 0
33955 0
33955 0
33955 0
33955 0
33955 0
33955 0
33955 0
33955 0
33955 0
33955 962.51457719576
33955 962.51457719576
33955 962.51457719576
33955 962.51457719576
33955 962.51457719576
33955 0
33955 0
33955 0
33955 0
33955 0
33955 0
33955 0
33955 0
33955 0
33955 0
33955 0
33955 0
33955 0
33955 352.324688702254
33955 352.324688702254
33955 352.324688702254
33955 0
33955 0
33955 0
33955 0
33955 0
34366 0
34366 0
34366 0
34366 0
34366 0
34366 0
34366 0
34366 0
34366 0
34366 0
34366 0
34366 962.51457719576
34366 962.51457719576
34366 962.51457719576
34366 962.51457719576
34366 962.51457719576
34366 0
34366 0
34366 0
34366 0
34366 0
34366 0
34366 0
34366 0
34366 0
34366 0
34366 0
34366 0
34366 0
34366 352.324688702254
34366 352.324688702254
34366 352.324688702254
34366 0
34366 0
34366 0
34366 0
34366 0
36292 0
36292 0
36292 0
36292 0
36292 0
36292 0
36292 0
36292 0
36292 0
36292 0
36292 0
36292 962.51457719576
36292 962.51457719576
36292 962.51457719576
36292 962.51457719576
36292 962.51457719576
36292 0
36292 0
36292 0
36292 0
36292 0
36292 0
36292 0
36292 0
36292 0
36292 0
36292 0
36292 0
36292 0
36292 352.324688702254
36292 352.324688702254
36292 352.324688702254
36292 0
36292 0
36292 0
36292 0
36292 0
31100 0
31100 0
31100 0
31100 0
31100 0
31100 0
31100 0
31100 0
31100 0
31100 0
31100 0
31100 962.51457719576
31100 962.51457719576
31100 962.51457719576
31100 962.51457719576
31100 962.51457719576
31100 0
31100 0
31100 0
31100 0
31100 0
31100 0
31100 0
31100 0
31100 0
31100 0
31100 0
31100 0
31100 0
31100 352.324688702254
31100 352.324688702254
31100 352.324688702254
31100 0
31100 0
31100 0
31100 0
31100 0
31290 0
31290 0
31290 0
31290 0
31290 0
31290 0
31290 0
31290 0
31290 0
31290 0
31290 0
31290 962.51457719576
31290 962.51457719576
31290 962.51457719576
31290 962.51457719576
31290 962.51457719576
31290 0
31290 0
31290 0
31290 0
31290 0
31290 0
31290 0
31290 0
31290 0
31290 0
31290 0
31290 0
31290 0
31290 352.324688702254
31290 352.324688702254
31290 352.324688702254
31290 0
31290 0
31290 0
31290 0
31290 0
32453 0
32453 0
32453 0
32453 0
32453 0
32453 0
32453 0
32453 0
32453 0
32453 0
32453 0
32453 962.51457719576
32453 962.51457719576
32453 962.51457719576
32453 962.51457719576
32453 962.51457719576
32453 0
32453 0
32453 0
32453 0
32453 0
32453 0
32453 0
32453 0
32453 0
32453 0
32453 0
32453 0
32453 0
32453 352.324688702254
32453 352.324688702254
32453 352.324688702254
32453 0
32453 0
32453 0
32453 0
32453 0
31291 0
31291 0
31291 0
31291 0
31291 0
31291 0
31291 0
31291 0
31291 0
31291 0
31291 0
31291 962.51457719576
31291 962.51457719576
31291 962.51457719576
31291 962.51457719576
31291 962.51457719576
31291 0
31291 0
31291 0
31291 0
31291 0
31291 0
31291 0
31291 0
31291 0
31291 0
31291 0
31291 0
31291 0
31291 352.324688702254
31291 352.324688702254
31291 352.324688702254
31291 0
31291 0
31291 0
31291 0
31291 0
36485 0
36485 0
36485 0
36485 0
36485 0
36485 0
36485 0
36485 0
36485 0
36485 0
36485 0
36485 962.51457719576
36485 962.51457719576
36485 962.51457719576
36485 962.51457719576
36485 962.51457719576
36485 0
36485 0
36485 0
36485 0
36485 0
36485 0
36485 0
36485 0
36485 0
36485 0
36485 0
36485 0
36485 0
36485 352.324688702254
36485 352.324688702254
36485 352.324688702254
36485 0
36485 0
36485 0
36485 0
36485 0
36523 0
36523 0
36523 0
36523 0
36523 0
36523 0
36523 0
36523 0
36523 0
36523 0
36523 0
36523 962.51457719576
36523 962.51457719576
36523 962.51457719576
36523 962.51457719576
36523 962.51457719576
36523 0
36523 0
36523 0
36523 0
36523 0
36523 0
36523 0
36523 0
36523 0
36523 0
36523 0
36523 0
36523 0
36523 352.324688702254
36523 352.324688702254
36523 352.324688702254
36523 0
36523 0
36523 0
36523 0
36523 0
36449 0
36449 0
36449 0
36449 0
36449 0
36449 0
36449 0
36449 0
36449 0
36449 0
36449 0
36449 962.51457719576
36449 962.51457719576
36449 962.51457719576
36449 962.51457719576
36449 962.51457719576
36449 0
36449 0
36449 0
36449 0
36449 0
36449 0
36449 0
36449 0
36449 0
36449 0
36449 0
36449 0
36449 0
36449 352.324688702254
36449 352.324688702254
36449 352.324688702254
36449 0
36449 0
36449 0
36449 0
36449 0
36487 0
36487 0
36487 0
36487 0
36487 0
36487 0
36487 0
36487 0
36487 0
36487 0
36487 0
36487 962.51457719576
36487 962.51457719576
36487 962.51457719576
36487 962.51457719576
36487 962.51457719576
36487 0
36487 0
36487 0
36487 0
36487 0
36487 0
36487 0
36487 0
36487 0
36487 0
36487 0
36487 0
36487 0
36487 352.324688702254
36487 352.324688702254
36487 352.324688702254
36487 0
36487 0
36487 0
36487 0
36487 0
36413 0
36413 0
36413 0
36413 0
36413 0
36413 0
36413 0
36413 0
36413 0
36413 0
36413 0
36413 962.51457719576
36413 962.51457719576
36413 962.51457719576
36413 962.51457719576
36413 962.51457719576
36413 0
36413 0
36413 0
36413 0
36413 0
36413 0
36413 0
36413 0
36413 0
36413 0
36413 0
36413 0
36413 0
36413 352.324688702254
36413 352.324688702254
36413 352.324688702254
36413 0
36413 0
36413 0
36413 0
36413 0
35724 0
35724 0
35724 0
35724 0
35724 0
35724 0
35724 0
35724 0
35724 0
35724 0
35724 0
35724 962.51457719576
35724 962.51457719576
35724 962.51457719576
35724 962.51457719576
35724 962.51457719576
35724 0
35724 0
35724 0
35724 0
35724 0
35724 0
35724 0
35724 0
35724 0
35724 0
35724 0
35724 0
35724 0
35724 352.324688702254
35724 352.324688702254
35724 352.324688702254
35724 0
35724 0
35724 0
35724 0
35724 0
35875 0
35875 0
35875 0
35875 0
35875 0
35875 0
35875 0
35875 0
35875 0
35875 0
35875 0
35875 962.51457719576
35875 962.51457719576
35875 962.51457719576
35875 962.51457719576
35875 962.51457719576
35875 0
35875 0
35875 0
35875 0
35875 0
35875 0
35875 0
35875 0
35875 0
35875 0
35875 0
35875 0
35875 0
35875 352.324688702254
35875 352.324688702254
35875 352.324688702254
35875 0
35875 0
35875 0
35875 0
35875 0
36070 0
36070 0
36070 0
36070 0
36070 0
36070 0
36070 0
36070 0
36070 0
36070 0
36070 0
36070 962.51457719576
36070 962.51457719576
36070 962.51457719576
36070 962.51457719576
36070 962.51457719576
36070 0
36070 0
36070 0
36070 0
36070 0
36070 0
36070 0
36070 0
36070 0
36070 0
36070 0
36070 0
36070 0
36070 352.324688702254
36070 352.324688702254
36070 352.324688702254
36070 0
36070 0
36070 0
36070 0
36070 0
37678 0
37678 0
37678 0
37678 0
37678 0
37678 0
37678 0
37678 0
37678 0
37678 0
37678 0
37678 962.51457719576
37678 962.51457719576
37678 962.51457719576
37678 962.51457719576
37678 962.51457719576
37678 0
37678 0
37678 0
37678 0
37678 0
37678 0
37678 0
37678 0
37678 0
37678 0
37678 0
37678 0
37678 0
37678 352.324688702254
37678 352.324688702254
37678 352.324688702254
37678 0
37678 0
37678 0
37678 0
37678 0
36714 0
36714 0
36714 0
36714 0
36714 0
36714 0
36714 0
36714 0
36714 0
36714 0
36714 0
36714 962.51457719576
36714 962.51457719576
36714 962.51457719576
36714 962.51457719576
36714 962.51457719576
36714 0
36714 0
36714 0
36714 0
36714 0
36714 0
36714 0
36714 0
36714 0
36714 0
36714 0
36714 0
36714 0
36714 352.324688702254
36714 352.324688702254
36714 352.324688702254
36714 0
36714 0
36714 0
36714 0
36714 0
263 0
263 0
263 0
263 0
263 0
263 0
263 0
263 0
263 0
263 0
263 0
263 962.51457719576
263 962.51457719576
263 962.51457719576
263 962.51457719576
263 962.51457719576
263 0
263 0
263 0
263 0
263 0
263 0
263 0
263 0
263 0
263 0
263 0
263 0
263 0
263 352.324688702254
263 352.324688702254
263 352.324688702254
263 0
263 0
263 0
263 0
263 0
285 0
285 0
285 0
285 0
285 0
285 0
285 0
285 0
285 0
285 0
285 0
285 962.51457719576
285 962.51457719576
285 962.51457719576
285 962.51457719576
285 962.51457719576
285 0
285 0
285 0
285 0
285 0
285 0
285 0
285 0
285 0
285 0
285 0
285 0
285 0
285 352.324688702254
285 352.324688702254
285 352.324688702254
285 0
285 0
285 0
285 0
285 0
308 0
308 0
308 0
308 0
308 0
308 0
308 0
308 0
308 0
308 0
308 0
308 962.51457719576
308 962.51457719576
308 962.51457719576
308 962.51457719576
308 962.51457719576
308 0
308 0
308 0
308 0
308 0
308 0
308 0
308 0
308 0
308 0
308 0
308 0
308 0
308 352.324688702254
308 352.324688702254
308 352.324688702254
308 0
308 0
308 0
308 0
308 0
36349 0
36349 0
36349 0
36349 0
36349 0
36349 0
36349 0
36349 0
36349 0
36349 0
36349 0
36349 962.51457719576
36349 962.51457719576
36349 962.51457719576
36349 962.51457719576
36349 962.51457719576
36349 0
36349 0
36349 0
36349 0
36349 0
36349 0
36349 0
36349 0
36349 0
36349 0
36349 0
36349 0
36349 0
36349 352.324688702254
36349 352.324688702254
36349 352.324688702254
36349 0
36349 0
36349 0
36349 0
36349 0
36425 0
36425 0
36425 0
36425 0
36425 0
36425 0
36425 0
36425 0
36425 0
36425 0
36425 0
36425 962.51457719576
36425 962.51457719576
36425 962.51457719576
36425 962.51457719576
36425 962.51457719576
36425 0
36425 0
36425 0
36425 0
36425 0
36425 0
36425 0
36425 0
36425 0
36425 0
36425 0
36425 0
36425 0
36425 352.324688702254
36425 352.324688702254
36425 352.324688702254
36425 0
36425 0
36425 0
36425 0
36425 0
309 0
309 0
309 0
309 0
309 0
309 0
309 0
309 0
309 0
309 0
309 0
309 962.51457719576
309 962.51457719576
309 962.51457719576
309 962.51457719576
309 962.51457719576
309 0
309 0
309 0
309 0
309 0
309 0
309 0
309 0
309 0
309 0
309 0
309 0
309 0
309 352.324688702254
309 352.324688702254
309 352.324688702254
309 0
309 0
309 0
309 0
309 0
36998 0
36998 0
36998 0
36998 0
36998 0
36998 0
36998 0
36998 0
36998 0
36998 0
36998 0
36998 962.51457719576
36998 962.51457719576
36998 962.51457719576
36998 962.51457719576
36998 962.51457719576
36998 0
36998 0
36998 0
36998 0
36998 0
36998 0
36998 0
36998 0
36998 0
36998 0
36998 0
36998 0
36998 0
36998 352.324688702254
36998 352.324688702254
36998 352.324688702254
36998 0
36998 0
36998 0
36998 0
36998 0
287 0
287 0
287 0
287 0
287 0
287 0
287 0
287 0
287 0
287 0
287 0
287 962.51457719576
287 962.51457719576
287 962.51457719576
287 962.51457719576
287 962.51457719576
287 0
287 0
287 0
287 0
287 0
287 0
287 0
287 0
287 0
287 0
287 0
287 0
287 0
287 352.324688702254
287 352.324688702254
287 352.324688702254
287 0
287 0
287 0
287 0
287 0
404 0
404 0
404 0
404 0
404 0
404 0
404 0
404 0
404 0
404 0
404 0
404 962.51457719576
404 962.51457719576
404 962.51457719576
404 962.51457719576
404 962.51457719576
404 0
404 0
404 0
404 0
404 0
404 0
404 0
404 0
404 0
404 0
404 0
404 0
404 0
404 352.324688702254
404 352.324688702254
404 352.324688702254
404 0
404 0
404 0
404 0
404 0
429 0
429 0
429 0
429 0
429 0
429 0
429 0
429 0
429 0
429 0
429 0
429 962.51457719576
429 962.51457719576
429 962.51457719576
429 962.51457719576
429 962.51457719576
429 0
429 0
429 0
429 0
429 0
429 0
429 0
429 0
429 0
429 0
429 0
429 0
429 0
429 352.324688702254
429 352.324688702254
429 352.324688702254
429 0
429 0
429 0
429 0
429 0
476 0
476 0
476 0
476 0
476 0
476 0
476 0
476 0
476 0
476 0
476 0
476 962.51457719576
476 962.51457719576
476 962.51457719576
476 962.51457719576
476 962.51457719576
476 0
476 0
476 0
476 0
476 0
476 0
476 0
476 0
476 0
476 0
476 0
476 0
476 0
476 352.324688702254
476 352.324688702254
476 352.324688702254
476 0
476 0
476 0
476 0
476 0
500 0
500 0
500 0
500 0
500 0
500 0
500 0
500 0
500 0
500 0
500 0
500 962.51457719576
500 962.51457719576
500 962.51457719576
500 962.51457719576
500 962.51457719576
500 0
500 0
500 0
500 0
500 0
500 0
500 0
500 0
500 0
500 0
500 0
500 0
500 0
500 352.324688702254
500 352.324688702254
500 352.324688702254
500 0
500 0
500 0
500 0
500 0
430 0
430 0
430 0
430 0
430 0
430 0
430 0
430 0
430 0
430 0
430 0
430 962.51457719576
430 962.51457719576
430 962.51457719576
430 962.51457719576
430 962.51457719576
430 0
430 0
430 0
430 0
430 0
430 0
430 0
430 0
430 0
430 0
430 0
430 0
430 0
430 352.324688702254
430 352.324688702254
430 352.324688702254
430 0
430 0
430 0
430 0
430 0
501 0
501 0
501 0
501 0
501 0
501 0
501 0
501 0
501 0
501 0
501 0
501 962.51457719576
501 962.51457719576
501 962.51457719576
501 962.51457719576
501 962.51457719576
501 0
501 0
501 0
501 0
501 0
501 0
501 0
501 0
501 0
501 0
501 0
501 0
501 0
501 352.324688702254
501 352.324688702254
501 352.324688702254
501 0
501 0
501 0
501 0
501 0
385 0
385 0
385 0
385 0
385 0
385 0
385 0
385 0
385 0
385 0
385 0
385 962.51457719576
385 962.51457719576
385 962.51457719576
385 962.51457719576
385 962.51457719576
385 0
385 0
385 0
385 0
385 0
385 0
385 0
385 0
385 0
385 0
385 0
385 0
385 0
385 352.324688702254
385 352.324688702254
385 352.324688702254
385 0
385 0
385 0
385 0
385 0
409 0
409 0
409 0
409 0
409 0
409 0
409 0
409 0
409 0
409 0
409 0
409 962.51457719576
409 962.51457719576
409 962.51457719576
409 962.51457719576
409 962.51457719576
409 0
409 0
409 0
409 0
409 0
409 0
409 0
409 0
409 0
409 0
409 0
409 0
409 0
409 352.324688702254
409 352.324688702254
409 352.324688702254
409 0
409 0
409 0
409 0
409 0
458 0
458 0
458 0
458 0
458 0
458 0
458 0
458 0
458 0
458 0
458 0
458 962.51457719576
458 962.51457719576
458 962.51457719576
458 962.51457719576
458 962.51457719576
458 0
458 0
458 0
458 0
458 0
458 0
458 0
458 0
458 0
458 0
458 0
458 0
458 0
458 352.324688702254
458 352.324688702254
458 352.324688702254
458 0
458 0
458 0
458 0
458 0
481 0
481 0
481 0
481 0
481 0
481 0
481 0
481 0
481 0
481 0
481 0
481 962.51457719576
481 962.51457719576
481 962.51457719576
481 962.51457719576
481 962.51457719576
481 0
481 0
481 0
481 0
481 0
481 0
481 0
481 0
481 0
481 0
481 0
481 0
481 0
481 352.324688702254
481 352.324688702254
481 352.324688702254
481 0
481 0
481 0
481 0
481 0
505 0
505 0
505 0
505 0
505 0
505 0
505 0
505 0
505 0
505 0
505 0
505 962.51457719576
505 962.51457719576
505 962.51457719576
505 962.51457719576
505 962.51457719576
505 0
505 0
505 0
505 0
505 0
505 0
505 0
505 0
505 0
505 0
505 0
505 0
505 0
505 352.324688702254
505 352.324688702254
505 352.324688702254
505 0
505 0
505 0
505 0
505 0
530 0
530 0
530 0
530 0
530 0
530 0
530 0
530 0
530 0
530 0
530 0
530 962.51457719576
530 962.51457719576
530 962.51457719576
530 962.51457719576
530 962.51457719576
530 0
530 0
530 0
530 0
530 0
530 0
530 0
530 0
530 0
530 0
530 0
530 0
530 0
530 352.324688702254
530 352.324688702254
530 352.324688702254
530 0
530 0
530 0
530 0
530 0
555 0
555 0
555 0
555 0
555 0
555 0
555 0
555 0
555 0
555 0
555 0
555 962.51457719576
555 962.51457719576
555 962.51457719576
555 962.51457719576
555 962.51457719576
555 0
555 0
555 0
555 0
555 0
555 0
555 0
555 0
555 0
555 0
555 0
555 0
555 0
555 352.324688702254
555 352.324688702254
555 352.324688702254
555 0
555 0
555 0
555 0
555 0
506 0
506 0
506 0
506 0
506 0
506 0
506 0
506 0
506 0
506 0
506 0
506 962.51457719576
506 962.51457719576
506 962.51457719576
506 962.51457719576
506 962.51457719576
506 0
506 0
506 0
506 0
506 0
506 0
506 0
506 0
506 0
506 0
506 0
506 0
506 0
506 352.324688702254
506 352.324688702254
506 352.324688702254
506 0
506 0
506 0
506 0
506 0
531 0
531 0
531 0
531 0
531 0
531 0
531 0
531 0
531 0
531 0
531 0
531 962.51457719576
531 962.51457719576
531 962.51457719576
531 962.51457719576
531 962.51457719576
531 0
531 0
531 0
531 0
531 0
531 0
531 0
531 0
531 0
531 0
531 0
531 0
531 0
531 352.324688702254
531 352.324688702254
531 352.324688702254
531 0
531 0
531 0
531 0
531 0
556 0
556 0
556 0
556 0
556 0
556 0
556 0
556 0
556 0
556 0
556 0
556 962.51457719576
556 962.51457719576
556 962.51457719576
556 962.51457719576
556 962.51457719576
556 0
556 0
556 0
556 0
556 0
556 0
556 0
556 0
556 0
556 0
556 0
556 0
556 0
556 352.324688702254
556 352.324688702254
556 352.324688702254
556 0
556 0
556 0
556 0
556 0
582 0
582 0
582 0
582 0
582 0
582 0
582 0
582 0
582 0
582 0
582 0
582 962.51457719576
582 962.51457719576
582 962.51457719576
582 962.51457719576
582 962.51457719576
582 0
582 0
582 0
582 0
582 0
582 0
582 0
582 0
582 0
582 0
582 0
582 0
582 0
582 352.324688702254
582 352.324688702254
582 352.324688702254
582 0
582 0
582 0
582 0
582 0
837 0
837 0
837 0
837 0
837 0
837 0
837 0
837 0
837 0
837 0
837 0
837 962.51457719576
837 962.51457719576
837 962.51457719576
837 962.51457719576
837 962.51457719576
837 0
837 0
837 0
837 0
837 0
837 0
837 0
837 0
837 0
837 0
837 0
837 0
837 0
837 352.324688702254
837 352.324688702254
837 352.324688702254
837 0
837 0
837 0
837 0
837 0
1547 0
1547 0
1547 0
1547 0
1547 0
1547 0
1547 0
1547 0
1547 0
1547 0
1547 0
1547 962.51457719576
1547 962.51457719576
1547 962.51457719576
1547 962.51457719576
1547 962.51457719576
1547 0
1547 0
1547 0
1547 0
1547 0
1547 0
1547 0
1547 0
1547 0
1547 0
1547 0
1547 0
1547 0
1547 352.324688702254
1547 352.324688702254
1547 352.324688702254
1547 0
1547 0
1547 0
1547 0
1547 0
