pt_graph scale
14909 210.281268258411
14909 210.281268258411
14909 210.281268258411
14909 20.8067518496165
14909 23.2056739280931
14909 23.2056739280931
14909 459.008976304555
14909 459.008976304555
14909 0.0608357884701686
14909 0
14909 0
14909 0
14909 16.6213429906482
14909 16.6213429906482
14909 0
14909 0.390562137247492
14909 0
14909 0
14909 0.52328452794662
14909 85.3755657853193
14909 85.3755657853193
18916 210.281268258411
18916 210.281268258411
18916 210.281268258411
18916 20.8067518496165
18916 23.2056739280931
18916 23.2056739280931
18916 459.008976304555
18916 459.008976304555
18916 0.0608357884701686
18916 0
18916 0
18916 0
18916 16.6213429906482
18916 16.6213429906482
18916 0
18916 0.390562137247492
18916 0
18916 0
18916 0.52328452794662
18916 85.3755657853193
18916 85.3755657853193
18739 210.281268258411
18739 210.281268258411
18739 210.281268258411
18739 20.8067518496165
18739 23.2056739280931
18739 23.2056739280931
18739 459.008976304555
18739 459.008976304555
18739 0.0608357884701686
18739 0
18739 0
18739 0
18739 16.6213429906482
18739 16.6213429906482
18739 0
18739 0.390562137247492
18739 0
18739 0
18739 0.52328452794662
18739 85.3755657853193
18739 85.3755657853193
18917 210.281268258411
18917 210.281268258411
18917 210.281268258411
18917 20.8067518496165
18917 23.2056739280931
18917 23.2056739280931
18917 459.008976304555
18917 459.008976304555
18917 0.0608357884701686
18917 0
18917 0
18917 0
18917 16.6213429906482
18917 16.6213429906482
18917 0
18917 0.390562137247492
18917 0
18917 0
18917 0.52328452794662
18917 85.3755657853193
18917 85.3755657853193
28292 210.281268258411
28292 210.281268258411
28292 210.281268258411
28292 20.8067518496165
28292 23.2056739280931
28292 23.2056739280931
28292 459.008976304555
28292 459.008976304555
28292 0.0608357884701686
28292 0
28292 0
28292 0
28292 16.6213429906482
28292 16.6213429906482
28292 0
28292 0.390562137247492
28292 0
28292 0
28292 0.52328452794662
28292 85.3755657853193
28292 85.3755657853193
17856 210.281268258411
17856 210.281268258411
17856 210.281268258411
17856 20.8067518496165
17856 23.2056739280931
17856 23.2056739280931
17856 459.008976304555
17856 459.008976304555
17856 0.0608357884701686
17856 0
17856 0
17856 0
17856 16.6213429906482
17856 16.6213429906482
17856 0
17856 0.390562137247492
17856 0
17856 0
17856 0.52328452794662
17856 85.3755657853193
17856 85.3755657853193
18033 210.281268258411
18033 210.281268258411
18033 210.281268258411
18033 20.8067518496165
18033 23.2056739280931
18033 23.2056739280931
18033 459.008976304555
18033 459.008976304555
18033 0.0608357884701686
18033 0
18033 0
18033 0
18033 16.6213429906482
18033 16.6213429906482
18033 0
18033 0.390562137247492
18033 0
18033 0
18033 0.52328452794662
18033 85.3755657853193
18033 85.3755657853193
18207 210.281268258411
18207 210.281268258411
18207 210.281268258411
18207 20.8067518496165
18207 23.2056739280931
18207 23.2056739280931
18207 459.008976304555
18207 459.008976304555
18207 0.0608357884701686
18207 0
18207 0
18207 0
18207 16.6213429906482
18207 16.6213429906482
18207 0
18207 0.390562137247492
18207 0
18207 0
18207 0.52328452794662
18207 85.3755657853193
18207 85.3755657853193
18034 210.281268258411
18034 210.281268258411
18034 210.281268258411
18034 20.8067518496165
18034 23.2056739280931
18034 23.2056739280931
18034 459.008976304555
18034 459.008976304555
18034 0.0608357884701686
18034 0
18034 0
18034 0
18034 16.6213429906482
18034 16.6213429906482
18034 0
18034 0.390562137247492
18034 0
18034 0
18034 0.52328452794662
18034 85.3755657853193
18034 85.3755657853193
18208 210.281268258411
18208 210.281268258411
18208 210.281268258411
18208 20.8067518496165
18208 23.2056739280931
18208 23.2056739280931
18208 459.008976304555
18208 459.008976304555
18208 0.0608357884701686
18208 0
18208 0
18208 0
18208 16.6213429906482
18208 16.6213429906482
18208 0
18208 0.390562137247492
18208 0
18208 0
18208 0.52328452794662
18208 85.3755657853193
18208 85.3755657853193
18383 210.281268258411
18383 210.281268258411
18383 210.281268258411
18383 20.8067518496165
18383 23.2056739280931
18383 23.2056739280931
18383 459.008976304555
18383 459.008976304555
18383 0.0608357884701686
18383 0
18383 0
18383 0
18383 16.6213429906482
18383 16.6213429906482
18383 0
18383 0.390562137247492
18383 0
18383 0
18383 0.52328452794662
18383 85.3755657853193
18383 85.3755657853193
14745 210.281268258411
14745 210.281268258411
14745 210.281268258411
14745 20.8067518496165
14745 23.2056739280931
14745 23.2056739280931
14745 459.008976304555
14745 459.008976304555
14745 0.0608357884701686
14745 0
14745 0
14745 0
14745 16.6213429906482
14745 16.6213429906482
14745 0
14745 0.390562137247492
14745 0
14745 0
14745 0.52328452794662
14745 85.3755657853193
14745 85.3755657853193
11569 210.281268258411
11569 210.281268258411
11569 210.281268258411
11569 20.8067518496165
11569 23.2056739280931
11569 23.2056739280931
11569 459.008976304555
11569 459.008976304555
11569 0.0608357884701686
11569 0
11569 0
11569 0
11569 16.6213429906482
11569 16.6213429906482
11569 0
11569 0.390562137247492
11569 0
11569 0
11569 0.52328452794662
11569 85.3755657853193
11569 85.3755657853193
11734 210.281268258411
11734 210.281268258411
11734 210.281268258411
11734 20.8067518496165
11734 23.2056739280931
11734 23.2056739280931
11734 459.008976304555
11734 459.008976304555
11734 0.0608357884701686
11734 0
11734 0
11734 0
11734 16.6213429906482
11734 16.6213429906482
11734 0
11734 0.390562137247492
11734 0
11734 0
11734 0.52328452794662
11734 85.3755657853193
11734 85.3755657853193
11572 210.281268258411
11572 210.281268258411
11572 210.281268258411
11572 20.8067518496165
11572 23.2056739280931
11572 23.2056739280931
11572 459.008976304555
11572 459.008976304555
11572 0.0608357884701686
11572 0
11572 0
11572 0
11572 16.6213429906482
11572 16.6213429906482
11572 0
11572 0.390562137247492
11572 0
11572 0
11572 0.52328452794662
11572 85.3755657853193
11572 85.3755657853193
11735 210.281268258411
11735 210.281268258411
11735 210.281268258411
11735 20.8067518496165
11735 23.2056739280931
11735 23.2056739280931
11735 459.008976304555
11735 459.008976304555
11735 0.0608357884701686
11735 0
11735 0
11735 0
11735 16.6213429906482
11735 16.6213429906482
11735 0
11735 0.390562137247492
11735 0
11735 0
11735 0.52328452794662
11735 85.3755657853193
11735 85.3755657853193
11900 210.281268258411
11900 210.281268258411
11900 210.281268258411
11900 20.8067518496165
11900 23.2056739280931
11900 23.2056739280931
11900 459.008976304555
11900 459.008976304555
11900 0.0608357884701686
11900 0
11900 0
11900 0
11900 16.6213429906482
11900 16.6213429906482
11900 0
11900 0.390562137247492
11900 0
11900 0
11900 0.52328452794662
11900 85.3755657853193
11900 85.3755657853193
19436 210.281268258411
19436 210.281268258411
19436 210.281268258411
19436 20.8067518496165
19436 23.2056739280931
19436 23.2056739280931
19436 459.008976304555
19436 459.008976304555
19436 0.0608357884701686
19436 0
19436 0
19436 0
19436 16.6213429906482
19436 16.6213429906482
19436 0
19436 0.390562137247492
19436 0
19436 0
19436 0.52328452794662
19436 85.3755657853193
19436 85.3755657853193
19595 210.281268258411
19595 210.281268258411
19595 210.281268258411
19595 20.8067518496165
19595 23.2056739280931
19595 23.2056739280931
19595 459.008976304555
19595 459.008976304555
19595 0.0608357884701686
19595 0
19595 0
19595 0
19595 16.6213429906482
19595 16.6213429906482
19595 0
19595 0.390562137247492
19595 0
19595 0
19595 0.52328452794662
19595 85.3755657853193
19595 85.3755657853193
19755 210.281268258411
19755 210.281268258411
19755 210.281268258411
19755 20.8067518496165
19755 23.2056739280931
19755 23.2056739280931
19755 459.008976304555
19755 459.008976304555
19755 0.0608357884701686
19755 0
19755 0
19755 0
19755 16.6213429906482
19755 16.6213429906482
19755 0
19755 0.390562137247492
19755 0
19755 0
19755 0.52328452794662
19755 85.3755657853193
19755 85.3755657853193
7161 210.281268258411
7161 210.281268258411
7161 210.281268258411
7161 20.8067518496165
7161 23.2056739280931
7161 23.2056739280931
7161 459.008976304555
7161 459.008976304555
7161 0.0608357884701686
7161 0
7161 0
7161 0
7161 16.6213429906482
7161 16.6213429906482
7161 0
7161 0.390562137247492
7161 0
7161 0
7161 0.52328452794662
7161 85.3755657853193
7161 85.3755657853193
7090 210.281268258411
7090 210.281268258411
7090 210.281268258411
7090 20.8067518496165
7090 23.2056739280931
7090 23.2056739280931
7090 459.008976304555
7090 459.008976304555
7090 0.0608357884701686
7090 0
7090 0
7090 0
7090 16.6213429906482
7090 16.6213429906482
7090 0
7090 0.390562137247492
7090 0
7090 0
7090 0.52328452794662
7090 85.3755657853193
7090 85.3755657853193
7162 210.281268258411
7162 210.281268258411
7162 210.281268258411
7162 20.8067518496165
7162 23.2056739280931
7162 23.2056739280931
7162 459.008976304555
7162 459.008976304555
7162 0.0608357884701686
7162 0
7162 0
7162 0
7162 16.6213429906482
7162 16.6213429906482
7162 0
7162 0.390562137247492
7162 0
7162 0
7162 0.52328452794662
7162 85.3755657853193
7162 85.3755657853193
20037 210.281268258411
20037 210.281268258411
20037 210.281268258411
20037 20.8067518496165
20037 23.2056739280931
20037 23.2056739280931
20037 459.008976304555
20037 459.008976304555
20037 0.0608357884701686
20037 0
20037 0
20037 0
20037 16.6213429906482
20037 16.6213429906482
20037 0
20037 0.390562137247492
20037 0
20037 0
20037 0.52328452794662
20037 85.3755657853193
20037 85.3755657853193
20171 210.281268258411
20171 210.281268258411
20171 210.281268258411
20171 20.8067518496165
20171 23.2056739280931
20171 23.2056739280931
20171 459.008976304555
20171 459.008976304555
20171 0.0608357884701686
20171 0
20171 0
20171 0
20171 16.6213429906482
20171 16.6213429906482
20171 0
20171 0.390562137247492
20171 0
20171 0
20171 0.52328452794662
20171 85.3755657853193
20171 85.3755657853193
7163 210.281268258411
7163 210.281268258411
7163 210.281268258411
7163 20.8067518496165
7163 23.2056739280931
7163 23.2056739280931
7163 459.008976304555
7163 459.008976304555
7163 0.0608357884701686
7163 0
7163 0
7163 0
7163 16.6213429906482
7163 16.6213429906482
7163 0
7163 0.390562137247492
7163 0
7163 0
7163 0.52328452794662
7163 85.3755657853193
7163 85.3755657853193
7310 210.281268258411
7310 210.281268258411
7310 210.281268258411
7310 20.8067518496165
7310 23.2056739280931
7310 23.2056739280931
7310 459.008976304555
7310 459.008976304555
7310 0.0608357884701686
7310 0
7310 0
7310 0
7310 16.6213429906482
7310 16.6213429906482
7310 0
7310 0.390562137247492
7310 0
7310 0
7310 0.52328452794662
7310 85.3755657853193
7310 85.3755657853193
20038 210.281268258411
20038 210.281268258411
20038 210.281268258411
20038 20.8067518496165
20038 23.2056739280931
20038 23.2056739280931
20038 459.008976304555
20038 459.008976304555
20038 0.0608357884701686
20038 0
20038 0
20038 0
20038 16.6213429906482
20038 16.6213429906482
20038 0
20038 0.390562137247492
20038 0
20038 0
20038 0.52328452794662
20038 85.3755657853193
20038 85.3755657853193
20172 210.281268258411
20172 210.281268258411
20172 210.281268258411
20172 20.8067518496165
20172 23.2056739280931
20172 23.2056739280931
20172 459.008976304555
20172 459.008976304555
20172 0.0608357884701686
20172 0
20172 0
20172 0
20172 16.6213429906482
20172 16.6213429906482
20172 0
20172 0.390562137247492
20172 0
20172 0
20172 0.52328452794662
20172 85.3755657853193
20172 85.3755657853193
20039 210.281268258411
20039 210.281268258411
20039 210.281268258411
20039 20.8067518496165
20039 23.2056739280931
20039 23.2056739280931
20039 459.008976304555
20039 459.008976304555
20039 0.0608357884701686
20039 0
20039 0
20039 0
20039 16.6213429906482
20039 16.6213429906482
20039 0
20039 0.390562137247492
20039 0
20039 0
20039 0.52328452794662
20039 85.3755657853193
20039 85.3755657853193
20173 210.281268258411
20173 210.281268258411
20173 210.281268258411
20173 20.8067518496165
20173 23.2056739280931
20173 23.2056739280931
20173 459.008976304555
20173 459.008976304555
20173 0.0608357884701686
20173 0
20173 0
20173 0
20173 16.6213429906482
20173 16.6213429906482
20173 0
20173 0.390562137247492
20173 0
20173 0
20173 0.52328452794662
20173 85.3755657853193
20173 85.3755657853193
20040 210.281268258411
20040 210.281268258411
20040 210.281268258411
20040 20.8067518496165
20040 23.2056739280931
20040 23.2056739280931
20040 459.008976304555
20040 459.008976304555
20040 0.0608357884701686
20040 0
20040 0
20040 0
20040 16.6213429906482
20040 16.6213429906482
20040 0
20040 0.390562137247492
20040 0
20040 0
20040 0.52328452794662
20040 85.3755657853193
20040 85.3755657853193
20041 210.281268258411
20041 210.281268258411
20041 210.281268258411
20041 20.8067518496165
20041 23.2056739280931
20041 23.2056739280931
20041 459.008976304555
20041 459.008976304555
20041 0.0608357884701686
20041 0
20041 0
20041 0
20041 16.6213429906482
20041 16.6213429906482
20041 0
20041 0.390562137247492
20041 0
20041 0
20041 0.52328452794662
20041 85.3755657853193
20041 85.3755657853193
9740 210.281268258411
9740 210.281268258411
9740 210.281268258411
9740 20.8067518496165
9740 23.2056739280931
9740 23.2056739280931
9740 459.008976304555
9740 459.008976304555
9740 0.0608357884701686
9740 0
9740 0
9740 0
9740 16.6213429906482
9740 16.6213429906482
9740 0
9740 0.390562137247492
9740 0
9740 0
9740 0.52328452794662
9740 85.3755657853193
9740 85.3755657853193
9615 210.281268258411
9615 210.281268258411
9615 210.281268258411
9615 20.8067518496165
9615 23.2056739280931
9615 23.2056739280931
9615 459.008976304555
9615 459.008976304555
9615 0.0608357884701686
9615 0
9615 0
9615 0
9615 16.6213429906482
9615 16.6213429906482
9615 0
9615 0.390562137247492
9615 0
9615 0
9615 0.52328452794662
9615 85.3755657853193
9615 85.3755657853193
11020 210.281268258411
11020 210.281268258411
11020 210.281268258411
11020 20.8067518496165
11020 23.2056739280931
11020 23.2056739280931
11020 459.008976304555
11020 459.008976304555
11020 0.0608357884701686
11020 0
11020 0
11020 0
11020 16.6213429906482
11020 16.6213429906482
11020 0
11020 0.390562137247492
11020 0
11020 0
11020 0.52328452794662
11020 85.3755657853193
11020 85.3755657853193
11314 210.281268258411
11314 210.281268258411
11314 210.281268258411
11314 20.8067518496165
11314 23.2056739280931
11314 23.2056739280931
11314 459.008976304555
11314 459.008976304555
11314 0.0608357884701686
11314 0
11314 0
11314 0
11314 16.6213429906482
11314 16.6213429906482
11314 0
11314 0.390562137247492
11314 0
11314 0
11314 0.52328452794662
11314 85.3755657853193
11314 85.3755657853193
16028 210.281268258411
16028 210.281268258411
16028 210.281268258411
16028 20.8067518496165
16028 23.2056739280931
16028 23.2056739280931
16028 459.008976304555
16028 459.008976304555
16028 0.0608357884701686
16028 0
16028 0
16028 0
16028 16.6213429906482
16028 16.6213429906482
16028 0
16028 0.390562137247492
16028 0
16028 0
16028 0.52328452794662
16028 85.3755657853193
16028 85.3755657853193
9121 210.281268258411
9121 210.281268258411
9121 210.281268258411
9121 20.8067518496165
9121 23.2056739280931
9121 23.2056739280931
9121 459.008976304555
9121 459.008976304555
9121 0.0608357884701686
9121 0
9121 0
9121 0
9121 16.6213429906482
9121 16.6213429906482
9121 0
9121 0.390562137247492
9121 0
9121 0
9121 0.52328452794662
9121 85.3755657853193
9121 85.3755657853193
9003 210.281268258411
9003 210.281268258411
9003 210.281268258411
9003 20.8067518496165
9003 23.2056739280931
9003 23.2056739280931
9003 459.008976304555
9003 459.008976304555
9003 0.0608357884701686
9003 0
9003 0
9003 0
9003 16.6213429906482
9003 16.6213429906482
9003 0
9003 0.390562137247492
9003 0
9003 0
9003 0.52328452794662
9003 85.3755657853193
9003 85.3755657853193
9122 210.281268258411
9122 210.281268258411
9122 210.281268258411
9122 20.8067518496165
9122 23.2056739280931
9122 23.2056739280931
9122 459.008976304555
9122 459.008976304555
9122 0.0608357884701686
9122 0
9122 0
9122 0
9122 16.6213429906482
9122 16.6213429906482
9122 0
9122 0.390562137247492
9122 0
9122 0
9122 0.52328452794662
9122 85.3755657853193
9122 85.3755657853193
9750 210.281268258411
9750 210.281268258411
9750 210.281268258411
9750 20.8067518496165
9750 23.2056739280931
9750 23.2056739280931
9750 459.008976304555
9750 459.008976304555
9750 0.0608357884701686
9750 0
9750 0
9750 0
9750 16.6213429906482
9750 16.6213429906482
9750 0
9750 0.390562137247492
9750 0
9750 0
9750 0.52328452794662
9750 85.3755657853193
9750 85.3755657853193
