pt_graph cpue_kghour
19607 0
19607 56.65119351
19607 56.65119351
19607 56.65119351
19607 56.65119351
19607 0
19607 0
19607 228.2015084275
19607 228.2015084275
19607 228.2015084275
19607 228.2015084275
19607 0
19607 0
19607 0
19607 0
19607 0
19607 0
19607 0
19607 0
19607 0
19607 0
19607 0
19607 0
19607 0
19607 0
19607 0
19607 0
19607 0
19607 0
19607 0
19607 0
19607 0
19607 0
19607 0
19607 0
19607 14.38356164
19607 23.33333333
19781 0
19781 56.65119351
19781 56.65119351
19781 56.65119351
19781 56.65119351
19781 0
19781 0
19781 228.2015084275
19781 228.2015084275
19781 228.2015084275
19781 228.2015084275
19781 0
19781 0
19781 0
19781 0
19781 0
19781 0
19781 0
19781 0
19781 0
19781 0
19781 0
19781 0
19781 0
19781 0
19781 0
19781 0
19781 0
19781 0
19781 0
19781 0
19781 0
19781 0
19781 0
19781 0
19781 14.38356164
19781 23.33333333
20297 0
20297 56.65119351
20297 56.65119351
20297 56.65119351
20297 56.65119351
20297 0
20297 0
20297 228.2015084275
20297 228.2015084275
20297 228.2015084275
20297 228.2015084275
20297 0
20297 0
20297 0
20297 0
20297 0
20297 0
20297 0
20297 0
20297 0
20297 0
20297 0
20297 0
20297 0
20297 0
20297 0
20297 0
20297 0
20297 0
20297 0
20297 0
20297 0
20297 0
20297 0
20297 0
20297 14.38356164
20297 23.33333333
18896 0
18896 56.65119351
18896 56.65119351
18896 56.65119351
18896 56.65119351
18896 0
18896 0
18896 228.2015084275
18896 228.2015084275
18896 228.2015084275
18896 228.2015084275
18896 0
18896 0
18896 0
18896 0
18896 0
18896 0
18896 0
18896 0
18896 0
18896 0
18896 0
18896 0
18896 0
18896 0
18896 0
18896 0
18896 0
18896 0
18896 0
18896 0
18896 0
18896 0
18896 0
18896 0
18896 14.38356164
18896 23.33333333
19071 0
19071 56.65119351
19071 56.65119351
19071 56.65119351
19071 56.65119351
19071 0
19071 0
19071 228.2015084275
19071 228.2015084275
19071 228.2015084275
19071 228.2015084275
19071 0
19071 0
19071 0
19071 0
19071 0
19071 0
19071 0
19071 0
19071 0
19071 0
19071 0
19071 0
19071 0
19071 0
19071 0
19071 0
19071 0
19071 0
19071 0
19071 0
19071 0
19071 0
19071 0
19071 0
19071 14.38356164
19071 23.33333333
20457 0
20457 56.65119351
20457 56.65119351
20457 56.65119351
20457 56.65119351
20457 0
20457 0
20457 228.2015084275
20457 228.2015084275
20457 228.2015084275
20457 228.2015084275
20457 0
20457 0
20457 0
20457 0
20457 0
20457 0
20457 0
20457 0
20457 0
20457 0
20457 0
20457 0
20457 0
20457 0
20457 0
20457 0
20457 0
20457 0
20457 0
20457 0
20457 0
20457 0
20457 0
20457 0
20457 14.38356164
20457 23.33333333
18723 0
18723 56.65119351
18723 56.65119351
18723 56.65119351
18723 56.65119351
18723 0
18723 0
18723 228.2015084275
18723 228.2015084275
18723 228.2015084275
18723 228.2015084275
18723 0
18723 0
18723 0
18723 0
18723 0
18723 0
18723 0
18723 0
18723 0
18723 0
18723 0
18723 0
18723 0
18723 0
18723 0
18723 0
18723 0
18723 0
18723 0
18723 0
18723 0
18723 0
18723 0
18723 0
18723 14.38356164
18723 23.33333333
18897 0
18897 56.65119351
18897 56.65119351
18897 56.65119351
18897 56.65119351
18897 0
18897 0
18897 228.2015084275
18897 228.2015084275
18897 228.2015084275
18897 228.2015084275
18897 0
18897 0
18897 0
18897 0
18897 0
18897 0
18897 0
18897 0
18897 0
18897 0
18897 0
18897 0
18897 0
18897 0
18897 0
18897 0
18897 0
18897 0
18897 0
18897 0
18897 0
18897 0
18897 0
18897 0
18897 14.38356164
18897 23.33333333
19072 0
19072 56.65119351
19072 56.65119351
19072 56.65119351
19072 56.65119351
19072 0
19072 0
19072 228.2015084275
19072 228.2015084275
19072 228.2015084275
19072 228.2015084275
19072 0
19072 0
19072 0
19072 0
19072 0
19072 0
19072 0
19072 0
19072 0
19072 0
19072 0
19072 0
19072 0
19072 0
19072 0
19072 0
19072 0
19072 0
19072 0
19072 0
19072 0
19072 0
19072 0
19072 0
19072 14.38356164
19072 23.33333333
19963 0
19963 56.65119351
19963 56.65119351
19963 56.65119351
19963 56.65119351
19963 0
19963 0
19963 228.2015084275
19963 228.2015084275
19963 228.2015084275
19963 228.2015084275
19963 0
19963 0
19963 0
19963 0
19963 0
19963 0
19963 0
19963 0
19963 0
19963 0
19963 0
19963 0
19963 0
19963 0
19963 0
19963 0
19963 0
19963 0
19963 0
19963 0
19963 0
19963 0
19963 0
19963 0
19963 14.38356164
19963 23.33333333
18724 0
18724 56.65119351
18724 56.65119351
18724 56.65119351
18724 56.65119351
18724 0
18724 0
18724 228.2015084275
18724 228.2015084275
18724 228.2015084275
18724 228.2015084275
18724 0
18724 0
18724 0
18724 0
18724 0
18724 0
18724 0
18724 0
18724 0
18724 0
18724 0
18724 0
18724 0
18724 0
18724 0
18724 0
18724 0
18724 0
18724 0
18724 0
18724 0
18724 0
18724 0
18724 0
18724 14.38356164
18724 23.33333333
18898 0
18898 56.65119351
18898 56.65119351
18898 56.65119351
18898 56.65119351
18898 0
18898 0
18898 228.2015084275
18898 228.2015084275
18898 228.2015084275
18898 228.2015084275
18898 0
18898 0
18898 0
18898 0
18898 0
18898 0
18898 0
18898 0
18898 0
18898 0
18898 0
18898 0
18898 0
18898 0
18898 0
18898 0
18898 0
18898 0
18898 0
18898 0
18898 0
18898 0
18898 0
18898 0
18898 14.38356164
18898 23.33333333
18725 0
18725 56.65119351
18725 56.65119351
18725 56.65119351
18725 56.65119351
18725 0
18725 0
18725 228.2015084275
18725 228.2015084275
18725 228.2015084275
18725 228.2015084275
18725 0
18725 0
18725 0
18725 0
18725 0
18725 0
18725 0
18725 0
18725 0
18725 0
18725 0
18725 0
18725 0
18725 0
18725 0
18725 0
18725 0
18725 0
18725 0
18725 0
18725 0
18725 0
18725 0
18725 0
18725 14.38356164
18725 23.33333333
19074 0
19074 56.65119351
19074 56.65119351
19074 56.65119351
19074 56.65119351
19074 0
19074 0
19074 228.2015084275
19074 228.2015084275
19074 228.2015084275
19074 228.2015084275
19074 0
19074 0
19074 0
19074 0
19074 0
19074 0
19074 0
19074 0
19074 0
19074 0
19074 0
19074 0
19074 0
19074 0
19074 0
19074 0
19074 0
19074 0
19074 0
19074 0
19074 0
19074 0
19074 0
19074 0
19074 14.38356164
19074 23.33333333
19252 0
19252 56.65119351
19252 56.65119351
19252 56.65119351
19252 56.65119351
19252 0
19252 0
19252 228.2015084275
19252 228.2015084275
19252 228.2015084275
19252 228.2015084275
19252 0
19252 0
19252 0
19252 0
19252 0
19252 0
19252 0
19252 0
19252 0
19252 0
19252 0
19252 0
19252 0
19252 0
19252 0
19252 0
19252 0
19252 0
19252 0
19252 0
19252 0
19252 0
19252 0
19252 0
19252 14.38356164
19252 23.33333333
19611 0
19611 56.65119351
19611 56.65119351
19611 56.65119351
19611 56.65119351
19611 0
19611 0
19611 228.2015084275
19611 228.2015084275
19611 228.2015084275
19611 228.2015084275
19611 0
19611 0
19611 0
19611 0
19611 0
19611 0
19611 0
19611 0
19611 0
19611 0
19611 0
19611 0
19611 0
19611 0
19611 0
19611 0
19611 0
19611 0
19611 0
19611 0
19611 0
19611 0
19611 0
19611 0
19611 14.38356164
19611 23.33333333
19785 0
19785 56.65119351
19785 56.65119351
19785 56.65119351
19785 56.65119351
19785 0
19785 0
19785 228.2015084275
19785 228.2015084275
19785 228.2015084275
19785 228.2015084275
19785 0
19785 0
19785 0
19785 0
19785 0
19785 0
19785 0
19785 0
19785 0
19785 0
19785 0
19785 0
19785 0
19785 0
19785 0
19785 0
19785 0
19785 0
19785 0
19785 0
19785 0
19785 0
19785 0
19785 0
19785 14.38356164
19785 23.33333333
20137 0
20137 56.65119351
20137 56.65119351
20137 56.65119351
20137 56.65119351
20137 0
20137 0
20137 228.2015084275
20137 228.2015084275
20137 228.2015084275
20137 228.2015084275
20137 0
20137 0
20137 0
20137 0
20137 0
20137 0
20137 0
20137 0
20137 0
20137 0
20137 0
20137 0
20137 0
20137 0
20137 0
20137 0
20137 0
20137 0
20137 0
20137 0
20137 0
20137 0
20137 0
20137 0
20137 14.38356164
20137 23.33333333
18726 0
18726 56.65119351
18726 56.65119351
18726 56.65119351
18726 56.65119351
18726 0
18726 0
18726 228.2015084275
18726 228.2015084275
18726 228.2015084275
18726 228.2015084275
18726 0
18726 0
18726 0
18726 0
18726 0
18726 0
18726 0
18726 0
18726 0
18726 0
18726 0
18726 0
18726 0
18726 0
18726 0
18726 0
18726 0
18726 0
18726 0
18726 0
18726 0
18726 0
18726 0
18726 0
18726 14.38356164
18726 23.33333333
19253 0
19253 56.65119351
19253 56.65119351
19253 56.65119351
19253 56.65119351
19253 0
19253 0
19253 228.2015084275
19253 228.2015084275
19253 228.2015084275
19253 228.2015084275
19253 0
19253 0
19253 0
19253 0
19253 0
19253 0
19253 0
19253 0
19253 0
19253 0
19253 0
19253 0
19253 0
19253 0
19253 0
19253 0
19253 0
19253 0
19253 0
19253 0
19253 0
19253 0
19253 0
19253 0
19253 14.38356164
19253 23.33333333
19434 0
19434 56.65119351
19434 56.65119351
19434 56.65119351
19434 56.65119351
19434 0
19434 0
19434 228.2015084275
19434 228.2015084275
19434 228.2015084275
19434 228.2015084275
19434 0
19434 0
19434 0
19434 0
19434 0
19434 0
19434 0
19434 0
19434 0
19434 0
19434 0
19434 0
19434 0
19434 0
19434 0
19434 0
19434 0
19434 0
19434 0
19434 0
19434 0
19434 0
19434 0
19434 0
19434 14.38356164
19434 23.33333333
19612 0
19612 56.65119351
19612 56.65119351
19612 56.65119351
19612 56.65119351
19612 0
19612 0
19612 228.2015084275
19612 228.2015084275
19612 228.2015084275
19612 228.2015084275
19612 0
19612 0
19612 0
19612 0
19612 0
19612 0
19612 0
19612 0
19612 0
19612 0
19612 0
19612 0
19612 0
19612 0
19612 0
19612 0
19612 0
19612 0
19612 0
19612 0
19612 0
19612 0
19612 0
19612 0
19612 14.38356164
19612 23.33333333
19254 0
19254 56.65119351
19254 56.65119351
19254 56.65119351
19254 56.65119351
19254 0
19254 0
19254 228.2015084275
19254 228.2015084275
19254 228.2015084275
19254 228.2015084275
19254 0
19254 0
19254 0
19254 0
19254 0
19254 0
19254 0
19254 0
19254 0
19254 0
19254 0
19254 0
19254 0
19254 0
19254 0
19254 0
19254 0
19254 0
19254 0
19254 0
19254 0
19254 0
19254 0
19254 0
19254 14.38356164
19254 23.33333333
19787 0
19787 56.65119351
19787 56.65119351
19787 56.65119351
19787 56.65119351
19787 0
19787 0
19787 228.2015084275
19787 228.2015084275
19787 228.2015084275
19787 228.2015084275
19787 0
19787 0
19787 0
19787 0
19787 0
19787 0
19787 0
19787 0
19787 0
19787 0
19787 0
19787 0
19787 0
19787 0
19787 0
19787 0
19787 0
19787 0
19787 0
19787 0
19787 0
19787 0
19787 0
19787 0
19787 14.38356164
19787 23.33333333
19077 0
19077 56.65119351
19077 56.65119351
19077 56.65119351
19077 56.65119351
19077 0
19077 0
19077 228.2015084275
19077 228.2015084275
19077 228.2015084275
19077 228.2015084275
19077 0
19077 0
19077 0
19077 0
19077 0
19077 0
19077 0
19077 0
19077 0
19077 0
19077 0
19077 0
19077 0
19077 0
19077 0
19077 0
19077 0
19077 0
19077 0
19077 0
19077 0
19077 0
19077 0
19077 0
19077 14.38356164
19077 23.33333333
19255 0
19255 56.65119351
19255 56.65119351
19255 56.65119351
19255 56.65119351
19255 0
19255 0
19255 228.2015084275
19255 228.2015084275
19255 228.2015084275
19255 228.2015084275
19255 0
19255 0
19255 0
19255 0
19255 0
19255 0
19255 0
19255 0
19255 0
19255 0
19255 0
19255 0
19255 0
19255 0
19255 0
19255 0
19255 0
19255 0
19255 0
19255 0
19255 0
19255 0
19255 0
19255 0
19255 14.38356164
19255 23.33333333
19614 0
19614 56.65119351
19614 56.65119351
19614 56.65119351
19614 56.65119351
19614 0
19614 0
19614 228.2015084275
19614 228.2015084275
19614 228.2015084275
19614 228.2015084275
19614 0
19614 0
19614 0
19614 0
19614 0
19614 0
19614 0
19614 0
19614 0
19614 0
19614 0
19614 0
19614 0
19614 0
19614 0
19614 0
19614 0
19614 0
19614 0
19614 0
19614 0
19614 0
19614 0
19614 0
19614 14.38356164
19614 23.33333333
19437 0
19437 56.65119351
19437 56.65119351
19437 56.65119351
19437 56.65119351
19437 0
19437 0
19437 228.2015084275
19437 228.2015084275
19437 228.2015084275
19437 228.2015084275
19437 0
19437 0
19437 0
19437 0
19437 0
19437 0
19437 0
19437 0
19437 0
19437 0
19437 0
19437 0
19437 0
19437 0
19437 0
19437 0
19437 0
19437 0
19437 0
19437 0
19437 0
19437 0
19437 0
19437 0
19437 14.38356164
19437 23.33333333
19789 0
19789 56.65119351
19789 56.65119351
19789 56.65119351
19789 56.65119351
19789 0
19789 0
19789 228.2015084275
19789 228.2015084275
19789 228.2015084275
19789 228.2015084275
19789 0
19789 0
19789 0
19789 0
19789 0
19789 0
19789 0
19789 0
19789 0
19789 0
19789 0
19789 0
19789 0
19789 0
19789 0
19789 0
19789 0
19789 0
19789 0
19789 0
19789 0
19789 0
19789 0
19789 0
19789 14.38356164
19789 23.33333333
19970 0
19970 56.65119351
19970 56.65119351
19970 56.65119351
19970 56.65119351
19970 0
19970 0
19970 228.2015084275
19970 228.2015084275
19970 228.2015084275
19970 228.2015084275
19970 0
19970 0
19970 0
19970 0
19970 0
19970 0
19970 0
19970 0
19970 0
19970 0
19970 0
19970 0
19970 0
19970 0
19970 0
19970 0
19970 0
19970 0
19970 0
19970 0
19970 0
19970 0
19970 0
19970 0
19970 14.38356164
19970 23.33333333
