pt_graph shape
5655 1
5655 1
5655 1
5655 1
5655 1
5655 1
5655 1
5655 1
5655 1
5655 1
5655 1
5655 1
5655 1
5655 1
5655 1
5655 1
5655 1
5655 1
5655 1
5655 1
5655 1
5695 1
5695 1
5695 1
5695 1
5695 1
5695 1
5695 1
5695 1
5695 1
5695 1
5695 1
5695 1
5695 1
5695 1
5695 1
5695 1
5695 1
5695 1
5695 1
5695 1
5695 1
6011 1
6011 1
6011 1
6011 1
6011 1
6011 1
6011 1
6011 1
6011 1
6011 1
6011 1
6011 1
6011 1
6011 1
6011 1
6011 1
6011 1
6011 1
6011 1
6011 1
6011 1
5855 1
5855 1
5855 1
5855 1
5855 1
5855 1
5855 1
5855 1
5855 1
5855 1
5855 1
5855 1
5855 1
5855 1
5855 1
5855 1
5855 1
5855 1
5855 1
5855 1
5855 1
6013 1
6013 1
6013 1
6013 1
6013 1
6013 1
6013 1
6013 1
6013 1
6013 1
6013 1
6013 1
6013 1
6013 1
6013 1
6013 1
6013 1
6013 1
6013 1
6013 1
6013 1
5896 1
5896 1
5896 1
5896 1
5896 1
5896 1
5896 1
5896 1
5896 1
5896 1
5896 1
5896 1
5896 1
5896 1
5896 1
5896 1
5896 1
5896 1
5896 1
5896 1
5896 1
5935 1
5935 1
5935 1
5935 1
5935 1
5935 1
5935 1
5935 1
5935 1
5935 1
5935 1
5935 1
5935 1
5935 1
5935 1
5935 1
5935 1
5935 1
5935 1
5935 1
5935 1
5975 1
5975 1
5975 1
5975 1
5975 1
5975 1
5975 1
5975 1
5975 1
5975 1
5975 1
5975 1
5975 1
5975 1
5975 1
5975 1
5975 1
5975 1
5975 1
5975 1
5975 1
6014 1
6014 1
6014 1
6014 1
6014 1
6014 1
6014 1
6014 1
6014 1
6014 1
6014 1
6014 1
6014 1
6014 1
6014 1
6014 1
6014 1
6014 1
6014 1
6014 1
6014 1
6050 1
6050 1
6050 1
6050 1
6050 1
6050 1
6050 1
6050 1
6050 1
6050 1
6050 1
6050 1
6050 1
6050 1
6050 1
6050 1
6050 1
6050 1
6050 1
6050 1
6050 1
6087 1
6087 1
6087 1
6087 1
6087 1
6087 1
6087 1
6087 1
6087 1
6087 1
6087 1
6087 1
6087 1
6087 1
6087 1
6087 1
6087 1
6087 1
6087 1
6087 1
6087 1
5579 1
5579 1
5579 1
5579 1
5579 1
5579 1
5579 1
5579 1
5579 1
5579 1
5579 1
5579 1
5579 1
5579 1
5579 1
5579 1
5579 1
5579 1
5579 1
5579 1
5579 1
5739 1
5739 1
5739 1
5739 1
5739 1
5739 1
5739 1
5739 1
5739 1
5739 1
5739 1
5739 1
5739 1
5739 1
5739 1
5739 1
5739 1
5739 1
5739 1
5739 1
5739 1
5780 1
5780 1
5780 1
5780 1
5780 1
5780 1
5780 1
5780 1
5780 1
5780 1
5780 1
5780 1
5780 1
5780 1
5780 1
5780 1
5780 1
5780 1
5780 1
5780 1
5780 1
5897 1
5897 1
5897 1
5897 1
5897 1
5897 1
5897 1
5897 1
5897 1
5897 1
5897 1
5897 1
5897 1
5897 1
5897 1
5897 1
5897 1
5897 1
5897 1
5897 1
5897 1
5936 1
5936 1
5936 1
5936 1
5936 1
5936 1
5936 1
5936 1
5936 1
5936 1
5936 1
5936 1
5936 1
5936 1
5936 1
5936 1
5936 1
5936 1
5936 1
5936 1
5936 1
6088 1
6088 1
6088 1
6088 1
6088 1
6088 1
6088 1
6088 1
6088 1
6088 1
6088 1
6088 1
6088 1
6088 1
6088 1
6088 1
6088 1
6088 1
6088 1
6088 1
6088 1
6163 1
6163 1
6163 1
6163 1
6163 1
6163 1
6163 1
6163 1
6163 1
6163 1
6163 1
6163 1
6163 1
6163 1
6163 1
6163 1
6163 1
6163 1
6163 1
6163 1
6163 1
6202 1
6202 1
6202 1
6202 1
6202 1
6202 1
6202 1
6202 1
6202 1
6202 1
6202 1
6202 1
6202 1
6202 1
6202 1
6202 1
6202 1
6202 1
6202 1
6202 1
6202 1
5156 1
5156 1
5156 1
5156 1
5156 1
5156 1
5156 1
5156 1
5156 1
5156 1
5156 1
5156 1
5156 1
5156 1
5156 1
5156 1
5156 1
5156 1
5156 1
5156 1
5156 1
5620 1
5620 1
5620 1
5620 1
5620 1
5620 1
5620 1
5620 1
5620 1
5620 1
5620 1
5620 1
5620 1
5620 1
5620 1
5620 1
5620 1
5620 1
5620 1
5620 1
5620 1
5660 1
5660 1
5660 1
5660 1
5660 1
5660 1
5660 1
5660 1
5660 1
5660 1
5660 1
5660 1
5660 1
5660 1
5660 1
5660 1
5660 1
5660 1
5660 1
5660 1
5660 1
5977 1
5977 1
5977 1
5977 1
5977 1
5977 1
5977 1
5977 1
5977 1
5977 1
5977 1
5977 1
5977 1
5977 1
5977 1
5977 1
5977 1
5977 1
5977 1
5977 1
5977 1
6016 1
6016 1
6016 1
6016 1
6016 1
6016 1
6016 1
6016 1
6016 1
6016 1
6016 1
6016 1
6016 1
6016 1
6016 1
6016 1
6016 1
6016 1
6016 1
6016 1
6016 1
6126 1
6126 1
6126 1
6126 1
6126 1
6126 1
6126 1
6126 1
6126 1
6126 1
6126 1
6126 1
6126 1
6126 1
6126 1
6126 1
6126 1
6126 1
6126 1
6126 1
6126 1
11684 1
11684 1
11684 1
11684 1
11684 1
11684 1
11684 1
11684 1
11684 1
11684 1
11684 1
11684 1
11684 1
11684 1
11684 1
11684 1
11684 1
11684 1
11684 1
11684 1
11684 1
5661 1
5661 1
5661 1
5661 1
5661 1
5661 1
5661 1
5661 1
5661 1
5661 1
5661 1
5661 1
5661 1
5661 1
5661 1
5661 1
5661 1
5661 1
5661 1
5661 1
5661 1
5701 1
5701 1
5701 1
5701 1
5701 1
5701 1
5701 1
5701 1
5701 1
5701 1
5701 1
5701 1
5701 1
5701 1
5701 1
5701 1
5701 1
5701 1
5701 1
5701 1
5701 1
5782 1
5782 1
5782 1
5782 1
5782 1
5782 1
5782 1
5782 1
5782 1
5782 1
5782 1
5782 1
5782 1
5782 1
5782 1
5782 1
5782 1
5782 1
5782 1
5782 1
5782 1
5978 1
5978 1
5978 1
5978 1
5978 1
5978 1
5978 1
5978 1
5978 1
5978 1
5978 1
5978 1
5978 1
5978 1
5978 1
5978 1
5978 1
5978 1
5978 1
5978 1
5978 1
11522 1
11522 1
11522 1
11522 1
11522 1
11522 1
11522 1
11522 1
11522 1
11522 1
11522 1
11522 1
11522 1
11522 1
11522 1
11522 1
11522 1
11522 1
11522 1
11522 1
11522 1
11685 1
11685 1
11685 1
11685 1
11685 1
11685 1
11685 1
11685 1
11685 1
11685 1
11685 1
11685 1
11685 1
11685 1
11685 1
11685 1
11685 1
11685 1
11685 1
11685 1
11685 1
5503 1
5503 1
5503 1
5503 1
5503 1
5503 1
5503 1
5503 1
5503 1
5503 1
5503 1
5503 1
5503 1
5503 1
5503 1
5503 1
5503 1
5503 1
5503 1
5503 1
5503 1
5542 1
5542 1
5542 1
5542 1
5542 1
5542 1
5542 1
5542 1
5542 1
5542 1
5542 1
5542 1
5542 1
5542 1
5542 1
5542 1
5542 1
5542 1
5542 1
5542 1
5542 1
5622 1
5622 1
5622 1
5622 1
5622 1
5622 1
5622 1
5622 1
5622 1
5622 1
5622 1
5622 1
5622 1
5622 1
5622 1
5622 1
5622 1
5622 1
5622 1
5622 1
5622 1
5823 1
5823 1
5823 1
5823 1
5823 1
5823 1
5823 1
5823 1
5823 1
5823 1
5823 1
5823 1
5823 1
5823 1
5823 1
5823 1
5823 1
5823 1
5823 1
5823 1
5823 1
5861 1
5861 1
5861 1
5861 1
5861 1
5861 1
5861 1
5861 1
5861 1
5861 1
5861 1
5861 1
5861 1
5861 1
5861 1
5861 1
5861 1
5861 1
5861 1
5861 1
5861 1
7185 1
7185 1
7185 1
7185 1
7185 1
7185 1
7185 1
7185 1
7185 1
7185 1
7185 1
7185 1
7185 1
7185 1
7185 1
7185 1
7185 1
7185 1
7185 1
7185 1
7185 1
11070 1
11070 1
11070 1
11070 1
11070 1
11070 1
11070 1
11070 1
11070 1
11070 1
11070 1
11070 1
11070 1
11070 1
11070 1
11070 1
11070 1
11070 1
11070 1
11070 1
11070 1
11368 1
11368 1
11368 1
11368 1
11368 1
11368 1
11368 1
11368 1
11368 1
11368 1
11368 1
11368 1
11368 1
11368 1
11368 1
11368 1
11368 1
11368 1
11368 1
11368 1
11368 1
11523 1
11523 1
11523 1
11523 1
11523 1
11523 1
11523 1
11523 1
11523 1
11523 1
11523 1
11523 1
11523 1
11523 1
11523 1
11523 1
11523 1
11523 1
11523 1
11523 1
11523 1
5314 1
5314 1
5314 1
5314 1
5314 1
5314 1
5314 1
5314 1
5314 1
5314 1
5314 1
5314 1
5314 1
5314 1
5314 1
5314 1
5314 1
5314 1
5314 1
5314 1
5314 1
5427 1
5427 1
5427 1
5427 1
5427 1
5427 1
5427 1
5427 1
5427 1
5427 1
5427 1
5427 1
5427 1
5427 1
5427 1
5427 1
5427 1
5427 1
5427 1
5427 1
5427 1
5465 1
5465 1
5465 1
5465 1
5465 1
5465 1
5465 1
5465 1
5465 1
5465 1
5465 1
5465 1
5465 1
5465 1
5465 1
5465 1
5465 1
5465 1
5465 1
5465 1
5465 1
5504 1
5504 1
5504 1
5504 1
5504 1
5504 1
5504 1
5504 1
5504 1
5504 1
5504 1
5504 1
5504 1
5504 1
5504 1
5504 1
5504 1
5504 1
5504 1
5504 1
5504 1
5543 1
5543 1
5543 1
5543 1
5543 1
5543 1
5543 1
5543 1
5543 1
5543 1
5543 1
5543 1
5543 1
5543 1
5543 1
5543 1
5543 1
5543 1
5543 1
5543 1
5543 1
5583 1
5583 1
5583 1
5583 1
5583 1
5583 1
5583 1
5583 1
5583 1
5583 1
5583 1
5583 1
5583 1
5583 1
5583 1
5583 1
5583 1
5583 1
5583 1
5583 1
5583 1
5623 1
5623 1
5623 1
5623 1
5623 1
5623 1
5623 1
5623 1
5623 1
5623 1
5623 1
5623 1
5623 1
5623 1
5623 1
5623 1
5623 1
5623 1
5623 1
5623 1
5623 1
5663 1
5663 1
5663 1
5663 1
5663 1
5663 1
5663 1
5663 1
5663 1
5663 1
5663 1
5663 1
5663 1
5663 1
5663 1
5663 1
5663 1
5663 1
5663 1
5663 1
5663 1
5703 1
5703 1
5703 1
5703 1
5703 1
5703 1
5703 1
5703 1
5703 1
5703 1
5703 1
5703 1
5703 1
5703 1
5703 1
5703 1
5703 1
5703 1
5703 1
5703 1
5703 1
5743 1
5743 1
5743 1
5743 1
5743 1
5743 1
5743 1
5743 1
5743 1
5743 1
5743 1
5743 1
5743 1
5743 1
5743 1
5743 1
5743 1
5743 1
5743 1
5743 1
5743 1
5940 1
5940 1
5940 1
5940 1
5940 1
5940 1
5940 1
5940 1
5940 1
5940 1
5940 1
5940 1
5940 1
5940 1
5940 1
5940 1
5940 1
5940 1
5940 1
5940 1
5940 1
6055 1
6055 1
6055 1
6055 1
6055 1
6055 1
6055 1
6055 1
6055 1
6055 1
6055 1
6055 1
6055 1
6055 1
6055 1
6055 1
6055 1
6055 1
6055 1
6055 1
6055 1
11216 1
11216 1
11216 1
11216 1
11216 1
11216 1
11216 1
11216 1
11216 1
11216 1
11216 1
11216 1
11216 1
11216 1
11216 1
11216 1
11216 1
11216 1
11216 1
11216 1
11216 1
11369 1
11369 1
11369 1
11369 1
11369 1
11369 1
11369 1
11369 1
11369 1
11369 1
11369 1
11369 1
11369 1
11369 1
11369 1
11369 1
11369 1
11369 1
11369 1
11369 1
11369 1
11524 1
11524 1
11524 1
11524 1
11524 1
11524 1
11524 1
11524 1
11524 1
11524 1
11524 1
11524 1
11524 1
11524 1
11524 1
11524 1
11524 1
11524 1
11524 1
11524 1
11524 1
5584 1
5584 1
5584 1
5584 1
5584 1
5584 1
5584 1
5584 1
5584 1
5584 1
5584 1
5584 1
5584 1
5584 1
5584 1
5584 1
5584 1
5584 1
5584 1
5584 1
5584 1
5624 1
5624 1
5624 1
5624 1
5624 1
5624 1
5624 1
5624 1
5624 1
5624 1
5624 1
5624 1
5624 1
5624 1
5624 1
5624 1
5624 1
5624 1
5624 1
5624 1
5624 1
5664 1
5664 1
5664 1
5664 1
5664 1
5664 1
5664 1
5664 1
5664 1
5664 1
5664 1
5664 1
5664 1
5664 1
5664 1
5664 1
5664 1
5664 1
5664 1
5664 1
5664 1
5704 1
5704 1
5704 1
5704 1
5704 1
5704 1
5704 1
5704 1
5704 1
5704 1
5704 1
5704 1
5704 1
5704 1
5704 1
5704 1
5704 1
5704 1
5704 1
5704 1
5704 1
5744 1
5744 1
5744 1
5744 1
5744 1
5744 1
5744 1
5744 1
5744 1
5744 1
5744 1
5744 1
5744 1
5744 1
5744 1
5744 1
5744 1
5744 1
5744 1
5744 1
5744 1
5785 1
5785 1
5785 1
5785 1
5785 1
5785 1
5785 1
5785 1
5785 1
5785 1
5785 1
5785 1
5785 1
5785 1
5785 1
5785 1
5785 1
5785 1
5785 1
5785 1
5785 1
5825 1
5825 1
5825 1
5825 1
5825 1
5825 1
5825 1
5825 1
5825 1
5825 1
5825 1
5825 1
5825 1
5825 1
5825 1
5825 1
5825 1
5825 1
5825 1
5825 1
5825 1
5863 1
5863 1
5863 1
5863 1
5863 1
5863 1
5863 1
5863 1
5863 1
5863 1
5863 1
5863 1
5863 1
5863 1
5863 1
5863 1
5863 1
5863 1
5863 1
5863 1
5863 1
7771 1
7771 1
7771 1
7771 1
7771 1
7771 1
7771 1
7771 1
7771 1
7771 1
7771 1
7771 1
7771 1
7771 1
7771 1
7771 1
7771 1
7771 1
7771 1
7771 1
7771 1
11217 1
11217 1
11217 1
11217 1
11217 1
11217 1
11217 1
11217 1
11217 1
11217 1
11217 1
11217 1
11217 1
11217 1
11217 1
11217 1
11217 1
11217 1
11217 1
11217 1
11217 1
11370 1
11370 1
11370 1
11370 1
11370 1
11370 1
11370 1
11370 1
11370 1
11370 1
11370 1
11370 1
11370 1
11370 1
11370 1
11370 1
11370 1
11370 1
11370 1
11370 1
11370 1
11688 1
11688 1
11688 1
11688 1
11688 1
11688 1
11688 1
11688 1
11688 1
11688 1
11688 1
11688 1
11688 1
11688 1
11688 1
11688 1
11688 1
11688 1
11688 1
11688 1
11688 1
5585 1
5585 1
5585 1
5585 1
5585 1
5585 1
5585 1
5585 1
5585 1
5585 1
5585 1
5585 1
5585 1
5585 1
5585 1
5585 1
5585 1
5585 1
5585 1
5585 1
5585 1
5705 1
5705 1
5705 1
5705 1
5705 1
5705 1
5705 1
5705 1
5705 1
5705 1
5705 1
5705 1
5705 1
5705 1
5705 1
5705 1
5705 1
5705 1
5705 1
5705 1
5705 1
5745 1
5745 1
5745 1
5745 1
5745 1
5745 1
5745 1
5745 1
5745 1
5745 1
5745 1
5745 1
5745 1
5745 1
5745 1
5745 1
5745 1
5745 1
5745 1
5745 1
5745 1
5786 1
5786 1
5786 1
5786 1
5786 1
5786 1
5786 1
5786 1
5786 1
5786 1
5786 1
5786 1
5786 1
5786 1
5786 1
5786 1
5786 1
5786 1
5786 1
5786 1
5786 1
5864 1
5864 1
5864 1
5864 1
5864 1
5864 1
5864 1
5864 1
5864 1
5864 1
5864 1
5864 1
5864 1
5864 1
5864 1
5864 1
5864 1
5864 1
5864 1
5864 1
5864 1
5942 1
5942 1
5942 1
5942 1
5942 1
5942 1
5942 1
5942 1
5942 1
5942 1
5942 1
5942 1
5942 1
5942 1
5942 1
5942 1
5942 1
5942 1
5942 1
5942 1
5942 1
5982 1
5982 1
5982 1
5982 1
5982 1
5982 1
5982 1
5982 1
5982 1
5982 1
5982 1
5982 1
5982 1
5982 1
5982 1
5982 1
5982 1
5982 1
5982 1
5982 1
5982 1
7115 1
7115 1
7115 1
7115 1
7115 1
7115 1
7115 1
7115 1
7115 1
7115 1
7115 1
7115 1
7115 1
7115 1
7115 1
7115 1
7115 1
7115 1
7115 1
7115 1
7115 1
7188 1
7188 1
7188 1
7188 1
7188 1
7188 1
7188 1
7188 1
7188 1
7188 1
7188 1
7188 1
7188 1
7188 1
7188 1
7188 1
7188 1
7188 1
7188 1
7188 1
7188 1
11073 1
11073 1
11073 1
11073 1
11073 1
11073 1
11073 1
11073 1
11073 1
11073 1
11073 1
11073 1
11073 1
11073 1
11073 1
11073 1
11073 1
11073 1
11073 1
11073 1
11073 1
11218 1
11218 1
11218 1
11218 1
11218 1
11218 1
11218 1
11218 1
11218 1
11218 1
11218 1
11218 1
11218 1
11218 1
11218 1
11218 1
11218 1
11218 1
11218 1
11218 1
11218 1
11371 1
11371 1
11371 1
11371 1
11371 1
11371 1
11371 1
11371 1
11371 1
11371 1
11371 1
11371 1
11371 1
11371 1
11371 1
11371 1
11371 1
11371 1
11371 1
11371 1
11371 1
5626 1
5626 1
5626 1
5626 1
5626 1
5626 1
5626 1
5626 1
5626 1
5626 1
5626 1
5626 1
5626 1
5626 1
5626 1
5626 1
5626 1
5626 1
5626 1
5626 1
5626 1
5746 1
5746 1
5746 1
5746 1
5746 1
5746 1
5746 1
5746 1
5746 1
5746 1
5746 1
5746 1
5746 1
5746 1
5746 1
5746 1
5746 1
5746 1
5746 1
5746 1
5746 1
5787 1
5787 1
5787 1
5787 1
5787 1
5787 1
5787 1
5787 1
5787 1
5787 1
5787 1
5787 1
5787 1
5787 1
5787 1
5787 1
5787 1
5787 1
5787 1
5787 1
5787 1
5827 1
5827 1
5827 1
5827 1
5827 1
5827 1
5827 1
5827 1
5827 1
5827 1
5827 1
5827 1
5827 1
5827 1
5827 1
5827 1
5827 1
5827 1
5827 1
5827 1
5827 1
5865 1
5865 1
5865 1
5865 1
5865 1
5865 1
5865 1
5865 1
5865 1
5865 1
5865 1
5865 1
5865 1
5865 1
5865 1
5865 1
5865 1
5865 1
5865 1
5865 1
5865 1
5904 1
5904 1
5904 1
5904 1
5904 1
5904 1
5904 1
5904 1
5904 1
5904 1
5904 1
5904 1
5904 1
5904 1
5904 1
5904 1
5904 1
5904 1
5904 1
5904 1
5904 1
5943 1
5943 1
5943 1
5943 1
5943 1
5943 1
5943 1
5943 1
5943 1
5943 1
5943 1
5943 1
5943 1
5943 1
5943 1
5943 1
5943 1
5943 1
5943 1
5943 1
5943 1
5983 1
5983 1
5983 1
5983 1
5983 1
5983 1
5983 1
5983 1
5983 1
5983 1
5983 1
5983 1
5983 1
5983 1
5983 1
5983 1
5983 1
5983 1
5983 1
5983 1
5983 1
6058 1
6058 1
6058 1
6058 1
6058 1
6058 1
6058 1
6058 1
6058 1
6058 1
6058 1
6058 1
6058 1
6058 1
6058 1
6058 1
6058 1
6058 1
6058 1
6058 1
6058 1
9781 1
9781 1
9781 1
9781 1
9781 1
9781 1
9781 1
9781 1
9781 1
9781 1
9781 1
9781 1
9781 1
9781 1
9781 1
9781 1
9781 1
9781 1
9781 1
9781 1
9781 1
11074 1
11074 1
11074 1
11074 1
11074 1
11074 1
11074 1
11074 1
11074 1
11074 1
11074 1
11074 1
11074 1
11074 1
11074 1
11074 1
11074 1
11074 1
11074 1
11074 1
11074 1
11527 1
11527 1
11527 1
11527 1
11527 1
11527 1
11527 1
11527 1
11527 1
11527 1
11527 1
11527 1
11527 1
11527 1
11527 1
11527 1
11527 1
11527 1
11527 1
11527 1
11527 1
5828 1
5828 1
5828 1
5828 1
5828 1
5828 1
5828 1
5828 1
5828 1
5828 1
5828 1
5828 1
5828 1
5828 1
5828 1
5828 1
5828 1
5828 1
5828 1
5828 1
5828 1
5866 1
5866 1
5866 1
5866 1
5866 1
5866 1
5866 1
5866 1
5866 1
5866 1
5866 1
5866 1
5866 1
5866 1
5866 1
5866 1
5866 1
5866 1
5866 1
5866 1
5866 1
5905 1
5905 1
5905 1
5905 1
5905 1
5905 1
5905 1
5905 1
5905 1
5905 1
5905 1
5905 1
5905 1
5905 1
5905 1
5905 1
5905 1
5905 1
5905 1
5905 1
5905 1
5944 1
5944 1
5944 1
5944 1
5944 1
5944 1
5944 1
5944 1
5944 1
5944 1
5944 1
5944 1
5944 1
5944 1
5944 1
5944 1
5944 1
5944 1
5944 1
5944 1
5944 1
5984 1
5984 1
5984 1
5984 1
5984 1
5984 1
5984 1
5984 1
5984 1
5984 1
5984 1
5984 1
5984 1
5984 1
5984 1
5984 1
5984 1
5984 1
5984 1
5984 1
5984 1
6023 1
6023 1
6023 1
6023 1
6023 1
6023 1
6023 1
6023 1
6023 1
6023 1
6023 1
6023 1
6023 1
6023 1
6023 1
6023 1
6023 1
6023 1
6023 1
6023 1
6023 1
6059 1
6059 1
6059 1
6059 1
6059 1
6059 1
6059 1
6059 1
6059 1
6059 1
6059 1
6059 1
6059 1
6059 1
6059 1
6059 1
6059 1
6059 1
6059 1
6059 1
6059 1
6133 1
6133 1
6133 1
6133 1
6133 1
6133 1
6133 1
6133 1
6133 1
6133 1
6133 1
6133 1
6133 1
6133 1
6133 1
6133 1
6133 1
6133 1
6133 1
6133 1
6133 1
11373 1
11373 1
11373 1
11373 1
11373 1
11373 1
11373 1
11373 1
11373 1
11373 1
11373 1
11373 1
11373 1
11373 1
11373 1
11373 1
11373 1
11373 1
11373 1
11373 1
11373 1
5906 1
5906 1
5906 1
5906 1
5906 1
5906 1
5906 1
5906 1
5906 1
5906 1
5906 1
5906 1
5906 1
5906 1
5906 1
5906 1
5906 1
5906 1
5906 1
5906 1
5906 1
5945 1
5945 1
5945 1
5945 1
5945 1
5945 1
5945 1
5945 1
5945 1
5945 1
5945 1
5945 1
5945 1
5945 1
5945 1
5945 1
5945 1
5945 1
5945 1
5945 1
5945 1
5985 1
5985 1
5985 1
5985 1
5985 1
5985 1
5985 1
5985 1
5985 1
5985 1
5985 1
5985 1
5985 1
5985 1
5985 1
5985 1
5985 1
5985 1
5985 1
5985 1
5985 1
6024 1
6024 1
6024 1
6024 1
6024 1
6024 1
6024 1
6024 1
6024 1
6024 1
6024 1
6024 1
6024 1
6024 1
6024 1
6024 1
6024 1
6024 1
6024 1
6024 1
6024 1
6097 1
6097 1
6097 1
6097 1
6097 1
6097 1
6097 1
6097 1
6097 1
6097 1
6097 1
6097 1
6097 1
6097 1
6097 1
6097 1
6097 1
6097 1
6097 1
6097 1
6097 1
6134 1
6134 1
6134 1
6134 1
6134 1
6134 1
6134 1
6134 1
6134 1
6134 1
6134 1
6134 1
6134 1
6134 1
6134 1
6134 1
6134 1
6134 1
6134 1
6134 1
6134 1
10265 1
10265 1
10265 1
10265 1
10265 1
10265 1
10265 1
10265 1
10265 1
10265 1
10265 1
10265 1
10265 1
10265 1
10265 1
10265 1
10265 1
10265 1
10265 1
10265 1
10265 1
10936 1
10936 1
10936 1
10936 1
10936 1
10936 1
10936 1
10936 1
10936 1
10936 1
10936 1
10936 1
10936 1
10936 1
10936 1
10936 1
10936 1
10936 1
10936 1
10936 1
10936 1
11076 1
11076 1
11076 1
11076 1
11076 1
11076 1
11076 1
11076 1
11076 1
11076 1
11076 1
11076 1
11076 1
11076 1
11076 1
11076 1
11076 1
11076 1
11076 1
11076 1
11076 1
11221 1
11221 1
11221 1
11221 1
11221 1
11221 1
11221 1
11221 1
11221 1
11221 1
11221 1
11221 1
11221 1
11221 1
11221 1
11221 1
11221 1
11221 1
11221 1
11221 1
11221 1
5907 1
5907 1
5907 1
5907 1
5907 1
5907 1
5907 1
5907 1
5907 1
5907 1
5907 1
5907 1
5907 1
5907 1
5907 1
5907 1
5907 1
5907 1
5907 1
5907 1
5907 1
5986 1
5986 1
5986 1
5986 1
5986 1
5986 1
5986 1
5986 1
5986 1
5986 1
5986 1
5986 1
5986 1
5986 1
5986 1
5986 1
5986 1
5986 1
5986 1
5986 1
5986 1
6025 1
6025 1
6025 1
6025 1
6025 1
6025 1
6025 1
6025 1
6025 1
6025 1
6025 1
6025 1
6025 1
6025 1
6025 1
6025 1
6025 1
6025 1
6025 1
6025 1
6025 1
6061 1
6061 1
6061 1
6061 1
6061 1
6061 1
6061 1
6061 1
6061 1
6061 1
6061 1
6061 1
6061 1
6061 1
6061 1
6061 1
6061 1
6061 1
6061 1
6061 1
6061 1
6135 1
6135 1
6135 1
6135 1
6135 1
6135 1
6135 1
6135 1
6135 1
6135 1
6135 1
6135 1
6135 1
6135 1
6135 1
6135 1
6135 1
6135 1
6135 1
6135 1
6135 1
10937 1
10937 1
10937 1
10937 1
10937 1
10937 1
10937 1
10937 1
10937 1
10937 1
10937 1
10937 1
10937 1
10937 1
10937 1
10937 1
10937 1
10937 1
10937 1
10937 1
10937 1
11077 1
11077 1
11077 1
11077 1
11077 1
11077 1
11077 1
11077 1
11077 1
11077 1
11077 1
11077 1
11077 1
11077 1
11077 1
11077 1
11077 1
11077 1
11077 1
11077 1
11077 1
11222 1
11222 1
11222 1
11222 1
11222 1
11222 1
11222 1
11222 1
11222 1
11222 1
11222 1
11222 1
11222 1
11222 1
11222 1
11222 1
11222 1
11222 1
11222 1
11222 1
11222 1
11375 1
11375 1
11375 1
11375 1
11375 1
11375 1
11375 1
11375 1
11375 1
11375 1
11375 1
11375 1
11375 1
11375 1
11375 1
11375 1
11375 1
11375 1
11375 1
11375 1
11375 1
11530 1
11530 1
11530 1
11530 1
11530 1
11530 1
11530 1
11530 1
11530 1
11530 1
11530 1
11530 1
11530 1
11530 1
11530 1
11530 1
11530 1
11530 1
11530 1
11530 1
11530 1
4789 1
4789 1
4789 1
4789 1
4789 1
4789 1
4789 1
4789 1
4789 1
4789 1
4789 1
4789 1
4789 1
4789 1
4789 1
4789 1
4789 1
4789 1
4789 1
4789 1
4789 1
4826 1
4826 1
4826 1
4826 1
4826 1
4826 1
4826 1
4826 1
4826 1
4826 1
4826 1
4826 1
4826 1
4826 1
4826 1
4826 1
4826 1
4826 1
4826 1
4826 1
4826 1
4863 1
4863 1
4863 1
4863 1
4863 1
4863 1
4863 1
4863 1
4863 1
4863 1
4863 1
4863 1
4863 1
4863 1
4863 1
4863 1
4863 1
4863 1
4863 1
4863 1
4863 1
5987 1
5987 1
5987 1
5987 1
5987 1
5987 1
5987 1
5987 1
5987 1
5987 1
5987 1
5987 1
5987 1
5987 1
5987 1
5987 1
5987 1
5987 1
5987 1
5987 1
5987 1
6026 1
6026 1
6026 1
6026 1
6026 1
6026 1
6026 1
6026 1
6026 1
6026 1
6026 1
6026 1
6026 1
6026 1
6026 1
6026 1
6026 1
6026 1
6026 1
6026 1
6026 1
11078 1
11078 1
11078 1
11078 1
11078 1
11078 1
11078 1
11078 1
11078 1
11078 1
11078 1
11078 1
11078 1
11078 1
11078 1
11078 1
11078 1
11078 1
11078 1
11078 1
11078 1
11223 1
11223 1
11223 1
11223 1
11223 1
11223 1
11223 1
11223 1
11223 1
11223 1
11223 1
11223 1
11223 1
11223 1
11223 1
11223 1
11223 1
11223 1
11223 1
11223 1
11223 1
11376 1
11376 1
11376 1
11376 1
11376 1
11376 1
11376 1
11376 1
11376 1
11376 1
11376 1
11376 1
11376 1
11376 1
11376 1
11376 1
11376 1
11376 1
11376 1
11376 1
11376 1
11531 1
11531 1
11531 1
11531 1
11531 1
11531 1
11531 1
11531 1
11531 1
11531 1
11531 1
11531 1
11531 1
11531 1
11531 1
11531 1
11531 1
11531 1
11531 1
11531 1
11531 1
4668 1
4668 1
4668 1
4668 1
4668 1
4668 1
4668 1
4668 1
4668 1
4668 1
4668 1
4668 1
4668 1
4668 1
4668 1
4668 1
4668 1
4668 1
4668 1
4668 1
4668 1
4728 1
4728 1
4728 1
4728 1
4728 1
4728 1
4728 1
4728 1
4728 1
4728 1
4728 1
4728 1
4728 1
4728 1
4728 1
4728 1
4728 1
4728 1
4728 1
4728 1
4728 1
5042 1
5042 1
5042 1
5042 1
5042 1
5042 1
5042 1
5042 1
5042 1
5042 1
5042 1
5042 1
5042 1
5042 1
5042 1
5042 1
5042 1
5042 1
5042 1
5042 1
5042 1
5085 1
5085 1
5085 1
5085 1
5085 1
5085 1
5085 1
5085 1
5085 1
5085 1
5085 1
5085 1
5085 1
5085 1
5085 1
5085 1
5085 1
5085 1
5085 1
5085 1
5085 1
6027 1
6027 1
6027 1
6027 1
6027 1
6027 1
6027 1
6027 1
6027 1
6027 1
6027 1
6027 1
6027 1
6027 1
6027 1
6027 1
6027 1
6027 1
6027 1
6027 1
6027 1
10794 1
10794 1
10794 1
10794 1
10794 1
10794 1
10794 1
10794 1
10794 1
10794 1
10794 1
10794 1
10794 1
10794 1
10794 1
10794 1
10794 1
10794 1
10794 1
10794 1
10794 1
10939 1
10939 1
10939 1
10939 1
10939 1
10939 1
10939 1
10939 1
10939 1
10939 1
10939 1
10939 1
10939 1
10939 1
10939 1
10939 1
10939 1
10939 1
10939 1
10939 1
10939 1
11079 1
11079 1
11079 1
11079 1
11079 1
11079 1
11079 1
11079 1
11079 1
11079 1
11079 1
11079 1
11079 1
11079 1
11079 1
11079 1
11079 1
11079 1
11079 1
11079 1
11079 1
11224 1
11224 1
11224 1
11224 1
11224 1
11224 1
11224 1
11224 1
11224 1
11224 1
11224 1
11224 1
11224 1
11224 1
11224 1
11224 1
11224 1
11224 1
11224 1
11224 1
11224 1
11377 1
11377 1
11377 1
11377 1
11377 1
11377 1
11377 1
11377 1
11377 1
11377 1
11377 1
11377 1
11377 1
11377 1
11377 1
11377 1
11377 1
11377 1
11377 1
11377 1
11377 1
11532 1
11532 1
11532 1
11532 1
11532 1
11532 1
11532 1
11532 1
11532 1
11532 1
11532 1
11532 1
11532 1
11532 1
11532 1
11532 1
11532 1
11532 1
11532 1
11532 1
11532 1
11695 1
11695 1
11695 1
11695 1
11695 1
11695 1
11695 1
11695 1
11695 1
11695 1
11695 1
11695 1
11695 1
11695 1
11695 1
11695 1
11695 1
11695 1
11695 1
11695 1
11695 1
5910 1
5910 1
5910 1
5910 1
5910 1
5910 1
5910 1
5910 1
5910 1
5910 1
5910 1
5910 1
5910 1
5910 1
5910 1
5910 1
5910 1
5910 1
5910 1
5910 1
5910 1
5949 1
5949 1
5949 1
5949 1
5949 1
5949 1
5949 1
5949 1
5949 1
5949 1
5949 1
5949 1
5949 1
5949 1
5949 1
5949 1
5949 1
5949 1
5949 1
5949 1
5949 1
5989 1
5989 1
5989 1
5989 1
5989 1
5989 1
5989 1
5989 1
5989 1
5989 1
5989 1
5989 1
5989 1
5989 1
5989 1
5989 1
5989 1
5989 1
5989 1
5989 1
5989 1
6028 1
6028 1
6028 1
6028 1
6028 1
6028 1
6028 1
6028 1
6028 1
6028 1
6028 1
6028 1
6028 1
6028 1
6028 1
6028 1
6028 1
6028 1
6028 1
6028 1
6028 1
6064 1
6064 1
6064 1
6064 1
6064 1
6064 1
6064 1
6064 1
6064 1
6064 1
6064 1
6064 1
6064 1
6064 1
6064 1
6064 1
6064 1
6064 1
6064 1
6064 1
6064 1
7122 1
7122 1
7122 1
7122 1
7122 1
7122 1
7122 1
7122 1
7122 1
7122 1
7122 1
7122 1
7122 1
7122 1
7122 1
7122 1
7122 1
7122 1
7122 1
7122 1
7122 1
7195 1
7195 1
7195 1
7195 1
7195 1
7195 1
7195 1
7195 1
7195 1
7195 1
7195 1
7195 1
7195 1
7195 1
7195 1
7195 1
7195 1
7195 1
7195 1
7195 1
7195 1
7270 1
7270 1
7270 1
7270 1
7270 1
7270 1
7270 1
7270 1
7270 1
7270 1
7270 1
7270 1
7270 1
7270 1
7270 1
7270 1
7270 1
7270 1
7270 1
7270 1
7270 1
7344 1
7344 1
7344 1
7344 1
7344 1
7344 1
7344 1
7344 1
7344 1
7344 1
7344 1
7344 1
7344 1
7344 1
7344 1
7344 1
7344 1
7344 1
7344 1
7344 1
7344 1
7422 1
7422 1
7422 1
7422 1
7422 1
7422 1
7422 1
7422 1
7422 1
7422 1
7422 1
7422 1
7422 1
7422 1
7422 1
7422 1
7422 1
7422 1
7422 1
7422 1
7422 1
7504 1
7504 1
7504 1
7504 1
7504 1
7504 1
7504 1
7504 1
7504 1
7504 1
7504 1
7504 1
7504 1
7504 1
7504 1
7504 1
7504 1
7504 1
7504 1
7504 1
7504 1
7592 1
7592 1
7592 1
7592 1
7592 1
7592 1
7592 1
7592 1
7592 1
7592 1
7592 1
7592 1
7592 1
7592 1
7592 1
7592 1
7592 1
7592 1
7592 1
7592 1
7592 1
7684 1
7684 1
7684 1
7684 1
7684 1
7684 1
7684 1
7684 1
7684 1
7684 1
7684 1
7684 1
7684 1
7684 1
7684 1
7684 1
7684 1
7684 1
7684 1
7684 1
7684 1
7779 1
7779 1
7779 1
7779 1
7779 1
7779 1
7779 1
7779 1
7779 1
7779 1
7779 1
7779 1
7779 1
7779 1
7779 1
7779 1
7779 1
7779 1
7779 1
7779 1
7779 1
7875 1
7875 1
7875 1
7875 1
7875 1
7875 1
7875 1
7875 1
7875 1
7875 1
7875 1
7875 1
7875 1
7875 1
7875 1
7875 1
7875 1
7875 1
7875 1
7875 1
7875 1
7980 1
7980 1
7980 1
7980 1
7980 1
7980 1
7980 1
7980 1
7980 1
7980 1
7980 1
7980 1
7980 1
7980 1
7980 1
7980 1
7980 1
7980 1
7980 1
7980 1
7980 1
8088 1
8088 1
8088 1
8088 1
8088 1
8088 1
8088 1
8088 1
8088 1
8088 1
8088 1
8088 1
8088 1
8088 1
8088 1
8088 1
8088 1
8088 1
8088 1
8088 1
8088 1
10523 1
10523 1
10523 1
10523 1
10523 1
10523 1
10523 1
10523 1
10523 1
10523 1
10523 1
10523 1
10523 1
10523 1
10523 1
10523 1
10523 1
10523 1
10523 1
10523 1
10523 1
10795 1
10795 1
10795 1
10795 1
10795 1
10795 1
10795 1
10795 1
10795 1
10795 1
10795 1
10795 1
10795 1
10795 1
10795 1
10795 1
10795 1
10795 1
10795 1
10795 1
10795 1
10940 1
10940 1
10940 1
10940 1
10940 1
10940 1
10940 1
10940 1
10940 1
10940 1
10940 1
10940 1
10940 1
10940 1
10940 1
10940 1
10940 1
10940 1
10940 1
10940 1
10940 1
11080 1
11080 1
11080 1
11080 1
11080 1
11080 1
11080 1
11080 1
11080 1
11080 1
11080 1
11080 1
11080 1
11080 1
11080 1
11080 1
11080 1
11080 1
11080 1
11080 1
11080 1
11225 1
11225 1
11225 1
11225 1
11225 1
11225 1
11225 1
11225 1
11225 1
11225 1
11225 1
11225 1
11225 1
11225 1
11225 1
11225 1
11225 1
11225 1
11225 1
11225 1
11225 1
11378 1
11378 1
11378 1
11378 1
11378 1
11378 1
11378 1
11378 1
11378 1
11378 1
11378 1
11378 1
11378 1
11378 1
11378 1
11378 1
11378 1
11378 1
11378 1
11378 1
11378 1
11533 1
11533 1
11533 1
11533 1
11533 1
11533 1
11533 1
11533 1
11533 1
11533 1
11533 1
11533 1
11533 1
11533 1
11533 1
11533 1
11533 1
11533 1
11533 1
11533 1
11533 1
11696 1
11696 1
11696 1
11696 1
11696 1
11696 1
11696 1
11696 1
11696 1
11696 1
11696 1
11696 1
11696 1
11696 1
11696 1
11696 1
11696 1
11696 1
11696 1
11696 1
11696 1
5872 1
5872 1
5872 1
5872 1
5872 1
5872 1
5872 1
5872 1
5872 1
5872 1
5872 1
5872 1
5872 1
5872 1
5872 1
5872 1
5872 1
5872 1
5872 1
5872 1
5872 1
5911 1
5911 1
5911 1
5911 1
5911 1
5911 1
5911 1
5911 1
5911 1
5911 1
5911 1
5911 1
5911 1
5911 1
5911 1
5911 1
5911 1
5911 1
5911 1
5911 1
5911 1
5950 1
5950 1
5950 1
5950 1
5950 1
5950 1
5950 1
5950 1
5950 1
5950 1
5950 1
5950 1
5950 1
5950 1
5950 1
5950 1
5950 1
5950 1
5950 1
5950 1
5950 1
6029 1
6029 1
6029 1
6029 1
6029 1
6029 1
6029 1
6029 1
6029 1
6029 1
6029 1
6029 1
6029 1
6029 1
6029 1
6029 1
6029 1
6029 1
6029 1
6029 1
6029 1
6065 1
6065 1
6065 1
6065 1
6065 1
6065 1
6065 1
6065 1
6065 1
6065 1
6065 1
6065 1
6065 1
6065 1
6065 1
6065 1
6065 1
6065 1
6065 1
6065 1
6065 1
7052 1
7052 1
7052 1
7052 1
7052 1
7052 1
7052 1
7052 1
7052 1
7052 1
7052 1
7052 1
7052 1
7052 1
7052 1
7052 1
7052 1
7052 1
7052 1
7052 1
7052 1
7196 1
7196 1
7196 1
7196 1
7196 1
7196 1
7196 1
7196 1
7196 1
7196 1
7196 1
7196 1
7196 1
7196 1
7196 1
7196 1
7196 1
7196 1
7196 1
7196 1
7196 1
7271 1
7271 1
7271 1
7271 1
7271 1
7271 1
7271 1
7271 1
7271 1
7271 1
7271 1
7271 1
7271 1
7271 1
7271 1
7271 1
7271 1
7271 1
7271 1
7271 1
7271 1
7345 1
7345 1
7345 1
7345 1
7345 1
7345 1
7345 1
7345 1
7345 1
7345 1
7345 1
7345 1
7345 1
7345 1
7345 1
7345 1
7345 1
7345 1
7345 1
7345 1
7345 1
7423 1
7423 1
7423 1
7423 1
7423 1
7423 1
7423 1
7423 1
7423 1
7423 1
7423 1
7423 1
7423 1
7423 1
7423 1
7423 1
7423 1
7423 1
7423 1
7423 1
7423 1
7505 1
7505 1
7505 1
7505 1
7505 1
7505 1
7505 1
7505 1
7505 1
7505 1
7505 1
7505 1
7505 1
7505 1
7505 1
7505 1
7505 1
7505 1
7505 1
7505 1
7505 1
7593 1
7593 1
7593 1
7593 1
7593 1
7593 1
7593 1
7593 1
7593 1
7593 1
7593 1
7593 1
7593 1
7593 1
7593 1
7593 1
7593 1
7593 1
7593 1
7593 1
7593 1
7685 1
7685 1
7685 1
7685 1
7685 1
7685 1
7685 1
7685 1
7685 1
7685 1
7685 1
7685 1
7685 1
7685 1
7685 1
7685 1
7685 1
7685 1
7685 1
7685 1
7685 1
7780 1
7780 1
7780 1
7780 1
7780 1
7780 1
7780 1
7780 1
7780 1
7780 1
7780 1
7780 1
7780 1
7780 1
7780 1
7780 1
7780 1
7780 1
7780 1
7780 1
7780 1
7876 1
7876 1
7876 1
7876 1
7876 1
7876 1
7876 1
7876 1
7876 1
7876 1
7876 1
7876 1
7876 1
7876 1
7876 1
7876 1
7876 1
7876 1
7876 1
7876 1
7876 1
7981 1
7981 1
7981 1
7981 1
7981 1
7981 1
7981 1
7981 1
7981 1
7981 1
7981 1
7981 1
7981 1
7981 1
7981 1
7981 1
7981 1
7981 1
7981 1
7981 1
7981 1
8089 1
8089 1
8089 1
8089 1
8089 1
8089 1
8089 1
8089 1
8089 1
8089 1
8089 1
8089 1
8089 1
8089 1
8089 1
8089 1
8089 1
8089 1
8089 1
8089 1
8089 1
8200 1
8200 1
8200 1
8200 1
8200 1
8200 1
8200 1
8200 1
8200 1
8200 1
8200 1
8200 1
8200 1
8200 1
8200 1
8200 1
8200 1
8200 1
8200 1
8200 1
8200 1
8316 1
8316 1
8316 1
8316 1
8316 1
8316 1
8316 1
8316 1
8316 1
8316 1
8316 1
8316 1
8316 1
8316 1
8316 1
8316 1
8316 1
8316 1
8316 1
8316 1
8316 1
11081 1
11081 1
11081 1
11081 1
11081 1
11081 1
11081 1
11081 1
11081 1
11081 1
11081 1
11081 1
11081 1
11081 1
11081 1
11081 1
11081 1
11081 1
11081 1
11081 1
11081 1
11226 1
11226 1
11226 1
11226 1
11226 1
11226 1
11226 1
11226 1
11226 1
11226 1
11226 1
11226 1
11226 1
11226 1
11226 1
11226 1
11226 1
11226 1
11226 1
11226 1
11226 1
11379 1
11379 1
11379 1
11379 1
11379 1
11379 1
11379 1
11379 1
11379 1
11379 1
11379 1
11379 1
11379 1
11379 1
11379 1
11379 1
11379 1
11379 1
11379 1
11379 1
11379 1
11534 1
11534 1
11534 1
11534 1
11534 1
11534 1
11534 1
11534 1
11534 1
11534 1
11534 1
11534 1
11534 1
11534 1
11534 1
11534 1
11534 1
11534 1
11534 1
11534 1
11534 1
11697 1
11697 1
11697 1
11697 1
11697 1
11697 1
11697 1
11697 1
11697 1
11697 1
11697 1
11697 1
11697 1
11697 1
11697 1
11697 1
11697 1
11697 1
11697 1
11697 1
11697 1
11861 1
11861 1
11861 1
11861 1
11861 1
11861 1
11861 1
11861 1
11861 1
11861 1
11861 1
11861 1
11861 1
11861 1
11861 1
11861 1
11861 1
11861 1
11861 1
11861 1
11861 1
4701 1
4701 1
4701 1
4701 1
4701 1
4701 1
4701 1
4701 1
4701 1
4701 1
4701 1
4701 1
4701 1
4701 1
4701 1
4701 1
4701 1
4701 1
4701 1
4701 1
4701 1
5873 1
5873 1
5873 1
5873 1
5873 1
5873 1
5873 1
5873 1
5873 1
5873 1
5873 1
5873 1
5873 1
5873 1
5873 1
5873 1
5873 1
5873 1
5873 1
5873 1
5873 1
6854 1
6854 1
6854 1
6854 1
6854 1
6854 1
6854 1
6854 1
6854 1
6854 1
6854 1
6854 1
6854 1
6854 1
6854 1
6854 1
6854 1
6854 1
6854 1
6854 1
6854 1
7877 1
7877 1
7877 1
7877 1
7877 1
7877 1
7877 1
7877 1
7877 1
7877 1
7877 1
7877 1
7877 1
7877 1
7877 1
7877 1
7877 1
7877 1
7877 1
7877 1
7877 1
7982 1
7982 1
7982 1
7982 1
7982 1
7982 1
7982 1
7982 1
7982 1
7982 1
7982 1
7982 1
7982 1
7982 1
7982 1
7982 1
7982 1
7982 1
7982 1
7982 1
7982 1
8090 1
8090 1
8090 1
8090 1
8090 1
8090 1
8090 1
8090 1
8090 1
8090 1
8090 1
8090 1
8090 1
8090 1
8090 1
8090 1
8090 1
8090 1
8090 1
8090 1
8090 1
8201 1
8201 1
8201 1
8201 1
8201 1
8201 1
8201 1
8201 1
8201 1
8201 1
8201 1
8201 1
8201 1
8201 1
8201 1
8201 1
8201 1
8201 1
8201 1
8201 1
8201 1
8317 1
8317 1
8317 1
8317 1
8317 1
8317 1
8317 1
8317 1
8317 1
8317 1
8317 1
8317 1
8317 1
8317 1
8317 1
8317 1
8317 1
8317 1
8317 1
8317 1
8317 1
8801 1
8801 1
8801 1
8801 1
8801 1
8801 1
8801 1
8801 1
8801 1
8801 1
8801 1
8801 1
8801 1
8801 1
8801 1
8801 1
8801 1
8801 1
8801 1
8801 1
8801 1
8923 1
8923 1
8923 1
8923 1
8923 1
8923 1
8923 1
8923 1
8923 1
8923 1
8923 1
8923 1
8923 1
8923 1
8923 1
8923 1
8923 1
8923 1
8923 1
8923 1
8923 1
9041 1
9041 1
9041 1
9041 1
9041 1
9041 1
9041 1
9041 1
9041 1
9041 1
9041 1
9041 1
9041 1
9041 1
9041 1
9041 1
9041 1
9041 1
9041 1
9041 1
9041 1
10271 1
10271 1
10271 1
10271 1
10271 1
10271 1
10271 1
10271 1
10271 1
10271 1
10271 1
10271 1
10271 1
10271 1
10271 1
10271 1
10271 1
10271 1
10271 1
10271 1
10271 1
10399 1
10399 1
10399 1
10399 1
10399 1
10399 1
10399 1
10399 1
10399 1
10399 1
10399 1
10399 1
10399 1
10399 1
10399 1
10399 1
10399 1
10399 1
10399 1
10399 1
10399 1
11082 1
11082 1
11082 1
11082 1
11082 1
11082 1
11082 1
11082 1
11082 1
11082 1
11082 1
11082 1
11082 1
11082 1
11082 1
11082 1
11082 1
11082 1
11082 1
11082 1
11082 1
11227 1
11227 1
11227 1
11227 1
11227 1
11227 1
11227 1
11227 1
11227 1
11227 1
11227 1
11227 1
11227 1
11227 1
11227 1
11227 1
11227 1
11227 1
11227 1
11227 1
11227 1
11380 1
11380 1
11380 1
11380 1
11380 1
11380 1
11380 1
11380 1
11380 1
11380 1
11380 1
11380 1
11380 1
11380 1
11380 1
11380 1
11380 1
11380 1
11380 1
11380 1
11380 1
11535 1
11535 1
11535 1
11535 1
11535 1
11535 1
11535 1
11535 1
11535 1
11535 1
11535 1
11535 1
11535 1
11535 1
11535 1
11535 1
11535 1
11535 1
11535 1
11535 1
11535 1
11698 1
11698 1
11698 1
11698 1
11698 1
11698 1
11698 1
11698 1
11698 1
11698 1
11698 1
11698 1
11698 1
11698 1
11698 1
11698 1
11698 1
11698 1
11698 1
11698 1
11698 1
11862 1
11862 1
11862 1
11862 1
11862 1
11862 1
11862 1
11862 1
11862 1
11862 1
11862 1
11862 1
11862 1
11862 1
11862 1
11862 1
11862 1
11862 1
11862 1
11862 1
11862 1
5322 1
5322 1
5322 1
5322 1
5322 1
5322 1
5322 1
5322 1
5322 1
5322 1
5322 1
5322 1
5322 1
5322 1
5322 1
5322 1
5322 1
5322 1
5322 1
5322 1
5322 1
5874 1
5874 1
5874 1
5874 1
5874 1
5874 1
5874 1
5874 1
5874 1
5874 1
5874 1
5874 1
5874 1
5874 1
5874 1
5874 1
5874 1
5874 1
5874 1
5874 1
5874 1
6031 1
6031 1
6031 1
6031 1
6031 1
6031 1
6031 1
6031 1
6031 1
6031 1
6031 1
6031 1
6031 1
6031 1
6031 1
6031 1
6031 1
6031 1
6031 1
6031 1
6031 1
6563 1
6563 1
6563 1
6563 1
6563 1
6563 1
6563 1
6563 1
6563 1
6563 1
6563 1
6563 1
6563 1
6563 1
6563 1
6563 1
6563 1
6563 1
6563 1
6563 1
6563 1
7273 1
7273 1
7273 1
7273 1
7273 1
7273 1
7273 1
7273 1
7273 1
7273 1
7273 1
7273 1
7273 1
7273 1
7273 1
7273 1
7273 1
7273 1
7273 1
7273 1
7273 1
8202 1
8202 1
8202 1
8202 1
8202 1
8202 1
8202 1
8202 1
8202 1
8202 1
8202 1
8202 1
8202 1
8202 1
8202 1
8202 1
8202 1
8202 1
8202 1
8202 1
8202 1
8318 1
8318 1
8318 1
8318 1
8318 1
8318 1
8318 1
8318 1
8318 1
8318 1
8318 1
8318 1
8318 1
8318 1
8318 1
8318 1
8318 1
8318 1
8318 1
8318 1
8318 1
8556 1
8556 1
8556 1
8556 1
8556 1
8556 1
8556 1
8556 1
8556 1
8556 1
8556 1
8556 1
8556 1
8556 1
8556 1
8556 1
8556 1
8556 1
8556 1
8556 1
8556 1
8678 1
8678 1
8678 1
8678 1
8678 1
8678 1
8678 1
8678 1
8678 1
8678 1
8678 1
8678 1
8678 1
8678 1
8678 1
8678 1
8678 1
8678 1
8678 1
8678 1
8678 1
8924 1
8924 1
8924 1
8924 1
8924 1
8924 1
8924 1
8924 1
8924 1
8924 1
8924 1
8924 1
8924 1
8924 1
8924 1
8924 1
8924 1
8924 1
8924 1
8924 1
8924 1
9042 1
9042 1
9042 1
9042 1
9042 1
9042 1
9042 1
9042 1
9042 1
9042 1
9042 1
9042 1
9042 1
9042 1
9042 1
9042 1
9042 1
9042 1
9042 1
9042 1
9042 1
10151 1
10151 1
10151 1
10151 1
10151 1
10151 1
10151 1
10151 1
10151 1
10151 1
10151 1
10151 1
10151 1
10151 1
10151 1
10151 1
10151 1
10151 1
10151 1
10151 1
10151 1
10272 1
10272 1
10272 1
10272 1
10272 1
10272 1
10272 1
10272 1
10272 1
10272 1
10272 1
10272 1
10272 1
10272 1
10272 1
10272 1
10272 1
10272 1
10272 1
10272 1
10272 1
10400 1
10400 1
10400 1
10400 1
10400 1
10400 1
10400 1
10400 1
10400 1
10400 1
10400 1
10400 1
10400 1
10400 1
10400 1
10400 1
10400 1
10400 1
10400 1
10400 1
10400 1
10798 1
10798 1
10798 1
10798 1
10798 1
10798 1
10798 1
10798 1
10798 1
10798 1
10798 1
10798 1
10798 1
10798 1
10798 1
10798 1
10798 1
10798 1
10798 1
10798 1
10798 1
10943 1
10943 1
10943 1
10943 1
10943 1
10943 1
10943 1
10943 1
10943 1
10943 1
10943 1
10943 1
10943 1
10943 1
10943 1
10943 1
10943 1
10943 1
10943 1
10943 1
10943 1
11381 1
11381 1
11381 1
11381 1
11381 1
11381 1
11381 1
11381 1
11381 1
11381 1
11381 1
11381 1
11381 1
11381 1
11381 1
11381 1
11381 1
11381 1
11381 1
11381 1
11381 1
11536 1
11536 1
11536 1
11536 1
11536 1
11536 1
11536 1
11536 1
11536 1
11536 1
11536 1
11536 1
11536 1
11536 1
11536 1
11536 1
11536 1
11536 1
11536 1
11536 1
11536 1
11699 1
11699 1
11699 1
11699 1
11699 1
11699 1
11699 1
11699 1
11699 1
11699 1
11699 1
11699 1
11699 1
11699 1
11699 1
11699 1
11699 1
11699 1
11699 1
11699 1
11699 1
11863 1
11863 1
11863 1
11863 1
11863 1
11863 1
11863 1
11863 1
11863 1
11863 1
11863 1
11863 1
11863 1
11863 1
11863 1
11863 1
11863 1
11863 1
11863 1
11863 1
11863 1
12032 1
12032 1
12032 1
12032 1
12032 1
12032 1
12032 1
12032 1
12032 1
12032 1
12032 1
12032 1
12032 1
12032 1
12032 1
12032 1
12032 1
12032 1
12032 1
12032 1
12032 1
5090 1
5090 1
5090 1
5090 1
5090 1
5090 1
5090 1
5090 1
5090 1
5090 1
5090 1
5090 1
5090 1
5090 1
5090 1
5090 1
5090 1
5090 1
5090 1
5090 1
5090 1
5247 1
5247 1
5247 1
5247 1
5247 1
5247 1
5247 1
5247 1
5247 1
5247 1
5247 1
5247 1
5247 1
5247 1
5247 1
5247 1
5247 1
5247 1
5247 1
5247 1
5247 1
8203 1
8203 1
8203 1
8203 1
8203 1
8203 1
8203 1
8203 1
8203 1
8203 1
8203 1
8203 1
8203 1
8203 1
8203 1
8203 1
8203 1
8203 1
8203 1
8203 1
8203 1
8436 1
8436 1
8436 1
8436 1
8436 1
8436 1
8436 1
8436 1
8436 1
8436 1
8436 1
8436 1
8436 1
8436 1
8436 1
8436 1
8436 1
8436 1
8436 1
8436 1
8436 1
8557 1
8557 1
8557 1
8557 1
8557 1
8557 1
8557 1
8557 1
8557 1
8557 1
8557 1
8557 1
8557 1
8557 1
8557 1
8557 1
8557 1
8557 1
8557 1
8557 1
8557 1
8925 1
8925 1
8925 1
8925 1
8925 1
8925 1
8925 1
8925 1
8925 1
8925 1
8925 1
8925 1
8925 1
8925 1
8925 1
8925 1
8925 1
8925 1
8925 1
8925 1
8925 1
9913 1
9913 1
9913 1
9913 1
9913 1
9913 1
9913 1
9913 1
9913 1
9913 1
9913 1
9913 1
9913 1
9913 1
9913 1
9913 1
9913 1
9913 1
9913 1
9913 1
9913 1
10031 1
10031 1
10031 1
10031 1
10031 1
10031 1
10031 1
10031 1
10031 1
10031 1
10031 1
10031 1
10031 1
10031 1
10031 1
10031 1
10031 1
10031 1
10031 1
10031 1
10031 1
10152 1
10152 1
10152 1
10152 1
10152 1
10152 1
10152 1
10152 1
10152 1
10152 1
10152 1
10152 1
10152 1
10152 1
10152 1
10152 1
10152 1
10152 1
10152 1
10152 1
10152 1
10273 1
10273 1
10273 1
10273 1
10273 1
10273 1
10273 1
10273 1
10273 1
10273 1
10273 1
10273 1
10273 1
10273 1
10273 1
10273 1
10273 1
10273 1
10273 1
10273 1
10273 1
10401 1
10401 1
10401 1
10401 1
10401 1
10401 1
10401 1
10401 1
10401 1
10401 1
10401 1
10401 1
10401 1
10401 1
10401 1
10401 1
10401 1
10401 1
10401 1
10401 1
10401 1
10944 1
10944 1
10944 1
10944 1
10944 1
10944 1
10944 1
10944 1
10944 1
10944 1
10944 1
10944 1
10944 1
10944 1
10944 1
10944 1
10944 1
10944 1
10944 1
10944 1
10944 1
11382 1
11382 1
11382 1
11382 1
11382 1
11382 1
11382 1
11382 1
11382 1
11382 1
11382 1
11382 1
11382 1
11382 1
11382 1
11382 1
11382 1
11382 1
11382 1
11382 1
11382 1
11537 1
11537 1
11537 1
11537 1
11537 1
11537 1
11537 1
11537 1
11537 1
11537 1
11537 1
11537 1
11537 1
11537 1
11537 1
11537 1
11537 1
11537 1
11537 1
11537 1
11537 1
11700 1
11700 1
11700 1
11700 1
11700 1
11700 1
11700 1
11700 1
11700 1
11700 1
11700 1
11700 1
11700 1
11700 1
11700 1
11700 1
11700 1
11700 1
11700 1
11700 1
11700 1
11864 1
11864 1
11864 1
11864 1
11864 1
11864 1
11864 1
11864 1
11864 1
11864 1
11864 1
11864 1
11864 1
11864 1
11864 1
11864 1
11864 1
11864 1
11864 1
11864 1
11864 1
12033 1
12033 1
12033 1
12033 1
12033 1
12033 1
12033 1
12033 1
12033 1
12033 1
12033 1
12033 1
12033 1
12033 1
12033 1
12033 1
12033 1
12033 1
12033 1
12033 1
12033 1
5133 1
5133 1
5133 1
5133 1
5133 1
5133 1
5133 1
5133 1
5133 1
5133 1
5133 1
5133 1
5133 1
5133 1
5133 1
5133 1
5133 1
5133 1
5133 1
5133 1
5133 1
5173 1
5173 1
5173 1
5173 1
5173 1
5173 1
5173 1
5173 1
5173 1
5173 1
5173 1
5173 1
5173 1
5173 1
5173 1
5173 1
5173 1
5173 1
5173 1
5173 1
5173 1
5210 1
5210 1
5210 1
5210 1
5210 1
5210 1
5210 1
5210 1
5210 1
5210 1
5210 1
5210 1
5210 1
5210 1
5210 1
5210 1
5210 1
5210 1
5210 1
5210 1
5210 1
5324 1
5324 1
5324 1
5324 1
5324 1
5324 1
5324 1
5324 1
5324 1
5324 1
5324 1
5324 1
5324 1
5324 1
5324 1
5324 1
5324 1
5324 1
5324 1
5324 1
5324 1
8926 1
8926 1
8926 1
8926 1
8926 1
8926 1
8926 1
8926 1
8926 1
8926 1
8926 1
8926 1
8926 1
8926 1
8926 1
8926 1
8926 1
8926 1
8926 1
8926 1
8926 1
10528 1
10528 1
10528 1
10528 1
10528 1
10528 1
10528 1
10528 1
10528 1
10528 1
10528 1
10528 1
10528 1
10528 1
10528 1
10528 1
10528 1
10528 1
10528 1
10528 1
10528 1
10660 1
10660 1
10660 1
10660 1
10660 1
10660 1
10660 1
10660 1
10660 1
10660 1
10660 1
10660 1
10660 1
10660 1
10660 1
10660 1
10660 1
10660 1
10660 1
10660 1
10660 1
11230 1
11230 1
11230 1
11230 1
11230 1
11230 1
11230 1
11230 1
11230 1
11230 1
11230 1
11230 1
11230 1
11230 1
11230 1
11230 1
11230 1
11230 1
11230 1
11230 1
11230 1
11383 1
11383 1
11383 1
11383 1
11383 1
11383 1
11383 1
11383 1
11383 1
11383 1
11383 1
11383 1
11383 1
11383 1
11383 1
11383 1
11383 1
11383 1
11383 1
11383 1
11383 1
11701 1
11701 1
11701 1
11701 1
11701 1
11701 1
11701 1
11701 1
11701 1
11701 1
11701 1
11701 1
11701 1
11701 1
11701 1
11701 1
11701 1
11701 1
11701 1
11701 1
11701 1
11865 1
11865 1
11865 1
11865 1
11865 1
11865 1
11865 1
11865 1
11865 1
11865 1
11865 1
11865 1
11865 1
11865 1
11865 1
11865 1
11865 1
11865 1
11865 1
11865 1
11865 1
12034 1
12034 1
12034 1
12034 1
12034 1
12034 1
12034 1
12034 1
12034 1
12034 1
12034 1
12034 1
12034 1
12034 1
12034 1
12034 1
12034 1
12034 1
12034 1
12034 1
12034 1
9045 1
9045 1
9045 1
9045 1
9045 1
9045 1
9045 1
9045 1
9045 1
9045 1
9045 1
9045 1
9045 1
9045 1
9045 1
9045 1
9045 1
9045 1
9045 1
9045 1
9045 1
11539 1
11539 1
11539 1
11539 1
11539 1
11539 1
11539 1
11539 1
11539 1
11539 1
11539 1
11539 1
11539 1
11539 1
11539 1
11539 1
11539 1
11539 1
11539 1
11539 1
11539 1
11702 1
11702 1
11702 1
11702 1
11702 1
11702 1
11702 1
11702 1
11702 1
11702 1
11702 1
11702 1
11702 1
11702 1
11702 1
11702 1
11702 1
11702 1
11702 1
11702 1
11702 1
11866 1
11866 1
11866 1
11866 1
11866 1
11866 1
11866 1
11866 1
11866 1
11866 1
11866 1
11866 1
11866 1
11866 1
11866 1
11866 1
11866 1
11866 1
11866 1
11866 1
11866 1
12035 1
12035 1
12035 1
12035 1
12035 1
12035 1
12035 1
12035 1
12035 1
12035 1
12035 1
12035 1
12035 1
12035 1
12035 1
12035 1
12035 1
12035 1
12035 1
12035 1
12035 1
11540 1
11540 1
11540 1
11540 1
11540 1
11540 1
11540 1
11540 1
11540 1
11540 1
11540 1
11540 1
11540 1
11540 1
11540 1
11540 1
11540 1
11540 1
11540 1
11540 1
11540 1
11867 1
11867 1
11867 1
11867 1
11867 1
11867 1
11867 1
11867 1
11867 1
11867 1
11867 1
11867 1
11867 1
11867 1
11867 1
11867 1
11867 1
11867 1
11867 1
11867 1
11867 1
12036 1
12036 1
12036 1
12036 1
12036 1
12036 1
12036 1
12036 1
12036 1
12036 1
12036 1
12036 1
12036 1
12036 1
12036 1
12036 1
12036 1
12036 1
12036 1
12036 1
12036 1
17660 1
17660 1
17660 1
17660 1
17660 1
17660 1
17660 1
17660 1
17660 1
17660 1
17660 1
17660 1
17660 1
17660 1
17660 1
17660 1
17660 1
17660 1
17660 1
17660 1
17660 1
10663 1
10663 1
10663 1
10663 1
10663 1
10663 1
10663 1
10663 1
10663 1
10663 1
10663 1
10663 1
10663 1
10663 1
10663 1
10663 1
10663 1
10663 1
10663 1
10663 1
10663 1
11704 1
11704 1
11704 1
11704 1
11704 1
11704 1
11704 1
11704 1
11704 1
11704 1
11704 1
11704 1
11704 1
11704 1
11704 1
11704 1
11704 1
11704 1
11704 1
11704 1
11704 1
11868 1
11868 1
11868 1
11868 1
11868 1
11868 1
11868 1
11868 1
11868 1
11868 1
11868 1
11868 1
11868 1
11868 1
11868 1
11868 1
11868 1
11868 1
11868 1
11868 1
11868 1
12037 1
12037 1
12037 1
12037 1
12037 1
12037 1
12037 1
12037 1
12037 1
12037 1
12037 1
12037 1
12037 1
12037 1
12037 1
12037 1
12037 1
12037 1
12037 1
12037 1
12037 1
10949 1
10949 1
10949 1
10949 1
10949 1
10949 1
10949 1
10949 1
10949 1
10949 1
10949 1
10949 1
10949 1
10949 1
10949 1
10949 1
10949 1
10949 1
10949 1
10949 1
10949 1
11387 1
11387 1
11387 1
11387 1
11387 1
11387 1
11387 1
11387 1
11387 1
11387 1
11387 1
11387 1
11387 1
11387 1
11387 1
11387 1
11387 1
11387 1
11387 1
11387 1
11387 1
11869 1
11869 1
11869 1
11869 1
11869 1
11869 1
11869 1
11869 1
11869 1
11869 1
11869 1
11869 1
11869 1
11869 1
11869 1
11869 1
11869 1
11869 1
11869 1
11869 1
11869 1
12038 1
12038 1
12038 1
12038 1
12038 1
12038 1
12038 1
12038 1
12038 1
12038 1
12038 1
12038 1
12038 1
12038 1
12038 1
12038 1
12038 1
12038 1
12038 1
12038 1
12038 1
5683 1
5683 1
5683 1
5683 1
5683 1
5683 1
5683 1
5683 1
5683 1
5683 1
5683 1
5683 1
5683 1
5683 1
5683 1
5683 1
5683 1
5683 1
5683 1
5683 1
5683 1
11236 1
11236 1
11236 1
11236 1
11236 1
11236 1
11236 1
11236 1
11236 1
11236 1
11236 1
11236 1
11236 1
11236 1
11236 1
11236 1
11236 1
11236 1
11236 1
11236 1
11236 1
17143 1
17143 1
17143 1
17143 1
17143 1
17143 1
17143 1
17143 1
17143 1
17143 1
17143 1
17143 1
17143 1
17143 1
17143 1
17143 1
17143 1
17143 1
17143 1
17143 1
17143 1
5369 1
5369 1
5369 1
5369 1
5369 1
5369 1
5369 1
5369 1
5369 1
5369 1
5369 1
5369 1
5369 1
5369 1
5369 1
5369 1
5369 1
5369 1
5369 1
5369 1
5369 1
11390 1
11390 1
11390 1
11390 1
11390 1
11390 1
11390 1
11390 1
11390 1
11390 1
11390 1
11390 1
11390 1
11390 1
11390 1
11390 1
11390 1
11390 1
11390 1
11390 1
11390 1
5484 1
5484 1
5484 1
5484 1
5484 1
5484 1
5484 1
5484 1
5484 1
5484 1
5484 1
5484 1
5484 1
5484 1
5484 1
5484 1
5484 1
5484 1
5484 1
5484 1
5484 1
11547 1
11547 1
11547 1
11547 1
11547 1
11547 1
11547 1
11547 1
11547 1
11547 1
11547 1
11547 1
11547 1
11547 1
11547 1
11547 1
11547 1
11547 1
11547 1
11547 1
11547 1
11710 1
11710 1
11710 1
11710 1
11710 1
11710 1
11710 1
11710 1
11710 1
11710 1
11710 1
11710 1
11710 1
11710 1
11710 1
11710 1
11710 1
11710 1
11710 1
11710 1
11710 1
11874 1
11874 1
11874 1
11874 1
11874 1
11874 1
11874 1
11874 1
11874 1
11874 1
11874 1
11874 1
11874 1
11874 1
11874 1
11874 1
11874 1
11874 1
11874 1
11874 1
11874 1
5808 1
5808 1
5808 1
5808 1
5808 1
5808 1
5808 1
5808 1
5808 1
5808 1
5808 1
5808 1
5808 1
5808 1
5808 1
5808 1
5808 1
5808 1
5808 1
5808 1
5808 1
18916 1
18916 1
18916 1
18916 1
18916 1
18916 1
18916 1
18916 1
18916 1
18916 1
18916 1
18916 1
18916 1
18916 1
18916 1
18916 1
18916 1
18916 1
18916 1
18916 1
18916 1
14736 1
14736 1
14736 1
14736 1
14736 1
14736 1
14736 1
14736 1
14736 1
14736 1
14736 1
14736 1
14736 1
14736 1
14736 1
14736 1
14736 1
14736 1
14736 1
14736 1
14736 1
18033 1
18033 1
18033 1
18033 1
18033 1
18033 1
18033 1
18033 1
18033 1
18033 1
18033 1
18033 1
18033 1
18033 1
18033 1
18033 1
18033 1
18033 1
18033 1
18033 1
18033 1
18560 1
18560 1
18560 1
18560 1
18560 1
18560 1
18560 1
18560 1
18560 1
18560 1
18560 1
18560 1
18560 1
18560 1
18560 1
18560 1
18560 1
18560 1
18560 1
18560 1
18560 1
12239 1
12239 1
12239 1
12239 1
12239 1
12239 1
12239 1
12239 1
12239 1
12239 1
12239 1
12239 1
12239 1
12239 1
12239 1
12239 1
12239 1
12239 1
12239 1
12239 1
12239 1
11735 1
11735 1
11735 1
11735 1
11735 1
11735 1
11735 1
11735 1
11735 1
11735 1
11735 1
11735 1
11735 1
11735 1
11735 1
11735 1
11735 1
11735 1
11735 1
11735 1
11735 1
19595 1
19595 1
19595 1
19595 1
19595 1
19595 1
19595 1
19595 1
19595 1
19595 1
19595 1
19595 1
19595 1
19595 1
19595 1
19595 1
19595 1
19595 1
19595 1
19595 1
19595 1
20036 1
20036 1
20036 1
20036 1
20036 1
20036 1
20036 1
20036 1
20036 1
20036 1
20036 1
20036 1
20036 1
20036 1
20036 1
20036 1
20036 1
20036 1
20036 1
20036 1
20036 1
20040 1
20040 1
20040 1
20040 1
20040 1
20040 1
20040 1
20040 1
20040 1
20040 1
20040 1
20040 1
20040 1
20040 1
20040 1
20040 1
20040 1
20040 1
20040 1
20040 1
20040 1
20300 1
20300 1
20300 1
20300 1
20300 1
20300 1
20300 1
20300 1
20300 1
20300 1
20300 1
20300 1
20300 1
20300 1
20300 1
20300 1
20300 1
20300 1
20300 1
20300 1
20300 1
