pt_graph scale
32110 0
32110 50.13382219
32110 50.13382219
32110 50.13382219
32110 50.13382219
32110 0
32110 0
32110 14.11738126
32110 14.11738126
32110 14.11738126
32110 14.11738126
32110 624.6056106
32110 624.6056106
32110 624.6056106
32110 624.6056106
32110 624.6056106
32110 0
32110 0
32110 0
32110 0
32110 0
32110 0
32110 0
32110 0
32110 0
32110 0
32110 0
32110 0
32110 0
32110 1511.872254
32110 1511.872254
32110 1511.872254
32110 0
32110 0
32110 0
32110 0
32110 0
32220 0
32220 50.13382219
32220 50.13382219
32220 50.13382219
32220 50.13382219
32220 0
32220 0
32220 14.11738126
32220 14.11738126
32220 14.11738126
32220 14.11738126
32220 624.6056106
32220 624.6056106
32220 624.6056106
32220 624.6056106
32220 624.6056106
32220 0
32220 0
32220 0
32220 0
32220 0
32220 0
32220 0
32220 0
32220 0
32220 0
32220 0
32220 0
32220 0
32220 1511.872254
32220 1511.872254
32220 1511.872254
32220 0
32220 0
32220 0
32220 0
32220 0
32330 0
32330 50.13382219
32330 50.13382219
32330 50.13382219
32330 50.13382219
32330 0
32330 0
32330 14.11738126
32330 14.11738126
32330 14.11738126
32330 14.11738126
32330 624.6056106
32330 624.6056106
32330 624.6056106
32330 624.6056106
32330 624.6056106
32330 0
32330 0
32330 0
32330 0
32330 0
32330 0
32330 0
32330 0
32330 0
32330 0
32330 0
32330 0
32330 0
32330 1511.872254
32330 1511.872254
32330 1511.872254
32330 0
32330 0
32330 0
32330 0
32330 0
32440 0
32440 50.13382219
32440 50.13382219
32440 50.13382219
32440 50.13382219
32440 0
32440 0
32440 14.11738126
32440 14.11738126
32440 14.11738126
32440 14.11738126
32440 624.6056106
32440 624.6056106
32440 624.6056106
32440 624.6056106
32440 624.6056106
32440 0
32440 0
32440 0
32440 0
32440 0
32440 0
32440 0
32440 0
32440 0
32440 0
32440 0
32440 0
32440 0
32440 1511.872254
32440 1511.872254
32440 1511.872254
32440 0
32440 0
32440 0
32440 0
32440 0
30901 0
30901 50.13382219
30901 50.13382219
30901 50.13382219
30901 50.13382219
30901 0
30901 0
30901 14.11738126
30901 14.11738126
30901 14.11738126
30901 14.11738126
30901 624.6056106
30901 624.6056106
30901 624.6056106
30901 624.6056106
30901 624.6056106
30901 0
30901 0
30901 0
30901 0
30901 0
30901 0
30901 0
30901 0
30901 0
30901 0
30901 0
30901 0
30901 0
30901 1511.872254
30901 1511.872254
30901 1511.872254
30901 0
30901 0
30901 0
30901 0
30901 0
31573 0
31573 50.13382219
31573 50.13382219
31573 50.13382219
31573 50.13382219
31573 0
31573 0
31573 14.11738126
31573 14.11738126
31573 14.11738126
31573 14.11738126
31573 624.6056106
31573 624.6056106
31573 624.6056106
31573 624.6056106
31573 624.6056106
31573 0
31573 0
31573 0
31573 0
31573 0
31573 0
31573 0
31573 0
31573 0
31573 0
31573 0
31573 0
31573 0
31573 1511.872254
31573 1511.872254
31573 1511.872254
31573 0
31573 0
31573 0
31573 0
31573 0
31089 0
31089 50.13382219
31089 50.13382219
31089 50.13382219
31089 50.13382219
31089 0
31089 0
31089 14.11738126
31089 14.11738126
31089 14.11738126
31089 14.11738126
31089 624.6056106
31089 624.6056106
31089 624.6056106
31089 624.6056106
31089 624.6056106
31089 0
31089 0
31089 0
31089 0
31089 0
31089 0
31089 0
31089 0
31089 0
31089 0
31089 0
31089 0
31089 0
31089 1511.872254
31089 1511.872254
31089 1511.872254
31089 0
31089 0
31089 0
31089 0
31089 0
31184 0
31184 50.13382219
31184 50.13382219
31184 50.13382219
31184 50.13382219
31184 0
31184 0
31184 14.11738126
31184 14.11738126
31184 14.11738126
31184 14.11738126
31184 624.6056106
31184 624.6056106
31184 624.6056106
31184 624.6056106
31184 624.6056106
31184 0
31184 0
31184 0
31184 0
31184 0
31184 0
31184 0
31184 0
31184 0
31184 0
31184 0
31184 0
31184 0
31184 1511.872254
31184 1511.872254
31184 1511.872254
31184 0
31184 0
31184 0
31184 0
31184 0
32332 0
32332 50.13382219
32332 50.13382219
32332 50.13382219
32332 50.13382219
32332 0
32332 0
32332 14.11738126
32332 14.11738126
32332 14.11738126
32332 14.11738126
32332 624.6056106
32332 624.6056106
32332 624.6056106
32332 624.6056106
32332 624.6056106
32332 0
32332 0
32332 0
32332 0
32332 0
32332 0
32332 0
32332 0
32332 0
32332 0
32332 0
32332 0
32332 0
32332 1511.872254
32332 1511.872254
32332 1511.872254
32332 0
32332 0
32332 0
32332 0
32332 0
31185 0
31185 50.13382219
31185 50.13382219
31185 50.13382219
31185 50.13382219
31185 0
31185 0
31185 14.11738126
31185 14.11738126
31185 14.11738126
31185 14.11738126
31185 624.6056106
31185 624.6056106
31185 624.6056106
31185 624.6056106
31185 624.6056106
31185 0
31185 0
31185 0
31185 0
31185 0
31185 0
31185 0
31185 0
31185 0
31185 0
31185 0
31185 0
31185 0
31185 1511.872254
31185 1511.872254
31185 1511.872254
31185 0
31185 0
31185 0
31185 0
31185 0
32003 0
32003 50.13382219
32003 50.13382219
32003 50.13382219
32003 50.13382219
32003 0
32003 0
32003 14.11738126
32003 14.11738126
32003 14.11738126
32003 14.11738126
32003 624.6056106
32003 624.6056106
32003 624.6056106
32003 624.6056106
32003 624.6056106
32003 0
32003 0
32003 0
32003 0
32003 0
32003 0
32003 0
32003 0
32003 0
32003 0
32003 0
32003 0
32003 0
32003 1511.872254
32003 1511.872254
32003 1511.872254
32003 0
32003 0
32003 0
32003 0
32003 0
31281 0
31281 50.13382219
31281 50.13382219
31281 50.13382219
31281 50.13382219
31281 0
31281 0
31281 14.11738126
31281 14.11738126
31281 14.11738126
31281 14.11738126
31281 624.6056106
31281 624.6056106
31281 624.6056106
31281 624.6056106
31281 624.6056106
31281 0
31281 0
31281 0
31281 0
31281 0
31281 0
31281 0
31281 0
31281 0
31281 0
31281 0
31281 0
31281 0
31281 1511.872254
31281 1511.872254
31281 1511.872254
31281 0
31281 0
31281 0
31281 0
31281 0
31377 0
31377 50.13382219
31377 50.13382219
31377 50.13382219
31377 50.13382219
31377 0
31377 0
31377 14.11738126
31377 14.11738126
31377 14.11738126
31377 14.11738126
31377 624.6056106
31377 624.6056106
31377 624.6056106
31377 624.6056106
31377 624.6056106
31377 0
31377 0
31377 0
31377 0
31377 0
31377 0
31377 0
31377 0
31377 0
31377 0
31377 0
31377 0
31377 0
31377 1511.872254
31377 1511.872254
31377 1511.872254
31377 0
31377 0
31377 0
31377 0
31377 0
31475 0
31475 50.13382219
31475 50.13382219
31475 50.13382219
31475 50.13382219
31475 0
31475 0
31475 14.11738126
31475 14.11738126
31475 14.11738126
31475 14.11738126
31475 624.6056106
31475 624.6056106
31475 624.6056106
31475 624.6056106
31475 624.6056106
31475 0
31475 0
31475 0
31475 0
31475 0
31475 0
31475 0
31475 0
31475 0
31475 0
31475 0
31475 0
31475 0
31475 1511.872254
31475 1511.872254
31475 1511.872254
31475 0
31475 0
31475 0
31475 0
31475 0
31187 0
31187 50.13382219
31187 50.13382219
31187 50.13382219
31187 50.13382219
31187 0
31187 0
31187 14.11738126
31187 14.11738126
31187 14.11738126
31187 14.11738126
31187 624.6056106
31187 624.6056106
31187 624.6056106
31187 624.6056106
31187 624.6056106
31187 0
31187 0
31187 0
31187 0
31187 0
31187 0
31187 0
31187 0
31187 0
31187 0
31187 0
31187 0
31187 0
31187 1511.872254
31187 1511.872254
31187 1511.872254
31187 0
31187 0
31187 0
31187 0
31187 0
31282 0
31282 50.13382219
31282 50.13382219
31282 50.13382219
31282 50.13382219
31282 0
31282 0
31282 14.11738126
31282 14.11738126
31282 14.11738126
31282 14.11738126
31282 624.6056106
31282 624.6056106
31282 624.6056106
31282 624.6056106
31282 624.6056106
31282 0
31282 0
31282 0
31282 0
31282 0
31282 0
31282 0
31282 0
31282 0
31282 0
31282 0
31282 0
31282 0
31282 1511.872254
31282 1511.872254
31282 1511.872254
31282 0
31282 0
31282 0
31282 0
31282 0
36514 0
36514 50.13382219
36514 50.13382219
36514 50.13382219
36514 50.13382219
36514 0
36514 0
36514 14.11738126
36514 14.11738126
36514 14.11738126
36514 14.11738126
36514 624.6056106
36514 624.6056106
36514 624.6056106
36514 624.6056106
36514 624.6056106
36514 0
36514 0
36514 0
36514 0
36514 0
36514 0
36514 0
36514 0
36514 0
36514 0
36514 0
36514 0
36514 0
36514 1511.872254
36514 1511.872254
36514 1511.872254
36514 0
36514 0
36514 0
36514 0
36514 0
31188 0
31188 50.13382219
31188 50.13382219
31188 50.13382219
31188 50.13382219
31188 0
31188 0
31188 14.11738126
31188 14.11738126
31188 14.11738126
31188 14.11738126
31188 624.6056106
31188 624.6056106
31188 624.6056106
31188 624.6056106
31188 624.6056106
31188 0
31188 0
31188 0
31188 0
31188 0
31188 0
31188 0
31188 0
31188 0
31188 0
31188 0
31188 0
31188 0
31188 1511.872254
31188 1511.872254
31188 1511.872254
31188 0
31188 0
31188 0
31188 0
31188 0
5789 0
5789 50.13382219
5789 50.13382219
5789 50.13382219
5789 50.13382219
5789 0
5789 0
5789 14.11738126
5789 14.11738126
5789 14.11738126
5789 14.11738126
5789 624.6056106
5789 624.6056106
5789 624.6056106
5789 624.6056106
5789 624.6056106
5789 0
5789 0
5789 0
5789 0
5789 0
5789 0
5789 0
5789 0
5789 0
5789 0
5789 0
5789 0
5789 0
5789 1511.872254
5789 1511.872254
5789 1511.872254
5789 0
5789 0
5789 0
5789 0
5789 0
31479 0
31479 50.13382219
31479 50.13382219
31479 50.13382219
31479 50.13382219
31479 0
31479 0
31479 14.11738126
31479 14.11738126
31479 14.11738126
31479 14.11738126
31479 624.6056106
31479 624.6056106
31479 624.6056106
31479 624.6056106
31479 624.6056106
31479 0
31479 0
31479 0
31479 0
31479 0
31479 0
31479 0
31479 0
31479 0
31479 0
31479 0
31479 0
31479 0
31479 1511.872254
31479 1511.872254
31479 1511.872254
31479 0
31479 0
31479 0
31479 0
31479 0
31480 0
31480 50.13382219
31480 50.13382219
31480 50.13382219
31480 50.13382219
31480 0
31480 0
31480 14.11738126
31480 14.11738126
31480 14.11738126
31480 14.11738126
31480 624.6056106
31480 624.6056106
31480 624.6056106
31480 624.6056106
31480 624.6056106
31480 0
31480 0
31480 0
31480 0
31480 0
31480 0
31480 0
31480 0
31480 0
31480 0
31480 0
31480 0
31480 0
31480 1511.872254
31480 1511.872254
31480 1511.872254
31480 0
31480 0
31480 0
31480 0
31480 0
33636 0
33636 50.13382219
33636 50.13382219
33636 50.13382219
33636 50.13382219
33636 0
33636 0
33636 14.11738126
33636 14.11738126
33636 14.11738126
33636 14.11738126
33636 624.6056106
33636 624.6056106
33636 624.6056106
33636 624.6056106
33636 624.6056106
33636 0
33636 0
33636 0
33636 0
33636 0
33636 0
33636 0
33636 0
33636 0
33636 0
33636 0
33636 0
33636 0
33636 1511.872254
33636 1511.872254
33636 1511.872254
33636 0
33636 0
33636 0
33636 0
33636 0
36243 0
36243 50.13382219
36243 50.13382219
36243 50.13382219
36243 50.13382219
36243 0
36243 0
36243 14.11738126
36243 14.11738126
36243 14.11738126
36243 14.11738126
36243 624.6056106
36243 624.6056106
36243 624.6056106
36243 624.6056106
36243 624.6056106
36243 0
36243 0
36243 0
36243 0
36243 0
36243 0
36243 0
36243 0
36243 0
36243 0
36243 0
36243 0
36243 0
36243 1511.872254
36243 1511.872254
36243 1511.872254
36243 0
36243 0
36243 0
36243 0
36243 0
31481 0
31481 50.13382219
31481 50.13382219
31481 50.13382219
31481 50.13382219
31481 0
31481 0
31481 14.11738126
31481 14.11738126
31481 14.11738126
31481 14.11738126
31481 624.6056106
31481 624.6056106
31481 624.6056106
31481 624.6056106
31481 624.6056106
31481 0
31481 0
31481 0
31481 0
31481 0
31481 0
31481 0
31481 0
31481 0
31481 0
31481 0
31481 0
31481 0
31481 1511.872254
31481 1511.872254
31481 1511.872254
31481 0
31481 0
31481 0
31481 0
31481 0
33848 0
33848 50.13382219
33848 50.13382219
33848 50.13382219
33848 50.13382219
33848 0
33848 0
33848 14.11738126
33848 14.11738126
33848 14.11738126
33848 14.11738126
33848 624.6056106
33848 624.6056106
33848 624.6056106
33848 624.6056106
33848 624.6056106
33848 0
33848 0
33848 0
33848 0
33848 0
33848 0
33848 0
33848 0
33848 0
33848 0
33848 0
33848 0
33848 0
33848 1511.872254
33848 1511.872254
33848 1511.872254
33848 0
33848 0
33848 0
33848 0
33848 0
31193 0
31193 50.13382219
31193 50.13382219
31193 50.13382219
31193 50.13382219
31193 0
31193 0
31193 14.11738126
31193 14.11738126
31193 14.11738126
31193 14.11738126
31193 624.6056106
31193 624.6056106
31193 624.6056106
31193 624.6056106
31193 624.6056106
31193 0
31193 0
31193 0
31193 0
31193 0
31193 0
31193 0
31193 0
31193 0
31193 0
31193 0
31193 0
31193 0
31193 1511.872254
31193 1511.872254
31193 1511.872254
31193 0
31193 0
31193 0
31193 0
31193 0
31482 0
31482 50.13382219
31482 50.13382219
31482 50.13382219
31482 50.13382219
31482 0
31482 0
31482 14.11738126
31482 14.11738126
31482 14.11738126
31482 14.11738126
31482 624.6056106
31482 624.6056106
31482 624.6056106
31482 624.6056106
31482 624.6056106
31482 0
31482 0
31482 0
31482 0
31482 0
31482 0
31482 0
31482 0
31482 0
31482 0
31482 0
31482 0
31482 0
31482 1511.872254
31482 1511.872254
31482 1511.872254
31482 0
31482 0
31482 0
31482 0
31482 0
31583 0
31583 50.13382219
31583 50.13382219
31583 50.13382219
31583 50.13382219
31583 0
31583 0
31583 14.11738126
31583 14.11738126
31583 14.11738126
31583 14.11738126
31583 624.6056106
31583 624.6056106
31583 624.6056106
31583 624.6056106
31583 624.6056106
31583 0
31583 0
31583 0
31583 0
31583 0
31583 0
31583 0
31583 0
31583 0
31583 0
31583 0
31583 0
31583 0
31583 1511.872254
31583 1511.872254
31583 1511.872254
31583 0
31583 0
31583 0
31583 0
31583 0
31686 0
31686 50.13382219
31686 50.13382219
31686 50.13382219
31686 50.13382219
31686 0
31686 0
31686 14.11738126
31686 14.11738126
31686 14.11738126
31686 14.11738126
31686 624.6056106
31686 624.6056106
31686 624.6056106
31686 624.6056106
31686 624.6056106
31686 0
31686 0
31686 0
31686 0
31686 0
31686 0
31686 0
31686 0
31686 0
31686 0
31686 0
31686 0
31686 0
31686 1511.872254
31686 1511.872254
31686 1511.872254
31686 0
31686 0
31686 0
31686 0
31686 0
33954 0
33954 50.13382219
33954 50.13382219
33954 50.13382219
33954 50.13382219
33954 0
33954 0
33954 14.11738126
33954 14.11738126
33954 14.11738126
33954 14.11738126
33954 624.6056106
33954 624.6056106
33954 624.6056106
33954 624.6056106
33954 624.6056106
33954 0
33954 0
33954 0
33954 0
33954 0
33954 0
33954 0
33954 0
33954 0
33954 0
33954 0
33954 0
33954 0
33954 1511.872254
33954 1511.872254
33954 1511.872254
33954 0
33954 0
33954 0
33954 0
33954 0
36331 0
36331 50.13382219
36331 50.13382219
36331 50.13382219
36331 50.13382219
36331 0
36331 0
36331 14.11738126
36331 14.11738126
36331 14.11738126
36331 14.11738126
36331 624.6056106
36331 624.6056106
36331 624.6056106
36331 624.6056106
36331 624.6056106
36331 0
36331 0
36331 0
36331 0
36331 0
36331 0
36331 0
36331 0
36331 0
36331 0
36331 0
36331 0
36331 0
36331 1511.872254
36331 1511.872254
36331 1511.872254
36331 0
36331 0
36331 0
36331 0
36331 0
36369 0
36369 50.13382219
36369 50.13382219
36369 50.13382219
36369 50.13382219
36369 0
36369 0
36369 14.11738126
36369 14.11738126
36369 14.11738126
36369 14.11738126
36369 624.6056106
36369 624.6056106
36369 624.6056106
36369 624.6056106
36369 624.6056106
36369 0
36369 0
36369 0
36369 0
36369 0
36369 0
36369 0
36369 0
36369 0
36369 0
36369 0
36369 0
36369 0
36369 1511.872254
36369 1511.872254
36369 1511.872254
36369 0
36369 0
36369 0
36369 0
36369 0
31194 0
31194 50.13382219
31194 50.13382219
31194 50.13382219
31194 50.13382219
31194 0
31194 0
31194 14.11738126
31194 14.11738126
31194 14.11738126
31194 14.11738126
31194 624.6056106
31194 624.6056106
31194 624.6056106
31194 624.6056106
31194 624.6056106
31194 0
31194 0
31194 0
31194 0
31194 0
31194 0
31194 0
31194 0
31194 0
31194 0
31194 0
31194 0
31194 0
31194 1511.872254
31194 1511.872254
31194 1511.872254
31194 0
31194 0
31194 0
31194 0
31194 0
31289 0
31289 50.13382219
31289 50.13382219
31289 50.13382219
31289 50.13382219
31289 0
31289 0
31289 14.11738126
31289 14.11738126
31289 14.11738126
31289 14.11738126
31289 624.6056106
31289 624.6056106
31289 624.6056106
31289 624.6056106
31289 624.6056106
31289 0
31289 0
31289 0
31289 0
31289 0
31289 0
31289 0
31289 0
31289 0
31289 0
31289 0
31289 0
31289 0
31289 1511.872254
31289 1511.872254
31289 1511.872254
31289 0
31289 0
31289 0
31289 0
31289 0
31584 0
31584 50.13382219
31584 50.13382219
31584 50.13382219
31584 50.13382219
31584 0
31584 0
31584 14.11738126
31584 14.11738126
31584 14.11738126
31584 14.11738126
31584 624.6056106
31584 624.6056106
31584 624.6056106
31584 624.6056106
31584 624.6056106
31584 0
31584 0
31584 0
31584 0
31584 0
31584 0
31584 0
31584 0
31584 0
31584 0
31584 0
31584 0
31584 0
31584 1511.872254
31584 1511.872254
31584 1511.872254
31584 0
31584 0
31584 0
31584 0
31584 0
31100 0
31100 50.13382219
31100 50.13382219
31100 50.13382219
31100 50.13382219
31100 0
31100 0
31100 14.11738126
31100 14.11738126
31100 14.11738126
31100 14.11738126
31100 624.6056106
31100 624.6056106
31100 624.6056106
31100 624.6056106
31100 624.6056106
31100 0
31100 0
31100 0
31100 0
31100 0
31100 0
31100 0
31100 0
31100 0
31100 0
31100 0
31100 0
31100 0
31100 1511.872254
31100 1511.872254
31100 1511.872254
31100 0
31100 0
31100 0
31100 0
31100 0
31290 0
31290 50.13382219
31290 50.13382219
31290 50.13382219
31290 50.13382219
31290 0
31290 0
31290 14.11738126
31290 14.11738126
31290 14.11738126
31290 14.11738126
31290 624.6056106
31290 624.6056106
31290 624.6056106
31290 624.6056106
31290 624.6056106
31290 0
31290 0
31290 0
31290 0
31290 0
31290 0
31290 0
31290 0
31290 0
31290 0
31290 0
31290 0
31290 0
31290 1511.872254
31290 1511.872254
31290 1511.872254
31290 0
31290 0
31290 0
31290 0
31290 0
31484 0
31484 50.13382219
31484 50.13382219
31484 50.13382219
31484 50.13382219
31484 0
31484 0
31484 14.11738126
31484 14.11738126
31484 14.11738126
31484 14.11738126
31484 624.6056106
31484 624.6056106
31484 624.6056106
31484 624.6056106
31484 624.6056106
31484 0
31484 0
31484 0
31484 0
31484 0
31484 0
31484 0
31484 0
31484 0
31484 0
31484 0
31484 0
31484 0
31484 1511.872254
31484 1511.872254
31484 1511.872254
31484 0
31484 0
31484 0
31484 0
31484 0
31688 0
31688 50.13382219
31688 50.13382219
31688 50.13382219
31688 50.13382219
31688 0
31688 0
31688 14.11738126
31688 14.11738126
31688 14.11738126
31688 14.11738126
31688 624.6056106
31688 624.6056106
31688 624.6056106
31688 624.6056106
31688 624.6056106
31688 0
31688 0
31688 0
31688 0
31688 0
31688 0
31688 0
31688 0
31688 0
31688 0
31688 0
31688 0
31688 0
31688 1511.872254
31688 1511.872254
31688 1511.872254
31688 0
31688 0
31688 0
31688 0
31688 0
32343 0
32343 50.13382219
32343 50.13382219
32343 50.13382219
32343 50.13382219
32343 0
32343 0
32343 14.11738126
32343 14.11738126
32343 14.11738126
32343 14.11738126
32343 624.6056106
32343 624.6056106
32343 624.6056106
32343 624.6056106
32343 624.6056106
32343 0
32343 0
32343 0
32343 0
32343 0
32343 0
32343 0
32343 0
32343 0
32343 0
32343 0
32343 0
32343 0
32343 1511.872254
32343 1511.872254
32343 1511.872254
32343 0
32343 0
32343 0
32343 0
32343 0
32453 0
32453 50.13382219
32453 50.13382219
32453 50.13382219
32453 50.13382219
32453 0
32453 0
32453 14.11738126
32453 14.11738126
32453 14.11738126
32453 14.11738126
32453 624.6056106
32453 624.6056106
32453 624.6056106
32453 624.6056106
32453 624.6056106
32453 0
32453 0
32453 0
32453 0
32453 0
32453 0
32453 0
32453 0
32453 0
32453 0
32453 0
32453 0
32453 0
32453 1511.872254
32453 1511.872254
32453 1511.872254
32453 0
32453 0
32453 0
32453 0
32453 0
34163 0
34163 50.13382219
34163 50.13382219
34163 50.13382219
34163 50.13382219
34163 0
34163 0
34163 14.11738126
34163 14.11738126
34163 14.11738126
34163 14.11738126
34163 624.6056106
34163 624.6056106
34163 624.6056106
34163 624.6056106
34163 624.6056106
34163 0
34163 0
34163 0
34163 0
34163 0
34163 0
34163 0
34163 0
34163 0
34163 0
34163 0
34163 0
34163 0
34163 1511.872254
34163 1511.872254
34163 1511.872254
34163 0
34163 0
34163 0
34163 0
34163 0
31291 0
31291 50.13382219
31291 50.13382219
31291 50.13382219
31291 50.13382219
31291 0
31291 0
31291 14.11738126
31291 14.11738126
31291 14.11738126
31291 14.11738126
31291 624.6056106
31291 624.6056106
31291 624.6056106
31291 624.6056106
31291 624.6056106
31291 0
31291 0
31291 0
31291 0
31291 0
31291 0
31291 0
31291 0
31291 0
31291 0
31291 0
31291 0
31291 0
31291 1511.872254
31291 1511.872254
31291 1511.872254
31291 0
31291 0
31291 0
31291 0
31291 0
36485 0
36485 50.13382219
36485 50.13382219
36485 50.13382219
36485 50.13382219
36485 0
36485 0
36485 14.11738126
36485 14.11738126
36485 14.11738126
36485 14.11738126
36485 624.6056106
36485 624.6056106
36485 624.6056106
36485 624.6056106
36485 624.6056106
36485 0
36485 0
36485 0
36485 0
36485 0
36485 0
36485 0
36485 0
36485 0
36485 0
36485 0
36485 0
36485 0
36485 1511.872254
36485 1511.872254
36485 1511.872254
36485 0
36485 0
36485 0
36485 0
36485 0
36523 0
36523 50.13382219
36523 50.13382219
36523 50.13382219
36523 50.13382219
36523 0
36523 0
36523 14.11738126
36523 14.11738126
36523 14.11738126
36523 14.11738126
36523 624.6056106
36523 624.6056106
36523 624.6056106
36523 624.6056106
36523 624.6056106
36523 0
36523 0
36523 0
36523 0
36523 0
36523 0
36523 0
36523 0
36523 0
36523 0
36523 0
36523 0
36523 0
36523 1511.872254
36523 1511.872254
36523 1511.872254
36523 0
36523 0
36523 0
36523 0
36523 0
36561 0
36561 50.13382219
36561 50.13382219
36561 50.13382219
36561 50.13382219
36561 0
36561 0
36561 14.11738126
36561 14.11738126
36561 14.11738126
36561 14.11738126
36561 624.6056106
36561 624.6056106
36561 624.6056106
36561 624.6056106
36561 624.6056106
36561 0
36561 0
36561 0
36561 0
36561 0
36561 0
36561 0
36561 0
36561 0
36561 0
36561 0
36561 0
36561 0
36561 1511.872254
36561 1511.872254
36561 1511.872254
36561 0
36561 0
36561 0
36561 0
36561 0
36449 0
36449 50.13382219
36449 50.13382219
36449 50.13382219
36449 50.13382219
36449 0
36449 0
36449 14.11738126
36449 14.11738126
36449 14.11738126
36449 14.11738126
36449 624.6056106
36449 624.6056106
36449 624.6056106
36449 624.6056106
36449 624.6056106
36449 0
36449 0
36449 0
36449 0
36449 0
36449 0
36449 0
36449 0
36449 0
36449 0
36449 0
36449 0
36449 0
36449 1511.872254
36449 1511.872254
36449 1511.872254
36449 0
36449 0
36449 0
36449 0
36449 0
36524 0
36524 50.13382219
36524 50.13382219
36524 50.13382219
36524 50.13382219
36524 0
36524 0
36524 14.11738126
36524 14.11738126
36524 14.11738126
36524 14.11738126
36524 624.6056106
36524 624.6056106
36524 624.6056106
36524 624.6056106
36524 624.6056106
36524 0
36524 0
36524 0
36524 0
36524 0
36524 0
36524 0
36524 0
36524 0
36524 0
36524 0
36524 0
36524 0
36524 1511.872254
36524 1511.872254
36524 1511.872254
36524 0
36524 0
36524 0
36524 0
36524 0
36487 0
36487 50.13382219
36487 50.13382219
36487 50.13382219
36487 50.13382219
36487 0
36487 0
36487 14.11738126
36487 14.11738126
36487 14.11738126
36487 14.11738126
36487 624.6056106
36487 624.6056106
36487 624.6056106
36487 624.6056106
36487 624.6056106
36487 0
36487 0
36487 0
36487 0
36487 0
36487 0
36487 0
36487 0
36487 0
36487 0
36487 0
36487 0
36487 0
36487 1511.872254
36487 1511.872254
36487 1511.872254
36487 0
36487 0
36487 0
36487 0
36487 0
36337 0
36337 50.13382219
36337 50.13382219
36337 50.13382219
36337 50.13382219
36337 0
36337 0
36337 14.11738126
36337 14.11738126
36337 14.11738126
36337 14.11738126
36337 624.6056106
36337 624.6056106
36337 624.6056106
36337 624.6056106
36337 624.6056106
36337 0
36337 0
36337 0
36337 0
36337 0
36337 0
36337 0
36337 0
36337 0
36337 0
36337 0
36337 0
36337 0
36337 1511.872254
36337 1511.872254
36337 1511.872254
36337 0
36337 0
36337 0
36337 0
36337 0
36413 0
36413 50.13382219
36413 50.13382219
36413 50.13382219
36413 50.13382219
36413 0
36413 0
36413 14.11738126
36413 14.11738126
36413 14.11738126
36413 14.11738126
36413 624.6056106
36413 624.6056106
36413 624.6056106
36413 624.6056106
36413 624.6056106
36413 0
36413 0
36413 0
36413 0
36413 0
36413 0
36413 0
36413 0
36413 0
36413 0
36413 0
36413 0
36413 0
36413 1511.872254
36413 1511.872254
36413 1511.872254
36413 0
36413 0
36413 0
36413 0
36413 0
35724 0
35724 50.13382219
35724 50.13382219
35724 50.13382219
35724 50.13382219
35724 0
35724 0
35724 14.11738126
35724 14.11738126
35724 14.11738126
35724 14.11738126
35724 624.6056106
35724 624.6056106
35724 624.6056106
35724 624.6056106
35724 624.6056106
35724 0
35724 0
35724 0
35724 0
35724 0
35724 0
35724 0
35724 0
35724 0
35724 0
35724 0
35724 0
35724 0
35724 1511.872254
35724 1511.872254
35724 1511.872254
35724 0
35724 0
35724 0
35724 0
35724 0
36022 0
36022 50.13382219
36022 50.13382219
36022 50.13382219
36022 50.13382219
36022 0
36022 0
36022 14.11738126
36022 14.11738126
36022 14.11738126
36022 14.11738126
36022 624.6056106
36022 624.6056106
36022 624.6056106
36022 624.6056106
36022 624.6056106
36022 0
36022 0
36022 0
36022 0
36022 0
36022 0
36022 0
36022 0
36022 0
36022 0
36022 0
36022 0
36022 0
36022 1511.872254
36022 1511.872254
36022 1511.872254
36022 0
36022 0
36022 0
36022 0
36022 0
37678 0
37678 50.13382219
37678 50.13382219
37678 50.13382219
37678 50.13382219
37678 0
37678 0
37678 14.11738126
37678 14.11738126
37678 14.11738126
37678 14.11738126
37678 624.6056106
37678 624.6056106
37678 624.6056106
37678 624.6056106
37678 624.6056106
37678 0
37678 0
37678 0
37678 0
37678 0
37678 0
37678 0
37678 0
37678 0
37678 0
37678 0
37678 0
37678 0
37678 1511.872254
37678 1511.872254
37678 1511.872254
37678 0
37678 0
37678 0
37678 0
37678 0
36537 0
36537 50.13382219
36537 50.13382219
36537 50.13382219
36537 50.13382219
36537 0
36537 0
36537 14.11738126
36537 14.11738126
36537 14.11738126
36537 14.11738126
36537 624.6056106
36537 624.6056106
36537 624.6056106
36537 624.6056106
36537 624.6056106
36537 0
36537 0
36537 0
36537 0
36537 0
36537 0
36537 0
36537 0
36537 0
36537 0
36537 0
36537 0
36537 0
36537 1511.872254
36537 1511.872254
36537 1511.872254
36537 0
36537 0
36537 0
36537 0
36537 0
285 0
285 50.13382219
285 50.13382219
285 50.13382219
285 50.13382219
285 0
285 0
285 14.11738126
285 14.11738126
285 14.11738126
285 14.11738126
285 624.6056106
285 624.6056106
285 624.6056106
285 624.6056106
285 624.6056106
285 0
285 0
285 0
285 0
285 0
285 0
285 0
285 0
285 0
285 0
285 0
285 0
285 0
285 1511.872254
285 1511.872254
285 1511.872254
285 0
285 0
285 0
285 0
285 0
36349 0
36349 50.13382219
36349 50.13382219
36349 50.13382219
36349 50.13382219
36349 0
36349 0
36349 14.11738126
36349 14.11738126
36349 14.11738126
36349 14.11738126
36349 624.6056106
36349 624.6056106
36349 624.6056106
36349 624.6056106
36349 624.6056106
36349 0
36349 0
36349 0
36349 0
36349 0
36349 0
36349 0
36349 0
36349 0
36349 0
36349 0
36349 0
36349 0
36349 1511.872254
36349 1511.872254
36349 1511.872254
36349 0
36349 0
36349 0
36349 0
36349 0
36425 0
36425 50.13382219
36425 50.13382219
36425 50.13382219
36425 50.13382219
36425 0
36425 0
36425 14.11738126
36425 14.11738126
36425 14.11738126
36425 14.11738126
36425 624.6056106
36425 624.6056106
36425 624.6056106
36425 624.6056106
36425 624.6056106
36425 0
36425 0
36425 0
36425 0
36425 0
36425 0
36425 0
36425 0
36425 0
36425 0
36425 0
36425 0
36425 0
36425 1511.872254
36425 1511.872254
36425 1511.872254
36425 0
36425 0
36425 0
36425 0
36425 0
36538 0
36538 50.13382219
36538 50.13382219
36538 50.13382219
36538 50.13382219
36538 0
36538 0
36538 14.11738126
36538 14.11738126
36538 14.11738126
36538 14.11738126
36538 624.6056106
36538 624.6056106
36538 624.6056106
36538 624.6056106
36538 624.6056106
36538 0
36538 0
36538 0
36538 0
36538 0
36538 0
36538 0
36538 0
36538 0
36538 0
36538 0
36538 0
36538 0
36538 1511.872254
36538 1511.872254
36538 1511.872254
36538 0
36538 0
36538 0
36538 0
36538 0
309 0
309 50.13382219
309 50.13382219
309 50.13382219
309 50.13382219
309 0
309 0
309 14.11738126
309 14.11738126
309 14.11738126
309 14.11738126
309 624.6056106
309 624.6056106
309 624.6056106
309 624.6056106
309 624.6056106
309 0
309 0
309 0
309 0
309 0
309 0
309 0
309 0
309 0
309 0
309 0
309 0
309 0
309 1511.872254
309 1511.872254
309 1511.872254
309 0
309 0
309 0
309 0
309 0
36998 0
36998 50.13382219
36998 50.13382219
36998 50.13382219
36998 50.13382219
36998 0
36998 0
36998 14.11738126
36998 14.11738126
36998 14.11738126
36998 14.11738126
36998 624.6056106
36998 624.6056106
36998 624.6056106
36998 624.6056106
36998 624.6056106
36998 0
36998 0
36998 0
36998 0
36998 0
36998 0
36998 0
36998 0
36998 0
36998 0
36998 0
36998 0
36998 0
36998 1511.872254
36998 1511.872254
36998 1511.872254
36998 0
36998 0
36998 0
36998 0
36998 0
429 0
429 50.13382219
429 50.13382219
429 50.13382219
429 50.13382219
429 0
429 0
429 14.11738126
429 14.11738126
429 14.11738126
429 14.11738126
429 624.6056106
429 624.6056106
429 624.6056106
429 624.6056106
429 624.6056106
429 0
429 0
429 0
429 0
429 0
429 0
429 0
429 0
429 0
429 0
429 0
429 0
429 0
429 1511.872254
429 1511.872254
429 1511.872254
429 0
429 0
429 0
429 0
429 0
476 0
476 50.13382219
476 50.13382219
476 50.13382219
476 50.13382219
476 0
476 0
476 14.11738126
476 14.11738126
476 14.11738126
476 14.11738126
476 624.6056106
476 624.6056106
476 624.6056106
476 624.6056106
476 624.6056106
476 0
476 0
476 0
476 0
476 0
476 0
476 0
476 0
476 0
476 0
476 0
476 0
476 0
476 1511.872254
476 1511.872254
476 1511.872254
476 0
476 0
476 0
476 0
476 0
500 0
500 50.13382219
500 50.13382219
500 50.13382219
500 50.13382219
500 0
500 0
500 14.11738126
500 14.11738126
500 14.11738126
500 14.11738126
500 624.6056106
500 624.6056106
500 624.6056106
500 624.6056106
500 624.6056106
500 0
500 0
500 0
500 0
500 0
500 0
500 0
500 0
500 0
500 0
500 0
500 0
500 0
500 1511.872254
500 1511.872254
500 1511.872254
500 0
500 0
500 0
500 0
500 0
430 0
430 50.13382219
430 50.13382219
430 50.13382219
430 50.13382219
430 0
430 0
430 14.11738126
430 14.11738126
430 14.11738126
430 14.11738126
430 624.6056106
430 624.6056106
430 624.6056106
430 624.6056106
430 624.6056106
430 0
430 0
430 0
430 0
430 0
430 0
430 0
430 0
430 0
430 0
430 0
430 0
430 0
430 1511.872254
430 1511.872254
430 1511.872254
430 0
430 0
430 0
430 0
430 0
551 0
551 50.13382219
551 50.13382219
551 50.13382219
551 50.13382219
551 0
551 0
551 14.11738126
551 14.11738126
551 14.11738126
551 14.11738126
551 624.6056106
551 624.6056106
551 624.6056106
551 624.6056106
551 624.6056106
551 0
551 0
551 0
551 0
551 0
551 0
551 0
551 0
551 0
551 0
551 0
551 0
551 0
551 1511.872254
551 1511.872254
551 1511.872254
551 0
551 0
551 0
551 0
551 0
457 0
457 50.13382219
457 50.13382219
457 50.13382219
457 50.13382219
457 0
457 0
457 14.11738126
457 14.11738126
457 14.11738126
457 14.11738126
457 624.6056106
457 624.6056106
457 624.6056106
457 624.6056106
457 624.6056106
457 0
457 0
457 0
457 0
457 0
457 0
457 0
457 0
457 0
457 0
457 0
457 0
457 0
457 1511.872254
457 1511.872254
457 1511.872254
457 0
457 0
457 0
457 0
457 0
385 0
385 50.13382219
385 50.13382219
385 50.13382219
385 50.13382219
385 0
385 0
385 14.11738126
385 14.11738126
385 14.11738126
385 14.11738126
385 624.6056106
385 624.6056106
385 624.6056106
385 624.6056106
385 624.6056106
385 0
385 0
385 0
385 0
385 0
385 0
385 0
385 0
385 0
385 0
385 0
385 0
385 0
385 1511.872254
385 1511.872254
385 1511.872254
385 0
385 0
385 0
385 0
385 0
458 0
458 50.13382219
458 50.13382219
458 50.13382219
458 50.13382219
458 0
458 0
458 14.11738126
458 14.11738126
458 14.11738126
458 14.11738126
458 624.6056106
458 624.6056106
458 624.6056106
458 624.6056106
458 624.6056106
458 0
458 0
458 0
458 0
458 0
458 0
458 0
458 0
458 0
458 0
458 0
458 0
458 0
458 1511.872254
458 1511.872254
458 1511.872254
458 0
458 0
458 0
458 0
458 0
481 0
481 50.13382219
481 50.13382219
481 50.13382219
481 50.13382219
481 0
481 0
481 14.11738126
481 14.11738126
481 14.11738126
481 14.11738126
481 624.6056106
481 624.6056106
481 624.6056106
481 624.6056106
481 624.6056106
481 0
481 0
481 0
481 0
481 0
481 0
481 0
481 0
481 0
481 0
481 0
481 0
481 0
481 1511.872254
481 1511.872254
481 1511.872254
481 0
481 0
481 0
481 0
481 0
505 0
505 50.13382219
505 50.13382219
505 50.13382219
505 50.13382219
505 0
505 0
505 14.11738126
505 14.11738126
505 14.11738126
505 14.11738126
505 624.6056106
505 624.6056106
505 624.6056106
505 624.6056106
505 624.6056106
505 0
505 0
505 0
505 0
505 0
505 0
505 0
505 0
505 0
505 0
505 0
505 0
505 0
505 1511.872254
505 1511.872254
505 1511.872254
505 0
505 0
505 0
505 0
505 0
530 0
530 50.13382219
530 50.13382219
530 50.13382219
530 50.13382219
530 0
530 0
530 14.11738126
530 14.11738126
530 14.11738126
530 14.11738126
530 624.6056106
530 624.6056106
530 624.6056106
530 624.6056106
530 624.6056106
530 0
530 0
530 0
530 0
530 0
530 0
530 0
530 0
530 0
530 0
530 0
530 0
530 0
530 1511.872254
530 1511.872254
530 1511.872254
530 0
530 0
530 0
530 0
530 0
506 0
506 50.13382219
506 50.13382219
506 50.13382219
506 50.13382219
506 0
506 0
506 14.11738126
506 14.11738126
506 14.11738126
506 14.11738126
506 624.6056106
506 624.6056106
506 624.6056106
506 624.6056106
506 624.6056106
506 0
506 0
506 0
506 0
506 0
506 0
506 0
506 0
506 0
506 0
506 0
506 0
506 0
506 1511.872254
506 1511.872254
506 1511.872254
506 0
506 0
506 0
506 0
506 0
531 0
531 50.13382219
531 50.13382219
531 50.13382219
531 50.13382219
531 0
531 0
531 14.11738126
531 14.11738126
531 14.11738126
531 14.11738126
531 624.6056106
531 624.6056106
531 624.6056106
531 624.6056106
531 624.6056106
531 0
531 0
531 0
531 0
531 0
531 0
531 0
531 0
531 0
531 0
531 0
531 0
531 0
531 1511.872254
531 1511.872254
531 1511.872254
531 0
531 0
531 0
531 0
531 0
556 0
556 50.13382219
556 50.13382219
556 50.13382219
556 50.13382219
556 0
556 0
556 14.11738126
556 14.11738126
556 14.11738126
556 14.11738126
556 624.6056106
556 624.6056106
556 624.6056106
556 624.6056106
556 624.6056106
556 0
556 0
556 0
556 0
556 0
556 0
556 0
556 0
556 0
556 0
556 0
556 0
556 0
556 1511.872254
556 1511.872254
556 1511.872254
556 0
556 0
556 0
556 0
556 0
582 0
582 50.13382219
582 50.13382219
582 50.13382219
582 50.13382219
582 0
582 0
582 14.11738126
582 14.11738126
582 14.11738126
582 14.11738126
582 624.6056106
582 624.6056106
582 624.6056106
582 624.6056106
582 624.6056106
582 0
582 0
582 0
582 0
582 0
582 0
582 0
582 0
582 0
582 0
582 0
582 0
582 0
582 1511.872254
582 1511.872254
582 1511.872254
582 0
582 0
582 0
582 0
582 0
837 0
837 50.13382219
837 50.13382219
837 50.13382219
837 50.13382219
837 0
837 0
837 14.11738126
837 14.11738126
837 14.11738126
837 14.11738126
837 624.6056106
837 624.6056106
837 624.6056106
837 624.6056106
837 624.6056106
837 0
837 0
837 0
837 0
837 0
837 0
837 0
837 0
837 0
837 0
837 0
837 0
837 0
837 1511.872254
837 1511.872254
837 1511.872254
837 0
837 0
837 0
837 0
837 0
1547 0
1547 50.13382219
1547 50.13382219
1547 50.13382219
1547 50.13382219
1547 0
1547 0
1547 14.11738126
1547 14.11738126
1547 14.11738126
1547 14.11738126
1547 624.6056106
1547 624.6056106
1547 624.6056106
1547 624.6056106
1547 624.6056106
1547 0
1547 0
1547 0
1547 0
1547 0
1547 0
1547 0
1547 0
1547 0
1547 0
1547 0
1547 0
1547 0
1547 1511.872254
1547 1511.872254
1547 1511.872254
1547 0
1547 0
1547 0
1547 0
1547 0
