pt_graph cpue_kghour
155 210.281268258411
155 210.281268258411
155 210.281268258411
155 20.8067518496165
155 23.2056739280931
155 23.2056739280931
155 459.008976304555
155 459.008976304555
155 0.0608357884701686
155 0
155 0
155 0.160325333507038
155 16.6213429906482
155 16.6213429906482
155 0
155 0.390562137247492
155 19043.9248124804
155 19043.9248124804
155 0.52328452794662
155 85.3755657853193
155 85.3755657853193
353 210.281268258411
353 210.281268258411
353 210.281268258411
353 20.8067518496165
353 23.2056739280931
353 23.2056739280931
353 459.008976304555
353 459.008976304555
353 0.0608357884701686
353 0
353 0
353 0.160325333507038
353 16.6213429906482
353 16.6213429906482
353 0
353 0.390562137247492
353 19043.9248124804
353 19043.9248124804
353 0.52328452794662
353 85.3755657853193
353 85.3755657853193
355 210.281268258411
355 210.281268258411
355 210.281268258411
355 20.8067518496165
355 23.2056739280931
355 23.2056739280931
355 459.008976304555
355 459.008976304555
355 0.0608357884701686
355 0
355 0
355 0.160325333507038
355 16.6213429906482
355 16.6213429906482
355 0
355 0.390562137247492
355 19043.9248124804
355 19043.9248124804
355 0.52328452794662
355 85.3755657853193
355 85.3755657853193
356 210.281268258411
356 210.281268258411
356 210.281268258411
356 20.8067518496165
356 23.2056739280931
356 23.2056739280931
356 459.008976304555
356 459.008976304555
356 0.0608357884701686
356 0
356 0
356 0.160325333507038
356 16.6213429906482
356 16.6213429906482
356 0
356 0.390562137247492
356 19043.9248124804
356 19043.9248124804
356 0.52328452794662
356 85.3755657853193
356 85.3755657853193
419 210.281268258411
419 210.281268258411
419 210.281268258411
419 20.8067518496165
419 23.2056739280931
419 23.2056739280931
419 459.008976304555
419 459.008976304555
419 0.0608357884701686
419 0
419 0
419 0.160325333507038
419 16.6213429906482
419 16.6213429906482
419 0
419 0.390562137247492
419 19043.9248124804
419 19043.9248124804
419 0.52328452794662
419 85.3755657853193
419 85.3755657853193
422 210.281268258411
422 210.281268258411
422 210.281268258411
422 20.8067518496165
422 23.2056739280931
422 23.2056739280931
422 459.008976304555
422 459.008976304555
422 0.0608357884701686
422 0
422 0
422 0.160325333507038
422 16.6213429906482
422 16.6213429906482
422 0
422 0.390562137247492
422 19043.9248124804
422 19043.9248124804
422 0.52328452794662
422 85.3755657853193
422 85.3755657853193
487 210.281268258411
487 210.281268258411
487 210.281268258411
487 20.8067518496165
487 23.2056739280931
487 23.2056739280931
487 459.008976304555
487 459.008976304555
487 0.0608357884701686
487 0
487 0
487 0.160325333507038
487 16.6213429906482
487 16.6213429906482
487 0
487 0.390562137247492
487 19043.9248124804
487 19043.9248124804
487 0.52328452794662
487 85.3755657853193
487 85.3755657853193
565 210.281268258411
565 210.281268258411
565 210.281268258411
565 20.8067518496165
565 23.2056739280931
565 23.2056739280931
565 459.008976304555
565 459.008976304555
565 0.0608357884701686
565 0
565 0
565 0.160325333507038
565 16.6213429906482
565 16.6213429906482
565 0
565 0.390562137247492
565 19043.9248124804
565 19043.9248124804
565 0.52328452794662
565 85.3755657853193
565 85.3755657853193
570 210.281268258411
570 210.281268258411
570 210.281268258411
570 20.8067518496165
570 23.2056739280931
570 23.2056739280931
570 459.008976304555
570 459.008976304555
570 0.0608357884701686
570 0
570 0
570 0.160325333507038
570 16.6213429906482
570 16.6213429906482
570 0
570 0.390562137247492
570 19043.9248124804
570 19043.9248124804
570 0.52328452794662
570 85.3755657853193
570 85.3755657853193
636 210.281268258411
636 210.281268258411
636 210.281268258411
636 20.8067518496165
636 23.2056739280931
636 23.2056739280931
636 459.008976304555
636 459.008976304555
636 0.0608357884701686
636 0
636 0
636 0.160325333507038
636 16.6213429906482
636 16.6213429906482
636 0
636 0.390562137247492
636 19043.9248124804
636 19043.9248124804
636 0.52328452794662
636 85.3755657853193
636 85.3755657853193
719 210.281268258411
719 210.281268258411
719 210.281268258411
719 20.8067518496165
719 23.2056739280931
719 23.2056739280931
719 459.008976304555
719 459.008976304555
719 0.0608357884701686
719 0
719 0
719 0.160325333507038
719 16.6213429906482
719 16.6213429906482
719 0
719 0.390562137247492
719 19043.9248124804
719 19043.9248124804
719 0.52328452794662
719 85.3755657853193
719 85.3755657853193
880 210.281268258411
880 210.281268258411
880 210.281268258411
880 20.8067518496165
880 23.2056739280931
880 23.2056739280931
880 459.008976304555
880 459.008976304555
880 0.0608357884701686
880 0
880 0
880 0.160325333507038
880 16.6213429906482
880 16.6213429906482
880 0
880 0.390562137247492
880 19043.9248124804
880 19043.9248124804
880 0.52328452794662
880 85.3755657853193
880 85.3755657853193
881 210.281268258411
881 210.281268258411
881 210.281268258411
881 20.8067518496165
881 23.2056739280931
881 23.2056739280931
881 459.008976304555
881 459.008976304555
881 0.0608357884701686
881 0
881 0
881 0.160325333507038
881 16.6213429906482
881 16.6213429906482
881 0
881 0.390562137247492
881 19043.9248124804
881 19043.9248124804
881 0.52328452794662
881 85.3755657853193
881 85.3755657853193
957 210.281268258411
957 210.281268258411
957 210.281268258411
957 20.8067518496165
957 23.2056739280931
957 23.2056739280931
957 459.008976304555
957 459.008976304555
957 0.0608357884701686
957 0
957 0
957 0.160325333507038
957 16.6213429906482
957 16.6213429906482
957 0
957 0.390562137247492
957 19043.9248124804
957 19043.9248124804
957 0.52328452794662
957 85.3755657853193
957 85.3755657853193
958 210.281268258411
958 210.281268258411
958 210.281268258411
958 20.8067518496165
958 23.2056739280931
958 23.2056739280931
958 459.008976304555
958 459.008976304555
958 0.0608357884701686
958 0
958 0
958 0.160325333507038
958 16.6213429906482
958 16.6213429906482
958 0
958 0.390562137247492
958 19043.9248124804
958 19043.9248124804
958 0.52328452794662
958 85.3755657853193
958 85.3755657853193
1029 210.281268258411
1029 210.281268258411
1029 210.281268258411
1029 20.8067518496165
1029 23.2056739280931
1029 23.2056739280931
1029 459.008976304555
1029 459.008976304555
1029 0.0608357884701686
1029 0
1029 0
1029 0.160325333507038
1029 16.6213429906482
1029 16.6213429906482
1029 0
1029 0.390562137247492
1029 19043.9248124804
1029 19043.9248124804
1029 0.52328452794662
1029 85.3755657853193
1029 85.3755657853193
1031 210.281268258411
1031 210.281268258411
1031 210.281268258411
1031 20.8067518496165
1031 23.2056739280931
1031 23.2056739280931
1031 459.008976304555
1031 459.008976304555
1031 0.0608357884701686
1031 0
1031 0
1031 0.160325333507038
1031 16.6213429906482
1031 16.6213429906482
1031 0
1031 0.390562137247492
1031 19043.9248124804
1031 19043.9248124804
1031 0.52328452794662
1031 85.3755657853193
1031 85.3755657853193
1032 210.281268258411
1032 210.281268258411
1032 210.281268258411
1032 20.8067518496165
1032 23.2056739280931
1032 23.2056739280931
1032 459.008976304555
1032 459.008976304555
1032 0.0608357884701686
1032 0
1032 0
1032 0.160325333507038
1032 16.6213429906482
1032 16.6213429906482
1032 0
1032 0.390562137247492
1032 19043.9248124804
1032 19043.9248124804
1032 0.52328452794662
1032 85.3755657853193
1032 85.3755657853193
1040 210.281268258411
1040 210.281268258411
1040 210.281268258411
1040 20.8067518496165
1040 23.2056739280931
1040 23.2056739280931
1040 459.008976304555
1040 459.008976304555
1040 0.0608357884701686
1040 0
1040 0
1040 0.160325333507038
1040 16.6213429906482
1040 16.6213429906482
1040 0
1040 0.390562137247492
1040 19043.9248124804
1040 19043.9248124804
1040 0.52328452794662
1040 85.3755657853193
1040 85.3755657853193
1041 210.281268258411
1041 210.281268258411
1041 210.281268258411
1041 20.8067518496165
1041 23.2056739280931
1041 23.2056739280931
1041 459.008976304555
1041 459.008976304555
1041 0.0608357884701686
1041 0
1041 0
1041 0.160325333507038
1041 16.6213429906482
1041 16.6213429906482
1041 0
1041 0.390562137247492
1041 19043.9248124804
1041 19043.9248124804
1041 0.52328452794662
1041 85.3755657853193
1041 85.3755657853193
1042 210.281268258411
1042 210.281268258411
1042 210.281268258411
1042 20.8067518496165
1042 23.2056739280931
1042 23.2056739280931
1042 459.008976304555
1042 459.008976304555
1042 0.0608357884701686
1042 0
1042 0
1042 0.160325333507038
1042 16.6213429906482
1042 16.6213429906482
1042 0
1042 0.390562137247492
1042 19043.9248124804
1042 19043.9248124804
1042 0.52328452794662
1042 85.3755657853193
1042 85.3755657853193
1113 210.281268258411
1113 210.281268258411
1113 210.281268258411
1113 20.8067518496165
1113 23.2056739280931
1113 23.2056739280931
1113 459.008976304555
1113 459.008976304555
1113 0.0608357884701686
1113 0
1113 0
1113 0.160325333507038
1113 16.6213429906482
1113 16.6213429906482
1113 0
1113 0.390562137247492
1113 19043.9248124804
1113 19043.9248124804
1113 0.52328452794662
1113 85.3755657853193
1113 85.3755657853193
1114 210.281268258411
1114 210.281268258411
1114 210.281268258411
1114 20.8067518496165
1114 23.2056739280931
1114 23.2056739280931
1114 459.008976304555
1114 459.008976304555
1114 0.0608357884701686
1114 0
1114 0
1114 0.160325333507038
1114 16.6213429906482
1114 16.6213429906482
1114 0
1114 0.390562137247492
1114 19043.9248124804
1114 19043.9248124804
1114 0.52328452794662
1114 85.3755657853193
1114 85.3755657853193
1115 210.281268258411
1115 210.281268258411
1115 210.281268258411
1115 20.8067518496165
1115 23.2056739280931
1115 23.2056739280931
1115 459.008976304555
1115 459.008976304555
1115 0.0608357884701686
1115 0
1115 0
1115 0.160325333507038
1115 16.6213429906482
1115 16.6213429906482
1115 0
1115 0.390562137247492
1115 19043.9248124804
1115 19043.9248124804
1115 0.52328452794662
1115 85.3755657853193
1115 85.3755657853193
1116 210.281268258411
1116 210.281268258411
1116 210.281268258411
1116 20.8067518496165
1116 23.2056739280931
1116 23.2056739280931
1116 459.008976304555
1116 459.008976304555
1116 0.0608357884701686
1116 0
1116 0
1116 0.160325333507038
1116 16.6213429906482
1116 16.6213429906482
1116 0
1116 0.390562137247492
1116 19043.9248124804
1116 19043.9248124804
1116 0.52328452794662
1116 85.3755657853193
1116 85.3755657853193
1122 210.281268258411
1122 210.281268258411
1122 210.281268258411
1122 20.8067518496165
1122 23.2056739280931
1122 23.2056739280931
1122 459.008976304555
1122 459.008976304555
1122 0.0608357884701686
1122 0
1122 0
1122 0.160325333507038
1122 16.6213429906482
1122 16.6213429906482
1122 0
1122 0.390562137247492
1122 19043.9248124804
1122 19043.9248124804
1122 0.52328452794662
1122 85.3755657853193
1122 85.3755657853193
1123 210.281268258411
1123 210.281268258411
1123 210.281268258411
1123 20.8067518496165
1123 23.2056739280931
1123 23.2056739280931
1123 459.008976304555
1123 459.008976304555
1123 0.0608357884701686
1123 0
1123 0
1123 0.160325333507038
1123 16.6213429906482
1123 16.6213429906482
1123 0
1123 0.390562137247492
1123 19043.9248124804
1123 19043.9248124804
1123 0.52328452794662
1123 85.3755657853193
1123 85.3755657853193
1126 210.281268258411
1126 210.281268258411
1126 210.281268258411
1126 20.8067518496165
1126 23.2056739280931
1126 23.2056739280931
1126 459.008976304555
1126 459.008976304555
1126 0.0608357884701686
1126 0
1126 0
1126 0.160325333507038
1126 16.6213429906482
1126 16.6213429906482
1126 0
1126 0.390562137247492
1126 19043.9248124804
1126 19043.9248124804
1126 0.52328452794662
1126 85.3755657853193
1126 85.3755657853193
1199 210.281268258411
1199 210.281268258411
1199 210.281268258411
1199 20.8067518496165
1199 23.2056739280931
1199 23.2056739280931
1199 459.008976304555
1199 459.008976304555
1199 0.0608357884701686
1199 0
1199 0
1199 0.160325333507038
1199 16.6213429906482
1199 16.6213429906482
1199 0
1199 0.390562137247492
1199 19043.9248124804
1199 19043.9248124804
1199 0.52328452794662
1199 85.3755657853193
1199 85.3755657853193
1200 210.281268258411
1200 210.281268258411
1200 210.281268258411
1200 20.8067518496165
1200 23.2056739280931
1200 23.2056739280931
1200 459.008976304555
1200 459.008976304555
1200 0.0608357884701686
1200 0
1200 0
1200 0.160325333507038
1200 16.6213429906482
1200 16.6213429906482
1200 0
1200 0.390562137247492
1200 19043.9248124804
1200 19043.9248124804
1200 0.52328452794662
1200 85.3755657853193
1200 85.3755657853193
1202 210.281268258411
1202 210.281268258411
1202 210.281268258411
1202 20.8067518496165
1202 23.2056739280931
1202 23.2056739280931
1202 459.008976304555
1202 459.008976304555
1202 0.0608357884701686
1202 0
1202 0
1202 0.160325333507038
1202 16.6213429906482
1202 16.6213429906482
1202 0
1202 0.390562137247492
1202 19043.9248124804
1202 19043.9248124804
1202 0.52328452794662
1202 85.3755657853193
1202 85.3755657853193
1207 210.281268258411
1207 210.281268258411
1207 210.281268258411
1207 20.8067518496165
1207 23.2056739280931
1207 23.2056739280931
1207 459.008976304555
1207 459.008976304555
1207 0.0608357884701686
1207 0
1207 0
1207 0.160325333507038
1207 16.6213429906482
1207 16.6213429906482
1207 0
1207 0.390562137247492
1207 19043.9248124804
1207 19043.9248124804
1207 0.52328452794662
1207 85.3755657853193
1207 85.3755657853193
1210 210.281268258411
1210 210.281268258411
1210 210.281268258411
1210 20.8067518496165
1210 23.2056739280931
1210 23.2056739280931
1210 459.008976304555
1210 459.008976304555
1210 0.0608357884701686
1210 0
1210 0
1210 0.160325333507038
1210 16.6213429906482
1210 16.6213429906482
1210 0
1210 0.390562137247492
1210 19043.9248124804
1210 19043.9248124804
1210 0.52328452794662
1210 85.3755657853193
1210 85.3755657853193
1211 210.281268258411
1211 210.281268258411
1211 210.281268258411
1211 20.8067518496165
1211 23.2056739280931
1211 23.2056739280931
1211 459.008976304555
1211 459.008976304555
1211 0.0608357884701686
1211 0
1211 0
1211 0.160325333507038
1211 16.6213429906482
1211 16.6213429906482
1211 0
1211 0.390562137247492
1211 19043.9248124804
1211 19043.9248124804
1211 0.52328452794662
1211 85.3755657853193
1211 85.3755657853193
1279 210.281268258411
1279 210.281268258411
1279 210.281268258411
1279 20.8067518496165
1279 23.2056739280931
1279 23.2056739280931
1279 459.008976304555
1279 459.008976304555
1279 0.0608357884701686
1279 0
1279 0
1279 0.160325333507038
1279 16.6213429906482
1279 16.6213429906482
1279 0
1279 0.390562137247492
1279 19043.9248124804
1279 19043.9248124804
1279 0.52328452794662
1279 85.3755657853193
1279 85.3755657853193
1284 210.281268258411
1284 210.281268258411
1284 210.281268258411
1284 20.8067518496165
1284 23.2056739280931
1284 23.2056739280931
1284 459.008976304555
1284 459.008976304555
1284 0.0608357884701686
1284 0
1284 0
1284 0.160325333507038
1284 16.6213429906482
1284 16.6213429906482
1284 0
1284 0.390562137247492
1284 19043.9248124804
1284 19043.9248124804
1284 0.52328452794662
1284 85.3755657853193
1284 85.3755657853193
1288 210.281268258411
1288 210.281268258411
1288 210.281268258411
1288 20.8067518496165
1288 23.2056739280931
1288 23.2056739280931
1288 459.008976304555
1288 459.008976304555
1288 0.0608357884701686
1288 0
1288 0
1288 0.160325333507038
1288 16.6213429906482
1288 16.6213429906482
1288 0
1288 0.390562137247492
1288 19043.9248124804
1288 19043.9248124804
1288 0.52328452794662
1288 85.3755657853193
1288 85.3755657853193
1292 210.281268258411
1292 210.281268258411
1292 210.281268258411
1292 20.8067518496165
1292 23.2056739280931
1292 23.2056739280931
1292 459.008976304555
1292 459.008976304555
1292 0.0608357884701686
1292 0
1292 0
1292 0.160325333507038
1292 16.6213429906482
1292 16.6213429906482
1292 0
1292 0.390562137247492
1292 19043.9248124804
1292 19043.9248124804
1292 0.52328452794662
1292 85.3755657853193
1292 85.3755657853193
1293 210.281268258411
1293 210.281268258411
1293 210.281268258411
1293 20.8067518496165
1293 23.2056739280931
1293 23.2056739280931
1293 459.008976304555
1293 459.008976304555
1293 0.0608357884701686
1293 0
1293 0
1293 0.160325333507038
1293 16.6213429906482
1293 16.6213429906482
1293 0
1293 0.390562137247492
1293 19043.9248124804
1293 19043.9248124804
1293 0.52328452794662
1293 85.3755657853193
1293 85.3755657853193
1369 210.281268258411
1369 210.281268258411
1369 210.281268258411
1369 20.8067518496165
1369 23.2056739280931
1369 23.2056739280931
1369 459.008976304555
1369 459.008976304555
1369 0.0608357884701686
1369 0
1369 0
1369 0.160325333507038
1369 16.6213429906482
1369 16.6213429906482
1369 0
1369 0.390562137247492
1369 19043.9248124804
1369 19043.9248124804
1369 0.52328452794662
1369 85.3755657853193
1369 85.3755657853193
1371 210.281268258411
1371 210.281268258411
1371 210.281268258411
1371 20.8067518496165
1371 23.2056739280931
1371 23.2056739280931
1371 459.008976304555
1371 459.008976304555
1371 0.0608357884701686
1371 0
1371 0
1371 0.160325333507038
1371 16.6213429906482
1371 16.6213429906482
1371 0
1371 0.390562137247492
1371 19043.9248124804
1371 19043.9248124804
1371 0.52328452794662
1371 85.3755657853193
1371 85.3755657853193
1456 210.281268258411
1456 210.281268258411
1456 210.281268258411
1456 20.8067518496165
1456 23.2056739280931
1456 23.2056739280931
1456 459.008976304555
1456 459.008976304555
1456 0.0608357884701686
1456 0
1456 0
1456 0.160325333507038
1456 16.6213429906482
1456 16.6213429906482
1456 0
1456 0.390562137247492
1456 19043.9248124804
1456 19043.9248124804
1456 0.52328452794662
1456 85.3755657853193
1456 85.3755657853193
1439 210.281268258411
1439 210.281268258411
1439 210.281268258411
1439 20.8067518496165
1439 23.2056739280931
1439 23.2056739280931
1439 459.008976304555
1439 459.008976304555
1439 0.0608357884701686
1439 0
1439 0
1439 0.160325333507038
1439 16.6213429906482
1439 16.6213429906482
1439 0
1439 0.390562137247492
1439 19043.9248124804
1439 19043.9248124804
1439 0.52328452794662
1439 85.3755657853193
1439 85.3755657853193
1440 210.281268258411
1440 210.281268258411
1440 210.281268258411
1440 20.8067518496165
1440 23.2056739280931
1440 23.2056739280931
1440 459.008976304555
1440 459.008976304555
1440 0.0608357884701686
1440 0
1440 0
1440 0.160325333507038
1440 16.6213429906482
1440 16.6213429906482
1440 0
1440 0.390562137247492
1440 19043.9248124804
1440 19043.9248124804
1440 0.52328452794662
1440 85.3755657853193
1440 85.3755657853193
1441 210.281268258411
1441 210.281268258411
1441 210.281268258411
1441 20.8067518496165
1441 23.2056739280931
1441 23.2056739280931
1441 459.008976304555
1441 459.008976304555
1441 0.0608357884701686
1441 0
1441 0
1441 0.160325333507038
1441 16.6213429906482
1441 16.6213429906482
1441 0
1441 0.390562137247492
1441 19043.9248124804
1441 19043.9248124804
1441 0.52328452794662
1441 85.3755657853193
1441 85.3755657853193
1505 210.281268258411
1505 210.281268258411
1505 210.281268258411
1505 20.8067518496165
1505 23.2056739280931
1505 23.2056739280931
1505 459.008976304555
1505 459.008976304555
1505 0.0608357884701686
1505 0
1505 0
1505 0.160325333507038
1505 16.6213429906482
1505 16.6213429906482
1505 0
1505 0.390562137247492
1505 19043.9248124804
1505 19043.9248124804
1505 0.52328452794662
1505 85.3755657853193
1505 85.3755657853193
1506 210.281268258411
1506 210.281268258411
1506 210.281268258411
1506 20.8067518496165
1506 23.2056739280931
1506 23.2056739280931
1506 459.008976304555
1506 459.008976304555
1506 0.0608357884701686
1506 0
1506 0
1506 0.160325333507038
1506 16.6213429906482
1506 16.6213429906482
1506 0
1506 0.390562137247492
1506 19043.9248124804
1506 19043.9248124804
1506 0.52328452794662
1506 85.3755657853193
1506 85.3755657853193
1552 210.281268258411
1552 210.281268258411
1552 210.281268258411
1552 20.8067518496165
1552 23.2056739280931
1552 23.2056739280931
1552 459.008976304555
1552 459.008976304555
1552 0.0608357884701686
1552 0
1552 0
1552 0.160325333507038
1552 16.6213429906482
1552 16.6213429906482
1552 0
1552 0.390562137247492
1552 19043.9248124804
1552 19043.9248124804
1552 0.52328452794662
1552 85.3755657853193
1552 85.3755657853193
1649 210.281268258411
1649 210.281268258411
1649 210.281268258411
1649 20.8067518496165
1649 23.2056739280931
1649 23.2056739280931
1649 459.008976304555
1649 459.008976304555
1649 0.0608357884701686
1649 0
1649 0
1649 0.160325333507038
1649 16.6213429906482
1649 16.6213429906482
1649 0
1649 0.390562137247492
1649 19043.9248124804
1649 19043.9248124804
1649 0.52328452794662
1649 85.3755657853193
1649 85.3755657853193
1645 210.281268258411
1645 210.281268258411
1645 210.281268258411
1645 20.8067518496165
1645 23.2056739280931
1645 23.2056739280931
1645 459.008976304555
1645 459.008976304555
1645 0.0608357884701686
1645 0
1645 0
1645 0.160325333507038
1645 16.6213429906482
1645 16.6213429906482
1645 0
1645 0.390562137247492
1645 19043.9248124804
1645 19043.9248124804
1645 0.52328452794662
1645 85.3755657853193
1645 85.3755657853193
1709 210.281268258411
1709 210.281268258411
1709 210.281268258411
1709 20.8067518496165
1709 23.2056739280931
1709 23.2056739280931
1709 459.008976304555
1709 459.008976304555
1709 0.0608357884701686
1709 0
1709 0
1709 0.160325333507038
1709 16.6213429906482
1709 16.6213429906482
1709 0
1709 0.390562137247492
1709 19043.9248124804
1709 19043.9248124804
1709 0.52328452794662
1709 85.3755657853193
1709 85.3755657853193
1895 210.281268258411
1895 210.281268258411
1895 210.281268258411
1895 20.8067518496165
1895 23.2056739280931
1895 23.2056739280931
1895 459.008976304555
1895 459.008976304555
1895 0.0608357884701686
1895 0
1895 0
1895 0.160325333507038
1895 16.6213429906482
1895 16.6213429906482
1895 0
1895 0.390562137247492
1895 19043.9248124804
1895 19043.9248124804
1895 0.52328452794662
1895 85.3755657853193
1895 85.3755657853193
3105 210.281268258411
3105 210.281268258411
3105 210.281268258411
3105 20.8067518496165
3105 23.2056739280931
3105 23.2056739280931
3105 459.008976304555
3105 459.008976304555
3105 0.0608357884701686
3105 0
3105 0
3105 0.160325333507038
3105 16.6213429906482
3105 16.6213429906482
3105 0
3105 0.390562137247492
3105 19043.9248124804
3105 19043.9248124804
3105 0.52328452794662
3105 85.3755657853193
3105 85.3755657853193
