pt_graph shape
4972 1
4972 1
4972 1
4972 1
4972 1
4972 1
4972 1
4972 1
4972 1
4972 1
4972 1
4972 1
4972 1
4972 1
4972 1
4972 1
4972 1
4972 1
4972 1
4972 1
4972 1
4804 1
4804 1
4804 1
4804 1
4804 1
4804 1
4804 1
4804 1
4804 1
4804 1
4804 1
4804 1
4804 1
4804 1
4804 1
4804 1
4804 1
4804 1
4804 1
4804 1
4804 1
4841 1
4841 1
4841 1
4841 1
4841 1
4841 1
4841 1
4841 1
4841 1
4841 1
4841 1
4841 1
4841 1
4841 1
4841 1
4841 1
4841 1
4841 1
4841 1
4841 1
4841 1
4884 1
4884 1
4884 1
4884 1
4884 1
4884 1
4884 1
4884 1
4884 1
4884 1
4884 1
4884 1
4884 1
4884 1
4884 1
4884 1
4884 1
4884 1
4884 1
4884 1
4884 1
2166 1
2166 1
2166 1
2166 1
2166 1
2166 1
2166 1
2166 1
2166 1
2166 1
2166 1
2166 1
2166 1
2166 1
2166 1
2166 1
2166 1
2166 1
2166 1
2166 1
2166 1
2257 1
2257 1
2257 1
2257 1
2257 1
2257 1
2257 1
2257 1
2257 1
2257 1
2257 1
2257 1
2257 1
2257 1
2257 1
2257 1
2257 1
2257 1
2257 1
2257 1
2257 1
4805 1
4805 1
4805 1
4805 1
4805 1
4805 1
4805 1
4805 1
4805 1
4805 1
4805 1
4805 1
4805 1
4805 1
4805 1
4805 1
4805 1
4805 1
4805 1
4805 1
4805 1
4842 1
4842 1
4842 1
4842 1
4842 1
4842 1
4842 1
4842 1
4842 1
4842 1
4842 1
4842 1
4842 1
4842 1
4842 1
4842 1
4842 1
4842 1
4842 1
4842 1
4842 1
4885 1
4885 1
4885 1
4885 1
4885 1
4885 1
4885 1
4885 1
4885 1
4885 1
4885 1
4885 1
4885 1
4885 1
4885 1
4885 1
4885 1
4885 1
4885 1
4885 1
4885 1
4929 1
4929 1
4929 1
4929 1
4929 1
4929 1
4929 1
4929 1
4929 1
4929 1
4929 1
4929 1
4929 1
4929 1
4929 1
4929 1
4929 1
4929 1
4929 1
4929 1
4929 1
4974 1
4974 1
4974 1
4974 1
4974 1
4974 1
4974 1
4974 1
4974 1
4974 1
4974 1
4974 1
4974 1
4974 1
4974 1
4974 1
4974 1
4974 1
4974 1
4974 1
4974 1
2070 1
2070 1
2070 1
2070 1
2070 1
2070 1
2070 1
2070 1
2070 1
2070 1
2070 1
2070 1
2070 1
2070 1
2070 1
2070 1
2070 1
2070 1
2070 1
2070 1
2070 1
2258 1
2258 1
2258 1
2258 1
2258 1
2258 1
2258 1
2258 1
2258 1
2258 1
2258 1
2258 1
2258 1
2258 1
2258 1
2258 1
2258 1
2258 1
2258 1
2258 1
2258 1
2349 1
2349 1
2349 1
2349 1
2349 1
2349 1
2349 1
2349 1
2349 1
2349 1
2349 1
2349 1
2349 1
2349 1
2349 1
2349 1
2349 1
2349 1
2349 1
2349 1
2349 1
2439 1
2439 1
2439 1
2439 1
2439 1
2439 1
2439 1
2439 1
2439 1
2439 1
2439 1
2439 1
2439 1
2439 1
2439 1
2439 1
2439 1
2439 1
2439 1
2439 1
2439 1
4806 1
4806 1
4806 1
4806 1
4806 1
4806 1
4806 1
4806 1
4806 1
4806 1
4806 1
4806 1
4806 1
4806 1
4806 1
4806 1
4806 1
4806 1
4806 1
4806 1
4806 1
4843 1
4843 1
4843 1
4843 1
4843 1
4843 1
4843 1
4843 1
4843 1
4843 1
4843 1
4843 1
4843 1
4843 1
4843 1
4843 1
4843 1
4843 1
4843 1
4843 1
4843 1
4886 1
4886 1
4886 1
4886 1
4886 1
4886 1
4886 1
4886 1
4886 1
4886 1
4886 1
4886 1
4886 1
4886 1
4886 1
4886 1
4886 1
4886 1
4886 1
4886 1
4886 1
4930 1
4930 1
4930 1
4930 1
4930 1
4930 1
4930 1
4930 1
4930 1
4930 1
4930 1
4930 1
4930 1
4930 1
4930 1
4930 1
4930 1
4930 1
4930 1
4930 1
4930 1
4975 1
4975 1
4975 1
4975 1
4975 1
4975 1
4975 1
4975 1
4975 1
4975 1
4975 1
4975 1
4975 1
4975 1
4975 1
4975 1
4975 1
4975 1
4975 1
4975 1
4975 1
2440 1
2440 1
2440 1
2440 1
2440 1
2440 1
2440 1
2440 1
2440 1
2440 1
2440 1
2440 1
2440 1
2440 1
2440 1
2440 1
2440 1
2440 1
2440 1
2440 1
2440 1
2522 1
2522 1
2522 1
2522 1
2522 1
2522 1
2522 1
2522 1
2522 1
2522 1
2522 1
2522 1
2522 1
2522 1
2522 1
2522 1
2522 1
2522 1
2522 1
2522 1
2522 1
2672 1
2672 1
2672 1
2672 1
2672 1
2672 1
2672 1
2672 1
2672 1
2672 1
2672 1
2672 1
2672 1
2672 1
2672 1
2672 1
2672 1
2672 1
2672 1
2672 1
2672 1
2742 1
2742 1
2742 1
2742 1
2742 1
2742 1
2742 1
2742 1
2742 1
2742 1
2742 1
2742 1
2742 1
2742 1
2742 1
2742 1
2742 1
2742 1
2742 1
2742 1
2742 1
2816 1
2816 1
2816 1
2816 1
2816 1
2816 1
2816 1
2816 1
2816 1
2816 1
2816 1
2816 1
2816 1
2816 1
2816 1
2816 1
2816 1
2816 1
2816 1
2816 1
2816 1
4976 1
4976 1
4976 1
4976 1
4976 1
4976 1
4976 1
4976 1
4976 1
4976 1
4976 1
4976 1
4976 1
4976 1
4976 1
4976 1
4976 1
4976 1
4976 1
4976 1
4976 1
2673 1
2673 1
2673 1
2673 1
2673 1
2673 1
2673 1
2673 1
2673 1
2673 1
2673 1
2673 1
2673 1
2673 1
2673 1
2673 1
2673 1
2673 1
2673 1
2673 1
2673 1
2817 1
2817 1
2817 1
2817 1
2817 1
2817 1
2817 1
2817 1
2817 1
2817 1
2817 1
2817 1
2817 1
2817 1
2817 1
2817 1
2817 1
2817 1
2817 1
2817 1
2817 1
2947 1
2947 1
2947 1
2947 1
2947 1
2947 1
2947 1
2947 1
2947 1
2947 1
2947 1
2947 1
2947 1
2947 1
2947 1
2947 1
2947 1
2947 1
2947 1
2947 1
2947 1
3006 1
3006 1
3006 1
3006 1
3006 1
3006 1
3006 1
3006 1
3006 1
3006 1
3006 1
3006 1
3006 1
3006 1
3006 1
3006 1
3006 1
3006 1
3006 1
3006 1
3006 1
3065 1
3065 1
3065 1
3065 1
3065 1
3065 1
3065 1
3065 1
3065 1
3065 1
3065 1
3065 1
3065 1
3065 1
3065 1
3065 1
3065 1
3065 1
3065 1
3065 1
3065 1
5023 1
5023 1
5023 1
5023 1
5023 1
5023 1
5023 1
5023 1
5023 1
5023 1
5023 1
5023 1
5023 1
5023 1
5023 1
5023 1
5023 1
5023 1
5023 1
5023 1
5023 1
5418 1
5418 1
5418 1
5418 1
5418 1
5418 1
5418 1
5418 1
5418 1
5418 1
5418 1
5418 1
5418 1
5418 1
5418 1
5418 1
5418 1
5418 1
5418 1
5418 1
5418 1
3009 1
3009 1
3009 1
3009 1
3009 1
3009 1
3009 1
3009 1
3009 1
3009 1
3009 1
3009 1
3009 1
3009 1
3009 1
3009 1
3009 1
3009 1
3009 1
3009 1
3009 1
3898 1
3898 1
3898 1
3898 1
3898 1
3898 1
3898 1
3898 1
3898 1
3898 1
3898 1
3898 1
3898 1
3898 1
3898 1
3898 1
3898 1
3898 1
3898 1
3898 1
3898 1
1547 1
1547 1
1547 1
1547 1
1547 1
1547 1
1547 1
1547 1
1547 1
1547 1
1547 1
1547 1
1547 1
1547 1
1547 1
1547 1
1547 1
1547 1
1547 1
1547 1
1547 1
1548 1
1548 1
1548 1
1548 1
1548 1
1548 1
1548 1
1548 1
1548 1
1548 1
1548 1
1548 1
1548 1
1548 1
1548 1
1548 1
1548 1
1548 1
1548 1
1548 1
1548 1
1627 1
1627 1
1627 1
1627 1
1627 1
1627 1
1627 1
1627 1
1627 1
1627 1
1627 1
1627 1
1627 1
1627 1
1627 1
1627 1
1627 1
1627 1
1627 1
1627 1
1627 1
3861 1
3861 1
3861 1
3861 1
3861 1
3861 1
3861 1
3861 1
3861 1
3861 1
3861 1
3861 1
3861 1
3861 1
3861 1
3861 1
3861 1
3861 1
3861 1
3861 1
3861 1
5423 1
5423 1
5423 1
5423 1
5423 1
5423 1
5423 1
5423 1
5423 1
5423 1
5423 1
5423 1
5423 1
5423 1
5423 1
5423 1
5423 1
5423 1
5423 1
5423 1
5423 1
5539 1
5539 1
5539 1
5539 1
5539 1
5539 1
5539 1
5539 1
5539 1
5539 1
5539 1
5539 1
5539 1
5539 1
5539 1
5539 1
5539 1
5539 1
5539 1
5539 1
5539 1
1549 1
1549 1
1549 1
1549 1
1549 1
1549 1
1549 1
1549 1
1549 1
1549 1
1549 1
1549 1
1549 1
1549 1
1549 1
1549 1
1549 1
1549 1
1549 1
1549 1
1549 1
4537 1
4537 1
4537 1
4537 1
4537 1
4537 1
4537 1
4537 1
4537 1
4537 1
4537 1
4537 1
4537 1
4537 1
4537 1
4537 1
4537 1
4537 1
4537 1
4537 1
4537 1
5116 1
5116 1
5116 1
5116 1
5116 1
5116 1
5116 1
5116 1
5116 1
5116 1
5116 1
5116 1
5116 1
5116 1
5116 1
5116 1
5116 1
5116 1
5116 1
5116 1
5116 1
5236 1
5236 1
5236 1
5236 1
5236 1
5236 1
5236 1
5236 1
5236 1
5236 1
5236 1
5236 1
5236 1
5236 1
5236 1
5236 1
5236 1
5236 1
5236 1
5236 1
5236 1
5620 1
5620 1
5620 1
5620 1
5620 1
5620 1
5620 1
5620 1
5620 1
5620 1
5620 1
5620 1
5620 1
5620 1
5620 1
5620 1
5620 1
5620 1
5620 1
5620 1
5620 1
967 1
967 1
967 1
967 1
967 1
967 1
967 1
967 1
967 1
967 1
967 1
967 1
967 1
967 1
967 1
967 1
967 1
967 1
967 1
967 1
967 1
1024 1
1024 1
1024 1
1024 1
1024 1
1024 1
1024 1
1024 1
1024 1
1024 1
1024 1
1024 1
1024 1
1024 1
1024 1
1024 1
1024 1
1024 1
1024 1
1024 1
1024 1
1082 1
1082 1
1082 1
1082 1
1082 1
1082 1
1082 1
1082 1
1082 1
1082 1
1082 1
1082 1
1082 1
1082 1
1082 1
1082 1
1082 1
1082 1
1082 1
1082 1
1082 1
1150 1
1150 1
1150 1
1150 1
1150 1
1150 1
1150 1
1150 1
1150 1
1150 1
1150 1
1150 1
1150 1
1150 1
1150 1
1150 1
1150 1
1150 1
1150 1
1150 1
1150 1
1219 1
1219 1
1219 1
1219 1
1219 1
1219 1
1219 1
1219 1
1219 1
1219 1
1219 1
1219 1
1219 1
1219 1
1219 1
1219 1
1219 1
1219 1
1219 1
1219 1
1219 1
1296 1
1296 1
1296 1
1296 1
1296 1
1296 1
1296 1
1296 1
1296 1
1296 1
1296 1
1296 1
1296 1
1296 1
1296 1
1296 1
1296 1
1296 1
1296 1
1296 1
1296 1
5621 1
5621 1
5621 1
5621 1
5621 1
5621 1
5621 1
5621 1
5621 1
5621 1
5621 1
5621 1
5621 1
5621 1
5621 1
5621 1
5621 1
5621 1
5621 1
5621 1
5621 1
918 1
918 1
918 1
918 1
918 1
918 1
918 1
918 1
918 1
918 1
918 1
918 1
918 1
918 1
918 1
918 1
918 1
918 1
918 1
918 1
918 1
5238 1
5238 1
5238 1
5238 1
5238 1
5238 1
5238 1
5238 1
5238 1
5238 1
5238 1
5238 1
5238 1
5238 1
5238 1
5238 1
5238 1
5238 1
5238 1
5238 1
5238 1
5351 1
5351 1
5351 1
5351 1
5351 1
5351 1
5351 1
5351 1
5351 1
5351 1
5351 1
5351 1
5351 1
5351 1
5351 1
5351 1
5351 1
5351 1
5351 1
5351 1
5351 1
5389 1
5389 1
5389 1
5389 1
5389 1
5389 1
5389 1
5389 1
5389 1
5389 1
5389 1
5389 1
5389 1
5389 1
5389 1
5389 1
5389 1
5389 1
5389 1
5389 1
5389 1
5426 1
5426 1
5426 1
5426 1
5426 1
5426 1
5426 1
5426 1
5426 1
5426 1
5426 1
5426 1
5426 1
5426 1
5426 1
5426 1
5426 1
5426 1
5426 1
5426 1
5426 1
5464 1
5464 1
5464 1
5464 1
5464 1
5464 1
5464 1
5464 1
5464 1
5464 1
5464 1
5464 1
5464 1
5464 1
5464 1
5464 1
5464 1
5464 1
5464 1
5464 1
5464 1
5503 1
5503 1
5503 1
5503 1
5503 1
5503 1
5503 1
5503 1
5503 1
5503 1
5503 1
5503 1
5503 1
5503 1
5503 1
5503 1
5503 1
5503 1
5503 1
5503 1
5503 1
5622 1
5622 1
5622 1
5622 1
5622 1
5622 1
5622 1
5622 1
5622 1
5622 1
5622 1
5622 1
5622 1
5622 1
5622 1
5622 1
5622 1
5622 1
5622 1
5622 1
5622 1
1152 1
1152 1
1152 1
1152 1
1152 1
1152 1
1152 1
1152 1
1152 1
1152 1
1152 1
1152 1
1152 1
1152 1
1152 1
1152 1
1152 1
1152 1
1152 1
1152 1
1152 1
1221 1
1221 1
1221 1
1221 1
1221 1
1221 1
1221 1
1221 1
1221 1
1221 1
1221 1
1221 1
1221 1
1221 1
1221 1
1221 1
1221 1
1221 1
1221 1
1221 1
1221 1
4540 1
4540 1
4540 1
4540 1
4540 1
4540 1
4540 1
4540 1
4540 1
4540 1
4540 1
4540 1
4540 1
4540 1
4540 1
4540 1
4540 1
4540 1
4540 1
4540 1
4540 1
4630 1
4630 1
4630 1
4630 1
4630 1
4630 1
4630 1
4630 1
4630 1
4630 1
4630 1
4630 1
4630 1
4630 1
4630 1
4630 1
4630 1
4630 1
4630 1
4630 1
4630 1
5314 1
5314 1
5314 1
5314 1
5314 1
5314 1
5314 1
5314 1
5314 1
5314 1
5314 1
5314 1
5314 1
5314 1
5314 1
5314 1
5314 1
5314 1
5314 1
5314 1
5314 1
5390 1
5390 1
5390 1
5390 1
5390 1
5390 1
5390 1
5390 1
5390 1
5390 1
5390 1
5390 1
5390 1
5390 1
5390 1
5390 1
5390 1
5390 1
5390 1
5390 1
5390 1
5427 1
5427 1
5427 1
5427 1
5427 1
5427 1
5427 1
5427 1
5427 1
5427 1
5427 1
5427 1
5427 1
5427 1
5427 1
5427 1
5427 1
5427 1
5427 1
5427 1
5427 1
5465 1
5465 1
5465 1
5465 1
5465 1
5465 1
5465 1
5465 1
5465 1
5465 1
5465 1
5465 1
5465 1
5465 1
5465 1
5465 1
5465 1
5465 1
5465 1
5465 1
5465 1
5504 1
5504 1
5504 1
5504 1
5504 1
5504 1
5504 1
5504 1
5504 1
5504 1
5504 1
5504 1
5504 1
5504 1
5504 1
5504 1
5504 1
5504 1
5504 1
5504 1
5504 1
5543 1
5543 1
5543 1
5543 1
5543 1
5543 1
5543 1
5543 1
5543 1
5543 1
5543 1
5543 1
5543 1
5543 1
5543 1
5543 1
5543 1
5543 1
5543 1
5543 1
5543 1
5583 1
5583 1
5583 1
5583 1
5583 1
5583 1
5583 1
5583 1
5583 1
5583 1
5583 1
5583 1
5583 1
5583 1
5583 1
5583 1
5583 1
5583 1
5583 1
5583 1
5583 1
920 1
920 1
920 1
920 1
920 1
920 1
920 1
920 1
920 1
920 1
920 1
920 1
920 1
920 1
920 1
920 1
920 1
920 1
920 1
920 1
920 1
970 1
970 1
970 1
970 1
970 1
970 1
970 1
970 1
970 1
970 1
970 1
970 1
970 1
970 1
970 1
970 1
970 1
970 1
970 1
970 1
970 1
4514 1
4514 1
4514 1
4514 1
4514 1
4514 1
4514 1
4514 1
4514 1
4514 1
4514 1
4514 1
4514 1
4514 1
4514 1
4514 1
4514 1
4514 1
4514 1
4514 1
4514 1
4541 1
4541 1
4541 1
4541 1
4541 1
4541 1
4541 1
4541 1
4541 1
4541 1
4541 1
4541 1
4541 1
4541 1
4541 1
4541 1
4541 1
4541 1
4541 1
4541 1
4541 1
4570 1
4570 1
4570 1
4570 1
4570 1
4570 1
4570 1
4570 1
4570 1
4570 1
4570 1
4570 1
4570 1
4570 1
4570 1
4570 1
4570 1
4570 1
4570 1
4570 1
4570 1
4631 1
4631 1
4631 1
4631 1
4631 1
4631 1
4631 1
4631 1
4631 1
4631 1
4631 1
4631 1
4631 1
4631 1
4631 1
4631 1
4631 1
4631 1
4631 1
4631 1
4631 1
5505 1
5505 1
5505 1
5505 1
5505 1
5505 1
5505 1
5505 1
5505 1
5505 1
5505 1
5505 1
5505 1
5505 1
5505 1
5505 1
5505 1
5505 1
5505 1
5505 1
5505 1
5544 1
5544 1
5544 1
5544 1
5544 1
5544 1
5544 1
5544 1
5544 1
5544 1
5544 1
5544 1
5544 1
5544 1
5544 1
5544 1
5544 1
5544 1
5544 1
5544 1
5544 1
5584 1
5584 1
5584 1
5584 1
5584 1
5584 1
5584 1
5584 1
5584 1
5584 1
5584 1
5584 1
5584 1
5584 1
5584 1
5584 1
5584 1
5584 1
5584 1
5584 1
5584 1
777 1
777 1
777 1
777 1
777 1
777 1
777 1
777 1
777 1
777 1
777 1
777 1
777 1
777 1
777 1
777 1
777 1
777 1
777 1
777 1
777 1
874 1
874 1
874 1
874 1
874 1
874 1
874 1
874 1
874 1
874 1
874 1
874 1
874 1
874 1
874 1
874 1
874 1
874 1
874 1
874 1
874 1
921 1
921 1
921 1
921 1
921 1
921 1
921 1
921 1
921 1
921 1
921 1
921 1
921 1
921 1
921 1
921 1
921 1
921 1
921 1
921 1
921 1
4632 1
4632 1
4632 1
4632 1
4632 1
4632 1
4632 1
4632 1
4632 1
4632 1
4632 1
4632 1
4632 1
4632 1
4632 1
4632 1
4632 1
4632 1
4632 1
4632 1
4632 1
4662 1
4662 1
4662 1
4662 1
4662 1
4662 1
4662 1
4662 1
4662 1
4662 1
4662 1
4662 1
4662 1
4662 1
4662 1
4662 1
4662 1
4662 1
4662 1
4662 1
4662 1
875 1
875 1
875 1
875 1
875 1
875 1
875 1
875 1
875 1
875 1
875 1
875 1
875 1
875 1
875 1
875 1
875 1
875 1
875 1
875 1
875 1
4601 1
4601 1
4601 1
4601 1
4601 1
4601 1
4601 1
4601 1
4601 1
4601 1
4601 1
4601 1
4601 1
4601 1
4601 1
4601 1
4601 1
4601 1
4601 1
4601 1
4601 1
4633 1
4633 1
4633 1
4633 1
4633 1
4633 1
4633 1
4633 1
4633 1
4633 1
4633 1
4633 1
4633 1
4633 1
4633 1
4633 1
4633 1
4633 1
4633 1
4633 1
4633 1
4277 1
4277 1
4277 1
4277 1
4277 1
4277 1
4277 1
4277 1
4277 1
4277 1
4277 1
4277 1
4277 1
4277 1
4277 1
4277 1
4277 1
4277 1
4277 1
4277 1
4277 1
4756 1
4756 1
4756 1
4756 1
4756 1
4756 1
4756 1
4756 1
4756 1
4756 1
4756 1
4756 1
4756 1
4756 1
4756 1
4756 1
4756 1
4756 1
4756 1
4756 1
4756 1
2180 1
2180 1
2180 1
2180 1
2180 1
2180 1
2180 1
2180 1
2180 1
2180 1
2180 1
2180 1
2180 1
2180 1
2180 1
2180 1
2180 1
2180 1
2180 1
2180 1
2180 1
4757 1
4757 1
4757 1
4757 1
4757 1
4757 1
4757 1
4757 1
4757 1
4757 1
4757 1
4757 1
4757 1
4757 1
4757 1
4757 1
4757 1
4757 1
4757 1
4757 1
4757 1
4789 1
4789 1
4789 1
4789 1
4789 1
4789 1
4789 1
4789 1
4789 1
4789 1
4789 1
4789 1
4789 1
4789 1
4789 1
4789 1
4789 1
4789 1
4789 1
4789 1
4789 1
4826 1
4826 1
4826 1
4826 1
4826 1
4826 1
4826 1
4826 1
4826 1
4826 1
4826 1
4826 1
4826 1
4826 1
4826 1
4826 1
4826 1
4826 1
4826 1
4826 1
4826 1
5084 1
5084 1
5084 1
5084 1
5084 1
5084 1
5084 1
5084 1
5084 1
5084 1
5084 1
5084 1
5084 1
5084 1
5084 1
5084 1
5084 1
5084 1
5084 1
5084 1
5084 1
4728 1
4728 1
4728 1
4728 1
4728 1
4728 1
4728 1
4728 1
4728 1
4728 1
4728 1
4728 1
4728 1
4728 1
4728 1
4728 1
4728 1
4728 1
4728 1
4728 1
4728 1
4827 1
4827 1
4827 1
4827 1
4827 1
4827 1
4827 1
4827 1
4827 1
4827 1
4827 1
4827 1
4827 1
4827 1
4827 1
4827 1
4827 1
4827 1
4827 1
4827 1
4827 1
4996 1
4996 1
4996 1
4996 1
4996 1
4996 1
4996 1
4996 1
4996 1
4996 1
4996 1
4996 1
4996 1
4996 1
4996 1
4996 1
4996 1
4996 1
4996 1
4996 1
4996 1
5042 1
5042 1
5042 1
5042 1
5042 1
5042 1
5042 1
5042 1
5042 1
5042 1
5042 1
5042 1
5042 1
5042 1
5042 1
5042 1
5042 1
5042 1
5042 1
5042 1
5042 1
5085 1
5085 1
5085 1
5085 1
5085 1
5085 1
5085 1
5085 1
5085 1
5085 1
5085 1
5085 1
5085 1
5085 1
5085 1
5085 1
5085 1
5085 1
5085 1
5085 1
5085 1
2088 1
2088 1
2088 1
2088 1
2088 1
2088 1
2088 1
2088 1
2088 1
2088 1
2088 1
2088 1
2088 1
2088 1
2088 1
2088 1
2088 1
2088 1
2088 1
2088 1
2088 1
2184 1
2184 1
2184 1
2184 1
2184 1
2184 1
2184 1
2184 1
2184 1
2184 1
2184 1
2184 1
2184 1
2184 1
2184 1
2184 1
2184 1
2184 1
2184 1
2184 1
2184 1
2273 1
2273 1
2273 1
2273 1
2273 1
2273 1
2273 1
2273 1
2273 1
2273 1
2273 1
2273 1
2273 1
2273 1
2273 1
2273 1
2273 1
2273 1
2273 1
2273 1
2273 1
4866 1
4866 1
4866 1
4866 1
4866 1
4866 1
4866 1
4866 1
4866 1
4866 1
4866 1
4866 1
4866 1
4866 1
4866 1
4866 1
4866 1
4866 1
4866 1
4866 1
4866 1
2090 1
2090 1
2090 1
2090 1
2090 1
2090 1
2090 1
2090 1
2090 1
2090 1
2090 1
2090 1
2090 1
2090 1
2090 1
2090 1
2090 1
2090 1
2090 1
2090 1
2090 1
2186 1
2186 1
2186 1
2186 1
2186 1
2186 1
2186 1
2186 1
2186 1
2186 1
2186 1
2186 1
2186 1
2186 1
2186 1
2186 1
2186 1
2186 1
2186 1
2186 1
2186 1
5322 1
5322 1
5322 1
5322 1
5322 1
5322 1
5322 1
5322 1
5322 1
5322 1
5322 1
5322 1
5322 1
5322 1
5322 1
5322 1
5322 1
5322 1
5322 1
5322 1
5322 1
1997 1
1997 1
1997 1
1997 1
1997 1
1997 1
1997 1
1997 1
1997 1
1997 1
1997 1
1997 1
1997 1
1997 1
1997 1
1997 1
1997 1
1997 1
1997 1
1997 1
1997 1
2091 1
2091 1
2091 1
2091 1
2091 1
2091 1
2091 1
2091 1
2091 1
2091 1
2091 1
2091 1
2091 1
2091 1
2091 1
2091 1
2091 1
2091 1
2091 1
2091 1
2091 1
5001 1
5001 1
5001 1
5001 1
5001 1
5001 1
5001 1
5001 1
5001 1
5001 1
5001 1
5001 1
5001 1
5001 1
5001 1
5001 1
5001 1
5001 1
5001 1
5001 1
5001 1
5047 1
5047 1
5047 1
5047 1
5047 1
5047 1
5047 1
5047 1
5047 1
5047 1
5047 1
5047 1
5047 1
5047 1
5047 1
5047 1
5047 1
5047 1
5047 1
5047 1
5047 1
5090 1
5090 1
5090 1
5090 1
5090 1
5090 1
5090 1
5090 1
5090 1
5090 1
5090 1
5090 1
5090 1
5090 1
5090 1
5090 1
5090 1
5090 1
5090 1
5090 1
5090 1
1905 1
1905 1
1905 1
1905 1
1905 1
1905 1
1905 1
1905 1
1905 1
1905 1
1905 1
1905 1
1905 1
1905 1
1905 1
1905 1
1905 1
1905 1
1905 1
1905 1
1905 1
5002 1
5002 1
5002 1
5002 1
5002 1
5002 1
5002 1
5002 1
5002 1
5002 1
5002 1
5002 1
5002 1
5002 1
5002 1
5002 1
5002 1
5002 1
5002 1
5002 1
5002 1
5091 1
5091 1
5091 1
5091 1
5091 1
5091 1
5091 1
5091 1
5091 1
5091 1
5091 1
5091 1
5091 1
5091 1
5091 1
5091 1
5091 1
5091 1
5091 1
5091 1
5091 1
5133 1
5133 1
5133 1
5133 1
5133 1
5133 1
5133 1
5133 1
5133 1
5133 1
5133 1
5133 1
5133 1
5133 1
5133 1
5133 1
5133 1
5133 1
5133 1
5133 1
5133 1
5173 1
5173 1
5173 1
5173 1
5173 1
5173 1
5173 1
5173 1
5173 1
5173 1
5173 1
5173 1
5173 1
5173 1
5173 1
5173 1
5173 1
5173 1
5173 1
5173 1
5173 1
5210 1
5210 1
5210 1
5210 1
5210 1
5210 1
5210 1
5210 1
5210 1
5210 1
5210 1
5210 1
5210 1
5210 1
5210 1
5210 1
5210 1
5210 1
5210 1
5210 1
5210 1
5248 1
5248 1
5248 1
5248 1
5248 1
5248 1
5248 1
5248 1
5248 1
5248 1
5248 1
5248 1
5248 1
5248 1
5248 1
5248 1
5248 1
5248 1
5248 1
5248 1
5248 1
5286 1
5286 1
5286 1
5286 1
5286 1
5286 1
5286 1
5286 1
5286 1
5286 1
5286 1
5286 1
5286 1
5286 1
5286 1
5286 1
5286 1
5286 1
5286 1
5286 1
5286 1
5324 1
5324 1
5324 1
5324 1
5324 1
5324 1
5324 1
5324 1
5324 1
5324 1
5324 1
5324 1
5324 1
5324 1
5324 1
5324 1
5324 1
5324 1
5324 1
5324 1
5324 1
5174 1
5174 1
5174 1
5174 1
5174 1
5174 1
5174 1
5174 1
5174 1
5174 1
5174 1
5174 1
5174 1
5174 1
5174 1
5174 1
5174 1
5174 1
5174 1
5174 1
5174 1
5251 1
5251 1
5251 1
5251 1
5251 1
5251 1
5251 1
5251 1
5251 1
5251 1
5251 1
5251 1
5251 1
5251 1
5251 1
5251 1
5251 1
5251 1
5251 1
5251 1
5251 1
2461 1
2461 1
2461 1
2461 1
2461 1
2461 1
2461 1
2461 1
2461 1
2461 1
2461 1
2461 1
2461 1
2461 1
2461 1
2461 1
2461 1
2461 1
2461 1
2461 1
2461 1
2012 1
2012 1
2012 1
2012 1
2012 1
2012 1
2012 1
2012 1
2012 1
2012 1
2012 1
2012 1
2012 1
2012 1
2012 1
2012 1
2012 1
2012 1
2012 1
2012 1
2012 1
2201 1
2201 1
2201 1
2201 1
2201 1
2201 1
2201 1
2201 1
2201 1
2201 1
2201 1
2201 1
2201 1
2201 1
2201 1
2201 1
2201 1
2201 1
2201 1
2201 1
2201 1
1920 1
1920 1
1920 1
1920 1
1920 1
1920 1
1920 1
1920 1
1920 1
1920 1
1920 1
1920 1
1920 1
1920 1
1920 1
1920 1
1920 1
1920 1
1920 1
1920 1
1920 1
3450 1
3450 1
3450 1
3450 1
3450 1
3450 1
3450 1
3450 1
3450 1
3450 1
3450 1
3450 1
3450 1
3450 1
3450 1
3450 1
3450 1
3450 1
3450 1
3450 1
3450 1
2109 1
2109 1
2109 1
2109 1
2109 1
2109 1
2109 1
2109 1
2109 1
2109 1
2109 1
2109 1
2109 1
2109 1
2109 1
2109 1
2109 1
2109 1
2109 1
2109 1
2109 1
3253 1
3253 1
3253 1
3253 1
3253 1
3253 1
3253 1
3253 1
3253 1
3253 1
3253 1
3253 1
3253 1
3253 1
3253 1
3253 1
3253 1
3253 1
3253 1
3253 1
3253 1
3313 1
3313 1
3313 1
3313 1
3313 1
3313 1
3313 1
3313 1
3313 1
3313 1
3313 1
3313 1
3313 1
3313 1
3313 1
3313 1
3313 1
3313 1
3313 1
3313 1
3313 1
3364 1
3364 1
3364 1
3364 1
3364 1
3364 1
3364 1
3364 1
3364 1
3364 1
3364 1
3364 1
3364 1
3364 1
3364 1
3364 1
3364 1
3364 1
3364 1
3364 1
3364 1
3452 1
3452 1
3452 1
3452 1
3452 1
3452 1
3452 1
3452 1
3452 1
3452 1
3452 1
3452 1
3452 1
3452 1
3452 1
3452 1
3452 1
3452 1
3452 1
3452 1
3452 1
27607 1
27607 1
27607 1
27607 1
27607 1
27607 1
27607 1
27607 1
27607 1
27607 1
27607 1
27607 1
27607 1
27607 1
27607 1
27607 1
27607 1
27607 1
27607 1
27607 1
27607 1
2205 1
2205 1
2205 1
2205 1
2205 1
2205 1
2205 1
2205 1
2205 1
2205 1
2205 1
2205 1
2205 1
2205 1
2205 1
2205 1
2205 1
2205 1
2205 1
2205 1
2205 1
3090 1
3090 1
3090 1
3090 1
3090 1
3090 1
3090 1
3090 1
3090 1
3090 1
3090 1
3090 1
3090 1
3090 1
3090 1
3090 1
3090 1
3090 1
3090 1
3090 1
3090 1
3314 1
3314 1
3314 1
3314 1
3314 1
3314 1
3314 1
3314 1
3314 1
3314 1
3314 1
3314 1
3314 1
3314 1
3314 1
3314 1
3314 1
3314 1
3314 1
3314 1
3314 1
3453 1
3453 1
3453 1
3453 1
3453 1
3453 1
3453 1
3453 1
3453 1
3453 1
3453 1
3453 1
3453 1
3453 1
3453 1
3453 1
3453 1
3453 1
3453 1
3453 1
3453 1
3411 1
3411 1
3411 1
3411 1
3411 1
3411 1
3411 1
3411 1
3411 1
3411 1
3411 1
3411 1
3411 1
3411 1
3411 1
3411 1
3411 1
3411 1
3411 1
3411 1
3411 1
2973 1
2973 1
2973 1
2973 1
2973 1
2973 1
2973 1
2973 1
2973 1
2973 1
2973 1
2973 1
2973 1
2973 1
2973 1
2973 1
2973 1
2973 1
2973 1
2973 1
2973 1
3034 1
3034 1
3034 1
3034 1
3034 1
3034 1
3034 1
3034 1
3034 1
3034 1
3034 1
3034 1
3034 1
3034 1
3034 1
3034 1
3034 1
3034 1
3034 1
3034 1
3034 1
3035 1
3035 1
3035 1
3035 1
3035 1
3035 1
3035 1
3035 1
3035 1
3035 1
3035 1
3035 1
3035 1
3035 1
3035 1
3035 1
3035 1
3035 1
3035 1
3035 1
3035 1
3094 1
3094 1
3094 1
3094 1
3094 1
3094 1
3094 1
3094 1
3094 1
3094 1
3094 1
3094 1
3094 1
3094 1
3094 1
3094 1
3094 1
3094 1
3094 1
3094 1
3094 1
3659 1
3659 1
3659 1
3659 1
3659 1
3659 1
3659 1
3659 1
3659 1
3659 1
3659 1
3659 1
3659 1
3659 1
3659 1
3659 1
3659 1
3659 1
3659 1
3659 1
3659 1
3699 1
3699 1
3699 1
3699 1
3699 1
3699 1
3699 1
3699 1
3699 1
3699 1
3699 1
3699 1
3699 1
3699 1
3699 1
3699 1
3699 1
3699 1
3699 1
3699 1
3699 1
3814 1
3814 1
3814 1
3814 1
3814 1
3814 1
3814 1
3814 1
3814 1
3814 1
3814 1
3814 1
3814 1
3814 1
3814 1
3814 1
3814 1
3814 1
3814 1
3814 1
3814 1
3259 1
3259 1
3259 1
3259 1
3259 1
3259 1
3259 1
3259 1
3259 1
3259 1
3259 1
3259 1
3259 1
3259 1
3259 1
3259 1
3259 1
3259 1
3259 1
3259 1
3259 1
3319 1
3319 1
3319 1
3319 1
3319 1
3319 1
3319 1
3319 1
3319 1
3319 1
3319 1
3319 1
3319 1
3319 1
3319 1
3319 1
3319 1
3319 1
3319 1
3319 1
3319 1
3617 1
3617 1
3617 1
3617 1
3617 1
3617 1
3617 1
3617 1
3617 1
3617 1
3617 1
3617 1
3617 1
3617 1
3617 1
3617 1
3617 1
3617 1
3617 1
3617 1
3617 1
3660 1
3660 1
3660 1
3660 1
3660 1
3660 1
3660 1
3660 1
3660 1
3660 1
3660 1
3660 1
3660 1
3660 1
3660 1
3660 1
3660 1
3660 1
3660 1
3660 1
3660 1
3700 1
3700 1
3700 1
3700 1
3700 1
3700 1
3700 1
3700 1
3700 1
3700 1
3700 1
3700 1
3700 1
3700 1
3700 1
3700 1
3700 1
3700 1
3700 1
3700 1
3700 1
3371 1
3371 1
3371 1
3371 1
3371 1
3371 1
3371 1
3371 1
3371 1
3371 1
3371 1
3371 1
3371 1
3371 1
3371 1
3371 1
3371 1
3371 1
3371 1
3371 1
3371 1
3496 1
3496 1
3496 1
3496 1
3496 1
3496 1
3496 1
3496 1
3496 1
3496 1
3496 1
3496 1
3496 1
3496 1
3496 1
3496 1
3496 1
3496 1
3496 1
3496 1
3496 1
3577 1
3577 1
3577 1
3577 1
3577 1
3577 1
3577 1
3577 1
3577 1
3577 1
3577 1
3577 1
3577 1
3577 1
3577 1
3577 1
3577 1
3577 1
3577 1
3577 1
3577 1
3618 1
3618 1
3618 1
3618 1
3618 1
3618 1
3618 1
3618 1
3618 1
3618 1
3618 1
3618 1
3618 1
3618 1
3618 1
3618 1
3618 1
3618 1
3618 1
3618 1
3618 1
3661 1
3661 1
3661 1
3661 1
3661 1
3661 1
3661 1
3661 1
3661 1
3661 1
3661 1
3661 1
3661 1
3661 1
3661 1
3661 1
3661 1
3661 1
3661 1
3661 1
3661 1
3701 1
3701 1
3701 1
3701 1
3701 1
3701 1
3701 1
3701 1
3701 1
3701 1
3701 1
3701 1
3701 1
3701 1
3701 1
3701 1
3701 1
3701 1
3701 1
3701 1
3701 1
3578 1
3578 1
3578 1
3578 1
3578 1
3578 1
3578 1
3578 1
3578 1
3578 1
3578 1
3578 1
3578 1
3578 1
3578 1
3578 1
3578 1
3578 1
3578 1
3578 1
3578 1
3619 1
3619 1
3619 1
3619 1
3619 1
3619 1
3619 1
3619 1
3619 1
3619 1
3619 1
3619 1
3619 1
3619 1
3619 1
3619 1
3619 1
3619 1
3619 1
3619 1
3619 1
3662 1
3662 1
3662 1
3662 1
3662 1
3662 1
3662 1
3662 1
3662 1
3662 1
3662 1
3662 1
3662 1
3662 1
3662 1
3662 1
3662 1
3662 1
3662 1
3662 1
3662 1
3702 1
3702 1
3702 1
3702 1
3702 1
3702 1
3702 1
3702 1
3702 1
3702 1
3702 1
3702 1
3702 1
3702 1
3702 1
3702 1
3702 1
3702 1
3702 1
3702 1
3702 1
3208 1
3208 1
3208 1
3208 1
3208 1
3208 1
3208 1
3208 1
3208 1
3208 1
3208 1
3208 1
3208 1
3208 1
3208 1
3208 1
3208 1
3208 1
3208 1
3208 1
3208 1
3322 1
3322 1
3322 1
3322 1
3322 1
3322 1
3322 1
3322 1
3322 1
3322 1
3322 1
3322 1
3322 1
3322 1
3322 1
3322 1
3322 1
3322 1
3322 1
3322 1
3322 1
3373 1
3373 1
3373 1
3373 1
3373 1
3373 1
3373 1
3373 1
3373 1
3373 1
3373 1
3373 1
3373 1
3373 1
3373 1
3373 1
3373 1
3373 1
3373 1
3373 1
3373 1
3461 1
3461 1
3461 1
3461 1
3461 1
3461 1
3461 1
3461 1
3461 1
3461 1
3461 1
3461 1
3461 1
3461 1
3461 1
3461 1
3461 1
3461 1
3461 1
3461 1
3461 1
3498 1
3498 1
3498 1
3498 1
3498 1
3498 1
3498 1
3498 1
3498 1
3498 1
3498 1
3498 1
3498 1
3498 1
3498 1
3498 1
3498 1
3498 1
3498 1
3498 1
3498 1
3536 1
3536 1
3536 1
3536 1
3536 1
3536 1
3536 1
3536 1
3536 1
3536 1
3536 1
3536 1
3536 1
3536 1
3536 1
3536 1
3536 1
3536 1
3536 1
3536 1
3536 1
3579 1
3579 1
3579 1
3579 1
3579 1
3579 1
3579 1
3579 1
3579 1
3579 1
3579 1
3579 1
3579 1
3579 1
3579 1
3579 1
3579 1
3579 1
3579 1
3579 1
3579 1
3620 1
3620 1
3620 1
3620 1
3620 1
3620 1
3620 1
3620 1
3620 1
3620 1
3620 1
3620 1
3620 1
3620 1
3620 1
3620 1
3620 1
3620 1
3620 1
3620 1
3620 1
3663 1
3663 1
3663 1
3663 1
3663 1
3663 1
3663 1
3663 1
3663 1
3663 1
3663 1
3663 1
3663 1
3663 1
3663 1
3663 1
3663 1
3663 1
3663 1
3663 1
3663 1
3703 1
3703 1
3703 1
3703 1
3703 1
3703 1
3703 1
3703 1
3703 1
3703 1
3703 1
3703 1
3703 1
3703 1
3703 1
3703 1
3703 1
3703 1
3703 1
3703 1
3703 1
3209 1
3209 1
3209 1
3209 1
3209 1
3209 1
3209 1
3209 1
3209 1
3209 1
3209 1
3209 1
3209 1
3209 1
3209 1
3209 1
3209 1
3209 1
3209 1
3209 1
3209 1
3323 1
3323 1
3323 1
3323 1
3323 1
3323 1
3323 1
3323 1
3323 1
3323 1
3323 1
3323 1
3323 1
3323 1
3323 1
3323 1
3323 1
3323 1
3323 1
3323 1
3323 1
3374 1
3374 1
3374 1
3374 1
3374 1
3374 1
3374 1
3374 1
3374 1
3374 1
3374 1
3374 1
3374 1
3374 1
3374 1
3374 1
3374 1
3374 1
3374 1
3374 1
3374 1
3462 1
3462 1
3462 1
3462 1
3462 1
3462 1
3462 1
3462 1
3462 1
3462 1
3462 1
3462 1
3462 1
3462 1
3462 1
3462 1
3462 1
3462 1
3462 1
3462 1
3462 1
3499 1
3499 1
3499 1
3499 1
3499 1
3499 1
3499 1
3499 1
3499 1
3499 1
3499 1
3499 1
3499 1
3499 1
3499 1
3499 1
3499 1
3499 1
3499 1
3499 1
3499 1
3537 1
3537 1
3537 1
3537 1
3537 1
3537 1
3537 1
3537 1
3537 1
3537 1
3537 1
3537 1
3537 1
3537 1
3537 1
3537 1
3537 1
3537 1
3537 1
3537 1
3537 1
3621 1
3621 1
3621 1
3621 1
3621 1
3621 1
3621 1
3621 1
3621 1
3621 1
3621 1
3621 1
3621 1
3621 1
3621 1
3621 1
3621 1
3621 1
3621 1
3621 1
3621 1
3664 1
3664 1
3664 1
3664 1
3664 1
3664 1
3664 1
3664 1
3664 1
3664 1
3664 1
3664 1
3664 1
3664 1
3664 1
3664 1
3664 1
3664 1
3664 1
3664 1
3664 1
3704 1
3704 1
3704 1
3704 1
3704 1
3704 1
3704 1
3704 1
3704 1
3704 1
3704 1
3704 1
3704 1
3704 1
3704 1
3704 1
3704 1
3704 1
3704 1
3704 1
3704 1
3210 1
3210 1
3210 1
3210 1
3210 1
3210 1
3210 1
3210 1
3210 1
3210 1
3210 1
3210 1
3210 1
3210 1
3210 1
3210 1
3210 1
3210 1
3210 1
3210 1
3210 1
3264 1
3264 1
3264 1
3264 1
3264 1
3264 1
3264 1
3264 1
3264 1
3264 1
3264 1
3264 1
3264 1
3264 1
3264 1
3264 1
3264 1
3264 1
3264 1
3264 1
3264 1
3538 1
3538 1
3538 1
3538 1
3538 1
3538 1
3538 1
3538 1
3538 1
3538 1
3538 1
3538 1
3538 1
3538 1
3538 1
3538 1
3538 1
3538 1
3538 1
3538 1
3538 1
3581 1
3581 1
3581 1
3581 1
3581 1
3581 1
3581 1
3581 1
3581 1
3581 1
3581 1
3581 1
3581 1
3581 1
3581 1
3581 1
3581 1
3581 1
3581 1
3581 1
3581 1
3622 1
3622 1
3622 1
3622 1
3622 1
3622 1
3622 1
3622 1
3622 1
3622 1
3622 1
3622 1
3622 1
3622 1
3622 1
3622 1
3622 1
3622 1
3622 1
3622 1
3622 1
3665 1
3665 1
3665 1
3665 1
3665 1
3665 1
3665 1
3665 1
3665 1
3665 1
3665 1
3665 1
3665 1
3665 1
3665 1
3665 1
3665 1
3665 1
3665 1
3665 1
3665 1
3155 1
3155 1
3155 1
3155 1
3155 1
3155 1
3155 1
3155 1
3155 1
3155 1
3155 1
3155 1
3155 1
3155 1
3155 1
3155 1
3155 1
3155 1
3155 1
3155 1
3155 1
3101 1
3101 1
3101 1
3101 1
3101 1
3101 1
3101 1
3101 1
3101 1
3101 1
3101 1
3101 1
3101 1
3101 1
3101 1
3101 1
3101 1
3101 1
3101 1
3101 1
3101 1
3156 1
3156 1
3156 1
3156 1
3156 1
3156 1
3156 1
3156 1
3156 1
3156 1
3156 1
3156 1
3156 1
3156 1
3156 1
3156 1
3156 1
3156 1
3156 1
3156 1
3156 1
3212 1
3212 1
3212 1
3212 1
3212 1
3212 1
3212 1
3212 1
3212 1
3212 1
3212 1
3212 1
3212 1
3212 1
3212 1
3212 1
3212 1
3212 1
3212 1
3212 1
3212 1
3266 1
3266 1
3266 1
3266 1
3266 1
3266 1
3266 1
3266 1
3266 1
3266 1
3266 1
3266 1
3266 1
3266 1
3266 1
3266 1
3266 1
3266 1
3266 1
3266 1
3266 1
