pt_graph shape
4840 1
4840 1
4840 1
4840 1
4840 1
4840 1
4840 1
4840 1
4840 1
4840 1
4840 1
4840 1
4840 1
4840 1
4840 1
4840 1
4840 1
4840 1
4840 1
4840 1
4840 1
4804 1
4804 1
4804 1
4804 1
4804 1
4804 1
4804 1
4804 1
4804 1
4804 1
4804 1
4804 1
4804 1
4804 1
4804 1
4804 1
4804 1
4804 1
4804 1
4804 1
4804 1
4841 1
4841 1
4841 1
4841 1
4841 1
4841 1
4841 1
4841 1
4841 1
4841 1
4841 1
4841 1
4841 1
4841 1
4841 1
4841 1
4841 1
4841 1
4841 1
4841 1
4841 1
4884 1
4884 1
4884 1
4884 1
4884 1
4884 1
4884 1
4884 1
4884 1
4884 1
4884 1
4884 1
4884 1
4884 1
4884 1
4884 1
4884 1
4884 1
4884 1
4884 1
4884 1
1884 1
1884 1
1884 1
1884 1
1884 1
1884 1
1884 1
1884 1
1884 1
1884 1
1884 1
1884 1
1884 1
1884 1
1884 1
1884 1
1884 1
1884 1
1884 1
1884 1
1884 1
2166 1
2166 1
2166 1
2166 1
2166 1
2166 1
2166 1
2166 1
2166 1
2166 1
2166 1
2166 1
2166 1
2166 1
2166 1
2166 1
2166 1
2166 1
2166 1
2166 1
2166 1
2257 1
2257 1
2257 1
2257 1
2257 1
2257 1
2257 1
2257 1
2257 1
2257 1
2257 1
2257 1
2257 1
2257 1
2257 1
2257 1
2257 1
2257 1
2257 1
2257 1
2257 1
3003 1
3003 1
3003 1
3003 1
3003 1
3003 1
3003 1
3003 1
3003 1
3003 1
3003 1
3003 1
3003 1
3003 1
3003 1
3003 1
3003 1
3003 1
3003 1
3003 1
3003 1
4805 1
4805 1
4805 1
4805 1
4805 1
4805 1
4805 1
4805 1
4805 1
4805 1
4805 1
4805 1
4805 1
4805 1
4805 1
4805 1
4805 1
4805 1
4805 1
4805 1
4805 1
4842 1
4842 1
4842 1
4842 1
4842 1
4842 1
4842 1
4842 1
4842 1
4842 1
4842 1
4842 1
4842 1
4842 1
4842 1
4842 1
4842 1
4842 1
4842 1
4842 1
4842 1
4885 1
4885 1
4885 1
4885 1
4885 1
4885 1
4885 1
4885 1
4885 1
4885 1
4885 1
4885 1
4885 1
4885 1
4885 1
4885 1
4885 1
4885 1
4885 1
4885 1
4885 1
4929 1
4929 1
4929 1
4929 1
4929 1
4929 1
4929 1
4929 1
4929 1
4929 1
4929 1
4929 1
4929 1
4929 1
4929 1
4929 1
4929 1
4929 1
4929 1
4929 1
4929 1
5145 1
5145 1
5145 1
5145 1
5145 1
5145 1
5145 1
5145 1
5145 1
5145 1
5145 1
5145 1
5145 1
5145 1
5145 1
5145 1
5145 1
5145 1
5145 1
5145 1
5145 1
2258 1
2258 1
2258 1
2258 1
2258 1
2258 1
2258 1
2258 1
2258 1
2258 1
2258 1
2258 1
2258 1
2258 1
2258 1
2258 1
2258 1
2258 1
2258 1
2258 1
2258 1
2521 1
2521 1
2521 1
2521 1
2521 1
2521 1
2521 1
2521 1
2521 1
2521 1
2521 1
2521 1
2521 1
2521 1
2521 1
2521 1
2521 1
2521 1
2521 1
2521 1
2521 1
2599 1
2599 1
2599 1
2599 1
2599 1
2599 1
2599 1
2599 1
2599 1
2599 1
2599 1
2599 1
2599 1
2599 1
2599 1
2599 1
2599 1
2599 1
2599 1
2599 1
2599 1
4806 1
4806 1
4806 1
4806 1
4806 1
4806 1
4806 1
4806 1
4806 1
4806 1
4806 1
4806 1
4806 1
4806 1
4806 1
4806 1
4806 1
4806 1
4806 1
4806 1
4806 1
4843 1
4843 1
4843 1
4843 1
4843 1
4843 1
4843 1
4843 1
4843 1
4843 1
4843 1
4843 1
4843 1
4843 1
4843 1
4843 1
4843 1
4843 1
4843 1
4843 1
4843 1
4886 1
4886 1
4886 1
4886 1
4886 1
4886 1
4886 1
4886 1
4886 1
4886 1
4886 1
4886 1
4886 1
4886 1
4886 1
4886 1
4886 1
4886 1
4886 1
4886 1
4886 1
4930 1
4930 1
4930 1
4930 1
4930 1
4930 1
4930 1
4930 1
4930 1
4930 1
4930 1
4930 1
4930 1
4930 1
4930 1
4930 1
4930 1
4930 1
4930 1
4930 1
4930 1
4975 1
4975 1
4975 1
4975 1
4975 1
4975 1
4975 1
4975 1
4975 1
4975 1
4975 1
4975 1
4975 1
4975 1
4975 1
4975 1
4975 1
4975 1
4975 1
4975 1
4975 1
2522 1
2522 1
2522 1
2522 1
2522 1
2522 1
2522 1
2522 1
2522 1
2522 1
2522 1
2522 1
2522 1
2522 1
2522 1
2522 1
2522 1
2522 1
2522 1
2522 1
2522 1
2600 1
2600 1
2600 1
2600 1
2600 1
2600 1
2600 1
2600 1
2600 1
2600 1
2600 1
2600 1
2600 1
2600 1
2600 1
2600 1
2600 1
2600 1
2600 1
2600 1
2600 1
2672 1
2672 1
2672 1
2672 1
2672 1
2672 1
2672 1
2672 1
2672 1
2672 1
2672 1
2672 1
2672 1
2672 1
2672 1
2672 1
2672 1
2672 1
2672 1
2672 1
2672 1
2742 1
2742 1
2742 1
2742 1
2742 1
2742 1
2742 1
2742 1
2742 1
2742 1
2742 1
2742 1
2742 1
2742 1
2742 1
2742 1
2742 1
2742 1
2742 1
2742 1
2742 1
2816 1
2816 1
2816 1
2816 1
2816 1
2816 1
2816 1
2816 1
2816 1
2816 1
2816 1
2816 1
2816 1
2816 1
2816 1
2816 1
2816 1
2816 1
2816 1
2816 1
2816 1
2946 1
2946 1
2946 1
2946 1
2946 1
2946 1
2946 1
2946 1
2946 1
2946 1
2946 1
2946 1
2946 1
2946 1
2946 1
2946 1
2946 1
2946 1
2946 1
2946 1
2946 1
4976 1
4976 1
4976 1
4976 1
4976 1
4976 1
4976 1
4976 1
4976 1
4976 1
4976 1
4976 1
4976 1
4976 1
4976 1
4976 1
4976 1
4976 1
4976 1
4976 1
4976 1
5264 1
5264 1
5264 1
5264 1
5264 1
5264 1
5264 1
5264 1
5264 1
5264 1
5264 1
5264 1
5264 1
5264 1
5264 1
5264 1
5264 1
5264 1
5264 1
5264 1
5264 1
2817 1
2817 1
2817 1
2817 1
2817 1
2817 1
2817 1
2817 1
2817 1
2817 1
2817 1
2817 1
2817 1
2817 1
2817 1
2817 1
2817 1
2817 1
2817 1
2817 1
2817 1
2883 1
2883 1
2883 1
2883 1
2883 1
2883 1
2883 1
2883 1
2883 1
2883 1
2883 1
2883 1
2883 1
2883 1
2883 1
2883 1
2883 1
2883 1
2883 1
2883 1
2883 1
2947 1
2947 1
2947 1
2947 1
2947 1
2947 1
2947 1
2947 1
2947 1
2947 1
2947 1
2947 1
2947 1
2947 1
2947 1
2947 1
2947 1
2947 1
2947 1
2947 1
2947 1
3065 1
3065 1
3065 1
3065 1
3065 1
3065 1
3065 1
3065 1
3065 1
3065 1
3065 1
3065 1
3065 1
3065 1
3065 1
3065 1
3065 1
3065 1
3065 1
3065 1
3065 1
5532 1
5532 1
5532 1
5532 1
5532 1
5532 1
5532 1
5532 1
5532 1
5532 1
5532 1
5532 1
5532 1
5532 1
5532 1
5532 1
5532 1
5532 1
5532 1
5532 1
5532 1
3176 1
3176 1
3176 1
3176 1
3176 1
3176 1
3176 1
3176 1
3176 1
3176 1
3176 1
3176 1
3176 1
3176 1
3176 1
3176 1
3176 1
3176 1
3176 1
3176 1
3176 1
5304 1
5304 1
5304 1
5304 1
5304 1
5304 1
5304 1
5304 1
5304 1
5304 1
5304 1
5304 1
5304 1
5304 1
5304 1
5304 1
5304 1
5304 1
5304 1
5304 1
5304 1
5573 1
5573 1
5573 1
5573 1
5573 1
5573 1
5573 1
5573 1
5573 1
5573 1
5573 1
5573 1
5573 1
5573 1
5573 1
5573 1
5573 1
5573 1
5573 1
5573 1
5573 1
2353 1
2353 1
2353 1
2353 1
2353 1
2353 1
2353 1
2353 1
2353 1
2353 1
2353 1
2353 1
2353 1
2353 1
2353 1
2353 1
2353 1
2353 1
2353 1
2353 1
2353 1
5110 1
5110 1
5110 1
5110 1
5110 1
5110 1
5110 1
5110 1
5110 1
5110 1
5110 1
5110 1
5110 1
5110 1
5110 1
5110 1
5110 1
5110 1
5110 1
5110 1
5110 1
5654 1
5654 1
5654 1
5654 1
5654 1
5654 1
5654 1
5654 1
5654 1
5654 1
5654 1
5654 1
5654 1
5654 1
5654 1
5654 1
5654 1
5654 1
5654 1
5654 1
5654 1
1708 1
1708 1
1708 1
1708 1
1708 1
1708 1
1708 1
1708 1
1708 1
1708 1
1708 1
1708 1
1708 1
1708 1
1708 1
1708 1
1708 1
1708 1
1708 1
1708 1
1708 1
6011 1
6011 1
6011 1
6011 1
6011 1
6011 1
6011 1
6011 1
6011 1
6011 1
6011 1
6011 1
6011 1
6011 1
6011 1
6011 1
6011 1
6011 1
6011 1
6011 1
6011 1
13058 1
13058 1
13058 1
13058 1
13058 1
13058 1
13058 1
13058 1
13058 1
13058 1
13058 1
13058 1
13058 1
13058 1
13058 1
13058 1
13058 1
13058 1
13058 1
13058 1
13058 1
28107 1
28107 1
28107 1
28107 1
28107 1
28107 1
28107 1
28107 1
28107 1
28107 1
28107 1
28107 1
28107 1
28107 1
28107 1
28107 1
28107 1
28107 1
28107 1
28107 1
28107 1
3348 1
3348 1
3348 1
3348 1
3348 1
3348 1
3348 1
3348 1
3348 1
3348 1
3348 1
3348 1
3348 1
3348 1
3348 1
3348 1
3348 1
3348 1
3348 1
3348 1
3348 1
4591 1
4591 1
4591 1
4591 1
4591 1
4591 1
4591 1
4591 1
4591 1
4591 1
4591 1
4591 1
4591 1
4591 1
4591 1
4591 1
4591 1
4591 1
4591 1
4591 1
4591 1
5656 1
5656 1
5656 1
5656 1
5656 1
5656 1
5656 1
5656 1
5656 1
5656 1
5656 1
5656 1
5656 1
5656 1
5656 1
5656 1
5656 1
5656 1
5656 1
5656 1
5656 1
6085 1
6085 1
6085 1
6085 1
6085 1
6085 1
6085 1
6085 1
6085 1
6085 1
6085 1
6085 1
6085 1
6085 1
6085 1
6085 1
6085 1
6085 1
6085 1
6085 1
6085 1
6160 1
6160 1
6160 1
6160 1
6160 1
6160 1
6160 1
6160 1
6160 1
6160 1
6160 1
6160 1
6160 1
6160 1
6160 1
6160 1
6160 1
6160 1
6160 1
6160 1
6160 1
5856 1
5856 1
5856 1
5856 1
5856 1
5856 1
5856 1
5856 1
5856 1
5856 1
5856 1
5856 1
5856 1
5856 1
5856 1
5856 1
5856 1
5856 1
5856 1
5856 1
5856 1
5895 1
5895 1
5895 1
5895 1
5895 1
5895 1
5895 1
5895 1
5895 1
5895 1
5895 1
5895 1
5895 1
5895 1
5895 1
5895 1
5895 1
5895 1
5895 1
5895 1
5895 1
5934 1
5934 1
5934 1
5934 1
5934 1
5934 1
5934 1
5934 1
5934 1
5934 1
5934 1
5934 1
5934 1
5934 1
5934 1
5934 1
5934 1
5934 1
5934 1
5934 1
5934 1
5974 1
5974 1
5974 1
5974 1
5974 1
5974 1
5974 1
5974 1
5974 1
5974 1
5974 1
5974 1
5974 1
5974 1
5974 1
5974 1
5974 1
5974 1
5974 1
5974 1
5974 1
6049 1
6049 1
6049 1
6049 1
6049 1
6049 1
6049 1
6049 1
6049 1
6049 1
6049 1
6049 1
6049 1
6049 1
6049 1
6049 1
6049 1
6049 1
6049 1
6049 1
6049 1
6086 1
6086 1
6086 1
6086 1
6086 1
6086 1
6086 1
6086 1
6086 1
6086 1
6086 1
6086 1
6086 1
6086 1
6086 1
6086 1
6086 1
6086 1
6086 1
6086 1
6086 1
1547 1
1547 1
1547 1
1547 1
1547 1
1547 1
1547 1
1547 1
1547 1
1547 1
1547 1
1547 1
1547 1
1547 1
1547 1
1547 1
1547 1
1547 1
1547 1
1547 1
1547 1
4715 1
4715 1
4715 1
4715 1
4715 1
4715 1
4715 1
4715 1
4715 1
4715 1
4715 1
4715 1
4715 1
4715 1
4715 1
4715 1
4715 1
4715 1
4715 1
4715 1
4715 1
5857 1
5857 1
5857 1
5857 1
5857 1
5857 1
5857 1
5857 1
5857 1
5857 1
5857 1
5857 1
5857 1
5857 1
5857 1
5857 1
5857 1
5857 1
5857 1
5857 1
5857 1
5896 1
5896 1
5896 1
5896 1
5896 1
5896 1
5896 1
5896 1
5896 1
5896 1
5896 1
5896 1
5896 1
5896 1
5896 1
5896 1
5896 1
5896 1
5896 1
5896 1
5896 1
5935 1
5935 1
5935 1
5935 1
5935 1
5935 1
5935 1
5935 1
5935 1
5935 1
5935 1
5935 1
5935 1
5935 1
5935 1
5935 1
5935 1
5935 1
5935 1
5935 1
5935 1
5975 1
5975 1
5975 1
5975 1
5975 1
5975 1
5975 1
5975 1
5975 1
5975 1
5975 1
5975 1
5975 1
5975 1
5975 1
5975 1
5975 1
5975 1
5975 1
5975 1
5975 1
6014 1
6014 1
6014 1
6014 1
6014 1
6014 1
6014 1
6014 1
6014 1
6014 1
6014 1
6014 1
6014 1
6014 1
6014 1
6014 1
6014 1
6014 1
6014 1
6014 1
6014 1
6050 1
6050 1
6050 1
6050 1
6050 1
6050 1
6050 1
6050 1
6050 1
6050 1
6050 1
6050 1
6050 1
6050 1
6050 1
6050 1
6050 1
6050 1
6050 1
6050 1
6050 1
6087 1
6087 1
6087 1
6087 1
6087 1
6087 1
6087 1
6087 1
6087 1
6087 1
6087 1
6087 1
6087 1
6087 1
6087 1
6087 1
6087 1
6087 1
6087 1
6087 1
6087 1
6124 1
6124 1
6124 1
6124 1
6124 1
6124 1
6124 1
6124 1
6124 1
6124 1
6124 1
6124 1
6124 1
6124 1
6124 1
6124 1
6124 1
6124 1
6124 1
6124 1
6124 1
12531 1
12531 1
12531 1
12531 1
12531 1
12531 1
12531 1
12531 1
12531 1
12531 1
12531 1
12531 1
12531 1
12531 1
12531 1
12531 1
12531 1
12531 1
12531 1
12531 1
12531 1
915 1
915 1
915 1
915 1
915 1
915 1
915 1
915 1
915 1
915 1
915 1
915 1
915 1
915 1
915 1
915 1
915 1
915 1
915 1
915 1
915 1
1548 1
1548 1
1548 1
1548 1
1548 1
1548 1
1548 1
1548 1
1548 1
1548 1
1548 1
1548 1
1548 1
1548 1
1548 1
1548 1
1548 1
1548 1
1548 1
1548 1
1548 1
1627 1
1627 1
1627 1
1627 1
1627 1
1627 1
1627 1
1627 1
1627 1
1627 1
1627 1
1627 1
1627 1
1627 1
1627 1
1627 1
1627 1
1627 1
1627 1
1627 1
1627 1
4509 1
4509 1
4509 1
4509 1
4509 1
4509 1
4509 1
4509 1
4509 1
4509 1
4509 1
4509 1
4509 1
4509 1
4509 1
4509 1
4509 1
4509 1
4509 1
4509 1
4509 1
5195 1
5195 1
5195 1
5195 1
5195 1
5195 1
5195 1
5195 1
5195 1
5195 1
5195 1
5195 1
5195 1
5195 1
5195 1
5195 1
5195 1
5195 1
5195 1
5195 1
5195 1
5739 1
5739 1
5739 1
5739 1
5739 1
5739 1
5739 1
5739 1
5739 1
5739 1
5739 1
5739 1
5739 1
5739 1
5739 1
5739 1
5739 1
5739 1
5739 1
5739 1
5739 1
5780 1
5780 1
5780 1
5780 1
5780 1
5780 1
5780 1
5780 1
5780 1
5780 1
5780 1
5780 1
5780 1
5780 1
5780 1
5780 1
5780 1
5780 1
5780 1
5780 1
5780 1
5820 1
5820 1
5820 1
5820 1
5820 1
5820 1
5820 1
5820 1
5820 1
5820 1
5820 1
5820 1
5820 1
5820 1
5820 1
5820 1
5820 1
5820 1
5820 1
5820 1
5820 1
5858 1
5858 1
5858 1
5858 1
5858 1
5858 1
5858 1
5858 1
5858 1
5858 1
5858 1
5858 1
5858 1
5858 1
5858 1
5858 1
5858 1
5858 1
5858 1
5858 1
5858 1
5897 1
5897 1
5897 1
5897 1
5897 1
5897 1
5897 1
5897 1
5897 1
5897 1
5897 1
5897 1
5897 1
5897 1
5897 1
5897 1
5897 1
5897 1
5897 1
5897 1
5897 1
5936 1
5936 1
5936 1
5936 1
5936 1
5936 1
5936 1
5936 1
5936 1
5936 1
5936 1
5936 1
5936 1
5936 1
5936 1
5936 1
5936 1
5936 1
5936 1
5936 1
5936 1
5976 1
5976 1
5976 1
5976 1
5976 1
5976 1
5976 1
5976 1
5976 1
5976 1
5976 1
5976 1
5976 1
5976 1
5976 1
5976 1
5976 1
5976 1
5976 1
5976 1
5976 1
6015 1
6015 1
6015 1
6015 1
6015 1
6015 1
6015 1
6015 1
6015 1
6015 1
6015 1
6015 1
6015 1
6015 1
6015 1
6015 1
6015 1
6015 1
6015 1
6015 1
6015 1
6125 1
6125 1
6125 1
6125 1
6125 1
6125 1
6125 1
6125 1
6125 1
6125 1
6125 1
6125 1
6125 1
6125 1
6125 1
6125 1
6125 1
6125 1
6125 1
6125 1
6125 1
6202 1
6202 1
6202 1
6202 1
6202 1
6202 1
6202 1
6202 1
6202 1
6202 1
6202 1
6202 1
6202 1
6202 1
6202 1
6202 1
6202 1
6202 1
6202 1
6202 1
6202 1
12360 1
12360 1
12360 1
12360 1
12360 1
12360 1
12360 1
12360 1
12360 1
12360 1
12360 1
12360 1
12360 1
12360 1
12360 1
12360 1
12360 1
12360 1
12360 1
12360 1
12360 1
1549 1
1549 1
1549 1
1549 1
1549 1
1549 1
1549 1
1549 1
1549 1
1549 1
1549 1
1549 1
1549 1
1549 1
1549 1
1549 1
1549 1
1549 1
1549 1
1549 1
1549 1
5116 1
5116 1
5116 1
5116 1
5116 1
5116 1
5116 1
5116 1
5116 1
5116 1
5116 1
5116 1
5116 1
5116 1
5116 1
5116 1
5116 1
5116 1
5116 1
5116 1
5116 1
5196 1
5196 1
5196 1
5196 1
5196 1
5196 1
5196 1
5196 1
5196 1
5196 1
5196 1
5196 1
5196 1
5196 1
5196 1
5196 1
5196 1
5196 1
5196 1
5196 1
5196 1
5236 1
5236 1
5236 1
5236 1
5236 1
5236 1
5236 1
5236 1
5236 1
5236 1
5236 1
5236 1
5236 1
5236 1
5236 1
5236 1
5236 1
5236 1
5236 1
5236 1
5236 1
5311 1
5311 1
5311 1
5311 1
5311 1
5311 1
5311 1
5311 1
5311 1
5311 1
5311 1
5311 1
5311 1
5311 1
5311 1
5311 1
5311 1
5311 1
5311 1
5311 1
5311 1
5580 1
5580 1
5580 1
5580 1
5580 1
5580 1
5580 1
5580 1
5580 1
5580 1
5580 1
5580 1
5580 1
5580 1
5580 1
5580 1
5580 1
5580 1
5580 1
5580 1
5580 1
5660 1
5660 1
5660 1
5660 1
5660 1
5660 1
5660 1
5660 1
5660 1
5660 1
5660 1
5660 1
5660 1
5660 1
5660 1
5660 1
5660 1
5660 1
5660 1
5660 1
5660 1
5740 1
5740 1
5740 1
5740 1
5740 1
5740 1
5740 1
5740 1
5740 1
5740 1
5740 1
5740 1
5740 1
5740 1
5740 1
5740 1
5740 1
5740 1
5740 1
5740 1
5740 1
5781 1
5781 1
5781 1
5781 1
5781 1
5781 1
5781 1
5781 1
5781 1
5781 1
5781 1
5781 1
5781 1
5781 1
5781 1
5781 1
5781 1
5781 1
5781 1
5781 1
5781 1
5821 1
5821 1
5821 1
5821 1
5821 1
5821 1
5821 1
5821 1
5821 1
5821 1
5821 1
5821 1
5821 1
5821 1
5821 1
5821 1
5821 1
5821 1
5821 1
5821 1
5821 1
5859 1
5859 1
5859 1
5859 1
5859 1
5859 1
5859 1
5859 1
5859 1
5859 1
5859 1
5859 1
5859 1
5859 1
5859 1
5859 1
5859 1
5859 1
5859 1
5859 1
5859 1
5898 1
5898 1
5898 1
5898 1
5898 1
5898 1
5898 1
5898 1
5898 1
5898 1
5898 1
5898 1
5898 1
5898 1
5898 1
5898 1
5898 1
5898 1
5898 1
5898 1
5898 1
5977 1
5977 1
5977 1
5977 1
5977 1
5977 1
5977 1
5977 1
5977 1
5977 1
5977 1
5977 1
5977 1
5977 1
5977 1
5977 1
5977 1
5977 1
5977 1
5977 1
5977 1
6164 1
6164 1
6164 1
6164 1
6164 1
6164 1
6164 1
6164 1
6164 1
6164 1
6164 1
6164 1
6164 1
6164 1
6164 1
6164 1
6164 1
6164 1
6164 1
6164 1
6164 1
6203 1
6203 1
6203 1
6203 1
6203 1
6203 1
6203 1
6203 1
6203 1
6203 1
6203 1
6203 1
6203 1
6203 1
6203 1
6203 1
6203 1
6203 1
6203 1
6203 1
6203 1
11684 1
11684 1
11684 1
11684 1
11684 1
11684 1
11684 1
11684 1
11684 1
11684 1
11684 1
11684 1
11684 1
11684 1
11684 1
11684 1
11684 1
11684 1
11684 1
11684 1
11684 1
967 1
967 1
967 1
967 1
967 1
967 1
967 1
967 1
967 1
967 1
967 1
967 1
967 1
967 1
967 1
967 1
967 1
967 1
967 1
967 1
967 1
1024 1
1024 1
1024 1
1024 1
1024 1
1024 1
1024 1
1024 1
1024 1
1024 1
1024 1
1024 1
1024 1
1024 1
1024 1
1024 1
1024 1
1024 1
1024 1
1024 1
1024 1
1082 1
1082 1
1082 1
1082 1
1082 1
1082 1
1082 1
1082 1
1082 1
1082 1
1082 1
1082 1
1082 1
1082 1
1082 1
1082 1
1082 1
1082 1
1082 1
1082 1
1082 1
1150 1
1150 1
1150 1
1150 1
1150 1
1150 1
1150 1
1150 1
1150 1
1150 1
1150 1
1150 1
1150 1
1150 1
1150 1
1150 1
1150 1
1150 1
1150 1
1150 1
1150 1
1219 1
1219 1
1219 1
1219 1
1219 1
1219 1
1219 1
1219 1
1219 1
1219 1
1219 1
1219 1
1219 1
1219 1
1219 1
1219 1
1219 1
1219 1
1219 1
1219 1
1219 1
1714 1
1714 1
1714 1
1714 1
1714 1
1714 1
1714 1
1714 1
1714 1
1714 1
1714 1
1714 1
1714 1
1714 1
1714 1
1714 1
1714 1
1714 1
1714 1
1714 1
1714 1
2264 1
2264 1
2264 1
2264 1
2264 1
2264 1
2264 1
2264 1
2264 1
2264 1
2264 1
2264 1
2264 1
2264 1
2264 1
2264 1
2264 1
2264 1
2264 1
2264 1
2264 1
5157 1
5157 1
5157 1
5157 1
5157 1
5157 1
5157 1
5157 1
5157 1
5157 1
5157 1
5157 1
5157 1
5157 1
5157 1
5157 1
5157 1
5157 1
5157 1
5157 1
5157 1
5197 1
5197 1
5197 1
5197 1
5197 1
5197 1
5197 1
5197 1
5197 1
5197 1
5197 1
5197 1
5197 1
5197 1
5197 1
5197 1
5197 1
5197 1
5197 1
5197 1
5197 1
5274 1
5274 1
5274 1
5274 1
5274 1
5274 1
5274 1
5274 1
5274 1
5274 1
5274 1
5274 1
5274 1
5274 1
5274 1
5274 1
5274 1
5274 1
5274 1
5274 1
5274 1
5312 1
5312 1
5312 1
5312 1
5312 1
5312 1
5312 1
5312 1
5312 1
5312 1
5312 1
5312 1
5312 1
5312 1
5312 1
5312 1
5312 1
5312 1
5312 1
5312 1
5312 1
5541 1
5541 1
5541 1
5541 1
5541 1
5541 1
5541 1
5541 1
5541 1
5541 1
5541 1
5541 1
5541 1
5541 1
5541 1
5541 1
5541 1
5541 1
5541 1
5541 1
5541 1
5621 1
5621 1
5621 1
5621 1
5621 1
5621 1
5621 1
5621 1
5621 1
5621 1
5621 1
5621 1
5621 1
5621 1
5621 1
5621 1
5621 1
5621 1
5621 1
5621 1
5621 1
5661 1
5661 1
5661 1
5661 1
5661 1
5661 1
5661 1
5661 1
5661 1
5661 1
5661 1
5661 1
5661 1
5661 1
5661 1
5661 1
5661 1
5661 1
5661 1
5661 1
5661 1
5701 1
5701 1
5701 1
5701 1
5701 1
5701 1
5701 1
5701 1
5701 1
5701 1
5701 1
5701 1
5701 1
5701 1
5701 1
5701 1
5701 1
5701 1
5701 1
5701 1
5701 1
5822 1
5822 1
5822 1
5822 1
5822 1
5822 1
5822 1
5822 1
5822 1
5822 1
5822 1
5822 1
5822 1
5822 1
5822 1
5822 1
5822 1
5822 1
5822 1
5822 1
5822 1
5938 1
5938 1
5938 1
5938 1
5938 1
5938 1
5938 1
5938 1
5938 1
5938 1
5938 1
5938 1
5938 1
5938 1
5938 1
5938 1
5938 1
5938 1
5938 1
5938 1
5938 1
5978 1
5978 1
5978 1
5978 1
5978 1
5978 1
5978 1
5978 1
5978 1
5978 1
5978 1
5978 1
5978 1
5978 1
5978 1
5978 1
5978 1
5978 1
5978 1
5978 1
5978 1
6017 1
6017 1
6017 1
6017 1
6017 1
6017 1
6017 1
6017 1
6017 1
6017 1
6017 1
6017 1
6017 1
6017 1
6017 1
6017 1
6017 1
6017 1
6017 1
6017 1
6017 1
6328 1
6328 1
6328 1
6328 1
6328 1
6328 1
6328 1
6328 1
6328 1
6328 1
6328 1
6328 1
6328 1
6328 1
6328 1
6328 1
6328 1
6328 1
6328 1
6328 1
6328 1
11522 1
11522 1
11522 1
11522 1
11522 1
11522 1
11522 1
11522 1
11522 1
11522 1
11522 1
11522 1
11522 1
11522 1
11522 1
11522 1
11522 1
11522 1
11522 1
11522 1
11522 1
11685 1
11685 1
11685 1
11685 1
11685 1
11685 1
11685 1
11685 1
11685 1
11685 1
11685 1
11685 1
11685 1
11685 1
11685 1
11685 1
11685 1
11685 1
11685 1
11685 1
11685 1
12709 1
12709 1
12709 1
12709 1
12709 1
12709 1
12709 1
12709 1
12709 1
12709 1
12709 1
12709 1
12709 1
12709 1
12709 1
12709 1
12709 1
12709 1
12709 1
12709 1
12709 1
918 1
918 1
918 1
918 1
918 1
918 1
918 1
918 1
918 1
918 1
918 1
918 1
918 1
918 1
918 1
918 1
918 1
918 1
918 1
918 1
918 1
5158 1
5158 1
5158 1
5158 1
5158 1
5158 1
5158 1
5158 1
5158 1
5158 1
5158 1
5158 1
5158 1
5158 1
5158 1
5158 1
5158 1
5158 1
5158 1
5158 1
5158 1
5238 1
5238 1
5238 1
5238 1
5238 1
5238 1
5238 1
5238 1
5238 1
5238 1
5238 1
5238 1
5238 1
5238 1
5238 1
5238 1
5238 1
5238 1
5238 1
5238 1
5238 1
5351 1
5351 1
5351 1
5351 1
5351 1
5351 1
5351 1
5351 1
5351 1
5351 1
5351 1
5351 1
5351 1
5351 1
5351 1
5351 1
5351 1
5351 1
5351 1
5351 1
5351 1
5426 1
5426 1
5426 1
5426 1
5426 1
5426 1
5426 1
5426 1
5426 1
5426 1
5426 1
5426 1
5426 1
5426 1
5426 1
5426 1
5426 1
5426 1
5426 1
5426 1
5426 1
5464 1
5464 1
5464 1
5464 1
5464 1
5464 1
5464 1
5464 1
5464 1
5464 1
5464 1
5464 1
5464 1
5464 1
5464 1
5464 1
5464 1
5464 1
5464 1
5464 1
5464 1
5503 1
5503 1
5503 1
5503 1
5503 1
5503 1
5503 1
5503 1
5503 1
5503 1
5503 1
5503 1
5503 1
5503 1
5503 1
5503 1
5503 1
5503 1
5503 1
5503 1
5503 1
5542 1
5542 1
5542 1
5542 1
5542 1
5542 1
5542 1
5542 1
5542 1
5542 1
5542 1
5542 1
5542 1
5542 1
5542 1
5542 1
5542 1
5542 1
5542 1
5542 1
5542 1
5582 1
5582 1
5582 1
5582 1
5582 1
5582 1
5582 1
5582 1
5582 1
5582 1
5582 1
5582 1
5582 1
5582 1
5582 1
5582 1
5582 1
5582 1
5582 1
5582 1
5582 1
5622 1
5622 1
5622 1
5622 1
5622 1
5622 1
5622 1
5622 1
5622 1
5622 1
5622 1
5622 1
5622 1
5622 1
5622 1
5622 1
5622 1
5622 1
5622 1
5622 1
5622 1
5662 1
5662 1
5662 1
5662 1
5662 1
5662 1
5662 1
5662 1
5662 1
5662 1
5662 1
5662 1
5662 1
5662 1
5662 1
5662 1
5662 1
5662 1
5662 1
5662 1
5662 1
5702 1
5702 1
5702 1
5702 1
5702 1
5702 1
5702 1
5702 1
5702 1
5702 1
5702 1
5702 1
5702 1
5702 1
5702 1
5702 1
5702 1
5702 1
5702 1
5702 1
5702 1
5742 1
5742 1
5742 1
5742 1
5742 1
5742 1
5742 1
5742 1
5742 1
5742 1
5742 1
5742 1
5742 1
5742 1
5742 1
5742 1
5742 1
5742 1
5742 1
5742 1
5742 1
6018 1
6018 1
6018 1
6018 1
6018 1
6018 1
6018 1
6018 1
6018 1
6018 1
6018 1
6018 1
6018 1
6018 1
6018 1
6018 1
6018 1
6018 1
6018 1
6018 1
6018 1
6416 1
6416 1
6416 1
6416 1
6416 1
6416 1
6416 1
6416 1
6416 1
6416 1
6416 1
6416 1
6416 1
6416 1
6416 1
6416 1
6416 1
6416 1
6416 1
6416 1
6416 1
6783 1
6783 1
6783 1
6783 1
6783 1
6783 1
6783 1
6783 1
6783 1
6783 1
6783 1
6783 1
6783 1
6783 1
6783 1
6783 1
6783 1
6783 1
6783 1
6783 1
6783 1
6906 1
6906 1
6906 1
6906 1
6906 1
6906 1
6906 1
6906 1
6906 1
6906 1
6906 1
6906 1
6906 1
6906 1
6906 1
6906 1
6906 1
6906 1
6906 1
6906 1
6906 1
7041 1
7041 1
7041 1
7041 1
7041 1
7041 1
7041 1
7041 1
7041 1
7041 1
7041 1
7041 1
7041 1
7041 1
7041 1
7041 1
7041 1
7041 1
7041 1
7041 1
7041 1
11368 1
11368 1
11368 1
11368 1
11368 1
11368 1
11368 1
11368 1
11368 1
11368 1
11368 1
11368 1
11368 1
11368 1
11368 1
11368 1
11368 1
11368 1
11368 1
11368 1
11368 1
11523 1
11523 1
11523 1
11523 1
11523 1
11523 1
11523 1
11523 1
11523 1
11523 1
11523 1
11523 1
11523 1
11523 1
11523 1
11523 1
11523 1
11523 1
11523 1
11523 1
11523 1
12019 1
12019 1
12019 1
12019 1
12019 1
12019 1
12019 1
12019 1
12019 1
12019 1
12019 1
12019 1
12019 1
12019 1
12019 1
12019 1
12019 1
12019 1
12019 1
12019 1
12019 1
1152 1
1152 1
1152 1
1152 1
1152 1
1152 1
1152 1
1152 1
1152 1
1152 1
1152 1
1152 1
1152 1
1152 1
1152 1
1152 1
1152 1
1152 1
1152 1
1152 1
1152 1
1221 1
1221 1
1221 1
1221 1
1221 1
1221 1
1221 1
1221 1
1221 1
1221 1
1221 1
1221 1
1221 1
1221 1
1221 1
1221 1
1221 1
1221 1
1221 1
1221 1
1221 1
5314 1
5314 1
5314 1
5314 1
5314 1
5314 1
5314 1
5314 1
5314 1
5314 1
5314 1
5314 1
5314 1
5314 1
5314 1
5314 1
5314 1
5314 1
5314 1
5314 1
5314 1
5390 1
5390 1
5390 1
5390 1
5390 1
5390 1
5390 1
5390 1
5390 1
5390 1
5390 1
5390 1
5390 1
5390 1
5390 1
5390 1
5390 1
5390 1
5390 1
5390 1
5390 1
5427 1
5427 1
5427 1
5427 1
5427 1
5427 1
5427 1
5427 1
5427 1
5427 1
5427 1
5427 1
5427 1
5427 1
5427 1
5427 1
5427 1
5427 1
5427 1
5427 1
5427 1
5465 1
5465 1
5465 1
5465 1
5465 1
5465 1
5465 1
5465 1
5465 1
5465 1
5465 1
5465 1
5465 1
5465 1
5465 1
5465 1
5465 1
5465 1
5465 1
5465 1
5465 1
5504 1
5504 1
5504 1
5504 1
5504 1
5504 1
5504 1
5504 1
5504 1
5504 1
5504 1
5504 1
5504 1
5504 1
5504 1
5504 1
5504 1
5504 1
5504 1
5504 1
5504 1
5543 1
5543 1
5543 1
5543 1
5543 1
5543 1
5543 1
5543 1
5543 1
5543 1
5543 1
5543 1
5543 1
5543 1
5543 1
5543 1
5543 1
5543 1
5543 1
5543 1
5543 1
5583 1
5583 1
5583 1
5583 1
5583 1
5583 1
5583 1
5583 1
5583 1
5583 1
5583 1
5583 1
5583 1
5583 1
5583 1
5583 1
5583 1
5583 1
5583 1
5583 1
5583 1
5623 1
5623 1
5623 1
5623 1
5623 1
5623 1
5623 1
5623 1
5623 1
5623 1
5623 1
5623 1
5623 1
5623 1
5623 1
5623 1
5623 1
5623 1
5623 1
5623 1
5623 1
5663 1
5663 1
5663 1
5663 1
5663 1
5663 1
5663 1
5663 1
5663 1
5663 1
5663 1
5663 1
5663 1
5663 1
5663 1
5663 1
5663 1
5663 1
5663 1
5663 1
5663 1
5703 1
5703 1
5703 1
5703 1
5703 1
5703 1
5703 1
5703 1
5703 1
5703 1
5703 1
5703 1
5703 1
5703 1
5703 1
5703 1
5703 1
5703 1
5703 1
5703 1
5703 1
5743 1
5743 1
5743 1
5743 1
5743 1
5743 1
5743 1
5743 1
5743 1
5743 1
5743 1
5743 1
5743 1
5743 1
5743 1
5743 1
5743 1
5743 1
5743 1
5743 1
5743 1
5784 1
5784 1
5784 1
5784 1
5784 1
5784 1
5784 1
5784 1
5784 1
5784 1
5784 1
5784 1
5784 1
5784 1
5784 1
5784 1
5784 1
5784 1
5784 1
5784 1
5784 1
6055 1
6055 1
6055 1
6055 1
6055 1
6055 1
6055 1
6055 1
6055 1
6055 1
6055 1
6055 1
6055 1
6055 1
6055 1
6055 1
6055 1
6055 1
6055 1
6055 1
6055 1
7042 1
7042 1
7042 1
7042 1
7042 1
7042 1
7042 1
7042 1
7042 1
7042 1
7042 1
7042 1
7042 1
7042 1
7042 1
7042 1
7042 1
7042 1
7042 1
7042 1
7042 1
11216 1
11216 1
11216 1
11216 1
11216 1
11216 1
11216 1
11216 1
11216 1
11216 1
11216 1
11216 1
11216 1
11216 1
11216 1
11216 1
11216 1
11216 1
11216 1
11216 1
11216 1
11369 1
11369 1
11369 1
11369 1
11369 1
11369 1
11369 1
11369 1
11369 1
11369 1
11369 1
11369 1
11369 1
11369 1
11369 1
11369 1
11369 1
11369 1
11369 1
11369 1
11369 1
11524 1
11524 1
11524 1
11524 1
11524 1
11524 1
11524 1
11524 1
11524 1
11524 1
11524 1
11524 1
11524 1
11524 1
11524 1
11524 1
11524 1
11524 1
11524 1
11524 1
11524 1
12711 1
12711 1
12711 1
12711 1
12711 1
12711 1
12711 1
12711 1
12711 1
12711 1
12711 1
12711 1
12711 1
12711 1
12711 1
12711 1
12711 1
12711 1
12711 1
12711 1
12711 1
3640 1
3640 1
3640 1
3640 1
3640 1
3640 1
3640 1
3640 1
3640 1
3640 1
3640 1
3640 1
3640 1
3640 1
3640 1
3640 1
3640 1
3640 1
3640 1
3640 1
3640 1
4355 1
4355 1
4355 1
4355 1
4355 1
4355 1
4355 1
4355 1
4355 1
4355 1
4355 1
4355 1
4355 1
4355 1
4355 1
4355 1
4355 1
4355 1
4355 1
4355 1
4355 1
4397 1
4397 1
4397 1
4397 1
4397 1
4397 1
4397 1
4397 1
4397 1
4397 1
4397 1
4397 1
4397 1
4397 1
4397 1
4397 1
4397 1
4397 1
4397 1
4397 1
4397 1
4488 1
4488 1
4488 1
4488 1
4488 1
4488 1
4488 1
4488 1
4488 1
4488 1
4488 1
4488 1
4488 1
4488 1
4488 1
4488 1
4488 1
4488 1
4488 1
4488 1
4488 1
4514 1
4514 1
4514 1
4514 1
4514 1
4514 1
4514 1
4514 1
4514 1
4514 1
4514 1
4514 1
4514 1
4514 1
4514 1
4514 1
4514 1
4514 1
4514 1
4514 1
4514 1
4570 1
4570 1
4570 1
4570 1
4570 1
4570 1
4570 1
4570 1
4570 1
4570 1
4570 1
4570 1
4570 1
4570 1
4570 1
4570 1
4570 1
4570 1
4570 1
4570 1
4570 1
4599 1
4599 1
4599 1
4599 1
4599 1
4599 1
4599 1
4599 1
4599 1
4599 1
4599 1
4599 1
4599 1
4599 1
4599 1
4599 1
4599 1
4599 1
4599 1
4599 1
4599 1
4631 1
4631 1
4631 1
4631 1
4631 1
4631 1
4631 1
4631 1
4631 1
4631 1
4631 1
4631 1
4631 1
4631 1
4631 1
4631 1
4631 1
4631 1
4631 1
4631 1
4631 1
5544 1
5544 1
5544 1
5544 1
5544 1
5544 1
5544 1
5544 1
5544 1
5544 1
5544 1
5544 1
5544 1
5544 1
5544 1
5544 1
5544 1
5544 1
5544 1
5544 1
5544 1
5584 1
5584 1
5584 1
5584 1
5584 1
5584 1
5584 1
5584 1
5584 1
5584 1
5584 1
5584 1
5584 1
5584 1
5584 1
5584 1
5584 1
5584 1
5584 1
5584 1
5584 1
5624 1
5624 1
5624 1
5624 1
5624 1
5624 1
5624 1
5624 1
5624 1
5624 1
5624 1
5624 1
5624 1
5624 1
5624 1
5624 1
5624 1
5624 1
5624 1
5624 1
5624 1
5664 1
5664 1
5664 1
5664 1
5664 1
5664 1
5664 1
5664 1
5664 1
5664 1
5664 1
5664 1
5664 1
5664 1
5664 1
5664 1
5664 1
5664 1
5664 1
5664 1
5664 1
5704 1
5704 1
5704 1
5704 1
5704 1
5704 1
5704 1
5704 1
5704 1
5704 1
5704 1
5704 1
5704 1
5704 1
5704 1
5704 1
5704 1
5704 1
5704 1
5704 1
5704 1
5744 1
5744 1
5744 1
5744 1
5744 1
5744 1
5744 1
5744 1
5744 1
5744 1
5744 1
5744 1
5744 1
5744 1
5744 1
5744 1
5744 1
5744 1
5744 1
5744 1
5744 1
5785 1
5785 1
5785 1
5785 1
5785 1
5785 1
5785 1
5785 1
5785 1
5785 1
5785 1
5785 1
5785 1
5785 1
5785 1
5785 1
5785 1
5785 1
5785 1
5785 1
5785 1
5825 1
5825 1
5825 1
5825 1
5825 1
5825 1
5825 1
5825 1
5825 1
5825 1
5825 1
5825 1
5825 1
5825 1
5825 1
5825 1
5825 1
5825 1
5825 1
5825 1
5825 1
5863 1
5863 1
5863 1
5863 1
5863 1
5863 1
5863 1
5863 1
5863 1
5863 1
5863 1
5863 1
5863 1
5863 1
5863 1
5863 1
5863 1
5863 1
5863 1
5863 1
5863 1
5902 1
5902 1
5902 1
5902 1
5902 1
5902 1
5902 1
5902 1
5902 1
5902 1
5902 1
5902 1
5902 1
5902 1
5902 1
5902 1
5902 1
5902 1
5902 1
5902 1
5902 1
5941 1
5941 1
5941 1
5941 1
5941 1
5941 1
5941 1
5941 1
5941 1
5941 1
5941 1
5941 1
5941 1
5941 1
5941 1
5941 1
5941 1
5941 1
5941 1
5941 1
5941 1
6093 1
6093 1
6093 1
6093 1
6093 1
6093 1
6093 1
6093 1
6093 1
6093 1
6093 1
6093 1
6093 1
6093 1
6093 1
6093 1
6093 1
6093 1
6093 1
6093 1
6093 1
6130 1
6130 1
6130 1
6130 1
6130 1
6130 1
6130 1
6130 1
6130 1
6130 1
6130 1
6130 1
6130 1
6130 1
6130 1
6130 1
6130 1
6130 1
6130 1
6130 1
6130 1
6168 1
6168 1
6168 1
6168 1
6168 1
6168 1
6168 1
6168 1
6168 1
6168 1
6168 1
6168 1
6168 1
6168 1
6168 1
6168 1
6168 1
6168 1
6168 1
6168 1
6168 1
8191 1
8191 1
8191 1
8191 1
8191 1
8191 1
8191 1
8191 1
8191 1
8191 1
8191 1
8191 1
8191 1
8191 1
8191 1
8191 1
8191 1
8191 1
8191 1
8191 1
8191 1
10515 1
10515 1
10515 1
10515 1
10515 1
10515 1
10515 1
10515 1
10515 1
10515 1
10515 1
10515 1
10515 1
10515 1
10515 1
10515 1
10515 1
10515 1
10515 1
10515 1
10515 1
11217 1
11217 1
11217 1
11217 1
11217 1
11217 1
11217 1
11217 1
11217 1
11217 1
11217 1
11217 1
11217 1
11217 1
11217 1
11217 1
11217 1
11217 1
11217 1
11217 1
11217 1
11370 1
11370 1
11370 1
11370 1
11370 1
11370 1
11370 1
11370 1
11370 1
11370 1
11370 1
11370 1
11370 1
11370 1
11370 1
11370 1
11370 1
11370 1
11370 1
11370 1
11370 1
11525 1
11525 1
11525 1
11525 1
11525 1
11525 1
11525 1
11525 1
11525 1
11525 1
11525 1
11525 1
11525 1
11525 1
11525 1
11525 1
11525 1
11525 1
11525 1
11525 1
11525 1
11688 1
11688 1
11688 1
11688 1
11688 1
11688 1
11688 1
11688 1
11688 1
11688 1
11688 1
11688 1
11688 1
11688 1
11688 1
11688 1
11688 1
11688 1
11688 1
11688 1
11688 1
3682 1
3682 1
3682 1
3682 1
3682 1
3682 1
3682 1
3682 1
3682 1
3682 1
3682 1
3682 1
3682 1
3682 1
3682 1
3682 1
3682 1
3682 1
3682 1
3682 1
3682 1
4515 1
4515 1
4515 1
4515 1
4515 1
4515 1
4515 1
4515 1
4515 1
4515 1
4515 1
4515 1
4515 1
4515 1
4515 1
4515 1
4515 1
4515 1
4515 1
4515 1
4515 1
4600 1
4600 1
4600 1
4600 1
4600 1
4600 1
4600 1
4600 1
4600 1
4600 1
4600 1
4600 1
4600 1
4600 1
4600 1
4600 1
4600 1
4600 1
4600 1
4600 1
4600 1
4632 1
4632 1
4632 1
4632 1
4632 1
4632 1
4632 1
4632 1
4632 1
4632 1
4632 1
4632 1
4632 1
4632 1
4632 1
4632 1
4632 1
4632 1
4632 1
4632 1
4632 1
4662 1
4662 1
4662 1
4662 1
4662 1
4662 1
4662 1
4662 1
4662 1
4662 1
4662 1
4662 1
4662 1
4662 1
4662 1
4662 1
4662 1
4662 1
4662 1
4662 1
4662 1
5278 1
5278 1
5278 1
5278 1
5278 1
5278 1
5278 1
5278 1
5278 1
5278 1
5278 1
5278 1
5278 1
5278 1
5278 1
5278 1
5278 1
5278 1
5278 1
5278 1
5278 1
5585 1
5585 1
5585 1
5585 1
5585 1
5585 1
5585 1
5585 1
5585 1
5585 1
5585 1
5585 1
5585 1
5585 1
5585 1
5585 1
5585 1
5585 1
5585 1
5585 1
5585 1
5625 1
5625 1
5625 1
5625 1
5625 1
5625 1
5625 1
5625 1
5625 1
5625 1
5625 1
5625 1
5625 1
5625 1
5625 1
5625 1
5625 1
5625 1
5625 1
5625 1
5625 1
5705 1
5705 1
5705 1
5705 1
5705 1
5705 1
5705 1
5705 1
5705 1
5705 1
5705 1
5705 1
5705 1
5705 1
5705 1
5705 1
5705 1
5705 1
5705 1
5705 1
5705 1
5745 1
5745 1
5745 1
5745 1
5745 1
5745 1
5745 1
5745 1
5745 1
5745 1
5745 1
5745 1
5745 1
5745 1
5745 1
5745 1
5745 1
5745 1
5745 1
5745 1
5745 1
5786 1
5786 1
5786 1
5786 1
5786 1
5786 1
5786 1
5786 1
5786 1
5786 1
5786 1
5786 1
5786 1
5786 1
5786 1
5786 1
5786 1
5786 1
5786 1
5786 1
5786 1
5826 1
5826 1
5826 1
5826 1
5826 1
5826 1
5826 1
5826 1
5826 1
5826 1
5826 1
5826 1
5826 1
5826 1
5826 1
5826 1
5826 1
5826 1
5826 1
5826 1
5826 1
5864 1
5864 1
5864 1
5864 1
5864 1
5864 1
5864 1
5864 1
5864 1
5864 1
5864 1
5864 1
5864 1
5864 1
5864 1
5864 1
5864 1
5864 1
5864 1
5864 1
5864 1
5903 1
5903 1
5903 1
5903 1
5903 1
5903 1
5903 1
5903 1
5903 1
5903 1
5903 1
5903 1
5903 1
5903 1
5903 1
5903 1
5903 1
5903 1
5903 1
5903 1
5903 1
5942 1
5942 1
5942 1
5942 1
5942 1
5942 1
5942 1
5942 1
5942 1
5942 1
5942 1
5942 1
5942 1
5942 1
5942 1
5942 1
5942 1
5942 1
5942 1
5942 1
5942 1
5982 1
5982 1
5982 1
5982 1
5982 1
5982 1
5982 1
5982 1
5982 1
5982 1
5982 1
5982 1
5982 1
5982 1
5982 1
5982 1
5982 1
5982 1
5982 1
5982 1
5982 1
7044 1
7044 1
7044 1
7044 1
7044 1
7044 1
7044 1
7044 1
7044 1
7044 1
7044 1
7044 1
7044 1
7044 1
7044 1
7044 1
7044 1
7044 1
7044 1
7044 1
7044 1
7115 1
7115 1
7115 1
7115 1
7115 1
7115 1
7115 1
7115 1
7115 1
7115 1
7115 1
7115 1
7115 1
7115 1
7115 1
7115 1
7115 1
7115 1
7115 1
7115 1
7115 1
7188 1
7188 1
7188 1
7188 1
7188 1
7188 1
7188 1
7188 1
7188 1
7188 1
7188 1
7188 1
7188 1
7188 1
7188 1
7188 1
7188 1
7188 1
7188 1
7188 1
7188 1
11073 1
11073 1
11073 1
11073 1
11073 1
11073 1
11073 1
11073 1
11073 1
11073 1
11073 1
11073 1
11073 1
11073 1
11073 1
11073 1
11073 1
11073 1
11073 1
11073 1
11073 1
11218 1
11218 1
11218 1
11218 1
11218 1
11218 1
11218 1
11218 1
11218 1
11218 1
11218 1
11218 1
11218 1
11218 1
11218 1
11218 1
11218 1
11218 1
11218 1
11218 1
11218 1
11371 1
11371 1
11371 1
11371 1
11371 1
11371 1
11371 1
11371 1
11371 1
11371 1
11371 1
11371 1
11371 1
11371 1
11371 1
11371 1
11371 1
11371 1
11371 1
11371 1
11371 1
4063 1
4063 1
4063 1
4063 1
4063 1
4063 1
4063 1
4063 1
4063 1
4063 1
4063 1
4063 1
4063 1
4063 1
4063 1
4063 1
4063 1
4063 1
4063 1
4063 1
4063 1
4258 1
4258 1
4258 1
4258 1
4258 1
4258 1
4258 1
4258 1
4258 1
4258 1
4258 1
4258 1
4258 1
4258 1
4258 1
4258 1
4258 1
4258 1
4258 1
4258 1
4258 1
4307 1
4307 1
4307 1
4307 1
4307 1
4307 1
4307 1
4307 1
4307 1
4307 1
4307 1
4307 1
4307 1
4307 1
4307 1
4307 1
4307 1
4307 1
4307 1
4307 1
4307 1
4601 1
4601 1
4601 1
4601 1
4601 1
4601 1
4601 1
4601 1
4601 1
4601 1
4601 1
4601 1
4601 1
4601 1
4601 1
4601 1
4601 1
4601 1
4601 1
4601 1
4601 1
4633 1
4633 1
4633 1
4633 1
4633 1
4633 1
4633 1
4633 1
4633 1
4633 1
4633 1
4633 1
4633 1
4633 1
4633 1
4633 1
4633 1
4633 1
4633 1
4633 1
4633 1
5706 1
5706 1
5706 1
5706 1
5706 1
5706 1
5706 1
5706 1
5706 1
5706 1
5706 1
5706 1
5706 1
5706 1
5706 1
5706 1
5706 1
5706 1
5706 1
5706 1
5706 1
5746 1
5746 1
5746 1
5746 1
5746 1
5746 1
5746 1
5746 1
5746 1
5746 1
5746 1
5746 1
5746 1
5746 1
5746 1
5746 1
5746 1
5746 1
5746 1
5746 1
5746 1
5787 1
5787 1
5787 1
5787 1
5787 1
5787 1
5787 1
5787 1
5787 1
5787 1
5787 1
5787 1
5787 1
5787 1
5787 1
5787 1
5787 1
5787 1
5787 1
5787 1
5787 1
5827 1
5827 1
5827 1
5827 1
5827 1
5827 1
5827 1
5827 1
5827 1
5827 1
5827 1
5827 1
5827 1
5827 1
5827 1
5827 1
5827 1
5827 1
5827 1
5827 1
5827 1
5865 1
5865 1
5865 1
5865 1
5865 1
5865 1
5865 1
5865 1
5865 1
5865 1
5865 1
5865 1
5865 1
5865 1
5865 1
5865 1
5865 1
5865 1
5865 1
5865 1
5865 1
5904 1
5904 1
5904 1
5904 1
5904 1
5904 1
5904 1
5904 1
5904 1
5904 1
5904 1
5904 1
5904 1
5904 1
5904 1
5904 1
5904 1
5904 1
5904 1
5904 1
5904 1
5943 1
5943 1
5943 1
5943 1
5943 1
5943 1
5943 1
5943 1
5943 1
5943 1
5943 1
5943 1
5943 1
5943 1
5943 1
5943 1
5943 1
5943 1
5943 1
5943 1
5943 1
5983 1
5983 1
5983 1
5983 1
5983 1
5983 1
5983 1
5983 1
5983 1
5983 1
5983 1
5983 1
5983 1
5983 1
5983 1
5983 1
5983 1
5983 1
5983 1
5983 1
5983 1
6022 1
6022 1
6022 1
6022 1
6022 1
6022 1
6022 1
6022 1
6022 1
6022 1
6022 1
6022 1
6022 1
6022 1
6022 1
6022 1
6022 1
6022 1
6022 1
6022 1
6022 1
6058 1
6058 1
6058 1
6058 1
6058 1
6058 1
6058 1
6058 1
6058 1
6058 1
6058 1
6058 1
6058 1
6058 1
6058 1
6058 1
6058 1
6058 1
6058 1
6058 1
6058 1
6095 1
6095 1
6095 1
6095 1
6095 1
6095 1
6095 1
6095 1
6095 1
6095 1
6095 1
6095 1
6095 1
6095 1
6095 1
6095 1
6095 1
6095 1
6095 1
6095 1
6095 1
8193 1
8193 1
8193 1
8193 1
8193 1
8193 1
8193 1
8193 1
8193 1
8193 1
8193 1
8193 1
8193 1
8193 1
8193 1
8193 1
8193 1
8193 1
8193 1
8193 1
8193 1
8669 1
8669 1
8669 1
8669 1
8669 1
8669 1
8669 1
8669 1
8669 1
8669 1
8669 1
8669 1
8669 1
8669 1
8669 1
8669 1
8669 1
8669 1
8669 1
8669 1
8669 1
9399 1
9399 1
9399 1
9399 1
9399 1
9399 1
9399 1
9399 1
9399 1
9399 1
9399 1
9399 1
9399 1
9399 1
9399 1
9399 1
9399 1
9399 1
9399 1
9399 1
9399 1
10934 1
10934 1
10934 1
10934 1
10934 1
10934 1
10934 1
10934 1
10934 1
10934 1
10934 1
10934 1
10934 1
10934 1
10934 1
10934 1
10934 1
10934 1
10934 1
10934 1
10934 1
11074 1
11074 1
11074 1
11074 1
11074 1
11074 1
11074 1
11074 1
11074 1
11074 1
11074 1
11074 1
11074 1
11074 1
11074 1
11074 1
11074 1
11074 1
11074 1
11074 1
11074 1
11219 1
11219 1
11219 1
11219 1
11219 1
11219 1
11219 1
11219 1
11219 1
11219 1
11219 1
11219 1
11219 1
11219 1
11219 1
11219 1
11219 1
11219 1
11219 1
11219 1
11219 1
11372 1
11372 1
11372 1
11372 1
11372 1
11372 1
11372 1
11372 1
11372 1
11372 1
11372 1
11372 1
11372 1
11372 1
11372 1
11372 1
11372 1
11372 1
11372 1
11372 1
11372 1
4340 1
4340 1
4340 1
4340 1
4340 1
4340 1
4340 1
4340 1
4340 1
4340 1
4340 1
4340 1
4340 1
4340 1
4340 1
4340 1
4340 1
4340 1
4340 1
4340 1
4340 1
4602 1
4602 1
4602 1
4602 1
4602 1
4602 1
4602 1
4602 1
4602 1
4602 1
4602 1
4602 1
4602 1
4602 1
4602 1
4602 1
4602 1
4602 1
4602 1
4602 1
4602 1
4664 1
4664 1
4664 1
4664 1
4664 1
4664 1
4664 1
4664 1
4664 1
4664 1
4664 1
4664 1
4664 1
4664 1
4664 1
4664 1
4664 1
4664 1
4664 1
4664 1
4664 1
5828 1
5828 1
5828 1
5828 1
5828 1
5828 1
5828 1
5828 1
5828 1
5828 1
5828 1
5828 1
5828 1
5828 1
5828 1
5828 1
5828 1
5828 1
5828 1
5828 1
5828 1
5866 1
5866 1
5866 1
5866 1
5866 1
5866 1
5866 1
5866 1
5866 1
5866 1
5866 1
5866 1
5866 1
5866 1
5866 1
5866 1
5866 1
5866 1
5866 1
5866 1
5866 1
5905 1
5905 1
5905 1
5905 1
5905 1
5905 1
5905 1
5905 1
5905 1
5905 1
5905 1
5905 1
5905 1
5905 1
5905 1
5905 1
5905 1
5905 1
5905 1
5905 1
5905 1
5944 1
5944 1
5944 1
5944 1
5944 1
5944 1
5944 1
5944 1
5944 1
5944 1
5944 1
5944 1
5944 1
5944 1
5944 1
5944 1
5944 1
5944 1
5944 1
5944 1
5944 1
5984 1
5984 1
5984 1
5984 1
5984 1
5984 1
5984 1
5984 1
5984 1
5984 1
5984 1
5984 1
5984 1
5984 1
5984 1
5984 1
5984 1
5984 1
5984 1
5984 1
5984 1
6023 1
6023 1
6023 1
6023 1
6023 1
6023 1
6023 1
6023 1
6023 1
6023 1
6023 1
6023 1
6023 1
6023 1
6023 1
6023 1
6023 1
6023 1
6023 1
6023 1
6023 1
6059 1
6059 1
6059 1
6059 1
6059 1
6059 1
6059 1
6059 1
6059 1
6059 1
6059 1
6059 1
6059 1
6059 1
6059 1
6059 1
6059 1
6059 1
6059 1
6059 1
6059 1
6291 1
6291 1
6291 1
6291 1
6291 1
6291 1
6291 1
6291 1
6291 1
6291 1
6291 1
6291 1
6291 1
6291 1
6291 1
6291 1
6291 1
6291 1
6291 1
6291 1
6291 1
10935 1
10935 1
10935 1
10935 1
10935 1
10935 1
10935 1
10935 1
10935 1
10935 1
10935 1
10935 1
10935 1
10935 1
10935 1
10935 1
10935 1
10935 1
10935 1
10935 1
10935 1
11373 1
11373 1
11373 1
11373 1
11373 1
11373 1
11373 1
11373 1
11373 1
11373 1
11373 1
11373 1
11373 1
11373 1
11373 1
11373 1
11373 1
11373 1
11373 1
11373 1
11373 1
11528 1
11528 1
11528 1
11528 1
11528 1
11528 1
11528 1
11528 1
11528 1
11528 1
11528 1
11528 1
11528 1
11528 1
11528 1
11528 1
11528 1
11528 1
11528 1
11528 1
11528 1
4695 1
4695 1
4695 1
4695 1
4695 1
4695 1
4695 1
4695 1
4695 1
4695 1
4695 1
4695 1
4695 1
4695 1
4695 1
4695 1
4695 1
4695 1
4695 1
4695 1
4695 1
4756 1
4756 1
4756 1
4756 1
4756 1
4756 1
4756 1
4756 1
4756 1
4756 1
4756 1
4756 1
4756 1
4756 1
4756 1
4756 1
4756 1
4756 1
4756 1
4756 1
4756 1
5867 1
5867 1
5867 1
5867 1
5867 1
5867 1
5867 1
5867 1
5867 1
5867 1
5867 1
5867 1
5867 1
5867 1
5867 1
5867 1
5867 1
5867 1
5867 1
5867 1
5867 1
5906 1
5906 1
5906 1
5906 1
5906 1
5906 1
5906 1
5906 1
5906 1
5906 1
5906 1
5906 1
5906 1
5906 1
5906 1
5906 1
5906 1
5906 1
5906 1
5906 1
5906 1
5945 1
5945 1
5945 1
5945 1
5945 1
5945 1
5945 1
5945 1
5945 1
5945 1
5945 1
5945 1
5945 1
5945 1
5945 1
5945 1
5945 1
5945 1
5945 1
5945 1
5945 1
5985 1
5985 1
5985 1
5985 1
5985 1
5985 1
5985 1
5985 1
5985 1
5985 1
5985 1
5985 1
5985 1
5985 1
5985 1
5985 1
5985 1
5985 1
5985 1
5985 1
5985 1
6024 1
6024 1
6024 1
6024 1
6024 1
6024 1
6024 1
6024 1
6024 1
6024 1
6024 1
6024 1
6024 1
6024 1
6024 1
6024 1
6024 1
6024 1
6024 1
6024 1
6024 1
6134 1
6134 1
6134 1
6134 1
6134 1
6134 1
6134 1
6134 1
6134 1
6134 1
6134 1
6134 1
6134 1
6134 1
6134 1
6134 1
6134 1
6134 1
6134 1
6134 1
6134 1
8549 1
8549 1
8549 1
8549 1
8549 1
8549 1
8549 1
8549 1
8549 1
8549 1
8549 1
8549 1
8549 1
8549 1
8549 1
8549 1
8549 1
8549 1
8549 1
8549 1
8549 1
10265 1
10265 1
10265 1
10265 1
10265 1
10265 1
10265 1
10265 1
10265 1
10265 1
10265 1
10265 1
10265 1
10265 1
10265 1
10265 1
10265 1
10265 1
10265 1
10265 1
10265 1
10936 1
10936 1
10936 1
10936 1
10936 1
10936 1
10936 1
10936 1
10936 1
10936 1
10936 1
10936 1
10936 1
10936 1
10936 1
10936 1
10936 1
10936 1
10936 1
10936 1
10936 1
11076 1
11076 1
11076 1
11076 1
11076 1
11076 1
11076 1
11076 1
11076 1
11076 1
11076 1
11076 1
11076 1
11076 1
11076 1
11076 1
11076 1
11076 1
11076 1
11076 1
11076 1
11221 1
11221 1
11221 1
11221 1
11221 1
11221 1
11221 1
11221 1
11221 1
11221 1
11221 1
11221 1
11221 1
11221 1
11221 1
11221 1
11221 1
11221 1
11221 1
11221 1
11221 1
11692 1
11692 1
11692 1
11692 1
11692 1
11692 1
11692 1
11692 1
11692 1
11692 1
11692 1
11692 1
11692 1
11692 1
11692 1
11692 1
11692 1
11692 1
11692 1
11692 1
11692 1
12025 1
12025 1
12025 1
12025 1
12025 1
12025 1
12025 1
12025 1
12025 1
12025 1
12025 1
12025 1
12025 1
12025 1
12025 1
12025 1
12025 1
12025 1
12025 1
12025 1
12025 1
2180 1
2180 1
2180 1
2180 1
2180 1
2180 1
2180 1
2180 1
2180 1
2180 1
2180 1
2180 1
2180 1
2180 1
2180 1
2180 1
2180 1
2180 1
2180 1
2180 1
2180 1
4757 1
4757 1
4757 1
4757 1
4757 1
4757 1
4757 1
4757 1
4757 1
4757 1
4757 1
4757 1
4757 1
4757 1
4757 1
4757 1
4757 1
4757 1
4757 1
4757 1
4757 1
4825 1
4825 1
4825 1
4825 1
4825 1
4825 1
4825 1
4825 1
4825 1
4825 1
4825 1
4825 1
4825 1
4825 1
4825 1
4825 1
4825 1
4825 1
4825 1
4825 1
4825 1
5083 1
5083 1
5083 1
5083 1
5083 1
5083 1
5083 1
5083 1
5083 1
5083 1
5083 1
5083 1
5083 1
5083 1
5083 1
5083 1
5083 1
5083 1
5083 1
5083 1
5083 1
5868 1
5868 1
5868 1
5868 1
5868 1
5868 1
5868 1
5868 1
5868 1
5868 1
5868 1
5868 1
5868 1
5868 1
5868 1
5868 1
5868 1
5868 1
5868 1
5868 1
5868 1
5907 1
5907 1
5907 1
5907 1
5907 1
5907 1
5907 1
5907 1
5907 1
5907 1
5907 1
5907 1
5907 1
5907 1
5907 1
5907 1
5907 1
5907 1
5907 1
5907 1
5907 1
5986 1
5986 1
5986 1
5986 1
5986 1
5986 1
5986 1
5986 1
5986 1
5986 1
5986 1
5986 1
5986 1
5986 1
5986 1
5986 1
5986 1
5986 1
5986 1
5986 1
5986 1
6025 1
6025 1
6025 1
6025 1
6025 1
6025 1
6025 1
6025 1
6025 1
6025 1
6025 1
6025 1
6025 1
6025 1
6025 1
6025 1
6025 1
6025 1
6025 1
6025 1
6025 1
6061 1
6061 1
6061 1
6061 1
6061 1
6061 1
6061 1
6061 1
6061 1
6061 1
6061 1
6061 1
6061 1
6061 1
6061 1
6061 1
6061 1
6061 1
6061 1
6061 1
6061 1
6135 1
6135 1
6135 1
6135 1
6135 1
6135 1
6135 1
6135 1
6135 1
6135 1
6135 1
6135 1
6135 1
6135 1
6135 1
6135 1
6135 1
6135 1
6135 1
6135 1
6135 1
10792 1
10792 1
10792 1
10792 1
10792 1
10792 1
10792 1
10792 1
10792 1
10792 1
10792 1
10792 1
10792 1
10792 1
10792 1
10792 1
10792 1
10792 1
10792 1
10792 1
10792 1
10937 1
10937 1
10937 1
10937 1
10937 1
10937 1
10937 1
10937 1
10937 1
10937 1
10937 1
10937 1
10937 1
10937 1
10937 1
10937 1
10937 1
10937 1
10937 1
10937 1
10937 1
11077 1
11077 1
11077 1
11077 1
11077 1
11077 1
11077 1
11077 1
11077 1
11077 1
11077 1
11077 1
11077 1
11077 1
11077 1
11077 1
11077 1
11077 1
11077 1
11077 1
11077 1
11222 1
11222 1
11222 1
11222 1
11222 1
11222 1
11222 1
11222 1
11222 1
11222 1
11222 1
11222 1
11222 1
11222 1
11222 1
11222 1
11222 1
11222 1
11222 1
11222 1
11222 1
11375 1
11375 1
11375 1
11375 1
11375 1
11375 1
11375 1
11375 1
11375 1
11375 1
11375 1
11375 1
11375 1
11375 1
11375 1
11375 1
11375 1
11375 1
11375 1
11375 1
11375 1
11530 1
11530 1
11530 1
11530 1
11530 1
11530 1
11530 1
11530 1
11530 1
11530 1
11530 1
11530 1
11530 1
11530 1
11530 1
11530 1
11530 1
11530 1
11530 1
11530 1
11530 1
11693 1
11693 1
11693 1
11693 1
11693 1
11693 1
11693 1
11693 1
11693 1
11693 1
11693 1
11693 1
11693 1
11693 1
11693 1
11693 1
11693 1
11693 1
11693 1
11693 1
11693 1
4758 1
4758 1
4758 1
4758 1
4758 1
4758 1
4758 1
4758 1
4758 1
4758 1
4758 1
4758 1
4758 1
4758 1
4758 1
4758 1
4758 1
4758 1
4758 1
4758 1
4758 1
4789 1
4789 1
4789 1
4789 1
4789 1
4789 1
4789 1
4789 1
4789 1
4789 1
4789 1
4789 1
4789 1
4789 1
4789 1
4789 1
4789 1
4789 1
4789 1
4789 1
4789 1
5084 1
5084 1
5084 1
5084 1
5084 1
5084 1
5084 1
5084 1
5084 1
5084 1
5084 1
5084 1
5084 1
5084 1
5084 1
5084 1
5084 1
5084 1
5084 1
5084 1
5084 1
5987 1
5987 1
5987 1
5987 1
5987 1
5987 1
5987 1
5987 1
5987 1
5987 1
5987 1
5987 1
5987 1
5987 1
5987 1
5987 1
5987 1
5987 1
5987 1
5987 1
5987 1
6026 1
6026 1
6026 1
6026 1
6026 1
6026 1
6026 1
6026 1
6026 1
6026 1
6026 1
6026 1
6026 1
6026 1
6026 1
6026 1
6026 1
6026 1
6026 1
6026 1
6026 1
6062 1
6062 1
6062 1
6062 1
6062 1
6062 1
6062 1
6062 1
6062 1
6062 1
6062 1
6062 1
6062 1
6062 1
6062 1
6062 1
6062 1
6062 1
6062 1
6062 1
6062 1
6136 1
6136 1
6136 1
6136 1
6136 1
6136 1
6136 1
6136 1
6136 1
6136 1
6136 1
6136 1
6136 1
6136 1
6136 1
6136 1
6136 1
6136 1
6136 1
6136 1
6136 1
6174 1
6174 1
6174 1
6174 1
6174 1
6174 1
6174 1
6174 1
6174 1
6174 1
6174 1
6174 1
6174 1
6174 1
6174 1
6174 1
6174 1
6174 1
6174 1
6174 1
6174 1
9156 1
9156 1
9156 1
9156 1
9156 1
9156 1
9156 1
9156 1
9156 1
9156 1
9156 1
9156 1
9156 1
9156 1
9156 1
9156 1
9156 1
9156 1
9156 1
9156 1
9156 1
10653 1
10653 1
10653 1
10653 1
10653 1
10653 1
10653 1
10653 1
10653 1
10653 1
10653 1
10653 1
10653 1
10653 1
10653 1
10653 1
10653 1
10653 1
10653 1
10653 1
10653 1
10793 1
10793 1
10793 1
10793 1
10793 1
10793 1
10793 1
10793 1
10793 1
10793 1
10793 1
10793 1
10793 1
10793 1
10793 1
10793 1
10793 1
10793 1
10793 1
10793 1
10793 1
10938 1
10938 1
10938 1
10938 1
10938 1
10938 1
10938 1
10938 1
10938 1
10938 1
10938 1
10938 1
10938 1
10938 1
10938 1
10938 1
10938 1
10938 1
10938 1
10938 1
10938 1
11078 1
11078 1
11078 1
11078 1
11078 1
11078 1
11078 1
11078 1
11078 1
11078 1
11078 1
11078 1
11078 1
11078 1
11078 1
11078 1
11078 1
11078 1
11078 1
11078 1
11078 1
11223 1
11223 1
11223 1
11223 1
11223 1
11223 1
11223 1
11223 1
11223 1
11223 1
11223 1
11223 1
11223 1
11223 1
11223 1
11223 1
11223 1
11223 1
11223 1
11223 1
11223 1
11376 1
11376 1
11376 1
11376 1
11376 1
11376 1
11376 1
11376 1
11376 1
11376 1
11376 1
11376 1
11376 1
11376 1
11376 1
11376 1
11376 1
11376 1
11376 1
11376 1
11376 1
11531 1
11531 1
11531 1
11531 1
11531 1
11531 1
11531 1
11531 1
11531 1
11531 1
11531 1
11531 1
11531 1
11531 1
11531 1
11531 1
11531 1
11531 1
11531 1
11531 1
11531 1
11694 1
11694 1
11694 1
11694 1
11694 1
11694 1
11694 1
11694 1
11694 1
11694 1
11694 1
11694 1
11694 1
11694 1
11694 1
11694 1
11694 1
11694 1
11694 1
11694 1
11694 1
11858 1
11858 1
11858 1
11858 1
11858 1
11858 1
11858 1
11858 1
11858 1
11858 1
11858 1
11858 1
11858 1
11858 1
11858 1
11858 1
11858 1
11858 1
11858 1
11858 1
11858 1
4521 1
4521 1
4521 1
4521 1
4521 1
4521 1
4521 1
4521 1
4521 1
4521 1
4521 1
4521 1
4521 1
4521 1
4521 1
4521 1
4521 1
4521 1
4521 1
4521 1
4521 1
4698 1
4698 1
4698 1
4698 1
4698 1
4698 1
4698 1
4698 1
4698 1
4698 1
4698 1
4698 1
4698 1
4698 1
4698 1
4698 1
4698 1
4698 1
4698 1
4698 1
4698 1
4759 1
4759 1
4759 1
4759 1
4759 1
4759 1
4759 1
4759 1
4759 1
4759 1
4759 1
4759 1
4759 1
4759 1
4759 1
4759 1
4759 1
4759 1
4759 1
4759 1
4759 1
4907 1
4907 1
4907 1
4907 1
4907 1
4907 1
4907 1
4907 1
4907 1
4907 1
4907 1
4907 1
4907 1
4907 1
4907 1
4907 1
4907 1
4907 1
4907 1
4907 1
4907 1
5042 1
5042 1
5042 1
5042 1
5042 1
5042 1
5042 1
5042 1
5042 1
5042 1
5042 1
5042 1
5042 1
5042 1
5042 1
5042 1
5042 1
5042 1
5042 1
5042 1
5042 1
5085 1
5085 1
5085 1
5085 1
5085 1
5085 1
5085 1
5085 1
5085 1
5085 1
5085 1
5085 1
5085 1
5085 1
5085 1
5085 1
5085 1
5085 1
5085 1
5085 1
5085 1
6063 1
6063 1
6063 1
6063 1
6063 1
6063 1
6063 1
6063 1
6063 1
6063 1
6063 1
6063 1
6063 1
6063 1
6063 1
6063 1
6063 1
6063 1
6063 1
6063 1
6063 1
6137 1
6137 1
6137 1
6137 1
6137 1
6137 1
6137 1
6137 1
6137 1
6137 1
6137 1
6137 1
6137 1
6137 1
6137 1
6137 1
6137 1
6137 1
6137 1
6137 1
6137 1
6175 1
6175 1
6175 1
6175 1
6175 1
6175 1
6175 1
6175 1
6175 1
6175 1
6175 1
6175 1
6175 1
6175 1
6175 1
6175 1
6175 1
6175 1
6175 1
6175 1
6175 1
6381 1
6381 1
6381 1
6381 1
6381 1
6381 1
6381 1
6381 1
6381 1
6381 1
6381 1
6381 1
6381 1
6381 1
6381 1
6381 1
6381 1
6381 1
6381 1
6381 1
6381 1
10522 1
10522 1
10522 1
10522 1
10522 1
10522 1
10522 1
10522 1
10522 1
10522 1
10522 1
10522 1
10522 1
10522 1
10522 1
10522 1
10522 1
10522 1
10522 1
10522 1
10522 1
10654 1
10654 1
10654 1
10654 1
10654 1
10654 1
10654 1
10654 1
10654 1
10654 1
10654 1
10654 1
10654 1
10654 1
10654 1
10654 1
10654 1
10654 1
10654 1
10654 1
10654 1
10794 1
10794 1
10794 1
10794 1
10794 1
10794 1
10794 1
10794 1
10794 1
10794 1
10794 1
10794 1
10794 1
10794 1
10794 1
10794 1
10794 1
10794 1
10794 1
10794 1
10794 1
10939 1
10939 1
10939 1
10939 1
10939 1
10939 1
10939 1
10939 1
10939 1
10939 1
10939 1
10939 1
10939 1
10939 1
10939 1
10939 1
10939 1
10939 1
10939 1
10939 1
10939 1
11079 1
11079 1
11079 1
11079 1
11079 1
11079 1
11079 1
11079 1
11079 1
11079 1
11079 1
11079 1
11079 1
11079 1
11079 1
11079 1
11079 1
11079 1
11079 1
11079 1
11079 1
11224 1
11224 1
11224 1
11224 1
11224 1
11224 1
11224 1
11224 1
11224 1
11224 1
11224 1
11224 1
11224 1
11224 1
11224 1
11224 1
11224 1
11224 1
11224 1
11224 1
11224 1
11377 1
11377 1
11377 1
11377 1
11377 1
11377 1
11377 1
11377 1
11377 1
11377 1
11377 1
11377 1
11377 1
11377 1
11377 1
11377 1
11377 1
11377 1
11377 1
11377 1
11377 1
11532 1
11532 1
11532 1
11532 1
11532 1
11532 1
11532 1
11532 1
11532 1
11532 1
11532 1
11532 1
11532 1
11532 1
11532 1
11532 1
11532 1
11532 1
11532 1
11532 1
11532 1
11695 1
11695 1
11695 1
11695 1
11695 1
11695 1
11695 1
11695 1
11695 1
11695 1
11695 1
11695 1
11695 1
11695 1
11695 1
11695 1
11695 1
11695 1
11695 1
11695 1
11695 1
11859 1
11859 1
11859 1
11859 1
11859 1
11859 1
11859 1
11859 1
11859 1
11859 1
11859 1
11859 1
11859 1
11859 1
11859 1
11859 1
11859 1
11859 1
11859 1
11859 1
11859 1
28259 1
28259 1
28259 1
28259 1
28259 1
28259 1
28259 1
28259 1
28259 1
28259 1
28259 1
28259 1
28259 1
28259 1
28259 1
28259 1
28259 1
28259 1
28259 1
28259 1
28259 1
4729 1
4729 1
4729 1
4729 1
4729 1
4729 1
4729 1
4729 1
4729 1
4729 1
4729 1
4729 1
4729 1
4729 1
4729 1
4729 1
4729 1
4729 1
4729 1
4729 1
4729 1
4760 1
4760 1
4760 1
4760 1
4760 1
4760 1
4760 1
4760 1
4760 1
4760 1
4760 1
4760 1
4760 1
4760 1
4760 1
4760 1
4760 1
4760 1
4760 1
4760 1
4760 1
5086 1
5086 1
5086 1
5086 1
5086 1
5086 1
5086 1
5086 1
5086 1
5086 1
5086 1
5086 1
5086 1
5086 1
5086 1
5086 1
5086 1
5086 1
5086 1
5086 1
5086 1
5871 1
5871 1
5871 1
5871 1
5871 1
5871 1
5871 1
5871 1
5871 1
5871 1
5871 1
5871 1
5871 1
5871 1
5871 1
5871 1
5871 1
5871 1
5871 1
5871 1
5871 1
5910 1
5910 1
5910 1
5910 1
5910 1
5910 1
5910 1
5910 1
5910 1
5910 1
5910 1
5910 1
5910 1
5910 1
5910 1
5910 1
5910 1
5910 1
5910 1
5910 1
5910 1
5949 1
5949 1
5949 1
5949 1
5949 1
5949 1
5949 1
5949 1
5949 1
5949 1
5949 1
5949 1
5949 1
5949 1
5949 1
5949 1
5949 1
5949 1
5949 1
5949 1
5949 1
5989 1
5989 1
5989 1
5989 1
5989 1
5989 1
5989 1
5989 1
5989 1
5989 1
5989 1
5989 1
5989 1
5989 1
5989 1
5989 1
5989 1
5989 1
5989 1
5989 1
5989 1
6028 1
6028 1
6028 1
6028 1
6028 1
6028 1
6028 1
6028 1
6028 1
6028 1
6028 1
6028 1
6028 1
6028 1
6028 1
6028 1
6028 1
6028 1
6028 1
6028 1
6028 1
6064 1
6064 1
6064 1
6064 1
6064 1
6064 1
6064 1
6064 1
6064 1
6064 1
6064 1
6064 1
6064 1
6064 1
6064 1
6064 1
6064 1
6064 1
6064 1
6064 1
6064 1
6176 1
6176 1
6176 1
6176 1
6176 1
6176 1
6176 1
6176 1
6176 1
6176 1
6176 1
6176 1
6176 1
6176 1
6176 1
6176 1
6176 1
6176 1
6176 1
6176 1
6176 1
7122 1
7122 1
7122 1
7122 1
7122 1
7122 1
7122 1
7122 1
7122 1
7122 1
7122 1
7122 1
7122 1
7122 1
7122 1
7122 1
7122 1
7122 1
7122 1
7122 1
7122 1
7195 1
7195 1
7195 1
7195 1
7195 1
7195 1
7195 1
7195 1
7195 1
7195 1
7195 1
7195 1
7195 1
7195 1
7195 1
7195 1
7195 1
7195 1
7195 1
7195 1
7195 1
7270 1
7270 1
7270 1
7270 1
7270 1
7270 1
7270 1
7270 1
7270 1
7270 1
7270 1
7270 1
7270 1
7270 1
7270 1
7270 1
7270 1
7270 1
7270 1
7270 1
7270 1
7344 1
7344 1
7344 1
7344 1
7344 1
7344 1
7344 1
7344 1
7344 1
7344 1
7344 1
7344 1
7344 1
7344 1
7344 1
7344 1
7344 1
7344 1
7344 1
7344 1
7344 1
7422 1
7422 1
7422 1
7422 1
7422 1
7422 1
7422 1
7422 1
7422 1
7422 1
7422 1
7422 1
7422 1
7422 1
7422 1
7422 1
7422 1
7422 1
7422 1
7422 1
7422 1
7504 1
7504 1
7504 1
7504 1
7504 1
7504 1
7504 1
7504 1
7504 1
7504 1
7504 1
7504 1
7504 1
7504 1
7504 1
7504 1
7504 1
7504 1
7504 1
7504 1
7504 1
7592 1
7592 1
7592 1
7592 1
7592 1
7592 1
7592 1
7592 1
7592 1
7592 1
7592 1
7592 1
7592 1
7592 1
7592 1
7592 1
7592 1
7592 1
7592 1
7592 1
7592 1
7684 1
7684 1
7684 1
7684 1
7684 1
7684 1
7684 1
7684 1
7684 1
7684 1
7684 1
7684 1
7684 1
7684 1
7684 1
7684 1
7684 1
7684 1
7684 1
7684 1
7684 1
7779 1
7779 1
7779 1
7779 1
7779 1
7779 1
7779 1
7779 1
7779 1
7779 1
7779 1
7779 1
7779 1
7779 1
7779 1
7779 1
7779 1
7779 1
7779 1
7779 1
7779 1
7875 1
7875 1
7875 1
7875 1
7875 1
7875 1
7875 1
7875 1
7875 1
7875 1
7875 1
7875 1
7875 1
7875 1
7875 1
7875 1
7875 1
7875 1
7875 1
7875 1
7875 1
7980 1
7980 1
7980 1
7980 1
7980 1
7980 1
7980 1
7980 1
7980 1
7980 1
7980 1
7980 1
7980 1
7980 1
7980 1
7980 1
7980 1
7980 1
7980 1
7980 1
7980 1
8088 1
8088 1
8088 1
8088 1
8088 1
8088 1
8088 1
8088 1
8088 1
8088 1
8088 1
8088 1
8088 1
8088 1
8088 1
8088 1
8088 1
8088 1
8088 1
8088 1
8088 1
8315 1
8315 1
8315 1
8315 1
8315 1
8315 1
8315 1
8315 1
8315 1
8315 1
8315 1
8315 1
8315 1
8315 1
8315 1
8315 1
8315 1
8315 1
8315 1
8315 1
8315 1
10523 1
10523 1
10523 1
10523 1
10523 1
10523 1
10523 1
10523 1
10523 1
10523 1
10523 1
10523 1
10523 1
10523 1
10523 1
10523 1
10523 1
10523 1
10523 1
10523 1
10523 1
10655 1
10655 1
10655 1
10655 1
10655 1
10655 1
10655 1
10655 1
10655 1
10655 1
10655 1
10655 1
10655 1
10655 1
10655 1
10655 1
10655 1
10655 1
10655 1
10655 1
10655 1
10795 1
10795 1
10795 1
10795 1
10795 1
10795 1
10795 1
10795 1
10795 1
10795 1
10795 1
10795 1
10795 1
10795 1
10795 1
10795 1
10795 1
10795 1
10795 1
10795 1
10795 1
10940 1
10940 1
10940 1
10940 1
10940 1
10940 1
10940 1
10940 1
10940 1
10940 1
10940 1
10940 1
10940 1
10940 1
10940 1
10940 1
10940 1
10940 1
10940 1
10940 1
10940 1
11080 1
11080 1
11080 1
11080 1
11080 1
11080 1
11080 1
11080 1
11080 1
11080 1
11080 1
11080 1
11080 1
11080 1
11080 1
11080 1
11080 1
11080 1
11080 1
11080 1
11080 1
11225 1
11225 1
11225 1
11225 1
11225 1
11225 1
11225 1
11225 1
11225 1
11225 1
11225 1
11225 1
11225 1
11225 1
11225 1
11225 1
11225 1
11225 1
11225 1
11225 1
11225 1
11378 1
11378 1
11378 1
11378 1
11378 1
11378 1
11378 1
11378 1
11378 1
11378 1
11378 1
11378 1
11378 1
11378 1
11378 1
11378 1
11378 1
11378 1
11378 1
11378 1
11378 1
11533 1
11533 1
11533 1
11533 1
11533 1
11533 1
11533 1
11533 1
11533 1
11533 1
11533 1
11533 1
11533 1
11533 1
11533 1
11533 1
11533 1
11533 1
11533 1
11533 1
11533 1
11696 1
11696 1
11696 1
11696 1
11696 1
11696 1
11696 1
11696 1
11696 1
11696 1
11696 1
11696 1
11696 1
11696 1
11696 1
11696 1
11696 1
11696 1
11696 1
11696 1
11696 1
2184 1
2184 1
2184 1
2184 1
2184 1
2184 1
2184 1
2184 1
2184 1
2184 1
2184 1
2184 1
2184 1
2184 1
2184 1
2184 1
2184 1
2184 1
2184 1
2184 1
2184 1
2273 1
2273 1
2273 1
2273 1
2273 1
2273 1
2273 1
2273 1
2273 1
2273 1
2273 1
2273 1
2273 1
2273 1
2273 1
2273 1
2273 1
2273 1
2273 1
2273 1
2273 1
4449 1
4449 1
4449 1
4449 1
4449 1
4449 1
4449 1
4449 1
4449 1
4449 1
4449 1
4449 1
4449 1
4449 1
4449 1
4449 1
4449 1
4449 1
4449 1
4449 1
4449 1
4579 1
4579 1
4579 1
4579 1
4579 1
4579 1
4579 1
4579 1
4579 1
4579 1
4579 1
4579 1
4579 1
4579 1
4579 1
4579 1
4579 1
4579 1
4579 1
4579 1
4579 1
5872 1
5872 1
5872 1
5872 1
5872 1
5872 1
5872 1
5872 1
5872 1
5872 1
5872 1
5872 1
5872 1
5872 1
5872 1
5872 1
5872 1
5872 1
5872 1
5872 1
5872 1
5911 1
5911 1
5911 1
5911 1
5911 1
5911 1
5911 1
5911 1
5911 1
5911 1
5911 1
5911 1
5911 1
5911 1
5911 1
5911 1
5911 1
5911 1
5911 1
5911 1
5911 1
5950 1
5950 1
5950 1
5950 1
5950 1
5950 1
5950 1
5950 1
5950 1
5950 1
5950 1
5950 1
5950 1
5950 1
5950 1
5950 1
5950 1
5950 1
5950 1
5950 1
5950 1
5990 1
5990 1
5990 1
5990 1
5990 1
5990 1
5990 1
5990 1
5990 1
5990 1
5990 1
5990 1
5990 1
5990 1
5990 1
5990 1
5990 1
5990 1
5990 1
5990 1
5990 1
6029 1
6029 1
6029 1
6029 1
6029 1
6029 1
6029 1
6029 1
6029 1
6029 1
6029 1
6029 1
6029 1
6029 1
6029 1
6029 1
6029 1
6029 1
6029 1
6029 1
6029 1
6065 1
6065 1
6065 1
6065 1
6065 1
6065 1
6065 1
6065 1
6065 1
6065 1
6065 1
6065 1
6065 1
6065 1
6065 1
6065 1
6065 1
6065 1
6065 1
6065 1
6065 1
6139 1
6139 1
6139 1
6139 1
6139 1
6139 1
6139 1
6139 1
6139 1
6139 1
6139 1
6139 1
6139 1
6139 1
6139 1
6139 1
6139 1
6139 1
6139 1
6139 1
6139 1
6297 1
6297 1
6297 1
6297 1
6297 1
6297 1
6297 1
6297 1
6297 1
6297 1
6297 1
6297 1
6297 1
6297 1
6297 1
6297 1
6297 1
6297 1
6297 1
6297 1
6297 1
6917 1
6917 1
6917 1
6917 1
6917 1
6917 1
6917 1
6917 1
6917 1
6917 1
6917 1
6917 1
6917 1
6917 1
6917 1
6917 1
6917 1
6917 1
6917 1
6917 1
6917 1
7196 1
7196 1
7196 1
7196 1
7196 1
7196 1
7196 1
7196 1
7196 1
7196 1
7196 1
7196 1
7196 1
7196 1
7196 1
7196 1
7196 1
7196 1
7196 1
7196 1
7196 1
7271 1
7271 1
7271 1
7271 1
7271 1
7271 1
7271 1
7271 1
7271 1
7271 1
7271 1
7271 1
7271 1
7271 1
7271 1
7271 1
7271 1
7271 1
7271 1
7271 1
7271 1
7345 1
7345 1
7345 1
7345 1
7345 1
7345 1
7345 1
7345 1
7345 1
7345 1
7345 1
7345 1
7345 1
7345 1
7345 1
7345 1
7345 1
7345 1
7345 1
7345 1
7345 1
7423 1
7423 1
7423 1
7423 1
7423 1
7423 1
7423 1
7423 1
7423 1
7423 1
7423 1
7423 1
7423 1
7423 1
7423 1
7423 1
7423 1
7423 1
7423 1
7423 1
7423 1
7505 1
7505 1
7505 1
7505 1
7505 1
7505 1
7505 1
7505 1
7505 1
7505 1
7505 1
7505 1
7505 1
7505 1
7505 1
7505 1
7505 1
7505 1
7505 1
7505 1
7505 1
7593 1
7593 1
7593 1
7593 1
7593 1
7593 1
7593 1
7593 1
7593 1
7593 1
7593 1
7593 1
7593 1
7593 1
7593 1
7593 1
7593 1
7593 1
7593 1
7593 1
7593 1
7685 1
7685 1
7685 1
7685 1
7685 1
7685 1
7685 1
7685 1
7685 1
7685 1
7685 1
7685 1
7685 1
7685 1
7685 1
7685 1
7685 1
7685 1
7685 1
7685 1
7685 1
7780 1
7780 1
7780 1
7780 1
7780 1
7780 1
7780 1
7780 1
7780 1
7780 1
7780 1
7780 1
7780 1
7780 1
7780 1
7780 1
7780 1
7780 1
7780 1
7780 1
7780 1
7876 1
7876 1
7876 1
7876 1
7876 1
7876 1
7876 1
7876 1
7876 1
7876 1
7876 1
7876 1
7876 1
7876 1
7876 1
7876 1
7876 1
7876 1
7876 1
7876 1
7876 1
7981 1
7981 1
7981 1
7981 1
7981 1
7981 1
7981 1
7981 1
7981 1
7981 1
7981 1
7981 1
7981 1
7981 1
7981 1
7981 1
7981 1
7981 1
7981 1
7981 1
7981 1
8089 1
8089 1
8089 1
8089 1
8089 1
8089 1
8089 1
8089 1
8089 1
8089 1
8089 1
8089 1
8089 1
8089 1
8089 1
8089 1
8089 1
8089 1
8089 1
8089 1
8089 1
8200 1
8200 1
8200 1
8200 1
8200 1
8200 1
8200 1
8200 1
8200 1
8200 1
8200 1
8200 1
8200 1
8200 1
8200 1
8200 1
8200 1
8200 1
8200 1
8200 1
8200 1
8316 1
8316 1
8316 1
8316 1
8316 1
8316 1
8316 1
8316 1
8316 1
8316 1
8316 1
8316 1
8316 1
8316 1
8316 1
8316 1
8316 1
8316 1
8316 1
8316 1
8316 1
8433 1
8433 1
8433 1
8433 1
8433 1
8433 1
8433 1
8433 1
8433 1
8433 1
8433 1
8433 1
8433 1
8433 1
8433 1
8433 1
8433 1
8433 1
8433 1
8433 1
8433 1
10524 1
10524 1
10524 1
10524 1
10524 1
10524 1
10524 1
10524 1
10524 1
10524 1
10524 1
10524 1
10524 1
10524 1
10524 1
10524 1
10524 1
10524 1
10524 1
10524 1
10524 1
11081 1
11081 1
11081 1
11081 1
11081 1
11081 1
11081 1
11081 1
11081 1
11081 1
11081 1
11081 1
11081 1
11081 1
11081 1
11081 1
11081 1
11081 1
11081 1
11081 1
11081 1
11226 1
11226 1
11226 1
11226 1
11226 1
11226 1
11226 1
11226 1
11226 1
11226 1
11226 1
11226 1
11226 1
11226 1
11226 1
11226 1
11226 1
11226 1
11226 1
11226 1
11226 1
11379 1
11379 1
11379 1
11379 1
11379 1
11379 1
11379 1
11379 1
11379 1
11379 1
11379 1
11379 1
11379 1
11379 1
11379 1
11379 1
11379 1
11379 1
11379 1
11379 1
11379 1
11534 1
11534 1
11534 1
11534 1
11534 1
11534 1
11534 1
11534 1
11534 1
11534 1
11534 1
11534 1
11534 1
11534 1
11534 1
11534 1
11534 1
11534 1
11534 1
11534 1
11534 1
4141 1
4141 1
4141 1
4141 1
4141 1
4141 1
4141 1
4141 1
4141 1
4141 1
4141 1
4141 1
4141 1
4141 1
4141 1
4141 1
4141 1
4141 1
4141 1
4141 1
4141 1
4498 1
4498 1
4498 1
4498 1
4498 1
4498 1
4498 1
4498 1
4498 1
4498 1
4498 1
4498 1
4498 1
4498 1
4498 1
4498 1
4498 1
4498 1
4498 1
4498 1
4498 1
5873 1
5873 1
5873 1
5873 1
5873 1
5873 1
5873 1
5873 1
5873 1
5873 1
5873 1
5873 1
5873 1
5873 1
5873 1
5873 1
5873 1
5873 1
5873 1
5873 1
5873 1
5991 1
5991 1
5991 1
5991 1
5991 1
5991 1
5991 1
5991 1
5991 1
5991 1
5991 1
5991 1
5991 1
5991 1
5991 1
5991 1
5991 1
5991 1
5991 1
5991 1
5991 1
6030 1
6030 1
6030 1
6030 1
6030 1
6030 1
6030 1
6030 1
6030 1
6030 1
6030 1
6030 1
6030 1
6030 1
6030 1
6030 1
6030 1
6030 1
6030 1
6030 1
6030 1
6103 1
6103 1
6103 1
6103 1
6103 1
6103 1
6103 1
6103 1
6103 1
6103 1
6103 1
6103 1
6103 1
6103 1
6103 1
6103 1
6103 1
6103 1
6103 1
6103 1
6103 1
6217 1
6217 1
6217 1
6217 1
6217 1
6217 1
6217 1
6217 1
6217 1
6217 1
6217 1
6217 1
6217 1
6217 1
6217 1
6217 1
6217 1
6217 1
6217 1
6217 1
6217 1
7272 1
7272 1
7272 1
7272 1
7272 1
7272 1
7272 1
7272 1
7272 1
7272 1
7272 1
7272 1
7272 1
7272 1
7272 1
7272 1
7272 1
7272 1
7272 1
7272 1
7272 1
7877 1
7877 1
7877 1
7877 1
7877 1
7877 1
7877 1
7877 1
7877 1
7877 1
7877 1
7877 1
7877 1
7877 1
7877 1
7877 1
7877 1
7877 1
7877 1
7877 1
7877 1
7982 1
7982 1
7982 1
7982 1
7982 1
7982 1
7982 1
7982 1
7982 1
7982 1
7982 1
7982 1
7982 1
7982 1
7982 1
7982 1
7982 1
7982 1
7982 1
7982 1
7982 1
8090 1
8090 1
8090 1
8090 1
8090 1
8090 1
8090 1
8090 1
8090 1
8090 1
8090 1
8090 1
8090 1
8090 1
8090 1
8090 1
8090 1
8090 1
8090 1
8090 1
8090 1
8201 1
8201 1
8201 1
8201 1
8201 1
8201 1
8201 1
8201 1
8201 1
8201 1
8201 1
8201 1
8201 1
8201 1
8201 1
8201 1
8201 1
8201 1
8201 1
8201 1
8201 1
8317 1
8317 1
8317 1
8317 1
8317 1
8317 1
8317 1
8317 1
8317 1
8317 1
8317 1
8317 1
8317 1
8317 1
8317 1
8317 1
8317 1
8317 1
8317 1
8317 1
8317 1
8555 1
8555 1
8555 1
8555 1
8555 1
8555 1
8555 1
8555 1
8555 1
8555 1
8555 1
8555 1
8555 1
8555 1
8555 1
8555 1
8555 1
8555 1
8555 1
8555 1
8555 1
8677 1
8677 1
8677 1
8677 1
8677 1
8677 1
8677 1
8677 1
8677 1
8677 1
8677 1
8677 1
8677 1
8677 1
8677 1
8677 1
8677 1
8677 1
8677 1
8677 1
8677 1
8801 1
8801 1
8801 1
8801 1
8801 1
8801 1
8801 1
8801 1
8801 1
8801 1
8801 1
8801 1
8801 1
8801 1
8801 1
8801 1
8801 1
8801 1
8801 1
8801 1
8801 1
8923 1
8923 1
8923 1
8923 1
8923 1
8923 1
8923 1
8923 1
8923 1
8923 1
8923 1
8923 1
8923 1
8923 1
8923 1
8923 1
8923 1
8923 1
8923 1
8923 1
8923 1
9041 1
9041 1
9041 1
9041 1
9041 1
9041 1
9041 1
9041 1
9041 1
9041 1
9041 1
9041 1
9041 1
9041 1
9041 1
9041 1
9041 1
9041 1
9041 1
9041 1
9041 1
9789 1
9789 1
9789 1
9789 1
9789 1
9789 1
9789 1
9789 1
9789 1
9789 1
9789 1
9789 1
9789 1
9789 1
9789 1
9789 1
9789 1
9789 1
9789 1
9789 1
9789 1
10029 1
10029 1
10029 1
10029 1
10029 1
10029 1
10029 1
10029 1
10029 1
10029 1
10029 1
10029 1
10029 1
10029 1
10029 1
10029 1
10029 1
10029 1
10029 1
10029 1
10029 1
10525 1
10525 1
10525 1
10525 1
10525 1
10525 1
10525 1
10525 1
10525 1
10525 1
10525 1
10525 1
10525 1
10525 1
10525 1
10525 1
10525 1
10525 1
10525 1
10525 1
10525 1
10797 1
10797 1
10797 1
10797 1
10797 1
10797 1
10797 1
10797 1
10797 1
10797 1
10797 1
10797 1
10797 1
10797 1
10797 1
10797 1
10797 1
10797 1
10797 1
10797 1
10797 1
11082 1
11082 1
11082 1
11082 1
11082 1
11082 1
11082 1
11082 1
11082 1
11082 1
11082 1
11082 1
11082 1
11082 1
11082 1
11082 1
11082 1
11082 1
11082 1
11082 1
11082 1
11227 1
11227 1
11227 1
11227 1
11227 1
11227 1
11227 1
11227 1
11227 1
11227 1
11227 1
11227 1
11227 1
11227 1
11227 1
11227 1
11227 1
11227 1
11227 1
11227 1
11227 1
11380 1
11380 1
11380 1
11380 1
11380 1
11380 1
11380 1
11380 1
11380 1
11380 1
11380 1
11380 1
11380 1
11380 1
11380 1
11380 1
11380 1
11380 1
11380 1
11380 1
11380 1
11535 1
11535 1
11535 1
11535 1
11535 1
11535 1
11535 1
11535 1
11535 1
11535 1
11535 1
11535 1
11535 1
11535 1
11535 1
11535 1
11535 1
11535 1
11535 1
11535 1
11535 1
2090 1
2090 1
2090 1
2090 1
2090 1
2090 1
2090 1
2090 1
2090 1
2090 1
2090 1
2090 1
2090 1
2090 1
2090 1
2090 1
2090 1
2090 1
2090 1
2090 1
2090 1
2186 1
2186 1
2186 1
2186 1
2186 1
2186 1
2186 1
2186 1
2186 1
2186 1
2186 1
2186 1
2186 1
2186 1
2186 1
2186 1
2186 1
2186 1
2186 1
2186 1
2186 1
4955 1
4955 1
4955 1
4955 1
4955 1
4955 1
4955 1
4955 1
4955 1
4955 1
4955 1
4955 1
4955 1
4955 1
4955 1
4955 1
4955 1
4955 1
4955 1
4955 1
4955 1
5874 1
5874 1
5874 1
5874 1
5874 1
5874 1
5874 1
5874 1
5874 1
5874 1
5874 1
5874 1
5874 1
5874 1
5874 1
5874 1
5874 1
5874 1
5874 1
5874 1
5874 1
5952 1
5952 1
5952 1
5952 1
5952 1
5952 1
5952 1
5952 1
5952 1
5952 1
5952 1
5952 1
5952 1
5952 1
5952 1
5952 1
5952 1
5952 1
5952 1
5952 1
5952 1
5992 1
5992 1
5992 1
5992 1
5992 1
5992 1
5992 1
5992 1
5992 1
5992 1
5992 1
5992 1
5992 1
5992 1
5992 1
5992 1
5992 1
5992 1
5992 1
5992 1
5992 1
6141 1
6141 1
6141 1
6141 1
6141 1
6141 1
6141 1
6141 1
6141 1
6141 1
6141 1
6141 1
6141 1
6141 1
6141 1
6141 1
6141 1
6141 1
6141 1
6141 1
6141 1
7198 1
7198 1
7198 1
7198 1
7198 1
7198 1
7198 1
7198 1
7198 1
7198 1
7198 1
7198 1
7198 1
7198 1
7198 1
7198 1
7198 1
7198 1
7198 1
7198 1
7198 1
8091 1
8091 1
8091 1
8091 1
8091 1
8091 1
8091 1
8091 1
8091 1
8091 1
8091 1
8091 1
8091 1
8091 1
8091 1
8091 1
8091 1
8091 1
8091 1
8091 1
8091 1
8202 1
8202 1
8202 1
8202 1
8202 1
8202 1
8202 1
8202 1
8202 1
8202 1
8202 1
8202 1
8202 1
8202 1
8202 1
8202 1
8202 1
8202 1
8202 1
8202 1
8202 1
8318 1
8318 1
8318 1
8318 1
8318 1
8318 1
8318 1
8318 1
8318 1
8318 1
8318 1
8318 1
8318 1
8318 1
8318 1
8318 1
8318 1
8318 1
8318 1
8318 1
8318 1
8435 1
8435 1
8435 1
8435 1
8435 1
8435 1
8435 1
8435 1
8435 1
8435 1
8435 1
8435 1
8435 1
8435 1
8435 1
8435 1
8435 1
8435 1
8435 1
8435 1
8435 1
8556 1
8556 1
8556 1
8556 1
8556 1
8556 1
8556 1
8556 1
8556 1
8556 1
8556 1
8556 1
8556 1
8556 1
8556 1
8556 1
8556 1
8556 1
8556 1
8556 1
8556 1
8802 1
8802 1
8802 1
8802 1
8802 1
8802 1
8802 1
8802 1
8802 1
8802 1
8802 1
8802 1
8802 1
8802 1
8802 1
8802 1
8802 1
8802 1
8802 1
8802 1
8802 1
8924 1
8924 1
8924 1
8924 1
8924 1
8924 1
8924 1
8924 1
8924 1
8924 1
8924 1
8924 1
8924 1
8924 1
8924 1
8924 1
8924 1
8924 1
8924 1
8924 1
8924 1
9042 1
9042 1
9042 1
9042 1
9042 1
9042 1
9042 1
9042 1
9042 1
9042 1
9042 1
9042 1
9042 1
9042 1
9042 1
9042 1
9042 1
9042 1
9042 1
9042 1
9042 1
9790 1
9790 1
9790 1
9790 1
9790 1
9790 1
9790 1
9790 1
9790 1
9790 1
9790 1
9790 1
9790 1
9790 1
9790 1
9790 1
9790 1
9790 1
9790 1
9790 1
9790 1
9912 1
9912 1
9912 1
9912 1
9912 1
9912 1
9912 1
9912 1
9912 1
9912 1
9912 1
9912 1
9912 1
9912 1
9912 1
9912 1
9912 1
9912 1
9912 1
9912 1
9912 1
10151 1
10151 1
10151 1
10151 1
10151 1
10151 1
10151 1
10151 1
10151 1
10151 1
10151 1
10151 1
10151 1
10151 1
10151 1
10151 1
10151 1
10151 1
10151 1
10151 1
10151 1
10272 1
10272 1
10272 1
10272 1
10272 1
10272 1
10272 1
10272 1
10272 1
10272 1
10272 1
10272 1
10272 1
10272 1
10272 1
10272 1
10272 1
10272 1
10272 1
10272 1
10272 1
10400 1
10400 1
10400 1
10400 1
10400 1
10400 1
10400 1
10400 1
10400 1
10400 1
10400 1
10400 1
10400 1
10400 1
10400 1
10400 1
10400 1
10400 1
10400 1
10400 1
10400 1
10526 1
10526 1
10526 1
10526 1
10526 1
10526 1
10526 1
10526 1
10526 1
10526 1
10526 1
10526 1
10526 1
10526 1
10526 1
10526 1
10526 1
10526 1
10526 1
10526 1
10526 1
10658 1
10658 1
10658 1
10658 1
10658 1
10658 1
10658 1
10658 1
10658 1
10658 1
10658 1
10658 1
10658 1
10658 1
10658 1
10658 1
10658 1
10658 1
10658 1
10658 1
10658 1
10798 1
10798 1
10798 1
10798 1
10798 1
10798 1
10798 1
10798 1
10798 1
10798 1
10798 1
10798 1
10798 1
10798 1
10798 1
10798 1
10798 1
10798 1
10798 1
10798 1
10798 1
10943 1
10943 1
10943 1
10943 1
10943 1
10943 1
10943 1
10943 1
10943 1
10943 1
10943 1
10943 1
10943 1
10943 1
10943 1
10943 1
10943 1
10943 1
10943 1
10943 1
10943 1
11381 1
11381 1
11381 1
11381 1
11381 1
11381 1
11381 1
11381 1
11381 1
11381 1
11381 1
11381 1
11381 1
11381 1
11381 1
11381 1
11381 1
11381 1
11381 1
11381 1
11381 1
1997 1
1997 1
1997 1
1997 1
1997 1
1997 1
1997 1
1997 1
1997 1
1997 1
1997 1
1997 1
1997 1
1997 1
1997 1
1997 1
1997 1
1997 1
1997 1
1997 1
1997 1
5001 1
5001 1
5001 1
5001 1
5001 1
5001 1
5001 1
5001 1
5001 1
5001 1
5001 1
5001 1
5001 1
5001 1
5001 1
5001 1
5001 1
5001 1
5001 1
5001 1
5001 1
5090 1
5090 1
5090 1
5090 1
5090 1
5090 1
5090 1
5090 1
5090 1
5090 1
5090 1
5090 1
5090 1
5090 1
5090 1
5090 1
5090 1
5090 1
5090 1
5090 1
5090 1
5132 1
5132 1
5132 1
5132 1
5132 1
5132 1
5132 1
5132 1
5132 1
5132 1
5132 1
5132 1
5132 1
5132 1
5132 1
5132 1
5132 1
5132 1
5132 1
5132 1
5132 1
5172 1
5172 1
5172 1
5172 1
5172 1
5172 1
5172 1
5172 1
5172 1
5172 1
5172 1
5172 1
5172 1
5172 1
5172 1
5172 1
5172 1
5172 1
5172 1
5172 1
5172 1
5209 1
5209 1
5209 1
5209 1
5209 1
5209 1
5209 1
5209 1
5209 1
5209 1
5209 1
5209 1
5209 1
5209 1
5209 1
5209 1
5209 1
5209 1
5209 1
5209 1
5209 1
6105 1
6105 1
6105 1
6105 1
6105 1
6105 1
6105 1
6105 1
6105 1
6105 1
6105 1
6105 1
6105 1
6105 1
6105 1
6105 1
6105 1
6105 1
6105 1
6105 1
6105 1
8319 1
8319 1
8319 1
8319 1
8319 1
8319 1
8319 1
8319 1
8319 1
8319 1
8319 1
8319 1
8319 1
8319 1
8319 1
8319 1
8319 1
8319 1
8319 1
8319 1
8319 1
8436 1
8436 1
8436 1
8436 1
8436 1
8436 1
8436 1
8436 1
8436 1
8436 1
8436 1
8436 1
8436 1
8436 1
8436 1
8436 1
8436 1
8436 1
8436 1
8436 1
8436 1
8557 1
8557 1
8557 1
8557 1
8557 1
8557 1
8557 1
8557 1
8557 1
8557 1
8557 1
8557 1
8557 1
8557 1
8557 1
8557 1
8557 1
8557 1
8557 1
8557 1
8557 1
8679 1
8679 1
8679 1
8679 1
8679 1
8679 1
8679 1
8679 1
8679 1
8679 1
8679 1
8679 1
8679 1
8679 1
8679 1
8679 1
8679 1
8679 1
8679 1
8679 1
8679 1
8925 1
8925 1
8925 1
8925 1
8925 1
8925 1
8925 1
8925 1
8925 1
8925 1
8925 1
8925 1
8925 1
8925 1
8925 1
8925 1
8925 1
8925 1
8925 1
8925 1
8925 1
9043 1
9043 1
9043 1
9043 1
9043 1
9043 1
9043 1
9043 1
9043 1
9043 1
9043 1
9043 1
9043 1
9043 1
9043 1
9043 1
9043 1
9043 1
9043 1
9043 1
9043 1
10031 1
10031 1
10031 1
10031 1
10031 1
10031 1
10031 1
10031 1
10031 1
10031 1
10031 1
10031 1
10031 1
10031 1
10031 1
10031 1
10031 1
10031 1
10031 1
10031 1
10031 1
10152 1
10152 1
10152 1
10152 1
10152 1
10152 1
10152 1
10152 1
10152 1
10152 1
10152 1
10152 1
10152 1
10152 1
10152 1
10152 1
10152 1
10152 1
10152 1
10152 1
10152 1
10273 1
10273 1
10273 1
10273 1
10273 1
10273 1
10273 1
10273 1
10273 1
10273 1
10273 1
10273 1
10273 1
10273 1
10273 1
10273 1
10273 1
10273 1
10273 1
10273 1
10273 1
10401 1
10401 1
10401 1
10401 1
10401 1
10401 1
10401 1
10401 1
10401 1
10401 1
10401 1
10401 1
10401 1
10401 1
10401 1
10401 1
10401 1
10401 1
10401 1
10401 1
10401 1
10527 1
10527 1
10527 1
10527 1
10527 1
10527 1
10527 1
10527 1
10527 1
10527 1
10527 1
10527 1
10527 1
10527 1
10527 1
10527 1
10527 1
10527 1
10527 1
10527 1
10527 1
10659 1
10659 1
10659 1
10659 1
10659 1
10659 1
10659 1
10659 1
10659 1
10659 1
10659 1
10659 1
10659 1
10659 1
10659 1
10659 1
10659 1
10659 1
10659 1
10659 1
10659 1
10799 1
10799 1
10799 1
10799 1
10799 1
10799 1
10799 1
10799 1
10799 1
10799 1
10799 1
10799 1
10799 1
10799 1
10799 1
10799 1
10799 1
10799 1
10799 1
10799 1
10799 1
10944 1
10944 1
10944 1
10944 1
10944 1
10944 1
10944 1
10944 1
10944 1
10944 1
10944 1
10944 1
10944 1
10944 1
10944 1
10944 1
10944 1
10944 1
10944 1
10944 1
10944 1
11229 1
11229 1
11229 1
11229 1
11229 1
11229 1
11229 1
11229 1
11229 1
11229 1
11229 1
11229 1
11229 1
11229 1
11229 1
11229 1
11229 1
11229 1
11229 1
11229 1
11229 1
1905 1
1905 1
1905 1
1905 1
1905 1
1905 1
1905 1
1905 1
1905 1
1905 1
1905 1
1905 1
1905 1
1905 1
1905 1
1905 1
1905 1
1905 1
1905 1
1905 1
1905 1
4177 1
4177 1
4177 1
4177 1
4177 1
4177 1
4177 1
4177 1
4177 1
4177 1
4177 1
4177 1
4177 1
4177 1
4177 1
4177 1
4177 1
4177 1
4177 1
4177 1
4177 1
5133 1
5133 1
5133 1
5133 1
5133 1
5133 1
5133 1
5133 1
5133 1
5133 1
5133 1
5133 1
5133 1
5133 1
5133 1
5133 1
5133 1
5133 1
5133 1
5133 1
5133 1
5173 1
5173 1
5173 1
5173 1
5173 1
5173 1
5173 1
5173 1
5173 1
5173 1
5173 1
5173 1
5173 1
5173 1
5173 1
5173 1
5173 1
5173 1
5173 1
5173 1
5173 1
5210 1
5210 1
5210 1
5210 1
5210 1
5210 1
5210 1
5210 1
5210 1
5210 1
5210 1
5210 1
5210 1
5210 1
5210 1
5210 1
5210 1
5210 1
5210 1
5210 1
5210 1
5248 1
5248 1
5248 1
5248 1
5248 1
5248 1
5248 1
5248 1
5248 1
5248 1
5248 1
5248 1
5248 1
5248 1
5248 1
5248 1
5248 1
5248 1
5248 1
5248 1
5248 1
5286 1
5286 1
5286 1
5286 1
5286 1
5286 1
5286 1
5286 1
5286 1
5286 1
5286 1
5286 1
5286 1
5286 1
5286 1
5286 1
5286 1
5286 1
5286 1
5286 1
5286 1
5362 1
5362 1
5362 1
5362 1
5362 1
5362 1
5362 1
5362 1
5362 1
5362 1
5362 1
5362 1
5362 1
5362 1
5362 1
5362 1
5362 1
5362 1
5362 1
5362 1
5362 1
5400 1
5400 1
5400 1
5400 1
5400 1
5400 1
5400 1
5400 1
5400 1
5400 1
5400 1
5400 1
5400 1
5400 1
5400 1
5400 1
5400 1
5400 1
5400 1
5400 1
5400 1
6694 1
6694 1
6694 1
6694 1
6694 1
6694 1
6694 1
6694 1
6694 1
6694 1
6694 1
6694 1
6694 1
6694 1
6694 1
6694 1
6694 1
6694 1
6694 1
6694 1
6694 1
8804 1
8804 1
8804 1
8804 1
8804 1
8804 1
8804 1
8804 1
8804 1
8804 1
8804 1
8804 1
8804 1
8804 1
8804 1
8804 1
8804 1
8804 1
8804 1
8804 1
8804 1
10032 1
10032 1
10032 1
10032 1
10032 1
10032 1
10032 1
10032 1
10032 1
10032 1
10032 1
10032 1
10032 1
10032 1
10032 1
10032 1
10032 1
10032 1
10032 1
10032 1
10032 1
10153 1
10153 1
10153 1
10153 1
10153 1
10153 1
10153 1
10153 1
10153 1
10153 1
10153 1
10153 1
10153 1
10153 1
10153 1
10153 1
10153 1
10153 1
10153 1
10153 1
10153 1
10274 1
10274 1
10274 1
10274 1
10274 1
10274 1
10274 1
10274 1
10274 1
10274 1
10274 1
10274 1
10274 1
10274 1
10274 1
10274 1
10274 1
10274 1
10274 1
10274 1
10274 1
10402 1
10402 1
10402 1
10402 1
10402 1
10402 1
10402 1
10402 1
10402 1
10402 1
10402 1
10402 1
10402 1
10402 1
10402 1
10402 1
10402 1
10402 1
10402 1
10402 1
10402 1
10528 1
10528 1
10528 1
10528 1
10528 1
10528 1
10528 1
10528 1
10528 1
10528 1
10528 1
10528 1
10528 1
10528 1
10528 1
10528 1
10528 1
10528 1
10528 1
10528 1
10528 1
10660 1
10660 1
10660 1
10660 1
10660 1
10660 1
10660 1
10660 1
10660 1
10660 1
10660 1
10660 1
10660 1
10660 1
10660 1
10660 1
10660 1
10660 1
10660 1
10660 1
10660 1
10800 1
10800 1
10800 1
10800 1
10800 1
10800 1
10800 1
10800 1
10800 1
10800 1
10800 1
10800 1
10800 1
10800 1
10800 1
10800 1
10800 1
10800 1
10800 1
10800 1
10800 1
10945 1
10945 1
10945 1
10945 1
10945 1
10945 1
10945 1
10945 1
10945 1
10945 1
10945 1
10945 1
10945 1
10945 1
10945 1
10945 1
10945 1
10945 1
10945 1
10945 1
10945 1
11085 1
11085 1
11085 1
11085 1
11085 1
11085 1
11085 1
11085 1
11085 1
11085 1
11085 1
11085 1
11085 1
11085 1
11085 1
11085 1
11085 1
11085 1
11085 1
11085 1
11085 1
5174 1
5174 1
5174 1
5174 1
5174 1
5174 1
5174 1
5174 1
5174 1
5174 1
5174 1
5174 1
5174 1
5174 1
5174 1
5174 1
5174 1
5174 1
5174 1
5174 1
5174 1
5249 1
5249 1
5249 1
5249 1
5249 1
5249 1
5249 1
5249 1
5249 1
5249 1
5249 1
5249 1
5249 1
5249 1
5249 1
5249 1
5249 1
5249 1
5249 1
5249 1
5249 1
6566 1
6566 1
6566 1
6566 1
6566 1
6566 1
6566 1
6566 1
6566 1
6566 1
6566 1
6566 1
6566 1
6566 1
6566 1
6566 1
6566 1
6566 1
6566 1
6566 1
6566 1
8094 1
8094 1
8094 1
8094 1
8094 1
8094 1
8094 1
8094 1
8094 1
8094 1
8094 1
8094 1
8094 1
8094 1
8094 1
8094 1
8094 1
8094 1
8094 1
8094 1
8094 1
5518 1
5518 1
5518 1
5518 1
5518 1
5518 1
5518 1
5518 1
5518 1
5518 1
5518 1
5518 1
5518 1
5518 1
5518 1
5518 1
5518 1
5518 1
5518 1
5518 1
5518 1
6696 1
6696 1
6696 1
6696 1
6696 1
6696 1
6696 1
6696 1
6696 1
6696 1
6696 1
6696 1
6696 1
6696 1
6696 1
6696 1
6696 1
6696 1
6696 1
6696 1
6696 1
9165 1
9165 1
9165 1
9165 1
9165 1
9165 1
9165 1
9165 1
9165 1
9165 1
9165 1
9165 1
9165 1
9165 1
9165 1
9165 1
9165 1
9165 1
9165 1
9165 1
9165 1
9412 1
9412 1
9412 1
9412 1
9412 1
9412 1
9412 1
9412 1
9412 1
9412 1
9412 1
9412 1
9412 1
9412 1
9412 1
9412 1
9412 1
9412 1
9412 1
9412 1
9412 1
10530 1
10530 1
10530 1
10530 1
10530 1
10530 1
10530 1
10530 1
10530 1
10530 1
10530 1
10530 1
10530 1
10530 1
10530 1
10530 1
10530 1
10530 1
10530 1
10530 1
10530 1
2095 1
2095 1
2095 1
2095 1
2095 1
2095 1
2095 1
2095 1
2095 1
2095 1
2095 1
2095 1
2095 1
2095 1
2095 1
2095 1
2095 1
2095 1
2095 1
2095 1
2095 1
5365 1
5365 1
5365 1
5365 1
5365 1
5365 1
5365 1
5365 1
5365 1
5365 1
5365 1
5365 1
5365 1
5365 1
5365 1
5365 1
5365 1
5365 1
5365 1
5365 1
5365 1
5879 1
5879 1
5879 1
5879 1
5879 1
5879 1
5879 1
5879 1
5879 1
5879 1
5879 1
5879 1
5879 1
5879 1
5879 1
5879 1
5879 1
5879 1
5879 1
5879 1
5879 1
4225 1
4225 1
4225 1
4225 1
4225 1
4225 1
4225 1
4225 1
4225 1
4225 1
4225 1
4225 1
4225 1
4225 1
4225 1
4225 1
4225 1
4225 1
4225 1
4225 1
4225 1
5006 1
5006 1
5006 1
5006 1
5006 1
5006 1
5006 1
5006 1
5006 1
5006 1
5006 1
5006 1
5006 1
5006 1
5006 1
5006 1
5006 1
5006 1
5006 1
5006 1
5006 1
5290 1
5290 1
5290 1
5290 1
5290 1
5290 1
5290 1
5290 1
5290 1
5290 1
5290 1
5290 1
5290 1
5290 1
5290 1
5290 1
5290 1
5290 1
5290 1
5290 1
5290 1
5442 1
5442 1
5442 1
5442 1
5442 1
5442 1
5442 1
5442 1
5442 1
5442 1
5442 1
5442 1
5442 1
5442 1
5442 1
5442 1
5442 1
5442 1
5442 1
5442 1
5442 1
5444 1
5444 1
5444 1
5444 1
5444 1
5444 1
5444 1
5444 1
5444 1
5444 1
5444 1
5444 1
5444 1
5444 1
5444 1
5444 1
5444 1
5444 1
5444 1
5444 1
5444 1
4081 1
4081 1
4081 1
4081 1
4081 1
4081 1
4081 1
4081 1
4081 1
4081 1
4081 1
4081 1
4081 1
4081 1
4081 1
4081 1
4081 1
4081 1
4081 1
4081 1
4081 1
5334 1
5334 1
5334 1
5334 1
5334 1
5334 1
5334 1
5334 1
5334 1
5334 1
5334 1
5334 1
5334 1
5334 1
5334 1
5334 1
5334 1
5334 1
5334 1
5334 1
5334 1
5451 1
5451 1
5451 1
5451 1
5451 1
5451 1
5451 1
5451 1
5451 1
5451 1
5451 1
5451 1
5451 1
5451 1
5451 1
5451 1
5451 1
5451 1
5451 1
5451 1
5451 1
6273 1
6273 1
6273 1
6273 1
6273 1
6273 1
6273 1
6273 1
6273 1
6273 1
6273 1
6273 1
6273 1
6273 1
6273 1
6273 1
6273 1
6273 1
6273 1
6273 1
6273 1
