pt_graph freq
5149 0.75
5149 0.25
5173 0.75
5173 0.25
5192 0.75
5192 0.25
5196 0.75
5196 0.25
5197 0.75
5197 0.25
5198 0.75
5198 0.25
5224 0.75
5224 0.25
5228 0.75
5228 0.25
5251 0.75
5251 0.25
5253 0.75
5253 0.25
5254 0.75
5254 0.25
5280 0.75
5280 0.25
5281 0.75
5281 0.25
5299 0.75
5299 0.25
5301 0.75
5301 0.25
5309 0.75
5309 0.25
5311 0.75
5311 0.25
5314 0.75
5314 0.25
5341 0.75
5341 0.25
5342 0.75
5342 0.25
5343 0.75
5343 0.25
5344 0.75
5344 0.25
5347 0.75
5347 0.25
5372 0.75
5372 0.25
5374 0.75
5374 0.25
5376 0.75
5376 0.25
5387 0.75
5387 0.25
5404 0.75
5404 0.25
5408 0.75
5408 0.25
5436 0.75
5436 0.25
5464 0.75
5464 0.25
5465 0.75
5465 0.25
5466 0.75
5466 0.25
5467 0.75
5467 0.25
5468 0.75
5468 0.25
5478 0.75
5478 0.25
5496 0.75
5496 0.25
5499 0.75
5499 0.25
5501 0.75
5501 0.25
5514 0.75
5514 0.25
5515 0.75
5515 0.25
5516 0.75
5516 0.25
5536 0.75
5536 0.25
5551 0.75
5551 0.25
5552 0.75
5552 0.25
5553 0.75
5553 0.25
5554 0.75
5554 0.25
5576 0.75
5576 0.25
5577 0.75
5577 0.25
5594 0.75
5594 0.25
5596 0.75
5596 0.25
5607 0.75
5607 0.25
5640 0.75
5640 0.25
5658 0.75
5658 0.25
5660 0.75
5660 0.25
5661 0.75
5661 0.25
5665 0.75
5665 0.25
5685 0.75
5685 0.25
5686 0.75
5686 0.25
5706 0.75
5706 0.25
5710 0.75
5710 0.25
5730 0.75
5730 0.25
5732 0.75
5732 0.25
5733 0.75
5733 0.25
5752 0.75
5752 0.25
5785 0.75
5785 0.25
5794 0.75
5794 0.25
5795 0.75
5795 0.25
5819 0.75
5819 0.25
5820 0.75
5820 0.25
5826 0.75
5826 0.25
5830 0.75
5830 0.25
5837 0.75
5837 0.25
5840 0.75
5840 0.25
5868 0.75
5868 0.25
5877 0.75
5877 0.25
5882 0.75
5882 0.25
5905 0.75
5905 0.25
5908 0.75
5908 0.25
5911 0.75
5911 0.25
5957 0.75
5957 0.25
5996 0.75
5996 0.25
6023 0.75
6023 0.25
6024 0.75
6024 0.25
6025 0.75
6025 0.25
6031 0.75
6031 0.25
6062 0.75
6062 0.25
6070 0.75
6070 0.25
6071 0.75
6071 0.25
6096 0.75
6096 0.25
6099 0.75
6099 0.25
6100 0.75
6100 0.25
6136 0.75
6136 0.25
6137 0.75
6137 0.25
6174 0.75
6174 0.25
6175 0.75
6175 0.25
6176 0.75
6176 0.25
6213 0.75
6213 0.25
6214 0.75
6214 0.25
6216 0.75
6216 0.25
6226 0.75
6226 0.25
6253 0.75
6253 0.25
6254 0.75
6254 0.25
6256 0.75
6256 0.25
6283 0.75
6283 0.25
6289 0.75
6289 0.25
6290 0.75
6290 0.25
6291 0.75
6291 0.25
6292 0.75
6292 0.25
6293 0.75
6293 0.25
6294 0.75
6294 0.25
6307 0.75
6307 0.25
6330 0.75
6330 0.25
6331 0.75
6331 0.25
6332 0.75
6332 0.25
6333 0.75
6333 0.25
6334 0.75
6334 0.25
6335 0.75
6335 0.25
6362 0.75
6362 0.25
6367 0.75
6367 0.25
6369 0.75
6369 0.25
6370 0.75
6370 0.25
6371 0.75
6371 0.25
6372 0.75
6372 0.25
6373 0.75
6373 0.25
6374 0.75
6374 0.25
6406 0.75
6406 0.25
6407 0.75
6407 0.25
6409 0.75
6409 0.25
6411 0.75
6411 0.25
6413 0.75
6413 0.25
6414 0.75
6414 0.25
6415 0.75
6415 0.25
6416 0.75
6416 0.25
6449 0.75
6449 0.25
6453 0.75
6453 0.25
6454 0.75
6454 0.25
6455 0.75
6455 0.25
6456 0.75
6456 0.25
6457 0.75
6457 0.25
6461 0.75
6461 0.25
6462 0.75
6462 0.25
6488 0.75
6488 0.25
6490 0.75
6490 0.25
6491 0.75
6491 0.25
6492 0.75
6492 0.25
6494 0.75
6494 0.25
6495 0.75
6495 0.25
6496 0.75
6496 0.25
6497 0.75
6497 0.25
6498 0.75
6498 0.25
6502 0.75
6502 0.25
6527 0.75
6527 0.25
6530 0.75
6530 0.25
6531 0.75
6531 0.25
6534 0.75
6534 0.25
6535 0.75
6535 0.25
6536 0.75
6536 0.25
6537 0.75
6537 0.25
6538 0.75
6538 0.25
6566 0.75
6566 0.25
6568 0.75
6568 0.25
6569 0.75
6569 0.25
6573 0.75
6573 0.25
6574 0.75
6574 0.25
6575 0.75
6575 0.25
6576 0.75
6576 0.25
6578 0.75
6578 0.25
6580 0.75
6580 0.25
6581 0.75
6581 0.25
6582 0.75
6582 0.25
6583 0.75
6583 0.25
6584 0.75
6584 0.25
6601 0.75
6601 0.25
6603 0.75
6603 0.25
6604 0.75
6604 0.25
6605 0.75
6605 0.25
6606 0.75
6606 0.25
6607 0.75
6607 0.25
6611 0.75
6611 0.25
6612 0.75
6612 0.25
6613 0.75
6613 0.25
6614 0.75
6614 0.25
6615 0.75
6615 0.25
6616 0.75
6616 0.25
6617 0.75
6617 0.25
6620 0.75
6620 0.25
6621 0.75
6621 0.25
6642 0.75
6642 0.25
6644 0.75
6644 0.25
6645 0.75
6645 0.25
6646 0.75
6646 0.25
6647 0.75
6647 0.25
6648 0.75
6648 0.25
6651 0.75
6651 0.25
6652 0.75
6652 0.25
6653 0.75
6653 0.25
6654 0.75
6654 0.25
6655 0.75
6655 0.25
6657 0.75
6657 0.25
6659 0.75
6659 0.25
6660 0.75
6660 0.25
6662 0.75
6662 0.25
6682 0.75
6682 0.25
6684 0.75
6684 0.25
6685 0.75
6685 0.25
6686 0.75
6686 0.25
6688 0.75
6688 0.25
6692 0.75
6692 0.25
6693 0.75
6693 0.25
6694 0.75
6694 0.25
6695 0.75
6695 0.25
6696 0.75
6696 0.25
6697 0.75
6697 0.25
6699 0.75
6699 0.25
6700 0.75
6700 0.25
6701 0.75
6701 0.25
6702 0.75
6702 0.25
6721 0.75
6721 0.25
6722 0.75
6722 0.25
6724 0.75
6724 0.25
6725 0.75
6725 0.25
6726 0.75
6726 0.25
6728 0.75
6728 0.25
6731 0.75
6731 0.25
6732 0.75
6732 0.25
6733 0.75
6733 0.25
6734 0.75
6734 0.25
6735 0.75
6735 0.25
6736 0.75
6736 0.25
6738 0.75
6738 0.25
6739 0.75
6739 0.25
6740 0.75
6740 0.25
6758 0.75
6758 0.25
6760 0.75
6760 0.25
6765 0.75
6765 0.25
6767 0.75
6767 0.25
6768 0.75
6768 0.25
6769 0.75
6769 0.25
6770 0.75
6770 0.25
6771 0.75
6771 0.25
6772 0.75
6772 0.25
6773 0.75
6773 0.25
6774 0.75
6774 0.25
6775 0.75
6775 0.25
6776 0.75
6776 0.25
6794 0.75
6794 0.25
6795 0.75
6795 0.25
6797 0.75
6797 0.25
6798 0.75
6798 0.25
6802 0.75
6802 0.25
6807 0.75
6807 0.25
6808 0.75
6808 0.25
6811 0.75
6811 0.25
6812 0.75
6812 0.25
6834 0.75
6834 0.25
6835 0.75
6835 0.25
6843 0.75
6843 0.25
6844 0.75
6844 0.25
6845 0.75
6845 0.25
6847 0.75
6847 0.25
6873 0.75
6873 0.25
6874 0.75
6874 0.25
6882 0.75
6882 0.25
6884 0.75
6884 0.25
6885 0.75
6885 0.25
6886 0.75
6886 0.25
6889 0.75
6889 0.25
6909 0.75
6909 0.25
6912 0.75
6912 0.25
6919 0.75
6919 0.25
6926 0.75
6926 0.25
6953 0.75
6953 0.25
6959 0.75
6959 0.25
6960 0.75
6960 0.25
6964 0.75
6964 0.25
6966 0.75
6966 0.25
6969 0.75
6969 0.25
6992 0.75
6992 0.25
6999 0.75
6999 0.25
7132 0.75
7132 0.25
7171 0.75
7171 0.25
7179 0.75
7179 0.25
7340 0.75
7340 0.25
7387 0.75
7387 0.25
7388 0.75
7388 0.25
7438 0.75
7438 0.25
7443 0.75
7443 0.25
7492 0.75
7492 0.25
7616 0.75
7616 0.25
7628 0.75
7628 0.25
7683 0.75
7683 0.25
7691 0.75
7691 0.25
7692 0.75
7692 0.25
7693 0.75
7693 0.25
7751 0.75
7751 0.25
7752 0.75
7752 0.25
7754 0.75
7754 0.25
7825 0.75
7825 0.25
7832 0.75
7832 0.25
7833 0.75
7833 0.25
7898 0.75
7898 0.25
7905 0.75
7905 0.25
7980 0.75
7980 0.25
8046 0.75
8046 0.25
8124 0.75
8124 0.25
8205 0.75
8205 0.25
8295 0.75
8295 0.25
8386 0.75
8386 0.25
8579 0.75
8579 0.25
