pt_graph met
915 14
915 18
917 14
917 18
918 14
918 18
1024 14
1024 18
1026 14
1026 18
1082 14
1082 18
1084 14
1084 18
1150 14
1150 18
1219 14
1219 18
1221 14
1221 18
1296 14
1296 18
1378 14
1378 18
1462 14
1462 18
1545 14
1545 18
1547 14
1547 18
1548 14
1548 18
1549 14
1549 18
1627 14
1627 18
1632 14
1632 18
1905 14
1905 18
1997 14
1997 18
2090 14
2090 18
2091 14
2091 18
2180 14
2180 18
2184 14
2184 18
2185 14
2185 18
2186 14
2186 18
2257 14
2257 18
2258 14
2258 18
2272 14
2272 18
2273 14
2273 18
2349 14
2349 18
2522 14
2522 18
2603 14
2603 18
2672 14
2672 18
2673 14
2673 18
2742 14
2742 18
2743 14
2743 18
2816 14
2816 18
2817 14
2817 18
2883 14
2883 18
2887 14
2887 18
2947 14
2947 18
3006 14
3006 18
3065 14
3065 18
3308 14
3308 18
3552 14
3552 18
4235 14
4235 18
4293 14
4293 18
4309 14
4309 18
4394 14
4394 18
4398 14
4398 18
4441 14
4441 18
4447 14
4447 18
4459 14
4459 18
4464 14
4464 18
4488 14
4488 18
4493 14
4493 18
4514 14
4514 18
4515 14
4515 18
4541 14
4541 18
4572 14
4572 18
4601 14
4601 18
4607 14
4607 18
4608 14
4608 18
4631 14
4631 18
4632 14
4632 18
4633 14
4633 18
4662 14
4662 18
4663 14
4663 18
4664 14
4664 18
4666 14
4666 18
4693 14
4693 18
4759 14
4759 18
4789 14
4789 18
4804 14
4804 18
4805 14
4805 18
4806 14
4806 18
4826 14
4826 18
4827 14
4827 18
4841 14
4841 18
4842 14
4842 18
4843 14
4843 18
4845 14
4845 18
4883 14
4883 18
4884 14
4884 18
4885 14
4885 18
4886 14
4886 18
4907 14
4907 18
4929 14
4929 18
4930 14
4930 18
4974 14
4974 18
4975 14
4975 18
4976 14
4976 18
4986 14
4986 18
4994 14
4994 18
4996 14
4996 18
5042 14
5042 18
5046 14
5046 18
5048 14
5048 18
5085 14
5085 18
5090 14
5090 18
5091 14
5091 18
5094 14
5094 18
5116 14
5116 18
5127 14
5127 18
5133 14
5133 18
5135 14
5135 18
5157 14
5157 18
5158 14
5158 18
5173 14
5173 18
5174 14
5174 18
5176 14
5176 18
5210 14
5210 18
5237 14
5237 18
5238 14
5238 18
5251 14
5251 18
5274 14
5274 18
5276 14
5276 18
5287 14
5287 18
5314 14
5314 18
5322 14
5322 18
5350 14
5350 18
5362 14
5362 18
5389 14
5389 18
5390 14
5390 18
5404 14
5404 18
5427 14
5427 18
5442 14
5442 18
5465 14
5465 18
5480 14
5480 18
5494 14
5494 18
5503 14
5503 18
5504 14
5504 18
5505 14
5505 18
5533 14
5533 18
5540 14
5540 18
5542 14
5542 18
5543 14
5543 18
5545 14
5545 18
5580 14
5580 18
5583 14
5583 18
5584 14
5584 18
5613 14
5613 18
5615 14
5615 18
5620 14
5620 18
5622 14
5622 18
5623 14
5623 18
5624 14
5624 18
5625 14
5625 18
5626 14
5626 18
5654 14
5654 18
5655 14
5655 18
5661 14
5661 18
5663 14
5663 18
5664 14
5664 18
5666 14
5666 18
5670 14
5670 18
5700 14
5700 18
5701 14
5701 18
5703 14
5703 18
5704 14
5704 18
5705 14
5705 18
5723 14
5723 18
5739 14
5739 18
5742 14
5742 18
5743 14
5743 18
5744 14
5744 18
5745 14
5745 18
5746 14
5746 18
5756 14
5756 18
5780 14
5780 18
5782 14
5782 18
5783 14
5783 18
5784 14
5784 18
5785 14
5785 18
5786 14
5786 18
5787 14
5787 18
5788 14
5788 18
5817 14
5817 18
5819 14
5819 18
5820 14
5820 18
5821 14
5821 18
5822 14
5822 18
5824 14
5824 18
5825 14
5825 18
5826 14
5826 18
5827 14
5827 18
5828 14
5828 18
5856 14
5856 18
5858 14
5858 18
5863 14
5863 18
5864 14
5864 18
5865 14
5865 18
5866 14
5866 18
5867 14
5867 18
5871 14
5871 18
5872 14
5872 18
5873 14
5873 18
5874 14
5874 18
5896 14
5896 18
5897 14
5897 18
5903 14
5903 18
5904 14
5904 18
5905 14
5905 18
5906 14
5906 18
5907 14
5907 18
5910 14
5910 18
5911 14
5911 18
5933 14
5933 18
5935 14
5935 18
5936 14
5936 18
5938 14
5938 18
5942 14
5942 18
5943 14
5943 18
5944 14
5944 18
5945 14
5945 18
5947 14
5947 18
5949 14
5949 18
5950 14
5950 18
5973 14
5973 18
5975 14
5975 18
5977 14
5977 18
5978 14
5978 18
5982 14
5982 18
5983 14
5983 18
5984 14
5984 18
5985 14
5985 18
5986 14
5986 18
5987 14
5987 18
5988 14
5988 18
5989 14
5989 18
5990 14
5990 18
5991 14
5991 18
6011 14
6011 18
6013 14
6013 18
6014 14
6014 18
6015 14
6015 18
6017 14
6017 18
6018 14
6018 18
6021 14
6021 18
6022 14
6022 18
6023 14
6023 18
6024 14
6024 18
6025 14
6025 18
6026 14
6026 18
6028 14
6028 18
6029 14
6029 18
6030 14
6030 18
6031 14
6031 18
6050 14
6050 18
6055 14
6055 18
6058 14
6058 18
6059 14
6059 18
6060 14
6060 18
6061 14
6061 18
6062 14
6062 18
6063 14
6063 18
6064 14
6064 18
6066 14
6066 18
6067 14
6067 18
6084 14
6084 18
6085 14
6085 18
6087 14
6087 18
6094 14
6094 18
6097 14
6097 18
6100 14
6100 18
6102 14
6102 18
6125 14
6125 18
6133 14
6133 18
6134 14
6134 18
6135 14
6135 18
6136 14
6136 18
6140 14
6140 18
6163 14
6163 18
6169 14
6169 18
6173 14
6173 18
6175 14
6175 18
6176 14
6176 18
6202 14
6202 18
6372 14
6372 18
6428 14
6428 18
7041 14
7041 18
7042 14
7042 18
7044 14
7044 18
7051 14
7051 18
7115 14
7115 18
7122 14
7122 18
7123 14
7123 18
7188 14
7188 18
7195 14
7195 18
7196 14
7196 18
7260 14
7260 18
7263 14
7263 18
7270 14
7270 18
7271 14
7271 18
7344 14
7344 18
7345 14
7345 18
7422 14
7422 18
7423 14
7423 18
7504 14
7504 18
7505 14
7505 18
7592 14
7592 18
7593 14
7593 18
7594 14
7594 18
7684 14
7684 18
7685 14
7685 18
7779 14
7779 18
7780 14
7780 18
7875 14
7875 18
7876 14
7876 18
7877 14
7877 18
7980 14
7980 18
7981 14
7981 18
7982 14
7982 18
8088 14
8088 18
8089 14
8089 18
8090 14
8090 18
8199 14
8199 18
8200 14
8200 18
8201 14
8201 18
8202 14
8202 18
8316 14
8316 18
8317 14
8317 18
8318 14
8318 18
8433 14
8433 18
8435 14
8435 18
8436 14
8436 18
8554 14
8554 18
8555 14
8555 18
8557 14
8557 18
8677 14
8677 18
8678 14
8678 18
8679 14
8679 18
8680 14
8680 18
8801 14
8801 18
8923 14
8923 18
8924 14
8924 18
8925 14
8925 18
8926 14
8926 18
9041 14
9041 18
9042 14
9042 18
9043 14
9043 18
9045 14
9045 18
9656 14
9656 18
9798 14
9798 18
9913 14
9913 18
10031 14
10031 18
10032 14
10032 18
10151 14
10151 18
10152 14
10152 18
10153 14
10153 18
10154 14
10154 18
10271 14
10271 18
10272 14
10272 18
10273 14
10273 18
10274 14
10274 18
10397 14
10397 18
10400 14
10400 18
10401 14
10401 18
10402 14
10402 18
10403 14
10403 18
10515 14
10515 18
10521 14
10521 18
10523 14
10523 18
10524 14
10524 18
10528 14
10528 18
10654 14
10654 18
10655 14
10655 18
10658 14
10658 18
10792 14
10792 18
10794 14
10794 18
10795 14
10795 18
10798 14
10798 18
10799 14
10799 18
10800 14
10800 18
10801 14
10801 18
10935 14
10935 18
10936 14
10936 18
10937 14
10937 18
10939 14
10939 18
10940 14
10940 18
10943 14
10943 18
10944 14
10944 18
11073 14
11073 18
11074 14
11074 18
11075 14
11075 18
11076 14
11076 18
11077 14
11077 18
11078 14
11078 18
11079 14
11079 18
11080 14
11080 18
11081 14
11081 18
11082 14
11082 18
11085 14
11085 18
11216 14
11216 18
11217 14
11217 18
11218 14
11218 18
11221 14
11221 18
11222 14
11222 18
11223 14
11223 18
11224 14
11224 18
11225 14
11225 18
11226 14
11226 18
11227 14
11227 18
11229 14
11229 18
11368 14
11368 18
11369 14
11369 18
11370 14
11370 18
11371 14
11371 18
11372 14
11372 18
11373 14
11373 18
11375 14
11375 18
11376 14
11376 18
11377 14
11377 18
11378 14
11378 18
11379 14
11379 18
11380 14
11380 18
11381 14
11381 18
11522 14
11522 18
11523 14
11523 18
11524 14
11524 18
11525 14
11525 18
11529 14
11529 18
11530 14
11530 18
11531 14
11531 18
11532 14
11532 18
11533 14
11533 18
11534 14
11534 18
11535 14
11535 18
11685 14
11685 18
11689 14
11689 18
11694 14
11694 18
11695 14
11695 18
11696 14
11696 18
11850 14
11850 18
11851 14
11851 18
11854 14
11854 18
12017 14
12017 18
12021 14
12021 18
12362 14
12362 18
12535 14
12535 18
12706 14
12706 18
