pt_graph shape
11774 1
11774 1
11774 1
11774 1
11774 1
11774 1
11774 1
11774 1
11774 1
11774 1
11774 1
11774 1
11774 1
11774 1
11774 1
11774 1
11774 1
11774 1
11774 1
11774 1
11774 1
11774 1
11774 1
11774 1
11774 1
11774 1
11774 1
11774 1
11774 1
11774 1
11774 1
11774 1
11774 1
11774 1
11774 1
11774 1
11774 1
11920 1
11920 1
11920 1
11920 1
11920 1
11920 1
11920 1
11920 1
11920 1
11920 1
11920 1
11920 1
11920 1
11920 1
11920 1
11920 1
11920 1
11920 1
11920 1
11920 1
11920 1
11920 1
11920 1
11920 1
11920 1
11920 1
11920 1
11920 1
11920 1
11920 1
11920 1
11920 1
11920 1
11920 1
11920 1
11920 1
11920 1
12074 1
12074 1
12074 1
12074 1
12074 1
12074 1
12074 1
12074 1
12074 1
12074 1
12074 1
12074 1
12074 1
12074 1
12074 1
12074 1
12074 1
12074 1
12074 1
12074 1
12074 1
12074 1
12074 1
12074 1
12074 1
12074 1
12074 1
12074 1
12074 1
12074 1
12074 1
12074 1
12074 1
12074 1
12074 1
12074 1
12074 1
12228 1
12228 1
12228 1
12228 1
12228 1
12228 1
12228 1
12228 1
12228 1
12228 1
12228 1
12228 1
12228 1
12228 1
12228 1
12228 1
12228 1
12228 1
12228 1
12228 1
12228 1
12228 1
12228 1
12228 1
12228 1
12228 1
12228 1
12228 1
12228 1
12228 1
12228 1
12228 1
12228 1
12228 1
12228 1
12228 1
12228 1
12555 1
12555 1
12555 1
12555 1
12555 1
12555 1
12555 1
12555 1
12555 1
12555 1
12555 1
12555 1
12555 1
12555 1
12555 1
12555 1
12555 1
12555 1
12555 1
12555 1
12555 1
12555 1
12555 1
12555 1
12555 1
12555 1
12555 1
12555 1
12555 1
12555 1
12555 1
12555 1
12555 1
12555 1
12555 1
12555 1
12555 1
11776 1
11776 1
11776 1
11776 1
11776 1
11776 1
11776 1
11776 1
11776 1
11776 1
11776 1
11776 1
11776 1
11776 1
11776 1
11776 1
11776 1
11776 1
11776 1
11776 1
11776 1
11776 1
11776 1
11776 1
11776 1
11776 1
11776 1
11776 1
11776 1
11776 1
11776 1
11776 1
11776 1
11776 1
11776 1
11776 1
11776 1
12229 1
12229 1
12229 1
12229 1
12229 1
12229 1
12229 1
12229 1
12229 1
12229 1
12229 1
12229 1
12229 1
12229 1
12229 1
12229 1
12229 1
12229 1
12229 1
12229 1
12229 1
12229 1
12229 1
12229 1
12229 1
12229 1
12229 1
12229 1
12229 1
12229 1
12229 1
12229 1
12229 1
12229 1
12229 1
12229 1
12229 1
12725 1
12725 1
12725 1
12725 1
12725 1
12725 1
12725 1
12725 1
12725 1
12725 1
12725 1
12725 1
12725 1
12725 1
12725 1
12725 1
12725 1
12725 1
12725 1
12725 1
12725 1
12725 1
12725 1
12725 1
12725 1
12725 1
12725 1
12725 1
12725 1
12725 1
12725 1
12725 1
12725 1
12725 1
12725 1
12725 1
12725 1
11777 1
11777 1
11777 1
11777 1
11777 1
11777 1
11777 1
11777 1
11777 1
11777 1
11777 1
11777 1
11777 1
11777 1
11777 1
11777 1
11777 1
11777 1
11777 1
11777 1
11777 1
11777 1
11777 1
11777 1
11777 1
11777 1
11777 1
11777 1
11777 1
11777 1
11777 1
11777 1
11777 1
11777 1
11777 1
11777 1
11777 1
12898 1
12898 1
12898 1
12898 1
12898 1
12898 1
12898 1
12898 1
12898 1
12898 1
12898 1
12898 1
12898 1
12898 1
12898 1
12898 1
12898 1
12898 1
12898 1
12898 1
12898 1
12898 1
12898 1
12898 1
12898 1
12898 1
12898 1
12898 1
12898 1
12898 1
12898 1
12898 1
12898 1
12898 1
12898 1
12898 1
12898 1
11353 1
11353 1
11353 1
11353 1
11353 1
11353 1
11353 1
11353 1
11353 1
11353 1
11353 1
11353 1
11353 1
11353 1
11353 1
11353 1
11353 1
11353 1
11353 1
11353 1
11353 1
11353 1
11353 1
11353 1
11353 1
11353 1
11353 1
11353 1
11353 1
11353 1
11353 1
11353 1
11353 1
11353 1
11353 1
11353 1
11353 1
11638 1
11638 1
11638 1
11638 1
11638 1
11638 1
11638 1
11638 1
11638 1
11638 1
11638 1
11638 1
11638 1
11638 1
11638 1
11638 1
11638 1
11638 1
11638 1
11638 1
11638 1
11638 1
11638 1
11638 1
11638 1
11638 1
11638 1
11638 1
11638 1
11638 1
11638 1
11638 1
11638 1
11638 1
11638 1
11638 1
11638 1
12559 1
12559 1
12559 1
12559 1
12559 1
12559 1
12559 1
12559 1
12559 1
12559 1
12559 1
12559 1
12559 1
12559 1
12559 1
12559 1
12559 1
12559 1
12559 1
12559 1
12559 1
12559 1
12559 1
12559 1
12559 1
12559 1
12559 1
12559 1
12559 1
12559 1
12559 1
12559 1
12559 1
12559 1
12559 1
12559 1
12559 1
13072 1
13072 1
13072 1
13072 1
13072 1
13072 1
13072 1
13072 1
13072 1
13072 1
13072 1
13072 1
13072 1
13072 1
13072 1
13072 1
13072 1
13072 1
13072 1
13072 1
13072 1
13072 1
13072 1
13072 1
13072 1
13072 1
13072 1
13072 1
13072 1
13072 1
13072 1
13072 1
13072 1
13072 1
13072 1
13072 1
13072 1
11223 1
11223 1
11223 1
11223 1
11223 1
11223 1
11223 1
11223 1
11223 1
11223 1
11223 1
11223 1
11223 1
11223 1
11223 1
11223 1
11223 1
11223 1
11223 1
11223 1
11223 1
11223 1
11223 1
11223 1
11223 1
11223 1
11223 1
11223 1
11223 1
11223 1
11223 1
11223 1
11223 1
11223 1
11223 1
11223 1
11223 1
11355 1
11355 1
11355 1
11355 1
11355 1
11355 1
11355 1
11355 1
11355 1
11355 1
11355 1
11355 1
11355 1
11355 1
11355 1
11355 1
11355 1
11355 1
11355 1
11355 1
11355 1
11355 1
11355 1
11355 1
11355 1
11355 1
11355 1
11355 1
11355 1
11355 1
11355 1
11355 1
11355 1
11355 1
11355 1
11355 1
11355 1
11925 1
11925 1
11925 1
11925 1
11925 1
11925 1
11925 1
11925 1
11925 1
11925 1
11925 1
11925 1
11925 1
11925 1
11925 1
11925 1
11925 1
11925 1
11925 1
11925 1
11925 1
11925 1
11925 1
11925 1
11925 1
11925 1
11925 1
11925 1
11925 1
11925 1
11925 1
11925 1
11925 1
11925 1
11925 1
11925 1
11925 1
12233 1
12233 1
12233 1
12233 1
12233 1
12233 1
12233 1
12233 1
12233 1
12233 1
12233 1
12233 1
12233 1
12233 1
12233 1
12233 1
12233 1
12233 1
12233 1
12233 1
12233 1
12233 1
12233 1
12233 1
12233 1
12233 1
12233 1
12233 1
12233 1
12233 1
12233 1
12233 1
12233 1
12233 1
12233 1
12233 1
12233 1
12396 1
12396 1
12396 1
12396 1
12396 1
12396 1
12396 1
12396 1
12396 1
12396 1
12396 1
12396 1
12396 1
12396 1
12396 1
12396 1
12396 1
12396 1
12396 1
12396 1
12396 1
12396 1
12396 1
12396 1
12396 1
12396 1
12396 1
12396 1
12396 1
12396 1
12396 1
12396 1
12396 1
12396 1
12396 1
12396 1
12396 1
12901 1
12901 1
12901 1
12901 1
12901 1
12901 1
12901 1
12901 1
12901 1
12901 1
12901 1
12901 1
12901 1
12901 1
12901 1
12901 1
12901 1
12901 1
12901 1
12901 1
12901 1
12901 1
12901 1
12901 1
12901 1
12901 1
12901 1
12901 1
12901 1
12901 1
12901 1
12901 1
12901 1
12901 1
12901 1
12901 1
12901 1
13245 1
13245 1
13245 1
13245 1
13245 1
13245 1
13245 1
13245 1
13245 1
13245 1
13245 1
13245 1
13245 1
13245 1
13245 1
13245 1
13245 1
13245 1
13245 1
13245 1
13245 1
13245 1
13245 1
13245 1
13245 1
13245 1
13245 1
13245 1
13245 1
13245 1
13245 1
13245 1
13245 1
13245 1
13245 1
13245 1
13245 1
11098 1
11098 1
11098 1
11098 1
11098 1
11098 1
11098 1
11098 1
11098 1
11098 1
11098 1
11098 1
11098 1
11098 1
11098 1
11098 1
11098 1
11098 1
11098 1
11098 1
11098 1
11098 1
11098 1
11098 1
11098 1
11098 1
11098 1
11098 1
11098 1
11098 1
11098 1
11098 1
11098 1
11098 1
11098 1
11098 1
11098 1
11224 1
11224 1
11224 1
11224 1
11224 1
11224 1
11224 1
11224 1
11224 1
11224 1
11224 1
11224 1
11224 1
11224 1
11224 1
11224 1
11224 1
11224 1
11224 1
11224 1
11224 1
11224 1
11224 1
11224 1
11224 1
11224 1
11224 1
11224 1
11224 1
11224 1
11224 1
11224 1
11224 1
11224 1
11224 1
11224 1
11224 1
11496 1
11496 1
11496 1
11496 1
11496 1
11496 1
11496 1
11496 1
11496 1
11496 1
11496 1
11496 1
11496 1
11496 1
11496 1
11496 1
11496 1
11496 1
11496 1
11496 1
11496 1
11496 1
11496 1
11496 1
11496 1
11496 1
11496 1
11496 1
11496 1
11496 1
11496 1
11496 1
11496 1
11496 1
11496 1
11496 1
11496 1
11641 1
11641 1
11641 1
11641 1
11641 1
11641 1
11641 1
11641 1
11641 1
11641 1
11641 1
11641 1
11641 1
11641 1
11641 1
11641 1
11641 1
11641 1
11641 1
11641 1
11641 1
11641 1
11641 1
11641 1
11641 1
11641 1
11641 1
11641 1
11641 1
11641 1
11641 1
11641 1
11641 1
11641 1
11641 1
11641 1
11641 1
11781 1
11781 1
11781 1
11781 1
11781 1
11781 1
11781 1
11781 1
11781 1
11781 1
11781 1
11781 1
11781 1
11781 1
11781 1
11781 1
11781 1
11781 1
11781 1
11781 1
11781 1
11781 1
11781 1
11781 1
11781 1
11781 1
11781 1
11781 1
11781 1
11781 1
11781 1
11781 1
11781 1
11781 1
11781 1
11781 1
11781 1
12902 1
12902 1
12902 1
12902 1
12902 1
12902 1
12902 1
12902 1
12902 1
12902 1
12902 1
12902 1
12902 1
12902 1
12902 1
12902 1
12902 1
12902 1
12902 1
12902 1
12902 1
12902 1
12902 1
12902 1
12902 1
12902 1
12902 1
12902 1
12902 1
12902 1
12902 1
12902 1
12902 1
12902 1
12902 1
12902 1
12902 1
13074 1
13074 1
13074 1
13074 1
13074 1
13074 1
13074 1
13074 1
13074 1
13074 1
13074 1
13074 1
13074 1
13074 1
13074 1
13074 1
13074 1
13074 1
13074 1
13074 1
13074 1
13074 1
13074 1
13074 1
13074 1
13074 1
13074 1
13074 1
13074 1
13074 1
13074 1
13074 1
13074 1
13074 1
13074 1
13074 1
13074 1
37447 1
37447 1
37447 1
37447 1
37447 1
37447 1
37447 1
37447 1
37447 1
37447 1
37447 1
37447 1
37447 1
37447 1
37447 1
37447 1
37447 1
37447 1
37447 1
37447 1
37447 1
37447 1
37447 1
37447 1
37447 1
37447 1
37447 1
37447 1
37447 1
37447 1
37447 1
37447 1
37447 1
37447 1
37447 1
37447 1
37447 1
37419 1
37419 1
37419 1
37419 1
37419 1
37419 1
37419 1
37419 1
37419 1
37419 1
37419 1
37419 1
37419 1
37419 1
37419 1
37419 1
37419 1
37419 1
37419 1
37419 1
37419 1
37419 1
37419 1
37419 1
37419 1
37419 1
37419 1
37419 1
37419 1
37419 1
37419 1
37419 1
37419 1
37419 1
37419 1
37419 1
37419 1
11099 1
11099 1
11099 1
11099 1
11099 1
11099 1
11099 1
11099 1
11099 1
11099 1
11099 1
11099 1
11099 1
11099 1
11099 1
11099 1
11099 1
11099 1
11099 1
11099 1
11099 1
11099 1
11099 1
11099 1
11099 1
11099 1
11099 1
11099 1
11099 1
11099 1
11099 1
11099 1
11099 1
11099 1
11099 1
11099 1
11099 1
11225 1
11225 1
11225 1
11225 1
11225 1
11225 1
11225 1
11225 1
11225 1
11225 1
11225 1
11225 1
11225 1
11225 1
11225 1
11225 1
11225 1
11225 1
11225 1
11225 1
11225 1
11225 1
11225 1
11225 1
11225 1
11225 1
11225 1
11225 1
11225 1
11225 1
11225 1
11225 1
11225 1
11225 1
11225 1
11225 1
11225 1
11357 1
11357 1
11357 1
11357 1
11357 1
11357 1
11357 1
11357 1
11357 1
11357 1
11357 1
11357 1
11357 1
11357 1
11357 1
11357 1
11357 1
11357 1
11357 1
11357 1
11357 1
11357 1
11357 1
11357 1
11357 1
11357 1
11357 1
11357 1
11357 1
11357 1
11357 1
11357 1
11357 1
11357 1
11357 1
11357 1
11357 1
12080 1
12080 1
12080 1
12080 1
12080 1
12080 1
12080 1
12080 1
12080 1
12080 1
12080 1
12080 1
12080 1
12080 1
12080 1
12080 1
12080 1
12080 1
12080 1
12080 1
12080 1
12080 1
12080 1
12080 1
12080 1
12080 1
12080 1
12080 1
12080 1
12080 1
12080 1
12080 1
12080 1
12080 1
12080 1
12080 1
12080 1
12562 1
12562 1
12562 1
12562 1
12562 1
12562 1
12562 1
12562 1
12562 1
12562 1
12562 1
12562 1
12562 1
12562 1
12562 1
12562 1
12562 1
12562 1
12562 1
12562 1
12562 1
12562 1
12562 1
12562 1
12562 1
12562 1
12562 1
12562 1
12562 1
12562 1
12562 1
12562 1
12562 1
12562 1
12562 1
12562 1
12562 1
12731 1
12731 1
12731 1
12731 1
12731 1
12731 1
12731 1
12731 1
12731 1
12731 1
12731 1
12731 1
12731 1
12731 1
12731 1
12731 1
12731 1
12731 1
12731 1
12731 1
12731 1
12731 1
12731 1
12731 1
12731 1
12731 1
12731 1
12731 1
12731 1
12731 1
12731 1
12731 1
12731 1
12731 1
12731 1
12731 1
12731 1
11358 1
11358 1
11358 1
11358 1
11358 1
11358 1
11358 1
11358 1
11358 1
11358 1
11358 1
11358 1
11358 1
11358 1
11358 1
11358 1
11358 1
11358 1
11358 1
11358 1
11358 1
11358 1
11358 1
11358 1
11358 1
11358 1
11358 1
11358 1
11358 1
11358 1
11358 1
11358 1
11358 1
11358 1
11358 1
11358 1
11358 1
12236 1
12236 1
12236 1
12236 1
12236 1
12236 1
12236 1
12236 1
12236 1
12236 1
12236 1
12236 1
12236 1
12236 1
12236 1
12236 1
12236 1
12236 1
12236 1
12236 1
12236 1
12236 1
12236 1
12236 1
12236 1
12236 1
12236 1
12236 1
12236 1
12236 1
12236 1
12236 1
12236 1
12236 1
12236 1
12236 1
12236 1
12399 1
12399 1
12399 1
12399 1
12399 1
12399 1
12399 1
12399 1
12399 1
12399 1
12399 1
12399 1
12399 1
12399 1
12399 1
12399 1
12399 1
12399 1
12399 1
12399 1
12399 1
12399 1
12399 1
12399 1
12399 1
12399 1
12399 1
12399 1
12399 1
12399 1
12399 1
12399 1
12399 1
12399 1
12399 1
12399 1
12399 1
12563 1
12563 1
12563 1
12563 1
12563 1
12563 1
12563 1
12563 1
12563 1
12563 1
12563 1
12563 1
12563 1
12563 1
12563 1
12563 1
12563 1
12563 1
12563 1
12563 1
12563 1
12563 1
12563 1
12563 1
12563 1
12563 1
12563 1
12563 1
12563 1
12563 1
12563 1
12563 1
12563 1
12563 1
12563 1
12563 1
12563 1
12732 1
12732 1
12732 1
12732 1
12732 1
12732 1
12732 1
12732 1
12732 1
12732 1
12732 1
12732 1
12732 1
12732 1
12732 1
12732 1
12732 1
12732 1
12732 1
12732 1
12732 1
12732 1
12732 1
12732 1
12732 1
12732 1
12732 1
12732 1
12732 1
12732 1
12732 1
12732 1
12732 1
12732 1
12732 1
12732 1
12732 1
11227 1
11227 1
11227 1
11227 1
11227 1
11227 1
11227 1
11227 1
11227 1
11227 1
11227 1
11227 1
11227 1
11227 1
11227 1
11227 1
11227 1
11227 1
11227 1
11227 1
11227 1
11227 1
11227 1
11227 1
11227 1
11227 1
11227 1
11227 1
11227 1
11227 1
11227 1
11227 1
11227 1
11227 1
11227 1
11227 1
11227 1
11644 1
11644 1
11644 1
11644 1
11644 1
11644 1
11644 1
11644 1
11644 1
11644 1
11644 1
11644 1
11644 1
11644 1
11644 1
11644 1
11644 1
11644 1
11644 1
11644 1
11644 1
11644 1
11644 1
11644 1
11644 1
11644 1
11644 1
11644 1
11644 1
11644 1
11644 1
11644 1
11644 1
11644 1
11644 1
11644 1
11644 1
11784 1
11784 1
11784 1
11784 1
11784 1
11784 1
11784 1
11784 1
11784 1
11784 1
11784 1
11784 1
11784 1
11784 1
11784 1
11784 1
11784 1
11784 1
11784 1
11784 1
11784 1
11784 1
11784 1
11784 1
11784 1
11784 1
11784 1
11784 1
11784 1
11784 1
11784 1
11784 1
11784 1
11784 1
11784 1
11784 1
11784 1
11929 1
11929 1
11929 1
11929 1
11929 1
11929 1
11929 1
11929 1
11929 1
11929 1
11929 1
11929 1
11929 1
11929 1
11929 1
11929 1
11929 1
11929 1
11929 1
11929 1
11929 1
11929 1
11929 1
11929 1
11929 1
11929 1
11929 1
11929 1
11929 1
11929 1
11929 1
11929 1
11929 1
11929 1
11929 1
11929 1
11929 1
12082 1
12082 1
12082 1
12082 1
12082 1
12082 1
12082 1
12082 1
12082 1
12082 1
12082 1
12082 1
12082 1
12082 1
12082 1
12082 1
12082 1
12082 1
12082 1
12082 1
12082 1
12082 1
12082 1
12082 1
12082 1
12082 1
12082 1
12082 1
12082 1
12082 1
12082 1
12082 1
12082 1
12082 1
12082 1
12082 1
12082 1
12237 1
12237 1
12237 1
12237 1
12237 1
12237 1
12237 1
12237 1
12237 1
12237 1
12237 1
12237 1
12237 1
12237 1
12237 1
12237 1
12237 1
12237 1
12237 1
12237 1
12237 1
12237 1
12237 1
12237 1
12237 1
12237 1
12237 1
12237 1
12237 1
12237 1
12237 1
12237 1
12237 1
12237 1
12237 1
12237 1
12237 1
12400 1
12400 1
12400 1
12400 1
12400 1
12400 1
12400 1
12400 1
12400 1
12400 1
12400 1
12400 1
12400 1
12400 1
12400 1
12400 1
12400 1
12400 1
12400 1
12400 1
12400 1
12400 1
12400 1
12400 1
12400 1
12400 1
12400 1
12400 1
12400 1
12400 1
12400 1
12400 1
12400 1
12400 1
12400 1
12400 1
12400 1
