pt_graph shape
4804 1
4804 1
4804 1
4804 1
4804 1
4804 1
4804 1
4804 1
4804 1
4804 1
4804 1
4804 1
4804 1
4804 1
4804 1
4804 1
4804 1
4804 1
4804 1
4804 1
4804 1
4841 1
4841 1
4841 1
4841 1
4841 1
4841 1
4841 1
4841 1
4841 1
4841 1
4841 1
4841 1
4841 1
4841 1
4841 1
4841 1
4841 1
4841 1
4841 1
4841 1
4841 1
4884 1
4884 1
4884 1
4884 1
4884 1
4884 1
4884 1
4884 1
4884 1
4884 1
4884 1
4884 1
4884 1
4884 1
4884 1
4884 1
4884 1
4884 1
4884 1
4884 1
4884 1
4928 1
4928 1
4928 1
4928 1
4928 1
4928 1
4928 1
4928 1
4928 1
4928 1
4928 1
4928 1
4928 1
4928 1
4928 1
4928 1
4928 1
4928 1
4928 1
4928 1
4928 1
4805 1
4805 1
4805 1
4805 1
4805 1
4805 1
4805 1
4805 1
4805 1
4805 1
4805 1
4805 1
4805 1
4805 1
4805 1
4805 1
4805 1
4805 1
4805 1
4805 1
4805 1
4842 1
4842 1
4842 1
4842 1
4842 1
4842 1
4842 1
4842 1
4842 1
4842 1
4842 1
4842 1
4842 1
4842 1
4842 1
4842 1
4842 1
4842 1
4842 1
4842 1
4842 1
2258 1
2258 1
2258 1
2258 1
2258 1
2258 1
2258 1
2258 1
2258 1
2258 1
2258 1
2258 1
2258 1
2258 1
2258 1
2258 1
2258 1
2258 1
2258 1
2258 1
2258 1
2349 1
2349 1
2349 1
2349 1
2349 1
2349 1
2349 1
2349 1
2349 1
2349 1
2349 1
2349 1
2349 1
2349 1
2349 1
2349 1
2349 1
2349 1
2349 1
2349 1
2349 1
2521 1
2521 1
2521 1
2521 1
2521 1
2521 1
2521 1
2521 1
2521 1
2521 1
2521 1
2521 1
2521 1
2521 1
2521 1
2521 1
2521 1
2521 1
2521 1
2521 1
2521 1
4806 1
4806 1
4806 1
4806 1
4806 1
4806 1
4806 1
4806 1
4806 1
4806 1
4806 1
4806 1
4806 1
4806 1
4806 1
4806 1
4806 1
4806 1
4806 1
4806 1
4806 1
4843 1
4843 1
4843 1
4843 1
4843 1
4843 1
4843 1
4843 1
4843 1
4843 1
4843 1
4843 1
4843 1
4843 1
4843 1
4843 1
4843 1
4843 1
4843 1
4843 1
4843 1
4886 1
4886 1
4886 1
4886 1
4886 1
4886 1
4886 1
4886 1
4886 1
4886 1
4886 1
4886 1
4886 1
4886 1
4886 1
4886 1
4886 1
4886 1
4886 1
4886 1
4886 1
4930 1
4930 1
4930 1
4930 1
4930 1
4930 1
4930 1
4930 1
4930 1
4930 1
4930 1
4930 1
4930 1
4930 1
4930 1
4930 1
4930 1
4930 1
4930 1
4930 1
4930 1
4975 1
4975 1
4975 1
4975 1
4975 1
4975 1
4975 1
4975 1
4975 1
4975 1
4975 1
4975 1
4975 1
4975 1
4975 1
4975 1
4975 1
4975 1
4975 1
4975 1
4975 1
2522 1
2522 1
2522 1
2522 1
2522 1
2522 1
2522 1
2522 1
2522 1
2522 1
2522 1
2522 1
2522 1
2522 1
2522 1
2522 1
2522 1
2522 1
2522 1
2522 1
2522 1
2672 1
2672 1
2672 1
2672 1
2672 1
2672 1
2672 1
2672 1
2672 1
2672 1
2672 1
2672 1
2672 1
2672 1
2672 1
2672 1
2672 1
2672 1
2672 1
2672 1
2672 1
2816 1
2816 1
2816 1
2816 1
2816 1
2816 1
2816 1
2816 1
2816 1
2816 1
2816 1
2816 1
2816 1
2816 1
2816 1
2816 1
2816 1
2816 1
2816 1
2816 1
2816 1
2882 1
2882 1
2882 1
2882 1
2882 1
2882 1
2882 1
2882 1
2882 1
2882 1
2882 1
2882 1
2882 1
2882 1
2882 1
2882 1
2882 1
2882 1
2882 1
2882 1
2882 1
4976 1
4976 1
4976 1
4976 1
4976 1
4976 1
4976 1
4976 1
4976 1
4976 1
4976 1
4976 1
4976 1
4976 1
4976 1
4976 1
4976 1
4976 1
4976 1
4976 1
4976 1
2947 1
2947 1
2947 1
2947 1
2947 1
2947 1
2947 1
2947 1
2947 1
2947 1
2947 1
2947 1
2947 1
2947 1
2947 1
2947 1
2947 1
2947 1
2947 1
2947 1
2947 1
3392 1
3392 1
3392 1
3392 1
3392 1
3392 1
3392 1
3392 1
3392 1
3392 1
3392 1
3392 1
3392 1
3392 1
3392 1
3392 1
3392 1
3392 1
3392 1
3392 1
3392 1
4846 1
4846 1
4846 1
4846 1
4846 1
4846 1
4846 1
4846 1
4846 1
4846 1
4846 1
4846 1
4846 1
4846 1
4846 1
4846 1
4846 1
4846 1
4846 1
4846 1
4846 1
5615 1
5615 1
5615 1
5615 1
5615 1
5615 1
5615 1
5615 1
5615 1
5615 1
5615 1
5615 1
5615 1
5615 1
5615 1
5615 1
5615 1
5615 1
5615 1
5615 1
5615 1
5893 1
5893 1
5893 1
5893 1
5893 1
5893 1
5893 1
5893 1
5893 1
5893 1
5893 1
5893 1
5893 1
5893 1
5893 1
5893 1
5893 1
5893 1
5893 1
5893 1
5893 1
6011 1
6011 1
6011 1
6011 1
6011 1
6011 1
6011 1
6011 1
6011 1
6011 1
6011 1
6011 1
6011 1
6011 1
6011 1
6011 1
6011 1
6011 1
6011 1
6011 1
6011 1
1291 1
1291 1
1291 1
1291 1
1291 1
1291 1
1291 1
1291 1
1291 1
1291 1
1291 1
1291 1
1291 1
1291 1
1291 1
1291 1
1291 1
1291 1
1291 1
1291 1
1291 1
1459 1
1459 1
1459 1
1459 1
1459 1
1459 1
1459 1
1459 1
1459 1
1459 1
1459 1
1459 1
1459 1
1459 1
1459 1
1459 1
1459 1
1459 1
1459 1
1459 1
1459 1
6122 1
6122 1
6122 1
6122 1
6122 1
6122 1
6122 1
6122 1
6122 1
6122 1
6122 1
6122 1
6122 1
6122 1
6122 1
6122 1
6122 1
6122 1
6122 1
6122 1
6122 1
1460 1
1460 1
1460 1
1460 1
1460 1
1460 1
1460 1
1460 1
1460 1
1460 1
1460 1
1460 1
1460 1
1460 1
1460 1
1460 1
1460 1
1460 1
1460 1
1460 1
1460 1
5974 1
5974 1
5974 1
5974 1
5974 1
5974 1
5974 1
5974 1
5974 1
5974 1
5974 1
5974 1
5974 1
5974 1
5974 1
5974 1
5974 1
5974 1
5974 1
5974 1
5974 1
1547 1
1547 1
1547 1
1547 1
1547 1
1547 1
1547 1
1547 1
1547 1
1547 1
1547 1
1547 1
1547 1
1547 1
1547 1
1547 1
1547 1
1547 1
1547 1
1547 1
1547 1
5935 1
5935 1
5935 1
5935 1
5935 1
5935 1
5935 1
5935 1
5935 1
5935 1
5935 1
5935 1
5935 1
5935 1
5935 1
5935 1
5935 1
5935 1
5935 1
5935 1
5935 1
5975 1
5975 1
5975 1
5975 1
5975 1
5975 1
5975 1
5975 1
5975 1
5975 1
5975 1
5975 1
5975 1
5975 1
5975 1
5975 1
5975 1
5975 1
5975 1
5975 1
5975 1
6014 1
6014 1
6014 1
6014 1
6014 1
6014 1
6014 1
6014 1
6014 1
6014 1
6014 1
6014 1
6014 1
6014 1
6014 1
6014 1
6014 1
6014 1
6014 1
6014 1
6014 1
6087 1
6087 1
6087 1
6087 1
6087 1
6087 1
6087 1
6087 1
6087 1
6087 1
6087 1
6087 1
6087 1
6087 1
6087 1
6087 1
6087 1
6087 1
6087 1
6087 1
6087 1
1548 1
1548 1
1548 1
1548 1
1548 1
1548 1
1548 1
1548 1
1548 1
1548 1
1548 1
1548 1
1548 1
1548 1
1548 1
1548 1
1548 1
1548 1
1548 1
1548 1
1548 1
1627 1
1627 1
1627 1
1627 1
1627 1
1627 1
1627 1
1627 1
1627 1
1627 1
1627 1
1627 1
1627 1
1627 1
1627 1
1627 1
1627 1
1627 1
1627 1
1627 1
1627 1
5699 1
5699 1
5699 1
5699 1
5699 1
5699 1
5699 1
5699 1
5699 1
5699 1
5699 1
5699 1
5699 1
5699 1
5699 1
5699 1
5699 1
5699 1
5699 1
5699 1
5699 1
5739 1
5739 1
5739 1
5739 1
5739 1
5739 1
5739 1
5739 1
5739 1
5739 1
5739 1
5739 1
5739 1
5739 1
5739 1
5739 1
5739 1
5739 1
5739 1
5739 1
5739 1
5780 1
5780 1
5780 1
5780 1
5780 1
5780 1
5780 1
5780 1
5780 1
5780 1
5780 1
5780 1
5780 1
5780 1
5780 1
5780 1
5780 1
5780 1
5780 1
5780 1
5780 1
5897 1
5897 1
5897 1
5897 1
5897 1
5897 1
5897 1
5897 1
5897 1
5897 1
5897 1
5897 1
5897 1
5897 1
5897 1
5897 1
5897 1
5897 1
5897 1
5897 1
5897 1
5936 1
5936 1
5936 1
5936 1
5936 1
5936 1
5936 1
5936 1
5936 1
5936 1
5936 1
5936 1
5936 1
5936 1
5936 1
5936 1
5936 1
5936 1
5936 1
5936 1
5936 1
6015 1
6015 1
6015 1
6015 1
6015 1
6015 1
6015 1
6015 1
6015 1
6015 1
6015 1
6015 1
6015 1
6015 1
6015 1
6015 1
6015 1
6015 1
6015 1
6015 1
6015 1
6125 1
6125 1
6125 1
6125 1
6125 1
6125 1
6125 1
6125 1
6125 1
6125 1
6125 1
6125 1
6125 1
6125 1
6125 1
6125 1
6125 1
6125 1
6125 1
6125 1
6125 1
1549 1
1549 1
1549 1
1549 1
1549 1
1549 1
1549 1
1549 1
1549 1
1549 1
1549 1
1549 1
1549 1
1549 1
1549 1
1549 1
1549 1
1549 1
1549 1
1549 1
1549 1
2681 1
2681 1
2681 1
2681 1
2681 1
2681 1
2681 1
2681 1
2681 1
2681 1
2681 1
2681 1
2681 1
2681 1
2681 1
2681 1
2681 1
2681 1
2681 1
2681 1
2681 1
5740 1
5740 1
5740 1
5740 1
5740 1
5740 1
5740 1
5740 1
5740 1
5740 1
5740 1
5740 1
5740 1
5740 1
5740 1
5740 1
5740 1
5740 1
5740 1
5740 1
5740 1
1024 1
1024 1
1024 1
1024 1
1024 1
1024 1
1024 1
1024 1
1024 1
1024 1
1024 1
1024 1
1024 1
1024 1
1024 1
1024 1
1024 1
1024 1
1024 1
1024 1
1024 1
1082 1
1082 1
1082 1
1082 1
1082 1
1082 1
1082 1
1082 1
1082 1
1082 1
1082 1
1082 1
1082 1
1082 1
1082 1
1082 1
1082 1
1082 1
1082 1
1082 1
1082 1
1150 1
1150 1
1150 1
1150 1
1150 1
1150 1
1150 1
1150 1
1150 1
1150 1
1150 1
1150 1
1150 1
1150 1
1150 1
1150 1
1150 1
1150 1
1150 1
1150 1
1150 1
1219 1
1219 1
1219 1
1219 1
1219 1
1219 1
1219 1
1219 1
1219 1
1219 1
1219 1
1219 1
1219 1
1219 1
1219 1
1219 1
1219 1
1219 1
1219 1
1219 1
1219 1
1296 1
1296 1
1296 1
1296 1
1296 1
1296 1
1296 1
1296 1
1296 1
1296 1
1296 1
1296 1
1296 1
1296 1
1296 1
1296 1
1296 1
1296 1
1296 1
1296 1
1296 1
4854 1
4854 1
4854 1
4854 1
4854 1
4854 1
4854 1
4854 1
4854 1
4854 1
4854 1
4854 1
4854 1
4854 1
4854 1
4854 1
4854 1
4854 1
4854 1
4854 1
4854 1
5661 1
5661 1
5661 1
5661 1
5661 1
5661 1
5661 1
5661 1
5661 1
5661 1
5661 1
5661 1
5661 1
5661 1
5661 1
5661 1
5661 1
5661 1
5661 1
5661 1
5661 1
5938 1
5938 1
5938 1
5938 1
5938 1
5938 1
5938 1
5938 1
5938 1
5938 1
5938 1
5938 1
5938 1
5938 1
5938 1
5938 1
5938 1
5938 1
5938 1
5938 1
5938 1
5978 1
5978 1
5978 1
5978 1
5978 1
5978 1
5978 1
5978 1
5978 1
5978 1
5978 1
5978 1
5978 1
5978 1
5978 1
5978 1
5978 1
5978 1
5978 1
5978 1
5978 1
871 1
871 1
871 1
871 1
871 1
871 1
871 1
871 1
871 1
871 1
871 1
871 1
871 1
871 1
871 1
871 1
871 1
871 1
871 1
871 1
871 1
968 1
968 1
968 1
968 1
968 1
968 1
968 1
968 1
968 1
968 1
968 1
968 1
968 1
968 1
968 1
968 1
968 1
968 1
968 1
968 1
968 1
5238 1
5238 1
5238 1
5238 1
5238 1
5238 1
5238 1
5238 1
5238 1
5238 1
5238 1
5238 1
5238 1
5238 1
5238 1
5238 1
5238 1
5238 1
5238 1
5238 1
5238 1
5503 1
5503 1
5503 1
5503 1
5503 1
5503 1
5503 1
5503 1
5503 1
5503 1
5503 1
5503 1
5503 1
5503 1
5503 1
5503 1
5503 1
5503 1
5503 1
5503 1
5503 1
6018 1
6018 1
6018 1
6018 1
6018 1
6018 1
6018 1
6018 1
6018 1
6018 1
6018 1
6018 1
6018 1
6018 1
6018 1
6018 1
6018 1
6018 1
6018 1
6018 1
6018 1
5314 1
5314 1
5314 1
5314 1
5314 1
5314 1
5314 1
5314 1
5314 1
5314 1
5314 1
5314 1
5314 1
5314 1
5314 1
5314 1
5314 1
5314 1
5314 1
5314 1
5314 1
5390 1
5390 1
5390 1
5390 1
5390 1
5390 1
5390 1
5390 1
5390 1
5390 1
5390 1
5390 1
5390 1
5390 1
5390 1
5390 1
5390 1
5390 1
5390 1
5390 1
5390 1
5465 1
5465 1
5465 1
5465 1
5465 1
5465 1
5465 1
5465 1
5465 1
5465 1
5465 1
5465 1
5465 1
5465 1
5465 1
5465 1
5465 1
5465 1
5465 1
5465 1
5465 1
5504 1
5504 1
5504 1
5504 1
5504 1
5504 1
5504 1
5504 1
5504 1
5504 1
5504 1
5504 1
5504 1
5504 1
5504 1
5504 1
5504 1
5504 1
5504 1
5504 1
5504 1
5543 1
5543 1
5543 1
5543 1
5543 1
5543 1
5543 1
5543 1
5543 1
5543 1
5543 1
5543 1
5543 1
5543 1
5543 1
5543 1
5543 1
5543 1
5543 1
5543 1
5543 1
5583 1
5583 1
5583 1
5583 1
5583 1
5583 1
5583 1
5583 1
5583 1
5583 1
5583 1
5583 1
5583 1
5583 1
5583 1
5583 1
5583 1
5583 1
5583 1
5583 1
5583 1
5623 1
5623 1
5623 1
5623 1
5623 1
5623 1
5623 1
5623 1
5623 1
5623 1
5623 1
5623 1
5623 1
5623 1
5623 1
5623 1
5623 1
5623 1
5623 1
5623 1
5623 1
5663 1
5663 1
5663 1
5663 1
5663 1
5663 1
5663 1
5663 1
5663 1
5663 1
5663 1
5663 1
5663 1
5663 1
5663 1
5663 1
5663 1
5663 1
5663 1
5663 1
5663 1
5862 1
5862 1
5862 1
5862 1
5862 1
5862 1
5862 1
5862 1
5862 1
5862 1
5862 1
5862 1
5862 1
5862 1
5862 1
5862 1
5862 1
5862 1
5862 1
5862 1
5862 1
7413 1
7413 1
7413 1
7413 1
7413 1
7413 1
7413 1
7413 1
7413 1
7413 1
7413 1
7413 1
7413 1
7413 1
7413 1
7413 1
7413 1
7413 1
7413 1
7413 1
7413 1
920 1
920 1
920 1
920 1
920 1
920 1
920 1
920 1
920 1
920 1
920 1
920 1
920 1
920 1
920 1
920 1
920 1
920 1
920 1
920 1
920 1
4321 1
4321 1
4321 1
4321 1
4321 1
4321 1
4321 1
4321 1
4321 1
4321 1
4321 1
4321 1
4321 1
4321 1
4321 1
4321 1
4321 1
4321 1
4321 1
4321 1
4321 1
4514 1
4514 1
4514 1
4514 1
4514 1
4514 1
4514 1
4514 1
4514 1
4514 1
4514 1
4514 1
4514 1
4514 1
4514 1
4514 1
4514 1
4514 1
4514 1
4514 1
4514 1
4570 1
4570 1
4570 1
4570 1
4570 1
4570 1
4570 1
4570 1
4570 1
4570 1
4570 1
4570 1
4570 1
4570 1
4570 1
4570 1
4570 1
4570 1
4570 1
4570 1
4570 1
5624 1
5624 1
5624 1
5624 1
5624 1
5624 1
5624 1
5624 1
5624 1
5624 1
5624 1
5624 1
5624 1
5624 1
5624 1
5624 1
5624 1
5624 1
5624 1
5624 1
5624 1
5664 1
5664 1
5664 1
5664 1
5664 1
5664 1
5664 1
5664 1
5664 1
5664 1
5664 1
5664 1
5664 1
5664 1
5664 1
5664 1
5664 1
5664 1
5664 1
5664 1
5664 1
5704 1
5704 1
5704 1
5704 1
5704 1
5704 1
5704 1
5704 1
5704 1
5704 1
5704 1
5704 1
5704 1
5704 1
5704 1
5704 1
5704 1
5704 1
5704 1
5704 1
5704 1
5744 1
5744 1
5744 1
5744 1
5744 1
5744 1
5744 1
5744 1
5744 1
5744 1
5744 1
5744 1
5744 1
5744 1
5744 1
5744 1
5744 1
5744 1
5744 1
5744 1
5744 1
5785 1
5785 1
5785 1
5785 1
5785 1
5785 1
5785 1
5785 1
5785 1
5785 1
5785 1
5785 1
5785 1
5785 1
5785 1
5785 1
5785 1
5785 1
5785 1
5785 1
5785 1
5825 1
5825 1
5825 1
5825 1
5825 1
5825 1
5825 1
5825 1
5825 1
5825 1
5825 1
5825 1
5825 1
5825 1
5825 1
5825 1
5825 1
5825 1
5825 1
5825 1
5825 1
5863 1
5863 1
5863 1
5863 1
5863 1
5863 1
5863 1
5863 1
5863 1
5863 1
5863 1
5863 1
5863 1
5863 1
5863 1
5863 1
5863 1
5863 1
5863 1
5863 1
5863 1
4165 1
4165 1
4165 1
4165 1
4165 1
4165 1
4165 1
4165 1
4165 1
4165 1
4165 1
4165 1
4165 1
4165 1
4165 1
4165 1
4165 1
4165 1
4165 1
4165 1
4165 1
4441 1
4441 1
4441 1
4441 1
4441 1
4441 1
4441 1
4441 1
4441 1
4441 1
4441 1
4441 1
4441 1
4441 1
4441 1
4441 1
4441 1
4441 1
4441 1
4441 1
4441 1
4515 1
4515 1
4515 1
4515 1
4515 1
4515 1
4515 1
4515 1
4515 1
4515 1
4515 1
4515 1
4515 1
4515 1
4515 1
4515 1
4515 1
4515 1
4515 1
4515 1
4515 1
4632 1
4632 1
4632 1
4632 1
4632 1
4632 1
4632 1
4632 1
4632 1
4632 1
4632 1
4632 1
4632 1
4632 1
4632 1
4632 1
4632 1
4632 1
4632 1
4632 1
4632 1
4662 1
4662 1
4662 1
4662 1
4662 1
4662 1
4662 1
4662 1
4662 1
4662 1
4662 1
4662 1
4662 1
4662 1
4662 1
4662 1
4662 1
4662 1
4662 1
4662 1
4662 1
5585 1
5585 1
5585 1
5585 1
5585 1
5585 1
5585 1
5585 1
5585 1
5585 1
5585 1
5585 1
5585 1
5585 1
5585 1
5585 1
5585 1
5585 1
5585 1
5585 1
5585 1
5745 1
5745 1
5745 1
5745 1
5745 1
5745 1
5745 1
5745 1
5745 1
5745 1
5745 1
5745 1
5745 1
5745 1
5745 1
5745 1
5745 1
5745 1
5745 1
5745 1
5745 1
5786 1
5786 1
5786 1
5786 1
5786 1
5786 1
5786 1
5786 1
5786 1
5786 1
5786 1
5786 1
5786 1
5786 1
5786 1
5786 1
5786 1
5786 1
5786 1
5786 1
5786 1
5826 1
5826 1
5826 1
5826 1
5826 1
5826 1
5826 1
5826 1
5826 1
5826 1
5826 1
5826 1
5826 1
5826 1
5826 1
5826 1
5826 1
5826 1
5826 1
5826 1
5826 1
5864 1
5864 1
5864 1
5864 1
5864 1
5864 1
5864 1
5864 1
5864 1
5864 1
5864 1
5864 1
5864 1
5864 1
5864 1
5864 1
5864 1
5864 1
5864 1
5864 1
5864 1
5903 1
5903 1
5903 1
5903 1
5903 1
5903 1
5903 1
5903 1
5903 1
5903 1
5903 1
5903 1
5903 1
5903 1
5903 1
5903 1
5903 1
5903 1
5903 1
5903 1
5903 1
6208 1
6208 1
6208 1
6208 1
6208 1
6208 1
6208 1
6208 1
6208 1
6208 1
6208 1
6208 1
6208 1
6208 1
6208 1
6208 1
6208 1
6208 1
6208 1
6208 1
6208 1
6786 1
6786 1
6786 1
6786 1
6786 1
6786 1
6786 1
6786 1
6786 1
6786 1
6786 1
6786 1
6786 1
6786 1
6786 1
6786 1
6786 1
6786 1
6786 1
6786 1
6786 1
7115 1
7115 1
7115 1
7115 1
7115 1
7115 1
7115 1
7115 1
7115 1
7115 1
7115 1
7115 1
7115 1
7115 1
7115 1
7115 1
7115 1
7115 1
7115 1
7115 1
7115 1
3907 1
3907 1
3907 1
3907 1
3907 1
3907 1
3907 1
3907 1
3907 1
3907 1
3907 1
3907 1
3907 1
3907 1
3907 1
3907 1
3907 1
3907 1
3907 1
3907 1
3907 1
4601 1
4601 1
4601 1
4601 1
4601 1
4601 1
4601 1
4601 1
4601 1
4601 1
4601 1
4601 1
4601 1
4601 1
4601 1
4601 1
4601 1
4601 1
4601 1
4601 1
4601 1
4633 1
4633 1
4633 1
4633 1
4633 1
4633 1
4633 1
4633 1
4633 1
4633 1
4633 1
4633 1
4633 1
4633 1
4633 1
4633 1
4633 1
4633 1
4633 1
4633 1
4633 1
5787 1
5787 1
5787 1
5787 1
5787 1
5787 1
5787 1
5787 1
5787 1
5787 1
5787 1
5787 1
5787 1
5787 1
5787 1
5787 1
5787 1
5787 1
5787 1
5787 1
5787 1
5827 1
5827 1
5827 1
5827 1
5827 1
5827 1
5827 1
5827 1
5827 1
5827 1
5827 1
5827 1
5827 1
5827 1
5827 1
5827 1
5827 1
5827 1
5827 1
5827 1
5827 1
5865 1
5865 1
5865 1
5865 1
5865 1
5865 1
5865 1
5865 1
5865 1
5865 1
5865 1
5865 1
5865 1
5865 1
5865 1
5865 1
5865 1
5865 1
5865 1
5865 1
5865 1
5904 1
5904 1
5904 1
5904 1
5904 1
5904 1
5904 1
5904 1
5904 1
5904 1
5904 1
5904 1
5904 1
5904 1
5904 1
5904 1
5904 1
5904 1
5904 1
5904 1
5904 1
5943 1
5943 1
5943 1
5943 1
5943 1
5943 1
5943 1
5943 1
5943 1
5943 1
5943 1
5943 1
5943 1
5943 1
5943 1
5943 1
5943 1
5943 1
5943 1
5943 1
5943 1
6022 1
6022 1
6022 1
6022 1
6022 1
6022 1
6022 1
6022 1
6022 1
6022 1
6022 1
6022 1
6022 1
6022 1
6022 1
6022 1
6022 1
6022 1
6022 1
6022 1
6022 1
1990 1
1990 1
1990 1
1990 1
1990 1
1990 1
1990 1
1990 1
1990 1
1990 1
1990 1
1990 1
1990 1
1990 1
1990 1
1990 1
1990 1
1990 1
1990 1
1990 1
1990 1
4100 1
4100 1
4100 1
4100 1
4100 1
4100 1
4100 1
4100 1
4100 1
4100 1
4100 1
4100 1
4100 1
4100 1
4100 1
4100 1
4100 1
4100 1
4100 1
4100 1
4100 1
5788 1
5788 1
5788 1
5788 1
5788 1
5788 1
5788 1
5788 1
5788 1
5788 1
5788 1
5788 1
5788 1
5788 1
5788 1
5788 1
5788 1
5788 1
5788 1
5788 1
5788 1
5828 1
5828 1
5828 1
5828 1
5828 1
5828 1
5828 1
5828 1
5828 1
5828 1
5828 1
5828 1
5828 1
5828 1
5828 1
5828 1
5828 1
5828 1
5828 1
5828 1
5828 1
5866 1
5866 1
5866 1
5866 1
5866 1
5866 1
5866 1
5866 1
5866 1
5866 1
5866 1
5866 1
5866 1
5866 1
5866 1
5866 1
5866 1
5866 1
5866 1
5866 1
5866 1
5905 1
5905 1
5905 1
5905 1
5905 1
5905 1
5905 1
5905 1
5905 1
5905 1
5905 1
5905 1
5905 1
5905 1
5905 1
5905 1
5905 1
5905 1
5905 1
5905 1
5905 1
5944 1
5944 1
5944 1
5944 1
5944 1
5944 1
5944 1
5944 1
5944 1
5944 1
5944 1
5944 1
5944 1
5944 1
5944 1
5944 1
5944 1
5944 1
5944 1
5944 1
5944 1
5984 1
5984 1
5984 1
5984 1
5984 1
5984 1
5984 1
5984 1
5984 1
5984 1
5984 1
5984 1
5984 1
5984 1
5984 1
5984 1
5984 1
5984 1
5984 1
5984 1
5984 1
6059 1
6059 1
6059 1
6059 1
6059 1
6059 1
6059 1
6059 1
6059 1
6059 1
6059 1
6059 1
6059 1
6059 1
6059 1
6059 1
6059 1
6059 1
6059 1
6059 1
6059 1
5906 1
5906 1
5906 1
5906 1
5906 1
5906 1
5906 1
5906 1
5906 1
5906 1
5906 1
5906 1
5906 1
5906 1
5906 1
5906 1
5906 1
5906 1
5906 1
5906 1
5906 1
5945 1
5945 1
5945 1
5945 1
5945 1
5945 1
5945 1
5945 1
5945 1
5945 1
5945 1
5945 1
5945 1
5945 1
5945 1
5945 1
5945 1
5945 1
5945 1
5945 1
5945 1
5985 1
5985 1
5985 1
5985 1
5985 1
5985 1
5985 1
5985 1
5985 1
5985 1
5985 1
5985 1
5985 1
5985 1
5985 1
5985 1
5985 1
5985 1
5985 1
5985 1
5985 1
6024 1
6024 1
6024 1
6024 1
6024 1
6024 1
6024 1
6024 1
6024 1
6024 1
6024 1
6024 1
6024 1
6024 1
6024 1
6024 1
6024 1
6024 1
6024 1
6024 1
6024 1
6097 1
6097 1
6097 1
6097 1
6097 1
6097 1
6097 1
6097 1
6097 1
6097 1
6097 1
6097 1
6097 1
6097 1
6097 1
6097 1
6097 1
6097 1
6097 1
6097 1
6097 1
6134 1
6134 1
6134 1
6134 1
6134 1
6134 1
6134 1
6134 1
6134 1
6134 1
6134 1
6134 1
6134 1
6134 1
6134 1
6134 1
6134 1
6134 1
6134 1
6134 1
6134 1
4726 1
4726 1
4726 1
4726 1
4726 1
4726 1
4726 1
4726 1
4726 1
4726 1
4726 1
4726 1
4726 1
4726 1
4726 1
4726 1
4726 1
4726 1
4726 1
4726 1
4726 1
4757 1
4757 1
4757 1
4757 1
4757 1
4757 1
4757 1
4757 1
4757 1
4757 1
4757 1
4757 1
4757 1
4757 1
4757 1
4757 1
4757 1
4757 1
4757 1
4757 1
4757 1
5986 1
5986 1
5986 1
5986 1
5986 1
5986 1
5986 1
5986 1
5986 1
5986 1
5986 1
5986 1
5986 1
5986 1
5986 1
5986 1
5986 1
5986 1
5986 1
5986 1
5986 1
6025 1
6025 1
6025 1
6025 1
6025 1
6025 1
6025 1
6025 1
6025 1
6025 1
6025 1
6025 1
6025 1
6025 1
6025 1
6025 1
6025 1
6025 1
6025 1
6025 1
6025 1
6061 1
6061 1
6061 1
6061 1
6061 1
6061 1
6061 1
6061 1
6061 1
6061 1
6061 1
6061 1
6061 1
6061 1
6061 1
6061 1
6061 1
6061 1
6061 1
6061 1
6061 1
6098 1
6098 1
6098 1
6098 1
6098 1
6098 1
6098 1
6098 1
6098 1
6098 1
6098 1
6098 1
6098 1
6098 1
6098 1
6098 1
6098 1
6098 1
6098 1
6098 1
6098 1
4383 1
4383 1
4383 1
4383 1
4383 1
4383 1
4383 1
4383 1
4383 1
4383 1
4383 1
4383 1
4383 1
4383 1
4383 1
4383 1
4383 1
4383 1
4383 1
4383 1
4383 1
4789 1
4789 1
4789 1
4789 1
4789 1
4789 1
4789 1
4789 1
4789 1
4789 1
4789 1
4789 1
4789 1
4789 1
4789 1
4789 1
4789 1
4789 1
4789 1
4789 1
4789 1
5084 1
5084 1
5084 1
5084 1
5084 1
5084 1
5084 1
5084 1
5084 1
5084 1
5084 1
5084 1
5084 1
5084 1
5084 1
5084 1
5084 1
5084 1
5084 1
5084 1
5084 1
5869 1
5869 1
5869 1
5869 1
5869 1
5869 1
5869 1
5869 1
5869 1
5869 1
5869 1
5869 1
5869 1
5869 1
5869 1
5869 1
5869 1
5869 1
5869 1
5869 1
5869 1
5987 1
5987 1
5987 1
5987 1
5987 1
5987 1
5987 1
5987 1
5987 1
5987 1
5987 1
5987 1
5987 1
5987 1
5987 1
5987 1
5987 1
5987 1
5987 1
5987 1
5987 1
6026 1
6026 1
6026 1
6026 1
6026 1
6026 1
6026 1
6026 1
6026 1
6026 1
6026 1
6026 1
6026 1
6026 1
6026 1
6026 1
6026 1
6026 1
6026 1
6026 1
6026 1
4328 1
4328 1
4328 1
4328 1
4328 1
4328 1
4328 1
4328 1
4328 1
4328 1
4328 1
4328 1
4328 1
4328 1
4328 1
4328 1
4328 1
4328 1
4328 1
4328 1
4328 1
4759 1
4759 1
4759 1
4759 1
4759 1
4759 1
4759 1
4759 1
4759 1
4759 1
4759 1
4759 1
4759 1
4759 1
4759 1
4759 1
4759 1
4759 1
4759 1
4759 1
4759 1
5042 1
5042 1
5042 1
5042 1
5042 1
5042 1
5042 1
5042 1
5042 1
5042 1
5042 1
5042 1
5042 1
5042 1
5042 1
5042 1
5042 1
5042 1
5042 1
5042 1
5042 1
5085 1
5085 1
5085 1
5085 1
5085 1
5085 1
5085 1
5085 1
5085 1
5085 1
5085 1
5085 1
5085 1
5085 1
5085 1
5085 1
5085 1
5085 1
5085 1
5085 1
5085 1
5988 1
5988 1
5988 1
5988 1
5988 1
5988 1
5988 1
5988 1
5988 1
5988 1
5988 1
5988 1
5988 1
5988 1
5988 1
5988 1
5988 1
5988 1
5988 1
5988 1
5988 1
6027 1
6027 1
6027 1
6027 1
6027 1
6027 1
6027 1
6027 1
6027 1
6027 1
6027 1
6027 1
6027 1
6027 1
6027 1
6027 1
6027 1
6027 1
6027 1
6027 1
6027 1
7050 1
7050 1
7050 1
7050 1
7050 1
7050 1
7050 1
7050 1
7050 1
7050 1
7050 1
7050 1
7050 1
7050 1
7050 1
7050 1
7050 1
7050 1
7050 1
7050 1
7050 1
7683 1
7683 1
7683 1
7683 1
7683 1
7683 1
7683 1
7683 1
7683 1
7683 1
7683 1
7683 1
7683 1
7683 1
7683 1
7683 1
7683 1
7683 1
7683 1
7683 1
7683 1
5833 1
5833 1
5833 1
5833 1
5833 1
5833 1
5833 1
5833 1
5833 1
5833 1
5833 1
5833 1
5833 1
5833 1
5833 1
5833 1
5833 1
5833 1
5833 1
5833 1
5833 1
5871 1
5871 1
5871 1
5871 1
5871 1
5871 1
5871 1
5871 1
5871 1
5871 1
5871 1
5871 1
5871 1
5871 1
5871 1
5871 1
5871 1
5871 1
5871 1
5871 1
5871 1
5910 1
5910 1
5910 1
5910 1
5910 1
5910 1
5910 1
5910 1
5910 1
5910 1
5910 1
5910 1
5910 1
5910 1
5910 1
5910 1
5910 1
5910 1
5910 1
5910 1
5910 1
5949 1
5949 1
5949 1
5949 1
5949 1
5949 1
5949 1
5949 1
5949 1
5949 1
5949 1
5949 1
5949 1
5949 1
5949 1
5949 1
5949 1
5949 1
5949 1
5949 1
5949 1
6028 1
6028 1
6028 1
6028 1
6028 1
6028 1
6028 1
6028 1
6028 1
6028 1
6028 1
6028 1
6028 1
6028 1
6028 1
6028 1
6028 1
6028 1
6028 1
6028 1
6028 1
6064 1
6064 1
6064 1
6064 1
6064 1
6064 1
6064 1
6064 1
6064 1
6064 1
6064 1
6064 1
6064 1
6064 1
6064 1
6064 1
6064 1
6064 1
6064 1
6064 1
6064 1
7270 1
7270 1
7270 1
7270 1
7270 1
7270 1
7270 1
7270 1
7270 1
7270 1
7270 1
7270 1
7270 1
7270 1
7270 1
7270 1
7270 1
7270 1
7270 1
7270 1
7270 1
7344 1
7344 1
7344 1
7344 1
7344 1
7344 1
7344 1
7344 1
7344 1
7344 1
7344 1
7344 1
7344 1
7344 1
7344 1
7344 1
7344 1
7344 1
7344 1
7344 1
7344 1
7422 1
7422 1
7422 1
7422 1
7422 1
7422 1
7422 1
7422 1
7422 1
7422 1
7422 1
7422 1
7422 1
7422 1
7422 1
7422 1
7422 1
7422 1
7422 1
7422 1
7422 1
7504 1
7504 1
7504 1
7504 1
7504 1
7504 1
7504 1
7504 1
7504 1
7504 1
7504 1
7504 1
7504 1
7504 1
7504 1
7504 1
7504 1
7504 1
7504 1
7504 1
7504 1
7592 1
7592 1
7592 1
7592 1
7592 1
7592 1
7592 1
7592 1
7592 1
7592 1
7592 1
7592 1
7592 1
7592 1
7592 1
7592 1
7592 1
7592 1
7592 1
7592 1
7592 1
7684 1
7684 1
7684 1
7684 1
7684 1
7684 1
7684 1
7684 1
7684 1
7684 1
7684 1
7684 1
7684 1
7684 1
7684 1
7684 1
7684 1
7684 1
7684 1
7684 1
7684 1
7779 1
7779 1
7779 1
7779 1
7779 1
7779 1
7779 1
7779 1
7779 1
7779 1
7779 1
7779 1
7779 1
7779 1
7779 1
7779 1
7779 1
7779 1
7779 1
7779 1
7779 1
7875 1
7875 1
7875 1
7875 1
7875 1
7875 1
7875 1
7875 1
7875 1
7875 1
7875 1
7875 1
7875 1
7875 1
7875 1
7875 1
7875 1
7875 1
7875 1
7875 1
7875 1
7980 1
7980 1
7980 1
7980 1
7980 1
7980 1
7980 1
7980 1
7980 1
7980 1
7980 1
7980 1
7980 1
7980 1
7980 1
7980 1
7980 1
7980 1
7980 1
7980 1
7980 1
8088 1
8088 1
8088 1
8088 1
8088 1
8088 1
8088 1
8088 1
8088 1
8088 1
8088 1
8088 1
8088 1
8088 1
8088 1
8088 1
8088 1
8088 1
8088 1
8088 1
8088 1
2184 1
2184 1
2184 1
2184 1
2184 1
2184 1
2184 1
2184 1
2184 1
2184 1
2184 1
2184 1
2184 1
2184 1
2184 1
2184 1
2184 1
2184 1
2184 1
2184 1
2184 1
2273 1
2273 1
2273 1
2273 1
2273 1
2273 1
2273 1
2273 1
2273 1
2273 1
2273 1
2273 1
2273 1
2273 1
2273 1
2273 1
2273 1
2273 1
2273 1
2273 1
2273 1
4700 1
4700 1
4700 1
4700 1
4700 1
4700 1
4700 1
4700 1
4700 1
4700 1
4700 1
4700 1
4700 1
4700 1
4700 1
4700 1
4700 1
4700 1
4700 1
4700 1
4700 1
5834 1
5834 1
5834 1
5834 1
5834 1
5834 1
5834 1
5834 1
5834 1
5834 1
5834 1
5834 1
5834 1
5834 1
5834 1
5834 1
5834 1
5834 1
5834 1
5834 1
5834 1
5872 1
5872 1
5872 1
5872 1
5872 1
5872 1
5872 1
5872 1
5872 1
5872 1
5872 1
5872 1
5872 1
5872 1
5872 1
5872 1
5872 1
5872 1
5872 1
5872 1
5872 1
5911 1
5911 1
5911 1
5911 1
5911 1
5911 1
5911 1
5911 1
5911 1
5911 1
5911 1
5911 1
5911 1
5911 1
5911 1
5911 1
5911 1
5911 1
5911 1
5911 1
5911 1
5950 1
5950 1
5950 1
5950 1
5950 1
5950 1
5950 1
5950 1
5950 1
5950 1
5950 1
5950 1
5950 1
5950 1
5950 1
5950 1
5950 1
5950 1
5950 1
5950 1
5950 1
6029 1
6029 1
6029 1
6029 1
6029 1
6029 1
6029 1
6029 1
6029 1
6029 1
6029 1
6029 1
6029 1
6029 1
6029 1
6029 1
6029 1
6029 1
6029 1
6029 1
6029 1
6102 1
6102 1
6102 1
6102 1
6102 1
6102 1
6102 1
6102 1
6102 1
6102 1
6102 1
6102 1
6102 1
6102 1
6102 1
6102 1
6102 1
6102 1
6102 1
6102 1
6102 1
7196 1
7196 1
7196 1
7196 1
7196 1
7196 1
7196 1
7196 1
7196 1
7196 1
7196 1
7196 1
7196 1
7196 1
7196 1
7196 1
7196 1
7196 1
7196 1
7196 1
7196 1
7423 1
7423 1
7423 1
7423 1
7423 1
7423 1
7423 1
7423 1
7423 1
7423 1
7423 1
7423 1
7423 1
7423 1
7423 1
7423 1
7423 1
7423 1
7423 1
7423 1
7423 1
7505 1
7505 1
7505 1
7505 1
7505 1
7505 1
7505 1
7505 1
7505 1
7505 1
7505 1
7505 1
7505 1
7505 1
7505 1
7505 1
7505 1
7505 1
7505 1
7505 1
7505 1
7593 1
7593 1
7593 1
7593 1
7593 1
7593 1
7593 1
7593 1
7593 1
7593 1
7593 1
7593 1
7593 1
7593 1
7593 1
7593 1
7593 1
7593 1
7593 1
7593 1
7593 1
7685 1
7685 1
7685 1
7685 1
7685 1
7685 1
7685 1
7685 1
7685 1
7685 1
7685 1
7685 1
7685 1
7685 1
7685 1
7685 1
7685 1
7685 1
7685 1
7685 1
7685 1
7780 1
7780 1
7780 1
7780 1
7780 1
7780 1
7780 1
7780 1
7780 1
7780 1
7780 1
7780 1
7780 1
7780 1
7780 1
7780 1
7780 1
7780 1
7780 1
7780 1
7780 1
7876 1
7876 1
7876 1
7876 1
7876 1
7876 1
7876 1
7876 1
7876 1
7876 1
7876 1
7876 1
7876 1
7876 1
7876 1
7876 1
7876 1
7876 1
7876 1
7876 1
7876 1
7981 1
7981 1
7981 1
7981 1
7981 1
7981 1
7981 1
7981 1
7981 1
7981 1
7981 1
7981 1
7981 1
7981 1
7981 1
7981 1
7981 1
7981 1
7981 1
7981 1
7981 1
8089 1
8089 1
8089 1
8089 1
8089 1
8089 1
8089 1
8089 1
8089 1
8089 1
8089 1
8089 1
8089 1
8089 1
8089 1
8089 1
8089 1
8089 1
8089 1
8089 1
8089 1
8200 1
8200 1
8200 1
8200 1
8200 1
8200 1
8200 1
8200 1
8200 1
8200 1
8200 1
8200 1
8200 1
8200 1
8200 1
8200 1
8200 1
8200 1
8200 1
8200 1
8200 1
8316 1
8316 1
8316 1
8316 1
8316 1
8316 1
8316 1
8316 1
8316 1
8316 1
8316 1
8316 1
8316 1
8316 1
8316 1
8316 1
8316 1
8316 1
8316 1
8316 1
8316 1
5088 1
5088 1
5088 1
5088 1
5088 1
5088 1
5088 1
5088 1
5088 1
5088 1
5088 1
5088 1
5088 1
5088 1
5088 1
5088 1
5088 1
5088 1
5088 1
5088 1
5088 1
5321 1
5321 1
5321 1
5321 1
5321 1
5321 1
5321 1
5321 1
5321 1
5321 1
5321 1
5321 1
5321 1
5321 1
5321 1
5321 1
5321 1
5321 1
5321 1
5321 1
5321 1
5873 1
5873 1
5873 1
5873 1
5873 1
5873 1
5873 1
5873 1
5873 1
5873 1
5873 1
5873 1
5873 1
5873 1
5873 1
5873 1
5873 1
5873 1
5873 1
5873 1
5873 1
7272 1
7272 1
7272 1
7272 1
7272 1
7272 1
7272 1
7272 1
7272 1
7272 1
7272 1
7272 1
7272 1
7272 1
7272 1
7272 1
7272 1
7272 1
7272 1
7272 1
7272 1
7877 1
7877 1
7877 1
7877 1
7877 1
7877 1
7877 1
7877 1
7877 1
7877 1
7877 1
7877 1
7877 1
7877 1
7877 1
7877 1
7877 1
7877 1
7877 1
7877 1
7877 1
7982 1
7982 1
7982 1
7982 1
7982 1
7982 1
7982 1
7982 1
7982 1
7982 1
7982 1
7982 1
7982 1
7982 1
7982 1
7982 1
7982 1
7982 1
7982 1
7982 1
7982 1
8090 1
8090 1
8090 1
8090 1
8090 1
8090 1
8090 1
8090 1
8090 1
8090 1
8090 1
8090 1
8090 1
8090 1
8090 1
8090 1
8090 1
8090 1
8090 1
8090 1
8090 1
8201 1
8201 1
8201 1
8201 1
8201 1
8201 1
8201 1
8201 1
8201 1
8201 1
8201 1
8201 1
8201 1
8201 1
8201 1
8201 1
8201 1
8201 1
8201 1
8201 1
8201 1
8317 1
8317 1
8317 1
8317 1
8317 1
8317 1
8317 1
8317 1
8317 1
8317 1
8317 1
8317 1
8317 1
8317 1
8317 1
8317 1
8317 1
8317 1
8317 1
8317 1
8317 1
8555 1
8555 1
8555 1
8555 1
8555 1
8555 1
8555 1
8555 1
8555 1
8555 1
8555 1
8555 1
8555 1
8555 1
8555 1
8555 1
8555 1
8555 1
8555 1
8555 1
8555 1
2090 1
2090 1
2090 1
2090 1
2090 1
2090 1
2090 1
2090 1
2090 1
2090 1
2090 1
2090 1
2090 1
2090 1
2090 1
2090 1
2090 1
2090 1
2090 1
2090 1
2090 1
2186 1
2186 1
2186 1
2186 1
2186 1
2186 1
2186 1
2186 1
2186 1
2186 1
2186 1
2186 1
2186 1
2186 1
2186 1
2186 1
2186 1
2186 1
2186 1
2186 1
2186 1
5474 1
5474 1
5474 1
5474 1
5474 1
5474 1
5474 1
5474 1
5474 1
5474 1
5474 1
5474 1
5474 1
5474 1
5474 1
5474 1
5474 1
5474 1
5474 1
5474 1
5474 1
5874 1
5874 1
5874 1
5874 1
5874 1
5874 1
5874 1
5874 1
5874 1
5874 1
5874 1
5874 1
5874 1
5874 1
5874 1
5874 1
5874 1
5874 1
5874 1
5874 1
5874 1
8202 1
8202 1
8202 1
8202 1
8202 1
8202 1
8202 1
8202 1
8202 1
8202 1
8202 1
8202 1
8202 1
8202 1
8202 1
8202 1
8202 1
8202 1
8202 1
8202 1
8202 1
8318 1
8318 1
8318 1
8318 1
8318 1
8318 1
8318 1
8318 1
8318 1
8318 1
8318 1
8318 1
8318 1
8318 1
8318 1
8318 1
8318 1
8318 1
8318 1
8318 1
8318 1
8435 1
8435 1
8435 1
8435 1
8435 1
8435 1
8435 1
8435 1
8435 1
8435 1
8435 1
8435 1
8435 1
8435 1
8435 1
8435 1
8435 1
8435 1
8435 1
8435 1
8435 1
1997 1
1997 1
1997 1
1997 1
1997 1
1997 1
1997 1
1997 1
1997 1
1997 1
1997 1
1997 1
1997 1
1997 1
1997 1
1997 1
1997 1
1997 1
1997 1
1997 1
1997 1
5172 1
5172 1
5172 1
5172 1
5172 1
5172 1
5172 1
5172 1
5172 1
5172 1
5172 1
5172 1
5172 1
5172 1
5172 1
5172 1
5172 1
5172 1
5172 1
5172 1
5172 1
5247 1
5247 1
5247 1
5247 1
5247 1
5247 1
5247 1
5247 1
5247 1
5247 1
5247 1
5247 1
5247 1
5247 1
5247 1
5247 1
5247 1
5247 1
5247 1
5247 1
5247 1
8436 1
8436 1
8436 1
8436 1
8436 1
8436 1
8436 1
8436 1
8436 1
8436 1
8436 1
8436 1
8436 1
8436 1
8436 1
8436 1
8436 1
8436 1
8436 1
8436 1
8436 1
8557 1
8557 1
8557 1
8557 1
8557 1
8557 1
8557 1
8557 1
8557 1
8557 1
8557 1
8557 1
8557 1
8557 1
8557 1
8557 1
8557 1
8557 1
8557 1
8557 1
8557 1
8679 1
8679 1
8679 1
8679 1
8679 1
8679 1
8679 1
8679 1
8679 1
8679 1
8679 1
8679 1
8679 1
8679 1
8679 1
8679 1
8679 1
8679 1
8679 1
8679 1
8679 1
1905 1
1905 1
1905 1
1905 1
1905 1
1905 1
1905 1
1905 1
1905 1
1905 1
1905 1
1905 1
1905 1
1905 1
1905 1
1905 1
1905 1
1905 1
1905 1
1905 1
1905 1
5002 1
5002 1
5002 1
5002 1
5002 1
5002 1
5002 1
5002 1
5002 1
5002 1
5002 1
5002 1
5002 1
5002 1
5002 1
5002 1
5002 1
5002 1
5002 1
5002 1
5002 1
5133 1
5133 1
5133 1
5133 1
5133 1
5133 1
5133 1
5133 1
5133 1
5133 1
5133 1
5133 1
5133 1
5133 1
5133 1
5133 1
5133 1
5133 1
5133 1
5133 1
5133 1
5173 1
5173 1
5173 1
5173 1
5173 1
5173 1
5173 1
5173 1
5173 1
5173 1
5173 1
5173 1
5173 1
5173 1
5173 1
5173 1
5173 1
5173 1
5173 1
5173 1
5173 1
5210 1
5210 1
5210 1
5210 1
5210 1
5210 1
5210 1
5210 1
5210 1
5210 1
5210 1
5210 1
5210 1
5210 1
5210 1
5210 1
5210 1
5210 1
5210 1
5210 1
5210 1
2093 1
2093 1
2093 1
2093 1
2093 1
2093 1
2093 1
2093 1
2093 1
2093 1
2093 1
2093 1
2093 1
2093 1
2093 1
2093 1
2093 1
2093 1
2093 1
2093 1
2093 1
5175 1
5175 1
5175 1
5175 1
5175 1
5175 1
5175 1
5175 1
5175 1
5175 1
5175 1
5175 1
5175 1
5175 1
5175 1
5175 1
5175 1
5175 1
5175 1
5175 1
5175 1
5878 1
5878 1
5878 1
5878 1
5878 1
5878 1
5878 1
5878 1
5878 1
5878 1
5878 1
5878 1
5878 1
5878 1
5878 1
5878 1
5878 1
5878 1
5878 1
5878 1
5878 1
5722 1
5722 1
5722 1
5722 1
5722 1
5722 1
5722 1
5722 1
5722 1
5722 1
5722 1
5722 1
5722 1
5722 1
5722 1
5722 1
5722 1
5722 1
5722 1
5722 1
5722 1
2197 1
2197 1
2197 1
2197 1
2197 1
2197 1
2197 1
2197 1
2197 1
2197 1
2197 1
2197 1
2197 1
2197 1
2197 1
2197 1
2197 1
2197 1
2197 1
2197 1
2197 1
3526 1
3526 1
3526 1
3526 1
3526 1
3526 1
3526 1
3526 1
3526 1
3526 1
3526 1
3526 1
3526 1
3526 1
3526 1
3526 1
3526 1
3526 1
3526 1
3526 1
3526 1
3091 1
3091 1
3091 1
3091 1
3091 1
3091 1
3091 1
3091 1
3091 1
3091 1
3091 1
3091 1
3091 1
3091 1
3091 1
3091 1
3091 1
3091 1
3091 1
3091 1
3091 1
3412 1
3412 1
3412 1
3412 1
3412 1
3412 1
3412 1
3412 1
3412 1
3412 1
3412 1
3412 1
3412 1
3412 1
3412 1
3412 1
3412 1
3412 1
3412 1
3412 1
3412 1
3034 1
3034 1
3034 1
3034 1
3034 1
3034 1
3034 1
3034 1
3034 1
3034 1
3034 1
3034 1
3034 1
3034 1
3034 1
3034 1
3034 1
3034 1
3034 1
3034 1
3034 1
3257 1
3257 1
3257 1
3257 1
3257 1
3257 1
3257 1
3257 1
3257 1
3257 1
3257 1
3257 1
3257 1
3257 1
3257 1
3257 1
3257 1
3257 1
3257 1
3257 1
3257 1
3659 1
3659 1
3659 1
3659 1
3659 1
3659 1
3659 1
3659 1
3659 1
3659 1
3659 1
3659 1
3659 1
3659 1
3659 1
3659 1
3659 1
3659 1
3659 1
3659 1
3659 1
3576 1
3576 1
3576 1
3576 1
3576 1
3576 1
3576 1
3576 1
3576 1
3576 1
3576 1
3576 1
3576 1
3576 1
3576 1
3576 1
3576 1
3576 1
3576 1
3576 1
3576 1
3617 1
3617 1
3617 1
3617 1
3617 1
3617 1
3617 1
3617 1
3617 1
3617 1
3617 1
3617 1
3617 1
3617 1
3617 1
3617 1
3617 1
3617 1
3617 1
3617 1
3617 1
3660 1
3660 1
3660 1
3660 1
3660 1
3660 1
3660 1
3660 1
3660 1
3660 1
3660 1
3660 1
3660 1
3660 1
3660 1
3660 1
3660 1
3660 1
3660 1
3660 1
3660 1
3661 1
3661 1
3661 1
3661 1
3661 1
3661 1
3661 1
3661 1
3661 1
3661 1
3661 1
3661 1
3661 1
3661 1
3661 1
3661 1
3661 1
3661 1
3661 1
3661 1
3661 1
3701 1
3701 1
3701 1
3701 1
3701 1
3701 1
3701 1
3701 1
3701 1
3701 1
3701 1
3701 1
3701 1
3701 1
3701 1
3701 1
3701 1
3701 1
3701 1
3701 1
3701 1
3619 1
3619 1
3619 1
3619 1
3619 1
3619 1
3619 1
3619 1
3619 1
3619 1
3619 1
3619 1
3619 1
3619 1
3619 1
3619 1
3619 1
3619 1
3619 1
3619 1
3619 1
3579 1
3579 1
3579 1
3579 1
3579 1
3579 1
3579 1
3579 1
3579 1
3579 1
3579 1
3579 1
3579 1
3579 1
3579 1
3579 1
3579 1
3579 1
3579 1
3579 1
3579 1
3620 1
3620 1
3620 1
3620 1
3620 1
3620 1
3620 1
3620 1
3620 1
3620 1
3620 1
3620 1
3620 1
3620 1
3620 1
3620 1
3620 1
3620 1
3620 1
3620 1
3620 1
3663 1
3663 1
3663 1
3663 1
3663 1
3663 1
3663 1
3663 1
3663 1
3663 1
3663 1
3663 1
3663 1
3663 1
3663 1
3663 1
3663 1
3663 1
3663 1
3663 1
3663 1
3703 1
3703 1
3703 1
3703 1
3703 1
3703 1
3703 1
3703 1
3703 1
3703 1
3703 1
3703 1
3703 1
3703 1
3703 1
3703 1
3703 1
3703 1
3703 1
3703 1
3703 1
3209 1
3209 1
3209 1
3209 1
3209 1
3209 1
3209 1
3209 1
3209 1
3209 1
3209 1
3209 1
3209 1
3209 1
3209 1
3209 1
3209 1
3209 1
3209 1
3209 1
3209 1
3323 1
3323 1
3323 1
3323 1
3323 1
3323 1
3323 1
3323 1
3323 1
3323 1
3323 1
3323 1
3323 1
3323 1
3323 1
3323 1
3323 1
3323 1
3323 1
3323 1
3323 1
3374 1
3374 1
3374 1
3374 1
3374 1
3374 1
3374 1
3374 1
3374 1
3374 1
3374 1
3374 1
3374 1
3374 1
3374 1
3374 1
3374 1
3374 1
3374 1
3374 1
3374 1
3499 1
3499 1
3499 1
3499 1
3499 1
3499 1
3499 1
3499 1
3499 1
3499 1
3499 1
3499 1
3499 1
3499 1
3499 1
3499 1
3499 1
3499 1
3499 1
3499 1
3499 1
3537 1
3537 1
3537 1
3537 1
3537 1
3537 1
3537 1
3537 1
3537 1
3537 1
3537 1
3537 1
3537 1
3537 1
3537 1
3537 1
3537 1
3537 1
3537 1
3537 1
3537 1
3664 1
3664 1
3664 1
3664 1
3664 1
3664 1
3664 1
3664 1
3664 1
3664 1
3664 1
3664 1
3664 1
3664 1
3664 1
3664 1
3664 1
3664 1
3664 1
3664 1
3664 1
3538 1
3538 1
3538 1
3538 1
3538 1
3538 1
3538 1
3538 1
3538 1
3538 1
3538 1
3538 1
3538 1
3538 1
3538 1
3538 1
3538 1
3538 1
3538 1
3538 1
3538 1
3581 1
3581 1
3581 1
3581 1
3581 1
3581 1
3581 1
3581 1
3581 1
3581 1
3581 1
3581 1
3581 1
3581 1
3581 1
3581 1
3581 1
3581 1
3581 1
3581 1
3581 1
3622 1
3622 1
3622 1
3622 1
3622 1
3622 1
3622 1
3622 1
3622 1
3622 1
3622 1
3622 1
3622 1
3622 1
3622 1
3622 1
3622 1
3622 1
3622 1
3622 1
3622 1
3665 1
3665 1
3665 1
3665 1
3665 1
3665 1
3665 1
3665 1
3665 1
3665 1
3665 1
3665 1
3665 1
3665 1
3665 1
3665 1
3665 1
3665 1
3665 1
3665 1
3665 1
3582 1
3582 1
3582 1
3582 1
3582 1
3582 1
3582 1
3582 1
3582 1
3582 1
3582 1
3582 1
3582 1
3582 1
3582 1
3582 1
3582 1
3582 1
3582 1
3582 1
3582 1
3623 1
3623 1
3623 1
3623 1
3623 1
3623 1
3623 1
3623 1
3623 1
3623 1
3623 1
3623 1
3623 1
3623 1
3623 1
3623 1
3623 1
3623 1
3623 1
3623 1
3623 1
3666 1
3666 1
3666 1
3666 1
3666 1
3666 1
3666 1
3666 1
3666 1
3666 1
3666 1
3666 1
3666 1
3666 1
3666 1
3666 1
3666 1
3666 1
3666 1
3666 1
3666 1
3212 1
3212 1
3212 1
3212 1
3212 1
3212 1
3212 1
3212 1
3212 1
3212 1
3212 1
3212 1
3212 1
3212 1
3212 1
3212 1
3212 1
3212 1
3212 1
3212 1
3212 1
3502 1
3502 1
3502 1
3502 1
3502 1
3502 1
3502 1
3502 1
3502 1
3502 1
3502 1
3502 1
3502 1
3502 1
3502 1
3502 1
3502 1
3502 1
3502 1
3502 1
3502 1
3540 1
3540 1
3540 1
3540 1
3540 1
3540 1
3540 1
3540 1
3540 1
3540 1
3540 1
3540 1
3540 1
3540 1
3540 1
3540 1
3540 1
3540 1
3540 1
3540 1
3540 1
3667 1
3667 1
3667 1
3667 1
3667 1
3667 1
3667 1
3667 1
3667 1
3667 1
3667 1
3667 1
3667 1
3667 1
3667 1
3667 1
3667 1
3667 1
3667 1
3667 1
3667 1
3157 1
3157 1
3157 1
3157 1
3157 1
3157 1
3157 1
3157 1
3157 1
3157 1
3157 1
3157 1
3157 1
3157 1
3157 1
3157 1
3157 1
3157 1
3157 1
3157 1
3157 1
3213 1
3213 1
3213 1
3213 1
3213 1
3213 1
3213 1
3213 1
3213 1
3213 1
3213 1
3213 1
3213 1
3213 1
3213 1
3213 1
3213 1
3213 1
3213 1
3213 1
3213 1
3267 1
3267 1
3267 1
3267 1
3267 1
3267 1
3267 1
3267 1
3267 1
3267 1
3267 1
3267 1
3267 1
3267 1
3267 1
3267 1
3267 1
3267 1
3267 1
3267 1
3267 1
3327 1
3327 1
3327 1
3327 1
3327 1
3327 1
3327 1
3327 1
3327 1
3327 1
3327 1
3327 1
3327 1
3327 1
3327 1
3327 1
3327 1
3327 1
3327 1
3327 1
3327 1
3423 1
3423 1
3423 1
3423 1
3423 1
3423 1
3423 1
3423 1
3423 1
3423 1
3423 1
3423 1
3423 1
3423 1
3423 1
3423 1
3423 1
3423 1
3423 1
3423 1
3423 1
3503 1
3503 1
3503 1
3503 1
3503 1
3503 1
3503 1
3503 1
3503 1
3503 1
3503 1
3503 1
3503 1
3503 1
3503 1
3503 1
3503 1
3503 1
3503 1
3503 1
3503 1
3541 1
3541 1
3541 1
3541 1
3541 1
3541 1
3541 1
3541 1
3541 1
3541 1
3541 1
3541 1
3541 1
3541 1
3541 1
3541 1
3541 1
3541 1
3541 1
3541 1
3541 1
3584 1
3584 1
3584 1
3584 1
3584 1
3584 1
3584 1
3584 1
3584 1
3584 1
3584 1
3584 1
3584 1
3584 1
3584 1
3584 1
3584 1
3584 1
3584 1
3584 1
3584 1
3625 1
3625 1
3625 1
3625 1
3625 1
3625 1
3625 1
3625 1
3625 1
3625 1
3625 1
3625 1
3625 1
3625 1
3625 1
3625 1
3625 1
3625 1
3625 1
3625 1
3625 1
3214 1
3214 1
3214 1
3214 1
3214 1
3214 1
3214 1
3214 1
3214 1
3214 1
3214 1
3214 1
3214 1
3214 1
3214 1
3214 1
3214 1
3214 1
3214 1
3214 1
3214 1
3268 1
3268 1
3268 1
3268 1
3268 1
3268 1
3268 1
3268 1
3268 1
3268 1
3268 1
3268 1
3268 1
3268 1
3268 1
3268 1
3268 1
3268 1
3268 1
3268 1
3268 1
3328 1
3328 1
3328 1
3328 1
3328 1
3328 1
3328 1
3328 1
3328 1
3328 1
3328 1
3328 1
3328 1
3328 1
3328 1
3328 1
3328 1
3328 1
3328 1
3328 1
3328 1
3379 1
3379 1
3379 1
3379 1
3379 1
3379 1
3379 1
3379 1
3379 1
3379 1
3379 1
3379 1
3379 1
3379 1
3379 1
3379 1
3379 1
3379 1
3379 1
3379 1
3379 1
3542 1
3542 1
3542 1
3542 1
3542 1
3542 1
3542 1
3542 1
3542 1
3542 1
3542 1
3542 1
3542 1
3542 1
3542 1
3542 1
3542 1
3542 1
3542 1
3542 1
3542 1
3585 1
3585 1
3585 1
3585 1
3585 1
3585 1
3585 1
3585 1
3585 1
3585 1
3585 1
3585 1
3585 1
3585 1
3585 1
3585 1
3585 1
3585 1
3585 1
3585 1
3585 1
2857 1
2857 1
2857 1
2857 1
2857 1
2857 1
2857 1
2857 1
2857 1
2857 1
2857 1
2857 1
2857 1
2857 1
2857 1
2857 1
2857 1
2857 1
2857 1
2857 1
2857 1
2923 1
2923 1
2923 1
2923 1
2923 1
2923 1
2923 1
2923 1
2923 1
2923 1
2923 1
2923 1
2923 1
2923 1
2923 1
2923 1
2923 1
2923 1
2923 1
2923 1
2923 1
3329 1
3329 1
3329 1
3329 1
3329 1
3329 1
3329 1
3329 1
3329 1
3329 1
3329 1
3329 1
3329 1
3329 1
3329 1
3329 1
3329 1
3329 1
3329 1
3329 1
3329 1
2786 1
2786 1
2786 1
2786 1
2786 1
2786 1
2786 1
2786 1
2786 1
2786 1
2786 1
2786 1
2786 1
2786 1
2786 1
2786 1
2786 1
2786 1
2786 1
2786 1
2786 1
2858 1
2858 1
2858 1
2858 1
2858 1
2858 1
2858 1
2858 1
2858 1
2858 1
2858 1
2858 1
2858 1
2858 1
2858 1
2858 1
2858 1
2858 1
2858 1
2858 1
2858 1
2924 1
2924 1
2924 1
2924 1
2924 1
2924 1
2924 1
2924 1
2924 1
2924 1
2924 1
2924 1
2924 1
2924 1
2924 1
2924 1
2924 1
2924 1
2924 1
2924 1
2924 1
2859 1
2859 1
2859 1
2859 1
2859 1
2859 1
2859 1
2859 1
2859 1
2859 1
2859 1
2859 1
2859 1
2859 1
2859 1
2859 1
2859 1
2859 1
2859 1
2859 1
2859 1
2925 1
2925 1
2925 1
2925 1
2925 1
2925 1
2925 1
2925 1
2925 1
2925 1
2925 1
2925 1
2925 1
2925 1
2925 1
2925 1
2925 1
2925 1
2925 1
2925 1
2925 1
2988 1
2988 1
2988 1
2988 1
2988 1
2988 1
2988 1
2988 1
2988 1
2988 1
2988 1
2988 1
2988 1
2988 1
2988 1
2988 1
2988 1
2988 1
2988 1
2988 1
2988 1
3047 1
3047 1
3047 1
3047 1
3047 1
3047 1
3047 1
3047 1
3047 1
3047 1
3047 1
3047 1
3047 1
3047 1
3047 1
3047 1
3047 1
3047 1
3047 1
3047 1
3047 1
3106 1
3106 1
3106 1
3106 1
3106 1
3106 1
3106 1
3106 1
3106 1
3106 1
3106 1
3106 1
3106 1
3106 1
3106 1
3106 1
3106 1
3106 1
3106 1
3106 1
3106 1
3470 1
3470 1
3470 1
3470 1
3470 1
3470 1
3470 1
3470 1
3470 1
3470 1
3470 1
3470 1
3470 1
3470 1
3470 1
3470 1
3470 1
3470 1
3470 1
3470 1
3470 1
3507 1
3507 1
3507 1
3507 1
3507 1
3507 1
3507 1
3507 1
3507 1
3507 1
3507 1
3507 1
3507 1
3507 1
3507 1
3507 1
3507 1
3507 1
3507 1
3507 1
3507 1
2989 1
2989 1
2989 1
2989 1
2989 1
2989 1
2989 1
2989 1
2989 1
2989 1
2989 1
2989 1
2989 1
2989 1
2989 1
2989 1
2989 1
2989 1
2989 1
2989 1
2989 1
3107 1
3107 1
3107 1
3107 1
3107 1
3107 1
3107 1
3107 1
3107 1
3107 1
3107 1
3107 1
3107 1
3107 1
3107 1
3107 1
3107 1
3107 1
3107 1
3107 1
3107 1
3162 1
3162 1
3162 1
3162 1
3162 1
3162 1
3162 1
3162 1
3162 1
3162 1
3162 1
3162 1
3162 1
3162 1
3162 1
3162 1
3162 1
3162 1
3162 1
3162 1
3162 1
2718 1
2718 1
2718 1
2718 1
2718 1
2718 1
2718 1
2718 1
2718 1
2718 1
2718 1
2718 1
2718 1
2718 1
2718 1
2718 1
2718 1
2718 1
2718 1
2718 1
2718 1
2789 1
2789 1
2789 1
2789 1
2789 1
2789 1
2789 1
2789 1
2789 1
2789 1
2789 1
2789 1
2789 1
2789 1
2789 1
2789 1
2789 1
2789 1
2789 1
2789 1
2789 1
2861 1
2861 1
2861 1
2861 1
2861 1
2861 1
2861 1
2861 1
2861 1
2861 1
2861 1
2861 1
2861 1
2861 1
2861 1
2861 1
2861 1
2861 1
2861 1
2861 1
2861 1
2927 1
2927 1
2927 1
2927 1
2927 1
2927 1
2927 1
2927 1
2927 1
2927 1
2927 1
2927 1
2927 1
2927 1
2927 1
2927 1
2927 1
2927 1
2927 1
2927 1
2927 1
2990 1
2990 1
2990 1
2990 1
2990 1
2990 1
2990 1
2990 1
2990 1
2990 1
2990 1
2990 1
2990 1
2990 1
2990 1
2990 1
2990 1
2990 1
2990 1
2990 1
2990 1
3049 1
3049 1
3049 1
3049 1
3049 1
3049 1
3049 1
3049 1
3049 1
3049 1
3049 1
3049 1
3049 1
3049 1
3049 1
3049 1
3049 1
3049 1
3049 1
3049 1
3049 1
3108 1
3108 1
3108 1
3108 1
3108 1
3108 1
3108 1
3108 1
3108 1
3108 1
3108 1
3108 1
3108 1
3108 1
3108 1
3108 1
3108 1
3108 1
3108 1
3108 1
3108 1
3163 1
3163 1
3163 1
3163 1
3163 1
3163 1
3163 1
3163 1
3163 1
3163 1
3163 1
3163 1
3163 1
3163 1
3163 1
3163 1
3163 1
3163 1
3163 1
3163 1
3163 1
3219 1
3219 1
3219 1
3219 1
3219 1
3219 1
3219 1
3219 1
3219 1
3219 1
3219 1
3219 1
3219 1
3219 1
3219 1
3219 1
3219 1
3219 1
3219 1
3219 1
3219 1
3333 1
3333 1
3333 1
3333 1
3333 1
3333 1
3333 1
3333 1
3333 1
3333 1
3333 1
3333 1
3333 1
3333 1
3333 1
3333 1
3333 1
3333 1
3333 1
3333 1
3333 1
1663 1
1663 1
1663 1
1663 1
1663 1
1663 1
1663 1
1663 1
1663 1
1663 1
1663 1
1663 1
1663 1
1663 1
1663 1
1663 1
1663 1
1663 1
1663 1
1663 1
1663 1
2719 1
2719 1
2719 1
2719 1
2719 1
2719 1
2719 1
2719 1
2719 1
2719 1
2719 1
2719 1
2719 1
2719 1
2719 1
2719 1
2719 1
2719 1
2719 1
2719 1
2719 1
2862 1
2862 1
2862 1
2862 1
2862 1
2862 1
2862 1
2862 1
2862 1
2862 1
2862 1
2862 1
2862 1
2862 1
2862 1
2862 1
2862 1
2862 1
2862 1
2862 1
2862 1
3050 1
3050 1
3050 1
3050 1
3050 1
3050 1
3050 1
3050 1
3050 1
3050 1
3050 1
3050 1
3050 1
3050 1
3050 1
3050 1
3050 1
3050 1
3050 1
3050 1
3050 1
3109 1
3109 1
3109 1
3109 1
3109 1
3109 1
3109 1
3109 1
3109 1
3109 1
3109 1
3109 1
3109 1
3109 1
3109 1
3109 1
3109 1
3109 1
3109 1
3109 1
3109 1
1664 1
1664 1
1664 1
1664 1
1664 1
1664 1
1664 1
1664 1
1664 1
1664 1
1664 1
1664 1
1664 1
1664 1
1664 1
1664 1
1664 1
1664 1
1664 1
1664 1
1664 1
2791 1
2791 1
2791 1
2791 1
2791 1
2791 1
2791 1
2791 1
2791 1
2791 1
2791 1
2791 1
2791 1
2791 1
2791 1
2791 1
2791 1
2791 1
2791 1
2791 1
2791 1
2863 1
2863 1
2863 1
2863 1
2863 1
2863 1
2863 1
2863 1
2863 1
2863 1
2863 1
2863 1
2863 1
2863 1
2863 1
2863 1
2863 1
2863 1
2863 1
2863 1
2863 1
2992 1
2992 1
2992 1
2992 1
2992 1
2992 1
2992 1
2992 1
2992 1
2992 1
2992 1
2992 1
2992 1
2992 1
2992 1
2992 1
2992 1
2992 1
2992 1
2992 1
2992 1
3051 1
3051 1
3051 1
3051 1
3051 1
3051 1
3051 1
3051 1
3051 1
3051 1
3051 1
3051 1
3051 1
3051 1
3051 1
3051 1
3051 1
3051 1
3051 1
3051 1
3051 1
1665 1
1665 1
1665 1
1665 1
1665 1
1665 1
1665 1
1665 1
1665 1
1665 1
1665 1
1665 1
1665 1
1665 1
1665 1
1665 1
1665 1
1665 1
1665 1
1665 1
1665 1
1941 1
1941 1
1941 1
1941 1
1941 1
1941 1
1941 1
1941 1
1941 1
1941 1
1941 1
1941 1
1941 1
1941 1
1941 1
1941 1
1941 1
1941 1
1941 1
1941 1
1941 1
2036 1
2036 1
2036 1
2036 1
2036 1
2036 1
2036 1
2036 1
2036 1
2036 1
2036 1
2036 1
2036 1
2036 1
2036 1
2036 1
2036 1
2036 1
2036 1
2036 1
2036 1
2130 1
2130 1
2130 1
2130 1
2130 1
2130 1
2130 1
2130 1
2130 1
2130 1
2130 1
2130 1
2130 1
2130 1
2130 1
2130 1
2130 1
2130 1
2130 1
2130 1
2130 1
2225 1
2225 1
2225 1
2225 1
2225 1
2225 1
2225 1
2225 1
2225 1
2225 1
2225 1
2225 1
2225 1
2225 1
2225 1
2225 1
2225 1
2225 1
2225 1
2225 1
2225 1
2405 1
2405 1
2405 1
2405 1
2405 1
2405 1
2405 1
2405 1
2405 1
2405 1
2405 1
2405 1
2405 1
2405 1
2405 1
2405 1
2405 1
2405 1
2405 1
2405 1
2405 1
2864 1
2864 1
2864 1
2864 1
2864 1
2864 1
2864 1
2864 1
2864 1
2864 1
2864 1
2864 1
2864 1
2864 1
2864 1
2864 1
2864 1
2864 1
2864 1
2864 1
2864 1
2930 1
2930 1
2930 1
2930 1
2930 1
2930 1
2930 1
2930 1
2930 1
2930 1
2930 1
2930 1
2930 1
2930 1
2930 1
2930 1
2930 1
2930 1
2930 1
2930 1
2930 1
1584 1
1584 1
1584 1
1584 1
1584 1
1584 1
1584 1
1584 1
1584 1
1584 1
1584 1
1584 1
1584 1
1584 1
1584 1
1584 1
1584 1
1584 1
1584 1
1584 1
1584 1
1666 1
1666 1
1666 1
1666 1
1666 1
1666 1
1666 1
1666 1
1666 1
1666 1
1666 1
1666 1
1666 1
1666 1
1666 1
1666 1
1666 1
1666 1
1666 1
1666 1
1666 1
2131 1
2131 1
2131 1
2131 1
2131 1
2131 1
2131 1
2131 1
2131 1
2131 1
2131 1
2131 1
2131 1
2131 1
2131 1
2131 1
2131 1
2131 1
2131 1
2131 1
2131 1
2226 1
2226 1
2226 1
2226 1
2226 1
2226 1
2226 1
2226 1
2226 1
2226 1
2226 1
2226 1
2226 1
2226 1
2226 1
2226 1
2226 1
2226 1
2226 1
2226 1
2226 1
2315 1
2315 1
2315 1
2315 1
2315 1
2315 1
2315 1
2315 1
2315 1
2315 1
2315 1
2315 1
2315 1
2315 1
2315 1
2315 1
2315 1
2315 1
2315 1
2315 1
2315 1
2491 1
2491 1
2491 1
2491 1
2491 1
2491 1
2491 1
2491 1
2491 1
2491 1
2491 1
2491 1
2491 1
2491 1
2491 1
2491 1
2491 1
2491 1
2491 1
2491 1
2491 1
2793 1
2793 1
2793 1
2793 1
2793 1
2793 1
2793 1
2793 1
2793 1
2793 1
2793 1
2793 1
2793 1
2793 1
2793 1
2793 1
2793 1
2793 1
2793 1
2793 1
2793 1
2865 1
2865 1
2865 1
2865 1
2865 1
2865 1
2865 1
2865 1
2865 1
2865 1
2865 1
2865 1
2865 1
2865 1
2865 1
2865 1
2865 1
2865 1
2865 1
2865 1
2865 1
2931 1
2931 1
2931 1
2931 1
2931 1
2931 1
2931 1
2931 1
2931 1
2931 1
2931 1
2931 1
2931 1
2931 1
2931 1
2931 1
2931 1
2931 1
2931 1
2931 1
2931 1
3112 1
3112 1
3112 1
3112 1
3112 1
3112 1
3112 1
3112 1
3112 1
3112 1
3112 1
3112 1
3112 1
3112 1
3112 1
3112 1
3112 1
3112 1
3112 1
3112 1
3112 1
1757 1
1757 1
1757 1
1757 1
1757 1
1757 1
1757 1
1757 1
1757 1
1757 1
1757 1
1757 1
1757 1
1757 1
1757 1
1757 1
1757 1
1757 1
1757 1
1757 1
1757 1
1943 1
1943 1
1943 1
1943 1
1943 1
1943 1
1943 1
1943 1
1943 1
1943 1
1943 1
1943 1
1943 1
1943 1
1943 1
1943 1
1943 1
1943 1
1943 1
1943 1
1943 1
2038 1
2038 1
2038 1
2038 1
2038 1
2038 1
2038 1
2038 1
2038 1
2038 1
2038 1
2038 1
2038 1
2038 1
2038 1
2038 1
2038 1
2038 1
2038 1
2038 1
2038 1
2227 1
2227 1
2227 1
2227 1
2227 1
2227 1
2227 1
2227 1
2227 1
2227 1
2227 1
2227 1
2227 1
2227 1
2227 1
2227 1
2227 1
2227 1
2227 1
2227 1
2227 1
2316 1
2316 1
2316 1
2316 1
2316 1
2316 1
2316 1
2316 1
2316 1
2316 1
2316 1
2316 1
2316 1
2316 1
2316 1
2316 1
2316 1
2316 1
2316 1
2316 1
2316 1
2407 1
2407 1
2407 1
2407 1
2407 1
2407 1
2407 1
2407 1
2407 1
2407 1
2407 1
2407 1
2407 1
2407 1
2407 1
2407 1
2407 1
2407 1
2407 1
2407 1
2407 1
2492 1
2492 1
2492 1
2492 1
2492 1
2492 1
2492 1
2492 1
2492 1
2492 1
2492 1
2492 1
2492 1
2492 1
2492 1
2492 1
2492 1
2492 1
2492 1
2492 1
2492 1
2574 1
2574 1
2574 1
2574 1
2574 1
2574 1
2574 1
2574 1
2574 1
2574 1
2574 1
2574 1
2574 1
2574 1
2574 1
2574 1
2574 1
2574 1
2574 1
2574 1
2574 1
2651 1
2651 1
2651 1
2651 1
2651 1
2651 1
2651 1
2651 1
2651 1
2651 1
2651 1
2651 1
2651 1
2651 1
2651 1
2651 1
2651 1
2651 1
2651 1
2651 1
2651 1
2723 1
2723 1
2723 1
2723 1
2723 1
2723 1
2723 1
2723 1
2723 1
2723 1
2723 1
2723 1
2723 1
2723 1
2723 1
2723 1
2723 1
2723 1
2723 1
2723 1
2723 1
2794 1
2794 1
2794 1
2794 1
2794 1
2794 1
2794 1
2794 1
2794 1
2794 1
2794 1
2794 1
2794 1
2794 1
2794 1
2794 1
2794 1
2794 1
2794 1
2794 1
2794 1
2866 1
2866 1
2866 1
2866 1
2866 1
2866 1
2866 1
2866 1
2866 1
2866 1
2866 1
2866 1
2866 1
2866 1
2866 1
2866 1
2866 1
2866 1
2866 1
2866 1
2866 1
2932 1
2932 1
2932 1
2932 1
2932 1
2932 1
2932 1
2932 1
2932 1
2932 1
2932 1
2932 1
2932 1
2932 1
2932 1
2932 1
2932 1
2932 1
2932 1
2932 1
2932 1
3113 1
3113 1
3113 1
3113 1
3113 1
3113 1
3113 1
3113 1
3113 1
3113 1
3113 1
3113 1
3113 1
3113 1
3113 1
3113 1
3113 1
3113 1
3113 1
3113 1
3113 1
1758 1
1758 1
1758 1
1758 1
1758 1
1758 1
1758 1
1758 1
1758 1
1758 1
1758 1
1758 1
1758 1
1758 1
1758 1
1758 1
1758 1
1758 1
1758 1
1758 1
1758 1
2039 1
2039 1
2039 1
2039 1
2039 1
2039 1
2039 1
2039 1
2039 1
2039 1
2039 1
2039 1
2039 1
2039 1
2039 1
2039 1
2039 1
2039 1
2039 1
2039 1
2039 1
2408 1
2408 1
2408 1
2408 1
2408 1
2408 1
2408 1
2408 1
2408 1
2408 1
2408 1
2408 1
2408 1
2408 1
2408 1
2408 1
2408 1
2408 1
2408 1
2408 1
2408 1
2493 1
2493 1
2493 1
2493 1
2493 1
2493 1
2493 1
2493 1
2493 1
2493 1
2493 1
2493 1
2493 1
2493 1
2493 1
2493 1
2493 1
2493 1
2493 1
2493 1
2493 1
2575 1
2575 1
2575 1
2575 1
2575 1
2575 1
2575 1
2575 1
2575 1
2575 1
2575 1
2575 1
2575 1
2575 1
2575 1
2575 1
2575 1
2575 1
2575 1
2575 1
2575 1
2652 1
2652 1
2652 1
2652 1
2652 1
2652 1
2652 1
2652 1
2652 1
2652 1
2652 1
2652 1
2652 1
2652 1
2652 1
2652 1
2652 1
2652 1
2652 1
2652 1
2652 1
2724 1
2724 1
2724 1
2724 1
2724 1
2724 1
2724 1
2724 1
2724 1
2724 1
2724 1
2724 1
2724 1
2724 1
2724 1
2724 1
2724 1
2724 1
2724 1
2724 1
2724 1
2795 1
2795 1
2795 1
2795 1
2795 1
2795 1
2795 1
2795 1
2795 1
2795 1
2795 1
2795 1
2795 1
2795 1
2795 1
2795 1
2795 1
2795 1
2795 1
2795 1
2795 1
2867 1
2867 1
2867 1
2867 1
2867 1
2867 1
2867 1
2867 1
2867 1
2867 1
2867 1
2867 1
2867 1
2867 1
2867 1
2867 1
2867 1
2867 1
2867 1
2867 1
2867 1
1945 1
1945 1
1945 1
1945 1
1945 1
1945 1
1945 1
1945 1
1945 1
1945 1
1945 1
1945 1
1945 1
1945 1
1945 1
1945 1
1945 1
1945 1
1945 1
1945 1
1945 1
2040 1
2040 1
2040 1
2040 1
2040 1
2040 1
2040 1
2040 1
2040 1
2040 1
2040 1
2040 1
2040 1
2040 1
2040 1
2040 1
2040 1
2040 1
2040 1
2040 1
2040 1
2229 1
2229 1
2229 1
2229 1
2229 1
2229 1
2229 1
2229 1
2229 1
2229 1
2229 1
2229 1
2229 1
2229 1
2229 1
2229 1
2229 1
2229 1
2229 1
2229 1
2229 1
2318 1
2318 1
2318 1
2318 1
2318 1
2318 1
2318 1
2318 1
2318 1
2318 1
2318 1
2318 1
2318 1
2318 1
2318 1
2318 1
2318 1
2318 1
2318 1
2318 1
2318 1
2409 1
2409 1
2409 1
2409 1
2409 1
2409 1
2409 1
2409 1
2409 1
2409 1
2409 1
2409 1
2409 1
2409 1
2409 1
2409 1
2409 1
2409 1
2409 1
2409 1
2409 1
2494 1
2494 1
2494 1
2494 1
2494 1
2494 1
2494 1
2494 1
2494 1
2494 1
2494 1
2494 1
2494 1
2494 1
2494 1
2494 1
2494 1
2494 1
2494 1
2494 1
2494 1
2576 1
2576 1
2576 1
2576 1
2576 1
2576 1
2576 1
2576 1
2576 1
2576 1
2576 1
2576 1
2576 1
2576 1
2576 1
2576 1
2576 1
2576 1
2576 1
2576 1
2576 1
2653 1
2653 1
2653 1
2653 1
2653 1
2653 1
2653 1
2653 1
2653 1
2653 1
2653 1
2653 1
2653 1
2653 1
2653 1
2653 1
2653 1
2653 1
2653 1
2653 1
2653 1
2725 1
2725 1
2725 1
2725 1
2725 1
2725 1
2725 1
2725 1
2725 1
2725 1
2725 1
2725 1
2725 1
2725 1
2725 1
2725 1
2725 1
2725 1
2725 1
2725 1
2725 1
2796 1
2796 1
2796 1
2796 1
2796 1
2796 1
2796 1
2796 1
2796 1
2796 1
2796 1
2796 1
2796 1
2796 1
2796 1
2796 1
2796 1
2796 1
2796 1
2796 1
2796 1
2934 1
2934 1
2934 1
2934 1
2934 1
2934 1
2934 1
2934 1
2934 1
2934 1
2934 1
2934 1
2934 1
2934 1
2934 1
2934 1
2934 1
2934 1
2934 1
2934 1
2934 1
2319 1
2319 1
2319 1
2319 1
2319 1
2319 1
2319 1
2319 1
2319 1
2319 1
2319 1
2319 1
2319 1
2319 1
2319 1
2319 1
2319 1
2319 1
2319 1
2319 1
2319 1
2577 1
2577 1
2577 1
2577 1
2577 1
2577 1
2577 1
2577 1
2577 1
2577 1
2577 1
2577 1
2577 1
2577 1
2577 1
2577 1
2577 1
2577 1
2577 1
2577 1
2577 1
2654 1
2654 1
2654 1
2654 1
2654 1
2654 1
2654 1
2654 1
2654 1
2654 1
2654 1
2654 1
2654 1
2654 1
2654 1
2654 1
2654 1
2654 1
2654 1
2654 1
2654 1
2726 1
2726 1
2726 1
2726 1
2726 1
2726 1
2726 1
2726 1
2726 1
2726 1
2726 1
2726 1
2726 1
2726 1
2726 1
2726 1
2726 1
2726 1
2726 1
2726 1
2726 1
2935 1
2935 1
2935 1
2935 1
2935 1
2935 1
2935 1
2935 1
2935 1
2935 1
2935 1
2935 1
2935 1
2935 1
2935 1
2935 1
2935 1
2935 1
2935 1
2935 1
2935 1
2411 1
2411 1
2411 1
2411 1
2411 1
2411 1
2411 1
2411 1
2411 1
2411 1
2411 1
2411 1
2411 1
2411 1
2411 1
2411 1
2411 1
2411 1
2411 1
2411 1
2411 1
2496 1
2496 1
2496 1
2496 1
2496 1
2496 1
2496 1
2496 1
2496 1
2496 1
2496 1
2496 1
2496 1
2496 1
2496 1
2496 1
2496 1
2496 1
2496 1
2496 1
2496 1
2578 1
2578 1
2578 1
2578 1
2578 1
2578 1
2578 1
2578 1
2578 1
2578 1
2578 1
2578 1
2578 1
2578 1
2578 1
2578 1
2578 1
2578 1
2578 1
2578 1
2578 1
2655 1
2655 1
2655 1
2655 1
2655 1
2655 1
2655 1
2655 1
2655 1
2655 1
2655 1
2655 1
2655 1
2655 1
2655 1
2655 1
2655 1
2655 1
2655 1
2655 1
2655 1
2579 1
2579 1
2579 1
2579 1
2579 1
2579 1
2579 1
2579 1
2579 1
2579 1
2579 1
2579 1
2579 1
2579 1
2579 1
2579 1
2579 1
2579 1
2579 1
2579 1
2579 1
2799 1
2799 1
2799 1
2799 1
2799 1
2799 1
2799 1
2799 1
2799 1
2799 1
2799 1
2799 1
2799 1
2799 1
2799 1
2799 1
2799 1
2799 1
2799 1
2799 1
2799 1
2937 1
2937 1
2937 1
2937 1
2937 1
2937 1
2937 1
2937 1
2937 1
2937 1
2937 1
2937 1
2937 1
2937 1
2937 1
2937 1
2937 1
2937 1
2937 1
2937 1
2937 1
