pt_graph scale
13067 0
13067 40.8507884385503
13067 40.8507884385503
13067 40.8507884385503
13067 40.8507884385503
13067 0
13067 0
13067 65.8781897360498
13067 65.8781897360498
13067 65.8781897360498
13067 65.8781897360498
13067 147.794289426803
13067 147.794289426803
13067 147.794289426803
13067 147.794289426803
13067 147.794289426803
13067 0
13067 0
13067 0
13067 0
13067 0
13067 0
13067 6.11955448715944
13067 6.11955448715944
13067 6.11955448715944
13067 0
13067 349.196112679451
13067 0
13067 0
13067 408.361566349411
13067 408.361566349411
13067 408.361566349411
13067 0
13067 8.2815601143115
13067 8.2815601143115
13067 0
13067 0
12896 0
12896 40.8507884385503
12896 40.8507884385503
12896 40.8507884385503
12896 40.8507884385503
12896 0
12896 0
12896 65.8781897360498
12896 65.8781897360498
12896 65.8781897360498
12896 65.8781897360498
12896 147.794289426803
12896 147.794289426803
12896 147.794289426803
12896 147.794289426803
12896 147.794289426803
12896 0
12896 0
12896 0
12896 0
12896 0
12896 0
12896 6.11955448715944
12896 6.11955448715944
12896 6.11955448715944
12896 0
12896 349.196112679451
12896 0
12896 0
12896 408.361566349411
12896 408.361566349411
12896 408.361566349411
12896 0
12896 8.2815601143115
12896 8.2815601143115
12896 0
12896 0
13591 0
13591 40.8507884385503
13591 40.8507884385503
13591 40.8507884385503
13591 40.8507884385503
13591 0
13591 0
13591 65.8781897360498
13591 65.8781897360498
13591 65.8781897360498
13591 65.8781897360498
13591 147.794289426803
13591 147.794289426803
13591 147.794289426803
13591 147.794289426803
13591 147.794289426803
13591 0
13591 0
13591 0
13591 0
13591 0
13591 0
13591 6.11955448715944
13591 6.11955448715944
13591 6.11955448715944
13591 0
13591 349.196112679451
13591 0
13591 0
13591 408.361566349411
13591 408.361566349411
13591 408.361566349411
13591 0
13591 8.2815601143115
13591 8.2815601143115
13591 0
13591 0
13592 0
13592 40.8507884385503
13592 40.8507884385503
13592 40.8507884385503
13592 40.8507884385503
13592 0
13592 0
13592 65.8781897360498
13592 65.8781897360498
13592 65.8781897360498
13592 65.8781897360498
13592 147.794289426803
13592 147.794289426803
13592 147.794289426803
13592 147.794289426803
13592 147.794289426803
13592 0
13592 0
13592 0
13592 0
13592 0
13592 0
13592 6.11955448715944
13592 6.11955448715944
13592 6.11955448715944
13592 0
13592 349.196112679451
13592 0
13592 0
13592 408.361566349411
13592 408.361566349411
13592 408.361566349411
13592 0
13592 8.2815601143115
13592 8.2815601143115
13592 0
13592 0
13954 0
13954 40.8507884385503
13954 40.8507884385503
13954 40.8507884385503
13954 40.8507884385503
13954 0
13954 0
13954 65.8781897360498
13954 65.8781897360498
13954 65.8781897360498
13954 65.8781897360498
13954 147.794289426803
13954 147.794289426803
13954 147.794289426803
13954 147.794289426803
13954 147.794289426803
13954 0
13954 0
13954 0
13954 0
13954 0
13954 0
13954 6.11955448715944
13954 6.11955448715944
13954 6.11955448715944
13954 0
13954 349.196112679451
13954 0
13954 0
13954 408.361566349411
13954 408.361566349411
13954 408.361566349411
13954 0
13954 8.2815601143115
13954 8.2815601143115
13954 0
13954 0
14137 0
14137 40.8507884385503
14137 40.8507884385503
14137 40.8507884385503
14137 40.8507884385503
14137 0
14137 0
14137 65.8781897360498
14137 65.8781897360498
14137 65.8781897360498
14137 65.8781897360498
14137 147.794289426803
14137 147.794289426803
14137 147.794289426803
14137 147.794289426803
14137 147.794289426803
14137 0
14137 0
14137 0
14137 0
14137 0
14137 0
14137 6.11955448715944
14137 6.11955448715944
14137 6.11955448715944
14137 0
14137 349.196112679451
14137 0
14137 0
14137 408.361566349411
14137 408.361566349411
14137 408.361566349411
14137 0
14137 8.2815601143115
14137 8.2815601143115
14137 0
14137 0
12393 0
12393 40.8507884385503
12393 40.8507884385503
12393 40.8507884385503
12393 40.8507884385503
12393 0
12393 0
12393 65.8781897360498
12393 65.8781897360498
12393 65.8781897360498
12393 65.8781897360498
12393 147.794289426803
12393 147.794289426803
12393 147.794289426803
12393 147.794289426803
12393 147.794289426803
12393 0
12393 0
12393 0
12393 0
12393 0
12393 0
12393 6.11955448715944
12393 6.11955448715944
12393 6.11955448715944
12393 0
12393 349.196112679451
12393 0
12393 0
12393 408.361566349411
12393 408.361566349411
12393 408.361566349411
12393 0
12393 8.2815601143115
12393 8.2815601143115
12393 0
12393 0
13070 0
13070 40.8507884385503
13070 40.8507884385503
13070 40.8507884385503
13070 40.8507884385503
13070 0
13070 0
13070 65.8781897360498
13070 65.8781897360498
13070 65.8781897360498
13070 65.8781897360498
13070 147.794289426803
13070 147.794289426803
13070 147.794289426803
13070 147.794289426803
13070 147.794289426803
13070 0
13070 0
13070 0
13070 0
13070 0
13070 0
13070 6.11955448715944
13070 6.11955448715944
13070 6.11955448715944
13070 0
13070 349.196112679451
13070 0
13070 0
13070 408.361566349411
13070 408.361566349411
13070 408.361566349411
13070 0
13070 8.2815601143115
13070 8.2815601143115
13070 0
13070 0
13417 0
13417 40.8507884385503
13417 40.8507884385503
13417 40.8507884385503
13417 40.8507884385503
13417 0
13417 0
13417 65.8781897360498
13417 65.8781897360498
13417 65.8781897360498
13417 65.8781897360498
13417 147.794289426803
13417 147.794289426803
13417 147.794289426803
13417 147.794289426803
13417 147.794289426803
13417 0
13417 0
13417 0
13417 0
13417 0
13417 0
13417 6.11955448715944
13417 6.11955448715944
13417 6.11955448715944
13417 0
13417 349.196112679451
13417 0
13417 0
13417 408.361566349411
13417 408.361566349411
13417 408.361566349411
13417 0
13417 8.2815601143115
13417 8.2815601143115
13417 0
13417 0
13955 0
13955 40.8507884385503
13955 40.8507884385503
13955 40.8507884385503
13955 40.8507884385503
13955 0
13955 0
13955 65.8781897360498
13955 65.8781897360498
13955 65.8781897360498
13955 65.8781897360498
13955 147.794289426803
13955 147.794289426803
13955 147.794289426803
13955 147.794289426803
13955 147.794289426803
13955 0
13955 0
13955 0
13955 0
13955 0
13955 0
13955 6.11955448715944
13955 6.11955448715944
13955 6.11955448715944
13955 0
13955 349.196112679451
13955 0
13955 0
13955 408.361566349411
13955 408.361566349411
13955 408.361566349411
13955 0
13955 8.2815601143115
13955 8.2815601143115
13955 0
13955 0
12231 0
12231 40.8507884385503
12231 40.8507884385503
12231 40.8507884385503
12231 40.8507884385503
12231 0
12231 0
12231 65.8781897360498
12231 65.8781897360498
12231 65.8781897360498
12231 65.8781897360498
12231 147.794289426803
12231 147.794289426803
12231 147.794289426803
12231 147.794289426803
12231 147.794289426803
12231 0
12231 0
12231 0
12231 0
12231 0
12231 0
12231 6.11955448715944
12231 6.11955448715944
12231 6.11955448715944
12231 0
12231 349.196112679451
12231 0
12231 0
12231 408.361566349411
12231 408.361566349411
12231 408.361566349411
12231 0
12231 8.2815601143115
12231 8.2815601143115
12231 0
12231 0
12558 0
12558 40.8507884385503
12558 40.8507884385503
12558 40.8507884385503
12558 40.8507884385503
12558 0
12558 0
12558 65.8781897360498
12558 65.8781897360498
12558 65.8781897360498
12558 65.8781897360498
12558 147.794289426803
12558 147.794289426803
12558 147.794289426803
12558 147.794289426803
12558 147.794289426803
12558 0
12558 0
12558 0
12558 0
12558 0
12558 0
12558 6.11955448715944
12558 6.11955448715944
12558 6.11955448715944
12558 0
12558 349.196112679451
12558 0
12558 0
12558 408.361566349411
12558 408.361566349411
12558 408.361566349411
12558 0
12558 8.2815601143115
12558 8.2815601143115
12558 0
12558 0
12232 0
12232 40.8507884385503
12232 40.8507884385503
12232 40.8507884385503
12232 40.8507884385503
12232 0
12232 0
12232 65.8781897360498
12232 65.8781897360498
12232 65.8781897360498
12232 65.8781897360498
12232 147.794289426803
12232 147.794289426803
12232 147.794289426803
12232 147.794289426803
12232 147.794289426803
12232 0
12232 0
12232 0
12232 0
12232 0
12232 0
12232 6.11955448715944
12232 6.11955448715944
12232 6.11955448715944
12232 0
12232 349.196112679451
12232 0
12232 0
12232 408.361566349411
12232 408.361566349411
12232 408.361566349411
12232 0
12232 8.2815601143115
12232 8.2815601143115
12232 0
12232 0
12395 0
12395 40.8507884385503
12395 40.8507884385503
12395 40.8507884385503
12395 40.8507884385503
12395 0
12395 0
12395 65.8781897360498
12395 65.8781897360498
12395 65.8781897360498
12395 65.8781897360498
12395 147.794289426803
12395 147.794289426803
12395 147.794289426803
12395 147.794289426803
12395 147.794289426803
12395 0
12395 0
12395 0
12395 0
12395 0
12395 0
12395 6.11955448715944
12395 6.11955448715944
12395 6.11955448715944
12395 0
12395 349.196112679451
12395 0
12395 0
12395 408.361566349411
12395 408.361566349411
12395 408.361566349411
12395 0
12395 8.2815601143115
12395 8.2815601143115
12395 0
12395 0
12728 0
12728 40.8507884385503
12728 40.8507884385503
12728 40.8507884385503
12728 40.8507884385503
12728 0
12728 0
12728 65.8781897360498
12728 65.8781897360498
12728 65.8781897360498
12728 65.8781897360498
12728 147.794289426803
12728 147.794289426803
12728 147.794289426803
12728 147.794289426803
12728 147.794289426803
12728 0
12728 0
12728 0
12728 0
12728 0
12728 0
12728 6.11955448715944
12728 6.11955448715944
12728 6.11955448715944
12728 0
12728 349.196112679451
12728 0
12728 0
12728 408.361566349411
12728 408.361566349411
12728 408.361566349411
12728 0
12728 8.2815601143115
12728 8.2815601143115
12728 0
12728 0
13419 0
13419 40.8507884385503
13419 40.8507884385503
13419 40.8507884385503
13419 40.8507884385503
13419 0
13419 0
13419 65.8781897360498
13419 65.8781897360498
13419 65.8781897360498
13419 65.8781897360498
13419 147.794289426803
13419 147.794289426803
13419 147.794289426803
13419 147.794289426803
13419 147.794289426803
13419 0
13419 0
13419 0
13419 0
13419 0
13419 0
13419 6.11955448715944
13419 6.11955448715944
13419 6.11955448715944
13419 0
13419 349.196112679451
13419 0
13419 0
13419 408.361566349411
13419 408.361566349411
13419 408.361566349411
13419 0
13419 8.2815601143115
13419 8.2815601143115
13419 0
13419 0
11780 0
11780 40.8507884385503
11780 40.8507884385503
11780 40.8507884385503
11780 40.8507884385503
11780 0
11780 0
11780 65.8781897360498
11780 65.8781897360498
11780 65.8781897360498
11780 65.8781897360498
11780 147.794289426803
11780 147.794289426803
11780 147.794289426803
11780 147.794289426803
11780 147.794289426803
11780 0
11780 0
11780 0
11780 0
11780 0
11780 0
11780 6.11955448715944
11780 6.11955448715944
11780 6.11955448715944
11780 0
11780 349.196112679451
11780 0
11780 0
11780 408.361566349411
11780 408.361566349411
11780 408.361566349411
11780 0
11780 8.2815601143115
11780 8.2815601143115
11780 0
11780 0
12078 0
12078 40.8507884385503
12078 40.8507884385503
12078 40.8507884385503
12078 40.8507884385503
12078 0
12078 0
12078 65.8781897360498
12078 65.8781897360498
12078 65.8781897360498
12078 65.8781897360498
12078 147.794289426803
12078 147.794289426803
12078 147.794289426803
12078 147.794289426803
12078 147.794289426803
12078 0
12078 0
12078 0
12078 0
12078 0
12078 0
12078 6.11955448715944
12078 6.11955448715944
12078 6.11955448715944
12078 0
12078 349.196112679451
12078 0
12078 0
12078 408.361566349411
12078 408.361566349411
12078 408.361566349411
12078 0
12078 8.2815601143115
12078 8.2815601143115
12078 0
12078 0
12233 0
12233 40.8507884385503
12233 40.8507884385503
12233 40.8507884385503
12233 40.8507884385503
12233 0
12233 0
12233 65.8781897360498
12233 65.8781897360498
12233 65.8781897360498
12233 65.8781897360498
12233 147.794289426803
12233 147.794289426803
12233 147.794289426803
12233 147.794289426803
12233 147.794289426803
12233 0
12233 0
12233 0
12233 0
12233 0
12233 0
12233 6.11955448715944
12233 6.11955448715944
12233 6.11955448715944
12233 0
12233 349.196112679451
12233 0
12233 0
12233 408.361566349411
12233 408.361566349411
12233 408.361566349411
12233 0
12233 8.2815601143115
12233 8.2815601143115
12233 0
12233 0
12396 0
12396 40.8507884385503
12396 40.8507884385503
12396 40.8507884385503
12396 40.8507884385503
12396 0
12396 0
12396 65.8781897360498
12396 65.8781897360498
12396 65.8781897360498
12396 65.8781897360498
12396 147.794289426803
12396 147.794289426803
12396 147.794289426803
12396 147.794289426803
12396 147.794289426803
12396 0
12396 0
12396 0
12396 0
12396 0
12396 0
12396 6.11955448715944
12396 6.11955448715944
12396 6.11955448715944
12396 0
12396 349.196112679451
12396 0
12396 0
12396 408.361566349411
12396 408.361566349411
12396 408.361566349411
12396 0
12396 8.2815601143115
12396 8.2815601143115
12396 0
12396 0
12560 0
12560 40.8507884385503
12560 40.8507884385503
12560 40.8507884385503
12560 40.8507884385503
12560 0
12560 0
12560 65.8781897360498
12560 65.8781897360498
12560 65.8781897360498
12560 65.8781897360498
12560 147.794289426803
12560 147.794289426803
12560 147.794289426803
12560 147.794289426803
12560 147.794289426803
12560 0
12560 0
12560 0
12560 0
12560 0
12560 0
12560 6.11955448715944
12560 6.11955448715944
12560 6.11955448715944
12560 0
12560 349.196112679451
12560 0
12560 0
12560 408.361566349411
12560 408.361566349411
12560 408.361566349411
12560 0
12560 8.2815601143115
12560 8.2815601143115
12560 0
12560 0
13245 0
13245 40.8507884385503
13245 40.8507884385503
13245 40.8507884385503
13245 40.8507884385503
13245 0
13245 0
13245 65.8781897360498
13245 65.8781897360498
13245 65.8781897360498
13245 65.8781897360498
13245 147.794289426803
13245 147.794289426803
13245 147.794289426803
13245 147.794289426803
13245 147.794289426803
13245 0
13245 0
13245 0
13245 0
13245 0
13245 0
13245 6.11955448715944
13245 6.11955448715944
13245 6.11955448715944
13245 0
13245 349.196112679451
13245 0
13245 0
13245 408.361566349411
13245 408.361566349411
13245 408.361566349411
13245 0
13245 8.2815601143115
13245 8.2815601143115
13245 0
13245 0
13596 0
13596 40.8507884385503
13596 40.8507884385503
13596 40.8507884385503
13596 40.8507884385503
13596 0
13596 0
13596 65.8781897360498
13596 65.8781897360498
13596 65.8781897360498
13596 65.8781897360498
13596 147.794289426803
13596 147.794289426803
13596 147.794289426803
13596 147.794289426803
13596 147.794289426803
13596 0
13596 0
13596 0
13596 0
13596 0
13596 0
13596 6.11955448715944
13596 6.11955448715944
13596 6.11955448715944
13596 0
13596 349.196112679451
13596 0
13596 0
13596 408.361566349411
13596 408.361566349411
13596 408.361566349411
13596 0
13596 8.2815601143115
13596 8.2815601143115
13596 0
13596 0
11926 0
11926 40.8507884385503
11926 40.8507884385503
11926 40.8507884385503
11926 40.8507884385503
11926 0
11926 0
11926 65.8781897360498
11926 65.8781897360498
11926 65.8781897360498
11926 65.8781897360498
11926 147.794289426803
11926 147.794289426803
11926 147.794289426803
11926 147.794289426803
11926 147.794289426803
11926 0
11926 0
11926 0
11926 0
11926 0
11926 0
11926 6.11955448715944
11926 6.11955448715944
11926 6.11955448715944
11926 0
11926 349.196112679451
11926 0
11926 0
11926 408.361566349411
11926 408.361566349411
11926 408.361566349411
11926 0
11926 8.2815601143115
11926 8.2815601143115
11926 0
11926 0
12079 0
12079 40.8507884385503
12079 40.8507884385503
12079 40.8507884385503
12079 40.8507884385503
12079 0
12079 0
12079 65.8781897360498
12079 65.8781897360498
12079 65.8781897360498
12079 65.8781897360498
12079 147.794289426803
12079 147.794289426803
12079 147.794289426803
12079 147.794289426803
12079 147.794289426803
12079 0
12079 0
12079 0
12079 0
12079 0
12079 0
12079 6.11955448715944
12079 6.11955448715944
12079 6.11955448715944
12079 0
12079 349.196112679451
12079 0
12079 0
12079 408.361566349411
12079 408.361566349411
12079 408.361566349411
12079 0
12079 8.2815601143115
12079 8.2815601143115
12079 0
12079 0
13246 0
13246 40.8507884385503
13246 40.8507884385503
13246 40.8507884385503
13246 40.8507884385503
13246 0
13246 0
13246 65.8781897360498
13246 65.8781897360498
13246 65.8781897360498
13246 65.8781897360498
13246 147.794289426803
13246 147.794289426803
13246 147.794289426803
13246 147.794289426803
13246 147.794289426803
13246 0
13246 0
13246 0
13246 0
13246 0
13246 0
13246 6.11955448715944
13246 6.11955448715944
13246 6.11955448715944
13246 0
13246 349.196112679451
13246 0
13246 0
13246 408.361566349411
13246 408.361566349411
13246 408.361566349411
13246 0
13246 8.2815601143115
13246 8.2815601143115
13246 0
13246 0
11927 0
11927 40.8507884385503
11927 40.8507884385503
11927 40.8507884385503
11927 40.8507884385503
11927 0
11927 0
11927 65.8781897360498
11927 65.8781897360498
11927 65.8781897360498
11927 65.8781897360498
11927 147.794289426803
11927 147.794289426803
11927 147.794289426803
11927 147.794289426803
11927 147.794289426803
11927 0
11927 0
11927 0
11927 0
11927 0
11927 0
11927 6.11955448715944
11927 6.11955448715944
11927 6.11955448715944
11927 0
11927 349.196112679451
11927 0
11927 0
11927 408.361566349411
11927 408.361566349411
11927 408.361566349411
11927 0
11927 8.2815601143115
11927 8.2815601143115
11927 0
11927 0
12080 0
12080 40.8507884385503
12080 40.8507884385503
12080 40.8507884385503
12080 40.8507884385503
12080 0
12080 0
12080 65.8781897360498
12080 65.8781897360498
12080 65.8781897360498
12080 65.8781897360498
12080 147.794289426803
12080 147.794289426803
12080 147.794289426803
12080 147.794289426803
12080 147.794289426803
12080 0
12080 0
12080 0
12080 0
12080 0
12080 0
12080 6.11955448715944
12080 6.11955448715944
12080 6.11955448715944
12080 0
12080 349.196112679451
12080 0
12080 0
12080 408.361566349411
12080 408.361566349411
12080 408.361566349411
12080 0
12080 8.2815601143115
12080 8.2815601143115
12080 0
12080 0
12235 0
12235 40.8507884385503
12235 40.8507884385503
12235 40.8507884385503
12235 40.8507884385503
12235 0
12235 0
12235 65.8781897360498
12235 65.8781897360498
12235 65.8781897360498
12235 65.8781897360498
12235 147.794289426803
12235 147.794289426803
12235 147.794289426803
12235 147.794289426803
12235 147.794289426803
12235 0
12235 0
12235 0
12235 0
12235 0
12235 0
12235 6.11955448715944
12235 6.11955448715944
12235 6.11955448715944
12235 0
12235 349.196112679451
12235 0
12235 0
12235 408.361566349411
12235 408.361566349411
12235 408.361566349411
12235 0
12235 8.2815601143115
12235 8.2815601143115
12235 0
12235 0
8902 0
8902 40.8507884385503
8902 40.8507884385503
8902 40.8507884385503
8902 40.8507884385503
8902 0
8902 0
8902 65.8781897360498
8902 65.8781897360498
8902 65.8781897360498
8902 65.8781897360498
8902 147.794289426803
8902 147.794289426803
8902 147.794289426803
8902 147.794289426803
8902 147.794289426803
8902 0
8902 0
8902 0
8902 0
8902 0
8902 0
8902 6.11955448715944
8902 6.11955448715944
8902 6.11955448715944
8902 0
8902 349.196112679451
8902 0
8902 0
8902 408.361566349411
8902 408.361566349411
8902 408.361566349411
8902 0
8902 8.2815601143115
8902 8.2815601143115
8902 0
8902 0
11928 0
11928 40.8507884385503
11928 40.8507884385503
11928 40.8507884385503
11928 40.8507884385503
11928 0
11928 0
11928 65.8781897360498
11928 65.8781897360498
11928 65.8781897360498
11928 65.8781897360498
11928 147.794289426803
11928 147.794289426803
11928 147.794289426803
11928 147.794289426803
11928 147.794289426803
11928 0
11928 0
11928 0
11928 0
11928 0
11928 0
11928 6.11955448715944
11928 6.11955448715944
11928 6.11955448715944
11928 0
11928 349.196112679451
11928 0
11928 0
11928 408.361566349411
11928 408.361566349411
11928 408.361566349411
11928 0
11928 8.2815601143115
11928 8.2815601143115
11928 0
11928 0
12904 0
12904 40.8507884385503
12904 40.8507884385503
12904 40.8507884385503
12904 40.8507884385503
12904 0
12904 0
12904 65.8781897360498
12904 65.8781897360498
12904 65.8781897360498
12904 65.8781897360498
12904 147.794289426803
12904 147.794289426803
12904 147.794289426803
12904 147.794289426803
12904 147.794289426803
12904 0
12904 0
12904 0
12904 0
12904 0
12904 0
12904 6.11955448715944
12904 6.11955448715944
12904 6.11955448715944
12904 0
12904 349.196112679451
12904 0
12904 0
12904 408.361566349411
12904 408.361566349411
12904 408.361566349411
12904 0
12904 8.2815601143115
12904 8.2815601143115
12904 0
12904 0
11929 0
11929 40.8507884385503
11929 40.8507884385503
11929 40.8507884385503
11929 40.8507884385503
11929 0
11929 0
11929 65.8781897360498
11929 65.8781897360498
11929 65.8781897360498
11929 65.8781897360498
11929 147.794289426803
11929 147.794289426803
11929 147.794289426803
11929 147.794289426803
11929 147.794289426803
11929 0
11929 0
11929 0
11929 0
11929 0
11929 0
11929 6.11955448715944
11929 6.11955448715944
11929 6.11955448715944
11929 0
11929 349.196112679451
11929 0
11929 0
11929 408.361566349411
11929 408.361566349411
11929 408.361566349411
11929 0
11929 8.2815601143115
11929 8.2815601143115
11929 0
11929 0
12082 0
12082 40.8507884385503
12082 40.8507884385503
12082 40.8507884385503
12082 40.8507884385503
12082 0
12082 0
12082 65.8781897360498
12082 65.8781897360498
12082 65.8781897360498
12082 65.8781897360498
12082 147.794289426803
12082 147.794289426803
12082 147.794289426803
12082 147.794289426803
12082 147.794289426803
12082 0
12082 0
12082 0
12082 0
12082 0
12082 0
12082 6.11955448715944
12082 6.11955448715944
12082 6.11955448715944
12082 0
12082 349.196112679451
12082 0
12082 0
12082 408.361566349411
12082 408.361566349411
12082 408.361566349411
12082 0
12082 8.2815601143115
12082 8.2815601143115
12082 0
12082 0
12237 0
12237 40.8507884385503
12237 40.8507884385503
12237 40.8507884385503
12237 40.8507884385503
12237 0
12237 0
12237 65.8781897360498
12237 65.8781897360498
12237 65.8781897360498
12237 65.8781897360498
12237 147.794289426803
12237 147.794289426803
12237 147.794289426803
12237 147.794289426803
12237 147.794289426803
12237 0
12237 0
12237 0
12237 0
12237 0
12237 0
12237 6.11955448715944
12237 6.11955448715944
12237 6.11955448715944
12237 0
12237 349.196112679451
12237 0
12237 0
12237 408.361566349411
12237 408.361566349411
12237 408.361566349411
12237 0
12237 8.2815601143115
12237 8.2815601143115
12237 0
12237 0
13249 0
13249 40.8507884385503
13249 40.8507884385503
13249 40.8507884385503
13249 40.8507884385503
13249 0
13249 0
13249 65.8781897360498
13249 65.8781897360498
13249 65.8781897360498
13249 65.8781897360498
13249 147.794289426803
13249 147.794289426803
13249 147.794289426803
13249 147.794289426803
13249 147.794289426803
13249 0
13249 0
13249 0
13249 0
13249 0
13249 0
13249 6.11955448715944
13249 6.11955448715944
13249 6.11955448715944
13249 0
13249 349.196112679451
13249 0
13249 0
13249 408.361566349411
13249 408.361566349411
13249 408.361566349411
13249 0
13249 8.2815601143115
13249 8.2815601143115
13249 0
13249 0
11645 0
11645 40.8507884385503
11645 40.8507884385503
11645 40.8507884385503
11645 40.8507884385503
11645 0
11645 0
11645 65.8781897360498
11645 65.8781897360498
11645 65.8781897360498
11645 65.8781897360498
11645 147.794289426803
11645 147.794289426803
11645 147.794289426803
11645 147.794289426803
11645 147.794289426803
11645 0
11645 0
11645 0
11645 0
11645 0
11645 0
11645 6.11955448715944
11645 6.11955448715944
11645 6.11955448715944
11645 0
11645 349.196112679451
11645 0
11645 0
11645 408.361566349411
11645 408.361566349411
11645 408.361566349411
11645 0
11645 8.2815601143115
11645 8.2815601143115
11645 0
11645 0
12083 0
12083 40.8507884385503
12083 40.8507884385503
12083 40.8507884385503
12083 40.8507884385503
12083 0
12083 0
12083 65.8781897360498
12083 65.8781897360498
12083 65.8781897360498
12083 65.8781897360498
12083 147.794289426803
12083 147.794289426803
12083 147.794289426803
12083 147.794289426803
12083 147.794289426803
12083 0
12083 0
12083 0
12083 0
12083 0
12083 0
12083 6.11955448715944
12083 6.11955448715944
12083 6.11955448715944
12083 0
12083 349.196112679451
12083 0
12083 0
12083 408.361566349411
12083 408.361566349411
12083 408.361566349411
12083 0
12083 8.2815601143115
12083 8.2815601143115
12083 0
12083 0
12238 0
12238 40.8507884385503
12238 40.8507884385503
12238 40.8507884385503
12238 40.8507884385503
12238 0
12238 0
12238 65.8781897360498
12238 65.8781897360498
12238 65.8781897360498
12238 65.8781897360498
12238 147.794289426803
12238 147.794289426803
12238 147.794289426803
12238 147.794289426803
12238 147.794289426803
12238 0
12238 0
12238 0
12238 0
12238 0
12238 0
12238 6.11955448715944
12238 6.11955448715944
12238 6.11955448715944
12238 0
12238 349.196112679451
12238 0
12238 0
12238 408.361566349411
12238 408.361566349411
12238 408.361566349411
12238 0
12238 8.2815601143115
12238 8.2815601143115
12238 0
12238 0
12401 0
12401 40.8507884385503
12401 40.8507884385503
12401 40.8507884385503
12401 40.8507884385503
12401 0
12401 0
12401 65.8781897360498
12401 65.8781897360498
12401 65.8781897360498
12401 65.8781897360498
12401 147.794289426803
12401 147.794289426803
12401 147.794289426803
12401 147.794289426803
12401 147.794289426803
12401 0
12401 0
12401 0
12401 0
12401 0
12401 0
12401 6.11955448715944
12401 6.11955448715944
12401 6.11955448715944
12401 0
12401 349.196112679451
12401 0
12401 0
12401 408.361566349411
12401 408.361566349411
12401 408.361566349411
12401 0
12401 8.2815601143115
12401 8.2815601143115
12401 0
12401 0
11501 0
11501 40.8507884385503
11501 40.8507884385503
11501 40.8507884385503
11501 40.8507884385503
11501 0
11501 0
11501 65.8781897360498
11501 65.8781897360498
11501 65.8781897360498
11501 65.8781897360498
11501 147.794289426803
11501 147.794289426803
11501 147.794289426803
11501 147.794289426803
11501 147.794289426803
11501 0
11501 0
11501 0
11501 0
11501 0
11501 0
11501 6.11955448715944
11501 6.11955448715944
11501 6.11955448715944
11501 0
11501 349.196112679451
11501 0
11501 0
11501 408.361566349411
11501 408.361566349411
11501 408.361566349411
11501 0
11501 8.2815601143115
11501 8.2815601143115
11501 0
11501 0
11786 0
11786 40.8507884385503
11786 40.8507884385503
11786 40.8507884385503
11786 40.8507884385503
11786 0
11786 0
11786 65.8781897360498
11786 65.8781897360498
11786 65.8781897360498
11786 65.8781897360498
11786 147.794289426803
11786 147.794289426803
11786 147.794289426803
11786 147.794289426803
11786 147.794289426803
11786 0
11786 0
11786 0
11786 0
11786 0
11786 0
11786 6.11955448715944
11786 6.11955448715944
11786 6.11955448715944
11786 0
11786 349.196112679451
11786 0
11786 0
11786 408.361566349411
11786 408.361566349411
11786 408.361566349411
11786 0
11786 8.2815601143115
11786 8.2815601143115
11786 0
11786 0
12084 0
12084 40.8507884385503
12084 40.8507884385503
12084 40.8507884385503
12084 40.8507884385503
12084 0
12084 0
12084 65.8781897360498
12084 65.8781897360498
12084 65.8781897360498
12084 65.8781897360498
12084 147.794289426803
12084 147.794289426803
12084 147.794289426803
12084 147.794289426803
12084 147.794289426803
12084 0
12084 0
12084 0
12084 0
12084 0
12084 0
12084 6.11955448715944
12084 6.11955448715944
12084 6.11955448715944
12084 0
12084 349.196112679451
12084 0
12084 0
12084 408.361566349411
12084 408.361566349411
12084 408.361566349411
12084 0
12084 8.2815601143115
12084 8.2815601143115
12084 0
12084 0
12735 0
12735 40.8507884385503
12735 40.8507884385503
12735 40.8507884385503
12735 40.8507884385503
12735 0
12735 0
12735 65.8781897360498
12735 65.8781897360498
12735 65.8781897360498
12735 65.8781897360498
12735 147.794289426803
12735 147.794289426803
12735 147.794289426803
12735 147.794289426803
12735 147.794289426803
12735 0
12735 0
12735 0
12735 0
12735 0
12735 0
12735 6.11955448715944
12735 6.11955448715944
12735 6.11955448715944
12735 0
12735 349.196112679451
12735 0
12735 0
12735 408.361566349411
12735 408.361566349411
12735 408.361566349411
12735 0
12735 8.2815601143115
12735 8.2815601143115
12735 0
12735 0
13251 0
13251 40.8507884385503
13251 40.8507884385503
13251 40.8507884385503
13251 40.8507884385503
13251 0
13251 0
13251 65.8781897360498
13251 65.8781897360498
13251 65.8781897360498
13251 65.8781897360498
13251 147.794289426803
13251 147.794289426803
13251 147.794289426803
13251 147.794289426803
13251 147.794289426803
13251 0
13251 0
13251 0
13251 0
13251 0
13251 0
13251 6.11955448715944
13251 6.11955448715944
13251 6.11955448715944
13251 0
13251 349.196112679451
13251 0
13251 0
13251 408.361566349411
13251 408.361566349411
13251 408.361566349411
13251 0
13251 8.2815601143115
13251 8.2815601143115
13251 0
13251 0
9988 0
9988 40.8507884385503
9988 40.8507884385503
9988 40.8507884385503
9988 40.8507884385503
9988 0
9988 0
9988 65.8781897360498
9988 65.8781897360498
9988 65.8781897360498
9988 65.8781897360498
9988 147.794289426803
9988 147.794289426803
9988 147.794289426803
9988 147.794289426803
9988 147.794289426803
9988 0
9988 0
9988 0
9988 0
9988 0
9988 0
9988 6.11955448715944
9988 6.11955448715944
9988 6.11955448715944
9988 0
9988 349.196112679451
9988 0
9988 0
9988 408.361566349411
9988 408.361566349411
9988 408.361566349411
9988 0
9988 8.2815601143115
9988 8.2815601143115
9988 0
9988 0
11647 0
11647 40.8507884385503
11647 40.8507884385503
11647 40.8507884385503
11647 40.8507884385503
11647 0
11647 0
11647 65.8781897360498
11647 65.8781897360498
11647 65.8781897360498
11647 65.8781897360498
11647 147.794289426803
11647 147.794289426803
11647 147.794289426803
11647 147.794289426803
11647 147.794289426803
11647 0
11647 0
11647 0
11647 0
11647 0
11647 0
11647 6.11955448715944
11647 6.11955448715944
11647 6.11955448715944
11647 0
11647 349.196112679451
11647 0
11647 0
11647 408.361566349411
11647 408.361566349411
11647 408.361566349411
11647 0
11647 8.2815601143115
11647 8.2815601143115
11647 0
11647 0
11787 0
11787 40.8507884385503
11787 40.8507884385503
11787 40.8507884385503
11787 40.8507884385503
11787 0
11787 0
11787 65.8781897360498
11787 65.8781897360498
11787 65.8781897360498
11787 65.8781897360498
11787 147.794289426803
11787 147.794289426803
11787 147.794289426803
11787 147.794289426803
11787 147.794289426803
11787 0
11787 0
11787 0
11787 0
11787 0
11787 0
11787 6.11955448715944
11787 6.11955448715944
11787 6.11955448715944
11787 0
11787 349.196112679451
11787 0
11787 0
11787 408.361566349411
11787 408.361566349411
11787 408.361566349411
11787 0
11787 8.2815601143115
11787 8.2815601143115
11787 0
11787 0
11932 0
11932 40.8507884385503
11932 40.8507884385503
11932 40.8507884385503
11932 40.8507884385503
11932 0
11932 0
11932 65.8781897360498
11932 65.8781897360498
11932 65.8781897360498
11932 65.8781897360498
11932 147.794289426803
11932 147.794289426803
11932 147.794289426803
11932 147.794289426803
11932 147.794289426803
11932 0
11932 0
11932 0
11932 0
11932 0
11932 0
11932 6.11955448715944
11932 6.11955448715944
11932 6.11955448715944
11932 0
11932 349.196112679451
11932 0
11932 0
11932 408.361566349411
11932 408.361566349411
11932 408.361566349411
11932 0
11932 8.2815601143115
11932 8.2815601143115
11932 0
11932 0
12085 0
12085 40.8507884385503
12085 40.8507884385503
12085 40.8507884385503
12085 40.8507884385503
12085 0
12085 0
12085 65.8781897360498
12085 65.8781897360498
12085 65.8781897360498
12085 65.8781897360498
12085 147.794289426803
12085 147.794289426803
12085 147.794289426803
12085 147.794289426803
12085 147.794289426803
12085 0
12085 0
12085 0
12085 0
12085 0
12085 0
12085 6.11955448715944
12085 6.11955448715944
12085 6.11955448715944
12085 0
12085 349.196112679451
12085 0
12085 0
12085 408.361566349411
12085 408.361566349411
12085 408.361566349411
12085 0
12085 8.2815601143115
12085 8.2815601143115
12085 0
12085 0
12403 0
12403 40.8507884385503
12403 40.8507884385503
12403 40.8507884385503
12403 40.8507884385503
12403 0
12403 0
12403 65.8781897360498
12403 65.8781897360498
12403 65.8781897360498
12403 65.8781897360498
12403 147.794289426803
12403 147.794289426803
12403 147.794289426803
12403 147.794289426803
12403 147.794289426803
12403 0
12403 0
12403 0
12403 0
12403 0
12403 0
12403 6.11955448715944
12403 6.11955448715944
12403 6.11955448715944
12403 0
12403 349.196112679451
12403 0
12403 0
12403 408.361566349411
12403 408.361566349411
12403 408.361566349411
12403 0
12403 8.2815601143115
12403 8.2815601143115
12403 0
12403 0
10241 0
10241 40.8507884385503
10241 40.8507884385503
10241 40.8507884385503
10241 40.8507884385503
10241 0
10241 0
10241 65.8781897360498
10241 65.8781897360498
10241 65.8781897360498
10241 65.8781897360498
10241 147.794289426803
10241 147.794289426803
10241 147.794289426803
10241 147.794289426803
10241 147.794289426803
10241 0
10241 0
10241 0
10241 0
10241 0
10241 0
10241 6.11955448715944
10241 6.11955448715944
10241 6.11955448715944
10241 0
10241 349.196112679451
10241 0
10241 0
10241 408.361566349411
10241 408.361566349411
10241 408.361566349411
10241 0
10241 8.2815601143115
10241 8.2815601143115
10241 0
10241 0
11363 0
11363 40.8507884385503
11363 40.8507884385503
11363 40.8507884385503
11363 40.8507884385503
11363 0
11363 0
11363 65.8781897360498
11363 65.8781897360498
11363 65.8781897360498
11363 65.8781897360498
11363 147.794289426803
11363 147.794289426803
11363 147.794289426803
11363 147.794289426803
11363 147.794289426803
11363 0
11363 0
11363 0
11363 0
11363 0
11363 0
11363 6.11955448715944
11363 6.11955448715944
11363 6.11955448715944
11363 0
11363 349.196112679451
11363 0
11363 0
11363 408.361566349411
11363 408.361566349411
11363 408.361566349411
11363 0
11363 8.2815601143115
11363 8.2815601143115
11363 0
11363 0
11788 0
11788 40.8507884385503
11788 40.8507884385503
11788 40.8507884385503
11788 40.8507884385503
11788 0
11788 0
11788 65.8781897360498
11788 65.8781897360498
11788 65.8781897360498
11788 65.8781897360498
11788 147.794289426803
11788 147.794289426803
11788 147.794289426803
11788 147.794289426803
11788 147.794289426803
11788 0
11788 0
11788 0
11788 0
11788 0
11788 0
11788 6.11955448715944
11788 6.11955448715944
11788 6.11955448715944
11788 0
11788 349.196112679451
11788 0
11788 0
11788 408.361566349411
11788 408.361566349411
11788 408.361566349411
11788 0
11788 8.2815601143115
11788 8.2815601143115
11788 0
11788 0
11933 0
11933 40.8507884385503
11933 40.8507884385503
11933 40.8507884385503
11933 40.8507884385503
11933 0
11933 0
11933 65.8781897360498
11933 65.8781897360498
11933 65.8781897360498
11933 65.8781897360498
11933 147.794289426803
11933 147.794289426803
11933 147.794289426803
11933 147.794289426803
11933 147.794289426803
11933 0
11933 0
11933 0
11933 0
11933 0
11933 0
11933 6.11955448715944
11933 6.11955448715944
11933 6.11955448715944
11933 0
11933 349.196112679451
11933 0
11933 0
11933 408.361566349411
11933 408.361566349411
11933 408.361566349411
11933 0
11933 8.2815601143115
11933 8.2815601143115
11933 0
11933 0
12086 0
12086 40.8507884385503
12086 40.8507884385503
12086 40.8507884385503
12086 40.8507884385503
12086 0
12086 0
12086 65.8781897360498
12086 65.8781897360498
12086 65.8781897360498
12086 65.8781897360498
12086 147.794289426803
12086 147.794289426803
12086 147.794289426803
12086 147.794289426803
12086 147.794289426803
12086 0
12086 0
12086 0
12086 0
12086 0
12086 0
12086 6.11955448715944
12086 6.11955448715944
12086 6.11955448715944
12086 0
12086 349.196112679451
12086 0
12086 0
12086 408.361566349411
12086 408.361566349411
12086 408.361566349411
12086 0
12086 8.2815601143115
12086 8.2815601143115
12086 0
12086 0
12241 0
12241 40.8507884385503
12241 40.8507884385503
12241 40.8507884385503
12241 40.8507884385503
12241 0
12241 0
12241 65.8781897360498
12241 65.8781897360498
12241 65.8781897360498
12241 65.8781897360498
12241 147.794289426803
12241 147.794289426803
12241 147.794289426803
12241 147.794289426803
12241 147.794289426803
12241 0
12241 0
12241 0
12241 0
12241 0
12241 0
12241 6.11955448715944
12241 6.11955448715944
12241 6.11955448715944
12241 0
12241 349.196112679451
12241 0
12241 0
12241 408.361566349411
12241 408.361566349411
12241 408.361566349411
12241 0
12241 8.2815601143115
12241 8.2815601143115
12241 0
12241 0
9990 0
9990 40.8507884385503
9990 40.8507884385503
9990 40.8507884385503
9990 40.8507884385503
9990 0
9990 0
9990 65.8781897360498
9990 65.8781897360498
9990 65.8781897360498
9990 65.8781897360498
9990 147.794289426803
9990 147.794289426803
9990 147.794289426803
9990 147.794289426803
9990 147.794289426803
9990 0
9990 0
9990 0
9990 0
9990 0
9990 0
9990 6.11955448715944
9990 6.11955448715944
9990 6.11955448715944
9990 0
9990 349.196112679451
9990 0
9990 0
9990 408.361566349411
9990 408.361566349411
9990 408.361566349411
9990 0
9990 8.2815601143115
9990 8.2815601143115
9990 0
9990 0
11504 0
11504 40.8507884385503
11504 40.8507884385503
11504 40.8507884385503
11504 40.8507884385503
11504 0
11504 0
11504 65.8781897360498
11504 65.8781897360498
11504 65.8781897360498
11504 65.8781897360498
11504 147.794289426803
11504 147.794289426803
11504 147.794289426803
11504 147.794289426803
11504 147.794289426803
11504 0
11504 0
11504 0
11504 0
11504 0
11504 0
11504 6.11955448715944
11504 6.11955448715944
11504 6.11955448715944
11504 0
11504 349.196112679451
11504 0
11504 0
11504 408.361566349411
11504 408.361566349411
11504 408.361566349411
11504 0
11504 8.2815601143115
11504 8.2815601143115
11504 0
11504 0
11789 0
11789 40.8507884385503
11789 40.8507884385503
11789 40.8507884385503
11789 40.8507884385503
11789 0
11789 0
11789 65.8781897360498
11789 65.8781897360498
11789 65.8781897360498
11789 65.8781897360498
11789 147.794289426803
11789 147.794289426803
11789 147.794289426803
11789 147.794289426803
11789 147.794289426803
11789 0
11789 0
11789 0
11789 0
11789 0
11789 0
11789 6.11955448715944
11789 6.11955448715944
11789 6.11955448715944
11789 0
11789 349.196112679451
11789 0
11789 0
11789 408.361566349411
11789 408.361566349411
11789 408.361566349411
11789 0
11789 8.2815601143115
11789 8.2815601143115
11789 0
11789 0
11934 0
11934 40.8507884385503
11934 40.8507884385503
11934 40.8507884385503
11934 40.8507884385503
11934 0
11934 0
11934 65.8781897360498
11934 65.8781897360498
11934 65.8781897360498
11934 65.8781897360498
11934 147.794289426803
11934 147.794289426803
11934 147.794289426803
11934 147.794289426803
11934 147.794289426803
11934 0
11934 0
11934 0
11934 0
11934 0
11934 0
11934 6.11955448715944
11934 6.11955448715944
11934 6.11955448715944
11934 0
11934 349.196112679451
11934 0
11934 0
11934 408.361566349411
11934 408.361566349411
11934 408.361566349411
11934 0
11934 8.2815601143115
11934 8.2815601143115
11934 0
11934 0
12087 0
12087 40.8507884385503
12087 40.8507884385503
12087 40.8507884385503
12087 40.8507884385503
12087 0
12087 0
12087 65.8781897360498
12087 65.8781897360498
12087 65.8781897360498
12087 65.8781897360498
12087 147.794289426803
12087 147.794289426803
12087 147.794289426803
12087 147.794289426803
12087 147.794289426803
12087 0
12087 0
12087 0
12087 0
12087 0
12087 0
12087 6.11955448715944
12087 6.11955448715944
12087 6.11955448715944
12087 0
12087 349.196112679451
12087 0
12087 0
12087 408.361566349411
12087 408.361566349411
12087 408.361566349411
12087 0
12087 8.2815601143115
12087 8.2815601143115
12087 0
12087 0
12242 0
12242 40.8507884385503
12242 40.8507884385503
12242 40.8507884385503
12242 40.8507884385503
12242 0
12242 0
12242 65.8781897360498
12242 65.8781897360498
12242 65.8781897360498
12242 65.8781897360498
12242 147.794289426803
12242 147.794289426803
12242 147.794289426803
12242 147.794289426803
12242 147.794289426803
12242 0
12242 0
12242 0
12242 0
12242 0
12242 0
12242 6.11955448715944
12242 6.11955448715944
12242 6.11955448715944
12242 0
12242 349.196112679451
12242 0
12242 0
12242 408.361566349411
12242 408.361566349411
12242 408.361566349411
12242 0
12242 8.2815601143115
12242 8.2815601143115
12242 0
12242 0
12405 0
12405 40.8507884385503
12405 40.8507884385503
12405 40.8507884385503
12405 40.8507884385503
12405 0
12405 0
12405 65.8781897360498
12405 65.8781897360498
12405 65.8781897360498
12405 65.8781897360498
12405 147.794289426803
12405 147.794289426803
12405 147.794289426803
12405 147.794289426803
12405 147.794289426803
12405 0
12405 0
12405 0
12405 0
12405 0
12405 0
12405 6.11955448715944
12405 6.11955448715944
12405 6.11955448715944
12405 0
12405 349.196112679451
12405 0
12405 0
12405 408.361566349411
12405 408.361566349411
12405 408.361566349411
12405 0
12405 8.2815601143115
12405 8.2815601143115
12405 0
12405 0
12569 0
12569 40.8507884385503
12569 40.8507884385503
12569 40.8507884385503
12569 40.8507884385503
12569 0
12569 0
12569 65.8781897360498
12569 65.8781897360498
12569 65.8781897360498
12569 65.8781897360498
12569 147.794289426803
12569 147.794289426803
12569 147.794289426803
12569 147.794289426803
12569 147.794289426803
12569 0
12569 0
12569 0
12569 0
12569 0
12569 0
12569 6.11955448715944
12569 6.11955448715944
12569 6.11955448715944
12569 0
12569 349.196112679451
12569 0
12569 0
12569 408.361566349411
12569 408.361566349411
12569 408.361566349411
12569 0
12569 8.2815601143115
12569 8.2815601143115
12569 0
12569 0
9631 0
9631 40.8507884385503
9631 40.8507884385503
9631 40.8507884385503
9631 40.8507884385503
9631 0
9631 0
9631 65.8781897360498
9631 65.8781897360498
9631 65.8781897360498
9631 65.8781897360498
9631 147.794289426803
9631 147.794289426803
9631 147.794289426803
9631 147.794289426803
9631 147.794289426803
9631 0
9631 0
9631 0
9631 0
9631 0
9631 0
9631 6.11955448715944
9631 6.11955448715944
9631 6.11955448715944
9631 0
9631 349.196112679451
9631 0
9631 0
9631 408.361566349411
9631 408.361566349411
9631 408.361566349411
9631 0
9631 8.2815601143115
9631 8.2815601143115
9631 0
9631 0
10979 0
10979 40.8507884385503
10979 40.8507884385503
10979 40.8507884385503
10979 40.8507884385503
10979 0
10979 0
10979 65.8781897360498
10979 65.8781897360498
10979 65.8781897360498
10979 65.8781897360498
10979 147.794289426803
10979 147.794289426803
10979 147.794289426803
10979 147.794289426803
10979 147.794289426803
10979 0
10979 0
10979 0
10979 0
10979 0
10979 0
10979 6.11955448715944
10979 6.11955448715944
10979 6.11955448715944
10979 0
10979 349.196112679451
10979 0
10979 0
10979 408.361566349411
10979 408.361566349411
10979 408.361566349411
10979 0
10979 8.2815601143115
10979 8.2815601143115
10979 0
10979 0
11233 0
11233 40.8507884385503
11233 40.8507884385503
11233 40.8507884385503
11233 40.8507884385503
11233 0
11233 0
11233 65.8781897360498
11233 65.8781897360498
11233 65.8781897360498
11233 65.8781897360498
11233 147.794289426803
11233 147.794289426803
11233 147.794289426803
11233 147.794289426803
11233 147.794289426803
11233 0
11233 0
11233 0
11233 0
11233 0
11233 0
11233 6.11955448715944
11233 6.11955448715944
11233 6.11955448715944
11233 0
11233 349.196112679451
11233 0
11233 0
11233 408.361566349411
11233 408.361566349411
11233 408.361566349411
11233 0
11233 8.2815601143115
11233 8.2815601143115
11233 0
11233 0
11365 0
11365 40.8507884385503
11365 40.8507884385503
11365 40.8507884385503
11365 40.8507884385503
11365 0
11365 0
11365 65.8781897360498
11365 65.8781897360498
11365 65.8781897360498
11365 65.8781897360498
11365 147.794289426803
11365 147.794289426803
11365 147.794289426803
11365 147.794289426803
11365 147.794289426803
11365 0
11365 0
11365 0
11365 0
11365 0
11365 0
11365 6.11955448715944
11365 6.11955448715944
11365 6.11955448715944
11365 0
11365 349.196112679451
11365 0
11365 0
11365 408.361566349411
11365 408.361566349411
11365 408.361566349411
11365 0
11365 8.2815601143115
11365 8.2815601143115
11365 0
11365 0
11505 0
11505 40.8507884385503
11505 40.8507884385503
11505 40.8507884385503
11505 40.8507884385503
11505 0
11505 0
11505 65.8781897360498
11505 65.8781897360498
11505 65.8781897360498
11505 65.8781897360498
11505 147.794289426803
11505 147.794289426803
11505 147.794289426803
11505 147.794289426803
11505 147.794289426803
11505 0
11505 0
11505 0
11505 0
11505 0
11505 0
11505 6.11955448715944
11505 6.11955448715944
11505 6.11955448715944
11505 0
11505 349.196112679451
11505 0
11505 0
11505 408.361566349411
11505 408.361566349411
11505 408.361566349411
11505 0
11505 8.2815601143115
11505 8.2815601143115
11505 0
11505 0
11650 0
11650 40.8507884385503
11650 40.8507884385503
11650 40.8507884385503
11650 40.8507884385503
11650 0
11650 0
11650 65.8781897360498
11650 65.8781897360498
11650 65.8781897360498
11650 65.8781897360498
11650 147.794289426803
11650 147.794289426803
11650 147.794289426803
11650 147.794289426803
11650 147.794289426803
11650 0
11650 0
11650 0
11650 0
11650 0
11650 0
11650 6.11955448715944
11650 6.11955448715944
11650 6.11955448715944
11650 0
11650 349.196112679451
11650 0
11650 0
11650 408.361566349411
11650 408.361566349411
11650 408.361566349411
11650 0
11650 8.2815601143115
11650 8.2815601143115
11650 0
11650 0
11790 0
11790 40.8507884385503
11790 40.8507884385503
11790 40.8507884385503
11790 40.8507884385503
11790 0
11790 0
11790 65.8781897360498
11790 65.8781897360498
11790 65.8781897360498
11790 65.8781897360498
11790 147.794289426803
11790 147.794289426803
11790 147.794289426803
11790 147.794289426803
11790 147.794289426803
11790 0
11790 0
11790 0
11790 0
11790 0
11790 0
11790 6.11955448715944
11790 6.11955448715944
11790 6.11955448715944
11790 0
11790 349.196112679451
11790 0
11790 0
11790 408.361566349411
11790 408.361566349411
11790 408.361566349411
11790 0
11790 8.2815601143115
11790 8.2815601143115
11790 0
11790 0
11935 0
11935 40.8507884385503
11935 40.8507884385503
11935 40.8507884385503
11935 40.8507884385503
11935 0
11935 0
11935 65.8781897360498
11935 65.8781897360498
11935 65.8781897360498
11935 65.8781897360498
11935 147.794289426803
11935 147.794289426803
11935 147.794289426803
11935 147.794289426803
11935 147.794289426803
11935 0
11935 0
11935 0
11935 0
11935 0
11935 0
11935 6.11955448715944
11935 6.11955448715944
11935 6.11955448715944
11935 0
11935 349.196112679451
11935 0
11935 0
11935 408.361566349411
11935 408.361566349411
11935 408.361566349411
11935 0
11935 8.2815601143115
11935 8.2815601143115
11935 0
11935 0
12088 0
12088 40.8507884385503
12088 40.8507884385503
12088 40.8507884385503
12088 40.8507884385503
12088 0
12088 0
12088 65.8781897360498
12088 65.8781897360498
12088 65.8781897360498
12088 65.8781897360498
12088 147.794289426803
12088 147.794289426803
12088 147.794289426803
12088 147.794289426803
12088 147.794289426803
12088 0
12088 0
12088 0
12088 0
12088 0
12088 0
12088 6.11955448715944
12088 6.11955448715944
12088 6.11955448715944
12088 0
12088 349.196112679451
12088 0
12088 0
12088 408.361566349411
12088 408.361566349411
12088 408.361566349411
12088 0
12088 8.2815601143115
12088 8.2815601143115
12088 0
12088 0
12243 0
12243 40.8507884385503
12243 40.8507884385503
12243 40.8507884385503
12243 40.8507884385503
12243 0
12243 0
12243 65.8781897360498
12243 65.8781897360498
12243 65.8781897360498
12243 65.8781897360498
12243 147.794289426803
12243 147.794289426803
12243 147.794289426803
12243 147.794289426803
12243 147.794289426803
12243 0
12243 0
12243 0
12243 0
12243 0
12243 0
12243 6.11955448715944
12243 6.11955448715944
12243 6.11955448715944
12243 0
12243 349.196112679451
12243 0
12243 0
12243 408.361566349411
12243 408.361566349411
12243 408.361566349411
12243 0
12243 8.2815601143115
12243 8.2815601143115
12243 0
12243 0
11234 0
11234 40.8507884385503
11234 40.8507884385503
11234 40.8507884385503
11234 40.8507884385503
11234 0
11234 0
11234 65.8781897360498
11234 65.8781897360498
11234 65.8781897360498
11234 65.8781897360498
11234 147.794289426803
11234 147.794289426803
11234 147.794289426803
11234 147.794289426803
11234 147.794289426803
11234 0
11234 0
11234 0
11234 0
11234 0
11234 0
11234 6.11955448715944
11234 6.11955448715944
11234 6.11955448715944
11234 0
11234 349.196112679451
11234 0
11234 0
11234 408.361566349411
11234 408.361566349411
11234 408.361566349411
11234 0
11234 8.2815601143115
11234 8.2815601143115
11234 0
11234 0
11366 0
11366 40.8507884385503
11366 40.8507884385503
11366 40.8507884385503
11366 40.8507884385503
11366 0
11366 0
11366 65.8781897360498
11366 65.8781897360498
11366 65.8781897360498
11366 65.8781897360498
11366 147.794289426803
11366 147.794289426803
11366 147.794289426803
11366 147.794289426803
11366 147.794289426803
11366 0
11366 0
11366 0
11366 0
11366 0
11366 0
11366 6.11955448715944
11366 6.11955448715944
11366 6.11955448715944
11366 0
11366 349.196112679451
11366 0
11366 0
11366 408.361566349411
11366 408.361566349411
11366 408.361566349411
11366 0
11366 8.2815601143115
11366 8.2815601143115
11366 0
11366 0
11651 0
11651 40.8507884385503
11651 40.8507884385503
11651 40.8507884385503
11651 40.8507884385503
11651 0
11651 0
11651 65.8781897360498
11651 65.8781897360498
11651 65.8781897360498
11651 65.8781897360498
11651 147.794289426803
11651 147.794289426803
11651 147.794289426803
11651 147.794289426803
11651 147.794289426803
11651 0
11651 0
11651 0
11651 0
11651 0
11651 0
11651 6.11955448715944
11651 6.11955448715944
11651 6.11955448715944
11651 0
11651 349.196112679451
11651 0
11651 0
11651 408.361566349411
11651 408.361566349411
11651 408.361566349411
11651 0
11651 8.2815601143115
11651 8.2815601143115
11651 0
11651 0
11791 0
11791 40.8507884385503
11791 40.8507884385503
11791 40.8507884385503
11791 40.8507884385503
11791 0
11791 0
11791 65.8781897360498
11791 65.8781897360498
11791 65.8781897360498
11791 65.8781897360498
11791 147.794289426803
11791 147.794289426803
11791 147.794289426803
11791 147.794289426803
11791 147.794289426803
11791 0
11791 0
11791 0
11791 0
11791 0
11791 0
11791 6.11955448715944
11791 6.11955448715944
11791 6.11955448715944
11791 0
11791 349.196112679451
11791 0
11791 0
11791 408.361566349411
11791 408.361566349411
11791 408.361566349411
11791 0
11791 8.2815601143115
11791 8.2815601143115
11791 0
11791 0
11936 0
11936 40.8507884385503
11936 40.8507884385503
11936 40.8507884385503
11936 40.8507884385503
11936 0
11936 0
11936 65.8781897360498
11936 65.8781897360498
11936 65.8781897360498
11936 65.8781897360498
11936 147.794289426803
11936 147.794289426803
11936 147.794289426803
11936 147.794289426803
11936 147.794289426803
11936 0
11936 0
11936 0
11936 0
11936 0
11936 0
11936 6.11955448715944
11936 6.11955448715944
11936 6.11955448715944
11936 0
11936 349.196112679451
11936 0
11936 0
11936 408.361566349411
11936 408.361566349411
11936 408.361566349411
11936 0
11936 8.2815601143115
11936 8.2815601143115
11936 0
11936 0
12089 0
12089 40.8507884385503
12089 40.8507884385503
12089 40.8507884385503
12089 40.8507884385503
12089 0
12089 0
12089 65.8781897360498
12089 65.8781897360498
12089 65.8781897360498
12089 65.8781897360498
12089 147.794289426803
12089 147.794289426803
12089 147.794289426803
12089 147.794289426803
12089 147.794289426803
12089 0
12089 0
12089 0
12089 0
12089 0
12089 0
12089 6.11955448715944
12089 6.11955448715944
12089 6.11955448715944
12089 0
12089 349.196112679451
12089 0
12089 0
12089 408.361566349411
12089 408.361566349411
12089 408.361566349411
12089 0
12089 8.2815601143115
12089 8.2815601143115
12089 0
12089 0
12244 0
12244 40.8507884385503
12244 40.8507884385503
12244 40.8507884385503
12244 40.8507884385503
12244 0
12244 0
12244 65.8781897360498
12244 65.8781897360498
12244 65.8781897360498
12244 65.8781897360498
12244 147.794289426803
12244 147.794289426803
12244 147.794289426803
12244 147.794289426803
12244 147.794289426803
12244 0
12244 0
12244 0
12244 0
12244 0
12244 0
12244 6.11955448715944
12244 6.11955448715944
12244 6.11955448715944
12244 0
12244 349.196112679451
12244 0
12244 0
12244 408.361566349411
12244 408.361566349411
12244 408.361566349411
12244 0
12244 8.2815601143115
12244 8.2815601143115
12244 0
12244 0
12407 0
12407 40.8507884385503
12407 40.8507884385503
12407 40.8507884385503
12407 40.8507884385503
12407 0
12407 0
12407 65.8781897360498
12407 65.8781897360498
12407 65.8781897360498
12407 65.8781897360498
12407 147.794289426803
12407 147.794289426803
12407 147.794289426803
12407 147.794289426803
12407 147.794289426803
12407 0
12407 0
12407 0
12407 0
12407 0
12407 0
12407 6.11955448715944
12407 6.11955448715944
12407 6.11955448715944
12407 0
12407 349.196112679451
12407 0
12407 0
12407 408.361566349411
12407 408.361566349411
12407 408.361566349411
12407 0
12407 8.2815601143115
12407 8.2815601143115
12407 0
12407 0
12571 0
12571 40.8507884385503
12571 40.8507884385503
12571 40.8507884385503
12571 40.8507884385503
12571 0
12571 0
12571 65.8781897360498
12571 65.8781897360498
12571 65.8781897360498
12571 65.8781897360498
12571 147.794289426803
12571 147.794289426803
12571 147.794289426803
12571 147.794289426803
12571 147.794289426803
12571 0
12571 0
12571 0
12571 0
12571 0
12571 0
12571 6.11955448715944
12571 6.11955448715944
12571 6.11955448715944
12571 0
12571 349.196112679451
12571 0
12571 0
12571 408.361566349411
12571 408.361566349411
12571 408.361566349411
12571 0
12571 8.2815601143115
12571 8.2815601143115
12571 0
12571 0
10374 0
10374 40.8507884385503
10374 40.8507884385503
10374 40.8507884385503
10374 40.8507884385503
10374 0
10374 0
10374 65.8781897360498
10374 65.8781897360498
10374 65.8781897360498
10374 65.8781897360498
10374 147.794289426803
10374 147.794289426803
10374 147.794289426803
10374 147.794289426803
10374 147.794289426803
10374 0
10374 0
10374 0
10374 0
10374 0
10374 0
10374 6.11955448715944
10374 6.11955448715944
10374 6.11955448715944
10374 0
10374 349.196112679451
10374 0
10374 0
10374 408.361566349411
10374 408.361566349411
10374 408.361566349411
10374 0
10374 8.2815601143115
10374 8.2815601143115
10374 0
10374 0
10739 0
10739 40.8507884385503
10739 40.8507884385503
10739 40.8507884385503
10739 40.8507884385503
10739 0
10739 0
10739 65.8781897360498
10739 65.8781897360498
10739 65.8781897360498
10739 65.8781897360498
10739 147.794289426803
10739 147.794289426803
10739 147.794289426803
10739 147.794289426803
10739 147.794289426803
10739 0
10739 0
10739 0
10739 0
10739 0
10739 0
10739 6.11955448715944
10739 6.11955448715944
10739 6.11955448715944
10739 0
10739 349.196112679451
10739 0
10739 0
10739 408.361566349411
10739 408.361566349411
10739 408.361566349411
10739 0
10739 8.2815601143115
10739 8.2815601143115
10739 0
10739 0
11235 0
11235 40.8507884385503
11235 40.8507884385503
11235 40.8507884385503
11235 40.8507884385503
11235 0
11235 0
11235 65.8781897360498
11235 65.8781897360498
11235 65.8781897360498
11235 65.8781897360498
11235 147.794289426803
11235 147.794289426803
11235 147.794289426803
11235 147.794289426803
11235 147.794289426803
11235 0
11235 0
11235 0
11235 0
11235 0
11235 0
11235 6.11955448715944
11235 6.11955448715944
11235 6.11955448715944
11235 0
11235 349.196112679451
11235 0
11235 0
11235 408.361566349411
11235 408.361566349411
11235 408.361566349411
11235 0
11235 8.2815601143115
11235 8.2815601143115
11235 0
11235 0
11792 0
11792 40.8507884385503
11792 40.8507884385503
11792 40.8507884385503
11792 40.8507884385503
11792 0
11792 0
11792 65.8781897360498
11792 65.8781897360498
11792 65.8781897360498
11792 65.8781897360498
11792 147.794289426803
11792 147.794289426803
11792 147.794289426803
11792 147.794289426803
11792 147.794289426803
11792 0
11792 0
11792 0
11792 0
11792 0
11792 0
11792 6.11955448715944
11792 6.11955448715944
11792 6.11955448715944
11792 0
11792 349.196112679451
11792 0
11792 0
11792 408.361566349411
11792 408.361566349411
11792 408.361566349411
11792 0
11792 8.2815601143115
11792 8.2815601143115
11792 0
11792 0
11937 0
11937 40.8507884385503
11937 40.8507884385503
11937 40.8507884385503
11937 40.8507884385503
11937 0
11937 0
11937 65.8781897360498
11937 65.8781897360498
11937 65.8781897360498
11937 65.8781897360498
11937 147.794289426803
11937 147.794289426803
11937 147.794289426803
11937 147.794289426803
11937 147.794289426803
11937 0
11937 0
11937 0
11937 0
11937 0
11937 0
11937 6.11955448715944
11937 6.11955448715944
11937 6.11955448715944
11937 0
11937 349.196112679451
11937 0
11937 0
11937 408.361566349411
11937 408.361566349411
11937 408.361566349411
11937 0
11937 8.2815601143115
11937 8.2815601143115
11937 0
11937 0
12090 0
12090 40.8507884385503
12090 40.8507884385503
12090 40.8507884385503
12090 40.8507884385503
12090 0
12090 0
12090 65.8781897360498
12090 65.8781897360498
12090 65.8781897360498
12090 65.8781897360498
12090 147.794289426803
12090 147.794289426803
12090 147.794289426803
12090 147.794289426803
12090 147.794289426803
12090 0
12090 0
12090 0
12090 0
12090 0
12090 0
12090 6.11955448715944
12090 6.11955448715944
12090 6.11955448715944
12090 0
12090 349.196112679451
12090 0
12090 0
12090 408.361566349411
12090 408.361566349411
12090 408.361566349411
12090 0
12090 8.2815601143115
12090 8.2815601143115
12090 0
12090 0
12245 0
12245 40.8507884385503
12245 40.8507884385503
12245 40.8507884385503
12245 40.8507884385503
12245 0
12245 0
12245 65.8781897360498
12245 65.8781897360498
12245 65.8781897360498
12245 65.8781897360498
12245 147.794289426803
12245 147.794289426803
12245 147.794289426803
12245 147.794289426803
12245 147.794289426803
12245 0
12245 0
12245 0
12245 0
12245 0
12245 0
12245 6.11955448715944
12245 6.11955448715944
12245 6.11955448715944
12245 0
12245 349.196112679451
12245 0
12245 0
12245 408.361566349411
12245 408.361566349411
12245 408.361566349411
12245 0
12245 8.2815601143115
12245 8.2815601143115
12245 0
12245 0
12408 0
12408 40.8507884385503
12408 40.8507884385503
12408 40.8507884385503
12408 40.8507884385503
12408 0
12408 0
12408 65.8781897360498
12408 65.8781897360498
12408 65.8781897360498
12408 65.8781897360498
12408 147.794289426803
12408 147.794289426803
12408 147.794289426803
12408 147.794289426803
12408 147.794289426803
12408 0
12408 0
12408 0
12408 0
12408 0
12408 0
12408 6.11955448715944
12408 6.11955448715944
12408 6.11955448715944
12408 0
12408 349.196112679451
12408 0
12408 0
12408 408.361566349411
12408 408.361566349411
12408 408.361566349411
12408 0
12408 8.2815601143115
12408 8.2815601143115
12408 0
12408 0
12572 0
12572 40.8507884385503
12572 40.8507884385503
12572 40.8507884385503
12572 40.8507884385503
12572 0
12572 0
12572 65.8781897360498
12572 65.8781897360498
12572 65.8781897360498
12572 65.8781897360498
12572 147.794289426803
12572 147.794289426803
12572 147.794289426803
12572 147.794289426803
12572 147.794289426803
12572 0
12572 0
12572 0
12572 0
12572 0
12572 0
12572 6.11955448715944
12572 6.11955448715944
12572 6.11955448715944
12572 0
12572 349.196112679451
12572 0
12572 0
12572 408.361566349411
12572 408.361566349411
12572 408.361566349411
12572 0
12572 8.2815601143115
12572 8.2815601143115
12572 0
12572 0
10500 0
10500 40.8507884385503
10500 40.8507884385503
10500 40.8507884385503
10500 40.8507884385503
10500 0
10500 0
10500 65.8781897360498
10500 65.8781897360498
10500 65.8781897360498
10500 65.8781897360498
10500 147.794289426803
10500 147.794289426803
10500 147.794289426803
10500 147.794289426803
10500 147.794289426803
10500 0
10500 0
10500 0
10500 0
10500 0
10500 0
10500 6.11955448715944
10500 6.11955448715944
10500 6.11955448715944
10500 0
10500 349.196112679451
10500 0
10500 0
10500 408.361566349411
10500 408.361566349411
10500 408.361566349411
10500 0
10500 8.2815601143115
10500 8.2815601143115
10500 0
10500 0
10622 0
10622 40.8507884385503
10622 40.8507884385503
10622 40.8507884385503
10622 40.8507884385503
10622 0
10622 0
10622 65.8781897360498
10622 65.8781897360498
10622 65.8781897360498
10622 65.8781897360498
10622 147.794289426803
10622 147.794289426803
10622 147.794289426803
10622 147.794289426803
10622 147.794289426803
10622 0
10622 0
10622 0
10622 0
10622 0
10622 0
10622 6.11955448715944
10622 6.11955448715944
10622 6.11955448715944
10622 0
10622 349.196112679451
10622 0
10622 0
10622 408.361566349411
10622 408.361566349411
10622 408.361566349411
10622 0
10622 8.2815601143115
10622 8.2815601143115
10622 0
10622 0
10861 0
10861 40.8507884385503
10861 40.8507884385503
10861 40.8507884385503
10861 40.8507884385503
10861 0
10861 0
10861 65.8781897360498
10861 65.8781897360498
10861 65.8781897360498
10861 65.8781897360498
10861 147.794289426803
10861 147.794289426803
10861 147.794289426803
10861 147.794289426803
10861 147.794289426803
10861 0
10861 0
10861 0
10861 0
10861 0
10861 0
10861 6.11955448715944
10861 6.11955448715944
10861 6.11955448715944
10861 0
10861 349.196112679451
10861 0
10861 0
10861 408.361566349411
10861 408.361566349411
10861 408.361566349411
10861 0
10861 8.2815601143115
10861 8.2815601143115
10861 0
10861 0
11236 0
11236 40.8507884385503
11236 40.8507884385503
11236 40.8507884385503
11236 40.8507884385503
11236 0
11236 0
11236 65.8781897360498
11236 65.8781897360498
11236 65.8781897360498
11236 65.8781897360498
11236 147.794289426803
11236 147.794289426803
11236 147.794289426803
11236 147.794289426803
11236 147.794289426803
11236 0
11236 0
11236 0
11236 0
11236 0
11236 0
11236 6.11955448715944
11236 6.11955448715944
11236 6.11955448715944
11236 0
11236 349.196112679451
11236 0
11236 0
11236 408.361566349411
11236 408.361566349411
11236 408.361566349411
11236 0
11236 8.2815601143115
11236 8.2815601143115
11236 0
11236 0
11368 0
11368 40.8507884385503
11368 40.8507884385503
11368 40.8507884385503
11368 40.8507884385503
11368 0
11368 0
11368 65.8781897360498
11368 65.8781897360498
11368 65.8781897360498
11368 65.8781897360498
11368 147.794289426803
11368 147.794289426803
11368 147.794289426803
11368 147.794289426803
11368 147.794289426803
11368 0
11368 0
11368 0
11368 0
11368 0
11368 0
11368 6.11955448715944
11368 6.11955448715944
11368 6.11955448715944
11368 0
11368 349.196112679451
11368 0
11368 0
11368 408.361566349411
11368 408.361566349411
11368 408.361566349411
11368 0
11368 8.2815601143115
11368 8.2815601143115
11368 0
11368 0
11653 0
11653 40.8507884385503
11653 40.8507884385503
11653 40.8507884385503
11653 40.8507884385503
11653 0
11653 0
11653 65.8781897360498
11653 65.8781897360498
11653 65.8781897360498
11653 65.8781897360498
11653 147.794289426803
11653 147.794289426803
11653 147.794289426803
11653 147.794289426803
11653 147.794289426803
11653 0
11653 0
11653 0
11653 0
11653 0
11653 0
11653 6.11955448715944
11653 6.11955448715944
11653 6.11955448715944
11653 0
11653 349.196112679451
11653 0
11653 0
11653 408.361566349411
11653 408.361566349411
11653 408.361566349411
11653 0
11653 8.2815601143115
11653 8.2815601143115
11653 0
11653 0
12091 0
12091 40.8507884385503
12091 40.8507884385503
12091 40.8507884385503
12091 40.8507884385503
12091 0
12091 0
12091 65.8781897360498
12091 65.8781897360498
12091 65.8781897360498
12091 65.8781897360498
12091 147.794289426803
12091 147.794289426803
12091 147.794289426803
12091 147.794289426803
12091 147.794289426803
12091 0
12091 0
12091 0
12091 0
12091 0
12091 0
12091 6.11955448715944
12091 6.11955448715944
12091 6.11955448715944
12091 0
12091 349.196112679451
12091 0
12091 0
12091 408.361566349411
12091 408.361566349411
12091 408.361566349411
12091 0
12091 8.2815601143115
12091 8.2815601143115
12091 0
12091 0
12246 0
12246 40.8507884385503
12246 40.8507884385503
12246 40.8507884385503
12246 40.8507884385503
12246 0
12246 0
12246 65.8781897360498
12246 65.8781897360498
12246 65.8781897360498
12246 65.8781897360498
12246 147.794289426803
12246 147.794289426803
12246 147.794289426803
12246 147.794289426803
12246 147.794289426803
12246 0
12246 0
12246 0
12246 0
12246 0
12246 0
12246 6.11955448715944
12246 6.11955448715944
12246 6.11955448715944
12246 0
12246 349.196112679451
12246 0
12246 0
12246 408.361566349411
12246 408.361566349411
12246 408.361566349411
12246 0
12246 8.2815601143115
12246 8.2815601143115
12246 0
12246 0
12409 0
12409 40.8507884385503
12409 40.8507884385503
12409 40.8507884385503
12409 40.8507884385503
12409 0
12409 0
12409 65.8781897360498
12409 65.8781897360498
12409 65.8781897360498
12409 65.8781897360498
12409 147.794289426803
12409 147.794289426803
12409 147.794289426803
12409 147.794289426803
12409 147.794289426803
12409 0
12409 0
12409 0
12409 0
12409 0
12409 0
12409 6.11955448715944
12409 6.11955448715944
12409 6.11955448715944
12409 0
12409 349.196112679451
12409 0
12409 0
12409 408.361566349411
12409 408.361566349411
12409 408.361566349411
12409 0
12409 8.2815601143115
12409 8.2815601143115
12409 0
12409 0
12573 0
12573 40.8507884385503
12573 40.8507884385503
12573 40.8507884385503
12573 40.8507884385503
12573 0
12573 0
12573 65.8781897360498
12573 65.8781897360498
12573 65.8781897360498
12573 65.8781897360498
12573 147.794289426803
12573 147.794289426803
12573 147.794289426803
12573 147.794289426803
12573 147.794289426803
12573 0
12573 0
12573 0
12573 0
12573 0
12573 0
12573 6.11955448715944
12573 6.11955448715944
12573 6.11955448715944
12573 0
12573 349.196112679451
12573 0
12573 0
12573 408.361566349411
12573 408.361566349411
12573 408.361566349411
12573 0
12573 8.2815601143115
12573 8.2815601143115
12573 0
12573 0
12742 0
12742 40.8507884385503
12742 40.8507884385503
12742 40.8507884385503
12742 40.8507884385503
12742 0
12742 0
12742 65.8781897360498
12742 65.8781897360498
12742 65.8781897360498
12742 65.8781897360498
12742 147.794289426803
12742 147.794289426803
12742 147.794289426803
12742 147.794289426803
12742 147.794289426803
12742 0
12742 0
12742 0
12742 0
12742 0
12742 0
12742 6.11955448715944
12742 6.11955448715944
12742 6.11955448715944
12742 0
12742 349.196112679451
12742 0
12742 0
12742 408.361566349411
12742 408.361566349411
12742 408.361566349411
12742 0
12742 8.2815601143115
12742 8.2815601143115
12742 0
12742 0
10862 0
10862 40.8507884385503
10862 40.8507884385503
10862 40.8507884385503
10862 40.8507884385503
10862 0
10862 0
10862 65.8781897360498
10862 65.8781897360498
10862 65.8781897360498
10862 65.8781897360498
10862 147.794289426803
10862 147.794289426803
10862 147.794289426803
10862 147.794289426803
10862 147.794289426803
10862 0
10862 0
10862 0
10862 0
10862 0
10862 0
10862 6.11955448715944
10862 6.11955448715944
10862 6.11955448715944
10862 0
10862 349.196112679451
10862 0
10862 0
10862 408.361566349411
10862 408.361566349411
10862 408.361566349411
10862 0
10862 8.2815601143115
10862 8.2815601143115
10862 0
10862 0
11111 0
11111 40.8507884385503
11111 40.8507884385503
11111 40.8507884385503
11111 40.8507884385503
11111 0
11111 0
11111 65.8781897360498
11111 65.8781897360498
11111 65.8781897360498
11111 65.8781897360498
11111 147.794289426803
11111 147.794289426803
11111 147.794289426803
11111 147.794289426803
11111 147.794289426803
11111 0
11111 0
11111 0
11111 0
11111 0
11111 0
11111 6.11955448715944
11111 6.11955448715944
11111 6.11955448715944
11111 0
11111 349.196112679451
11111 0
11111 0
11111 408.361566349411
11111 408.361566349411
11111 408.361566349411
11111 0
11111 8.2815601143115
11111 8.2815601143115
11111 0
11111 0
11237 0
11237 40.8507884385503
11237 40.8507884385503
11237 40.8507884385503
11237 40.8507884385503
11237 0
11237 0
11237 65.8781897360498
11237 65.8781897360498
11237 65.8781897360498
11237 65.8781897360498
11237 147.794289426803
11237 147.794289426803
11237 147.794289426803
11237 147.794289426803
11237 147.794289426803
11237 0
11237 0
11237 0
11237 0
11237 0
11237 0
11237 6.11955448715944
11237 6.11955448715944
11237 6.11955448715944
11237 0
11237 349.196112679451
11237 0
11237 0
11237 408.361566349411
11237 408.361566349411
11237 408.361566349411
11237 0
11237 8.2815601143115
11237 8.2815601143115
11237 0
11237 0
11369 0
11369 40.8507884385503
11369 40.8507884385503
11369 40.8507884385503
11369 40.8507884385503
11369 0
11369 0
11369 65.8781897360498
11369 65.8781897360498
11369 65.8781897360498
11369 65.8781897360498
11369 147.794289426803
11369 147.794289426803
11369 147.794289426803
11369 147.794289426803
11369 147.794289426803
11369 0
11369 0
11369 0
11369 0
11369 0
11369 0
11369 6.11955448715944
11369 6.11955448715944
11369 6.11955448715944
11369 0
11369 349.196112679451
11369 0
11369 0
11369 408.361566349411
11369 408.361566349411
11369 408.361566349411
11369 0
11369 8.2815601143115
11369 8.2815601143115
11369 0
11369 0
11509 0
11509 40.8507884385503
11509 40.8507884385503
11509 40.8507884385503
11509 40.8507884385503
11509 0
11509 0
11509 65.8781897360498
11509 65.8781897360498
11509 65.8781897360498
11509 65.8781897360498
11509 147.794289426803
11509 147.794289426803
11509 147.794289426803
11509 147.794289426803
11509 147.794289426803
11509 0
11509 0
11509 0
11509 0
11509 0
11509 0
11509 6.11955448715944
11509 6.11955448715944
11509 6.11955448715944
11509 0
11509 349.196112679451
11509 0
11509 0
11509 408.361566349411
11509 408.361566349411
11509 408.361566349411
11509 0
11509 8.2815601143115
11509 8.2815601143115
11509 0
11509 0
12092 0
12092 40.8507884385503
12092 40.8507884385503
12092 40.8507884385503
12092 40.8507884385503
12092 0
12092 0
12092 65.8781897360498
12092 65.8781897360498
12092 65.8781897360498
12092 65.8781897360498
12092 147.794289426803
12092 147.794289426803
12092 147.794289426803
12092 147.794289426803
12092 147.794289426803
12092 0
12092 0
12092 0
12092 0
12092 0
12092 0
12092 6.11955448715944
12092 6.11955448715944
12092 6.11955448715944
12092 0
12092 349.196112679451
12092 0
12092 0
12092 408.361566349411
12092 408.361566349411
12092 408.361566349411
12092 0
12092 8.2815601143115
12092 8.2815601143115
12092 0
12092 0
12247 0
12247 40.8507884385503
12247 40.8507884385503
12247 40.8507884385503
12247 40.8507884385503
12247 0
12247 0
12247 65.8781897360498
12247 65.8781897360498
12247 65.8781897360498
12247 65.8781897360498
12247 147.794289426803
12247 147.794289426803
12247 147.794289426803
12247 147.794289426803
12247 147.794289426803
12247 0
12247 0
12247 0
12247 0
12247 0
12247 0
12247 6.11955448715944
12247 6.11955448715944
12247 6.11955448715944
12247 0
12247 349.196112679451
12247 0
12247 0
12247 408.361566349411
12247 408.361566349411
12247 408.361566349411
12247 0
12247 8.2815601143115
12247 8.2815601143115
12247 0
12247 0
12410 0
12410 40.8507884385503
12410 40.8507884385503
12410 40.8507884385503
12410 40.8507884385503
12410 0
12410 0
12410 65.8781897360498
12410 65.8781897360498
12410 65.8781897360498
12410 65.8781897360498
12410 147.794289426803
12410 147.794289426803
12410 147.794289426803
12410 147.794289426803
12410 147.794289426803
12410 0
12410 0
12410 0
12410 0
12410 0
12410 0
12410 6.11955448715944
12410 6.11955448715944
12410 6.11955448715944
12410 0
12410 349.196112679451
12410 0
12410 0
12410 408.361566349411
12410 408.361566349411
12410 408.361566349411
12410 0
12410 8.2815601143115
12410 8.2815601143115
12410 0
12410 0
12574 0
12574 40.8507884385503
12574 40.8507884385503
12574 40.8507884385503
12574 40.8507884385503
12574 0
12574 0
12574 65.8781897360498
12574 65.8781897360498
12574 65.8781897360498
12574 65.8781897360498
12574 147.794289426803
12574 147.794289426803
12574 147.794289426803
12574 147.794289426803
12574 147.794289426803
12574 0
12574 0
12574 0
12574 0
12574 0
12574 0
12574 6.11955448715944
12574 6.11955448715944
12574 6.11955448715944
12574 0
12574 349.196112679451
12574 0
12574 0
12574 408.361566349411
12574 408.361566349411
12574 408.361566349411
12574 0
12574 8.2815601143115
12574 8.2815601143115
12574 0
12574 0
12743 0
12743 40.8507884385503
12743 40.8507884385503
12743 40.8507884385503
12743 40.8507884385503
12743 0
12743 0
12743 65.8781897360498
12743 65.8781897360498
12743 65.8781897360498
12743 65.8781897360498
12743 147.794289426803
12743 147.794289426803
12743 147.794289426803
12743 147.794289426803
12743 147.794289426803
12743 0
12743 0
12743 0
12743 0
12743 0
12743 0
12743 6.11955448715944
12743 6.11955448715944
12743 6.11955448715944
12743 0
12743 349.196112679451
12743 0
12743 0
12743 408.361566349411
12743 408.361566349411
12743 408.361566349411
12743 0
12743 8.2815601143115
12743 8.2815601143115
12743 0
12743 0
10863 0
10863 40.8507884385503
10863 40.8507884385503
10863 40.8507884385503
10863 40.8507884385503
10863 0
10863 0
10863 65.8781897360498
10863 65.8781897360498
10863 65.8781897360498
10863 65.8781897360498
10863 147.794289426803
10863 147.794289426803
10863 147.794289426803
10863 147.794289426803
10863 147.794289426803
10863 0
10863 0
10863 0
10863 0
10863 0
10863 0
10863 6.11955448715944
10863 6.11955448715944
10863 6.11955448715944
10863 0
10863 349.196112679451
10863 0
10863 0
10863 408.361566349411
10863 408.361566349411
10863 408.361566349411
10863 0
10863 8.2815601143115
10863 8.2815601143115
10863 0
10863 0
11112 0
11112 40.8507884385503
11112 40.8507884385503
11112 40.8507884385503
11112 40.8507884385503
11112 0
11112 0
11112 65.8781897360498
11112 65.8781897360498
11112 65.8781897360498
11112 65.8781897360498
11112 147.794289426803
11112 147.794289426803
11112 147.794289426803
11112 147.794289426803
11112 147.794289426803
11112 0
11112 0
11112 0
11112 0
11112 0
11112 0
11112 6.11955448715944
11112 6.11955448715944
11112 6.11955448715944
11112 0
11112 349.196112679451
11112 0
11112 0
11112 408.361566349411
11112 408.361566349411
11112 408.361566349411
11112 0
11112 8.2815601143115
11112 8.2815601143115
11112 0
11112 0
11238 0
11238 40.8507884385503
11238 40.8507884385503
11238 40.8507884385503
11238 40.8507884385503
11238 0
11238 0
11238 65.8781897360498
11238 65.8781897360498
11238 65.8781897360498
11238 65.8781897360498
11238 147.794289426803
11238 147.794289426803
11238 147.794289426803
11238 147.794289426803
11238 147.794289426803
11238 0
11238 0
11238 0
11238 0
11238 0
11238 0
11238 6.11955448715944
11238 6.11955448715944
11238 6.11955448715944
11238 0
11238 349.196112679451
11238 0
11238 0
11238 408.361566349411
11238 408.361566349411
11238 408.361566349411
11238 0
11238 8.2815601143115
11238 8.2815601143115
11238 0
11238 0
11370 0
11370 40.8507884385503
11370 40.8507884385503
11370 40.8507884385503
11370 40.8507884385503
11370 0
11370 0
11370 65.8781897360498
11370 65.8781897360498
11370 65.8781897360498
11370 65.8781897360498
11370 147.794289426803
11370 147.794289426803
11370 147.794289426803
11370 147.794289426803
11370 147.794289426803
11370 0
11370 0
11370 0
11370 0
11370 0
11370 0
11370 6.11955448715944
11370 6.11955448715944
11370 6.11955448715944
11370 0
11370 349.196112679451
11370 0
11370 0
11370 408.361566349411
11370 408.361566349411
11370 408.361566349411
11370 0
11370 8.2815601143115
11370 8.2815601143115
11370 0
11370 0
11510 0
11510 40.8507884385503
11510 40.8507884385503
11510 40.8507884385503
11510 40.8507884385503
11510 0
11510 0
11510 65.8781897360498
11510 65.8781897360498
11510 65.8781897360498
11510 65.8781897360498
11510 147.794289426803
11510 147.794289426803
11510 147.794289426803
11510 147.794289426803
11510 147.794289426803
11510 0
11510 0
11510 0
11510 0
11510 0
11510 0
11510 6.11955448715944
11510 6.11955448715944
11510 6.11955448715944
11510 0
11510 349.196112679451
11510 0
11510 0
11510 408.361566349411
11510 408.361566349411
11510 408.361566349411
11510 0
11510 8.2815601143115
11510 8.2815601143115
11510 0
11510 0
11940 0
11940 40.8507884385503
11940 40.8507884385503
11940 40.8507884385503
11940 40.8507884385503
11940 0
11940 0
11940 65.8781897360498
11940 65.8781897360498
11940 65.8781897360498
11940 65.8781897360498
11940 147.794289426803
11940 147.794289426803
11940 147.794289426803
11940 147.794289426803
11940 147.794289426803
11940 0
11940 0
11940 0
11940 0
11940 0
11940 0
11940 6.11955448715944
11940 6.11955448715944
11940 6.11955448715944
11940 0
11940 349.196112679451
11940 0
11940 0
11940 408.361566349411
11940 408.361566349411
11940 408.361566349411
11940 0
11940 8.2815601143115
11940 8.2815601143115
11940 0
11940 0
12248 0
12248 40.8507884385503
12248 40.8507884385503
12248 40.8507884385503
12248 40.8507884385503
12248 0
12248 0
12248 65.8781897360498
12248 65.8781897360498
12248 65.8781897360498
12248 65.8781897360498
12248 147.794289426803
12248 147.794289426803
12248 147.794289426803
12248 147.794289426803
12248 147.794289426803
12248 0
12248 0
12248 0
12248 0
12248 0
12248 0
12248 6.11955448715944
12248 6.11955448715944
12248 6.11955448715944
12248 0
12248 349.196112679451
12248 0
12248 0
12248 408.361566349411
12248 408.361566349411
12248 408.361566349411
12248 0
12248 8.2815601143115
12248 8.2815601143115
12248 0
12248 0
12411 0
12411 40.8507884385503
12411 40.8507884385503
12411 40.8507884385503
12411 40.8507884385503
12411 0
12411 0
12411 65.8781897360498
12411 65.8781897360498
12411 65.8781897360498
12411 65.8781897360498
12411 147.794289426803
12411 147.794289426803
12411 147.794289426803
12411 147.794289426803
12411 147.794289426803
12411 0
12411 0
12411 0
12411 0
12411 0
12411 0
12411 6.11955448715944
12411 6.11955448715944
12411 6.11955448715944
12411 0
12411 349.196112679451
12411 0
12411 0
12411 408.361566349411
12411 408.361566349411
12411 408.361566349411
12411 0
12411 8.2815601143115
12411 8.2815601143115
12411 0
12411 0
12575 0
12575 40.8507884385503
12575 40.8507884385503
12575 40.8507884385503
12575 40.8507884385503
12575 0
12575 0
12575 65.8781897360498
12575 65.8781897360498
12575 65.8781897360498
12575 65.8781897360498
12575 147.794289426803
12575 147.794289426803
12575 147.794289426803
12575 147.794289426803
12575 147.794289426803
12575 0
12575 0
12575 0
12575 0
12575 0
12575 0
12575 6.11955448715944
12575 6.11955448715944
12575 6.11955448715944
12575 0
12575 349.196112679451
12575 0
12575 0
12575 408.361566349411
12575 408.361566349411
12575 408.361566349411
12575 0
12575 8.2815601143115
12575 8.2815601143115
12575 0
12575 0
11371 0
11371 40.8507884385503
11371 40.8507884385503
11371 40.8507884385503
11371 40.8507884385503
11371 0
11371 0
11371 65.8781897360498
11371 65.8781897360498
11371 65.8781897360498
11371 65.8781897360498
11371 147.794289426803
11371 147.794289426803
11371 147.794289426803
11371 147.794289426803
11371 147.794289426803
11371 0
11371 0
11371 0
11371 0
11371 0
11371 0
11371 6.11955448715944
11371 6.11955448715944
11371 6.11955448715944
11371 0
11371 349.196112679451
11371 0
11371 0
11371 408.361566349411
11371 408.361566349411
11371 408.361566349411
11371 0
11371 8.2815601143115
11371 8.2815601143115
11371 0
11371 0
11656 0
11656 40.8507884385503
11656 40.8507884385503
11656 40.8507884385503
11656 40.8507884385503
11656 0
11656 0
11656 65.8781897360498
11656 65.8781897360498
11656 65.8781897360498
11656 65.8781897360498
11656 147.794289426803
11656 147.794289426803
11656 147.794289426803
11656 147.794289426803
11656 147.794289426803
11656 0
11656 0
11656 0
11656 0
11656 0
11656 0
11656 6.11955448715944
11656 6.11955448715944
11656 6.11955448715944
11656 0
11656 349.196112679451
11656 0
11656 0
11656 408.361566349411
11656 408.361566349411
11656 408.361566349411
11656 0
11656 8.2815601143115
11656 8.2815601143115
11656 0
11656 0
12094 0
12094 40.8507884385503
12094 40.8507884385503
12094 40.8507884385503
12094 40.8507884385503
12094 0
12094 0
12094 65.8781897360498
12094 65.8781897360498
12094 65.8781897360498
12094 65.8781897360498
12094 147.794289426803
12094 147.794289426803
12094 147.794289426803
12094 147.794289426803
12094 147.794289426803
12094 0
12094 0
12094 0
12094 0
12094 0
12094 0
12094 6.11955448715944
12094 6.11955448715944
12094 6.11955448715944
12094 0
12094 349.196112679451
12094 0
12094 0
12094 408.361566349411
12094 408.361566349411
12094 408.361566349411
12094 0
12094 8.2815601143115
12094 8.2815601143115
12094 0
12094 0
12249 0
12249 40.8507884385503
12249 40.8507884385503
12249 40.8507884385503
12249 40.8507884385503
12249 0
12249 0
12249 65.8781897360498
12249 65.8781897360498
12249 65.8781897360498
12249 65.8781897360498
12249 147.794289426803
12249 147.794289426803
12249 147.794289426803
12249 147.794289426803
12249 147.794289426803
12249 0
12249 0
12249 0
12249 0
12249 0
12249 0
12249 6.11955448715944
12249 6.11955448715944
12249 6.11955448715944
12249 0
12249 349.196112679451
12249 0
12249 0
12249 408.361566349411
12249 408.361566349411
12249 408.361566349411
12249 0
12249 8.2815601143115
12249 8.2815601143115
12249 0
12249 0
12412 0
12412 40.8507884385503
12412 40.8507884385503
12412 40.8507884385503
12412 40.8507884385503
12412 0
12412 0
12412 65.8781897360498
12412 65.8781897360498
12412 65.8781897360498
12412 65.8781897360498
12412 147.794289426803
12412 147.794289426803
12412 147.794289426803
12412 147.794289426803
12412 147.794289426803
12412 0
12412 0
12412 0
12412 0
12412 0
12412 0
12412 6.11955448715944
12412 6.11955448715944
12412 6.11955448715944
12412 0
12412 349.196112679451
12412 0
12412 0
12412 408.361566349411
12412 408.361566349411
12412 408.361566349411
12412 0
12412 8.2815601143115
12412 8.2815601143115
12412 0
12412 0
12745 0
12745 40.8507884385503
12745 40.8507884385503
12745 40.8507884385503
12745 40.8507884385503
12745 0
12745 0
12745 65.8781897360498
12745 65.8781897360498
12745 65.8781897360498
12745 65.8781897360498
12745 147.794289426803
12745 147.794289426803
12745 147.794289426803
12745 147.794289426803
12745 147.794289426803
12745 0
12745 0
12745 0
12745 0
12745 0
12745 0
12745 6.11955448715944
12745 6.11955448715944
12745 6.11955448715944
12745 0
12745 349.196112679451
12745 0
12745 0
12745 408.361566349411
12745 408.361566349411
12745 408.361566349411
12745 0
12745 8.2815601143115
12745 8.2815601143115
12745 0
12745 0
11942 0
11942 40.8507884385503
11942 40.8507884385503
11942 40.8507884385503
11942 40.8507884385503
11942 0
11942 0
11942 65.8781897360498
11942 65.8781897360498
11942 65.8781897360498
11942 65.8781897360498
11942 147.794289426803
11942 147.794289426803
11942 147.794289426803
11942 147.794289426803
11942 147.794289426803
11942 0
11942 0
11942 0
11942 0
11942 0
11942 0
11942 6.11955448715944
11942 6.11955448715944
11942 6.11955448715944
11942 0
11942 349.196112679451
11942 0
11942 0
11942 408.361566349411
11942 408.361566349411
11942 408.361566349411
11942 0
11942 8.2815601143115
11942 8.2815601143115
11942 0
11942 0
12250 0
12250 40.8507884385503
12250 40.8507884385503
12250 40.8507884385503
12250 40.8507884385503
12250 0
12250 0
12250 65.8781897360498
12250 65.8781897360498
12250 65.8781897360498
12250 65.8781897360498
12250 147.794289426803
12250 147.794289426803
12250 147.794289426803
12250 147.794289426803
12250 147.794289426803
12250 0
12250 0
12250 0
12250 0
12250 0
12250 0
12250 6.11955448715944
12250 6.11955448715944
12250 6.11955448715944
12250 0
12250 349.196112679451
12250 0
12250 0
12250 408.361566349411
12250 408.361566349411
12250 408.361566349411
12250 0
12250 8.2815601143115
12250 8.2815601143115
12250 0
12250 0
12413 0
12413 40.8507884385503
12413 40.8507884385503
12413 40.8507884385503
12413 40.8507884385503
12413 0
12413 0
12413 65.8781897360498
12413 65.8781897360498
12413 65.8781897360498
12413 65.8781897360498
12413 147.794289426803
12413 147.794289426803
12413 147.794289426803
12413 147.794289426803
12413 147.794289426803
12413 0
12413 0
12413 0
12413 0
12413 0
12413 0
12413 6.11955448715944
12413 6.11955448715944
12413 6.11955448715944
12413 0
12413 349.196112679451
12413 0
12413 0
12413 408.361566349411
12413 408.361566349411
12413 408.361566349411
12413 0
12413 8.2815601143115
12413 8.2815601143115
12413 0
12413 0
12577 0
12577 40.8507884385503
12577 40.8507884385503
12577 40.8507884385503
12577 40.8507884385503
12577 0
12577 0
12577 65.8781897360498
12577 65.8781897360498
12577 65.8781897360498
12577 65.8781897360498
12577 147.794289426803
12577 147.794289426803
12577 147.794289426803
12577 147.794289426803
12577 147.794289426803
12577 0
12577 0
12577 0
12577 0
12577 0
12577 0
12577 6.11955448715944
12577 6.11955448715944
12577 6.11955448715944
12577 0
12577 349.196112679451
12577 0
12577 0
12577 408.361566349411
12577 408.361566349411
12577 408.361566349411
12577 0
12577 8.2815601143115
12577 8.2815601143115
12577 0
12577 0
12746 0
12746 40.8507884385503
12746 40.8507884385503
12746 40.8507884385503
12746 40.8507884385503
12746 0
12746 0
12746 65.8781897360498
12746 65.8781897360498
12746 65.8781897360498
12746 65.8781897360498
12746 147.794289426803
12746 147.794289426803
12746 147.794289426803
12746 147.794289426803
12746 147.794289426803
12746 0
12746 0
12746 0
12746 0
12746 0
12746 0
12746 6.11955448715944
12746 6.11955448715944
12746 6.11955448715944
12746 0
12746 349.196112679451
12746 0
12746 0
12746 408.361566349411
12746 408.361566349411
12746 408.361566349411
12746 0
12746 8.2815601143115
12746 8.2815601143115
12746 0
12746 0
