pt_graph freq
1578 0.75
1623 0.25
1625 0.75
1626 0.75
1627 0.75
1628 0.75
1677 0.75
1679 0.75
1680 0.75
1734 0.75
1736 0.75
1737 0.75
1792 0.75
1794 0.75
1860 0.75
1862 0.75
1926 0.25
1929 0.75
1930 0.75
1931 0.75
2006 0.75
2008 0.75
2083 0.75
2084 0.75
2087 0.25
2088 0.75
2089 0.75
2172 0.75
2175 0.75
2257 0.75
2258 0.75
2259 0.75
2333 0.75
2334 0.75
2337 0.75
2339 0.75
2416 0.75
2422 0.75
2424 0.75
2427 0.75
2428 0.75
2510 0.75
2512 0.25
2523 0.75
2595 0.25
2599 0.25
2614 0.75
2615 0.75
2616 0.75
2687 0.75
2707 0.75
2778 0.75
2790 0.25
2791 0.25
2793 0.25
2795 0.75
2800 0.75
2801 0.75
2804 0.25
2876 0.75
2877 0.75
2890 0.75
2892 0.75
2894 0.75
2896 0.75
2968 0.75
2978 0.25
2983 0.75
2985 0.75
2989 0.25
3058 0.75
3059 0.75
3070 0.25
3071 0.25
3073 0.75
3148 0.75
3149 0.75
3150 0.75
3156 0.75
3231 0.75
3232 0.75
3240 0.25
3247 0.75
3249 0.25
3310 0.75
3311 0.75
3380 0.25
3382 0.75
3383 0.75
3388 0.75
3394 0.25
3452 0.75
3454 0.75
3455 0.75
3456 0.75
3457 0.75
3461 0.25
3465 0.25
3470 0.25
3471 0.25
3522 0.25
3526 0.75
3527 0.75
3528 0.75
3531 0.75
3540 0.25
3542 0.25
3590 0.25
3592 0.75
3593 0.75
3657 0.75
3658 0.75
3672 0.25
3714 0.25
3715 0.75
3716 0.75
3732 0.25
3733 0.25
3775 0.75
3780 0.75
3782 0.25
3839 0.25
3942 0.75
3943 0.75
3957 0.75
3999 0.75
4000 0.75
4054 0.75
4061 0.25
4064 0.25
4102 0.75
4145 0.25
4187 0.25
4188 0.25
4196 0.25
4220 0.25
4225 0.25
4228 0.25
4232 0.25
4236 0.75
4260 0.25
4263 0.25
4265 0.25
4276 0.25
4279 0.75
4309 0.25
4317 0.25
4344 0.25
4386 0.25
4439 0.25
4463 0.25
4468 0.75
4483 0.25
4542 0.75
4554 0.75
4570 0.25
4622 0.25
4634 0.25
4637 0.25
4665 0.25
4697 0.25
4711 0.25
4737 0.75
4745 0.25
4747 0.25
4790 0.25
4803 0.75
4810 0.75
4843 0.75
4876 0.75
4886 0.25
4890 0.25
4903 0.75
4920 0.75
4940 0.75
4946 0.75
4968 0.75
4974 0.75
4981 0.75
4983 0.75
4994 0.75
4997 0.25
5017 0.75
5029 0.75
5030 0.75
5031 0.75
5035 0.75
5039 0.75
5045 0.75
5046 0.75
5047 0.75
5051 0.75
5055 0.75
5057 0.25
5065 0.75
5069 0.75
5070 0.75
5084 0.25
5085 0.75
5086 0.75
5087 0.75
5089 0.75
5106 0.75
5110 0.75
5121 0.25
5136 0.75
5149 0.75
5150 0.75
5153 0.75
5175 0.75
5178 0.75
5180 0.75
5190 0.75
5198 0.75
5205 0.75
5206 0.75
5223 0.75
5224 0.75
5225 0.75
5226 0.75
5232 0.75
5242 0.75
5244 0.75
5251 0.75
5256 0.75
5258 0.75
5259 0.75
5260 0.75
5279 0.75
5280 0.75
5281 0.75
5282 0.75
5284 0.75
5288 0.75
5289 0.75
5296 0.25
5308 0.75
5310 0.75
5311 0.75
5313 0.75
5316 0.75
5317 0.75
5329 0.25
5340 0.75
5341 0.75
5342 0.75
5343 0.75
5344 0.75
5346 0.75
5350 0.75
5364 0.75
5372 0.75
5374 0.75
5376 0.75
5378 0.75
5379 0.75
5380 0.75
5385 0.25
5405 0.75
5406 0.75
5407 0.75
5408 0.75
5409 0.75
5412 0.25
5434 0.75
5438 0.75
5447 0.75
5465 0.75
5466 0.75
5467 0.75
5469 0.75
5478 0.75
5496 0.75
5498 0.75
5499 0.75
5513 0.75
5514 0.75
5515 0.75
5516 0.75
5520 0.75
5536 0.75
5537 0.75
5542 0.25
5550 0.75
5551 0.75
5552 0.75
5553 0.75
5554 0.75
5573 0.75
5574 0.75
5576 0.75
5577 0.75
5585 0.25
5587 0.25
5593 0.75
5594 0.75
5595 0.75
5596 0.75
5597 0.75
5598 0.75
5607 0.75
5617 0.75
5618 0.75
5639 0.75
5640 0.75
5661 0.75
5665 0.75
5666 0.75
5668 0.75
5671 0.75
5674 0.25
5684 0.75
5685 0.75
5686 0.75
5696 0.75
5697 0.75
5706 0.75
5710 0.75
5711 0.75
5712 0.75
5717 0.75
5719 0.25
5721 0.25
5733 0.75
5752 0.75
5758 0.75
5761 0.75
5766 0.25
5777 0.75
5778 0.75
5785 0.75
5790 0.25
5794 0.75
5795 0.75
5796 0.75
5800 0.75
5801 0.75
5803 0.75
5804 0.75
5805 0.75
5808 0.25
5819 0.75
5820 0.75
5826 0.75
5842 0.75
5843 0.75
5846 0.75
5849 0.75
5855 0.75
5867 0.75
5868 0.75
5882 0.75
5883 0.75
5884 0.75
5885 0.75
5888 0.75
5906 0.75
5907 0.75
5909 0.75
5918 0.75
5919 0.75
5920 0.75
5921 0.75
5922 0.75
5924 0.75
5945 0.75
5946 0.75
5948 0.75
5949 0.75
5953 0.75
5958 0.75
5959 0.75
5963 0.75
5983 0.75
5984 0.75
5985 0.75
5993 0.75
5994 0.75
5995 0.75
5996 0.75
5997 0.75
6000 0.75
6001 0.75
6002 0.75
6003 0.75
6022 0.75
6023 0.75
6024 0.75
6032 0.75
6034 0.75
6035 0.75
6039 0.75
6059 0.75
6061 0.75
6062 0.75
6076 0.75
6081 0.25
6083 0.25
6090 0.75
6096 0.75
6097 0.75
6100 0.75
6112 0.75
6113 0.75
6115 0.75
6123 0.25
6127 0.75
6134 0.75
6135 0.75
6136 0.75
6137 0.75
6138 0.75
6148 0.75
6152 0.75
6166 0.75
6172 0.75
6174 0.75
6175 0.75
6176 0.75
6180 0.25
6199 0.25
6204 0.75
6207 0.75
6210 0.75
6211 0.75
6213 0.75
6214 0.75
6215 0.75
6220 0.25
6226 0.75
6228 0.75
6230 0.75
6232 0.75
6241 0.25
6244 0.75
6249 0.75
6251 0.75
6252 0.75
6253 0.75
6254 0.75
6255 0.75
6273 0.75
6274 0.75
6284 0.75
6290 0.75
6292 0.75
6293 0.75
6294 0.75
6295 0.75
6311 0.75
6322 0.75
6323 0.75
6324 0.75
6330 0.75
6331 0.75
6332 0.75
6333 0.75
6334 0.75
6335 0.75
6361 0.25
6364 0.75
6365 0.75
6370 0.75
6371 0.75
6372 0.75
6373 0.75
6374 0.75
6375 0.75
6376 0.75
6410 0.75
6411 0.75
6413 0.75
6414 0.75
6415 0.75
6416 0.75
6417 0.75
6434 0.75
6449 0.75
6450 0.75
6451 0.75
6453 0.75
6454 0.75
6455 0.75
6456 0.75
6457 0.75
6459 0.75
6460 0.75
6461 0.75
6489 0.75
6490 0.75
6491 0.75
6492 0.75
6494 0.75
6495 0.75
6496 0.75
6497 0.75
6498 0.75
6502 0.75
6503 0.75
6529 0.75
6530 0.75
6531 0.75
6533 0.75
6534 0.75
6535 0.75
6536 0.75
6537 0.75
6538 0.75
6539 0.75
6542 0.75
6543 0.75
6544 0.75
6560 0.25
6564 0.75
6565 0.75
6566 0.75
6567 0.75
6568 0.75
6569 0.75
6570 0.75
6571 0.75
6572 0.75
6573 0.75
6574 0.75
6575 0.75
6576 0.75
6577 0.75
6578 0.75
6579 0.75
6581 0.75
6582 0.75
6583 0.75
6584 0.75
6586 0.75
6591 0.75
6598 0.25
6603 0.75
6605 0.75
6606 0.75
6607 0.75
6608 0.75
6609 0.75
6611 0.75
6612 0.75
6613 0.75
6614 0.75
6615 0.75
6616 0.75
6617 0.75
6618 0.75
6619 0.75
6620 0.75
6621 0.75
6622 0.75
6623 0.75
6624 0.75
6642 0.75
6643 0.75
6644 0.75
6645 0.75
6646 0.75
6647 0.75
6648 0.75
6649 0.75
6650 0.75
6652 0.75
6653 0.75
6654 0.75
6655 0.75
6657 0.75
6659 0.75
6660 0.75
6661 0.75
6662 0.75
6663 0.75
6678 0.25
6681 0.75
6682 0.75
6683 0.75
6684 0.75
6685 0.75
6686 0.75
6687 0.75
6688 0.75
6691 0.75
6692 0.75
6693 0.75
6694 0.75
6695 0.75
6696 0.75
6697 0.75
6698 0.75
6699 0.75
6700 0.75
6701 0.75
6702 0.75
6703 0.75
6714 0.25
6721 0.75
6722 0.75
6723 0.75
6724 0.75
6725 0.75
6726 0.75
6727 0.75
6728 0.75
6729 0.75
6730 0.75
6731 0.75
6732 0.75
6733 0.75
6734 0.75
6735 0.75
6736 0.75
6737 0.75
6738 0.75
6739 0.75
6757 0.75
6759 0.75
6760 0.75
6765 0.75
6767 0.75
6768 0.75
6769 0.75
6770 0.75
6771 0.75
6772 0.75
6773 0.75
6774 0.75
6775 0.75
6778 0.75
6794 0.75
6797 0.75
6798 0.75
6803 0.75
6805 0.75
6806 0.75
6807 0.75
6808 0.75
6809 0.75
6810 0.75
6811 0.75
6812 0.75
6813 0.75
6816 0.75
6825 0.75
6832 0.75
6834 0.75
6835 0.75
6839 0.75
6840 0.75
6842 0.75
6843 0.75
6844 0.75
6845 0.75
6846 0.75
6847 0.75
6848 0.75
6869 0.25
6870 0.75
6873 0.75
6875 0.75
6880 0.75
6882 0.75
6883 0.75
6884 0.75
6885 0.75
6886 0.75
6888 0.75
6909 0.75
6912 0.75
6913 0.75
6918 0.75
6920 0.75
6926 0.75
6950 0.75
6953 0.75
6954 0.75
6960 0.75
6966 0.75
6969 0.75
6982 0.25
6986 0.25
7000 0.75
7001 0.75
7003 0.75
7006 0.75
7018 0.75
7025 0.25
7032 0.25
7033 0.25
7061 0.75
7062 0.75
7067 0.25
7069 0.25
7075 0.25
7077 0.25
7078 0.25
7086 0.75
7115 0.25
7118 0.25
7119 0.25
7125 0.75
7159 0.25
7161 0.25
7194 0.75
7202 0.25
7215 0.25
7245 0.25
7246 0.25
7250 0.25
7321 0.75
7466 0.25
7467 0.25
7493 0.75
7506 0.75
7511 0.75
7553 0.75
7563 0.75
7572 0.75
7580 0.25
7616 0.75
7646 0.25
7681 0.75
7682 0.75
7693 0.75
7715 0.25
7751 0.75
7752 0.75
7754 0.75
7762 0.75
7763 0.75
7764 0.75
7825 0.75
7832 0.75
7833 0.75
7898 0.75
7905 0.75
7906 0.75
7908 0.75
7972 0.75
7973 0.75
7980 0.75
7981 0.75
7982 0.75
8054 0.75
8055 0.75
8122 0.25
8124 0.75
8125 0.75
8127 0.75
8132 0.75
8133 0.75
8134 0.75
8205 0.75
8206 0.75
8211 0.75
8213 0.75
8214 0.75
8215 0.75
8302 0.75
8303 0.75
8393 0.75
8394 0.75
8395 0.75
8396 0.75
8480 0.75
8481 0.75
8483 0.75
8489 0.75
8490 0.75
8491 0.75
8492 0.75
8578 0.75
8579 0.75
8585 0.75
8586 0.75
8587 0.75
8690 0.75
8691 0.75
8692 0.75
8693 0.75
8798 0.75
8799 0.75
8800 0.75
8801 0.75
8909 0.75
8910 0.75
8911 0.75
8912 0.75
9018 0.75
9026 0.75
9027 0.75
9028 0.75
9136 0.25
9143 0.75
9144 0.75
9145 0.75
9146 0.75
9264 0.75
9265 0.75
9266 0.75
9267 0.75
9386 0.75
9387 0.75
9388 0.75
9389 0.75
9502 0.25
9507 0.75
9511 0.75
9512 0.75
9514 0.75
9633 0.75
9634 0.75
9635 0.75
9637 0.75
9751 0.75
9752 0.75
9753 0.75
9754 0.75
9755 0.75
9874 0.75
9875 0.75
9998 0.75
9999 0.75
10122 0.75
10245 0.75
10248 0.75
10251 0.75
10374 0.75
10490 0.75
10496 0.75
10500 0.75
10617 0.75
10622 0.75
10623 0.75
10626 0.75
10730 0.75
10738 0.75
10739 0.75
10740 0.75
10741 0.75
10742 0.75
10743 0.75
10858 0.75
10860 0.75
10861 0.75
10862 0.75
10863 0.75
10865 0.75
10980 0.75
10981 0.75
10982 0.75
10983 0.75
10984 0.75
10985 0.75
11102 0.75
11107 0.75
11108 0.75
11109 0.75
11110 0.75
11111 0.75
11112 0.75
11225 0.75
11231 0.75
11232 0.75
11233 0.75
11234 0.75
11236 0.75
11237 0.75
11238 0.75
11239 0.75
11240 0.75
11241 0.75
11361 0.75
11363 0.75
11364 0.75
11365 0.75
11368 0.75
11369 0.75
11370 0.75
11371 0.75
11372 0.75
11492 0.25
11497 0.75
11501 0.75
11502 0.75
11503 0.75
11504 0.75
11505 0.75
11507 0.75
11508 0.75
11509 0.75
11510 0.75
11512 0.75
11640 0.75
11644 0.75
11645 0.75
11646 0.75
11647 0.75
11648 0.75
11649 0.75
11650 0.75
11652 0.75
11653 0.75
11654 0.75
11655 0.75
11776 0.25
11782 0.75
11783 0.75
11784 0.75
11785 0.75
11786 0.75
11787 0.75
11788 0.75
11789 0.75
11790 0.75
11791 0.75
11792 0.75
11795 0.75
11926 0.75
11927 0.75
11928 0.75
11929 0.75
11930 0.75
11931 0.75
11932 0.75
11933 0.75
11934 0.75
11935 0.75
11936 0.75
11937 0.75
11939 0.75
12076 0.75
12078 0.75
12079 0.75
12080 0.75
12081 0.75
12082 0.75
12083 0.75
12084 0.75
12085 0.75
12086 0.75
12087 0.75
12088 0.75
12089 0.75
12090 0.75
12091 0.75
12230 0.75
12232 0.75
12233 0.75
12234 0.75
12235 0.75
12236 0.75
12237 0.75
12238 0.75
12240 0.75
12241 0.75
12242 0.75
12243 0.75
12244 0.75
12245 0.75
12394 0.75
12395 0.75
12396 0.75
12397 0.75
12399 0.75
12401 0.75
12402 0.75
12404 0.75
12405 0.75
12406 0.75
12556 0.75
12557 0.75
12565 0.75
12566 0.75
12568 0.75
12569 0.75
12723 0.75
12725 0.75
12726 0.75
12727 0.75
12728 0.75
12731 0.75
12733 0.75
12734 0.75
12894 0.75
12895 0.75
12897 0.75
12899 0.75
12903 0.75
13067 0.75
13070 0.75
13073 0.75
13243 0.75
13244 0.75
13247 0.75
13415 0.75
13419 0.75
13421 0.75
13591 0.75
13594 0.75
36844 0.25
37020 0.75
37037 0.25
37059 0.25
37073 0.75
37077 0.25
37086 0.25
37438 0.25
37497 0.25
37502 0.75
37692 0.25
