pt_graph cpue_kghour
106 68.068217173712
106 68.068217173712
106 68.068217173712
106 4.56659522567738
106 8.35669771715642
106 8.35669771715642
106 4989.33760408886
106 4989.33760408886
106 0.634322166777498
106 9262.17837561795
106 9262.17837561795
106 4.51730836812865
106 26.2830679045388
106 26.2830679045388
106 7.37926310222404
106 6.20502114109287
106 4685.08739431032
106 4685.08739431032
106 2.27440060877595
106 16.5255797618377
106 16.5255797618377
107 68.068217173712
107 68.068217173712
107 68.068217173712
107 4.56659522567738
107 8.35669771715642
107 8.35669771715642
107 4989.33760408886
107 4989.33760408886
107 0.634322166777498
107 9262.17837561795
107 9262.17837561795
107 4.51730836812865
107 26.2830679045388
107 26.2830679045388
107 7.37926310222404
107 6.20502114109287
107 4685.08739431032
107 4685.08739431032
107 2.27440060877595
107 16.5255797618377
107 16.5255797618377
146 68.068217173712
146 68.068217173712
146 68.068217173712
146 4.56659522567738
146 8.35669771715642
146 8.35669771715642
146 4989.33760408886
146 4989.33760408886
146 0.634322166777498
146 9262.17837561795
146 9262.17837561795
146 4.51730836812865
146 26.2830679045388
146 26.2830679045388
146 7.37926310222404
146 6.20502114109287
146 4685.08739431032
146 4685.08739431032
146 2.27440060877595
146 16.5255797618377
146 16.5255797618377
148 68.068217173712
148 68.068217173712
148 68.068217173712
148 4.56659522567738
148 8.35669771715642
148 8.35669771715642
148 4989.33760408886
148 4989.33760408886
148 0.634322166777498
148 9262.17837561795
148 9262.17837561795
148 4.51730836812865
148 26.2830679045388
148 26.2830679045388
148 7.37926310222404
148 6.20502114109287
148 4685.08739431032
148 4685.08739431032
148 2.27440060877595
148 16.5255797618377
148 16.5255797618377
8510 68.068217173712
8510 68.068217173712
8510 68.068217173712
8510 4.56659522567738
8510 8.35669771715642
8510 8.35669771715642
8510 4989.33760408886
8510 4989.33760408886
8510 0.634322166777498
8510 9262.17837561795
8510 9262.17837561795
8510 4.51730836812865
8510 26.2830679045388
8510 26.2830679045388
8510 7.37926310222404
8510 6.20502114109287
8510 4685.08739431032
8510 4685.08739431032
8510 2.27440060877595
8510 16.5255797618377
8510 16.5255797618377
8649 68.068217173712
8649 68.068217173712
8649 68.068217173712
8649 4.56659522567738
8649 8.35669771715642
8649 8.35669771715642
8649 4989.33760408886
8649 4989.33760408886
8649 0.634322166777498
8649 9262.17837561795
8649 9262.17837561795
8649 4.51730836812865
8649 26.2830679045388
8649 26.2830679045388
8649 7.37926310222404
8649 6.20502114109287
8649 4685.08739431032
8649 4685.08739431032
8649 2.27440060877595
8649 16.5255797618377
8649 16.5255797618377
8921 68.068217173712
8921 68.068217173712
8921 68.068217173712
8921 4.56659522567738
8921 8.35669771715642
8921 8.35669771715642
8921 4989.33760408886
8921 4989.33760408886
8921 0.634322166777498
8921 9262.17837561795
8921 9262.17837561795
8921 4.51730836812865
8921 26.2830679045388
8921 26.2830679045388
8921 7.37926310222404
8921 6.20502114109287
8921 4685.08739431032
8921 4685.08739431032
8921 2.27440060877595
8921 16.5255797618377
8921 16.5255797618377
186 68.068217173712
186 68.068217173712
186 68.068217173712
186 4.56659522567738
186 8.35669771715642
186 8.35669771715642
186 4989.33760408886
186 4989.33760408886
186 0.634322166777498
186 9262.17837561795
186 9262.17837561795
186 4.51730836812865
186 26.2830679045388
186 26.2830679045388
186 7.37926310222404
186 6.20502114109287
186 4685.08739431032
186 4685.08739431032
186 2.27440060877595
186 16.5255797618377
186 16.5255797618377
187 68.068217173712
187 68.068217173712
187 68.068217173712
187 4.56659522567738
187 8.35669771715642
187 8.35669771715642
187 4989.33760408886
187 4989.33760408886
187 0.634322166777498
187 9262.17837561795
187 9262.17837561795
187 4.51730836812865
187 26.2830679045388
187 26.2830679045388
187 7.37926310222404
187 6.20502114109287
187 4685.08739431032
187 4685.08739431032
187 2.27440060877595
187 16.5255797618377
187 16.5255797618377
188 68.068217173712
188 68.068217173712
188 68.068217173712
188 4.56659522567738
188 8.35669771715642
188 8.35669771715642
188 4989.33760408886
188 4989.33760408886
188 0.634322166777498
188 9262.17837561795
188 9262.17837561795
188 4.51730836812865
188 26.2830679045388
188 26.2830679045388
188 7.37926310222404
188 6.20502114109287
188 4685.08739431032
188 4685.08739431032
188 2.27440060877595
188 16.5255797618377
188 16.5255797618377
189 68.068217173712
189 68.068217173712
189 68.068217173712
189 4.56659522567738
189 8.35669771715642
189 8.35669771715642
189 4989.33760408886
189 4989.33760408886
189 0.634322166777498
189 9262.17837561795
189 9262.17837561795
189 4.51730836812865
189 26.2830679045388
189 26.2830679045388
189 7.37926310222404
189 6.20502114109287
189 4685.08739431032
189 4685.08739431032
189 2.27440060877595
189 16.5255797618377
189 16.5255797618377
234 68.068217173712
234 68.068217173712
234 68.068217173712
234 4.56659522567738
234 8.35669771715642
234 8.35669771715642
234 4989.33760408886
234 4989.33760408886
234 0.634322166777498
234 9262.17837561795
234 9262.17837561795
234 4.51730836812865
234 26.2830679045388
234 26.2830679045388
234 7.37926310222404
234 6.20502114109287
234 4685.08739431032
234 4685.08739431032
234 2.27440060877595
234 16.5255797618377
234 16.5255797618377
235 68.068217173712
235 68.068217173712
235 68.068217173712
235 4.56659522567738
235 8.35669771715642
235 8.35669771715642
235 4989.33760408886
235 4989.33760408886
235 0.634322166777498
235 9262.17837561795
235 9262.17837561795
235 4.51730836812865
235 26.2830679045388
235 26.2830679045388
235 7.37926310222404
235 6.20502114109287
235 4685.08739431032
235 4685.08739431032
235 2.27440060877595
235 16.5255797618377
235 16.5255797618377
237 68.068217173712
237 68.068217173712
237 68.068217173712
237 4.56659522567738
237 8.35669771715642
237 8.35669771715642
237 4989.33760408886
237 4989.33760408886
237 0.634322166777498
237 9262.17837561795
237 9262.17837561795
237 4.51730836812865
237 26.2830679045388
237 26.2830679045388
237 7.37926310222404
237 6.20502114109287
237 4685.08739431032
237 4685.08739431032
237 2.27440060877595
237 16.5255797618377
237 16.5255797618377
280 68.068217173712
280 68.068217173712
280 68.068217173712
280 4.56659522567738
280 8.35669771715642
280 8.35669771715642
280 4989.33760408886
280 4989.33760408886
280 0.634322166777498
280 9262.17837561795
280 9262.17837561795
280 4.51730836812865
280 26.2830679045388
280 26.2830679045388
280 7.37926310222404
280 6.20502114109287
280 4685.08739431032
280 4685.08739431032
280 2.27440060877595
280 16.5255797618377
280 16.5255797618377
281 68.068217173712
281 68.068217173712
281 68.068217173712
281 4.56659522567738
281 8.35669771715642
281 8.35669771715642
281 4989.33760408886
281 4989.33760408886
281 0.634322166777498
281 9262.17837561795
281 9262.17837561795
281 4.51730836812865
281 26.2830679045388
281 26.2830679045388
281 7.37926310222404
281 6.20502114109287
281 4685.08739431032
281 4685.08739431032
281 2.27440060877595
281 16.5255797618377
281 16.5255797618377
282 68.068217173712
282 68.068217173712
282 68.068217173712
282 4.56659522567738
282 8.35669771715642
282 8.35669771715642
282 4989.33760408886
282 4989.33760408886
282 0.634322166777498
282 9262.17837561795
282 9262.17837561795
282 4.51730836812865
282 26.2830679045388
282 26.2830679045388
282 7.37926310222404
282 6.20502114109287
282 4685.08739431032
282 4685.08739431032
282 2.27440060877595
282 16.5255797618377
282 16.5255797618377
283 68.068217173712
283 68.068217173712
283 68.068217173712
283 4.56659522567738
283 8.35669771715642
283 8.35669771715642
283 4989.33760408886
283 4989.33760408886
283 0.634322166777498
283 9262.17837561795
283 9262.17837561795
283 4.51730836812865
283 26.2830679045388
283 26.2830679045388
283 7.37926310222404
283 6.20502114109287
283 4685.08739431032
283 4685.08739431032
283 2.27440060877595
283 16.5255797618377
283 16.5255797618377
284 68.068217173712
284 68.068217173712
284 68.068217173712
284 4.56659522567738
284 8.35669771715642
284 8.35669771715642
284 4989.33760408886
284 4989.33760408886
284 0.634322166777498
284 9262.17837561795
284 9262.17837561795
284 4.51730836812865
284 26.2830679045388
284 26.2830679045388
284 7.37926310222404
284 6.20502114109287
284 4685.08739431032
284 4685.08739431032
284 2.27440060877595
284 16.5255797618377
284 16.5255797618377
285 68.068217173712
285 68.068217173712
285 68.068217173712
285 4.56659522567738
285 8.35669771715642
285 8.35669771715642
285 4989.33760408886
285 4989.33760408886
285 0.634322166777498
285 9262.17837561795
285 9262.17837561795
285 4.51730836812865
285 26.2830679045388
285 26.2830679045388
285 7.37926310222404
285 6.20502114109287
285 4685.08739431032
285 4685.08739431032
285 2.27440060877595
285 16.5255797618377
285 16.5255797618377
286 68.068217173712
286 68.068217173712
286 68.068217173712
286 4.56659522567738
286 8.35669771715642
286 8.35669771715642
286 4989.33760408886
286 4989.33760408886
286 0.634322166777498
286 9262.17837561795
286 9262.17837561795
286 4.51730836812865
286 26.2830679045388
286 26.2830679045388
286 7.37926310222404
286 6.20502114109287
286 4685.08739431032
286 4685.08739431032
286 2.27440060877595
286 16.5255797618377
286 16.5255797618377
343 68.068217173712
343 68.068217173712
343 68.068217173712
343 4.56659522567738
343 8.35669771715642
343 8.35669771715642
343 4989.33760408886
343 4989.33760408886
343 0.634322166777498
343 9262.17837561795
343 9262.17837561795
343 4.51730836812865
343 26.2830679045388
343 26.2830679045388
343 7.37926310222404
343 6.20502114109287
343 4685.08739431032
343 4685.08739431032
343 2.27440060877595
343 16.5255797618377
343 16.5255797618377
344 68.068217173712
344 68.068217173712
344 68.068217173712
344 4.56659522567738
344 8.35669771715642
344 8.35669771715642
344 4989.33760408886
344 4989.33760408886
344 0.634322166777498
344 9262.17837561795
344 9262.17837561795
344 4.51730836812865
344 26.2830679045388
344 26.2830679045388
344 7.37926310222404
344 6.20502114109287
344 4685.08739431032
344 4685.08739431032
344 2.27440060877595
344 16.5255797618377
344 16.5255797618377
345 68.068217173712
345 68.068217173712
345 68.068217173712
345 4.56659522567738
345 8.35669771715642
345 8.35669771715642
345 4989.33760408886
345 4989.33760408886
345 0.634322166777498
345 9262.17837561795
345 9262.17837561795
345 4.51730836812865
345 26.2830679045388
345 26.2830679045388
345 7.37926310222404
345 6.20502114109287
345 4685.08739431032
345 4685.08739431032
345 2.27440060877595
345 16.5255797618377
345 16.5255797618377
346 68.068217173712
346 68.068217173712
346 68.068217173712
346 4.56659522567738
346 8.35669771715642
346 8.35669771715642
346 4989.33760408886
346 4989.33760408886
346 0.634322166777498
346 9262.17837561795
346 9262.17837561795
346 4.51730836812865
346 26.2830679045388
346 26.2830679045388
346 7.37926310222404
346 6.20502114109287
346 4685.08739431032
346 4685.08739431032
346 2.27440060877595
346 16.5255797618377
346 16.5255797618377
409 68.068217173712
409 68.068217173712
409 68.068217173712
409 4.56659522567738
409 8.35669771715642
409 8.35669771715642
409 4989.33760408886
409 4989.33760408886
409 0.634322166777498
409 9262.17837561795
409 9262.17837561795
409 4.51730836812865
409 26.2830679045388
409 26.2830679045388
409 7.37926310222404
409 6.20502114109287
409 4685.08739431032
409 4685.08739431032
409 2.27440060877595
409 16.5255797618377
409 16.5255797618377
410 68.068217173712
410 68.068217173712
410 68.068217173712
410 4.56659522567738
410 8.35669771715642
410 8.35669771715642
410 4989.33760408886
410 4989.33760408886
410 0.634322166777498
410 9262.17837561795
410 9262.17837561795
410 4.51730836812865
410 26.2830679045388
410 26.2830679045388
410 7.37926310222404
410 6.20502114109287
410 4685.08739431032
410 4685.08739431032
410 2.27440060877595
410 16.5255797618377
410 16.5255797618377
