pt_graph met
5435 10
5435 11
5436 10
5436 11
5466 10
5466 11
5468 10
5468 11
5479 10
5479 11
5498 10
5498 11
5499 10
5499 11
5500 10
5500 11
5514 10
5514 11
5515 10
5515 11
5516 10
5516 11
5536 10
5536 11
5551 10
5551 11
5552 10
5552 11
5553 10
5553 11
5554 10
5554 11
5555 10
5555 11
5564 10
5564 11
5569 10
5569 11
5574 10
5574 11
5594 10
5594 11
5596 10
5596 11
5617 10
5617 11
5620 10
5620 11
5639 10
5639 11
5640 10
5640 11
5683 10
5683 11
5685 10
5685 11
5686 10
5686 11
5706 10
5706 11
5752 10
5752 11
5756 10
5756 11
5758 10
5758 11
5761 10
5761 11
5777 10
5777 11
5785 10
5785 11
5795 10
5795 11
5800 10
5800 11
5804 10
5804 11
5827 10
5827 11
5837 10
5837 11
5843 10
5843 11
5845 10
5845 11
5883 10
5883 11
5886 10
5886 11
5919 10
5919 11
5920 10
5920 11
5921 10
5921 11
5922 10
5922 11
5949 10
5949 11
5956 10
5956 11
5958 10
5958 11
5959 10
5959 11
5961 10
5961 11
5984 10
5984 11
5985 10
5985 11
5986 10
5986 11
5999 10
5999 11
6024 10
6024 11
6034 10
6034 11
6037 10
6037 11
6058 10
6058 11
6061 10
6061 11
6062 10
6062 11
6076 10
6076 11
6077 10
6077 11
6099 10
6099 11
6100 10
6100 11
6136 10
6136 11
6137 10
6137 11
6166 10
6166 11
6175 10
6175 11
6213 10
6213 11
6214 10
6214 11
6228 10
6228 11
6251 10
6251 11
6253 10
6253 11
6254 10
6254 11
6283 10
6283 11
6293 10
6293 11
6294 10
6294 11
6323 10
6323 11
6324 10
6324 11
6330 10
6330 11
6332 10
6332 11
6333 10
6333 11
6334 10
6334 11
6364 10
6364 11
6370 10
6370 11
6371 10
6371 11
6372 10
6372 11
6373 10
6373 11
6374 10
6374 11
6376 10
6376 11
6382 10
6382 11
6411 10
6411 11
6412 10
6412 11
6414 10
6414 11
6415 10
6415 11
6429 10
6429 11
6449 10
6449 11
6452 10
6452 11
6453 10
6453 11
6454 10
6454 11
6455 10
6455 11
6456 10
6456 11
6488 10
6488 11
6490 10
6490 11
6492 10
6492 11
6494 10
6494 11
6495 10
6495 11
6496 10
6496 11
6497 10
6497 11
6498 10
6498 11
6527 10
6527 11
6529 10
6529 11
6530 10
6530 11
6531 10
6531 11
6535 10
6535 11
6536 10
6536 11
6537 10
6537 11
6538 10
6538 11
6542 10
6542 11
6543 10
6543 11
6567 10
6567 11
6568 10
6568 11
6573 10
6573 11
6574 10
6574 11
6575 10
6575 11
6576 10
6576 11
6577 10
6577 11
6578 10
6578 11
6579 10
6579 11
6581 10
6581 11
6582 10
6582 11
6583 10
6583 11
6584 10
6584 11
6604 10
6604 11
6605 10
6605 11
6606 10
6606 11
6607 10
6607 11
6608 10
6608 11
6611 10
6611 11
6613 10
6613 11
6614 10
6614 11
6615 10
6615 11
6616 10
6616 11
6617 10
6617 11
6618 10
6618 11
6620 10
6620 11
6621 10
6621 11
6622 10
6622 11
6623 10
6623 11
6645 10
6645 11
6646 10
6646 11
6647 10
6647 11
6652 10
6652 11
6653 10
6653 11
6654 10
6654 11
6655 10
6655 11
6656 10
6656 11
6657 10
6657 11
6658 10
6658 11
6659 10
6659 11
6660 10
6660 11
6683 10
6683 11
6685 10
6685 11
6688 10
6688 11
6690 10
6690 11
6691 10
6691 11
6692 10
6692 11
6693 10
6693 11
6694 10
6694 11
6695 10
6695 11
6696 10
6696 11
6697 10
6697 11
6699 10
6699 11
6700 10
6700 11
6701 10
6701 11
6721 10
6721 11
6724 10
6724 11
6727 10
6727 11
6728 10
6728 11
6731 10
6731 11
6732 10
6732 11
6733 10
6733 11
6734 10
6734 11
6735 10
6735 11
6736 10
6736 11
6738 10
6738 11
6739 10
6739 11
6757 10
6757 11
6759 10
6759 11
6760 10
6760 11
6765 10
6765 11
6767 10
6767 11
6769 10
6769 11
6771 10
6771 11
6774 10
6774 11
6776 10
6776 11
6777 10
6777 11
6797 10
6797 11
6804 10
6804 11
6805 10
6805 11
6807 10
6807 11
6808 10
6808 11
6809 10
6809 11
6814 10
6814 11
6835 10
6835 11
6839 10
6839 11
6840 10
6840 11
6843 10
6843 11
6844 10
6844 11
6845 10
6845 11
6870 10
6870 11
6872 10
6872 11
6873 10
6873 11
6874 10
6874 11
6879 10
6879 11
6882 10
6882 11
6883 10
6883 11
6912 10
6912 11
6996 10
6996 11
7096 10
7096 11
7148 10
7148 11
7563 10
7563 11
7616 10
7616 11
7751 10
7751 11
7752 10
7752 11
7762 10
7762 11
7824 10
7824 11
7825 10
7825 11
7832 10
7832 11
7833 10
7833 11
7834 10
7834 11
7898 10
7898 11
7905 10
7905 11
7906 10
7906 11
7973 10
7973 11
7980 10
7980 11
7981 10
7981 11
8054 10
8054 11
8055 10
8055 11
8056 10
8056 11
8132 10
8132 11
8133 10
8133 11
8214 10
8214 11
8215 10
8215 11
8294 10
8294 11
8302 10
8302 11
8303 10
8303 11
8304 10
8304 11
8394 10
8394 11
8395 10
8395 11
8489 10
8489 11
8490 10
8490 11
8491 10
8491 11
8585 10
8585 11
8586 10
8586 11
8587 10
8587 11
8690 10
8690 11
8691 10
8691 11
8692 10
8692 11
8798 10
8798 11
8799 10
8799 11
8800 10
8800 11
8801 10
8801 11
8804 10
8804 11
8910 10
8910 11
8911 10
8911 11
8912 10
8912 11
8913 10
8913 11
9026 10
9026 11
9027 10
9027 11
9028 10
9028 11
9143 10
9143 11
9145 10
9145 11
9146 10
9146 11
9265 10
9265 11
9266 10
9266 11
9267 10
9267 11
9387 10
9387 11
9388 10
9388 11
9389 10
9389 11
9390 10
9390 11
9511 10
9511 11
9512 10
9512 11
9633 10
9633 11
9634 10
9634 11
9635 10
9635 11
9751 10
9751 11
9752 10
9752 11
9753 10
9753 11
9998 10
9998 11
10253 10
10253 11
10365 10
10365 11
10381 10
10381 11
10622 10
10622 11
10628 10
10628 11
10739 10
10739 11
10740 10
10740 11
10741 10
10741 11
10742 10
10742 11
10861 10
10861 11
10862 10
10862 11
10863 10
10863 11
10864 10
10864 11
10982 10
10982 11
10983 10
10983 11
10984 10
10984 11
11106 10
11106 11
11110 10
11110 11
11111 10
11111 11
11112 10
11112 11
11225 10
11225 11
11232 10
11232 11
11233 10
11233 11
11234 10
11234 11
11235 10
11235 11
11237 10
11237 11
11238 10
11238 11
11358 10
11358 11
11364 10
11364 11
11365 10
11365 11
11368 10
11368 11
11372 10
11372 11
11373 10
11373 11
11374 10
11374 11
11502 10
11502 11
11504 10
11504 11
11505 10
11505 11
11508 10
11508 11
11509 10
11509 11
11510 10
11510 11
11511 10
11511 11
11645 10
11645 11
11647 10
11647 11
11648 10
11648 11
11649 10
11649 11
11650 10
11650 11
11653 10
11653 11
11654 10
11654 11
11655 10
11655 11
11782 10
11782 11
11783 10
11783 11
11784 10
11784 11
11785 10
11785 11
11786 10
11786 11
11787 10
11787 11
11788 10
11788 11
11789 10
11789 11
11790 10
11790 11
11791 10
11791 11
11792 10
11792 11
11794 10
11794 11
11795 10
11795 11
11926 10
11926 11
11927 10
11927 11
11928 10
11928 11
11931 10
11931 11
11932 10
11932 11
11933 10
11933 11
11934 10
11934 11
11935 10
11935 11
11936 10
11936 11
11937 10
11937 11
11949 10
11949 11
12078 10
12078 11
12079 10
12079 11
12080 10
12080 11
12081 10
12081 11
12083 10
12083 11
12085 10
12085 11
12086 10
12086 11
12087 10
12087 11
12088 10
12088 11
12089 10
12089 11
12090 10
12090 11
12091 10
12091 11
12092 10
12092 11
12093 10
12093 11
12094 10
12094 11
12096 10
12096 11
12097 10
12097 11
12101 10
12101 11
12232 10
12232 11
12233 10
12233 11
12234 10
12234 11
12237 10
12237 11
12241 10
12241 11
12242 10
12242 11
12243 10
12243 11
12244 10
12244 11
12245 10
12245 11
12246 10
12246 11
12247 10
12247 11
12248 10
12248 11
12249 10
12249 11
12251 10
12251 11
12252 10
12252 11
12257 10
12257 11
12394 10
12394 11
12395 10
12395 11
12398 10
12398 11
12399 10
12399 11
12402 10
12402 11
12404 10
12404 11
12405 10
12405 11
12406 10
12406 11
12408 10
12408 11
12409 10
12409 11
12410 10
12410 11
12411 10
12411 11
12412 10
12412 11
12413 10
12413 11
12414 10
12414 11
12415 10
12415 11
12564 10
12564 11
12571 10
12571 11
12572 10
12572 11
12573 10
12573 11
12574 10
12574 11
12575 10
12575 11
12576 10
12576 11
12577 10
12577 11
12578 10
12578 11
12579 10
12579 11
12580 10
12580 11
12584 10
12584 11
12585 10
12585 11
12723 10
12723 11
12728 10
12728 11
12729 10
12729 11
12741 10
12741 11
12742 10
12742 11
12743 10
12743 11
12744 10
12744 11
12745 10
12745 11
12746 10
12746 11
12747 10
12747 11
12748 10
12748 11
12754 10
12754 11
12755 10
12755 11
12897 10
12897 11
12899 10
12899 11
12910 10
12910 11
13077 10
13077 11
13078 10
13078 11
13082 10
13082 11
13085 10
13085 11
13097 10
13097 11
13099 10
13099 11
13243 10
13243 11
13245 10
13245 11
13256 10
13256 11
13417 10
13417 11
13423 10
13423 11
13805 10
13805 11
13952 10
13952 11
17503 10
17503 11
17868 10
17868 11
18551 10
18551 11
18729 10
18729 11
18918 10
18918 11
19078 10
19078 11
19626 10
19626 11
20136 10
20136 11
