pt_graph met
1358 10
1396 10
1480 10
1485 10
1488 10
1536 10
1577 10
1580 10
1583 10
1584 10
1585 10
1625 10
1628 10
1630 10
1631 10
1677 10
1678 10
1734 10
1736 10
1792 10
1860 10
1862 10
1929 10
1931 10
2006 10
2088 10
2089 10
2090 10
2257 10
2258 10
2259 10
2337 10
2339 10
2431 10
2510 10
2539 10
2601 10
2613 10
2615 10
2616 10
2630 10
2706 10
2707 10
2708 10
2725 10
2779 10
2780 10
2795 10
2800 10
2801 10
2817 10
2819 10
2876 10
2877 10
2890 10
2892 10
2894 10
2896 10
2910 10
2911 10
2912 10
2913 10
2967 10
2968 10
2983 10
2984 10
3059 10
3065 10
3074 10
3092 10
3149 10
3150 10
3171 10
3181 10
3231 10
3232 10
3233 10
3247 10
3262 10
3310 10
3311 10
3382 10
3383 10
3384 10
3385 10
3412 10
3452 10
3453 10
3456 10
3482 10
3526 10
3527 10
3532 10
3593 10
3595 10
3621 10
3623 10
3656 10
3657 10
3683 10
3687 10
3716 10
3717 10
3738 10
3742 10
3744 10
3745 10
3775 10
3776 10
3779 10
3803 10
3804 10
3811 10
3856 10
3857 10
3858 10
3860 10
3865 10
3866 10
3913 10
3914 10
3916 10
3918 10
3919 10
3920 10
3921 10
3922 10
3941 10
3942 10
3963 10
3968 10
3969 10
3970 10
3972 10
3973 10
3974 10
3975 10
3976 10
3999 10
4000 10
4001 10
4025 10
4026 10
4029 10
4030 10
4032 10
4033 10
4035 10
4054 10
4075 10
4080 10
4081 10
4083 10
4084 10
4085 10
4119 10
4121 10
4126 10
4127 10
4128 10
4162 10
4163 10
4171 10
4172 10
4173 10
4184 10
4198 10
4201 10
4206 10
4208 10
4209 10
4210 10
4236 10
4244 10
4246 10
4247 10
4248 10
4249 10
4284 10
4287 10
4288 10
4289 10
4290 10
4291 10
4327 10
4328 10
4329 10
4330 10
4331 10
4332 10
4368 10
4369 10
4370 10
4371 10
4372 10
4373 10
4374 10
4375 10
4402 10
4409 10
4410 10
4411 10
4412 10
4413 10
4414 10
4415 10
4442 10
4449 10
4451 10
4452 10
4453 10
4486 10
4487 10
4488 10
4523 10
4524 10
4532 10
4545 10
4546 10
4562 10
4567 10
4602 10
4608 10
4739 10
4773 10
4808 10
4809 10
4875 10
4903 10
4925 10
4941 10
4967 10
4983 10
4986 10
4987 10
5000 10
5013 10
5014 10
5064 10
5093 10
5114 10
5115 10
5130 10
5170 10
5174 10
5175 10
5181 10
5183 10
5192 10
5195 10
5198 10
5199 10
5202 10
5203 10
5204 10
5205 10
5221 10
5224 10
5225 10
5226 10
5229 10
5250 10
5251 10
5252 10
5259 10
5276 10
5279 10
5280 10
5281 10
5282 10
5309 10
5311 10
5312 10
5313 10
5316 10
5318 10
5341 10
5342 10
5343 10
5347 10
5372 10
5375 10
5380 10
5382 10
5404 10
5406 10
5407 10
5409 10
5425 10
5435 10
5436 10
5437 10
5467 10
5468 10
5469 10
5499 10
5500 10
5501 10
5514 10
5515 10
5516 10
5517 10
5536 10
5537 10
5550 10
5551 10
5552 10
5553 10
5555 10
5556 10
5573 10
5574 10
5593 10
5594 10
5595 10
5596 10
5617 10
5621 10
5623 10
5637 10
5638 10
5639 10
5640 10
5651 10
5660 10
5661 10
5665 10
5666 10
5684 10
5685 10
5686 10
5696 10
5704 10
5706 10
5709 10
5711 10
5712 10
5713 10
5717 10
5733 10
5744 10
5751 10
5752 10
5756 10
5757 10
5762 10
5772 10
5783 10
5794 10
5795 10
5799 10
5800 10
5801 10
5820 10
5826 10
5837 10
5842 10
5843 10
5844 10
5845 10
5847 10
5855 10
5866 10
5867 10
5868 10
5874 10
5883 10
5884 10
5886 10
5907 10
5919 10
5920 10
5921 10
5922 10
5924 10
5946 10
5947 10
5948 10
5956 10
5958 10
5959 10
5980 10
5984 10
5985 10
5986 10
5996 10
6020 10
6023 10
6024 10
6031 10
6032 10
6033 10
6034 10
6061 10
6062 10
6099 10
6100 10
6136 10
6137 10
6166 10
6171 10
6174 10
6175 10
6176 10
6203 10
6206 10
6210 10
6212 10
6213 10
6214 10
6215 10
6242 10
6250 10
6252 10
6253 10
6254 10
6255 10
6292 10
6293 10
6294 10
6295 10
6330 10
6331 10
6332 10
36878 10
37196 10
37667 10
