pt_graph met
18 14
23 14
25 14
38 14
39 14
49 14
58 14
78 14
87 5
100 14
107 5
115 14
117 14
118 14
130 14
144 14
162 14
186 14
194 14
196 14
230 14
231 14
232 14
240 14
277 14
279 14
292 14
336 14
353 14
395 14
402 14
403 14
405 14
409 14
412 14
414 14
465 14
468 14
487 14
535 14
537 14
539 14
540 14
541 14
542 14
543 14
564 14
568 14
597 14
605 14
615 14
616 14
617 14
618 14
619 14
621 14
632 14
636 14
643 14
663 5
678 14
691 14
692 14
693 14
694 14
696 14
703 14
719 14
747 5
750 14
773 14
774 14
775 14
799 14
853 14
856 14
857 14
861 14
879 14
880 14
881 14
913 14
925 14
926 14
935 14
957 14
959 14
988 5
1008 14
1009 14
1011 14
1019 14
1023 14
1027 14
1028 14
1029 14
1030 14
1031 14
1036 14
1037 14
1040 14
1041 14
1042 14
1043 14
1092 14
1094 14
1101 14
1102 14
1108 14
1111 14
1112 14
1113 14
1114 14
1115 14
1116 14
1125 14
1126 14
1177 14
1185 14
1198 14
1200 14
1202 14
1203 14
1205 14
1206 14
1207 14
1209 14
1210 14
1211 14
1263 5
1266 14
1267 14
1283 14
1288 14
1289 14
1290 14
1292 14
1293 14
1338 14
1362 14
1366 14
1367 14
1368 14
1370 14
1407 14
1408 14
1409 14
1421 14
1435 14
1437 14
1438 14
1439 14
1440 14
1441 14
1505 14
1506 14
1540 14
1544 14
1565 14
1568 14
1607 14
1636 14
1664 14
1720 5
1729 14
1796 14
1807 14
1827 14
1853 5
1861 5
1928 5
1942 5
2057 5
7937 5
7981 5
8693 5
