pt_graph shape
4841 1
4841 1
4841 1
4841 1
4841 1
4841 1
4841 1
4841 1
4841 1
4841 1
4841 1
4841 1
4841 1
4841 1
4841 1
4841 1
4841 1
4841 1
4841 1
4841 1
4841 1
4884 1
4884 1
4884 1
4884 1
4884 1
4884 1
4884 1
4884 1
4884 1
4884 1
4884 1
4884 1
4884 1
4884 1
4884 1
4884 1
4884 1
4884 1
4884 1
4884 1
4884 1
4805 1
4805 1
4805 1
4805 1
4805 1
4805 1
4805 1
4805 1
4805 1
4805 1
4805 1
4805 1
4805 1
4805 1
4805 1
4805 1
4805 1
4805 1
4805 1
4805 1
4805 1
4842 1
4842 1
4842 1
4842 1
4842 1
4842 1
4842 1
4842 1
4842 1
4842 1
4842 1
4842 1
4842 1
4842 1
4842 1
4842 1
4842 1
4842 1
4842 1
4842 1
4842 1
4974 1
4974 1
4974 1
4974 1
4974 1
4974 1
4974 1
4974 1
4974 1
4974 1
4974 1
4974 1
4974 1
4974 1
4974 1
4974 1
4974 1
4974 1
4974 1
4974 1
4974 1
4806 1
4806 1
4806 1
4806 1
4806 1
4806 1
4806 1
4806 1
4806 1
4806 1
4806 1
4806 1
4806 1
4806 1
4806 1
4806 1
4806 1
4806 1
4806 1
4806 1
4806 1
4843 1
4843 1
4843 1
4843 1
4843 1
4843 1
4843 1
4843 1
4843 1
4843 1
4843 1
4843 1
4843 1
4843 1
4843 1
4843 1
4843 1
4843 1
4843 1
4843 1
4843 1
4886 1
4886 1
4886 1
4886 1
4886 1
4886 1
4886 1
4886 1
4886 1
4886 1
4886 1
4886 1
4886 1
4886 1
4886 1
4886 1
4886 1
4886 1
4886 1
4886 1
4886 1
4930 1
4930 1
4930 1
4930 1
4930 1
4930 1
4930 1
4930 1
4930 1
4930 1
4930 1
4930 1
4930 1
4930 1
4930 1
4930 1
4930 1
4930 1
4930 1
4930 1
4930 1
4975 1
4975 1
4975 1
4975 1
4975 1
4975 1
4975 1
4975 1
4975 1
4975 1
4975 1
4975 1
4975 1
4975 1
4975 1
4975 1
4975 1
4975 1
4975 1
4975 1
4975 1
4887 1
4887 1
4887 1
4887 1
4887 1
4887 1
4887 1
4887 1
4887 1
4887 1
4887 1
4887 1
4887 1
4887 1
4887 1
4887 1
4887 1
4887 1
4887 1
4887 1
4887 1
5067 1
5067 1
5067 1
5067 1
5067 1
5067 1
5067 1
5067 1
5067 1
5067 1
5067 1
5067 1
5067 1
5067 1
5067 1
5067 1
5067 1
5067 1
5067 1
5067 1
5067 1
5380 1
5380 1
5380 1
5380 1
5380 1
5380 1
5380 1
5380 1
5380 1
5380 1
5380 1
5380 1
5380 1
5380 1
5380 1
5380 1
5380 1
5380 1
5380 1
5380 1
5380 1
5655 1
5655 1
5655 1
5655 1
5655 1
5655 1
5655 1
5655 1
5655 1
5655 1
5655 1
5655 1
5655 1
5655 1
5655 1
5655 1
5655 1
5655 1
5655 1
5655 1
5655 1
6011 1
6011 1
6011 1
6011 1
6011 1
6011 1
6011 1
6011 1
6011 1
6011 1
6011 1
6011 1
6011 1
6011 1
6011 1
6011 1
6011 1
6011 1
6011 1
6011 1
6011 1
6012 1
6012 1
6012 1
6012 1
6012 1
6012 1
6012 1
6012 1
6012 1
6012 1
6012 1
6012 1
6012 1
6012 1
6012 1
6012 1
6012 1
6012 1
6012 1
6012 1
6012 1
12013 1
12013 1
12013 1
12013 1
12013 1
12013 1
12013 1
12013 1
12013 1
12013 1
12013 1
12013 1
12013 1
12013 1
12013 1
12013 1
12013 1
12013 1
12013 1
12013 1
12013 1
5895 1
5895 1
5895 1
5895 1
5895 1
5895 1
5895 1
5895 1
5895 1
5895 1
5895 1
5895 1
5895 1
5895 1
5895 1
5895 1
5895 1
5895 1
5895 1
5895 1
5895 1
5896 1
5896 1
5896 1
5896 1
5896 1
5896 1
5896 1
5896 1
5896 1
5896 1
5896 1
5896 1
5896 1
5896 1
5896 1
5896 1
5896 1
5896 1
5896 1
5896 1
5896 1
5935 1
5935 1
5935 1
5935 1
5935 1
5935 1
5935 1
5935 1
5935 1
5935 1
5935 1
5935 1
5935 1
5935 1
5935 1
5935 1
5935 1
5935 1
5935 1
5935 1
5935 1
5975 1
5975 1
5975 1
5975 1
5975 1
5975 1
5975 1
5975 1
5975 1
5975 1
5975 1
5975 1
5975 1
5975 1
5975 1
5975 1
5975 1
5975 1
5975 1
5975 1
5975 1
6014 1
6014 1
6014 1
6014 1
6014 1
6014 1
6014 1
6014 1
6014 1
6014 1
6014 1
6014 1
6014 1
6014 1
6014 1
6014 1
6014 1
6014 1
6014 1
6014 1
6014 1
6050 1
6050 1
6050 1
6050 1
6050 1
6050 1
6050 1
6050 1
6050 1
6050 1
6050 1
6050 1
6050 1
6050 1
6050 1
6050 1
6050 1
6050 1
6050 1
6050 1
6050 1
6087 1
6087 1
6087 1
6087 1
6087 1
6087 1
6087 1
6087 1
6087 1
6087 1
6087 1
6087 1
6087 1
6087 1
6087 1
6087 1
6087 1
6087 1
6087 1
6087 1
6087 1
5739 1
5739 1
5739 1
5739 1
5739 1
5739 1
5739 1
5739 1
5739 1
5739 1
5739 1
5739 1
5739 1
5739 1
5739 1
5739 1
5739 1
5739 1
5739 1
5739 1
5739 1
5780 1
5780 1
5780 1
5780 1
5780 1
5780 1
5780 1
5780 1
5780 1
5780 1
5780 1
5780 1
5780 1
5780 1
5780 1
5780 1
5780 1
5780 1
5780 1
5780 1
5780 1
5820 1
5820 1
5820 1
5820 1
5820 1
5820 1
5820 1
5820 1
5820 1
5820 1
5820 1
5820 1
5820 1
5820 1
5820 1
5820 1
5820 1
5820 1
5820 1
5820 1
5820 1
5858 1
5858 1
5858 1
5858 1
5858 1
5858 1
5858 1
5858 1
5858 1
5858 1
5858 1
5858 1
5858 1
5858 1
5858 1
5858 1
5858 1
5858 1
5858 1
5858 1
5858 1
5897 1
5897 1
5897 1
5897 1
5897 1
5897 1
5897 1
5897 1
5897 1
5897 1
5897 1
5897 1
5897 1
5897 1
5897 1
5897 1
5897 1
5897 1
5897 1
5897 1
5897 1
5936 1
5936 1
5936 1
5936 1
5936 1
5936 1
5936 1
5936 1
5936 1
5936 1
5936 1
5936 1
5936 1
5936 1
5936 1
5936 1
5936 1
5936 1
5936 1
5936 1
5936 1
6202 1
6202 1
6202 1
6202 1
6202 1
6202 1
6202 1
6202 1
6202 1
6202 1
6202 1
6202 1
6202 1
6202 1
6202 1
6202 1
6202 1
6202 1
6202 1
6202 1
6202 1
5540 1
5540 1
5540 1
5540 1
5540 1
5540 1
5540 1
5540 1
5540 1
5540 1
5540 1
5540 1
5540 1
5540 1
5540 1
5540 1
5540 1
5540 1
5540 1
5540 1
5540 1
5620 1
5620 1
5620 1
5620 1
5620 1
5620 1
5620 1
5620 1
5620 1
5620 1
5620 1
5620 1
5620 1
5620 1
5620 1
5620 1
5620 1
5620 1
5620 1
5620 1
5620 1
5937 1
5937 1
5937 1
5937 1
5937 1
5937 1
5937 1
5937 1
5937 1
5937 1
5937 1
5937 1
5937 1
5937 1
5937 1
5937 1
5937 1
5937 1
5937 1
5937 1
5937 1
11068 1
11068 1
11068 1
11068 1
11068 1
11068 1
11068 1
11068 1
11068 1
11068 1
11068 1
11068 1
11068 1
11068 1
11068 1
11068 1
11068 1
11068 1
11068 1
11068 1
11068 1
13246 1
13246 1
13246 1
13246 1
13246 1
13246 1
13246 1
13246 1
13246 1
13246 1
13246 1
13246 1
13246 1
13246 1
13246 1
13246 1
13246 1
13246 1
13246 1
13246 1
13246 1
5237 1
5237 1
5237 1
5237 1
5237 1
5237 1
5237 1
5237 1
5237 1
5237 1
5237 1
5237 1
5237 1
5237 1
5237 1
5237 1
5237 1
5237 1
5237 1
5237 1
5237 1
5581 1
5581 1
5581 1
5581 1
5581 1
5581 1
5581 1
5581 1
5581 1
5581 1
5581 1
5581 1
5581 1
5581 1
5581 1
5581 1
5581 1
5581 1
5581 1
5581 1
5581 1
5661 1
5661 1
5661 1
5661 1
5661 1
5661 1
5661 1
5661 1
5661 1
5661 1
5661 1
5661 1
5661 1
5661 1
5661 1
5661 1
5661 1
5661 1
5661 1
5661 1
5661 1
5701 1
5701 1
5701 1
5701 1
5701 1
5701 1
5701 1
5701 1
5701 1
5701 1
5701 1
5701 1
5701 1
5701 1
5701 1
5701 1
5701 1
5701 1
5701 1
5701 1
5701 1
5978 1
5978 1
5978 1
5978 1
5978 1
5978 1
5978 1
5978 1
5978 1
5978 1
5978 1
5978 1
5978 1
5978 1
5978 1
5978 1
5978 1
5978 1
5978 1
5978 1
5978 1
6244 1
6244 1
6244 1
6244 1
6244 1
6244 1
6244 1
6244 1
6244 1
6244 1
6244 1
6244 1
6244 1
6244 1
6244 1
6244 1
6244 1
6244 1
6244 1
6244 1
6244 1
11522 1
11522 1
11522 1
11522 1
11522 1
11522 1
11522 1
11522 1
11522 1
11522 1
11522 1
11522 1
11522 1
11522 1
11522 1
11522 1
11522 1
11522 1
11522 1
11522 1
11522 1
5622 1
5622 1
5622 1
5622 1
5622 1
5622 1
5622 1
5622 1
5622 1
5622 1
5622 1
5622 1
5622 1
5622 1
5622 1
5622 1
5622 1
5622 1
5622 1
5622 1
5622 1
5823 1
5823 1
5823 1
5823 1
5823 1
5823 1
5823 1
5823 1
5823 1
5823 1
5823 1
5823 1
5823 1
5823 1
5823 1
5823 1
5823 1
5823 1
5823 1
5823 1
5823 1
6018 1
6018 1
6018 1
6018 1
6018 1
6018 1
6018 1
6018 1
6018 1
6018 1
6018 1
6018 1
6018 1
6018 1
6018 1
6018 1
6018 1
6018 1
6018 1
6018 1
6018 1
11368 1
11368 1
11368 1
11368 1
11368 1
11368 1
11368 1
11368 1
11368 1
11368 1
11368 1
11368 1
11368 1
11368 1
11368 1
11368 1
11368 1
11368 1
11368 1
11368 1
11368 1
11523 1
11523 1
11523 1
11523 1
11523 1
11523 1
11523 1
11523 1
11523 1
11523 1
11523 1
11523 1
11523 1
11523 1
11523 1
11523 1
11523 1
11523 1
11523 1
11523 1
11523 1
5390 1
5390 1
5390 1
5390 1
5390 1
5390 1
5390 1
5390 1
5390 1
5390 1
5390 1
5390 1
5390 1
5390 1
5390 1
5390 1
5390 1
5390 1
5390 1
5390 1
5390 1
5427 1
5427 1
5427 1
5427 1
5427 1
5427 1
5427 1
5427 1
5427 1
5427 1
5427 1
5427 1
5427 1
5427 1
5427 1
5427 1
5427 1
5427 1
5427 1
5427 1
5427 1
5465 1
5465 1
5465 1
5465 1
5465 1
5465 1
5465 1
5465 1
5465 1
5465 1
5465 1
5465 1
5465 1
5465 1
5465 1
5465 1
5465 1
5465 1
5465 1
5465 1
5465 1
5543 1
5543 1
5543 1
5543 1
5543 1
5543 1
5543 1
5543 1
5543 1
5543 1
5543 1
5543 1
5543 1
5543 1
5543 1
5543 1
5543 1
5543 1
5543 1
5543 1
5543 1
5583 1
5583 1
5583 1
5583 1
5583 1
5583 1
5583 1
5583 1
5583 1
5583 1
5583 1
5583 1
5583 1
5583 1
5583 1
5583 1
5583 1
5583 1
5583 1
5583 1
5583 1
5623 1
5623 1
5623 1
5623 1
5623 1
5623 1
5623 1
5623 1
5623 1
5623 1
5623 1
5623 1
5623 1
5623 1
5623 1
5623 1
5623 1
5623 1
5623 1
5623 1
5623 1
5663 1
5663 1
5663 1
5663 1
5663 1
5663 1
5663 1
5663 1
5663 1
5663 1
5663 1
5663 1
5663 1
5663 1
5663 1
5663 1
5663 1
5663 1
5663 1
5663 1
5663 1
5743 1
5743 1
5743 1
5743 1
5743 1
5743 1
5743 1
5743 1
5743 1
5743 1
5743 1
5743 1
5743 1
5743 1
5743 1
5743 1
5743 1
5743 1
5743 1
5743 1
5743 1
6593 1
6593 1
6593 1
6593 1
6593 1
6593 1
6593 1
6593 1
6593 1
6593 1
6593 1
6593 1
6593 1
6593 1
6593 1
6593 1
6593 1
6593 1
6593 1
6593 1
6593 1
7042 1
7042 1
7042 1
7042 1
7042 1
7042 1
7042 1
7042 1
7042 1
7042 1
7042 1
7042 1
7042 1
7042 1
7042 1
7042 1
7042 1
7042 1
7042 1
7042 1
7042 1
11216 1
11216 1
11216 1
11216 1
11216 1
11216 1
11216 1
11216 1
11216 1
11216 1
11216 1
11216 1
11216 1
11216 1
11216 1
11216 1
11216 1
11216 1
11216 1
11216 1
11216 1
11369 1
11369 1
11369 1
11369 1
11369 1
11369 1
11369 1
11369 1
11369 1
11369 1
11369 1
11369 1
11369 1
11369 1
11369 1
11369 1
11369 1
11369 1
11369 1
11369 1
11369 1
11524 1
11524 1
11524 1
11524 1
11524 1
11524 1
11524 1
11524 1
11524 1
11524 1
11524 1
11524 1
11524 1
11524 1
11524 1
11524 1
11524 1
11524 1
11524 1
11524 1
11524 1
5584 1
5584 1
5584 1
5584 1
5584 1
5584 1
5584 1
5584 1
5584 1
5584 1
5584 1
5584 1
5584 1
5584 1
5584 1
5584 1
5584 1
5584 1
5584 1
5584 1
5584 1
5624 1
5624 1
5624 1
5624 1
5624 1
5624 1
5624 1
5624 1
5624 1
5624 1
5624 1
5624 1
5624 1
5624 1
5624 1
5624 1
5624 1
5624 1
5624 1
5624 1
5624 1
5664 1
5664 1
5664 1
5664 1
5664 1
5664 1
5664 1
5664 1
5664 1
5664 1
5664 1
5664 1
5664 1
5664 1
5664 1
5664 1
5664 1
5664 1
5664 1
5664 1
5664 1
5704 1
5704 1
5704 1
5704 1
5704 1
5704 1
5704 1
5704 1
5704 1
5704 1
5704 1
5704 1
5704 1
5704 1
5704 1
5704 1
5704 1
5704 1
5704 1
5704 1
5704 1
5744 1
5744 1
5744 1
5744 1
5744 1
5744 1
5744 1
5744 1
5744 1
5744 1
5744 1
5744 1
5744 1
5744 1
5744 1
5744 1
5744 1
5744 1
5744 1
5744 1
5744 1
5785 1
5785 1
5785 1
5785 1
5785 1
5785 1
5785 1
5785 1
5785 1
5785 1
5785 1
5785 1
5785 1
5785 1
5785 1
5785 1
5785 1
5785 1
5785 1
5785 1
5785 1
5825 1
5825 1
5825 1
5825 1
5825 1
5825 1
5825 1
5825 1
5825 1
5825 1
5825 1
5825 1
5825 1
5825 1
5825 1
5825 1
5825 1
5825 1
5825 1
5825 1
5825 1
7584 1
7584 1
7584 1
7584 1
7584 1
7584 1
7584 1
7584 1
7584 1
7584 1
7584 1
7584 1
7584 1
7584 1
7584 1
7584 1
7584 1
7584 1
7584 1
7584 1
7584 1
10515 1
10515 1
10515 1
10515 1
10515 1
10515 1
10515 1
10515 1
10515 1
10515 1
10515 1
10515 1
10515 1
10515 1
10515 1
10515 1
10515 1
10515 1
10515 1
10515 1
10515 1
11217 1
11217 1
11217 1
11217 1
11217 1
11217 1
11217 1
11217 1
11217 1
11217 1
11217 1
11217 1
11217 1
11217 1
11217 1
11217 1
11217 1
11217 1
11217 1
11217 1
11217 1
11370 1
11370 1
11370 1
11370 1
11370 1
11370 1
11370 1
11370 1
11370 1
11370 1
11370 1
11370 1
11370 1
11370 1
11370 1
11370 1
11370 1
11370 1
11370 1
11370 1
11370 1
5705 1
5705 1
5705 1
5705 1
5705 1
5705 1
5705 1
5705 1
5705 1
5705 1
5705 1
5705 1
5705 1
5705 1
5705 1
5705 1
5705 1
5705 1
5705 1
5705 1
5705 1
5745 1
5745 1
5745 1
5745 1
5745 1
5745 1
5745 1
5745 1
5745 1
5745 1
5745 1
5745 1
5745 1
5745 1
5745 1
5745 1
5745 1
5745 1
5745 1
5745 1
5745 1
5786 1
5786 1
5786 1
5786 1
5786 1
5786 1
5786 1
5786 1
5786 1
5786 1
5786 1
5786 1
5786 1
5786 1
5786 1
5786 1
5786 1
5786 1
5786 1
5786 1
5786 1
5826 1
5826 1
5826 1
5826 1
5826 1
5826 1
5826 1
5826 1
5826 1
5826 1
5826 1
5826 1
5826 1
5826 1
5826 1
5826 1
5826 1
5826 1
5826 1
5826 1
5826 1
5864 1
5864 1
5864 1
5864 1
5864 1
5864 1
5864 1
5864 1
5864 1
5864 1
5864 1
5864 1
5864 1
5864 1
5864 1
5864 1
5864 1
5864 1
5864 1
5864 1
5864 1
5903 1
5903 1
5903 1
5903 1
5903 1
5903 1
5903 1
5903 1
5903 1
5903 1
5903 1
5903 1
5903 1
5903 1
5903 1
5903 1
5903 1
5903 1
5903 1
5903 1
5903 1
5942 1
5942 1
5942 1
5942 1
5942 1
5942 1
5942 1
5942 1
5942 1
5942 1
5942 1
5942 1
5942 1
5942 1
5942 1
5942 1
5942 1
5942 1
5942 1
5942 1
5942 1
7044 1
7044 1
7044 1
7044 1
7044 1
7044 1
7044 1
7044 1
7044 1
7044 1
7044 1
7044 1
7044 1
7044 1
7044 1
7044 1
7044 1
7044 1
7044 1
7044 1
7044 1
7115 1
7115 1
7115 1
7115 1
7115 1
7115 1
7115 1
7115 1
7115 1
7115 1
7115 1
7115 1
7115 1
7115 1
7115 1
7115 1
7115 1
7115 1
7115 1
7115 1
7115 1
11218 1
11218 1
11218 1
11218 1
11218 1
11218 1
11218 1
11218 1
11218 1
11218 1
11218 1
11218 1
11218 1
11218 1
11218 1
11218 1
11218 1
11218 1
11218 1
11218 1
11218 1
5746 1
5746 1
5746 1
5746 1
5746 1
5746 1
5746 1
5746 1
5746 1
5746 1
5746 1
5746 1
5746 1
5746 1
5746 1
5746 1
5746 1
5746 1
5746 1
5746 1
5746 1
5787 1
5787 1
5787 1
5787 1
5787 1
5787 1
5787 1
5787 1
5787 1
5787 1
5787 1
5787 1
5787 1
5787 1
5787 1
5787 1
5787 1
5787 1
5787 1
5787 1
5787 1
5827 1
5827 1
5827 1
5827 1
5827 1
5827 1
5827 1
5827 1
5827 1
5827 1
5827 1
5827 1
5827 1
5827 1
5827 1
5827 1
5827 1
5827 1
5827 1
5827 1
5827 1
5865 1
5865 1
5865 1
5865 1
5865 1
5865 1
5865 1
5865 1
5865 1
5865 1
5865 1
5865 1
5865 1
5865 1
5865 1
5865 1
5865 1
5865 1
5865 1
5865 1
5865 1
5904 1
5904 1
5904 1
5904 1
5904 1
5904 1
5904 1
5904 1
5904 1
5904 1
5904 1
5904 1
5904 1
5904 1
5904 1
5904 1
5904 1
5904 1
5904 1
5904 1
5904 1
5943 1
5943 1
5943 1
5943 1
5943 1
5943 1
5943 1
5943 1
5943 1
5943 1
5943 1
5943 1
5943 1
5943 1
5943 1
5943 1
5943 1
5943 1
5943 1
5943 1
5943 1
5983 1
5983 1
5983 1
5983 1
5983 1
5983 1
5983 1
5983 1
5983 1
5983 1
5983 1
5983 1
5983 1
5983 1
5983 1
5983 1
5983 1
5983 1
5983 1
5983 1
5983 1
6022 1
6022 1
6022 1
6022 1
6022 1
6022 1
6022 1
6022 1
6022 1
6022 1
6022 1
6022 1
6022 1
6022 1
6022 1
6022 1
6022 1
6022 1
6022 1
6022 1
6022 1
8915 1
8915 1
8915 1
8915 1
8915 1
8915 1
8915 1
8915 1
8915 1
8915 1
8915 1
8915 1
8915 1
8915 1
8915 1
8915 1
8915 1
8915 1
8915 1
8915 1
8915 1
11074 1
11074 1
11074 1
11074 1
11074 1
11074 1
11074 1
11074 1
11074 1
11074 1
11074 1
11074 1
11074 1
11074 1
11074 1
11074 1
11074 1
11074 1
11074 1
11074 1
11074 1
11372 1
11372 1
11372 1
11372 1
11372 1
11372 1
11372 1
11372 1
11372 1
11372 1
11372 1
11372 1
11372 1
11372 1
11372 1
11372 1
11372 1
11372 1
11372 1
11372 1
11372 1
5788 1
5788 1
5788 1
5788 1
5788 1
5788 1
5788 1
5788 1
5788 1
5788 1
5788 1
5788 1
5788 1
5788 1
5788 1
5788 1
5788 1
5788 1
5788 1
5788 1
5788 1
5828 1
5828 1
5828 1
5828 1
5828 1
5828 1
5828 1
5828 1
5828 1
5828 1
5828 1
5828 1
5828 1
5828 1
5828 1
5828 1
5828 1
5828 1
5828 1
5828 1
5828 1
5866 1
5866 1
5866 1
5866 1
5866 1
5866 1
5866 1
5866 1
5866 1
5866 1
5866 1
5866 1
5866 1
5866 1
5866 1
5866 1
5866 1
5866 1
5866 1
5866 1
5866 1
5905 1
5905 1
5905 1
5905 1
5905 1
5905 1
5905 1
5905 1
5905 1
5905 1
5905 1
5905 1
5905 1
5905 1
5905 1
5905 1
5905 1
5905 1
5905 1
5905 1
5905 1
5944 1
5944 1
5944 1
5944 1
5944 1
5944 1
5944 1
5944 1
5944 1
5944 1
5944 1
5944 1
5944 1
5944 1
5944 1
5944 1
5944 1
5944 1
5944 1
5944 1
5944 1
5984 1
5984 1
5984 1
5984 1
5984 1
5984 1
5984 1
5984 1
5984 1
5984 1
5984 1
5984 1
5984 1
5984 1
5984 1
5984 1
5984 1
5984 1
5984 1
5984 1
5984 1
6023 1
6023 1
6023 1
6023 1
6023 1
6023 1
6023 1
6023 1
6023 1
6023 1
6023 1
6023 1
6023 1
6023 1
6023 1
6023 1
6023 1
6023 1
6023 1
6023 1
6023 1
6059 1
6059 1
6059 1
6059 1
6059 1
6059 1
6059 1
6059 1
6059 1
6059 1
6059 1
6059 1
6059 1
6059 1
6059 1
6059 1
6059 1
6059 1
6059 1
6059 1
6059 1
6096 1
6096 1
6096 1
6096 1
6096 1
6096 1
6096 1
6096 1
6096 1
6096 1
6096 1
6096 1
6096 1
6096 1
6096 1
6096 1
6096 1
6096 1
6096 1
6096 1
6096 1
7339 1
7339 1
7339 1
7339 1
7339 1
7339 1
7339 1
7339 1
7339 1
7339 1
7339 1
7339 1
7339 1
7339 1
7339 1
7339 1
7339 1
7339 1
7339 1
7339 1
7339 1
10790 1
10790 1
10790 1
10790 1
10790 1
10790 1
10790 1
10790 1
10790 1
10790 1
10790 1
10790 1
10790 1
10790 1
10790 1
10790 1
10790 1
10790 1
10790 1
10790 1
10790 1
11220 1
11220 1
11220 1
11220 1
11220 1
11220 1
11220 1
11220 1
11220 1
11220 1
11220 1
11220 1
11220 1
11220 1
11220 1
11220 1
11220 1
11220 1
11220 1
11220 1
11220 1
11528 1
11528 1
11528 1
11528 1
11528 1
11528 1
11528 1
11528 1
11528 1
11528 1
11528 1
11528 1
11528 1
11528 1
11528 1
11528 1
11528 1
11528 1
11528 1
11528 1
11528 1
5945 1
5945 1
5945 1
5945 1
5945 1
5945 1
5945 1
5945 1
5945 1
5945 1
5945 1
5945 1
5945 1
5945 1
5945 1
5945 1
5945 1
5945 1
5945 1
5945 1
5945 1
5985 1
5985 1
5985 1
5985 1
5985 1
5985 1
5985 1
5985 1
5985 1
5985 1
5985 1
5985 1
5985 1
5985 1
5985 1
5985 1
5985 1
5985 1
5985 1
5985 1
5985 1
6024 1
6024 1
6024 1
6024 1
6024 1
6024 1
6024 1
6024 1
6024 1
6024 1
6024 1
6024 1
6024 1
6024 1
6024 1
6024 1
6024 1
6024 1
6024 1
6024 1
6024 1
6097 1
6097 1
6097 1
6097 1
6097 1
6097 1
6097 1
6097 1
6097 1
6097 1
6097 1
6097 1
6097 1
6097 1
6097 1
6097 1
6097 1
6097 1
6097 1
6097 1
6097 1
6134 1
6134 1
6134 1
6134 1
6134 1
6134 1
6134 1
6134 1
6134 1
6134 1
6134 1
6134 1
6134 1
6134 1
6134 1
6134 1
6134 1
6134 1
6134 1
6134 1
6134 1
6172 1
6172 1
6172 1
6172 1
6172 1
6172 1
6172 1
6172 1
6172 1
6172 1
6172 1
6172 1
6172 1
6172 1
6172 1
6172 1
6172 1
6172 1
6172 1
6172 1
6172 1
11076 1
11076 1
11076 1
11076 1
11076 1
11076 1
11076 1
11076 1
11076 1
11076 1
11076 1
11076 1
11076 1
11076 1
11076 1
11076 1
11076 1
11076 1
11076 1
11076 1
11076 1
11221 1
11221 1
11221 1
11221 1
11221 1
11221 1
11221 1
11221 1
11221 1
11221 1
11221 1
11221 1
11221 1
11221 1
11221 1
11221 1
11221 1
11221 1
11221 1
11221 1
11221 1
5907 1
5907 1
5907 1
5907 1
5907 1
5907 1
5907 1
5907 1
5907 1
5907 1
5907 1
5907 1
5907 1
5907 1
5907 1
5907 1
5907 1
5907 1
5907 1
5907 1
5907 1
5986 1
5986 1
5986 1
5986 1
5986 1
5986 1
5986 1
5986 1
5986 1
5986 1
5986 1
5986 1
5986 1
5986 1
5986 1
5986 1
5986 1
5986 1
5986 1
5986 1
5986 1
6025 1
6025 1
6025 1
6025 1
6025 1
6025 1
6025 1
6025 1
6025 1
6025 1
6025 1
6025 1
6025 1
6025 1
6025 1
6025 1
6025 1
6025 1
6025 1
6025 1
6025 1
6061 1
6061 1
6061 1
6061 1
6061 1
6061 1
6061 1
6061 1
6061 1
6061 1
6061 1
6061 1
6061 1
6061 1
6061 1
6061 1
6061 1
6061 1
6061 1
6061 1
6061 1
6135 1
6135 1
6135 1
6135 1
6135 1
6135 1
6135 1
6135 1
6135 1
6135 1
6135 1
6135 1
6135 1
6135 1
6135 1
6135 1
6135 1
6135 1
6135 1
6135 1
6135 1
10937 1
10937 1
10937 1
10937 1
10937 1
10937 1
10937 1
10937 1
10937 1
10937 1
10937 1
10937 1
10937 1
10937 1
10937 1
10937 1
10937 1
10937 1
10937 1
10937 1
10937 1
11077 1
11077 1
11077 1
11077 1
11077 1
11077 1
11077 1
11077 1
11077 1
11077 1
11077 1
11077 1
11077 1
11077 1
11077 1
11077 1
11077 1
11077 1
11077 1
11077 1
11077 1
11375 1
11375 1
11375 1
11375 1
11375 1
11375 1
11375 1
11375 1
11375 1
11375 1
11375 1
11375 1
11375 1
11375 1
11375 1
11375 1
11375 1
11375 1
11375 1
11375 1
11375 1
5947 1
5947 1
5947 1
5947 1
5947 1
5947 1
5947 1
5947 1
5947 1
5947 1
5947 1
5947 1
5947 1
5947 1
5947 1
5947 1
5947 1
5947 1
5947 1
5947 1
5947 1
5987 1
5987 1
5987 1
5987 1
5987 1
5987 1
5987 1
5987 1
5987 1
5987 1
5987 1
5987 1
5987 1
5987 1
5987 1
5987 1
5987 1
5987 1
5987 1
5987 1
5987 1
6026 1
6026 1
6026 1
6026 1
6026 1
6026 1
6026 1
6026 1
6026 1
6026 1
6026 1
6026 1
6026 1
6026 1
6026 1
6026 1
6026 1
6026 1
6026 1
6026 1
6026 1
7420 1
7420 1
7420 1
7420 1
7420 1
7420 1
7420 1
7420 1
7420 1
7420 1
7420 1
7420 1
7420 1
7420 1
7420 1
7420 1
7420 1
7420 1
7420 1
7420 1
7420 1
11078 1
11078 1
11078 1
11078 1
11078 1
11078 1
11078 1
11078 1
11078 1
11078 1
11078 1
11078 1
11078 1
11078 1
11078 1
11078 1
11078 1
11078 1
11078 1
11078 1
11078 1
11223 1
11223 1
11223 1
11223 1
11223 1
11223 1
11223 1
11223 1
11223 1
11223 1
11223 1
11223 1
11223 1
11223 1
11223 1
11223 1
11223 1
11223 1
11223 1
11223 1
11223 1
11376 1
11376 1
11376 1
11376 1
11376 1
11376 1
11376 1
11376 1
11376 1
11376 1
11376 1
11376 1
11376 1
11376 1
11376 1
11376 1
11376 1
11376 1
11376 1
11376 1
11376 1
11531 1
11531 1
11531 1
11531 1
11531 1
11531 1
11531 1
11531 1
11531 1
11531 1
11531 1
11531 1
11531 1
11531 1
11531 1
11531 1
11531 1
11531 1
11531 1
11531 1
11531 1
11694 1
11694 1
11694 1
11694 1
11694 1
11694 1
11694 1
11694 1
11694 1
11694 1
11694 1
11694 1
11694 1
11694 1
11694 1
11694 1
11694 1
11694 1
11694 1
11694 1
11694 1
5042 1
5042 1
5042 1
5042 1
5042 1
5042 1
5042 1
5042 1
5042 1
5042 1
5042 1
5042 1
5042 1
5042 1
5042 1
5042 1
5042 1
5042 1
5042 1
5042 1
5042 1
5085 1
5085 1
5085 1
5085 1
5085 1
5085 1
5085 1
5085 1
5085 1
5085 1
5085 1
5085 1
5085 1
5085 1
5085 1
5085 1
5085 1
5085 1
5085 1
5085 1
5085 1
5909 1
5909 1
5909 1
5909 1
5909 1
5909 1
5909 1
5909 1
5909 1
5909 1
5909 1
5909 1
5909 1
5909 1
5909 1
5909 1
5909 1
5909 1
5909 1
5909 1
5909 1
7121 1
7121 1
7121 1
7121 1
7121 1
7121 1
7121 1
7121 1
7121 1
7121 1
7121 1
7121 1
7121 1
7121 1
7121 1
7121 1
7121 1
7121 1
7121 1
7121 1
7121 1
10522 1
10522 1
10522 1
10522 1
10522 1
10522 1
10522 1
10522 1
10522 1
10522 1
10522 1
10522 1
10522 1
10522 1
10522 1
10522 1
10522 1
10522 1
10522 1
10522 1
10522 1
10794 1
10794 1
10794 1
10794 1
10794 1
10794 1
10794 1
10794 1
10794 1
10794 1
10794 1
10794 1
10794 1
10794 1
10794 1
10794 1
10794 1
10794 1
10794 1
10794 1
10794 1
10939 1
10939 1
10939 1
10939 1
10939 1
10939 1
10939 1
10939 1
10939 1
10939 1
10939 1
10939 1
10939 1
10939 1
10939 1
10939 1
10939 1
10939 1
10939 1
10939 1
10939 1
11079 1
11079 1
11079 1
11079 1
11079 1
11079 1
11079 1
11079 1
11079 1
11079 1
11079 1
11079 1
11079 1
11079 1
11079 1
11079 1
11079 1
11079 1
11079 1
11079 1
11079 1
11224 1
11224 1
11224 1
11224 1
11224 1
11224 1
11224 1
11224 1
11224 1
11224 1
11224 1
11224 1
11224 1
11224 1
11224 1
11224 1
11224 1
11224 1
11224 1
11224 1
11224 1
11377 1
11377 1
11377 1
11377 1
11377 1
11377 1
11377 1
11377 1
11377 1
11377 1
11377 1
11377 1
11377 1
11377 1
11377 1
11377 1
11377 1
11377 1
11377 1
11377 1
11377 1
11532 1
11532 1
11532 1
11532 1
11532 1
11532 1
11532 1
11532 1
11532 1
11532 1
11532 1
11532 1
11532 1
11532 1
11532 1
11532 1
11532 1
11532 1
11532 1
11532 1
11532 1
11695 1
11695 1
11695 1
11695 1
11695 1
11695 1
11695 1
11695 1
11695 1
11695 1
11695 1
11695 1
11695 1
11695 1
11695 1
11695 1
11695 1
11695 1
11695 1
11695 1
11695 1
5949 1
5949 1
5949 1
5949 1
5949 1
5949 1
5949 1
5949 1
5949 1
5949 1
5949 1
5949 1
5949 1
5949 1
5949 1
5949 1
5949 1
5949 1
5949 1
5949 1
5949 1
5989 1
5989 1
5989 1
5989 1
5989 1
5989 1
5989 1
5989 1
5989 1
5989 1
5989 1
5989 1
5989 1
5989 1
5989 1
5989 1
5989 1
5989 1
5989 1
5989 1
5989 1
6028 1
6028 1
6028 1
6028 1
6028 1
6028 1
6028 1
6028 1
6028 1
6028 1
6028 1
6028 1
6028 1
6028 1
6028 1
6028 1
6028 1
6028 1
6028 1
6028 1
6028 1
6064 1
6064 1
6064 1
6064 1
6064 1
6064 1
6064 1
6064 1
6064 1
6064 1
6064 1
6064 1
6064 1
6064 1
6064 1
6064 1
6064 1
6064 1
6064 1
6064 1
6064 1
7122 1
7122 1
7122 1
7122 1
7122 1
7122 1
7122 1
7122 1
7122 1
7122 1
7122 1
7122 1
7122 1
7122 1
7122 1
7122 1
7122 1
7122 1
7122 1
7122 1
7122 1
7195 1
7195 1
7195 1
7195 1
7195 1
7195 1
7195 1
7195 1
7195 1
7195 1
7195 1
7195 1
7195 1
7195 1
7195 1
7195 1
7195 1
7195 1
7195 1
7195 1
7195 1
7270 1
7270 1
7270 1
7270 1
7270 1
7270 1
7270 1
7270 1
7270 1
7270 1
7270 1
7270 1
7270 1
7270 1
7270 1
7270 1
7270 1
7270 1
7270 1
7270 1
7270 1
7344 1
7344 1
7344 1
7344 1
7344 1
7344 1
7344 1
7344 1
7344 1
7344 1
7344 1
7344 1
7344 1
7344 1
7344 1
7344 1
7344 1
7344 1
7344 1
7344 1
7344 1
7422 1
7422 1
7422 1
7422 1
7422 1
7422 1
7422 1
7422 1
7422 1
7422 1
7422 1
7422 1
7422 1
7422 1
7422 1
7422 1
7422 1
7422 1
7422 1
7422 1
7422 1
7504 1
7504 1
7504 1
7504 1
7504 1
7504 1
7504 1
7504 1
7504 1
7504 1
7504 1
7504 1
7504 1
7504 1
7504 1
7504 1
7504 1
7504 1
7504 1
7504 1
7504 1
7592 1
7592 1
7592 1
7592 1
7592 1
7592 1
7592 1
7592 1
7592 1
7592 1
7592 1
7592 1
7592 1
7592 1
7592 1
7592 1
7592 1
7592 1
7592 1
7592 1
7592 1
7684 1
7684 1
7684 1
7684 1
7684 1
7684 1
7684 1
7684 1
7684 1
7684 1
7684 1
7684 1
7684 1
7684 1
7684 1
7684 1
7684 1
7684 1
7684 1
7684 1
7684 1
7779 1
7779 1
7779 1
7779 1
7779 1
7779 1
7779 1
7779 1
7779 1
7779 1
7779 1
7779 1
7779 1
7779 1
7779 1
7779 1
7779 1
7779 1
7779 1
7779 1
7779 1
7875 1
7875 1
7875 1
7875 1
7875 1
7875 1
7875 1
7875 1
7875 1
7875 1
7875 1
7875 1
7875 1
7875 1
7875 1
7875 1
7875 1
7875 1
7875 1
7875 1
7875 1
7980 1
7980 1
7980 1
7980 1
7980 1
7980 1
7980 1
7980 1
7980 1
7980 1
7980 1
7980 1
7980 1
7980 1
7980 1
7980 1
7980 1
7980 1
7980 1
7980 1
7980 1
8088 1
8088 1
8088 1
8088 1
8088 1
8088 1
8088 1
8088 1
8088 1
8088 1
8088 1
8088 1
8088 1
8088 1
8088 1
8088 1
8088 1
8088 1
8088 1
8088 1
8088 1
8199 1
8199 1
8199 1
8199 1
8199 1
8199 1
8199 1
8199 1
8199 1
8199 1
8199 1
8199 1
8199 1
8199 1
8199 1
8199 1
8199 1
8199 1
8199 1
8199 1
8199 1
10523 1
10523 1
10523 1
10523 1
10523 1
10523 1
10523 1
10523 1
10523 1
10523 1
10523 1
10523 1
10523 1
10523 1
10523 1
10523 1
10523 1
10523 1
10523 1
10523 1
10523 1
10795 1
10795 1
10795 1
10795 1
10795 1
10795 1
10795 1
10795 1
10795 1
10795 1
10795 1
10795 1
10795 1
10795 1
10795 1
10795 1
10795 1
10795 1
10795 1
10795 1
10795 1
10940 1
10940 1
10940 1
10940 1
10940 1
10940 1
10940 1
10940 1
10940 1
10940 1
10940 1
10940 1
10940 1
10940 1
10940 1
10940 1
10940 1
10940 1
10940 1
10940 1
10940 1
11080 1
11080 1
11080 1
11080 1
11080 1
11080 1
11080 1
11080 1
11080 1
11080 1
11080 1
11080 1
11080 1
11080 1
11080 1
11080 1
11080 1
11080 1
11080 1
11080 1
11080 1
11225 1
11225 1
11225 1
11225 1
11225 1
11225 1
11225 1
11225 1
11225 1
11225 1
11225 1
11225 1
11225 1
11225 1
11225 1
11225 1
11225 1
11225 1
11225 1
11225 1
11225 1
11378 1
11378 1
11378 1
11378 1
11378 1
11378 1
11378 1
11378 1
11378 1
11378 1
11378 1
11378 1
11378 1
11378 1
11378 1
11378 1
11378 1
11378 1
11378 1
11378 1
11378 1
11533 1
11533 1
11533 1
11533 1
11533 1
11533 1
11533 1
11533 1
11533 1
11533 1
11533 1
11533 1
11533 1
11533 1
11533 1
11533 1
11533 1
11533 1
11533 1
11533 1
11533 1
11696 1
11696 1
11696 1
11696 1
11696 1
11696 1
11696 1
11696 1
11696 1
11696 1
11696 1
11696 1
11696 1
11696 1
11696 1
11696 1
11696 1
11696 1
11696 1
11696 1
11696 1
5872 1
5872 1
5872 1
5872 1
5872 1
5872 1
5872 1
5872 1
5872 1
5872 1
5872 1
5872 1
5872 1
5872 1
5872 1
5872 1
5872 1
5872 1
5872 1
5872 1
5872 1
5911 1
5911 1
5911 1
5911 1
5911 1
5911 1
5911 1
5911 1
5911 1
5911 1
5911 1
5911 1
5911 1
5911 1
5911 1
5911 1
5911 1
5911 1
5911 1
5911 1
5911 1
5950 1
5950 1
5950 1
5950 1
5950 1
5950 1
5950 1
5950 1
5950 1
5950 1
5950 1
5950 1
5950 1
5950 1
5950 1
5950 1
5950 1
5950 1
5950 1
5950 1
5950 1
5990 1
5990 1
5990 1
5990 1
5990 1
5990 1
5990 1
5990 1
5990 1
5990 1
5990 1
5990 1
5990 1
5990 1
5990 1
5990 1
5990 1
5990 1
5990 1
5990 1
5990 1
6029 1
6029 1
6029 1
6029 1
6029 1
6029 1
6029 1
6029 1
6029 1
6029 1
6029 1
6029 1
6029 1
6029 1
6029 1
6029 1
6029 1
6029 1
6029 1
6029 1
6029 1
7196 1
7196 1
7196 1
7196 1
7196 1
7196 1
7196 1
7196 1
7196 1
7196 1
7196 1
7196 1
7196 1
7196 1
7196 1
7196 1
7196 1
7196 1
7196 1
7196 1
7196 1
7271 1
7271 1
7271 1
7271 1
7271 1
7271 1
7271 1
7271 1
7271 1
7271 1
7271 1
7271 1
7271 1
7271 1
7271 1
7271 1
7271 1
7271 1
7271 1
7271 1
7271 1
7345 1
7345 1
7345 1
7345 1
7345 1
7345 1
7345 1
7345 1
7345 1
7345 1
7345 1
7345 1
7345 1
7345 1
7345 1
7345 1
7345 1
7345 1
7345 1
7345 1
7345 1
7423 1
7423 1
7423 1
7423 1
7423 1
7423 1
7423 1
7423 1
7423 1
7423 1
7423 1
7423 1
7423 1
7423 1
7423 1
7423 1
7423 1
7423 1
7423 1
7423 1
7423 1
7505 1
7505 1
7505 1
7505 1
7505 1
7505 1
7505 1
7505 1
7505 1
7505 1
7505 1
7505 1
7505 1
7505 1
7505 1
7505 1
7505 1
7505 1
7505 1
7505 1
7505 1
7593 1
7593 1
7593 1
7593 1
7593 1
7593 1
7593 1
7593 1
7593 1
7593 1
7593 1
7593 1
7593 1
7593 1
7593 1
7593 1
7593 1
7593 1
7593 1
7593 1
7593 1
7685 1
7685 1
7685 1
7685 1
7685 1
7685 1
7685 1
7685 1
7685 1
7685 1
7685 1
7685 1
7685 1
7685 1
7685 1
7685 1
7685 1
7685 1
7685 1
7685 1
7685 1
7780 1
7780 1
7780 1
7780 1
7780 1
7780 1
7780 1
7780 1
7780 1
7780 1
7780 1
7780 1
7780 1
7780 1
7780 1
7780 1
7780 1
7780 1
7780 1
7780 1
7780 1
7876 1
7876 1
7876 1
7876 1
7876 1
7876 1
7876 1
7876 1
7876 1
7876 1
7876 1
7876 1
7876 1
7876 1
7876 1
7876 1
7876 1
7876 1
7876 1
7876 1
7876 1
7981 1
7981 1
7981 1
7981 1
7981 1
7981 1
7981 1
7981 1
7981 1
7981 1
7981 1
7981 1
7981 1
7981 1
7981 1
7981 1
7981 1
7981 1
7981 1
7981 1
7981 1
8089 1
8089 1
8089 1
8089 1
8089 1
8089 1
8089 1
8089 1
8089 1
8089 1
8089 1
8089 1
8089 1
8089 1
8089 1
8089 1
8089 1
8089 1
8089 1
8089 1
8089 1
8200 1
8200 1
8200 1
8200 1
8200 1
8200 1
8200 1
8200 1
8200 1
8200 1
8200 1
8200 1
8200 1
8200 1
8200 1
8200 1
8200 1
8200 1
8200 1
8200 1
8200 1
8316 1
8316 1
8316 1
8316 1
8316 1
8316 1
8316 1
8316 1
8316 1
8316 1
8316 1
8316 1
8316 1
8316 1
8316 1
8316 1
8316 1
8316 1
8316 1
8316 1
8316 1
10524 1
10524 1
10524 1
10524 1
10524 1
10524 1
10524 1
10524 1
10524 1
10524 1
10524 1
10524 1
10524 1
10524 1
10524 1
10524 1
10524 1
10524 1
10524 1
10524 1
10524 1
10656 1
10656 1
10656 1
10656 1
10656 1
10656 1
10656 1
10656 1
10656 1
10656 1
10656 1
10656 1
10656 1
10656 1
10656 1
10656 1
10656 1
10656 1
10656 1
10656 1
10656 1
11226 1
11226 1
11226 1
11226 1
11226 1
11226 1
11226 1
11226 1
11226 1
11226 1
11226 1
11226 1
11226 1
11226 1
11226 1
11226 1
11226 1
11226 1
11226 1
11226 1
11226 1
11379 1
11379 1
11379 1
11379 1
11379 1
11379 1
11379 1
11379 1
11379 1
11379 1
11379 1
11379 1
11379 1
11379 1
11379 1
11379 1
11379 1
11379 1
11379 1
11379 1
11379 1
11534 1
11534 1
11534 1
11534 1
11534 1
11534 1
11534 1
11534 1
11534 1
11534 1
11534 1
11534 1
11534 1
11534 1
11534 1
11534 1
11534 1
11534 1
11534 1
11534 1
11534 1
5873 1
5873 1
5873 1
5873 1
5873 1
5873 1
5873 1
5873 1
5873 1
5873 1
5873 1
5873 1
5873 1
5873 1
5873 1
5873 1
5873 1
5873 1
5873 1
5873 1
5873 1
6066 1
6066 1
6066 1
6066 1
6066 1
6066 1
6066 1
6066 1
6066 1
6066 1
6066 1
6066 1
6066 1
6066 1
6066 1
6066 1
6066 1
6066 1
6066 1
6066 1
6066 1
6918 1
6918 1
6918 1
6918 1
6918 1
6918 1
6918 1
6918 1
6918 1
6918 1
6918 1
6918 1
6918 1
6918 1
6918 1
6918 1
6918 1
6918 1
6918 1
6918 1
6918 1
7877 1
7877 1
7877 1
7877 1
7877 1
7877 1
7877 1
7877 1
7877 1
7877 1
7877 1
7877 1
7877 1
7877 1
7877 1
7877 1
7877 1
7877 1
7877 1
7877 1
7877 1
7982 1
7982 1
7982 1
7982 1
7982 1
7982 1
7982 1
7982 1
7982 1
7982 1
7982 1
7982 1
7982 1
7982 1
7982 1
7982 1
7982 1
7982 1
7982 1
7982 1
7982 1
8090 1
8090 1
8090 1
8090 1
8090 1
8090 1
8090 1
8090 1
8090 1
8090 1
8090 1
8090 1
8090 1
8090 1
8090 1
8090 1
8090 1
8090 1
8090 1
8090 1
8090 1
8201 1
8201 1
8201 1
8201 1
8201 1
8201 1
8201 1
8201 1
8201 1
8201 1
8201 1
8201 1
8201 1
8201 1
8201 1
8201 1
8201 1
8201 1
8201 1
8201 1
8201 1
8317 1
8317 1
8317 1
8317 1
8317 1
8317 1
8317 1
8317 1
8317 1
8317 1
8317 1
8317 1
8317 1
8317 1
8317 1
8317 1
8317 1
8317 1
8317 1
8317 1
8317 1
8555 1
8555 1
8555 1
8555 1
8555 1
8555 1
8555 1
8555 1
8555 1
8555 1
8555 1
8555 1
8555 1
8555 1
8555 1
8555 1
8555 1
8555 1
8555 1
8555 1
8555 1
8801 1
8801 1
8801 1
8801 1
8801 1
8801 1
8801 1
8801 1
8801 1
8801 1
8801 1
8801 1
8801 1
8801 1
8801 1
8801 1
8801 1
8801 1
8801 1
8801 1
8801 1
8923 1
8923 1
8923 1
8923 1
8923 1
8923 1
8923 1
8923 1
8923 1
8923 1
8923 1
8923 1
8923 1
8923 1
8923 1
8923 1
8923 1
8923 1
8923 1
8923 1
8923 1
9041 1
9041 1
9041 1
9041 1
9041 1
9041 1
9041 1
9041 1
9041 1
9041 1
9041 1
9041 1
9041 1
9041 1
9041 1
9041 1
9041 1
9041 1
9041 1
9041 1
9041 1
10525 1
10525 1
10525 1
10525 1
10525 1
10525 1
10525 1
10525 1
10525 1
10525 1
10525 1
10525 1
10525 1
10525 1
10525 1
10525 1
10525 1
10525 1
10525 1
10525 1
10525 1
11082 1
11082 1
11082 1
11082 1
11082 1
11082 1
11082 1
11082 1
11082 1
11082 1
11082 1
11082 1
11082 1
11082 1
11082 1
11082 1
11082 1
11082 1
11082 1
11082 1
11082 1
11227 1
11227 1
11227 1
11227 1
11227 1
11227 1
11227 1
11227 1
11227 1
11227 1
11227 1
11227 1
11227 1
11227 1
11227 1
11227 1
11227 1
11227 1
11227 1
11227 1
11227 1
11380 1
11380 1
11380 1
11380 1
11380 1
11380 1
11380 1
11380 1
11380 1
11380 1
11380 1
11380 1
11380 1
11380 1
11380 1
11380 1
11380 1
11380 1
11380 1
11380 1
11380 1
11535 1
11535 1
11535 1
11535 1
11535 1
11535 1
11535 1
11535 1
11535 1
11535 1
11535 1
11535 1
11535 1
11535 1
11535 1
11535 1
11535 1
11535 1
11535 1
11535 1
11535 1
11698 1
11698 1
11698 1
11698 1
11698 1
11698 1
11698 1
11698 1
11698 1
11698 1
11698 1
11698 1
11698 1
11698 1
11698 1
11698 1
11698 1
11698 1
11698 1
11698 1
11698 1
11862 1
11862 1
11862 1
11862 1
11862 1
11862 1
11862 1
11862 1
11862 1
11862 1
11862 1
11862 1
11862 1
11862 1
11862 1
11862 1
11862 1
11862 1
11862 1
11862 1
11862 1
5874 1
5874 1
5874 1
5874 1
5874 1
5874 1
5874 1
5874 1
5874 1
5874 1
5874 1
5874 1
5874 1
5874 1
5874 1
5874 1
5874 1
5874 1
5874 1
5874 1
5874 1
6179 1
6179 1
6179 1
6179 1
6179 1
6179 1
6179 1
6179 1
6179 1
6179 1
6179 1
6179 1
6179 1
6179 1
6179 1
6179 1
6179 1
6179 1
6179 1
6179 1
6179 1
8091 1
8091 1
8091 1
8091 1
8091 1
8091 1
8091 1
8091 1
8091 1
8091 1
8091 1
8091 1
8091 1
8091 1
8091 1
8091 1
8091 1
8091 1
8091 1
8091 1
8091 1
8202 1
8202 1
8202 1
8202 1
8202 1
8202 1
8202 1
8202 1
8202 1
8202 1
8202 1
8202 1
8202 1
8202 1
8202 1
8202 1
8202 1
8202 1
8202 1
8202 1
8202 1
8318 1
8318 1
8318 1
8318 1
8318 1
8318 1
8318 1
8318 1
8318 1
8318 1
8318 1
8318 1
8318 1
8318 1
8318 1
8318 1
8318 1
8318 1
8318 1
8318 1
8318 1
8678 1
8678 1
8678 1
8678 1
8678 1
8678 1
8678 1
8678 1
8678 1
8678 1
8678 1
8678 1
8678 1
8678 1
8678 1
8678 1
8678 1
8678 1
8678 1
8678 1
8678 1
8924 1
8924 1
8924 1
8924 1
8924 1
8924 1
8924 1
8924 1
8924 1
8924 1
8924 1
8924 1
8924 1
8924 1
8924 1
8924 1
8924 1
8924 1
8924 1
8924 1
8924 1
9790 1
9790 1
9790 1
9790 1
9790 1
9790 1
9790 1
9790 1
9790 1
9790 1
9790 1
9790 1
9790 1
9790 1
9790 1
9790 1
9790 1
9790 1
9790 1
9790 1
9790 1
10151 1
10151 1
10151 1
10151 1
10151 1
10151 1
10151 1
10151 1
10151 1
10151 1
10151 1
10151 1
10151 1
10151 1
10151 1
10151 1
10151 1
10151 1
10151 1
10151 1
10151 1
10272 1
10272 1
10272 1
10272 1
10272 1
10272 1
10272 1
10272 1
10272 1
10272 1
10272 1
10272 1
10272 1
10272 1
10272 1
10272 1
10272 1
10272 1
10272 1
10272 1
10272 1
10400 1
10400 1
10400 1
10400 1
10400 1
10400 1
10400 1
10400 1
10400 1
10400 1
10400 1
10400 1
10400 1
10400 1
10400 1
10400 1
10400 1
10400 1
10400 1
10400 1
10400 1
10943 1
10943 1
10943 1
10943 1
10943 1
10943 1
10943 1
10943 1
10943 1
10943 1
10943 1
10943 1
10943 1
10943 1
10943 1
10943 1
10943 1
10943 1
10943 1
10943 1
10943 1
11381 1
11381 1
11381 1
11381 1
11381 1
11381 1
11381 1
11381 1
11381 1
11381 1
11381 1
11381 1
11381 1
11381 1
11381 1
11381 1
11381 1
11381 1
11381 1
11381 1
11381 1
11536 1
11536 1
11536 1
11536 1
11536 1
11536 1
11536 1
11536 1
11536 1
11536 1
11536 1
11536 1
11536 1
11536 1
11536 1
11536 1
11536 1
11536 1
11536 1
11536 1
11536 1
11699 1
11699 1
11699 1
11699 1
11699 1
11699 1
11699 1
11699 1
11699 1
11699 1
11699 1
11699 1
11699 1
11699 1
11699 1
11699 1
11699 1
11699 1
11699 1
11699 1
11699 1
11863 1
11863 1
11863 1
11863 1
11863 1
11863 1
11863 1
11863 1
11863 1
11863 1
11863 1
11863 1
11863 1
11863 1
11863 1
11863 1
11863 1
11863 1
11863 1
11863 1
11863 1
12032 1
12032 1
12032 1
12032 1
12032 1
12032 1
12032 1
12032 1
12032 1
12032 1
12032 1
12032 1
12032 1
12032 1
12032 1
12032 1
12032 1
12032 1
12032 1
12032 1
12032 1
5090 1
5090 1
5090 1
5090 1
5090 1
5090 1
5090 1
5090 1
5090 1
5090 1
5090 1
5090 1
5090 1
5090 1
5090 1
5090 1
5090 1
5090 1
5090 1
5090 1
5090 1
8557 1
8557 1
8557 1
8557 1
8557 1
8557 1
8557 1
8557 1
8557 1
8557 1
8557 1
8557 1
8557 1
8557 1
8557 1
8557 1
8557 1
8557 1
8557 1
8557 1
8557 1
8679 1
8679 1
8679 1
8679 1
8679 1
8679 1
8679 1
8679 1
8679 1
8679 1
8679 1
8679 1
8679 1
8679 1
8679 1
8679 1
8679 1
8679 1
8679 1
8679 1
8679 1
8925 1
8925 1
8925 1
8925 1
8925 1
8925 1
8925 1
8925 1
8925 1
8925 1
8925 1
8925 1
8925 1
8925 1
8925 1
8925 1
8925 1
8925 1
8925 1
8925 1
8925 1
10031 1
10031 1
10031 1
10031 1
10031 1
10031 1
10031 1
10031 1
10031 1
10031 1
10031 1
10031 1
10031 1
10031 1
10031 1
10031 1
10031 1
10031 1
10031 1
10031 1
10031 1
10152 1
10152 1
10152 1
10152 1
10152 1
10152 1
10152 1
10152 1
10152 1
10152 1
10152 1
10152 1
10152 1
10152 1
10152 1
10152 1
10152 1
10152 1
10152 1
10152 1
10152 1
10273 1
10273 1
10273 1
10273 1
10273 1
10273 1
10273 1
10273 1
10273 1
10273 1
10273 1
10273 1
10273 1
10273 1
10273 1
10273 1
10273 1
10273 1
10273 1
10273 1
10273 1
10401 1
10401 1
10401 1
10401 1
10401 1
10401 1
10401 1
10401 1
10401 1
10401 1
10401 1
10401 1
10401 1
10401 1
10401 1
10401 1
10401 1
10401 1
10401 1
10401 1
10401 1
10799 1
10799 1
10799 1
10799 1
10799 1
10799 1
10799 1
10799 1
10799 1
10799 1
10799 1
10799 1
10799 1
10799 1
10799 1
10799 1
10799 1
10799 1
10799 1
10799 1
10799 1
11382 1
11382 1
11382 1
11382 1
11382 1
11382 1
11382 1
11382 1
11382 1
11382 1
11382 1
11382 1
11382 1
11382 1
11382 1
11382 1
11382 1
11382 1
11382 1
11382 1
11382 1
11537 1
11537 1
11537 1
11537 1
11537 1
11537 1
11537 1
11537 1
11537 1
11537 1
11537 1
11537 1
11537 1
11537 1
11537 1
11537 1
11537 1
11537 1
11537 1
11537 1
11537 1
11700 1
11700 1
11700 1
11700 1
11700 1
11700 1
11700 1
11700 1
11700 1
11700 1
11700 1
11700 1
11700 1
11700 1
11700 1
11700 1
11700 1
11700 1
11700 1
11700 1
11700 1
11864 1
11864 1
11864 1
11864 1
11864 1
11864 1
11864 1
11864 1
11864 1
11864 1
11864 1
11864 1
11864 1
11864 1
11864 1
11864 1
11864 1
11864 1
11864 1
11864 1
11864 1
12033 1
12033 1
12033 1
12033 1
12033 1
12033 1
12033 1
12033 1
12033 1
12033 1
12033 1
12033 1
12033 1
12033 1
12033 1
12033 1
12033 1
12033 1
12033 1
12033 1
12033 1
5133 1
5133 1
5133 1
5133 1
5133 1
5133 1
5133 1
5133 1
5133 1
5133 1
5133 1
5133 1
5133 1
5133 1
5133 1
5133 1
5133 1
5133 1
5133 1
5133 1
5133 1
5173 1
5173 1
5173 1
5173 1
5173 1
5173 1
5173 1
5173 1
5173 1
5173 1
5173 1
5173 1
5173 1
5173 1
5173 1
5173 1
5173 1
5173 1
5173 1
5173 1
5173 1
5324 1
5324 1
5324 1
5324 1
5324 1
5324 1
5324 1
5324 1
5324 1
5324 1
5324 1
5324 1
5324 1
5324 1
5324 1
5324 1
5324 1
5324 1
5324 1
5324 1
5324 1
5362 1
5362 1
5362 1
5362 1
5362 1
5362 1
5362 1
5362 1
5362 1
5362 1
5362 1
5362 1
5362 1
5362 1
5362 1
5362 1
5362 1
5362 1
5362 1
5362 1
5362 1
8558 1
8558 1
8558 1
8558 1
8558 1
8558 1
8558 1
8558 1
8558 1
8558 1
8558 1
8558 1
8558 1
8558 1
8558 1
8558 1
8558 1
8558 1
8558 1
8558 1
8558 1
10274 1
10274 1
10274 1
10274 1
10274 1
10274 1
10274 1
10274 1
10274 1
10274 1
10274 1
10274 1
10274 1
10274 1
10274 1
10274 1
10274 1
10274 1
10274 1
10274 1
10274 1
10800 1
10800 1
10800 1
10800 1
10800 1
10800 1
10800 1
10800 1
10800 1
10800 1
10800 1
10800 1
10800 1
10800 1
10800 1
10800 1
10800 1
10800 1
10800 1
10800 1
10800 1
11383 1
11383 1
11383 1
11383 1
11383 1
11383 1
11383 1
11383 1
11383 1
11383 1
11383 1
11383 1
11383 1
11383 1
11383 1
11383 1
11383 1
11383 1
11383 1
11383 1
11383 1
11538 1
11538 1
11538 1
11538 1
11538 1
11538 1
11538 1
11538 1
11538 1
11538 1
11538 1
11538 1
11538 1
11538 1
11538 1
11538 1
11538 1
11538 1
11538 1
11538 1
11538 1
11701 1
11701 1
11701 1
11701 1
11701 1
11701 1
11701 1
11701 1
11701 1
11701 1
11701 1
11701 1
11701 1
11701 1
11701 1
11701 1
11701 1
11701 1
11701 1
11701 1
11701 1
11865 1
11865 1
11865 1
11865 1
11865 1
11865 1
11865 1
11865 1
11865 1
11865 1
11865 1
11865 1
11865 1
11865 1
11865 1
11865 1
11865 1
11865 1
11865 1
11865 1
11865 1
12034 1
12034 1
12034 1
12034 1
12034 1
12034 1
12034 1
12034 1
12034 1
12034 1
12034 1
12034 1
12034 1
12034 1
12034 1
12034 1
12034 1
12034 1
12034 1
12034 1
12034 1
9793 1
9793 1
9793 1
9793 1
9793 1
9793 1
9793 1
9793 1
9793 1
9793 1
9793 1
9793 1
9793 1
9793 1
9793 1
9793 1
9793 1
9793 1
9793 1
9793 1
9793 1
10801 1
10801 1
10801 1
10801 1
10801 1
10801 1
10801 1
10801 1
10801 1
10801 1
10801 1
10801 1
10801 1
10801 1
10801 1
10801 1
10801 1
10801 1
10801 1
10801 1
10801 1
11086 1
11086 1
11086 1
11086 1
11086 1
11086 1
11086 1
11086 1
11086 1
11086 1
11086 1
11086 1
11086 1
11086 1
11086 1
11086 1
11086 1
11086 1
11086 1
11086 1
11086 1
11384 1
11384 1
11384 1
11384 1
11384 1
11384 1
11384 1
11384 1
11384 1
11384 1
11384 1
11384 1
11384 1
11384 1
11384 1
11384 1
11384 1
11384 1
11384 1
11384 1
11384 1
11702 1
11702 1
11702 1
11702 1
11702 1
11702 1
11702 1
11702 1
11702 1
11702 1
11702 1
11702 1
11702 1
11702 1
11702 1
11702 1
11702 1
11702 1
11702 1
11702 1
11702 1
12035 1
12035 1
12035 1
12035 1
12035 1
12035 1
12035 1
12035 1
12035 1
12035 1
12035 1
12035 1
12035 1
12035 1
12035 1
12035 1
12035 1
12035 1
12035 1
12035 1
12035 1
19251 1
19251 1
19251 1
19251 1
19251 1
19251 1
19251 1
19251 1
19251 1
19251 1
19251 1
19251 1
19251 1
19251 1
19251 1
19251 1
19251 1
19251 1
19251 1
19251 1
19251 1
8806 1
8806 1
8806 1
8806 1
8806 1
8806 1
8806 1
8806 1
8806 1
8806 1
8806 1
8806 1
8806 1
8806 1
8806 1
8806 1
8806 1
8806 1
8806 1
8806 1
8806 1
11087 1
11087 1
11087 1
11087 1
11087 1
11087 1
11087 1
11087 1
11087 1
11087 1
11087 1
11087 1
11087 1
11087 1
11087 1
11087 1
11087 1
11087 1
11087 1
11087 1
11087 1
11232 1
11232 1
11232 1
11232 1
11232 1
11232 1
11232 1
11232 1
11232 1
11232 1
11232 1
11232 1
11232 1
11232 1
11232 1
11232 1
11232 1
11232 1
11232 1
11232 1
11232 1
11867 1
11867 1
11867 1
11867 1
11867 1
11867 1
11867 1
11867 1
11867 1
11867 1
11867 1
11867 1
11867 1
11867 1
11867 1
11867 1
11867 1
11867 1
11867 1
11867 1
11867 1
12036 1
12036 1
12036 1
12036 1
12036 1
12036 1
12036 1
12036 1
12036 1
12036 1
12036 1
12036 1
12036 1
12036 1
12036 1
12036 1
12036 1
12036 1
12036 1
12036 1
12036 1
5327 1
5327 1
5327 1
5327 1
5327 1
5327 1
5327 1
5327 1
5327 1
5327 1
5327 1
5327 1
5327 1
5327 1
5327 1
5327 1
5327 1
5327 1
5327 1
5327 1
5327 1
11868 1
11868 1
11868 1
11868 1
11868 1
11868 1
11868 1
11868 1
11868 1
11868 1
11868 1
11868 1
11868 1
11868 1
11868 1
11868 1
11868 1
11868 1
11868 1
11868 1
11868 1
12037 1
12037 1
12037 1
12037 1
12037 1
12037 1
12037 1
12037 1
12037 1
12037 1
12037 1
12037 1
12037 1
12037 1
12037 1
12037 1
12037 1
12037 1
12037 1
12037 1
12037 1
18721 1
18721 1
18721 1
18721 1
18721 1
18721 1
18721 1
18721 1
18721 1
18721 1
18721 1
18721 1
18721 1
18721 1
18721 1
18721 1
18721 1
18721 1
18721 1
18721 1
18721 1
11542 1
11542 1
11542 1
11542 1
11542 1
11542 1
11542 1
11542 1
11542 1
11542 1
11542 1
11542 1
11542 1
11542 1
11542 1
11542 1
11542 1
11542 1
11542 1
11542 1
11542 1
11869 1
11869 1
11869 1
11869 1
11869 1
11869 1
11869 1
11869 1
11869 1
11869 1
11869 1
11869 1
11869 1
11869 1
11869 1
11869 1
11869 1
11869 1
11869 1
11869 1
11869 1
5762 1
5762 1
5762 1
5762 1
5762 1
5762 1
5762 1
5762 1
5762 1
5762 1
5762 1
5762 1
5762 1
5762 1
5762 1
5762 1
5762 1
5762 1
5762 1
5762 1
5762 1
10158 1
10158 1
10158 1
10158 1
10158 1
10158 1
10158 1
10158 1
10158 1
10158 1
10158 1
10158 1
10158 1
10158 1
10158 1
10158 1
10158 1
10158 1
10158 1
10158 1
10158 1
11545 1
11545 1
11545 1
11545 1
11545 1
11545 1
11545 1
11545 1
11545 1
11545 1
11545 1
11545 1
11545 1
11545 1
11545 1
11545 1
11545 1
11545 1
11545 1
11545 1
11545 1
12733 1
12733 1
12733 1
12733 1
12733 1
12733 1
12733 1
12733 1
12733 1
12733 1
12733 1
12733 1
12733 1
12733 1
12733 1
12733 1
12733 1
12733 1
12733 1
12733 1
12733 1
17318 1
17318 1
17318 1
17318 1
17318 1
17318 1
17318 1
17318 1
17318 1
17318 1
17318 1
17318 1
17318 1
17318 1
17318 1
17318 1
17318 1
17318 1
17318 1
17318 1
17318 1
11711 1
11711 1
11711 1
11711 1
11711 1
11711 1
11711 1
11711 1
11711 1
11711 1
11711 1
11711 1
11711 1
11711 1
11711 1
11711 1
11711 1
11711 1
11711 1
11711 1
11711 1
12217 1
12217 1
12217 1
12217 1
12217 1
12217 1
12217 1
12217 1
12217 1
12217 1
12217 1
12217 1
12217 1
12217 1
12217 1
12217 1
12217 1
12217 1
12217 1
12217 1
12217 1
13829 1
13829 1
13829 1
13829 1
13829 1
13829 1
13829 1
13829 1
13829 1
13829 1
13829 1
13829 1
13829 1
13829 1
13829 1
13829 1
13829 1
13829 1
13829 1
13829 1
13829 1
15602 1
15602 1
15602 1
15602 1
15602 1
15602 1
15602 1
15602 1
15602 1
15602 1
15602 1
15602 1
15602 1
15602 1
15602 1
15602 1
15602 1
15602 1
15602 1
15602 1
15602 1
