pt_graph scale
2253 0
2253 32.3584738
2253 32.3584738
2253 32.3584738
2253 32.3584738
2253 0
2253 0
2253 7.9385224965
2253 7.9385224965
2253 7.9385224965
2253 7.9385224965
2253 6.459506423
2253 6.459506423
2253 6.459506423
2253 6.459506423
2253 6.459506423
2253 0
2253 0
2253 0
2253 0
2253 0
2253 0
2253 0
2253 0
2253 0
2253 0
2253 0
2253 0
2253 0
2253 0
2253 0
2253 0
2253 0
2253 0
2253 0
2253 0
2253 0
2332 0
2332 32.3584738
2332 32.3584738
2332 32.3584738
2332 32.3584738
2332 0
2332 0
2332 7.9385224965
2332 7.9385224965
2332 7.9385224965
2332 7.9385224965
2332 6.459506423
2332 6.459506423
2332 6.459506423
2332 6.459506423
2332 6.459506423
2332 0
2332 0
2332 0
2332 0
2332 0
2332 0
2332 0
2332 0
2332 0
2332 0
2332 0
2332 0
2332 0
2332 0
2332 0
2332 0
2332 0
2332 0
2332 0
2332 0
2332 0
2417 0
2417 32.3584738
2417 32.3584738
2417 32.3584738
2417 32.3584738
2417 0
2417 0
2417 7.9385224965
2417 7.9385224965
2417 7.9385224965
2417 7.9385224965
2417 6.459506423
2417 6.459506423
2417 6.459506423
2417 6.459506423
2417 6.459506423
2417 0
2417 0
2417 0
2417 0
2417 0
2417 0
2417 0
2417 0
2417 0
2417 0
2417 0
2417 0
2417 0
2417 0
2417 0
2417 0
2417 0
2417 0
2417 0
2417 0
2417 0
2970 0
2970 32.3584738
2970 32.3584738
2970 32.3584738
2970 32.3584738
2970 0
2970 0
2970 7.9385224965
2970 7.9385224965
2970 7.9385224965
2970 7.9385224965
2970 6.459506423
2970 6.459506423
2970 6.459506423
2970 6.459506423
2970 6.459506423
2970 0
2970 0
2970 0
2970 0
2970 0
2970 0
2970 0
2970 0
2970 0
2970 0
2970 0
2970 0
2970 0
2970 0
2970 0
2970 0
2970 0
2970 0
2970 0
2970 0
2970 0
36871 0
36871 32.3584738
36871 32.3584738
36871 32.3584738
36871 32.3584738
36871 0
36871 0
36871 7.9385224965
36871 7.9385224965
36871 7.9385224965
36871 7.9385224965
36871 6.459506423
36871 6.459506423
36871 6.459506423
36871 6.459506423
36871 6.459506423
36871 0
36871 0
36871 0
36871 0
36871 0
36871 0
36871 0
36871 0
36871 0
36871 0
36871 0
36871 0
36871 0
36871 0
36871 0
36871 0
36871 0
36871 0
36871 0
36871 0
36871 0
36860 0
36860 32.3584738
36860 32.3584738
36860 32.3584738
36860 32.3584738
36860 0
36860 0
36860 7.9385224965
36860 7.9385224965
36860 7.9385224965
36860 7.9385224965
36860 6.459506423
36860 6.459506423
36860 6.459506423
36860 6.459506423
36860 6.459506423
36860 0
36860 0
36860 0
36860 0
36860 0
36860 0
36860 0
36860 0
36860 0
36860 0
36860 0
36860 0
36860 0
36860 0
36860 0
36860 0
36860 0
36860 0
36860 0
36860 0
36860 0
2082 0
2082 32.3584738
2082 32.3584738
2082 32.3584738
2082 32.3584738
2082 0
2082 0
2082 7.9385224965
2082 7.9385224965
2082 7.9385224965
2082 7.9385224965
2082 6.459506423
2082 6.459506423
2082 6.459506423
2082 6.459506423
2082 6.459506423
2082 0
2082 0
2082 0
2082 0
2082 0
2082 0
2082 0
2082 0
2082 0
2082 0
2082 0
2082 0
2082 0
2082 0
2082 0
2082 0
2082 0
2082 0
2082 0
2082 0
2082 0
2168 0
2168 32.3584738
2168 32.3584738
2168 32.3584738
2168 32.3584738
2168 0
2168 0
2168 7.9385224965
2168 7.9385224965
2168 7.9385224965
2168 7.9385224965
2168 6.459506423
2168 6.459506423
2168 6.459506423
2168 6.459506423
2168 6.459506423
2168 0
2168 0
2168 0
2168 0
2168 0
2168 0
2168 0
2168 0
2168 0
2168 0
2168 0
2168 0
2168 0
2168 0
2168 0
2168 0
2168 0
2168 0
2168 0
2168 0
2168 0
2254 0
2254 32.3584738
2254 32.3584738
2254 32.3584738
2254 32.3584738
2254 0
2254 0
2254 7.9385224965
2254 7.9385224965
2254 7.9385224965
2254 7.9385224965
2254 6.459506423
2254 6.459506423
2254 6.459506423
2254 6.459506423
2254 6.459506423
2254 0
2254 0
2254 0
2254 0
2254 0
2254 0
2254 0
2254 0
2254 0
2254 0
2254 0
2254 0
2254 0
2254 0
2254 0
2254 0
2254 0
2254 0
2254 0
2254 0
2254 0
2333 0
2333 32.3584738
2333 32.3584738
2333 32.3584738
2333 32.3584738
2333 0
2333 0
2333 7.9385224965
2333 7.9385224965
2333 7.9385224965
2333 7.9385224965
2333 6.459506423
2333 6.459506423
2333 6.459506423
2333 6.459506423
2333 6.459506423
2333 0
2333 0
2333 0
2333 0
2333 0
2333 0
2333 0
2333 0
2333 0
2333 0
2333 0
2333 0
2333 0
2333 0
2333 0
2333 0
2333 0
2333 0
2333 0
2333 0
2333 0
2418 0
2418 32.3584738
2418 32.3584738
2418 32.3584738
2418 32.3584738
2418 0
2418 0
2418 7.9385224965
2418 7.9385224965
2418 7.9385224965
2418 7.9385224965
2418 6.459506423
2418 6.459506423
2418 6.459506423
2418 6.459506423
2418 6.459506423
2418 0
2418 0
2418 0
2418 0
2418 0
2418 0
2418 0
2418 0
2418 0
2418 0
2418 0
2418 0
2418 0
2418 0
2418 0
2418 0
2418 0
2418 0
2418 0
2418 0
2418 0
2504 0
2504 32.3584738
2504 32.3584738
2504 32.3584738
2504 32.3584738
2504 0
2504 0
2504 7.9385224965
2504 7.9385224965
2504 7.9385224965
2504 7.9385224965
2504 6.459506423
2504 6.459506423
2504 6.459506423
2504 6.459506423
2504 6.459506423
2504 0
2504 0
2504 0
2504 0
2504 0
2504 0
2504 0
2504 0
2504 0
2504 0
2504 0
2504 0
2504 0
2504 0
2504 0
2504 0
2504 0
2504 0
2504 0
2504 0
2504 0
2595 0
2595 32.3584738
2595 32.3584738
2595 32.3584738
2595 32.3584738
2595 0
2595 0
2595 7.9385224965
2595 7.9385224965
2595 7.9385224965
2595 7.9385224965
2595 6.459506423
2595 6.459506423
2595 6.459506423
2595 6.459506423
2595 6.459506423
2595 0
2595 0
2595 0
2595 0
2595 0
2595 0
2595 0
2595 0
2595 0
2595 0
2595 0
2595 0
2595 0
2595 0
2595 0
2595 0
2595 0
2595 0
2595 0
2595 0
2595 0
2878 0
2878 32.3584738
2878 32.3584738
2878 32.3584738
2878 32.3584738
2878 0
2878 0
2878 7.9385224965
2878 7.9385224965
2878 7.9385224965
2878 7.9385224965
2878 6.459506423
2878 6.459506423
2878 6.459506423
2878 6.459506423
2878 6.459506423
2878 0
2878 0
2878 0
2878 0
2878 0
2878 0
2878 0
2878 0
2878 0
2878 0
2878 0
2878 0
2878 0
2878 0
2878 0
2878 0
2878 0
2878 0
2878 0
2878 0
2878 0
1622 0
1622 32.3584738
1622 32.3584738
1622 32.3584738
1622 32.3584738
1622 0
1622 0
1622 7.9385224965
1622 7.9385224965
1622 7.9385224965
1622 7.9385224965
1622 6.459506423
1622 6.459506423
1622 6.459506423
1622 6.459506423
1622 6.459506423
1622 0
1622 0
1622 0
1622 0
1622 0
1622 0
1622 0
1622 0
1622 0
1622 0
1622 0
1622 0
1622 0
1622 0
1622 0
1622 0
1622 0
1622 0
1622 0
1622 0
1622 0
1855 0
1855 32.3584738
1855 32.3584738
1855 32.3584738
1855 32.3584738
1855 0
1855 0
1855 7.9385224965
1855 7.9385224965
1855 7.9385224965
1855 7.9385224965
1855 6.459506423
1855 6.459506423
1855 6.459506423
1855 6.459506423
1855 6.459506423
1855 0
1855 0
1855 0
1855 0
1855 0
1855 0
1855 0
1855 0
1855 0
1855 0
1855 0
1855 0
1855 0
1855 0
1855 0
1855 0
1855 0
1855 0
1855 0
1855 0
1855 0
1924 0
1924 32.3584738
1924 32.3584738
1924 32.3584738
1924 32.3584738
1924 0
1924 0
1924 7.9385224965
1924 7.9385224965
1924 7.9385224965
1924 7.9385224965
1924 6.459506423
1924 6.459506423
1924 6.459506423
1924 6.459506423
1924 6.459506423
1924 0
1924 0
1924 0
1924 0
1924 0
1924 0
1924 0
1924 0
1924 0
1924 0
1924 0
1924 0
1924 0
1924 0
1924 0
1924 0
1924 0
1924 0
1924 0
1924 0
1924 0
2001 0
2001 32.3584738
2001 32.3584738
2001 32.3584738
2001 32.3584738
2001 0
2001 0
2001 7.9385224965
2001 7.9385224965
2001 7.9385224965
2001 7.9385224965
2001 6.459506423
2001 6.459506423
2001 6.459506423
2001 6.459506423
2001 6.459506423
2001 0
2001 0
2001 0
2001 0
2001 0
2001 0
2001 0
2001 0
2001 0
2001 0
2001 0
2001 0
2001 0
2001 0
2001 0
2001 0
2001 0
2001 0
2001 0
2001 0
2001 0
2083 0
2083 32.3584738
2083 32.3584738
2083 32.3584738
2083 32.3584738
2083 0
2083 0
2083 7.9385224965
2083 7.9385224965
2083 7.9385224965
2083 7.9385224965
2083 6.459506423
2083 6.459506423
2083 6.459506423
2083 6.459506423
2083 6.459506423
2083 0
2083 0
2083 0
2083 0
2083 0
2083 0
2083 0
2083 0
2083 0
2083 0
2083 0
2083 0
2083 0
2083 0
2083 0
2083 0
2083 0
2083 0
2083 0
2083 0
2083 0
2169 0
2169 32.3584738
2169 32.3584738
2169 32.3584738
2169 32.3584738
2169 0
2169 0
2169 7.9385224965
2169 7.9385224965
2169 7.9385224965
2169 7.9385224965
2169 6.459506423
2169 6.459506423
2169 6.459506423
2169 6.459506423
2169 6.459506423
2169 0
2169 0
2169 0
2169 0
2169 0
2169 0
2169 0
2169 0
2169 0
2169 0
2169 0
2169 0
2169 0
2169 0
2169 0
2169 0
2169 0
2169 0
2169 0
2169 0
2169 0
2255 0
2255 32.3584738
2255 32.3584738
2255 32.3584738
2255 32.3584738
2255 0
2255 0
2255 7.9385224965
2255 7.9385224965
2255 7.9385224965
2255 7.9385224965
2255 6.459506423
2255 6.459506423
2255 6.459506423
2255 6.459506423
2255 6.459506423
2255 0
2255 0
2255 0
2255 0
2255 0
2255 0
2255 0
2255 0
2255 0
2255 0
2255 0
2255 0
2255 0
2255 0
2255 0
2255 0
2255 0
2255 0
2255 0
2255 0
2255 0
2334 0
2334 32.3584738
2334 32.3584738
2334 32.3584738
2334 32.3584738
2334 0
2334 0
2334 7.9385224965
2334 7.9385224965
2334 7.9385224965
2334 7.9385224965
2334 6.459506423
2334 6.459506423
2334 6.459506423
2334 6.459506423
2334 6.459506423
2334 0
2334 0
2334 0
2334 0
2334 0
2334 0
2334 0
2334 0
2334 0
2334 0
2334 0
2334 0
2334 0
2334 0
2334 0
2334 0
2334 0
2334 0
2334 0
2334 0
2334 0
2419 0
2419 32.3584738
2419 32.3584738
2419 32.3584738
2419 32.3584738
2419 0
2419 0
2419 7.9385224965
2419 7.9385224965
2419 7.9385224965
2419 7.9385224965
2419 6.459506423
2419 6.459506423
2419 6.459506423
2419 6.459506423
2419 6.459506423
2419 0
2419 0
2419 0
2419 0
2419 0
2419 0
2419 0
2419 0
2419 0
2419 0
2419 0
2419 0
2419 0
2419 0
2419 0
2419 0
2419 0
2419 0
2419 0
2419 0
2419 0
2505 0
2505 32.3584738
2505 32.3584738
2505 32.3584738
2505 32.3584738
2505 0
2505 0
2505 7.9385224965
2505 7.9385224965
2505 7.9385224965
2505 7.9385224965
2505 6.459506423
2505 6.459506423
2505 6.459506423
2505 6.459506423
2505 6.459506423
2505 0
2505 0
2505 0
2505 0
2505 0
2505 0
2505 0
2505 0
2505 0
2505 0
2505 0
2505 0
2505 0
2505 0
2505 0
2505 0
2505 0
2505 0
2505 0
2505 0
2505 0
2596 0
2596 32.3584738
2596 32.3584738
2596 32.3584738
2596 32.3584738
2596 0
2596 0
2596 7.9385224965
2596 7.9385224965
2596 7.9385224965
2596 7.9385224965
2596 6.459506423
2596 6.459506423
2596 6.459506423
2596 6.459506423
2596 6.459506423
2596 0
2596 0
2596 0
2596 0
2596 0
2596 0
2596 0
2596 0
2596 0
2596 0
2596 0
2596 0
2596 0
2596 0
2596 0
2596 0
2596 0
2596 0
2596 0
2596 0
2596 0
2689 0
2689 32.3584738
2689 32.3584738
2689 32.3584738
2689 32.3584738
2689 0
2689 0
2689 7.9385224965
2689 7.9385224965
2689 7.9385224965
2689 7.9385224965
2689 6.459506423
2689 6.459506423
2689 6.459506423
2689 6.459506423
2689 6.459506423
2689 0
2689 0
2689 0
2689 0
2689 0
2689 0
2689 0
2689 0
2689 0
2689 0
2689 0
2689 0
2689 0
2689 0
2689 0
2689 0
2689 0
2689 0
2689 0
2689 0
2689 0
2781 0
2781 32.3584738
2781 32.3584738
2781 32.3584738
2781 32.3584738
2781 0
2781 0
2781 7.9385224965
2781 7.9385224965
2781 7.9385224965
2781 7.9385224965
2781 6.459506423
2781 6.459506423
2781 6.459506423
2781 6.459506423
2781 6.459506423
2781 0
2781 0
2781 0
2781 0
2781 0
2781 0
2781 0
2781 0
2781 0
2781 0
2781 0
2781 0
2781 0
2781 0
2781 0
2781 0
2781 0
2781 0
2781 0
2781 0
2781 0
2879 0
2879 32.3584738
2879 32.3584738
2879 32.3584738
2879 32.3584738
2879 0
2879 0
2879 7.9385224965
2879 7.9385224965
2879 7.9385224965
2879 7.9385224965
2879 6.459506423
2879 6.459506423
2879 6.459506423
2879 6.459506423
2879 6.459506423
2879 0
2879 0
2879 0
2879 0
2879 0
2879 0
2879 0
2879 0
2879 0
2879 0
2879 0
2879 0
2879 0
2879 0
2879 0
2879 0
2879 0
2879 0
2879 0
2879 0
2879 0
2971 0
2971 32.3584738
2971 32.3584738
2971 32.3584738
2971 32.3584738
2971 0
2971 0
2971 7.9385224965
2971 7.9385224965
2971 7.9385224965
2971 7.9385224965
2971 6.459506423
2971 6.459506423
2971 6.459506423
2971 6.459506423
2971 6.459506423
2971 0
2971 0
2971 0
2971 0
2971 0
2971 0
2971 0
2971 0
2971 0
2971 0
2971 0
2971 0
2971 0
2971 0
2971 0
2971 0
2971 0
2971 0
2971 0
2971 0
2971 0
37463 0
37463 32.3584738
37463 32.3584738
37463 32.3584738
37463 32.3584738
37463 0
37463 0
37463 7.9385224965
37463 7.9385224965
37463 7.9385224965
37463 7.9385224965
37463 6.459506423
37463 6.459506423
37463 6.459506423
37463 6.459506423
37463 6.459506423
37463 0
37463 0
37463 0
37463 0
37463 0
37463 0
37463 0
37463 0
37463 0
37463 0
37463 0
37463 0
37463 0
37463 0
37463 0
37463 0
37463 0
37463 0
37463 0
37463 0
37463 0
1673 0
1673 32.3584738
1673 32.3584738
1673 32.3584738
1673 32.3584738
1673 0
1673 0
1673 7.9385224965
1673 7.9385224965
1673 7.9385224965
1673 7.9385224965
1673 6.459506423
1673 6.459506423
1673 6.459506423
1673 6.459506423
1673 6.459506423
1673 0
1673 0
1673 0
1673 0
1673 0
1673 0
1673 0
1673 0
1673 0
1673 0
1673 0
1673 0
1673 0
1673 0
1673 0
1673 0
1673 0
1673 0
1673 0
1673 0
1673 0
1730 0
1730 32.3584738
1730 32.3584738
1730 32.3584738
1730 32.3584738
1730 0
1730 0
1730 7.9385224965
1730 7.9385224965
1730 7.9385224965
1730 7.9385224965
1730 6.459506423
1730 6.459506423
1730 6.459506423
1730 6.459506423
1730 6.459506423
1730 0
1730 0
1730 0
1730 0
1730 0
1730 0
1730 0
1730 0
1730 0
1730 0
1730 0
1730 0
1730 0
1730 0
1730 0
1730 0
1730 0
1730 0
1730 0
1730 0
1730 0
1788 0
1788 32.3584738
1788 32.3584738
1788 32.3584738
1788 32.3584738
1788 0
1788 0
1788 7.9385224965
1788 7.9385224965
1788 7.9385224965
1788 7.9385224965
1788 6.459506423
1788 6.459506423
1788 6.459506423
1788 6.459506423
1788 6.459506423
1788 0
1788 0
1788 0
1788 0
1788 0
1788 0
1788 0
1788 0
1788 0
1788 0
1788 0
1788 0
1788 0
1788 0
1788 0
1788 0
1788 0
1788 0
1788 0
1788 0
1788 0
1856 0
1856 32.3584738
1856 32.3584738
1856 32.3584738
1856 32.3584738
1856 0
1856 0
1856 7.9385224965
1856 7.9385224965
1856 7.9385224965
1856 7.9385224965
1856 6.459506423
1856 6.459506423
1856 6.459506423
1856 6.459506423
1856 6.459506423
1856 0
1856 0
1856 0
1856 0
1856 0
1856 0
1856 0
1856 0
1856 0
1856 0
1856 0
1856 0
1856 0
1856 0
1856 0
1856 0
1856 0
1856 0
1856 0
1856 0
1856 0
1925 0
1925 32.3584738
1925 32.3584738
1925 32.3584738
1925 32.3584738
1925 0
1925 0
1925 7.9385224965
1925 7.9385224965
1925 7.9385224965
1925 7.9385224965
1925 6.459506423
1925 6.459506423
1925 6.459506423
1925 6.459506423
1925 6.459506423
1925 0
1925 0
1925 0
1925 0
1925 0
1925 0
1925 0
1925 0
1925 0
1925 0
1925 0
1925 0
1925 0
1925 0
1925 0
1925 0
1925 0
1925 0
1925 0
1925 0
1925 0
2002 0
2002 32.3584738
2002 32.3584738
2002 32.3584738
2002 32.3584738
2002 0
2002 0
2002 7.9385224965
2002 7.9385224965
2002 7.9385224965
2002 7.9385224965
2002 6.459506423
2002 6.459506423
2002 6.459506423
2002 6.459506423
2002 6.459506423
2002 0
2002 0
2002 0
2002 0
2002 0
2002 0
2002 0
2002 0
2002 0
2002 0
2002 0
2002 0
2002 0
2002 0
2002 0
2002 0
2002 0
2002 0
2002 0
2002 0
2002 0
2084 0
2084 32.3584738
2084 32.3584738
2084 32.3584738
2084 32.3584738
2084 0
2084 0
2084 7.9385224965
2084 7.9385224965
2084 7.9385224965
2084 7.9385224965
2084 6.459506423
2084 6.459506423
2084 6.459506423
2084 6.459506423
2084 6.459506423
2084 0
2084 0
2084 0
2084 0
2084 0
2084 0
2084 0
2084 0
2084 0
2084 0
2084 0
2084 0
2084 0
2084 0
2084 0
2084 0
2084 0
2084 0
2084 0
2084 0
2084 0
2170 0
2170 32.3584738
2170 32.3584738
2170 32.3584738
2170 32.3584738
2170 0
2170 0
2170 7.9385224965
2170 7.9385224965
2170 7.9385224965
2170 7.9385224965
2170 6.459506423
2170 6.459506423
2170 6.459506423
2170 6.459506423
2170 6.459506423
2170 0
2170 0
2170 0
2170 0
2170 0
2170 0
2170 0
2170 0
2170 0
2170 0
2170 0
2170 0
2170 0
2170 0
2170 0
2170 0
2170 0
2170 0
2170 0
2170 0
2170 0
2256 0
2256 32.3584738
2256 32.3584738
2256 32.3584738
2256 32.3584738
2256 0
2256 0
2256 7.9385224965
2256 7.9385224965
2256 7.9385224965
2256 7.9385224965
2256 6.459506423
2256 6.459506423
2256 6.459506423
2256 6.459506423
2256 6.459506423
2256 0
2256 0
2256 0
2256 0
2256 0
2256 0
2256 0
2256 0
2256 0
2256 0
2256 0
2256 0
2256 0
2256 0
2256 0
2256 0
2256 0
2256 0
2256 0
2256 0
2256 0
2335 0
2335 32.3584738
2335 32.3584738
2335 32.3584738
2335 32.3584738
2335 0
2335 0
2335 7.9385224965
2335 7.9385224965
2335 7.9385224965
2335 7.9385224965
2335 6.459506423
2335 6.459506423
2335 6.459506423
2335 6.459506423
2335 6.459506423
2335 0
2335 0
2335 0
2335 0
2335 0
2335 0
2335 0
2335 0
2335 0
2335 0
2335 0
2335 0
2335 0
2335 0
2335 0
2335 0
2335 0
2335 0
2335 0
2335 0
2335 0
2420 0
2420 32.3584738
2420 32.3584738
2420 32.3584738
2420 32.3584738
2420 0
2420 0
2420 7.9385224965
2420 7.9385224965
2420 7.9385224965
2420 7.9385224965
2420 6.459506423
2420 6.459506423
2420 6.459506423
2420 6.459506423
2420 6.459506423
2420 0
2420 0
2420 0
2420 0
2420 0
2420 0
2420 0
2420 0
2420 0
2420 0
2420 0
2420 0
2420 0
2420 0
2420 0
2420 0
2420 0
2420 0
2420 0
2420 0
2420 0
2506 0
2506 32.3584738
2506 32.3584738
2506 32.3584738
2506 32.3584738
2506 0
2506 0
2506 7.9385224965
2506 7.9385224965
2506 7.9385224965
2506 7.9385224965
2506 6.459506423
2506 6.459506423
2506 6.459506423
2506 6.459506423
2506 6.459506423
2506 0
2506 0
2506 0
2506 0
2506 0
2506 0
2506 0
2506 0
2506 0
2506 0
2506 0
2506 0
2506 0
2506 0
2506 0
2506 0
2506 0
2506 0
2506 0
2506 0
2506 0
2597 0
2597 32.3584738
2597 32.3584738
2597 32.3584738
2597 32.3584738
2597 0
2597 0
2597 7.9385224965
2597 7.9385224965
2597 7.9385224965
2597 7.9385224965
2597 6.459506423
2597 6.459506423
2597 6.459506423
2597 6.459506423
2597 6.459506423
2597 0
2597 0
2597 0
2597 0
2597 0
2597 0
2597 0
2597 0
2597 0
2597 0
2597 0
2597 0
2597 0
2597 0
2597 0
2597 0
2597 0
2597 0
2597 0
2597 0
2597 0
2690 0
2690 32.3584738
2690 32.3584738
2690 32.3584738
2690 32.3584738
2690 0
2690 0
2690 7.9385224965
2690 7.9385224965
2690 7.9385224965
2690 7.9385224965
2690 6.459506423
2690 6.459506423
2690 6.459506423
2690 6.459506423
2690 6.459506423
2690 0
2690 0
2690 0
2690 0
2690 0
2690 0
2690 0
2690 0
2690 0
2690 0
2690 0
2690 0
2690 0
2690 0
2690 0
2690 0
2690 0
2690 0
2690 0
2690 0
2690 0
2782 0
2782 32.3584738
2782 32.3584738
2782 32.3584738
2782 32.3584738
2782 0
2782 0
2782 7.9385224965
2782 7.9385224965
2782 7.9385224965
2782 7.9385224965
2782 6.459506423
2782 6.459506423
2782 6.459506423
2782 6.459506423
2782 6.459506423
2782 0
2782 0
2782 0
2782 0
2782 0
2782 0
2782 0
2782 0
2782 0
2782 0
2782 0
2782 0
2782 0
2782 0
2782 0
2782 0
2782 0
2782 0
2782 0
2782 0
2782 0
1731 0
1731 32.3584738
1731 32.3584738
1731 32.3584738
1731 32.3584738
1731 0
1731 0
1731 7.9385224965
1731 7.9385224965
1731 7.9385224965
1731 7.9385224965
1731 6.459506423
1731 6.459506423
1731 6.459506423
1731 6.459506423
1731 6.459506423
1731 0
1731 0
1731 0
1731 0
1731 0
1731 0
1731 0
1731 0
1731 0
1731 0
1731 0
1731 0
1731 0
1731 0
1731 0
1731 0
1731 0
1731 0
1731 0
1731 0
1731 0
1789 0
1789 32.3584738
1789 32.3584738
1789 32.3584738
1789 32.3584738
1789 0
1789 0
1789 7.9385224965
1789 7.9385224965
1789 7.9385224965
1789 7.9385224965
1789 6.459506423
1789 6.459506423
1789 6.459506423
1789 6.459506423
1789 6.459506423
1789 0
1789 0
1789 0
1789 0
1789 0
1789 0
1789 0
1789 0
1789 0
1789 0
1789 0
1789 0
1789 0
1789 0
1789 0
1789 0
1789 0
1789 0
1789 0
1789 0
1789 0
1857 0
1857 32.3584738
1857 32.3584738
1857 32.3584738
1857 32.3584738
1857 0
1857 0
1857 7.9385224965
1857 7.9385224965
1857 7.9385224965
1857 7.9385224965
1857 6.459506423
1857 6.459506423
1857 6.459506423
1857 6.459506423
1857 6.459506423
1857 0
1857 0
1857 0
1857 0
1857 0
1857 0
1857 0
1857 0
1857 0
1857 0
1857 0
1857 0
1857 0
1857 0
1857 0
1857 0
1857 0
1857 0
1857 0
1857 0
1857 0
1926 0
1926 32.3584738
1926 32.3584738
1926 32.3584738
1926 32.3584738
1926 0
1926 0
1926 7.9385224965
1926 7.9385224965
1926 7.9385224965
1926 7.9385224965
1926 6.459506423
1926 6.459506423
1926 6.459506423
1926 6.459506423
1926 6.459506423
1926 0
1926 0
1926 0
1926 0
1926 0
1926 0
1926 0
1926 0
1926 0
1926 0
1926 0
1926 0
1926 0
1926 0
1926 0
1926 0
1926 0
1926 0
1926 0
1926 0
1926 0
2003 0
2003 32.3584738
2003 32.3584738
2003 32.3584738
2003 32.3584738
2003 0
2003 0
2003 7.9385224965
2003 7.9385224965
2003 7.9385224965
2003 7.9385224965
2003 6.459506423
2003 6.459506423
2003 6.459506423
2003 6.459506423
2003 6.459506423
2003 0
2003 0
2003 0
2003 0
2003 0
2003 0
2003 0
2003 0
2003 0
2003 0
2003 0
2003 0
2003 0
2003 0
2003 0
2003 0
2003 0
2003 0
2003 0
2003 0
2003 0
2085 0
2085 32.3584738
2085 32.3584738
2085 32.3584738
2085 32.3584738
2085 0
2085 0
2085 7.9385224965
2085 7.9385224965
2085 7.9385224965
2085 7.9385224965
2085 6.459506423
2085 6.459506423
2085 6.459506423
2085 6.459506423
2085 6.459506423
2085 0
2085 0
2085 0
2085 0
2085 0
2085 0
2085 0
2085 0
2085 0
2085 0
2085 0
2085 0
2085 0
2085 0
2085 0
2085 0
2085 0
2085 0
2085 0
2085 0
2085 0
2171 0
2171 32.3584738
2171 32.3584738
2171 32.3584738
2171 32.3584738
2171 0
2171 0
2171 7.9385224965
2171 7.9385224965
2171 7.9385224965
2171 7.9385224965
2171 6.459506423
2171 6.459506423
2171 6.459506423
2171 6.459506423
2171 6.459506423
2171 0
2171 0
2171 0
2171 0
2171 0
2171 0
2171 0
2171 0
2171 0
2171 0
2171 0
2171 0
2171 0
2171 0
2171 0
2171 0
2171 0
2171 0
2171 0
2171 0
2171 0
2257 0
2257 32.3584738
2257 32.3584738
2257 32.3584738
2257 32.3584738
2257 0
2257 0
2257 7.9385224965
2257 7.9385224965
2257 7.9385224965
2257 7.9385224965
2257 6.459506423
2257 6.459506423
2257 6.459506423
2257 6.459506423
2257 6.459506423
2257 0
2257 0
2257 0
2257 0
2257 0
2257 0
2257 0
2257 0
2257 0
2257 0
2257 0
2257 0
2257 0
2257 0
2257 0
2257 0
2257 0
2257 0
2257 0
2257 0
2257 0
2336 0
2336 32.3584738
2336 32.3584738
2336 32.3584738
2336 32.3584738
2336 0
2336 0
2336 7.9385224965
2336 7.9385224965
2336 7.9385224965
2336 7.9385224965
2336 6.459506423
2336 6.459506423
2336 6.459506423
2336 6.459506423
2336 6.459506423
2336 0
2336 0
2336 0
2336 0
2336 0
2336 0
2336 0
2336 0
2336 0
2336 0
2336 0
2336 0
2336 0
2336 0
2336 0
2336 0
2336 0
2336 0
2336 0
2336 0
2336 0
2421 0
2421 32.3584738
2421 32.3584738
2421 32.3584738
2421 32.3584738
2421 0
2421 0
2421 7.9385224965
2421 7.9385224965
2421 7.9385224965
2421 7.9385224965
2421 6.459506423
2421 6.459506423
2421 6.459506423
2421 6.459506423
2421 6.459506423
2421 0
2421 0
2421 0
2421 0
2421 0
2421 0
2421 0
2421 0
2421 0
2421 0
2421 0
2421 0
2421 0
2421 0
2421 0
2421 0
2421 0
2421 0
2421 0
2421 0
2421 0
2507 0
2507 32.3584738
2507 32.3584738
2507 32.3584738
2507 32.3584738
2507 0
2507 0
2507 7.9385224965
2507 7.9385224965
2507 7.9385224965
2507 7.9385224965
2507 6.459506423
2507 6.459506423
2507 6.459506423
2507 6.459506423
2507 6.459506423
2507 0
2507 0
2507 0
2507 0
2507 0
2507 0
2507 0
2507 0
2507 0
2507 0
2507 0
2507 0
2507 0
2507 0
2507 0
2507 0
2507 0
2507 0
2507 0
2507 0
2507 0
2598 0
2598 32.3584738
2598 32.3584738
2598 32.3584738
2598 32.3584738
2598 0
2598 0
2598 7.9385224965
2598 7.9385224965
2598 7.9385224965
2598 7.9385224965
2598 6.459506423
2598 6.459506423
2598 6.459506423
2598 6.459506423
2598 6.459506423
2598 0
2598 0
2598 0
2598 0
2598 0
2598 0
2598 0
2598 0
2598 0
2598 0
2598 0
2598 0
2598 0
2598 0
2598 0
2598 0
2598 0
2598 0
2598 0
2598 0
2598 0
2691 0
2691 32.3584738
2691 32.3584738
2691 32.3584738
2691 32.3584738
2691 0
2691 0
2691 7.9385224965
2691 7.9385224965
2691 7.9385224965
2691 7.9385224965
2691 6.459506423
2691 6.459506423
2691 6.459506423
2691 6.459506423
2691 6.459506423
2691 0
2691 0
2691 0
2691 0
2691 0
2691 0
2691 0
2691 0
2691 0
2691 0
2691 0
2691 0
2691 0
2691 0
2691 0
2691 0
2691 0
2691 0
2691 0
2691 0
2691 0
1927 0
1927 32.3584738
1927 32.3584738
1927 32.3584738
1927 32.3584738
1927 0
1927 0
1927 7.9385224965
1927 7.9385224965
1927 7.9385224965
1927 7.9385224965
1927 6.459506423
1927 6.459506423
1927 6.459506423
1927 6.459506423
1927 6.459506423
1927 0
1927 0
1927 0
1927 0
1927 0
1927 0
1927 0
1927 0
1927 0
1927 0
1927 0
1927 0
1927 0
1927 0
1927 0
1927 0
1927 0
1927 0
1927 0
1927 0
1927 0
2004 0
2004 32.3584738
2004 32.3584738
2004 32.3584738
2004 32.3584738
2004 0
2004 0
2004 7.9385224965
2004 7.9385224965
2004 7.9385224965
2004 7.9385224965
2004 6.459506423
2004 6.459506423
2004 6.459506423
2004 6.459506423
2004 6.459506423
2004 0
2004 0
2004 0
2004 0
2004 0
2004 0
2004 0
2004 0
2004 0
2004 0
2004 0
2004 0
2004 0
2004 0
2004 0
2004 0
2004 0
2004 0
2004 0
2004 0
2004 0
2086 0
2086 32.3584738
2086 32.3584738
2086 32.3584738
2086 32.3584738
2086 0
2086 0
2086 7.9385224965
2086 7.9385224965
2086 7.9385224965
2086 7.9385224965
2086 6.459506423
2086 6.459506423
2086 6.459506423
2086 6.459506423
2086 6.459506423
2086 0
2086 0
2086 0
2086 0
2086 0
2086 0
2086 0
2086 0
2086 0
2086 0
2086 0
2086 0
2086 0
2086 0
2086 0
2086 0
2086 0
2086 0
2086 0
2086 0
2086 0
2172 0
2172 32.3584738
2172 32.3584738
2172 32.3584738
2172 32.3584738
2172 0
2172 0
2172 7.9385224965
2172 7.9385224965
2172 7.9385224965
2172 7.9385224965
2172 6.459506423
2172 6.459506423
2172 6.459506423
2172 6.459506423
2172 6.459506423
2172 0
2172 0
2172 0
2172 0
2172 0
2172 0
2172 0
2172 0
2172 0
2172 0
2172 0
2172 0
2172 0
2172 0
2172 0
2172 0
2172 0
2172 0
2172 0
2172 0
2172 0
2258 0
2258 32.3584738
2258 32.3584738
2258 32.3584738
2258 32.3584738
2258 0
2258 0
2258 7.9385224965
2258 7.9385224965
2258 7.9385224965
2258 7.9385224965
2258 6.459506423
2258 6.459506423
2258 6.459506423
2258 6.459506423
2258 6.459506423
2258 0
2258 0
2258 0
2258 0
2258 0
2258 0
2258 0
2258 0
2258 0
2258 0
2258 0
2258 0
2258 0
2258 0
2258 0
2258 0
2258 0
2258 0
2258 0
2258 0
2258 0
2337 0
2337 32.3584738
2337 32.3584738
2337 32.3584738
2337 32.3584738
2337 0
2337 0
2337 7.9385224965
2337 7.9385224965
2337 7.9385224965
2337 7.9385224965
2337 6.459506423
2337 6.459506423
2337 6.459506423
2337 6.459506423
2337 6.459506423
2337 0
2337 0
2337 0
2337 0
2337 0
2337 0
2337 0
2337 0
2337 0
2337 0
2337 0
2337 0
2337 0
2337 0
2337 0
2337 0
2337 0
2337 0
2337 0
2337 0
2337 0
2422 0
2422 32.3584738
2422 32.3584738
2422 32.3584738
2422 32.3584738
2422 0
2422 0
2422 7.9385224965
2422 7.9385224965
2422 7.9385224965
2422 7.9385224965
2422 6.459506423
2422 6.459506423
2422 6.459506423
2422 6.459506423
2422 6.459506423
2422 0
2422 0
2422 0
2422 0
2422 0
2422 0
2422 0
2422 0
2422 0
2422 0
2422 0
2422 0
2422 0
2422 0
2422 0
2422 0
2422 0
2422 0
2422 0
2422 0
2422 0
2508 0
2508 32.3584738
2508 32.3584738
2508 32.3584738
2508 32.3584738
2508 0
2508 0
2508 7.9385224965
2508 7.9385224965
2508 7.9385224965
2508 7.9385224965
2508 6.459506423
2508 6.459506423
2508 6.459506423
2508 6.459506423
2508 6.459506423
2508 0
2508 0
2508 0
2508 0
2508 0
2508 0
2508 0
2508 0
2508 0
2508 0
2508 0
2508 0
2508 0
2508 0
2508 0
2508 0
2508 0
2508 0
2508 0
2508 0
2508 0
