pt_graph met
5945 10
5945 11
5985 10
5985 11
6020 10
6020 11
6021 10
6021 11
6023 10
6023 11
6024 10
6024 11
6061 10
6061 11
6096 10
6096 11
6099 10
6099 11
6100 10
6100 11
6137 10
6137 11
6166 10
6166 11
6173 10
6173 11
6174 10
6174 11
6175 10
6175 11
6205 10
6205 11
6213 10
6213 11
6214 10
6214 11
6215 10
6215 11
6216 10
6216 11
6242 10
6242 11
6250 10
6250 11
6251 10
6251 11
6253 10
6253 11
6255 10
6255 11
6290 10
6290 11
6292 10
6292 11
6293 10
6293 11
6294 10
6294 11
6295 10
6295 11
6308 10
6308 11
6323 10
6323 11
6325 10
6325 11
6331 10
6331 11
6332 10
6332 11
6333 10
6333 11
6334 10
6334 11
6335 10
6335 11
6364 10
6364 11
6371 10
6371 11
6373 10
6373 11
6374 10
6374 11
6376 10
6376 11
6388 10
6388 11
6410 10
6410 11
6411 10
6411 11
6413 10
6413 11
6414 10
6414 11
6446 10
6446 11
6449 10
6449 11
6451 10
6451 11
6452 10
6452 11
6453 10
6453 11
6454 10
6454 11
6455 10
6455 11
6456 10
6456 11
6457 10
6457 11
6469 10
6469 11
6472 10
6472 11
6490 10
6490 11
6491 10
6491 11
6495 10
6495 11
6496 10
6496 11
6497 10
6497 11
6529 10
6529 11
6531 10
6531 11
6532 10
6532 11
6535 10
6535 11
6536 10
6536 11
6537 10
6537 11
6538 10
6538 11
6541 10
6541 11
6542 10
6542 11
6547 10
6547 11
6567 10
6567 11
6568 10
6568 11
6569 10
6569 11
6573 10
6573 11
6574 10
6574 11
6575 10
6575 11
6576 10
6576 11
6578 10
6578 11
6579 10
6579 11
6581 10
6581 11
6582 10
6582 11
6583 10
6583 11
6584 10
6584 11
6606 10
6606 11
6607 10
6607 11
6608 10
6608 11
6613 10
6613 11
6614 10
6614 11
6615 10
6615 11
6616 10
6616 11
6617 10
6617 11
6618 10
6618 11
6619 10
6619 11
6620 10
6620 11
6621 10
6621 11
6622 10
6622 11
6641 10
6641 11
6643 10
6643 11
6644 10
6644 11
6645 10
6645 11
6646 10
6646 11
6653 10
6653 11
6654 10
6654 11
6655 10
6655 11
6656 10
6656 11
6658 10
6658 11
6659 10
6659 11
6660 10
6660 11
6661 10
6661 11
6681 10
6681 11
6682 10
6682 11
6685 10
6685 11
6687 10
6687 11
6688 10
6688 11
6689 10
6689 11
6693 10
6693 11
6694 10
6694 11
6695 10
6695 11
6696 10
6696 11
6697 10
6697 11
6699 10
6699 11
6700 10
6700 11
6701 10
6701 11
6702 10
6702 11
6703 10
6703 11
6721 10
6721 11
6722 10
6722 11
6723 10
6723 11
6724 10
6724 11
6725 10
6725 11
6726 10
6726 11
6728 10
6728 11
6732 10
6732 11
6733 10
6733 11
6734 10
6734 11
6735 10
6735 11
6736 10
6736 11
6738 10
6738 11
6739 10
6739 11
6743 10
6743 11
6757 10
6757 11
6759 10
6759 11
6760 10
6760 11
6763 10
6763 11
6767 10
6767 11
6770 10
6770 11
6771 10
6771 11
6772 10
6772 11
6774 10
6774 11
6776 10
6776 11
6777 10
6777 11
6795 10
6795 11
6797 10
6797 11
6798 10
6798 11
6804 10
6804 11
6807 10
6807 11
6808 10
6808 11
6809 10
6809 11
6810 10
6810 11
6811 10
6811 11
6814 10
6814 11
6832 10
6832 11
6834 10
6834 11
6835 10
6835 11
6840 10
6840 11
6841 10
6841 11
6842 10
6842 11
6843 10
6843 11
6844 10
6844 11
6845 10
6845 11
6852 10
6852 11
6873 10
6873 11
6874 10
6874 11
6875 10
6875 11
6879 10
6879 11
6881 10
6881 11
6882 10
6882 11
6883 10
6883 11
6884 10
6884 11
6885 10
6885 11
6886 10
6886 11
6912 10
6912 11
6913 10
6913 11
6925 10
6925 11
6958 10
6958 11
6963 10
6963 11
6966 10
6966 11
6970 10
6970 11
7001 10
7001 11
7047 10
7047 11
7171 10
7171 11
7187 10
7187 11
7191 10
7191 11
7226 10
7226 11
7235 10
7235 11
7303 10
7303 11
7310 10
7310 11
7318 10
7318 11
7357 10
7357 11
7392 10
7392 11
7439 10
7439 11
7440 10
7440 11
7455 10
7455 11
7563 10
7563 11
7566 10
7566 11
7629 10
7629 11
7693 10
7693 11
7751 10
7751 11
7752 10
7752 11
7764 10
7764 11
7825 10
7825 11
7834 10
7834 11
7897 10
7897 11
7898 10
7898 11
7905 10
7905 11
7906 10
7906 11
7908 10
7908 11
7973 10
7973 11
7980 10
7980 11
7981 10
7981 11
8054 10
8054 11
8055 10
8055 11
8057 10
8057 11
8124 10
8124 11
8125 10
8125 11
8132 10
8132 11
8133 10
8133 11
8206 10
8206 11
8214 10
8214 11
8215 10
8215 11
8216 10
8216 11
8294 10
8294 11
8302 10
8302 11
8303 10
8303 11
8385 10
8385 11
8386 10
8386 11
8387 10
8387 11
8394 10
8394 11
8395 10
8395 11
8480 10
8480 11
8489 10
8489 11
8490 10
8490 11
8577 10
8577 11
8585 10
8585 11
8586 10
8586 11
8587 10
8587 11
8690 10
8690 11
8691 10
8691 11
8692 10
8692 11
8797 10
8797 11
8798 10
8798 11
8799 10
8799 11
8800 10
8800 11
8801 10
8801 11
8904 10
8904 11
8909 10
8909 11
8910 10
8910 11
8911 10
8911 11
8912 10
8912 11
8913 10
8913 11
9020 10
9020 11
9026 10
9026 11
9027 10
9027 11
9028 10
9028 11
9029 10
9029 11
9144 10
9144 11
9145 10
9145 11
9146 10
9146 11
9267 10
9267 11
9387 10
9387 11
9388 10
9388 11
9389 10
9389 11
9511 10
9511 11
9516 10
9516 11
9633 10
9633 11
9634 10
9634 11
9635 10
9635 11
9636 10
9636 11
9637 10
9637 11
9752 10
9752 11
9755 10
9755 11
9756 10
9756 11
9874 10
9874 11
9875 10
9875 11
9991 10
9991 11
9999 10
9999 11
10000 10
10000 11
10001 10
10001 11
10382 10
10382 11
10491 10
10491 11
10500 10
10500 11
10501 10
10501 11
10731 10
10731 11
10741 10
10741 11
10744 10
10744 11
10861 10
10861 11
10862 10
10862 11
10863 10
10863 11
10865 10
10865 11
10971 10
10971 11
10976 10
10976 11
10978 10
10978 11
10982 10
10982 11
10983 10
10983 11
10984 10
10984 11
10985 10
10985 11
11107 10
11107 11
11109 10
11109 11
11110 10
11110 11
11111 10
11111 11
11112 10
11112 11
11224 10
11224 11
11233 10
11233 11
11234 10
11234 11
11236 10
11236 11
11237 10
11237 11
11238 10
11238 11
11240 10
11240 11
11243 10
11243 11
11364 10
11364 11
11365 10
11365 11
11366 10
11366 11
11368 10
11368 11
11369 10
11369 11
11371 10
11371 11
11372 10
11372 11
11501 10
11501 11
11502 10
11502 11
11503 10
11503 11
11504 10
11504 11
11505 10
11505 11
11507 10
11507 11
11508 10
11508 11
11509 10
11509 11
11510 10
11510 11
11644 10
11644 11
11645 10
11645 11
11646 10
11646 11
11647 10
11647 11
11648 10
11648 11
11649 10
11649 11
11650 10
11650 11
11651 10
11651 11
11653 10
11653 11
11654 10
11654 11
11656 10
11656 11
11783 10
11783 11
11784 10
11784 11
11785 10
11785 11
11786 10
11786 11
11787 10
11787 11
11788 10
11788 11
11789 10
11789 11
11790 10
11790 11
11791 10
11791 11
11792 10
11792 11
11794 10
11794 11
11796 10
11796 11
11797 10
11797 11
11798 10
11798 11
11804 10
11804 11
11924 10
11924 11
11926 10
11926 11
11927 10
11927 11
11928 10
11928 11
11929 10
11929 11
11931 10
11931 11
11932 10
11932 11
11933 10
11933 11
11934 10
11934 11
11935 10
11935 11
11936 10
11936 11
11937 10
11937 11
11938 10
11938 11
11940 10
11940 11
11942 10
11942 11
11943 10
11943 11
11949 10
11949 11
12078 10
12078 11
12079 10
12079 11
12080 10
12080 11
12081 10
12081 11
12082 10
12082 11
12083 10
12083 11
12084 10
12084 11
12085 10
12085 11
12086 10
12086 11
12087 10
12087 11
12088 10
12088 11
12089 10
12089 11
12090 10
12090 11
12091 10
12091 11
12092 10
12092 11
12093 10
12093 11
12094 10
12094 11
12097 10
12097 11
12100 10
12100 11
12101 10
12101 11
12102 10
12102 11
12232 10
12232 11
12233 10
12233 11
12234 10
12234 11
12238 10
12238 11
12239 10
12239 11
12240 10
12240 11
12241 10
12241 11
12242 10
12242 11
12243 10
12243 11
12244 10
12244 11
12245 10
12245 11
12246 10
12246 11
12247 10
12247 11
12248 10
12248 11
12249 10
12249 11
12250 10
12250 11
12251 10
12251 11
12252 10
12252 11
12257 10
12257 11
12277 10
12277 11
12395 10
12395 11
12397 10
12397 11
12398 10
12398 11
12399 10
12399 11
12400 10
12400 11
12401 10
12401 11
12402 10
12402 11
12403 10
12403 11
12404 10
12404 11
12405 10
12405 11
12406 10
12406 11
12408 10
12408 11
12409 10
12409 11
12410 10
12410 11
12411 10
12411 11
12412 10
12412 11
12413 10
12413 11
12414 10
12414 11
12419 10
12419 11
12420 10
12420 11
12421 10
12421 11
12422 10
12422 11
12437 10
12437 11
12557 10
12557 11
12559 10
12559 11
12560 10
12560 11
12562 10
12562 11
12563 10
12563 11
12567 10
12567 11
12572 10
12572 11
12573 10
12573 11
12574 10
12574 11
12575 10
12575 11
12576 10
12576 11
12577 10
12577 11
12578 10
12578 11
12579 10
12579 11
12585 10
12585 11
12727 10
12727 11
12729 10
12729 11
12733 10
12733 11
12738 10
12738 11
12739 10
12739 11
12740 10
12740 11
12741 10
12741 11
12742 10
12742 11
12743 10
12743 11
12744 10
12744 11
12745 10
12745 11
12746 10
12746 11
12747 10
12747 11
12748 10
12748 11
12749 10
12749 11
12755 10
12755 11
12756 10
12756 11
12896 10
12896 11
12900 10
12900 11
12903 10
12903 11
12904 10
12904 11
12906 10
12906 11
12908 10
12908 11
12912 10
12912 11
12915 10
12915 11
12930 10
12930 11
13099 10
13099 11
13240 10
13240 11
13254 10
13254 11
13255 10
13255 11
13414 10
13414 11
13419 10
13419 11
13420 10
13420 11
13593 10
13593 11
13596 10
13596 11
13598 10
13598 11
13771 10
13771 11
13773 10
13773 11
13776 10
13776 11
13953 10
13953 11
14137 10
14137 11
14320 10
14320 11
14538 10
14538 11
14721 10
14721 11
14904 10
14904 11
15264 10
15264 11
15265 10
15265 11
15618 10
15618 11
15794 10
15794 11
15969 10
15969 11
16145 10
16145 11
16468 10
16468 11
16812 10
16812 11
16983 10
16983 11
16984 10
16984 11
17850 10
17850 11
17855 10
17855 11
18020 10
18020 11
18201 10
18201 11
18202 10
18202 11
18370 10
18370 11
18373 10
18373 11
18374 10
18374 11
18391 10
18391 11
18546 10
18546 11
18552 10
18552 11
18892 10
18892 11
18898 10
18898 11
18917 10
18917 11
18918 10
18918 11
19067 10
19067 11
19095 10
19095 11
19626 10
19626 11
19627 10
19627 11
19962 10
19962 11
20135 10
20135 11
20136 10
20136 11
37428 10
37428 11
