pt_graph shape
5550 1
5550 1
5550 1
5550 1
5550 1
5550 1
5550 1
5550 1
5550 1
5550 1
5550 1
5550 1
5550 1
5550 1
5550 1
5550 1
5550 1
5550 1
5550 1
5550 1
5550 1
5550 1
5550 1
5550 1
5550 1
5550 1
5550 1
5550 1
5550 1
5550 1
5550 1
5550 1
5550 1
5550 1
5550 1
5550 1
5550 1
5514 1
5514 1
5514 1
5514 1
5514 1
5514 1
5514 1
5514 1
5514 1
5514 1
5514 1
5514 1
5514 1
5514 1
5514 1
5514 1
5514 1
5514 1
5514 1
5514 1
5514 1
5514 1
5514 1
5514 1
5514 1
5514 1
5514 1
5514 1
5514 1
5514 1
5514 1
5514 1
5514 1
5514 1
5514 1
5514 1
5514 1
5551 1
5551 1
5551 1
5551 1
5551 1
5551 1
5551 1
5551 1
5551 1
5551 1
5551 1
5551 1
5551 1
5551 1
5551 1
5551 1
5551 1
5551 1
5551 1
5551 1
5551 1
5551 1
5551 1
5551 1
5551 1
5551 1
5551 1
5551 1
5551 1
5551 1
5551 1
5551 1
5551 1
5551 1
5551 1
5551 1
5551 1
5594 1
5594 1
5594 1
5594 1
5594 1
5594 1
5594 1
5594 1
5594 1
5594 1
5594 1
5594 1
5594 1
5594 1
5594 1
5594 1
5594 1
5594 1
5594 1
5594 1
5594 1
5594 1
5594 1
5594 1
5594 1
5594 1
5594 1
5594 1
5594 1
5594 1
5594 1
5594 1
5594 1
5594 1
5594 1
5594 1
5594 1
5638 1
5638 1
5638 1
5638 1
5638 1
5638 1
5638 1
5638 1
5638 1
5638 1
5638 1
5638 1
5638 1
5638 1
5638 1
5638 1
5638 1
5638 1
5638 1
5638 1
5638 1
5638 1
5638 1
5638 1
5638 1
5638 1
5638 1
5638 1
5638 1
5638 1
5638 1
5638 1
5638 1
5638 1
5638 1
5638 1
5638 1
5478 1
5478 1
5478 1
5478 1
5478 1
5478 1
5478 1
5478 1
5478 1
5478 1
5478 1
5478 1
5478 1
5478 1
5478 1
5478 1
5478 1
5478 1
5478 1
5478 1
5478 1
5478 1
5478 1
5478 1
5478 1
5478 1
5478 1
5478 1
5478 1
5478 1
5478 1
5478 1
5478 1
5478 1
5478 1
5478 1
5478 1
5515 1
5515 1
5515 1
5515 1
5515 1
5515 1
5515 1
5515 1
5515 1
5515 1
5515 1
5515 1
5515 1
5515 1
5515 1
5515 1
5515 1
5515 1
5515 1
5515 1
5515 1
5515 1
5515 1
5515 1
5515 1
5515 1
5515 1
5515 1
5515 1
5515 1
5515 1
5515 1
5515 1
5515 1
5515 1
5515 1
5515 1
5552 1
5552 1
5552 1
5552 1
5552 1
5552 1
5552 1
5552 1
5552 1
5552 1
5552 1
5552 1
5552 1
5552 1
5552 1
5552 1
5552 1
5552 1
5552 1
5552 1
5552 1
5552 1
5552 1
5552 1
5552 1
5552 1
5552 1
5552 1
5552 1
5552 1
5552 1
5552 1
5552 1
5552 1
5552 1
5552 1
5552 1
5639 1
5639 1
5639 1
5639 1
5639 1
5639 1
5639 1
5639 1
5639 1
5639 1
5639 1
5639 1
5639 1
5639 1
5639 1
5639 1
5639 1
5639 1
5639 1
5639 1
5639 1
5639 1
5639 1
5639 1
5639 1
5639 1
5639 1
5639 1
5639 1
5639 1
5639 1
5639 1
5639 1
5639 1
5639 1
5639 1
5639 1
5684 1
5684 1
5684 1
5684 1
5684 1
5684 1
5684 1
5684 1
5684 1
5684 1
5684 1
5684 1
5684 1
5684 1
5684 1
5684 1
5684 1
5684 1
5684 1
5684 1
5684 1
5684 1
5684 1
5684 1
5684 1
5684 1
5684 1
5684 1
5684 1
5684 1
5684 1
5684 1
5684 1
5684 1
5684 1
5684 1
5684 1
2877 1
2877 1
2877 1
2877 1
2877 1
2877 1
2877 1
2877 1
2877 1
2877 1
2877 1
2877 1
2877 1
2877 1
2877 1
2877 1
2877 1
2877 1
2877 1
2877 1
2877 1
2877 1
2877 1
2877 1
2877 1
2877 1
2877 1
2877 1
2877 1
2877 1
2877 1
2877 1
2877 1
2877 1
2877 1
2877 1
2877 1
2968 1
2968 1
2968 1
2968 1
2968 1
2968 1
2968 1
2968 1
2968 1
2968 1
2968 1
2968 1
2968 1
2968 1
2968 1
2968 1
2968 1
2968 1
2968 1
2968 1
2968 1
2968 1
2968 1
2968 1
2968 1
2968 1
2968 1
2968 1
2968 1
2968 1
2968 1
2968 1
2968 1
2968 1
2968 1
2968 1
2968 1
3059 1
3059 1
3059 1
3059 1
3059 1
3059 1
3059 1
3059 1
3059 1
3059 1
3059 1
3059 1
3059 1
3059 1
3059 1
3059 1
3059 1
3059 1
3059 1
3059 1
3059 1
3059 1
3059 1
3059 1
3059 1
3059 1
3059 1
3059 1
3059 1
3059 1
3059 1
3059 1
3059 1
3059 1
3059 1
3059 1
3059 1
3149 1
3149 1
3149 1
3149 1
3149 1
3149 1
3149 1
3149 1
3149 1
3149 1
3149 1
3149 1
3149 1
3149 1
3149 1
3149 1
3149 1
3149 1
3149 1
3149 1
3149 1
3149 1
3149 1
3149 1
3149 1
3149 1
3149 1
3149 1
3149 1
3149 1
3149 1
3149 1
3149 1
3149 1
3149 1
3149 1
3149 1
5479 1
5479 1
5479 1
5479 1
5479 1
5479 1
5479 1
5479 1
5479 1
5479 1
5479 1
5479 1
5479 1
5479 1
5479 1
5479 1
5479 1
5479 1
5479 1
5479 1
5479 1
5479 1
5479 1
5479 1
5479 1
5479 1
5479 1
5479 1
5479 1
5479 1
5479 1
5479 1
5479 1
5479 1
5479 1
5479 1
5479 1
5516 1
5516 1
5516 1
5516 1
5516 1
5516 1
5516 1
5516 1
5516 1
5516 1
5516 1
5516 1
5516 1
5516 1
5516 1
5516 1
5516 1
5516 1
5516 1
5516 1
5516 1
5516 1
5516 1
5516 1
5516 1
5516 1
5516 1
5516 1
5516 1
5516 1
5516 1
5516 1
5516 1
5516 1
5516 1
5516 1
5516 1
5553 1
5553 1
5553 1
5553 1
5553 1
5553 1
5553 1
5553 1
5553 1
5553 1
5553 1
5553 1
5553 1
5553 1
5553 1
5553 1
5553 1
5553 1
5553 1
5553 1
5553 1
5553 1
5553 1
5553 1
5553 1
5553 1
5553 1
5553 1
5553 1
5553 1
5553 1
5553 1
5553 1
5553 1
5553 1
5553 1
5553 1
5596 1
5596 1
5596 1
5596 1
5596 1
5596 1
5596 1
5596 1
5596 1
5596 1
5596 1
5596 1
5596 1
5596 1
5596 1
5596 1
5596 1
5596 1
5596 1
5596 1
5596 1
5596 1
5596 1
5596 1
5596 1
5596 1
5596 1
5596 1
5596 1
5596 1
5596 1
5596 1
5596 1
5596 1
5596 1
5596 1
5596 1
5640 1
5640 1
5640 1
5640 1
5640 1
5640 1
5640 1
5640 1
5640 1
5640 1
5640 1
5640 1
5640 1
5640 1
5640 1
5640 1
5640 1
5640 1
5640 1
5640 1
5640 1
5640 1
5640 1
5640 1
5640 1
5640 1
5640 1
5640 1
5640 1
5640 1
5640 1
5640 1
5640 1
5640 1
5640 1
5640 1
5640 1
5685 1
5685 1
5685 1
5685 1
5685 1
5685 1
5685 1
5685 1
5685 1
5685 1
5685 1
5685 1
5685 1
5685 1
5685 1
5685 1
5685 1
5685 1
5685 1
5685 1
5685 1
5685 1
5685 1
5685 1
5685 1
5685 1
5685 1
5685 1
5685 1
5685 1
5685 1
5685 1
5685 1
5685 1
5685 1
5685 1
5685 1
3232 1
3232 1
3232 1
3232 1
3232 1
3232 1
3232 1
3232 1
3232 1
3232 1
3232 1
3232 1
3232 1
3232 1
3232 1
3232 1
3232 1
3232 1
3232 1
3232 1
3232 1
3232 1
3232 1
3232 1
3232 1
3232 1
3232 1
3232 1
3232 1
3232 1
3232 1
3232 1
3232 1
3232 1
3232 1
3232 1
3232 1
3382 1
3382 1
3382 1
3382 1
3382 1
3382 1
3382 1
3382 1
3382 1
3382 1
3382 1
3382 1
3382 1
3382 1
3382 1
3382 1
3382 1
3382 1
3382 1
3382 1
3382 1
3382 1
3382 1
3382 1
3382 1
3382 1
3382 1
3382 1
3382 1
3382 1
3382 1
3382 1
3382 1
3382 1
3382 1
3382 1
3382 1
3452 1
3452 1
3452 1
3452 1
3452 1
3452 1
3452 1
3452 1
3452 1
3452 1
3452 1
3452 1
3452 1
3452 1
3452 1
3452 1
3452 1
3452 1
3452 1
3452 1
3452 1
3452 1
3452 1
3452 1
3452 1
3452 1
3452 1
3452 1
3452 1
3452 1
3452 1
3452 1
3452 1
3452 1
3452 1
3452 1
3452 1
3526 1
3526 1
3526 1
3526 1
3526 1
3526 1
3526 1
3526 1
3526 1
3526 1
3526 1
3526 1
3526 1
3526 1
3526 1
3526 1
3526 1
3526 1
3526 1
3526 1
3526 1
3526 1
3526 1
3526 1
3526 1
3526 1
3526 1
3526 1
3526 1
3526 1
3526 1
3526 1
3526 1
3526 1
3526 1
3526 1
3526 1
3592 1
3592 1
3592 1
3592 1
3592 1
3592 1
3592 1
3592 1
3592 1
3592 1
3592 1
3592 1
3592 1
3592 1
3592 1
3592 1
3592 1
3592 1
3592 1
3592 1
3592 1
3592 1
3592 1
3592 1
3592 1
3592 1
3592 1
3592 1
3592 1
3592 1
3592 1
3592 1
3592 1
3592 1
3592 1
3592 1
3592 1
3656 1
3656 1
3656 1
3656 1
3656 1
3656 1
3656 1
3656 1
3656 1
3656 1
3656 1
3656 1
3656 1
3656 1
3656 1
3656 1
3656 1
3656 1
3656 1
3656 1
3656 1
3656 1
3656 1
3656 1
3656 1
3656 1
3656 1
3656 1
3656 1
3656 1
3656 1
3656 1
3656 1
3656 1
3656 1
3656 1
3656 1
5686 1
5686 1
5686 1
5686 1
5686 1
5686 1
5686 1
5686 1
5686 1
5686 1
5686 1
5686 1
5686 1
5686 1
5686 1
5686 1
5686 1
5686 1
5686 1
5686 1
5686 1
5686 1
5686 1
5686 1
5686 1
5686 1
5686 1
5686 1
5686 1
5686 1
5686 1
5686 1
5686 1
5686 1
5686 1
5686 1
5686 1
3383 1
3383 1
3383 1
3383 1
3383 1
3383 1
3383 1
3383 1
3383 1
3383 1
3383 1
3383 1
3383 1
3383 1
3383 1
3383 1
3383 1
3383 1
3383 1
3383 1
3383 1
3383 1
3383 1
3383 1
3383 1
3383 1
3383 1
3383 1
3383 1
3383 1
3383 1
3383 1
3383 1
3383 1
3383 1
3383 1
3383 1
3657 1
3657 1
3657 1
3657 1
3657 1
3657 1
3657 1
3657 1
3657 1
3657 1
3657 1
3657 1
3657 1
3657 1
3657 1
3657 1
3657 1
3657 1
3657 1
3657 1
3657 1
3657 1
3657 1
3657 1
3657 1
3657 1
3657 1
3657 1
3657 1
3657 1
3657 1
3657 1
3657 1
3657 1
3657 1
3657 1
3657 1
3716 1
3716 1
3716 1
3716 1
3716 1
3716 1
3716 1
3716 1
3716 1
3716 1
3716 1
3716 1
3716 1
3716 1
3716 1
3716 1
3716 1
3716 1
3716 1
3716 1
3716 1
3716 1
3716 1
3716 1
3716 1
3716 1
3716 1
3716 1
3716 1
3716 1
3716 1
3716 1
3716 1
3716 1
3716 1
3716 1
3716 1
3775 1
3775 1
3775 1
3775 1
3775 1
3775 1
3775 1
3775 1
3775 1
3775 1
3775 1
3775 1
3775 1
3775 1
3775 1
3775 1
3775 1
3775 1
3775 1
3775 1
3775 1
3775 1
3775 1
3775 1
3775 1
3775 1
3775 1
3775 1
3775 1
3775 1
3775 1
3775 1
3775 1
3775 1
3775 1
3775 1
3775 1
4054 1
4054 1
4054 1
4054 1
4054 1
4054 1
4054 1
4054 1
4054 1
4054 1
4054 1
4054 1
4054 1
4054 1
4054 1
4054 1
4054 1
4054 1
4054 1
4054 1
4054 1
4054 1
4054 1
4054 1
4054 1
4054 1
4054 1
4054 1
4054 1
4054 1
4054 1
4054 1
4054 1
4054 1
4054 1
4054 1
4054 1
6166 1
6166 1
6166 1
6166 1
6166 1
6166 1
6166 1
6166 1
6166 1
6166 1
6166 1
6166 1
6166 1
6166 1
6166 1
6166 1
6166 1
6166 1
6166 1
6166 1
6166 1
6166 1
6166 1
6166 1
6166 1
6166 1
6166 1
6166 1
6166 1
6166 1
6166 1
6166 1
6166 1
6166 1
6166 1
6166 1
6166 1
6284 1
6284 1
6284 1
6284 1
6284 1
6284 1
6284 1
6284 1
6284 1
6284 1
6284 1
6284 1
6284 1
6284 1
6284 1
6284 1
6284 1
6284 1
6284 1
6284 1
6284 1
6284 1
6284 1
6284 1
6284 1
6284 1
6284 1
6284 1
6284 1
6284 1
6284 1
6284 1
6284 1
6284 1
6284 1
6284 1
6284 1
6641 1
6641 1
6641 1
6641 1
6641 1
6641 1
6641 1
6641 1
6641 1
6641 1
6641 1
6641 1
6641 1
6641 1
6641 1
6641 1
6641 1
6641 1
6641 1
6641 1
6641 1
6641 1
6641 1
6641 1
6641 1
6641 1
6641 1
6641 1
6641 1
6641 1
6641 1
6641 1
6641 1
6641 1
6641 1
6641 1
6641 1
6642 1
6642 1
6642 1
6642 1
6642 1
6642 1
6642 1
6642 1
6642 1
6642 1
6642 1
6642 1
6642 1
6642 1
6642 1
6642 1
6642 1
6642 1
6642 1
6642 1
6642 1
6642 1
6642 1
6642 1
6642 1
6642 1
6642 1
6642 1
6642 1
6642 1
6642 1
6642 1
6642 1
6642 1
6642 1
6642 1
6642 1
6721 1
6721 1
6721 1
6721 1
6721 1
6721 1
6721 1
6721 1
6721 1
6721 1
6721 1
6721 1
6721 1
6721 1
6721 1
6721 1
6721 1
6721 1
6721 1
6721 1
6721 1
6721 1
6721 1
6721 1
6721 1
6721 1
6721 1
6721 1
6721 1
6721 1
6721 1
6721 1
6721 1
6721 1
6721 1
6721 1
6721 1
6757 1
6757 1
6757 1
6757 1
6757 1
6757 1
6757 1
6757 1
6757 1
6757 1
6757 1
6757 1
6757 1
6757 1
6757 1
6757 1
6757 1
6757 1
6757 1
6757 1
6757 1
6757 1
6757 1
6757 1
6757 1
6757 1
6757 1
6757 1
6757 1
6757 1
6757 1
6757 1
6757 1
6757 1
6757 1
6757 1
6757 1
6446 1
6446 1
6446 1
6446 1
6446 1
6446 1
6446 1
6446 1
6446 1
6446 1
6446 1
6446 1
6446 1
6446 1
6446 1
6446 1
6446 1
6446 1
6446 1
6446 1
6446 1
6446 1
6446 1
6446 1
6446 1
6446 1
6446 1
6446 1
6446 1
6446 1
6446 1
6446 1
6446 1
6446 1
6446 1
6446 1
6446 1
6487 1
6487 1
6487 1
6487 1
6487 1
6487 1
6487 1
6487 1
6487 1
6487 1
6487 1
6487 1
6487 1
6487 1
6487 1
6487 1
6487 1
6487 1
6487 1
6487 1
6487 1
6487 1
6487 1
6487 1
6487 1
6487 1
6487 1
6487 1
6487 1
6487 1
6487 1
6487 1
6487 1
6487 1
6487 1
6487 1
6487 1
6604 1
6604 1
6604 1
6604 1
6604 1
6604 1
6604 1
6604 1
6604 1
6604 1
6604 1
6604 1
6604 1
6604 1
6604 1
6604 1
6604 1
6604 1
6604 1
6604 1
6604 1
6604 1
6604 1
6604 1
6604 1
6604 1
6604 1
6604 1
6604 1
6604 1
6604 1
6604 1
6604 1
6604 1
6604 1
6604 1
6604 1
6683 1
6683 1
6683 1
6683 1
6683 1
6683 1
6683 1
6683 1
6683 1
6683 1
6683 1
6683 1
6683 1
6683 1
6683 1
6683 1
6683 1
6683 1
6683 1
6683 1
6683 1
6683 1
6683 1
6683 1
6683 1
6683 1
6683 1
6683 1
6683 1
6683 1
6683 1
6683 1
6683 1
6683 1
6683 1
6683 1
6683 1
6722 1
6722 1
6722 1
6722 1
6722 1
6722 1
6722 1
6722 1
6722 1
6722 1
6722 1
6722 1
6722 1
6722 1
6722 1
6722 1
6722 1
6722 1
6722 1
6722 1
6722 1
6722 1
6722 1
6722 1
6722 1
6722 1
6722 1
6722 1
6722 1
6722 1
6722 1
6722 1
6722 1
6722 1
6722 1
6722 1
6722 1
6566 1
6566 1
6566 1
6566 1
6566 1
6566 1
6566 1
6566 1
6566 1
6566 1
6566 1
6566 1
6566 1
6566 1
6566 1
6566 1
6566 1
6566 1
6566 1
6566 1
6566 1
6566 1
6566 1
6566 1
6566 1
6566 1
6566 1
6566 1
6566 1
6566 1
6566 1
6566 1
6566 1
6566 1
6566 1
6566 1
6566 1
6684 1
6684 1
6684 1
6684 1
6684 1
6684 1
6684 1
6684 1
6684 1
6684 1
6684 1
6684 1
6684 1
6684 1
6684 1
6684 1
6684 1
6684 1
6684 1
6684 1
6684 1
6684 1
6684 1
6684 1
6684 1
6684 1
6684 1
6684 1
6684 1
6684 1
6684 1
6684 1
6684 1
6684 1
6684 1
6684 1
6684 1
2257 1
2257 1
2257 1
2257 1
2257 1
2257 1
2257 1
2257 1
2257 1
2257 1
2257 1
2257 1
2257 1
2257 1
2257 1
2257 1
2257 1
2257 1
2257 1
2257 1
2257 1
2257 1
2257 1
2257 1
2257 1
2257 1
2257 1
2257 1
2257 1
2257 1
2257 1
2257 1
2257 1
2257 1
2257 1
2257 1
2257 1
6529 1
6529 1
6529 1
6529 1
6529 1
6529 1
6529 1
6529 1
6529 1
6529 1
6529 1
6529 1
6529 1
6529 1
6529 1
6529 1
6529 1
6529 1
6529 1
6529 1
6529 1
6529 1
6529 1
6529 1
6529 1
6529 1
6529 1
6529 1
6529 1
6529 1
6529 1
6529 1
6529 1
6529 1
6529 1
6529 1
6529 1
6606 1
6606 1
6606 1
6606 1
6606 1
6606 1
6606 1
6606 1
6606 1
6606 1
6606 1
6606 1
6606 1
6606 1
6606 1
6606 1
6606 1
6606 1
6606 1
6606 1
6606 1
6606 1
6606 1
6606 1
6606 1
6606 1
6606 1
6606 1
6606 1
6606 1
6606 1
6606 1
6606 1
6606 1
6606 1
6606 1
6606 1
6645 1
6645 1
6645 1
6645 1
6645 1
6645 1
6645 1
6645 1
6645 1
6645 1
6645 1
6645 1
6645 1
6645 1
6645 1
6645 1
6645 1
6645 1
6645 1
6645 1
6645 1
6645 1
6645 1
6645 1
6645 1
6645 1
6645 1
6645 1
6645 1
6645 1
6645 1
6645 1
6645 1
6645 1
6645 1
6645 1
6645 1
6685 1
6685 1
6685 1
6685 1
6685 1
6685 1
6685 1
6685 1
6685 1
6685 1
6685 1
6685 1
6685 1
6685 1
6685 1
6685 1
6685 1
6685 1
6685 1
6685 1
6685 1
6685 1
6685 1
6685 1
6685 1
6685 1
6685 1
6685 1
6685 1
6685 1
6685 1
6685 1
6685 1
6685 1
6685 1
6685 1
6685 1
6724 1
6724 1
6724 1
6724 1
6724 1
6724 1
6724 1
6724 1
6724 1
6724 1
6724 1
6724 1
6724 1
6724 1
6724 1
6724 1
6724 1
6724 1
6724 1
6724 1
6724 1
6724 1
6724 1
6724 1
6724 1
6724 1
6724 1
6724 1
6724 1
6724 1
6724 1
6724 1
6724 1
6724 1
6724 1
6724 1
6724 1
6760 1
6760 1
6760 1
6760 1
6760 1
6760 1
6760 1
6760 1
6760 1
6760 1
6760 1
6760 1
6760 1
6760 1
6760 1
6760 1
6760 1
6760 1
6760 1
6760 1
6760 1
6760 1
6760 1
6760 1
6760 1
6760 1
6760 1
6760 1
6760 1
6760 1
6760 1
6760 1
6760 1
6760 1
6760 1
6760 1
6760 1
1625 1
1625 1
1625 1
1625 1
1625 1
1625 1
1625 1
1625 1
1625 1
1625 1
1625 1
1625 1
1625 1
1625 1
1625 1
1625 1
1625 1
1625 1
1625 1
1625 1
1625 1
1625 1
1625 1
1625 1
1625 1
1625 1
1625 1
1625 1
1625 1
1625 1
1625 1
1625 1
1625 1
1625 1
1625 1
1625 1
1625 1
2258 1
2258 1
2258 1
2258 1
2258 1
2258 1
2258 1
2258 1
2258 1
2258 1
2258 1
2258 1
2258 1
2258 1
2258 1
2258 1
2258 1
2258 1
2258 1
2258 1
2258 1
2258 1
2258 1
2258 1
2258 1
2258 1
2258 1
2258 1
2258 1
2258 1
2258 1
2258 1
2258 1
2258 1
2258 1
2258 1
2258 1
2337 1
2337 1
2337 1
2337 1
2337 1
2337 1
2337 1
2337 1
2337 1
2337 1
2337 1
2337 1
2337 1
2337 1
2337 1
2337 1
2337 1
2337 1
2337 1
2337 1
2337 1
2337 1
2337 1
2337 1
2337 1
2337 1
2337 1
2337 1
2337 1
2337 1
2337 1
2337 1
2337 1
2337 1
2337 1
2337 1
2337 1
2422 1
2422 1
2422 1
2422 1
2422 1
2422 1
2422 1
2422 1
2422 1
2422 1
2422 1
2422 1
2422 1
2422 1
2422 1
2422 1
2422 1
2422 1
2422 1
2422 1
2422 1
2422 1
2422 1
2422 1
2422 1
2422 1
2422 1
2422 1
2422 1
2422 1
2422 1
2422 1
2422 1
2422 1
2422 1
2422 1
2422 1
5169 1
5169 1
5169 1
5169 1
5169 1
5169 1
5169 1
5169 1
5169 1
5169 1
5169 1
5169 1
5169 1
5169 1
5169 1
5169 1
5169 1
5169 1
5169 1
5169 1
5169 1
5169 1
5169 1
5169 1
5169 1
5169 1
5169 1
5169 1
5169 1
5169 1
5169 1
5169 1
5169 1
5169 1
5169 1
5169 1
5169 1
5945 1
5945 1
5945 1
5945 1
5945 1
5945 1
5945 1
5945 1
5945 1
5945 1
5945 1
5945 1
5945 1
5945 1
5945 1
5945 1
5945 1
5945 1
5945 1
5945 1
5945 1
5945 1
5945 1
5945 1
5945 1
5945 1
5945 1
5945 1
5945 1
5945 1
5945 1
5945 1
5945 1
5945 1
5945 1
5945 1
5945 1
6449 1
6449 1
6449 1
6449 1
6449 1
6449 1
6449 1
6449 1
6449 1
6449 1
6449 1
6449 1
6449 1
6449 1
6449 1
6449 1
6449 1
6449 1
6449 1
6449 1
6449 1
6449 1
6449 1
6449 1
6449 1
6449 1
6449 1
6449 1
6449 1
6449 1
6449 1
6449 1
6449 1
6449 1
6449 1
6449 1
6449 1
6490 1
6490 1
6490 1
6490 1
6490 1
6490 1
6490 1
6490 1
6490 1
6490 1
6490 1
6490 1
6490 1
6490 1
6490 1
6490 1
6490 1
6490 1
6490 1
6490 1
6490 1
6490 1
6490 1
6490 1
6490 1
6490 1
6490 1
6490 1
6490 1
6490 1
6490 1
6490 1
6490 1
6490 1
6490 1
6490 1
6490 1
6530 1
6530 1
6530 1
6530 1
6530 1
6530 1
6530 1
6530 1
6530 1
6530 1
6530 1
6530 1
6530 1
6530 1
6530 1
6530 1
6530 1
6530 1
6530 1
6530 1
6530 1
6530 1
6530 1
6530 1
6530 1
6530 1
6530 1
6530 1
6530 1
6530 1
6530 1
6530 1
6530 1
6530 1
6530 1
6530 1
6530 1
6568 1
6568 1
6568 1
6568 1
6568 1
6568 1
6568 1
6568 1
6568 1
6568 1
6568 1
6568 1
6568 1
6568 1
6568 1
6568 1
6568 1
6568 1
6568 1
6568 1
6568 1
6568 1
6568 1
6568 1
6568 1
6568 1
6568 1
6568 1
6568 1
6568 1
6568 1
6568 1
6568 1
6568 1
6568 1
6568 1
6568 1
6607 1
6607 1
6607 1
6607 1
6607 1
6607 1
6607 1
6607 1
6607 1
6607 1
6607 1
6607 1
6607 1
6607 1
6607 1
6607 1
6607 1
6607 1
6607 1
6607 1
6607 1
6607 1
6607 1
6607 1
6607 1
6607 1
6607 1
6607 1
6607 1
6607 1
6607 1
6607 1
6607 1
6607 1
6607 1
6607 1
6607 1
6646 1
6646 1
6646 1
6646 1
6646 1
6646 1
6646 1
6646 1
6646 1
6646 1
6646 1
6646 1
6646 1
6646 1
6646 1
6646 1
6646 1
6646 1
6646 1
6646 1
6646 1
6646 1
6646 1
6646 1
6646 1
6646 1
6646 1
6646 1
6646 1
6646 1
6646 1
6646 1
6646 1
6646 1
6646 1
6646 1
6646 1
6686 1
6686 1
6686 1
6686 1
6686 1
6686 1
6686 1
6686 1
6686 1
6686 1
6686 1
6686 1
6686 1
6686 1
6686 1
6686 1
6686 1
6686 1
6686 1
6686 1
6686 1
6686 1
6686 1
6686 1
6686 1
6686 1
6686 1
6686 1
6686 1
6686 1
6686 1
6686 1
6686 1
6686 1
6686 1
6686 1
6686 1
2259 1
2259 1
2259 1
2259 1
2259 1
2259 1
2259 1
2259 1
2259 1
2259 1
2259 1
2259 1
2259 1
2259 1
2259 1
2259 1
2259 1
2259 1
2259 1
2259 1
2259 1
2259 1
2259 1
2259 1
2259 1
2259 1
2259 1
2259 1
2259 1
2259 1
2259 1
2259 1
2259 1
2259 1
2259 1
2259 1
2259 1
5946 1
5946 1
5946 1
5946 1
5946 1
5946 1
5946 1
5946 1
5946 1
5946 1
5946 1
5946 1
5946 1
5946 1
5946 1
5946 1
5946 1
5946 1
5946 1
5946 1
5946 1
5946 1
5946 1
5946 1
5946 1
5946 1
5946 1
5946 1
5946 1
5946 1
5946 1
5946 1
5946 1
5946 1
5946 1
5946 1
5946 1
6290 1
6290 1
6290 1
6290 1
6290 1
6290 1
6290 1
6290 1
6290 1
6290 1
6290 1
6290 1
6290 1
6290 1
6290 1
6290 1
6290 1
6290 1
6290 1
6290 1
6290 1
6290 1
6290 1
6290 1
6290 1
6290 1
6290 1
6290 1
6290 1
6290 1
6290 1
6290 1
6290 1
6290 1
6290 1
6290 1
6290 1
6330 1
6330 1
6330 1
6330 1
6330 1
6330 1
6330 1
6330 1
6330 1
6330 1
6330 1
6330 1
6330 1
6330 1
6330 1
6330 1
6330 1
6330 1
6330 1
6330 1
6330 1
6330 1
6330 1
6330 1
6330 1
6330 1
6330 1
6330 1
6330 1
6330 1
6330 1
6330 1
6330 1
6330 1
6330 1
6330 1
6330 1
6410 1
6410 1
6410 1
6410 1
6410 1
6410 1
6410 1
6410 1
6410 1
6410 1
6410 1
6410 1
6410 1
6410 1
6410 1
6410 1
6410 1
6410 1
6410 1
6410 1
6410 1
6410 1
6410 1
6410 1
6410 1
6410 1
6410 1
6410 1
6410 1
6410 1
6410 1
6410 1
6410 1
6410 1
6410 1
6410 1
6410 1
6608 1
6608 1
6608 1
6608 1
6608 1
6608 1
6608 1
6608 1
6608 1
6608 1
6608 1
6608 1
6608 1
6608 1
6608 1
6608 1
6608 1
6608 1
6608 1
6608 1
6608 1
6608 1
6608 1
6608 1
6608 1
6608 1
6608 1
6608 1
6608 1
6608 1
6608 1
6608 1
6608 1
6608 1
6608 1
6608 1
6608 1
1677 1
1677 1
1677 1
1677 1
1677 1
1677 1
1677 1
1677 1
1677 1
1677 1
1677 1
1677 1
1677 1
1677 1
1677 1
1677 1
1677 1
1677 1
1677 1
1677 1
1677 1
1677 1
1677 1
1677 1
1677 1
1677 1
1677 1
1677 1
1677 1
1677 1
1677 1
1677 1
1677 1
1677 1
1677 1
1677 1
1677 1
1734 1
1734 1
1734 1
1734 1
1734 1
1734 1
1734 1
1734 1
1734 1
1734 1
1734 1
1734 1
1734 1
1734 1
1734 1
1734 1
1734 1
1734 1
1734 1
1734 1
1734 1
1734 1
1734 1
1734 1
1734 1
1734 1
1734 1
1734 1
1734 1
1734 1
1734 1
1734 1
1734 1
1734 1
1734 1
1734 1
1734 1
1792 1
1792 1
1792 1
1792 1
1792 1
1792 1
1792 1
1792 1
1792 1
1792 1
1792 1
1792 1
1792 1
1792 1
1792 1
1792 1
1792 1
1792 1
1792 1
1792 1
1792 1
1792 1
1792 1
1792 1
1792 1
1792 1
1792 1
1792 1
1792 1
1792 1
1792 1
1792 1
1792 1
1792 1
1792 1
1792 1
1792 1
1860 1
1860 1
1860 1
1860 1
1860 1
1860 1
1860 1
1860 1
1860 1
1860 1
1860 1
1860 1
1860 1
1860 1
1860 1
1860 1
1860 1
1860 1
1860 1
1860 1
1860 1
1860 1
1860 1
1860 1
1860 1
1860 1
1860 1
1860 1
1860 1
1860 1
1860 1
1860 1
1860 1
1860 1
1860 1
1860 1
1860 1
1929 1
1929 1
1929 1
1929 1
1929 1
1929 1
1929 1
1929 1
1929 1
1929 1
1929 1
1929 1
1929 1
1929 1
1929 1
1929 1
1929 1
1929 1
1929 1
1929 1
1929 1
1929 1
1929 1
1929 1
1929 1
1929 1
1929 1
1929 1
1929 1
1929 1
1929 1
1929 1
1929 1
1929 1
1929 1
1929 1
1929 1
2006 1
2006 1
2006 1
2006 1
2006 1
2006 1
2006 1
2006 1
2006 1
2006 1
2006 1
2006 1
2006 1
2006 1
2006 1
2006 1
2006 1
2006 1
2006 1
2006 1
2006 1
2006 1
2006 1
2006 1
2006 1
2006 1
2006 1
2006 1
2006 1
2006 1
2006 1
2006 1
2006 1
2006 1
2006 1
2006 1
2006 1
6251 1
6251 1
6251 1
6251 1
6251 1
6251 1
6251 1
6251 1
6251 1
6251 1
6251 1
6251 1
6251 1
6251 1
6251 1
6251 1
6251 1
6251 1
6251 1
6251 1
6251 1
6251 1
6251 1
6251 1
6251 1
6251 1
6251 1
6251 1
6251 1
6251 1
6251 1
6251 1
6251 1
6251 1
6251 1
6251 1
6251 1
6331 1
6331 1
6331 1
6331 1
6331 1
6331 1
6331 1
6331 1
6331 1
6331 1
6331 1
6331 1
6331 1
6331 1
6331 1
6331 1
6331 1
6331 1
6331 1
6331 1
6331 1
6331 1
6331 1
6331 1
6331 1
6331 1
6331 1
6331 1
6331 1
6331 1
6331 1
6331 1
6331 1
6331 1
6331 1
6331 1
6331 1
6371 1
6371 1
6371 1
6371 1
6371 1
6371 1
6371 1
6371 1
6371 1
6371 1
6371 1
6371 1
6371 1
6371 1
6371 1
6371 1
6371 1
6371 1
6371 1
6371 1
6371 1
6371 1
6371 1
6371 1
6371 1
6371 1
6371 1
6371 1
6371 1
6371 1
6371 1
6371 1
6371 1
6371 1
6371 1
6371 1
6371 1
6411 1
6411 1
6411 1
6411 1
6411 1
6411 1
6411 1
6411 1
6411 1
6411 1
6411 1
6411 1
6411 1
6411 1
6411 1
6411 1
6411 1
6411 1
6411 1
6411 1
6411 1
6411 1
6411 1
6411 1
6411 1
6411 1
6411 1
6411 1
6411 1
6411 1
6411 1
6411 1
6411 1
6411 1
6411 1
6411 1
6411 1
6492 1
6492 1
6492 1
6492 1
6492 1
6492 1
6492 1
6492 1
6492 1
6492 1
6492 1
6492 1
6492 1
6492 1
6492 1
6492 1
6492 1
6492 1
6492 1
6492 1
6492 1
6492 1
6492 1
6492 1
6492 1
6492 1
6492 1
6492 1
6492 1
6492 1
6492 1
6492 1
6492 1
6492 1
6492 1
6492 1
6492 1
6532 1
6532 1
6532 1
6532 1
6532 1
6532 1
6532 1
6532 1
6532 1
6532 1
6532 1
6532 1
6532 1
6532 1
6532 1
6532 1
6532 1
6532 1
6532 1
6532 1
6532 1
6532 1
6532 1
6532 1
6532 1
6532 1
6532 1
6532 1
6532 1
6532 1
6532 1
6532 1
6532 1
6532 1
6532 1
6532 1
6532 1
6688 1
6688 1
6688 1
6688 1
6688 1
6688 1
6688 1
6688 1
6688 1
6688 1
6688 1
6688 1
6688 1
6688 1
6688 1
6688 1
6688 1
6688 1
6688 1
6688 1
6688 1
6688 1
6688 1
6688 1
6688 1
6688 1
6688 1
6688 1
6688 1
6688 1
6688 1
6688 1
6688 1
6688 1
6688 1
6688 1
6688 1
6727 1
6727 1
6727 1
6727 1
6727 1
6727 1
6727 1
6727 1
6727 1
6727 1
6727 1
6727 1
6727 1
6727 1
6727 1
6727 1
6727 1
6727 1
6727 1
6727 1
6727 1
6727 1
6727 1
6727 1
6727 1
6727 1
6727 1
6727 1
6727 1
6727 1
6727 1
6727 1
6727 1
6727 1
6727 1
6727 1
6727 1
1628 1
1628 1
1628 1
1628 1
1628 1
1628 1
1628 1
1628 1
1628 1
1628 1
1628 1
1628 1
1628 1
1628 1
1628 1
1628 1
1628 1
1628 1
1628 1
1628 1
1628 1
1628 1
1628 1
1628 1
1628 1
1628 1
1628 1
1628 1
1628 1
1628 1
1628 1
1628 1
1628 1
1628 1
1628 1
1628 1
1628 1
1678 1
1678 1
1678 1
1678 1
1678 1
1678 1
1678 1
1678 1
1678 1
1678 1
1678 1
1678 1
1678 1
1678 1
1678 1
1678 1
1678 1
1678 1
1678 1
1678 1
1678 1
1678 1
1678 1
1678 1
1678 1
1678 1
1678 1
1678 1
1678 1
1678 1
1678 1
1678 1
1678 1
1678 1
1678 1
1678 1
1678 1
4691 1
4691 1
4691 1
4691 1
4691 1
4691 1
4691 1
4691 1
4691 1
4691 1
4691 1
4691 1
4691 1
4691 1
4691 1
4691 1
4691 1
4691 1
4691 1
4691 1
4691 1
4691 1
4691 1
4691 1
4691 1
4691 1
4691 1
4691 1
4691 1
4691 1
4691 1
4691 1
4691 1
4691 1
4691 1
4691 1
4691 1
5085 1
5085 1
5085 1
5085 1
5085 1
5085 1
5085 1
5085 1
5085 1
5085 1
5085 1
5085 1
5085 1
5085 1
5085 1
5085 1
5085 1
5085 1
5085 1
5085 1
5085 1
5085 1
5085 1
5085 1
5085 1
5085 1
5085 1
5085 1
5085 1
5085 1
5085 1
5085 1
5085 1
5085 1
5085 1
5085 1
5085 1
5985 1
5985 1
5985 1
5985 1
5985 1
5985 1
5985 1
5985 1
5985 1
5985 1
5985 1
5985 1
5985 1
5985 1
5985 1
5985 1
5985 1
5985 1
5985 1
5985 1
5985 1
5985 1
5985 1
5985 1
5985 1
5985 1
5985 1
5985 1
5985 1
5985 1
5985 1
5985 1
5985 1
5985 1
5985 1
5985 1
5985 1
6061 1
6061 1
6061 1
6061 1
6061 1
6061 1
6061 1
6061 1
6061 1
6061 1
6061 1
6061 1
6061 1
6061 1
6061 1
6061 1
6061 1
6061 1
6061 1
6061 1
6061 1
6061 1
6061 1
6061 1
6061 1
6061 1
6061 1
6061 1
6061 1
6061 1
6061 1
6061 1
6061 1
6061 1
6061 1
6061 1
6061 1
6174 1
6174 1
6174 1
6174 1
6174 1
6174 1
6174 1
6174 1
6174 1
6174 1
6174 1
6174 1
6174 1
6174 1
6174 1
6174 1
6174 1
6174 1
6174 1
6174 1
6174 1
6174 1
6174 1
6174 1
6174 1
6174 1
6174 1
6174 1
6174 1
6174 1
6174 1
6174 1
6174 1
6174 1
6174 1
6174 1
6174 1
6213 1
6213 1
6213 1
6213 1
6213 1
6213 1
6213 1
6213 1
6213 1
6213 1
6213 1
6213 1
6213 1
6213 1
6213 1
6213 1
6213 1
6213 1
6213 1
6213 1
6213 1
6213 1
6213 1
6213 1
6213 1
6213 1
6213 1
6213 1
6213 1
6213 1
6213 1
6213 1
6213 1
6213 1
6213 1
6213 1
6213 1
6252 1
6252 1
6252 1
6252 1
6252 1
6252 1
6252 1
6252 1
6252 1
6252 1
6252 1
6252 1
6252 1
6252 1
6252 1
6252 1
6252 1
6252 1
6252 1
6252 1
6252 1
6252 1
6252 1
6252 1
6252 1
6252 1
6252 1
6252 1
6252 1
6252 1
6252 1
6252 1
6252 1
6252 1
6252 1
6252 1
6252 1
6292 1
6292 1
6292 1
6292 1
6292 1
6292 1
6292 1
6292 1
6292 1
6292 1
6292 1
6292 1
6292 1
6292 1
6292 1
6292 1
6292 1
6292 1
6292 1
6292 1
6292 1
6292 1
6292 1
6292 1
6292 1
6292 1
6292 1
6292 1
6292 1
6292 1
6292 1
6292 1
6292 1
6292 1
6292 1
6292 1
6292 1
6332 1
6332 1
6332 1
6332 1
6332 1
6332 1
6332 1
6332 1
6332 1
6332 1
6332 1
6332 1
6332 1
6332 1
6332 1
6332 1
6332 1
6332 1
6332 1
6332 1
6332 1
6332 1
6332 1
6332 1
6332 1
6332 1
6332 1
6332 1
6332 1
6332 1
6332 1
6332 1
6332 1
6332 1
6332 1
6332 1
6332 1
6533 1
6533 1
6533 1
6533 1
6533 1
6533 1
6533 1
6533 1
6533 1
6533 1
6533 1
6533 1
6533 1
6533 1
6533 1
6533 1
6533 1
6533 1
6533 1
6533 1
6533 1
6533 1
6533 1
6533 1
6533 1
6533 1
6533 1
6533 1
6533 1
6533 1
6533 1
6533 1
6533 1
6533 1
6533 1
6533 1
6533 1
6728 1
6728 1
6728 1
6728 1
6728 1
6728 1
6728 1
6728 1
6728 1
6728 1
6728 1
6728 1
6728 1
6728 1
6728 1
6728 1
6728 1
6728 1
6728 1
6728 1
6728 1
6728 1
6728 1
6728 1
6728 1
6728 1
6728 1
6728 1
6728 1
6728 1
6728 1
6728 1
6728 1
6728 1
6728 1
6728 1
6728 1
1533 1
1533 1
1533 1
1533 1
1533 1
1533 1
1533 1
1533 1
1533 1
1533 1
1533 1
1533 1
1533 1
1533 1
1533 1
1533 1
1533 1
1533 1
1533 1
1533 1
1533 1
1533 1
1533 1
1533 1
1533 1
1533 1
1533 1
1533 1
1533 1
1533 1
1533 1
1533 1
1533 1
1533 1
1533 1
1533 1
1533 1
1679 1
1679 1
1679 1
1679 1
1679 1
1679 1
1679 1
1679 1
1679 1
1679 1
1679 1
1679 1
1679 1
1679 1
1679 1
1679 1
1679 1
1679 1
1679 1
1679 1
1679 1
1679 1
1679 1
1679 1
1679 1
1679 1
1679 1
1679 1
1679 1
1679 1
1679 1
1679 1
1679 1
1679 1
1679 1
1679 1
1679 1
1931 1
1931 1
1931 1
1931 1
1931 1
1931 1
1931 1
1931 1
1931 1
1931 1
1931 1
1931 1
1931 1
1931 1
1931 1
1931 1
1931 1
1931 1
1931 1
1931 1
1931 1
1931 1
1931 1
1931 1
1931 1
1931 1
1931 1
1931 1
1931 1
1931 1
1931 1
1931 1
1931 1
1931 1
1931 1
1931 1
1931 1
4900 1
4900 1
4900 1
4900 1
4900 1
4900 1
4900 1
4900 1
4900 1
4900 1
4900 1
4900 1
4900 1
4900 1
4900 1
4900 1
4900 1
4900 1
4900 1
4900 1
4900 1
4900 1
4900 1
4900 1
4900 1
4900 1
4900 1
4900 1
4900 1
4900 1
4900 1
4900 1
4900 1
4900 1
4900 1
4900 1
4900 1
6024 1
6024 1
6024 1
6024 1
6024 1
6024 1
6024 1
6024 1
6024 1
6024 1
6024 1
6024 1
6024 1
6024 1
6024 1
6024 1
6024 1
6024 1
6024 1
6024 1
6024 1
6024 1
6024 1
6024 1
6024 1
6024 1
6024 1
6024 1
6024 1
6024 1
6024 1
6024 1
6024 1
6024 1
6024 1
6024 1
6024 1
6062 1
6062 1
6062 1
6062 1
6062 1
6062 1
6062 1
6062 1
6062 1
6062 1
6062 1
6062 1
6062 1
6062 1
6062 1
6062 1
6062 1
6062 1
6062 1
6062 1
6062 1
6062 1
6062 1
6062 1
6062 1
6062 1
6062 1
6062 1
6062 1
6062 1
6062 1
6062 1
6062 1
6062 1
6062 1
6062 1
6062 1
6100 1
6100 1
6100 1
6100 1
6100 1
6100 1
6100 1
6100 1
6100 1
6100 1
6100 1
6100 1
6100 1
6100 1
6100 1
6100 1
6100 1
6100 1
6100 1
6100 1
6100 1
6100 1
6100 1
6100 1
6100 1
6100 1
6100 1
6100 1
6100 1
6100 1
6100 1
6100 1
6100 1
6100 1
6100 1
6100 1
6100 1
6137 1
6137 1
6137 1
6137 1
6137 1
6137 1
6137 1
6137 1
6137 1
6137 1
6137 1
6137 1
6137 1
6137 1
6137 1
6137 1
6137 1
6137 1
6137 1
6137 1
6137 1
6137 1
6137 1
6137 1
6137 1
6137 1
6137 1
6137 1
6137 1
6137 1
6137 1
6137 1
6137 1
6137 1
6137 1
6137 1
6137 1
6175 1
6175 1
6175 1
6175 1
6175 1
6175 1
6175 1
6175 1
6175 1
6175 1
6175 1
6175 1
6175 1
6175 1
6175 1
6175 1
6175 1
6175 1
6175 1
6175 1
6175 1
6175 1
6175 1
6175 1
6175 1
6175 1
6175 1
6175 1
6175 1
6175 1
6175 1
6175 1
6175 1
6175 1
6175 1
6175 1
6175 1
6214 1
6214 1
6214 1
6214 1
6214 1
6214 1
6214 1
6214 1
6214 1
6214 1
6214 1
6214 1
6214 1
6214 1
6214 1
6214 1
6214 1
6214 1
6214 1
6214 1
6214 1
6214 1
6214 1
6214 1
6214 1
6214 1
6214 1
6214 1
6214 1
6214 1
6214 1
6214 1
6214 1
6214 1
6214 1
6214 1
6214 1
6253 1
6253 1
6253 1
6253 1
6253 1
6253 1
6253 1
6253 1
6253 1
6253 1
6253 1
6253 1
6253 1
6253 1
6253 1
6253 1
6253 1
6253 1
6253 1
6253 1
6253 1
6253 1
6253 1
6253 1
6253 1
6253 1
6253 1
6253 1
6253 1
6253 1
6253 1
6253 1
6253 1
6253 1
6253 1
6253 1
6253 1
6293 1
6293 1
6293 1
6293 1
6293 1
6293 1
6293 1
6293 1
6293 1
6293 1
6293 1
6293 1
6293 1
6293 1
6293 1
6293 1
6293 1
6293 1
6293 1
6293 1
6293 1
6293 1
6293 1
6293 1
6293 1
6293 1
6293 1
6293 1
6293 1
6293 1
6293 1
6293 1
6293 1
6293 1
6293 1
6293 1
6293 1
6333 1
6333 1
6333 1
6333 1
6333 1
6333 1
6333 1
6333 1
6333 1
6333 1
6333 1
6333 1
6333 1
6333 1
6333 1
6333 1
6333 1
6333 1
6333 1
6333 1
6333 1
6333 1
6333 1
6333 1
6333 1
6333 1
6333 1
6333 1
6333 1
6333 1
6333 1
6333 1
6333 1
6333 1
6333 1
6333 1
6333 1
6373 1
6373 1
6373 1
6373 1
6373 1
6373 1
6373 1
6373 1
6373 1
6373 1
6373 1
6373 1
6373 1
6373 1
6373 1
6373 1
6373 1
6373 1
6373 1
6373 1
6373 1
6373 1
6373 1
6373 1
6373 1
6373 1
6373 1
6373 1
6373 1
6373 1
6373 1
6373 1
6373 1
6373 1
6373 1
6373 1
6373 1
6413 1
6413 1
6413 1
6413 1
6413 1
6413 1
6413 1
6413 1
6413 1
6413 1
6413 1
6413 1
6413 1
6413 1
6413 1
6413 1
6413 1
6413 1
6413 1
6413 1
6413 1
6413 1
6413 1
6413 1
6413 1
6413 1
6413 1
6413 1
6413 1
6413 1
6413 1
6413 1
6413 1
6413 1
6413 1
6413 1
6413 1
6453 1
6453 1
6453 1
6453 1
6453 1
6453 1
6453 1
6453 1
6453 1
6453 1
6453 1
6453 1
6453 1
6453 1
6453 1
6453 1
6453 1
6453 1
6453 1
6453 1
6453 1
6453 1
6453 1
6453 1
6453 1
6453 1
6453 1
6453 1
6453 1
6453 1
6453 1
6453 1
6453 1
6453 1
6453 1
6453 1
6453 1
6494 1
6494 1
6494 1
6494 1
6494 1
6494 1
6494 1
6494 1
6494 1
6494 1
6494 1
6494 1
6494 1
6494 1
6494 1
6494 1
6494 1
6494 1
6494 1
6494 1
6494 1
6494 1
6494 1
6494 1
6494 1
6494 1
6494 1
6494 1
6494 1
6494 1
6494 1
6494 1
6494 1
6494 1
6494 1
6494 1
6494 1
6534 1
6534 1
6534 1
6534 1
6534 1
6534 1
6534 1
6534 1
6534 1
6534 1
6534 1
6534 1
6534 1
6534 1
6534 1
6534 1
6534 1
6534 1
6534 1
6534 1
6534 1
6534 1
6534 1
6534 1
6534 1
6534 1
6534 1
6534 1
6534 1
6534 1
6534 1
6534 1
6534 1
6534 1
6534 1
6534 1
6534 1
6690 1
6690 1
6690 1
6690 1
6690 1
6690 1
6690 1
6690 1
6690 1
6690 1
6690 1
6690 1
6690 1
6690 1
6690 1
6690 1
6690 1
6690 1
6690 1
6690 1
6690 1
6690 1
6690 1
6690 1
6690 1
6690 1
6690 1
6690 1
6690 1
6690 1
6690 1
6690 1
6690 1
6690 1
6690 1
6690 1
6690 1
6765 1
6765 1
6765 1
6765 1
6765 1
6765 1
6765 1
6765 1
6765 1
6765 1
6765 1
6765 1
6765 1
6765 1
6765 1
6765 1
6765 1
6765 1
6765 1
6765 1
6765 1
6765 1
6765 1
6765 1
6765 1
6765 1
6765 1
6765 1
6765 1
6765 1
6765 1
6765 1
6765 1
6765 1
6765 1
6765 1
6765 1
1630 1
1630 1
1630 1
1630 1
1630 1
1630 1
1630 1
1630 1
1630 1
1630 1
1630 1
1630 1
1630 1
1630 1
1630 1
1630 1
1630 1
1630 1
1630 1
1630 1
1630 1
1630 1
1630 1
1630 1
1630 1
1630 1
1630 1
1630 1
1630 1
1630 1
1630 1
1630 1
1630 1
1630 1
1630 1
1630 1
1630 1
4734 1
4734 1
4734 1
4734 1
4734 1
4734 1
4734 1
4734 1
4734 1
4734 1
4734 1
4734 1
4734 1
4734 1
4734 1
4734 1
4734 1
4734 1
4734 1
4734 1
4734 1
4734 1
4734 1
4734 1
4734 1
4734 1
4734 1
4734 1
4734 1
4734 1
4734 1
4734 1
4734 1
4734 1
4734 1
4734 1
4734 1
5198 1
5198 1
5198 1
5198 1
5198 1
5198 1
5198 1
5198 1
5198 1
5198 1
5198 1
5198 1
5198 1
5198 1
5198 1
5198 1
5198 1
5198 1
5198 1
5198 1
5198 1
5198 1
5198 1
5198 1
5198 1
5198 1
5198 1
5198 1
5198 1
5198 1
5198 1
5198 1
5198 1
5198 1
5198 1
5198 1
5198 1
5224 1
5224 1
5224 1
5224 1
5224 1
5224 1
5224 1
5224 1
5224 1
5224 1
5224 1
5224 1
5224 1
5224 1
5224 1
5224 1
5224 1
5224 1
5224 1
5224 1
5224 1
5224 1
5224 1
5224 1
5224 1
5224 1
5224 1
5224 1
5224 1
5224 1
5224 1
5224 1
5224 1
5224 1
5224 1
5224 1
5224 1
5251 1
5251 1
5251 1
5251 1
5251 1
5251 1
5251 1
5251 1
5251 1
5251 1
5251 1
5251 1
5251 1
5251 1
5251 1
5251 1
5251 1
5251 1
5251 1
5251 1
5251 1
5251 1
5251 1
5251 1
5251 1
5251 1
5251 1
5251 1
5251 1
5251 1
5251 1
5251 1
5251 1
5251 1
5251 1
5251 1
5251 1
5280 1
5280 1
5280 1
5280 1
5280 1
5280 1
5280 1
5280 1
5280 1
5280 1
5280 1
5280 1
5280 1
5280 1
5280 1
5280 1
5280 1
5280 1
5280 1
5280 1
5280 1
5280 1
5280 1
5280 1
5280 1
5280 1
5280 1
5280 1
5280 1
5280 1
5280 1
5280 1
5280 1
5280 1
5280 1
5280 1
5280 1
5341 1
5341 1
5341 1
5341 1
5341 1
5341 1
5341 1
5341 1
5341 1
5341 1
5341 1
5341 1
5341 1
5341 1
5341 1
5341 1
5341 1
5341 1
5341 1
5341 1
5341 1
5341 1
5341 1
5341 1
5341 1
5341 1
5341 1
5341 1
5341 1
5341 1
5341 1
5341 1
5341 1
5341 1
5341 1
5341 1
5341 1
6294 1
6294 1
6294 1
6294 1
6294 1
6294 1
6294 1
6294 1
6294 1
6294 1
6294 1
6294 1
6294 1
6294 1
6294 1
6294 1
6294 1
6294 1
6294 1
6294 1
6294 1
6294 1
6294 1
6294 1
6294 1
6294 1
6294 1
6294 1
6294 1
6294 1
6294 1
6294 1
6294 1
6294 1
6294 1
6294 1
6294 1
6334 1
6334 1
6334 1
6334 1
6334 1
6334 1
6334 1
6334 1
6334 1
6334 1
6334 1
6334 1
6334 1
6334 1
6334 1
6334 1
6334 1
6334 1
6334 1
6334 1
6334 1
6334 1
6334 1
6334 1
6334 1
6334 1
6334 1
6334 1
6334 1
6334 1
6334 1
6334 1
6334 1
6334 1
6334 1
6334 1
6334 1
6374 1
6374 1
6374 1
6374 1
6374 1
6374 1
6374 1
6374 1
6374 1
6374 1
6374 1
6374 1
6374 1
6374 1
6374 1
6374 1
6374 1
6374 1
6374 1
6374 1
6374 1
6374 1
6374 1
6374 1
6374 1
6374 1
6374 1
6374 1
6374 1
6374 1
6374 1
6374 1
6374 1
6374 1
6374 1
6374 1
6374 1
6414 1
6414 1
6414 1
6414 1
6414 1
6414 1
6414 1
6414 1
6414 1
6414 1
6414 1
6414 1
6414 1
6414 1
6414 1
6414 1
6414 1
6414 1
6414 1
6414 1
6414 1
6414 1
6414 1
6414 1
6414 1
6414 1
6414 1
6414 1
6414 1
6414 1
6414 1
6414 1
6414 1
6414 1
6414 1
6414 1
6414 1
6454 1
6454 1
6454 1
6454 1
6454 1
6454 1
6454 1
6454 1
6454 1
6454 1
6454 1
6454 1
6454 1
6454 1
6454 1
6454 1
6454 1
6454 1
6454 1
6454 1
6454 1
6454 1
6454 1
6454 1
6454 1
6454 1
6454 1
6454 1
6454 1
6454 1
6454 1
6454 1
6454 1
6454 1
6454 1
6454 1
6454 1
6495 1
6495 1
6495 1
6495 1
6495 1
6495 1
6495 1
6495 1
6495 1
6495 1
6495 1
6495 1
6495 1
6495 1
6495 1
6495 1
6495 1
6495 1
6495 1
6495 1
6495 1
6495 1
6495 1
6495 1
6495 1
6495 1
6495 1
6495 1
6495 1
6495 1
6495 1
6495 1
6495 1
6495 1
6495 1
6495 1
6495 1
6535 1
6535 1
6535 1
6535 1
6535 1
6535 1
6535 1
6535 1
6535 1
6535 1
6535 1
6535 1
6535 1
6535 1
6535 1
6535 1
6535 1
6535 1
6535 1
6535 1
6535 1
6535 1
6535 1
6535 1
6535 1
6535 1
6535 1
6535 1
6535 1
6535 1
6535 1
6535 1
6535 1
6535 1
6535 1
6535 1
6535 1
6573 1
6573 1
6573 1
6573 1
6573 1
6573 1
6573 1
6573 1
6573 1
6573 1
6573 1
6573 1
6573 1
6573 1
6573 1
6573 1
6573 1
6573 1
6573 1
6573 1
6573 1
6573 1
6573 1
6573 1
6573 1
6573 1
6573 1
6573 1
6573 1
6573 1
6573 1
6573 1
6573 1
6573 1
6573 1
6573 1
6573 1
6651 1
6651 1
6651 1
6651 1
6651 1
6651 1
6651 1
6651 1
6651 1
6651 1
6651 1
6651 1
6651 1
6651 1
6651 1
6651 1
6651 1
6651 1
6651 1
6651 1
6651 1
6651 1
6651 1
6651 1
6651 1
6651 1
6651 1
6651 1
6651 1
6651 1
6651 1
6651 1
6651 1
6651 1
6651 1
6651 1
6651 1
6730 1
6730 1
6730 1
6730 1
6730 1
6730 1
6730 1
6730 1
6730 1
6730 1
6730 1
6730 1
6730 1
6730 1
6730 1
6730 1
6730 1
6730 1
6730 1
6730 1
6730 1
6730 1
6730 1
6730 1
6730 1
6730 1
6730 1
6730 1
6730 1
6730 1
6730 1
6730 1
6730 1
6730 1
6730 1
6730 1
6730 1
1584 1
1584 1
1584 1
1584 1
1584 1
1584 1
1584 1
1584 1
1584 1
1584 1
1584 1
1584 1
1584 1
1584 1
1584 1
1584 1
1584 1
1584 1
1584 1
1584 1
1584 1
1584 1
1584 1
1584 1
1584 1
1584 1
1584 1
1584 1
1584 1
1584 1
1584 1
1584 1
1584 1
1584 1
1584 1
1584 1
1584 1
1631 1
1631 1
1631 1
1631 1
1631 1
1631 1
1631 1
1631 1
1631 1
1631 1
1631 1
1631 1
1631 1
1631 1
1631 1
1631 1
1631 1
1631 1
1631 1
1631 1
1631 1
1631 1
1631 1
1631 1
1631 1
1631 1
1631 1
1631 1
1631 1
1631 1
1631 1
1631 1
1631 1
1631 1
1631 1
1631 1
1631 1
5199 1
5199 1
5199 1
5199 1
5199 1
5199 1
5199 1
5199 1
5199 1
5199 1
5199 1
5199 1
5199 1
5199 1
5199 1
5199 1
5199 1
5199 1
5199 1
5199 1
5199 1
5199 1
5199 1
5199 1
5199 1
5199 1
5199 1
5199 1
5199 1
5199 1
5199 1
5199 1
5199 1
5199 1
5199 1
5199 1
5199 1
5225 1
5225 1
5225 1
5225 1
5225 1
5225 1
5225 1
5225 1
5225 1
5225 1
5225 1
5225 1
5225 1
5225 1
5225 1
5225 1
5225 1
5225 1
5225 1
5225 1
5225 1
5225 1
5225 1
5225 1
5225 1
5225 1
5225 1
5225 1
5225 1
5225 1
5225 1
5225 1
5225 1
5225 1
5225 1
5225 1
5225 1
5342 1
5342 1
5342 1
5342 1
5342 1
5342 1
5342 1
5342 1
5342 1
5342 1
5342 1
5342 1
5342 1
5342 1
5342 1
5342 1
5342 1
5342 1
5342 1
5342 1
5342 1
5342 1
5342 1
5342 1
5342 1
5342 1
5342 1
5342 1
5342 1
5342 1
5342 1
5342 1
5342 1
5342 1
5342 1
5342 1
5342 1
5372 1
5372 1
5372 1
5372 1
5372 1
5372 1
5372 1
5372 1
5372 1
5372 1
5372 1
5372 1
5372 1
5372 1
5372 1
5372 1
5372 1
5372 1
5372 1
5372 1
5372 1
5372 1
5372 1
5372 1
5372 1
5372 1
5372 1
5372 1
5372 1
5372 1
5372 1
5372 1
5372 1
5372 1
5372 1
5372 1
5372 1
6255 1
6255 1
6255 1
6255 1
6255 1
6255 1
6255 1
6255 1
6255 1
6255 1
6255 1
6255 1
6255 1
6255 1
6255 1
6255 1
6255 1
6255 1
6255 1
6255 1
6255 1
6255 1
6255 1
6255 1
6255 1
6255 1
6255 1
6255 1
6255 1
6255 1
6255 1
6255 1
6255 1
6255 1
6255 1
6255 1
6255 1
6335 1
6335 1
6335 1
6335 1
6335 1
6335 1
6335 1
6335 1
6335 1
6335 1
6335 1
6335 1
6335 1
6335 1
6335 1
6335 1
6335 1
6335 1
6335 1
6335 1
6335 1
6335 1
6335 1
6335 1
6335 1
6335 1
6335 1
6335 1
6335 1
6335 1
6335 1
6335 1
6335 1
6335 1
6335 1
6335 1
6335 1
6415 1
6415 1
6415 1
6415 1
6415 1
6415 1
6415 1
6415 1
6415 1
6415 1
6415 1
6415 1
6415 1
6415 1
6415 1
6415 1
6415 1
6415 1
6415 1
6415 1
6415 1
6415 1
6415 1
6415 1
6415 1
6415 1
6415 1
6415 1
6415 1
6415 1
6415 1
6415 1
6415 1
6415 1
6415 1
6415 1
6415 1
6455 1
6455 1
6455 1
6455 1
6455 1
6455 1
6455 1
6455 1
6455 1
6455 1
6455 1
6455 1
6455 1
6455 1
6455 1
6455 1
6455 1
6455 1
6455 1
6455 1
6455 1
6455 1
6455 1
6455 1
6455 1
6455 1
6455 1
6455 1
6455 1
6455 1
6455 1
6455 1
6455 1
6455 1
6455 1
6455 1
6455 1
6496 1
6496 1
6496 1
6496 1
6496 1
6496 1
6496 1
6496 1
6496 1
6496 1
6496 1
6496 1
6496 1
6496 1
6496 1
6496 1
6496 1
6496 1
6496 1
6496 1
6496 1
6496 1
6496 1
6496 1
6496 1
6496 1
6496 1
6496 1
6496 1
6496 1
6496 1
6496 1
6496 1
6496 1
6496 1
6496 1
6496 1
6536 1
6536 1
6536 1
6536 1
6536 1
6536 1
6536 1
6536 1
6536 1
6536 1
6536 1
6536 1
6536 1
6536 1
6536 1
6536 1
6536 1
6536 1
6536 1
6536 1
6536 1
6536 1
6536 1
6536 1
6536 1
6536 1
6536 1
6536 1
6536 1
6536 1
6536 1
6536 1
6536 1
6536 1
6536 1
6536 1
6536 1
6574 1
6574 1
6574 1
6574 1
6574 1
6574 1
6574 1
6574 1
6574 1
6574 1
6574 1
6574 1
6574 1
6574 1
6574 1
6574 1
6574 1
6574 1
6574 1
6574 1
6574 1
6574 1
6574 1
6574 1
6574 1
6574 1
6574 1
6574 1
6574 1
6574 1
6574 1
6574 1
6574 1
6574 1
6574 1
6574 1
6574 1
6613 1
6613 1
6613 1
6613 1
6613 1
6613 1
6613 1
6613 1
6613 1
6613 1
6613 1
6613 1
6613 1
6613 1
6613 1
6613 1
6613 1
6613 1
6613 1
6613 1
6613 1
6613 1
6613 1
6613 1
6613 1
6613 1
6613 1
6613 1
6613 1
6613 1
6613 1
6613 1
6613 1
6613 1
6613 1
6613 1
6613 1
6652 1
6652 1
6652 1
6652 1
6652 1
6652 1
6652 1
6652 1
6652 1
6652 1
6652 1
6652 1
6652 1
6652 1
6652 1
6652 1
6652 1
6652 1
6652 1
6652 1
6652 1
6652 1
6652 1
6652 1
6652 1
6652 1
6652 1
6652 1
6652 1
6652 1
6652 1
6652 1
6652 1
6652 1
6652 1
6652 1
6652 1
6692 1
6692 1
6692 1
6692 1
6692 1
6692 1
6692 1
6692 1
6692 1
6692 1
6692 1
6692 1
6692 1
6692 1
6692 1
6692 1
6692 1
6692 1
6692 1
6692 1
6692 1
6692 1
6692 1
6692 1
6692 1
6692 1
6692 1
6692 1
6692 1
6692 1
6692 1
6692 1
6692 1
6692 1
6692 1
6692 1
6692 1
6731 1
6731 1
6731 1
6731 1
6731 1
6731 1
6731 1
6731 1
6731 1
6731 1
6731 1
6731 1
6731 1
6731 1
6731 1
6731 1
6731 1
6731 1
6731 1
6731 1
6731 1
6731 1
6731 1
6731 1
6731 1
6731 1
6731 1
6731 1
6731 1
6731 1
6731 1
6731 1
6731 1
6731 1
6731 1
6731 1
6731 1
4968 1
4968 1
4968 1
4968 1
4968 1
4968 1
4968 1
4968 1
4968 1
4968 1
4968 1
4968 1
4968 1
4968 1
4968 1
4968 1
4968 1
4968 1
4968 1
4968 1
4968 1
4968 1
4968 1
4968 1
4968 1
4968 1
4968 1
4968 1
4968 1
4968 1
4968 1
4968 1
4968 1
4968 1
4968 1
4968 1
4968 1
5311 1
5311 1
5311 1
5311 1
5311 1
5311 1
5311 1
5311 1
5311 1
5311 1
5311 1
5311 1
5311 1
5311 1
5311 1
5311 1
5311 1
5311 1
5311 1
5311 1
5311 1
5311 1
5311 1
5311 1
5311 1
5311 1
5311 1
5311 1
5311 1
5311 1
5311 1
5311 1
5311 1
5311 1
5311 1
5311 1
5311 1
5343 1
5343 1
5343 1
5343 1
5343 1
5343 1
5343 1
5343 1
5343 1
5343 1
5343 1
5343 1
5343 1
5343 1
5343 1
5343 1
5343 1
5343 1
5343 1
5343 1
5343 1
5343 1
5343 1
5343 1
5343 1
5343 1
5343 1
5343 1
5343 1
5343 1
5343 1
5343 1
5343 1
5343 1
5343 1
5343 1
5343 1
6336 1
6336 1
6336 1
6336 1
6336 1
6336 1
6336 1
6336 1
6336 1
6336 1
6336 1
6336 1
6336 1
6336 1
6336 1
6336 1
6336 1
6336 1
6336 1
6336 1
6336 1
6336 1
6336 1
6336 1
6336 1
6336 1
6336 1
6336 1
6336 1
6336 1
6336 1
6336 1
6336 1
6336 1
6336 1
6336 1
6336 1
6456 1
6456 1
6456 1
6456 1
6456 1
6456 1
6456 1
6456 1
6456 1
6456 1
6456 1
6456 1
6456 1
6456 1
6456 1
6456 1
6456 1
6456 1
6456 1
6456 1
6456 1
6456 1
6456 1
6456 1
6456 1
6456 1
6456 1
6456 1
6456 1
6456 1
6456 1
6456 1
6456 1
6456 1
6456 1
6456 1
6456 1
6497 1
6497 1
6497 1
6497 1
6497 1
6497 1
6497 1
6497 1
6497 1
6497 1
6497 1
6497 1
6497 1
6497 1
6497 1
6497 1
6497 1
6497 1
6497 1
6497 1
6497 1
6497 1
6497 1
6497 1
6497 1
6497 1
6497 1
6497 1
6497 1
6497 1
6497 1
6497 1
6497 1
6497 1
6497 1
6497 1
6497 1
6537 1
6537 1
6537 1
6537 1
6537 1
6537 1
6537 1
6537 1
6537 1
6537 1
6537 1
6537 1
6537 1
6537 1
6537 1
6537 1
6537 1
6537 1
6537 1
6537 1
6537 1
6537 1
6537 1
6537 1
6537 1
6537 1
6537 1
6537 1
6537 1
6537 1
6537 1
6537 1
6537 1
6537 1
6537 1
6537 1
6537 1
6575 1
6575 1
6575 1
6575 1
6575 1
6575 1
6575 1
6575 1
6575 1
6575 1
6575 1
6575 1
6575 1
6575 1
6575 1
6575 1
6575 1
6575 1
6575 1
6575 1
6575 1
6575 1
6575 1
6575 1
6575 1
6575 1
6575 1
6575 1
6575 1
6575 1
6575 1
6575 1
6575 1
6575 1
6575 1
6575 1
6575 1
6614 1
6614 1
6614 1
6614 1
6614 1
6614 1
6614 1
6614 1
6614 1
6614 1
6614 1
6614 1
6614 1
6614 1
6614 1
6614 1
6614 1
6614 1
6614 1
6614 1
6614 1
6614 1
6614 1
6614 1
6614 1
6614 1
6614 1
6614 1
6614 1
6614 1
6614 1
6614 1
6614 1
6614 1
6614 1
6614 1
6614 1
6653 1
6653 1
6653 1
6653 1
6653 1
6653 1
6653 1
6653 1
6653 1
6653 1
6653 1
6653 1
6653 1
6653 1
6653 1
6653 1
6653 1
6653 1
6653 1
6653 1
6653 1
6653 1
6653 1
6653 1
6653 1
6653 1
6653 1
6653 1
6653 1
6653 1
6653 1
6653 1
6653 1
6653 1
6653 1
6653 1
6653 1
6693 1
6693 1
6693 1
6693 1
6693 1
6693 1
6693 1
6693 1
6693 1
6693 1
6693 1
6693 1
6693 1
6693 1
6693 1
6693 1
6693 1
6693 1
6693 1
6693 1
6693 1
6693 1
6693 1
6693 1
6693 1
6693 1
6693 1
6693 1
6693 1
6693 1
6693 1
6693 1
6693 1
6693 1
6693 1
6693 1
6693 1
6732 1
6732 1
6732 1
6732 1
6732 1
6732 1
6732 1
6732 1
6732 1
6732 1
6732 1
6732 1
6732 1
6732 1
6732 1
6732 1
6732 1
6732 1
6732 1
6732 1
6732 1
6732 1
6732 1
6732 1
6732 1
6732 1
6732 1
6732 1
6732 1
6732 1
6732 1
6732 1
6732 1
6732 1
6732 1
6732 1
6732 1
5003 1
5003 1
5003 1
5003 1
5003 1
5003 1
5003 1
5003 1
5003 1
5003 1
5003 1
5003 1
5003 1
5003 1
5003 1
5003 1
5003 1
5003 1
5003 1
5003 1
5003 1
5003 1
5003 1
5003 1
5003 1
5003 1
5003 1
5003 1
5003 1
5003 1
5003 1
5003 1
5003 1
5003 1
5003 1
5003 1
5003 1
5018 1
5018 1
5018 1
5018 1
5018 1
5018 1
5018 1
5018 1
5018 1
5018 1
5018 1
5018 1
5018 1
5018 1
5018 1
5018 1
5018 1
5018 1
5018 1
5018 1
5018 1
5018 1
5018 1
5018 1
5018 1
5018 1
5018 1
5018 1
5018 1
5018 1
5018 1
5018 1
5018 1
5018 1
5018 1
5018 1
5018 1
5374 1
5374 1
5374 1
5374 1
5374 1
5374 1
5374 1
5374 1
5374 1
5374 1
5374 1
5374 1
5374 1
5374 1
5374 1
5374 1
5374 1
5374 1
5374 1
5374 1
5374 1
5374 1
5374 1
5374 1
5374 1
5374 1
5374 1
5374 1
5374 1
5374 1
5374 1
5374 1
5374 1
5374 1
5374 1
5374 1
5374 1
6498 1
6498 1
6498 1
6498 1
6498 1
6498 1
6498 1
6498 1
6498 1
6498 1
6498 1
6498 1
6498 1
6498 1
6498 1
6498 1
6498 1
6498 1
6498 1
6498 1
6498 1
6498 1
6498 1
6498 1
6498 1
6498 1
6498 1
6498 1
6498 1
6498 1
6498 1
6498 1
6498 1
6498 1
6498 1
6498 1
6498 1
6538 1
6538 1
6538 1
6538 1
6538 1
6538 1
6538 1
6538 1
6538 1
6538 1
6538 1
6538 1
6538 1
6538 1
6538 1
6538 1
6538 1
6538 1
6538 1
6538 1
6538 1
6538 1
6538 1
6538 1
6538 1
6538 1
6538 1
6538 1
6538 1
6538 1
6538 1
6538 1
6538 1
6538 1
6538 1
6538 1
6538 1
6576 1
6576 1
6576 1
6576 1
6576 1
6576 1
6576 1
6576 1
6576 1
6576 1
6576 1
6576 1
6576 1
6576 1
6576 1
6576 1
6576 1
6576 1
6576 1
6576 1
6576 1
6576 1
6576 1
6576 1
6576 1
6576 1
6576 1
6576 1
6576 1
6576 1
6576 1
6576 1
6576 1
6576 1
6576 1
6576 1
6576 1
6615 1
6615 1
6615 1
6615 1
6615 1
6615 1
6615 1
6615 1
6615 1
6615 1
6615 1
6615 1
6615 1
6615 1
6615 1
6615 1
6615 1
6615 1
6615 1
6615 1
6615 1
6615 1
6615 1
6615 1
6615 1
6615 1
6615 1
6615 1
6615 1
6615 1
6615 1
6615 1
6615 1
6615 1
6615 1
6615 1
6615 1
6654 1
6654 1
6654 1
6654 1
6654 1
6654 1
6654 1
6654 1
6654 1
6654 1
6654 1
6654 1
6654 1
6654 1
6654 1
6654 1
6654 1
6654 1
6654 1
6654 1
6654 1
6654 1
6654 1
6654 1
6654 1
6654 1
6654 1
6654 1
6654 1
6654 1
6654 1
6654 1
6654 1
6654 1
6654 1
6654 1
6654 1
6694 1
6694 1
6694 1
6694 1
6694 1
6694 1
6694 1
6694 1
6694 1
6694 1
6694 1
6694 1
6694 1
6694 1
6694 1
6694 1
6694 1
6694 1
6694 1
6694 1
6694 1
6694 1
6694 1
6694 1
6694 1
6694 1
6694 1
6694 1
6694 1
6694 1
6694 1
6694 1
6694 1
6694 1
6694 1
6694 1
6694 1
6733 1
6733 1
6733 1
6733 1
6733 1
6733 1
6733 1
6733 1
6733 1
6733 1
6733 1
6733 1
6733 1
6733 1
6733 1
6733 1
6733 1
6733 1
6733 1
6733 1
6733 1
6733 1
6733 1
6733 1
6733 1
6733 1
6733 1
6733 1
6733 1
6733 1
6733 1
6733 1
6733 1
6733 1
6733 1
6733 1
6733 1
5466 1
5466 1
5466 1
5466 1
5466 1
5466 1
5466 1
5466 1
5466 1
5466 1
5466 1
5466 1
5466 1
5466 1
5466 1
5466 1
5466 1
5466 1
5466 1
5466 1
5466 1
5466 1
5466 1
5466 1
5466 1
5466 1
5466 1
5466 1
5466 1
5466 1
5466 1
5466 1
5466 1
5466 1
5466 1
5466 1
5466 1
6577 1
6577 1
6577 1
6577 1
6577 1
6577 1
6577 1
6577 1
6577 1
6577 1
6577 1
6577 1
6577 1
6577 1
6577 1
6577 1
6577 1
6577 1
6577 1
6577 1
6577 1
6577 1
6577 1
6577 1
6577 1
6577 1
6577 1
6577 1
6577 1
6577 1
6577 1
6577 1
6577 1
6577 1
6577 1
6577 1
6577 1
6616 1
6616 1
6616 1
6616 1
6616 1
6616 1
6616 1
6616 1
6616 1
6616 1
6616 1
6616 1
6616 1
6616 1
6616 1
6616 1
6616 1
6616 1
6616 1
6616 1
6616 1
6616 1
6616 1
6616 1
6616 1
6616 1
6616 1
6616 1
6616 1
6616 1
6616 1
6616 1
6616 1
6616 1
6616 1
6616 1
6616 1
6655 1
6655 1
6655 1
6655 1
6655 1
6655 1
6655 1
6655 1
6655 1
6655 1
6655 1
6655 1
6655 1
6655 1
6655 1
6655 1
6655 1
6655 1
6655 1
6655 1
6655 1
6655 1
6655 1
6655 1
6655 1
6655 1
6655 1
6655 1
6655 1
6655 1
6655 1
6655 1
6655 1
6655 1
6655 1
6655 1
6655 1
6695 1
6695 1
6695 1
6695 1
6695 1
6695 1
6695 1
6695 1
6695 1
6695 1
6695 1
6695 1
6695 1
6695 1
6695 1
6695 1
6695 1
6695 1
6695 1
6695 1
6695 1
6695 1
6695 1
6695 1
6695 1
6695 1
6695 1
6695 1
6695 1
6695 1
6695 1
6695 1
6695 1
6695 1
6695 1
6695 1
6695 1
2890 1
2890 1
2890 1
2890 1
2890 1
2890 1
2890 1
2890 1
2890 1
2890 1
2890 1
2890 1
2890 1
2890 1
2890 1
2890 1
2890 1
2890 1
2890 1
2890 1
2890 1
2890 1
2890 1
2890 1
2890 1
2890 1
2890 1
2890 1
2890 1
2890 1
2890 1
2890 1
2890 1
2890 1
2890 1
2890 1
2890 1
5436 1
5436 1
5436 1
5436 1
5436 1
5436 1
5436 1
5436 1
5436 1
5436 1
5436 1
5436 1
5436 1
5436 1
5436 1
5436 1
5436 1
5436 1
5436 1
5436 1
5436 1
5436 1
5436 1
5436 1
5436 1
5436 1
5436 1
5436 1
5436 1
5436 1
5436 1
5436 1
5436 1
5436 1
5436 1
5436 1
5436 1
6617 1
6617 1
6617 1
6617 1
6617 1
6617 1
6617 1
6617 1
6617 1
6617 1
6617 1
6617 1
6617 1
6617 1
6617 1
6617 1
6617 1
6617 1
6617 1
6617 1
6617 1
6617 1
6617 1
6617 1
6617 1
6617 1
6617 1
6617 1
6617 1
6617 1
6617 1
6617 1
6617 1
6617 1
6617 1
6617 1
6617 1
6696 1
6696 1
6696 1
6696 1
6696 1
6696 1
6696 1
6696 1
6696 1
6696 1
6696 1
6696 1
6696 1
6696 1
6696 1
6696 1
6696 1
6696 1
6696 1
6696 1
6696 1
6696 1
6696 1
6696 1
6696 1
6696 1
6696 1
6696 1
6696 1
6696 1
6696 1
6696 1
6696 1
6696 1
6696 1
6696 1
6696 1
2795 1
2795 1
2795 1
2795 1
2795 1
2795 1
2795 1
2795 1
2795 1
2795 1
2795 1
2795 1
2795 1
2795 1
2795 1
2795 1
2795 1
2795 1
2795 1
2795 1
2795 1
2795 1
2795 1
2795 1
2795 1
2795 1
2795 1
2795 1
2795 1
2795 1
2795 1
2795 1
2795 1
2795 1
2795 1
2795 1
2795 1
5499 1
5499 1
5499 1
5499 1
5499 1
5499 1
5499 1
5499 1
5499 1
5499 1
5499 1
5499 1
5499 1
5499 1
5499 1
5499 1
5499 1
5499 1
5499 1
5499 1
5499 1
5499 1
5499 1
5499 1
5499 1
5499 1
5499 1
5499 1
5499 1
5499 1
5499 1
5499 1
5499 1
5499 1
5499 1
5499 1
5499 1
5536 1
5536 1
5536 1
5536 1
5536 1
5536 1
5536 1
5536 1
5536 1
5536 1
5536 1
5536 1
5536 1
5536 1
5536 1
5536 1
5536 1
5536 1
5536 1
5536 1
5536 1
5536 1
5536 1
5536 1
5536 1
5536 1
5536 1
5536 1
5536 1
5536 1
5536 1
5536 1
5536 1
5536 1
5536 1
5536 1
5536 1
6618 1
6618 1
6618 1
6618 1
6618 1
6618 1
6618 1
6618 1
6618 1
6618 1
6618 1
6618 1
6618 1
6618 1
6618 1
6618 1
6618 1
6618 1
6618 1
6618 1
6618 1
6618 1
6618 1
6618 1
6618 1
6618 1
6618 1
6618 1
6618 1
6618 1
6618 1
6618 1
6618 1
6618 1
6618 1
6618 1
6618 1
6657 1
6657 1
6657 1
6657 1
6657 1
6657 1
6657 1
6657 1
6657 1
6657 1
6657 1
6657 1
6657 1
6657 1
6657 1
6657 1
6657 1
6657 1
6657 1
6657 1
6657 1
6657 1
6657 1
6657 1
6657 1
6657 1
6657 1
6657 1
6657 1
6657 1
6657 1
6657 1
6657 1
6657 1
6657 1
6657 1
6657 1
6697 1
6697 1
6697 1
6697 1
6697 1
6697 1
6697 1
6697 1
6697 1
6697 1
6697 1
6697 1
6697 1
6697 1
6697 1
6697 1
6697 1
6697 1
6697 1
6697 1
6697 1
6697 1
6697 1
6697 1
6697 1
6697 1
6697 1
6697 1
6697 1
6697 1
6697 1
6697 1
6697 1
6697 1
6697 1
6697 1
6697 1
5038 1
5038 1
5038 1
5038 1
5038 1
5038 1
5038 1
5038 1
5038 1
5038 1
5038 1
5038 1
5038 1
5038 1
5038 1
5038 1
5038 1
5038 1
5038 1
5038 1
5038 1
5038 1
5038 1
5038 1
5038 1
5038 1
5038 1
5038 1
5038 1
5038 1
5038 1
5038 1
5038 1
5038 1
5038 1
5038 1
5038 1
5438 1
5438 1
5438 1
5438 1
5438 1
5438 1
5438 1
5438 1
5438 1
5438 1
5438 1
5438 1
5438 1
5438 1
5438 1
5438 1
5438 1
5438 1
5438 1
5438 1
5438 1
5438 1
5438 1
5438 1
5438 1
5438 1
5438 1
5438 1
5438 1
5438 1
5438 1
5438 1
5438 1
5438 1
5438 1
5438 1
5438 1
5537 1
5537 1
5537 1
5537 1
5537 1
5537 1
5537 1
5537 1
5537 1
5537 1
5537 1
5537 1
5537 1
5537 1
5537 1
5537 1
5537 1
5537 1
5537 1
5537 1
5537 1
5537 1
5537 1
5537 1
5537 1
5537 1
5537 1
5537 1
5537 1
5537 1
5537 1
5537 1
5537 1
5537 1
5537 1
5537 1
5537 1
5752 1
5752 1
5752 1
5752 1
5752 1
5752 1
5752 1
5752 1
5752 1
5752 1
5752 1
5752 1
5752 1
5752 1
5752 1
5752 1
5752 1
5752 1
5752 1
5752 1
5752 1
5752 1
5752 1
5752 1
5752 1
5752 1
5752 1
5752 1
5752 1
5752 1
5752 1
5752 1
5752 1
5752 1
5752 1
5752 1
5752 1
5795 1
5795 1
5795 1
5795 1
5795 1
5795 1
5795 1
5795 1
5795 1
5795 1
5795 1
5795 1
5795 1
5795 1
5795 1
5795 1
5795 1
5795 1
5795 1
5795 1
5795 1
5795 1
5795 1
5795 1
5795 1
5795 1
5795 1
5795 1
5795 1
5795 1
5795 1
5795 1
5795 1
5795 1
5795 1
5795 1
5795 1
6502 1
6502 1
6502 1
6502 1
6502 1
6502 1
6502 1
6502 1
6502 1
6502 1
6502 1
6502 1
6502 1
6502 1
6502 1
6502 1
6502 1
6502 1
6502 1
6502 1
6502 1
6502 1
6502 1
6502 1
6502 1
6502 1
6502 1
6502 1
6502 1
6502 1
6502 1
6502 1
6502 1
6502 1
6502 1
6502 1
6502 1
6619 1
6619 1
6619 1
6619 1
6619 1
6619 1
6619 1
6619 1
6619 1
6619 1
6619 1
6619 1
6619 1
6619 1
6619 1
6619 1
6619 1
6619 1
6619 1
6619 1
6619 1
6619 1
6619 1
6619 1
6619 1
6619 1
6619 1
6619 1
6619 1
6619 1
6619 1
6619 1
6619 1
6619 1
6619 1
6619 1
6619 1
6543 1
6543 1
6543 1
6543 1
6543 1
6543 1
6543 1
6543 1
6543 1
6543 1
6543 1
6543 1
6543 1
6543 1
6543 1
6543 1
6543 1
6543 1
6543 1
6543 1
6543 1
6543 1
6543 1
6543 1
6543 1
6543 1
6543 1
6543 1
6543 1
6543 1
6543 1
6543 1
6543 1
6543 1
6543 1
6543 1
6543 1
6581 1
6581 1
6581 1
6581 1
6581 1
6581 1
6581 1
6581 1
6581 1
6581 1
6581 1
6581 1
6581 1
6581 1
6581 1
6581 1
6581 1
6581 1
6581 1
6581 1
6581 1
6581 1
6581 1
6581 1
6581 1
6581 1
6581 1
6581 1
6581 1
6581 1
6581 1
6581 1
6581 1
6581 1
6581 1
6581 1
6581 1
6620 1
6620 1
6620 1
6620 1
6620 1
6620 1
6620 1
6620 1
6620 1
6620 1
6620 1
6620 1
6620 1
6620 1
6620 1
6620 1
6620 1
6620 1
6620 1
6620 1
6620 1
6620 1
6620 1
6620 1
6620 1
6620 1
6620 1
6620 1
6620 1
6620 1
6620 1
6620 1
6620 1
6620 1
6620 1
6620 1
6620 1
6659 1
6659 1
6659 1
6659 1
6659 1
6659 1
6659 1
6659 1
6659 1
6659 1
6659 1
6659 1
6659 1
6659 1
6659 1
6659 1
6659 1
6659 1
6659 1
6659 1
6659 1
6659 1
6659 1
6659 1
6659 1
6659 1
6659 1
6659 1
6659 1
6659 1
6659 1
6659 1
6659 1
6659 1
6659 1
6659 1
6659 1
2894 1
2894 1
2894 1
2894 1
2894 1
2894 1
2894 1
2894 1
2894 1
2894 1
2894 1
2894 1
2894 1
2894 1
2894 1
2894 1
2894 1
2894 1
2894 1
2894 1
2894 1
2894 1
2894 1
2894 1
2894 1
2894 1
2894 1
2894 1
2894 1
2894 1
2894 1
2894 1
2894 1
2894 1
2894 1
2894 1
2894 1
2983 1
2983 1
2983 1
2983 1
2983 1
2983 1
2983 1
2983 1
2983 1
2983 1
2983 1
2983 1
2983 1
2983 1
2983 1
2983 1
2983 1
2983 1
2983 1
2983 1
2983 1
2983 1
2983 1
2983 1
2983 1
2983 1
2983 1
2983 1
2983 1
2983 1
2983 1
2983 1
2983 1
2983 1
2983 1
2983 1
2983 1
3247 1
3247 1
3247 1
3247 1
3247 1
3247 1
3247 1
3247 1
3247 1
3247 1
3247 1
3247 1
3247 1
3247 1
3247 1
3247 1
3247 1
3247 1
3247 1
3247 1
3247 1
3247 1
3247 1
3247 1
3247 1
3247 1
3247 1
3247 1
3247 1
3247 1
3247 1
3247 1
3247 1
3247 1
3247 1
3247 1
3247 1
6582 1
6582 1
6582 1
6582 1
6582 1
6582 1
6582 1
6582 1
6582 1
6582 1
6582 1
6582 1
6582 1
6582 1
6582 1
6582 1
6582 1
6582 1
6582 1
6582 1
6582 1
6582 1
6582 1
6582 1
6582 1
6582 1
6582 1
6582 1
6582 1
6582 1
6582 1
6582 1
6582 1
6582 1
6582 1
6582 1
6582 1
6621 1
6621 1
6621 1
6621 1
6621 1
6621 1
6621 1
6621 1
6621 1
6621 1
6621 1
6621 1
6621 1
6621 1
6621 1
6621 1
6621 1
6621 1
6621 1
6621 1
6621 1
6621 1
6621 1
6621 1
6621 1
6621 1
6621 1
6621 1
6621 1
6621 1
6621 1
6621 1
6621 1
6621 1
6621 1
6621 1
6621 1
5319 1
5319 1
5319 1
5319 1
5319 1
5319 1
5319 1
5319 1
5319 1
5319 1
5319 1
5319 1
5319 1
5319 1
5319 1
5319 1
5319 1
5319 1
5319 1
5319 1
5319 1
5319 1
5319 1
5319 1
5319 1
5319 1
5319 1
5319 1
5319 1
5319 1
5319 1
5319 1
5319 1
5319 1
5319 1
5319 1
5319 1
6031 1
6031 1
6031 1
6031 1
6031 1
6031 1
6031 1
6031 1
6031 1
6031 1
6031 1
6031 1
6031 1
6031 1
6031 1
6031 1
6031 1
6031 1
6031 1
6031 1
6031 1
6031 1
6031 1
6031 1
6031 1
6031 1
6031 1
6031 1
6031 1
6031 1
6031 1
6031 1
6031 1
6031 1
6031 1
6031 1
6031 1
6583 1
6583 1
6583 1
6583 1
6583 1
6583 1
6583 1
6583 1
6583 1
6583 1
6583 1
6583 1
6583 1
6583 1
6583 1
6583 1
6583 1
6583 1
6583 1
6583 1
6583 1
6583 1
6583 1
6583 1
6583 1
6583 1
6583 1
6583 1
6583 1
6583 1
6583 1
6583 1
6583 1
6583 1
6583 1
6583 1
6583 1
2706 1
2706 1
2706 1
2706 1
2706 1
2706 1
2706 1
2706 1
2706 1
2706 1
2706 1
2706 1
2706 1
2706 1
2706 1
2706 1
2706 1
2706 1
2706 1
2706 1
2706 1
2706 1
2706 1
2706 1
2706 1
2706 1
2706 1
2706 1
2706 1
2706 1
2706 1
2706 1
2706 1
2706 1
2706 1
2706 1
2706 1
2800 1
2800 1
2800 1
2800 1
2800 1
2800 1
2800 1
2800 1
2800 1
2800 1
2800 1
2800 1
2800 1
2800 1
2800 1
2800 1
2800 1
2800 1
2800 1
2800 1
2800 1
2800 1
2800 1
2800 1
2800 1
2800 1
2800 1
2800 1
2800 1
2800 1
2800 1
2800 1
2800 1
2800 1
2800 1
2800 1
2800 1
2896 1
2896 1
2896 1
2896 1
2896 1
2896 1
2896 1
2896 1
2896 1
2896 1
2896 1
2896 1
2896 1
2896 1
2896 1
2896 1
2896 1
2896 1
2896 1
2896 1
2896 1
2896 1
2896 1
2896 1
2896 1
2896 1
2896 1
2896 1
2896 1
2896 1
2896 1
2896 1
2896 1
2896 1
2896 1
2896 1
2896 1
5956 1
5956 1
5956 1
5956 1
5956 1
5956 1
5956 1
5956 1
5956 1
5956 1
5956 1
5956 1
5956 1
5956 1
5956 1
5956 1
5956 1
5956 1
5956 1
5956 1
5956 1
5956 1
5956 1
5956 1
5956 1
5956 1
5956 1
5956 1
5956 1
5956 1
5956 1
5956 1
5956 1
5956 1
5956 1
5956 1
5956 1
6584 1
6584 1
6584 1
6584 1
6584 1
6584 1
6584 1
6584 1
6584 1
6584 1
6584 1
6584 1
6584 1
6584 1
6584 1
6584 1
6584 1
6584 1
6584 1
6584 1
6584 1
6584 1
6584 1
6584 1
6584 1
6584 1
6584 1
6584 1
6584 1
6584 1
6584 1
6584 1
6584 1
6584 1
6584 1
6584 1
6584 1
2707 1
2707 1
2707 1
2707 1
2707 1
2707 1
2707 1
2707 1
2707 1
2707 1
2707 1
2707 1
2707 1
2707 1
2707 1
2707 1
2707 1
2707 1
2707 1
2707 1
2707 1
2707 1
2707 1
2707 1
2707 1
2707 1
2707 1
2707 1
2707 1
2707 1
2707 1
2707 1
2707 1
2707 1
2707 1
2707 1
2707 1
2801 1
2801 1
2801 1
2801 1
2801 1
2801 1
2801 1
2801 1
2801 1
2801 1
2801 1
2801 1
2801 1
2801 1
2801 1
2801 1
2801 1
2801 1
2801 1
2801 1
2801 1
2801 1
2801 1
2801 1
2801 1
2801 1
2801 1
2801 1
2801 1
2801 1
2801 1
2801 1
2801 1
2801 1
2801 1
2801 1
2801 1
5757 1
5757 1
5757 1
5757 1
5757 1
5757 1
5757 1
5757 1
5757 1
5757 1
5757 1
5757 1
5757 1
5757 1
5757 1
5757 1
5757 1
5757 1
5757 1
5757 1
5757 1
5757 1
5757 1
5757 1
5757 1
5757 1
5757 1
5757 1
5757 1
5757 1
5757 1
5757 1
5757 1
5757 1
5757 1
5757 1
5757 1
5800 1
5800 1
5800 1
5800 1
5800 1
5800 1
5800 1
5800 1
5800 1
5800 1
5800 1
5800 1
5800 1
5800 1
5800 1
5800 1
5800 1
5800 1
5800 1
5800 1
5800 1
5800 1
5800 1
5800 1
5800 1
5800 1
5800 1
5800 1
5800 1
5800 1
5800 1
5800 1
5800 1
5800 1
5800 1
5800 1
5800 1
5957 1
5957 1
5957 1
5957 1
5957 1
5957 1
5957 1
5957 1
5957 1
5957 1
5957 1
5957 1
5957 1
5957 1
5957 1
5957 1
5957 1
5957 1
5957 1
5957 1
5957 1
5957 1
5957 1
5957 1
5957 1
5957 1
5957 1
5957 1
5957 1
5957 1
5957 1
5957 1
5957 1
5957 1
5957 1
5957 1
5957 1
6585 1
6585 1
6585 1
6585 1
6585 1
6585 1
6585 1
6585 1
6585 1
6585 1
6585 1
6585 1
6585 1
6585 1
6585 1
6585 1
6585 1
6585 1
6585 1
6585 1
6585 1
6585 1
6585 1
6585 1
6585 1
6585 1
6585 1
6585 1
6585 1
6585 1
6585 1
6585 1
6585 1
6585 1
6585 1
6585 1
6585 1
2615 1
2615 1
2615 1
2615 1
2615 1
2615 1
2615 1
2615 1
2615 1
2615 1
2615 1
2615 1
2615 1
2615 1
2615 1
2615 1
2615 1
2615 1
2615 1
2615 1
2615 1
2615 1
2615 1
2615 1
2615 1
2615 1
2615 1
2615 1
2615 1
2615 1
2615 1
2615 1
2615 1
2615 1
2615 1
2615 1
2615 1
5712 1
5712 1
5712 1
5712 1
5712 1
5712 1
5712 1
5712 1
5712 1
5712 1
5712 1
5712 1
5712 1
5712 1
5712 1
5712 1
5712 1
5712 1
5712 1
5712 1
5712 1
5712 1
5712 1
5712 1
5712 1
5712 1
5712 1
5712 1
5712 1
5712 1
5712 1
5712 1
5712 1
5712 1
5712 1
5712 1
5712 1
5801 1
5801 1
5801 1
5801 1
5801 1
5801 1
5801 1
5801 1
5801 1
5801 1
5801 1
5801 1
5801 1
5801 1
5801 1
5801 1
5801 1
5801 1
5801 1
5801 1
5801 1
5801 1
5801 1
5801 1
5801 1
5801 1
5801 1
5801 1
5801 1
5801 1
5801 1
5801 1
5801 1
5801 1
5801 1
5801 1
5801 1
5843 1
5843 1
5843 1
5843 1
5843 1
5843 1
5843 1
5843 1
5843 1
5843 1
5843 1
5843 1
5843 1
5843 1
5843 1
5843 1
5843 1
5843 1
5843 1
5843 1
5843 1
5843 1
5843 1
5843 1
5843 1
5843 1
5843 1
5843 1
5843 1
5843 1
5843 1
5843 1
5843 1
5843 1
5843 1
5843 1
5843 1
5883 1
5883 1
5883 1
5883 1
5883 1
5883 1
5883 1
5883 1
5883 1
5883 1
5883 1
5883 1
5883 1
5883 1
5883 1
5883 1
5883 1
5883 1
5883 1
5883 1
5883 1
5883 1
5883 1
5883 1
5883 1
5883 1
5883 1
5883 1
5883 1
5883 1
5883 1
5883 1
5883 1
5883 1
5883 1
5883 1
5883 1
5920 1
5920 1
5920 1
5920 1
5920 1
5920 1
5920 1
5920 1
5920 1
5920 1
5920 1
5920 1
5920 1
5920 1
5920 1
5920 1
5920 1
5920 1
5920 1
5920 1
5920 1
5920 1
5920 1
5920 1
5920 1
5920 1
5920 1
5920 1
5920 1
5920 1
5920 1
5920 1
5920 1
5920 1
5920 1
5920 1
5920 1
5958 1
5958 1
5958 1
5958 1
5958 1
5958 1
5958 1
5958 1
5958 1
5958 1
5958 1
5958 1
5958 1
5958 1
5958 1
5958 1
5958 1
5958 1
5958 1
5958 1
5958 1
5958 1
5958 1
5958 1
5958 1
5958 1
5958 1
5958 1
5958 1
5958 1
5958 1
5958 1
5958 1
5958 1
5958 1
5958 1
5958 1
5996 1
5996 1
5996 1
5996 1
5996 1
5996 1
5996 1
5996 1
5996 1
5996 1
5996 1
5996 1
5996 1
5996 1
5996 1
5996 1
5996 1
5996 1
5996 1
5996 1
5996 1
5996 1
5996 1
5996 1
5996 1
5996 1
5996 1
5996 1
5996 1
5996 1
5996 1
5996 1
5996 1
5996 1
5996 1
5996 1
5996 1
6034 1
6034 1
6034 1
6034 1
6034 1
6034 1
6034 1
6034 1
6034 1
6034 1
6034 1
6034 1
6034 1
6034 1
6034 1
6034 1
6034 1
6034 1
6034 1
6034 1
6034 1
6034 1
6034 1
6034 1
6034 1
6034 1
6034 1
6034 1
6034 1
6034 1
6034 1
6034 1
6034 1
6034 1
6034 1
6034 1
6034 1
6186 1
6186 1
6186 1
6186 1
6186 1
6186 1
6186 1
6186 1
6186 1
6186 1
6186 1
6186 1
6186 1
6186 1
6186 1
6186 1
6186 1
6186 1
6186 1
6186 1
6186 1
6186 1
6186 1
6186 1
6186 1
6186 1
6186 1
6186 1
6186 1
6186 1
6186 1
6186 1
6186 1
6186 1
6186 1
6186 1
6186 1
5845 1
5845 1
5845 1
5845 1
5845 1
5845 1
5845 1
5845 1
5845 1
5845 1
5845 1
5845 1
5845 1
5845 1
5845 1
5845 1
5845 1
5845 1
5845 1
5845 1
5845 1
5845 1
5845 1
5845 1
5845 1
5845 1
5845 1
5845 1
5845 1
5845 1
5845 1
5845 1
5845 1
5845 1
5845 1
5845 1
5845 1
6114 1
6114 1
6114 1
6114 1
6114 1
6114 1
6114 1
6114 1
6114 1
6114 1
6114 1
6114 1
6114 1
6114 1
6114 1
6114 1
6114 1
6114 1
6114 1
6114 1
6114 1
6114 1
6114 1
6114 1
6114 1
6114 1
6114 1
6114 1
6114 1
6114 1
6114 1
6114 1
6114 1
6114 1
6114 1
6114 1
6114 1
6352 1
6352 1
6352 1
6352 1
6352 1
6352 1
6352 1
6352 1
6352 1
6352 1
6352 1
6352 1
6352 1
6352 1
6352 1
6352 1
6352 1
6352 1
6352 1
6352 1
6352 1
6352 1
6352 1
6352 1
6352 1
6352 1
6352 1
6352 1
6352 1
6352 1
6352 1
6352 1
6352 1
6352 1
6352 1
6352 1
6352 1
2911 1
2911 1
2911 1
2911 1
2911 1
2911 1
2911 1
2911 1
2911 1
2911 1
2911 1
2911 1
2911 1
2911 1
2911 1
2911 1
2911 1
2911 1
2911 1
2911 1
2911 1
2911 1
2911 1
2911 1
2911 1
2911 1
2911 1
2911 1
2911 1
2911 1
2911 1
2911 1
2911 1
2911 1
2911 1
2911 1
2911 1
2539 1
2539 1
2539 1
2539 1
2539 1
2539 1
2539 1
2539 1
2539 1
2539 1
2539 1
2539 1
2539 1
2539 1
2539 1
2539 1
2539 1
2539 1
2539 1
2539 1
2539 1
2539 1
2539 1
2539 1
2539 1
2539 1
2539 1
2539 1
2539 1
2539 1
2539 1
2539 1
2539 1
2539 1
2539 1
2539 1
2539 1
2630 1
2630 1
2630 1
2630 1
2630 1
2630 1
2630 1
2630 1
2630 1
2630 1
2630 1
2630 1
2630 1
2630 1
2630 1
2630 1
2630 1
2630 1
2630 1
2630 1
2630 1
2630 1
2630 1
2630 1
2630 1
2630 1
2630 1
2630 1
2630 1
2630 1
2630 1
2630 1
2630 1
2630 1
2630 1
2630 1
2630 1
4279 1
4279 1
4279 1
4279 1
4279 1
4279 1
4279 1
4279 1
4279 1
4279 1
4279 1
4279 1
4279 1
4279 1
4279 1
4279 1
4279 1
4279 1
4279 1
4279 1
4279 1
4279 1
4279 1
4279 1
4279 1
4279 1
4279 1
4279 1
4279 1
4279 1
4279 1
4279 1
4279 1
4279 1
4279 1
4279 1
4279 1
4023 1
4023 1
4023 1
4023 1
4023 1
4023 1
4023 1
4023 1
4023 1
4023 1
4023 1
4023 1
4023 1
4023 1
4023 1
4023 1
4023 1
4023 1
4023 1
4023 1
4023 1
4023 1
4023 1
4023 1
4023 1
4023 1
4023 1
4023 1
4023 1
4023 1
4023 1
4023 1
4023 1
4023 1
4023 1
4023 1
4023 1
3003 1
3003 1
3003 1
3003 1
3003 1
3003 1
3003 1
3003 1
3003 1
3003 1
3003 1
3003 1
3003 1
3003 1
3003 1
3003 1
3003 1
3003 1
3003 1
3003 1
3003 1
3003 1
3003 1
3003 1
3003 1
3003 1
3003 1
3003 1
3003 1
3003 1
3003 1
3003 1
3003 1
3003 1
3003 1
3003 1
3003 1
4075 1
4075 1
4075 1
4075 1
4075 1
4075 1
4075 1
4075 1
4075 1
4075 1
4075 1
4075 1
4075 1
4075 1
4075 1
4075 1
4075 1
4075 1
4075 1
4075 1
4075 1
4075 1
4075 1
4075 1
4075 1
4075 1
4075 1
4075 1
4075 1
4075 1
4075 1
4075 1
4075 1
4075 1
4075 1
4075 1
4075 1
4163 1
4163 1
4163 1
4163 1
4163 1
4163 1
4163 1
4163 1
4163 1
4163 1
4163 1
4163 1
4163 1
4163 1
4163 1
4163 1
4163 1
4163 1
4163 1
4163 1
4163 1
4163 1
4163 1
4163 1
4163 1
4163 1
4163 1
4163 1
4163 1
4163 1
4163 1
4163 1
4163 1
4163 1
4163 1
4163 1
4163 1
4121 1
4121 1
4121 1
4121 1
4121 1
4121 1
4121 1
4121 1
4121 1
4121 1
4121 1
4121 1
4121 1
4121 1
4121 1
4121 1
4121 1
4121 1
4121 1
4121 1
4121 1
4121 1
4121 1
4121 1
4121 1
4121 1
4121 1
4121 1
4121 1
4121 1
4121 1
4121 1
4121 1
4121 1
4121 1
4121 1
4121 1
3683 1
3683 1
3683 1
3683 1
3683 1
3683 1
3683 1
3683 1
3683 1
3683 1
3683 1
3683 1
3683 1
3683 1
3683 1
3683 1
3683 1
3683 1
3683 1
3683 1
3683 1
3683 1
3683 1
3683 1
3683 1
3683 1
3683 1
3683 1
3683 1
3683 1
3683 1
3683 1
3683 1
3683 1
3683 1
3683 1
3683 1
3856 1
3856 1
3856 1
3856 1
3856 1
3856 1
3856 1
3856 1
3856 1
3856 1
3856 1
3856 1
3856 1
3856 1
3856 1
3856 1
3856 1
3856 1
3856 1
3856 1
3856 1
3856 1
3856 1
3856 1
3856 1
3856 1
3856 1
3856 1
3856 1
3856 1
3856 1
3856 1
3856 1
3856 1
3856 1
3856 1
3856 1
4122 1
4122 1
4122 1
4122 1
4122 1
4122 1
4122 1
4122 1
4122 1
4122 1
4122 1
4122 1
4122 1
4122 1
4122 1
4122 1
4122 1
4122 1
4122 1
4122 1
4122 1
4122 1
4122 1
4122 1
4122 1
4122 1
4122 1
4122 1
4122 1
4122 1
4122 1
4122 1
4122 1
4122 1
4122 1
4122 1
4122 1
3744 1
3744 1
3744 1
3744 1
3744 1
3744 1
3744 1
3744 1
3744 1
3744 1
3744 1
3744 1
3744 1
3744 1
3744 1
3744 1
3744 1
3744 1
3744 1
3744 1
3744 1
3744 1
3744 1
3744 1
3744 1
3744 1
3744 1
3744 1
3744 1
3744 1
3744 1
3744 1
3744 1
3744 1
3744 1
3744 1
3744 1
3913 1
3913 1
3913 1
3913 1
3913 1
3913 1
3913 1
3913 1
3913 1
3913 1
3913 1
3913 1
3913 1
3913 1
3913 1
3913 1
3913 1
3913 1
3913 1
3913 1
3913 1
3913 1
3913 1
3913 1
3913 1
3913 1
3913 1
3913 1
3913 1
3913 1
3913 1
3913 1
3913 1
3913 1
3913 1
3913 1
3913 1
4027 1
4027 1
4027 1
4027 1
4027 1
4027 1
4027 1
4027 1
4027 1
4027 1
4027 1
4027 1
4027 1
4027 1
4027 1
4027 1
4027 1
4027 1
4027 1
4027 1
4027 1
4027 1
4027 1
4027 1
4027 1
4027 1
4027 1
4027 1
4027 1
4027 1
4027 1
4027 1
4027 1
4027 1
4027 1
4027 1
4027 1
3745 1
3745 1
3745 1
3745 1
3745 1
3745 1
3745 1
3745 1
3745 1
3745 1
3745 1
3745 1
3745 1
3745 1
3745 1
3745 1
3745 1
3745 1
3745 1
3745 1
3745 1
3745 1
3745 1
3745 1
3745 1
3745 1
3745 1
3745 1
3745 1
3745 1
3745 1
3745 1
3745 1
3745 1
3745 1
3745 1
3745 1
4369 1
4369 1
4369 1
4369 1
4369 1
4369 1
4369 1
4369 1
4369 1
4369 1
4369 1
4369 1
4369 1
4369 1
4369 1
4369 1
4369 1
4369 1
4369 1
4369 1
4369 1
4369 1
4369 1
4369 1
4369 1
4369 1
4369 1
4369 1
4369 1
4369 1
4369 1
4369 1
4369 1
4369 1
4369 1
4369 1
4369 1
4449 1
4449 1
4449 1
4449 1
4449 1
4449 1
4449 1
4449 1
4449 1
4449 1
4449 1
4449 1
4449 1
4449 1
4449 1
4449 1
4449 1
4449 1
4449 1
4449 1
4449 1
4449 1
4449 1
4449 1
4449 1
4449 1
4449 1
4449 1
4449 1
4449 1
4449 1
4449 1
4449 1
4449 1
4449 1
4449 1
4449 1
4487 1
4487 1
4487 1
4487 1
4487 1
4487 1
4487 1
4487 1
4487 1
4487 1
4487 1
4487 1
4487 1
4487 1
4487 1
4487 1
4487 1
4487 1
4487 1
4487 1
4487 1
4487 1
4487 1
4487 1
4487 1
4487 1
4487 1
4487 1
4487 1
4487 1
4487 1
4487 1
4487 1
4487 1
4487 1
4487 1
4487 1
4524 1
4524 1
4524 1
4524 1
4524 1
4524 1
4524 1
4524 1
4524 1
4524 1
4524 1
4524 1
4524 1
4524 1
4524 1
4524 1
4524 1
4524 1
4524 1
4524 1
4524 1
4524 1
4524 1
4524 1
4524 1
4524 1
4524 1
4524 1
4524 1
4524 1
4524 1
4524 1
4524 1
4524 1
4524 1
4524 1
4524 1
4327 1
4327 1
4327 1
4327 1
4327 1
4327 1
4327 1
4327 1
4327 1
4327 1
4327 1
4327 1
4327 1
4327 1
4327 1
4327 1
4327 1
4327 1
4327 1
4327 1
4327 1
4327 1
4327 1
4327 1
4327 1
4327 1
4327 1
4327 1
4327 1
4327 1
4327 1
4327 1
4327 1
4327 1
4327 1
4327 1
4327 1
4370 1
4370 1
4370 1
4370 1
4370 1
4370 1
4370 1
4370 1
4370 1
4370 1
4370 1
4370 1
4370 1
4370 1
4370 1
4370 1
4370 1
4370 1
4370 1
4370 1
4370 1
4370 1
4370 1
4370 1
4370 1
4370 1
4370 1
4370 1
4370 1
4370 1
4370 1
4370 1
4370 1
4370 1
4370 1
4370 1
4370 1
4410 1
4410 1
4410 1
4410 1
4410 1
4410 1
4410 1
4410 1
4410 1
4410 1
4410 1
4410 1
4410 1
4410 1
4410 1
4410 1
4410 1
4410 1
4410 1
4410 1
4410 1
4410 1
4410 1
4410 1
4410 1
4410 1
4410 1
4410 1
4410 1
4410 1
4410 1
4410 1
4410 1
4410 1
4410 1
4410 1
4410 1
3916 1
3916 1
3916 1
3916 1
3916 1
3916 1
3916 1
3916 1
3916 1
3916 1
3916 1
3916 1
3916 1
3916 1
3916 1
3916 1
3916 1
3916 1
3916 1
3916 1
3916 1
3916 1
3916 1
3916 1
3916 1
3916 1
3916 1
3916 1
3916 1
3916 1
3916 1
3916 1
3916 1
3916 1
3916 1
3916 1
3916 1
4081 1
4081 1
4081 1
4081 1
4081 1
4081 1
4081 1
4081 1
4081 1
4081 1
4081 1
4081 1
4081 1
4081 1
4081 1
4081 1
4081 1
4081 1
4081 1
4081 1
4081 1
4081 1
4081 1
4081 1
4081 1
4081 1
4081 1
4081 1
4081 1
4081 1
4081 1
4081 1
4081 1
4081 1
4081 1
4081 1
4081 1
4206 1
4206 1
4206 1
4206 1
4206 1
4206 1
4206 1
4206 1
4206 1
4206 1
4206 1
4206 1
4206 1
4206 1
4206 1
4206 1
4206 1
4206 1
4206 1
4206 1
4206 1
4206 1
4206 1
4206 1
4206 1
4206 1
4206 1
4206 1
4206 1
4206 1
4206 1
4206 1
4206 1
4206 1
4206 1
4206 1
4206 1
4287 1
4287 1
4287 1
4287 1
4287 1
4287 1
4287 1
4287 1
4287 1
4287 1
4287 1
4287 1
4287 1
4287 1
4287 1
4287 1
4287 1
4287 1
4287 1
4287 1
4287 1
4287 1
4287 1
4287 1
4287 1
4287 1
4287 1
4287 1
4287 1
4287 1
4287 1
4287 1
4287 1
4287 1
4287 1
4287 1
4287 1
4328 1
4328 1
4328 1
4328 1
4328 1
4328 1
4328 1
4328 1
4328 1
4328 1
4328 1
4328 1
4328 1
4328 1
4328 1
4328 1
4328 1
4328 1
4328 1
4328 1
4328 1
4328 1
4328 1
4328 1
4328 1
4328 1
4328 1
4328 1
4328 1
4328 1
4328 1
4328 1
4328 1
4328 1
4328 1
4328 1
4328 1
4371 1
4371 1
4371 1
4371 1
4371 1
4371 1
4371 1
4371 1
4371 1
4371 1
4371 1
4371 1
4371 1
4371 1
4371 1
4371 1
4371 1
4371 1
4371 1
4371 1
4371 1
4371 1
4371 1
4371 1
4371 1
4371 1
4371 1
4371 1
4371 1
4371 1
4371 1
4371 1
4371 1
4371 1
4371 1
4371 1
4371 1
4411 1
4411 1
4411 1
4411 1
4411 1
4411 1
4411 1
4411 1
4411 1
4411 1
4411 1
4411 1
4411 1
4411 1
4411 1
4411 1
4411 1
4411 1
4411 1
4411 1
4411 1
4411 1
4411 1
4411 1
4411 1
4411 1
4411 1
4411 1
4411 1
4411 1
4411 1
4411 1
4411 1
4411 1
4411 1
4411 1
4411 1
4288 1
4288 1
4288 1
4288 1
4288 1
4288 1
4288 1
4288 1
4288 1
4288 1
4288 1
4288 1
4288 1
4288 1
4288 1
4288 1
4288 1
4288 1
4288 1
4288 1
4288 1
4288 1
4288 1
4288 1
4288 1
4288 1
4288 1
4288 1
4288 1
4288 1
4288 1
4288 1
4288 1
4288 1
4288 1
4288 1
4288 1
4329 1
4329 1
4329 1
4329 1
4329 1
4329 1
4329 1
4329 1
4329 1
4329 1
4329 1
4329 1
4329 1
4329 1
4329 1
4329 1
4329 1
4329 1
4329 1
4329 1
4329 1
4329 1
4329 1
4329 1
4329 1
4329 1
4329 1
4329 1
4329 1
4329 1
4329 1
4329 1
4329 1
4329 1
4329 1
4329 1
4329 1
4372 1
4372 1
4372 1
4372 1
4372 1
4372 1
4372 1
4372 1
4372 1
4372 1
4372 1
4372 1
4372 1
4372 1
4372 1
4372 1
4372 1
4372 1
4372 1
4372 1
4372 1
4372 1
4372 1
4372 1
4372 1
4372 1
4372 1
4372 1
4372 1
4372 1
4372 1
4372 1
4372 1
4372 1
4372 1
4372 1
4372 1
4412 1
4412 1
4412 1
4412 1
4412 1
4412 1
4412 1
4412 1
4412 1
4412 1
4412 1
4412 1
4412 1
4412 1
4412 1
4412 1
4412 1
4412 1
4412 1
4412 1
4412 1
4412 1
4412 1
4412 1
4412 1
4412 1
4412 1
4412 1
4412 1
4412 1
4412 1
4412 1
4412 1
4412 1
4412 1
4412 1
4412 1
4452 1
4452 1
4452 1
4452 1
4452 1
4452 1
4452 1
4452 1
4452 1
4452 1
4452 1
4452 1
4452 1
4452 1
4452 1
4452 1
4452 1
4452 1
4452 1
4452 1
4452 1
4452 1
4452 1
4452 1
4452 1
4452 1
4452 1
4452 1
4452 1
4452 1
4452 1
4452 1
4452 1
4452 1
4452 1
4452 1
4452 1
4032 1
4032 1
4032 1
4032 1
4032 1
4032 1
4032 1
4032 1
4032 1
4032 1
4032 1
4032 1
4032 1
4032 1
4032 1
4032 1
4032 1
4032 1
4032 1
4032 1
4032 1
4032 1
4032 1
4032 1
4032 1
4032 1
4032 1
4032 1
4032 1
4032 1
4032 1
4032 1
4032 1
4032 1
4032 1
4032 1
4032 1
4208 1
4208 1
4208 1
4208 1
4208 1
4208 1
4208 1
4208 1
4208 1
4208 1
4208 1
4208 1
4208 1
4208 1
4208 1
4208 1
4208 1
4208 1
4208 1
4208 1
4208 1
4208 1
4208 1
4208 1
4208 1
4208 1
4208 1
4208 1
4208 1
4208 1
4208 1
4208 1
4208 1
4208 1
4208 1
4208 1
4208 1
4246 1
4246 1
4246 1
4246 1
4246 1
4246 1
4246 1
4246 1
4246 1
4246 1
4246 1
4246 1
4246 1
4246 1
4246 1
4246 1
4246 1
4246 1
4246 1
4246 1
4246 1
4246 1
4246 1
4246 1
4246 1
4246 1
4246 1
4246 1
4246 1
4246 1
4246 1
4246 1
4246 1
4246 1
4246 1
4246 1
4246 1
4289 1
4289 1
4289 1
4289 1
4289 1
4289 1
4289 1
4289 1
4289 1
4289 1
4289 1
4289 1
4289 1
4289 1
4289 1
4289 1
4289 1
4289 1
4289 1
4289 1
4289 1
4289 1
4289 1
4289 1
4289 1
4289 1
4289 1
4289 1
4289 1
4289 1
4289 1
4289 1
4289 1
4289 1
4289 1
4289 1
4289 1
4330 1
4330 1
4330 1
4330 1
4330 1
4330 1
4330 1
4330 1
4330 1
4330 1
4330 1
4330 1
4330 1
4330 1
4330 1
4330 1
4330 1
4330 1
4330 1
4330 1
4330 1
4330 1
4330 1
4330 1
4330 1
4330 1
4330 1
4330 1
4330 1
4330 1
4330 1
4330 1
4330 1
4330 1
4330 1
4330 1
4330 1
4373 1
4373 1
4373 1
4373 1
4373 1
4373 1
4373 1
4373 1
4373 1
4373 1
4373 1
4373 1
4373 1
4373 1
4373 1
4373 1
4373 1
4373 1
4373 1
4373 1
4373 1
4373 1
4373 1
4373 1
4373 1
4373 1
4373 1
4373 1
4373 1
4373 1
4373 1
4373 1
4373 1
4373 1
4373 1
4373 1
4373 1
4413 1
4413 1
4413 1
4413 1
4413 1
4413 1
4413 1
4413 1
4413 1
4413 1
4413 1
4413 1
4413 1
4413 1
4413 1
4413 1
4413 1
4413 1
4413 1
4413 1
4413 1
4413 1
4413 1
4413 1
4413 1
4413 1
4413 1
4413 1
4413 1
4413 1
4413 1
4413 1
4413 1
4413 1
4413 1
4413 1
4413 1
3919 1
3919 1
3919 1
3919 1
3919 1
3919 1
3919 1
3919 1
3919 1
3919 1
3919 1
3919 1
3919 1
3919 1
3919 1
3919 1
3919 1
3919 1
3919 1
3919 1
3919 1
3919 1
3919 1
3919 1
3919 1
3919 1
3919 1
3919 1
3919 1
3919 1
3919 1
3919 1
3919 1
3919 1
3919 1
3919 1
3919 1
4033 1
4033 1
4033 1
4033 1
4033 1
4033 1
4033 1
4033 1
4033 1
4033 1
4033 1
4033 1
4033 1
4033 1
4033 1
4033 1
4033 1
4033 1
4033 1
4033 1
4033 1
4033 1
4033 1
4033 1
4033 1
4033 1
4033 1
4033 1
4033 1
4033 1
4033 1
4033 1
4033 1
4033 1
4033 1
4033 1
4033 1
4084 1
4084 1
4084 1
4084 1
4084 1
4084 1
4084 1
4084 1
4084 1
4084 1
4084 1
4084 1
4084 1
4084 1
4084 1
4084 1
4084 1
4084 1
4084 1
4084 1
4084 1
4084 1
4084 1
4084 1
4084 1
4084 1
4084 1
4084 1
4084 1
4084 1
4084 1
4084 1
4084 1
4084 1
4084 1
4084 1
4084 1
4172 1
4172 1
4172 1
4172 1
4172 1
4172 1
4172 1
4172 1
4172 1
4172 1
4172 1
4172 1
4172 1
4172 1
4172 1
4172 1
4172 1
4172 1
4172 1
4172 1
4172 1
4172 1
4172 1
4172 1
4172 1
4172 1
4172 1
4172 1
4172 1
4172 1
4172 1
4172 1
4172 1
4172 1
4172 1
4172 1
4172 1
4209 1
4209 1
4209 1
4209 1
4209 1
4209 1
4209 1
4209 1
4209 1
4209 1
4209 1
4209 1
4209 1
4209 1
4209 1
4209 1
4209 1
4209 1
4209 1
4209 1
4209 1
4209 1
4209 1
4209 1
4209 1
4209 1
4209 1
4209 1
4209 1
4209 1
4209 1
4209 1
4209 1
4209 1
4209 1
4209 1
4209 1
4290 1
4290 1
4290 1
4290 1
4290 1
4290 1
4290 1
4290 1
4290 1
4290 1
4290 1
4290 1
4290 1
4290 1
4290 1
4290 1
4290 1
4290 1
4290 1
4290 1
4290 1
4290 1
4290 1
4290 1
4290 1
4290 1
4290 1
4290 1
4290 1
4290 1
4290 1
4290 1
4290 1
4290 1
4290 1
4290 1
4290 1
4331 1
4331 1
4331 1
4331 1
4331 1
4331 1
4331 1
4331 1
4331 1
4331 1
4331 1
4331 1
4331 1
4331 1
4331 1
4331 1
4331 1
4331 1
4331 1
4331 1
4331 1
4331 1
4331 1
4331 1
4331 1
4331 1
4331 1
4331 1
4331 1
4331 1
4331 1
4331 1
4331 1
4331 1
4331 1
4331 1
4331 1
4374 1
4374 1
4374 1
4374 1
4374 1
4374 1
4374 1
4374 1
4374 1
4374 1
4374 1
4374 1
4374 1
4374 1
4374 1
4374 1
4374 1
4374 1
4374 1
4374 1
4374 1
4374 1
4374 1
4374 1
4374 1
4374 1
4374 1
4374 1
4374 1
4374 1
4374 1
4374 1
4374 1
4374 1
4374 1
4374 1
4374 1
4414 1
4414 1
4414 1
4414 1
4414 1
4414 1
4414 1
4414 1
4414 1
4414 1
4414 1
4414 1
4414 1
4414 1
4414 1
4414 1
4414 1
4414 1
4414 1
4414 1
4414 1
4414 1
4414 1
4414 1
4414 1
4414 1
4414 1
4414 1
4414 1
4414 1
4414 1
4414 1
4414 1
4414 1
4414 1
4414 1
4414 1
3920 1
3920 1
3920 1
3920 1
3920 1
3920 1
3920 1
3920 1
3920 1
3920 1
3920 1
3920 1
3920 1
3920 1
3920 1
3920 1
3920 1
3920 1
3920 1
3920 1
3920 1
3920 1
3920 1
3920 1
3920 1
3920 1
3920 1
3920 1
3920 1
3920 1
3920 1
3920 1
3920 1
3920 1
3920 1
3920 1
3920 1
3974 1
3974 1
3974 1
3974 1
3974 1
3974 1
3974 1
3974 1
3974 1
3974 1
3974 1
3974 1
3974 1
3974 1
3974 1
3974 1
3974 1
3974 1
3974 1
3974 1
3974 1
3974 1
3974 1
3974 1
3974 1
3974 1
3974 1
3974 1
3974 1
3974 1
3974 1
3974 1
3974 1
3974 1
3974 1
3974 1
3974 1
4034 1
4034 1
4034 1
4034 1
4034 1
4034 1
4034 1
4034 1
4034 1
4034 1
4034 1
4034 1
4034 1
4034 1
4034 1
4034 1
4034 1
4034 1
4034 1
4034 1
4034 1
4034 1
4034 1
4034 1
4034 1
4034 1
4034 1
4034 1
4034 1
4034 1
4034 1
4034 1
4034 1
4034 1
4034 1
4034 1
4034 1
4248 1
4248 1
4248 1
4248 1
4248 1
4248 1
4248 1
4248 1
4248 1
4248 1
4248 1
4248 1
4248 1
4248 1
4248 1
4248 1
4248 1
4248 1
4248 1
4248 1
4248 1
4248 1
4248 1
4248 1
4248 1
4248 1
4248 1
4248 1
4248 1
4248 1
4248 1
4248 1
4248 1
4248 1
4248 1
4248 1
4248 1
4291 1
4291 1
4291 1
4291 1
4291 1
4291 1
4291 1
4291 1
4291 1
4291 1
4291 1
4291 1
4291 1
4291 1
4291 1
4291 1
4291 1
4291 1
4291 1
4291 1
4291 1
4291 1
4291 1
4291 1
4291 1
4291 1
4291 1
4291 1
4291 1
4291 1
4291 1
4291 1
4291 1
4291 1
4291 1
4291 1
4291 1
4332 1
4332 1
4332 1
4332 1
4332 1
4332 1
4332 1
4332 1
4332 1
4332 1
4332 1
4332 1
4332 1
4332 1
4332 1
4332 1
4332 1
4332 1
4332 1
4332 1
4332 1
4332 1
4332 1
4332 1
4332 1
4332 1
4332 1
4332 1
4332 1
4332 1
4332 1
4332 1
4332 1
4332 1
4332 1
4332 1
4332 1
4375 1
4375 1
4375 1
4375 1
4375 1
4375 1
4375 1
4375 1
4375 1
4375 1
4375 1
4375 1
4375 1
4375 1
4375 1
4375 1
4375 1
4375 1
4375 1
4375 1
4375 1
4375 1
4375 1
4375 1
4375 1
4375 1
4375 1
4375 1
4375 1
4375 1
4375 1
4375 1
4375 1
4375 1
4375 1
4375 1
4375 1
4415 1
4415 1
4415 1
4415 1
4415 1
4415 1
4415 1
4415 1
4415 1
4415 1
4415 1
4415 1
4415 1
4415 1
4415 1
4415 1
4415 1
4415 1
4415 1
4415 1
4415 1
4415 1
4415 1
4415 1
4415 1
4415 1
4415 1
4415 1
4415 1
4415 1
4415 1
4415 1
4415 1
4415 1
4415 1
4415 1
4415 1
3865 1
3865 1
3865 1
3865 1
3865 1
3865 1
3865 1
3865 1
3865 1
3865 1
3865 1
3865 1
3865 1
3865 1
3865 1
3865 1
3865 1
3865 1
3865 1
3865 1
3865 1
3865 1
3865 1
3865 1
3865 1
3865 1
3865 1
3865 1
3865 1
3865 1
3865 1
3865 1
3865 1
3865 1
3865 1
3865 1
3865 1
3975 1
3975 1
3975 1
3975 1
3975 1
3975 1
3975 1
3975 1
3975 1
3975 1
3975 1
3975 1
3975 1
3975 1
3975 1
3975 1
3975 1
3975 1
3975 1
3975 1
3975 1
3975 1
3975 1
3975 1
3975 1
3975 1
3975 1
3975 1
3975 1
3975 1
3975 1
3975 1
3975 1
3975 1
3975 1
3975 1
3975 1
4174 1
4174 1
4174 1
4174 1
4174 1
4174 1
4174 1
4174 1
4174 1
4174 1
4174 1
4174 1
4174 1
4174 1
4174 1
4174 1
4174 1
4174 1
4174 1
4174 1
4174 1
4174 1
4174 1
4174 1
4174 1
4174 1
4174 1
4174 1
4174 1
4174 1
4174 1
4174 1
4174 1
4174 1
4174 1
4174 1
4174 1
4249 1
4249 1
4249 1
4249 1
4249 1
4249 1
4249 1
4249 1
4249 1
4249 1
4249 1
4249 1
4249 1
4249 1
4249 1
4249 1
4249 1
4249 1
4249 1
4249 1
4249 1
4249 1
4249 1
4249 1
4249 1
4249 1
4249 1
4249 1
4249 1
4249 1
4249 1
4249 1
4249 1
4249 1
4249 1
4249 1
4249 1
4292 1
4292 1
4292 1
4292 1
4292 1
4292 1
4292 1
4292 1
4292 1
4292 1
4292 1
4292 1
4292 1
4292 1
4292 1
4292 1
4292 1
4292 1
4292 1
4292 1
4292 1
4292 1
4292 1
4292 1
4292 1
4292 1
4292 1
4292 1
4292 1
4292 1
4292 1
4292 1
4292 1
4292 1
4292 1
4292 1
4292 1
4333 1
4333 1
4333 1
4333 1
4333 1
4333 1
4333 1
4333 1
4333 1
4333 1
4333 1
4333 1
4333 1
4333 1
4333 1
4333 1
4333 1
4333 1
4333 1
4333 1
4333 1
4333 1
4333 1
4333 1
4333 1
4333 1
4333 1
4333 1
4333 1
4333 1
4333 1
4333 1
4333 1
4333 1
4333 1
4333 1
4333 1
4376 1
4376 1
4376 1
4376 1
4376 1
4376 1
4376 1
4376 1
4376 1
4376 1
4376 1
4376 1
4376 1
4376 1
4376 1
4376 1
4376 1
4376 1
4376 1
4376 1
4376 1
4376 1
4376 1
4376 1
4376 1
4376 1
4376 1
4376 1
4376 1
4376 1
4376 1
4376 1
4376 1
4376 1
4376 1
4376 1
4376 1
3866 1
3866 1
3866 1
3866 1
3866 1
3866 1
3866 1
3866 1
3866 1
3866 1
3866 1
3866 1
3866 1
3866 1
3866 1
3866 1
3866 1
3866 1
3866 1
3866 1
3866 1
3866 1
3866 1
3866 1
3866 1
3866 1
3866 1
3866 1
3866 1
3866 1
3866 1
3866 1
3866 1
3866 1
3866 1
3866 1
3866 1
3922 1
3922 1
3922 1
3922 1
3922 1
3922 1
3922 1
3922 1
3922 1
3922 1
3922 1
3922 1
3922 1
3922 1
3922 1
3922 1
3922 1
3922 1
3922 1
3922 1
3922 1
3922 1
3922 1
3922 1
3922 1
3922 1
3922 1
3922 1
3922 1
3922 1
3922 1
3922 1
3922 1
3922 1
3922 1
3922 1
3922 1
3976 1
3976 1
3976 1
3976 1
3976 1
3976 1
3976 1
3976 1
3976 1
3976 1
3976 1
3976 1
3976 1
3976 1
3976 1
3976 1
3976 1
3976 1
3976 1
3976 1
3976 1
3976 1
3976 1
3976 1
3976 1
3976 1
3976 1
3976 1
3976 1
3976 1
3976 1
3976 1
3976 1
3976 1
3976 1
3976 1
3976 1
4212 1
4212 1
4212 1
4212 1
4212 1
4212 1
4212 1
4212 1
4212 1
4212 1
4212 1
4212 1
4212 1
4212 1
4212 1
4212 1
4212 1
4212 1
4212 1
4212 1
4212 1
4212 1
4212 1
4212 1
4212 1
4212 1
4212 1
4212 1
4212 1
4212 1
4212 1
4212 1
4212 1
4212 1
4212 1
4212 1
4212 1
4250 1
4250 1
4250 1
4250 1
4250 1
4250 1
4250 1
4250 1
4250 1
4250 1
4250 1
4250 1
4250 1
4250 1
4250 1
4250 1
4250 1
4250 1
4250 1
4250 1
4250 1
4250 1
4250 1
4250 1
4250 1
4250 1
4250 1
4250 1
4250 1
4250 1
4250 1
4250 1
4250 1
4250 1
4250 1
4250 1
4250 1
4377 1
4377 1
4377 1
4377 1
4377 1
4377 1
4377 1
4377 1
4377 1
4377 1
4377 1
4377 1
4377 1
4377 1
4377 1
4377 1
4377 1
4377 1
4377 1
4377 1
4377 1
4377 1
4377 1
4377 1
4377 1
4377 1
4377 1
4377 1
4377 1
4377 1
4377 1
4377 1
4377 1
4377 1
4377 1
4377 1
4377 1
3753 1
3753 1
3753 1
3753 1
3753 1
3753 1
3753 1
3753 1
3753 1
3753 1
3753 1
3753 1
3753 1
3753 1
3753 1
3753 1
3753 1
3753 1
3753 1
3753 1
3753 1
3753 1
3753 1
3753 1
3753 1
3753 1
3753 1
3753 1
3753 1
3753 1
3753 1
3753 1
3753 1
3753 1
3753 1
3753 1
3753 1
3867 1
3867 1
3867 1
3867 1
3867 1
3867 1
3867 1
3867 1
3867 1
3867 1
3867 1
3867 1
3867 1
3867 1
3867 1
3867 1
3867 1
3867 1
3867 1
3867 1
3867 1
3867 1
3867 1
3867 1
3867 1
3867 1
3867 1
3867 1
3867 1
3867 1
3867 1
3867 1
3867 1
3867 1
3867 1
3867 1
3867 1
3923 1
3923 1
3923 1
3923 1
3923 1
3923 1
3923 1
3923 1
3923 1
3923 1
3923 1
3923 1
3923 1
3923 1
3923 1
3923 1
3923 1
3923 1
3923 1
3923 1
3923 1
3923 1
3923 1
3923 1
3923 1
3923 1
3923 1
3923 1
3923 1
3923 1
3923 1
3923 1
3923 1
3923 1
3923 1
3923 1
3923 1
3977 1
3977 1
3977 1
3977 1
3977 1
3977 1
3977 1
3977 1
3977 1
3977 1
3977 1
3977 1
3977 1
3977 1
3977 1
3977 1
3977 1
3977 1
3977 1
3977 1
3977 1
3977 1
3977 1
3977 1
3977 1
3977 1
3977 1
3977 1
3977 1
3977 1
3977 1
3977 1
3977 1
3977 1
3977 1
3977 1
3977 1
4037 1
4037 1
4037 1
4037 1
4037 1
4037 1
4037 1
4037 1
4037 1
4037 1
4037 1
4037 1
4037 1
4037 1
4037 1
4037 1
4037 1
4037 1
4037 1
4037 1
4037 1
4037 1
4037 1
4037 1
4037 1
4037 1
4037 1
4037 1
4037 1
4037 1
4037 1
4037 1
4037 1
4037 1
4037 1
4037 1
4037 1
4088 1
4088 1
4088 1
4088 1
4088 1
4088 1
4088 1
4088 1
4088 1
4088 1
4088 1
4088 1
4088 1
4088 1
4088 1
4088 1
4088 1
4088 1
4088 1
4088 1
4088 1
4088 1
4088 1
4088 1
4088 1
4088 1
4088 1
4088 1
4088 1
4088 1
4088 1
4088 1
4088 1
4088 1
4088 1
4088 1
4088 1
4133 1
4133 1
4133 1
4133 1
4133 1
4133 1
4133 1
4133 1
4133 1
4133 1
4133 1
4133 1
4133 1
4133 1
4133 1
4133 1
4133 1
4133 1
4133 1
4133 1
4133 1
4133 1
4133 1
4133 1
4133 1
4133 1
4133 1
4133 1
4133 1
4133 1
4133 1
4133 1
4133 1
4133 1
4133 1
4133 1
4133 1
4213 1
4213 1
4213 1
4213 1
4213 1
4213 1
4213 1
4213 1
4213 1
4213 1
4213 1
4213 1
4213 1
4213 1
4213 1
4213 1
4213 1
4213 1
4213 1
4213 1
4213 1
4213 1
4213 1
4213 1
4213 1
4213 1
4213 1
4213 1
4213 1
4213 1
4213 1
4213 1
4213 1
4213 1
4213 1
4213 1
4213 1
4251 1
4251 1
4251 1
4251 1
4251 1
4251 1
4251 1
4251 1
4251 1
4251 1
4251 1
4251 1
4251 1
4251 1
4251 1
4251 1
4251 1
4251 1
4251 1
4251 1
4251 1
4251 1
4251 1
4251 1
4251 1
4251 1
4251 1
4251 1
4251 1
4251 1
4251 1
4251 1
4251 1
4251 1
4251 1
4251 1
4251 1
4294 1
4294 1
4294 1
4294 1
4294 1
4294 1
4294 1
4294 1
4294 1
4294 1
4294 1
4294 1
4294 1
4294 1
4294 1
4294 1
4294 1
4294 1
4294 1
4294 1
4294 1
4294 1
4294 1
4294 1
4294 1
4294 1
4294 1
4294 1
4294 1
4294 1
4294 1
4294 1
4294 1
4294 1
4294 1
4294 1
4294 1
4335 1
4335 1
4335 1
4335 1
4335 1
4335 1
4335 1
4335 1
4335 1
4335 1
4335 1
4335 1
4335 1
4335 1
4335 1
4335 1
4335 1
4335 1
4335 1
4335 1
4335 1
4335 1
4335 1
4335 1
4335 1
4335 1
4335 1
4335 1
4335 1
4335 1
4335 1
4335 1
4335 1
4335 1
4335 1
4335 1
4335 1
2551 1
2551 1
2551 1
2551 1
2551 1
2551 1
2551 1
2551 1
2551 1
2551 1
2551 1
2551 1
2551 1
2551 1
2551 1
2551 1
2551 1
2551 1
2551 1
2551 1
2551 1
2551 1
2551 1
2551 1
2551 1
2551 1
2551 1
2551 1
2551 1
2551 1
2551 1
2551 1
2551 1
2551 1
2551 1
2551 1
2551 1
3695 1
3695 1
3695 1
3695 1
3695 1
3695 1
3695 1
3695 1
3695 1
3695 1
3695 1
3695 1
3695 1
3695 1
3695 1
3695 1
3695 1
3695 1
3695 1
3695 1
3695 1
3695 1
3695 1
3695 1
3695 1
3695 1
3695 1
3695 1
3695 1
3695 1
3695 1
3695 1
3695 1
3695 1
3695 1
3695 1
3695 1
3924 1
3924 1
3924 1
3924 1
3924 1
3924 1
3924 1
3924 1
3924 1
3924 1
3924 1
3924 1
3924 1
3924 1
3924 1
3924 1
3924 1
3924 1
3924 1
3924 1
3924 1
3924 1
3924 1
3924 1
3924 1
3924 1
3924 1
3924 1
3924 1
3924 1
3924 1
3924 1
3924 1
3924 1
3924 1
3924 1
3924 1
3978 1
3978 1
3978 1
3978 1
3978 1
3978 1
3978 1
3978 1
3978 1
3978 1
3978 1
3978 1
3978 1
3978 1
3978 1
3978 1
3978 1
3978 1
3978 1
3978 1
3978 1
3978 1
3978 1
3978 1
3978 1
3978 1
3978 1
3978 1
3978 1
3978 1
3978 1
3978 1
3978 1
3978 1
3978 1
3978 1
3978 1
4038 1
4038 1
4038 1
4038 1
4038 1
4038 1
4038 1
4038 1
4038 1
4038 1
4038 1
4038 1
4038 1
4038 1
4038 1
4038 1
4038 1
4038 1
4038 1
4038 1
4038 1
4038 1
4038 1
4038 1
4038 1
4038 1
4038 1
4038 1
4038 1
4038 1
4038 1
4038 1
4038 1
4038 1
4038 1
4038 1
4038 1
4089 1
4089 1
4089 1
4089 1
4089 1
4089 1
4089 1
4089 1
4089 1
4089 1
4089 1
4089 1
4089 1
4089 1
4089 1
4089 1
4089 1
4089 1
4089 1
4089 1
4089 1
4089 1
4089 1
4089 1
4089 1
4089 1
4089 1
4089 1
4089 1
4089 1
4089 1
4089 1
4089 1
4089 1
4089 1
4089 1
4089 1
4134 1
4134 1
4134 1
4134 1
4134 1
4134 1
4134 1
4134 1
4134 1
4134 1
4134 1
4134 1
4134 1
4134 1
4134 1
4134 1
4134 1
4134 1
4134 1
4134 1
4134 1
4134 1
4134 1
4134 1
4134 1
4134 1
4134 1
4134 1
4134 1
4134 1
4134 1
4134 1
4134 1
4134 1
4134 1
4134 1
4134 1
4177 1
4177 1
4177 1
4177 1
4177 1
4177 1
4177 1
4177 1
4177 1
4177 1
4177 1
4177 1
4177 1
4177 1
4177 1
4177 1
4177 1
4177 1
4177 1
4177 1
4177 1
4177 1
4177 1
4177 1
4177 1
4177 1
4177 1
4177 1
4177 1
4177 1
4177 1
4177 1
4177 1
4177 1
4177 1
4177 1
4177 1
4252 1
4252 1
4252 1
4252 1
4252 1
4252 1
4252 1
4252 1
4252 1
4252 1
4252 1
4252 1
4252 1
4252 1
4252 1
4252 1
4252 1
4252 1
4252 1
4252 1
4252 1
4252 1
4252 1
4252 1
4252 1
4252 1
4252 1
4252 1
4252 1
4252 1
4252 1
4252 1
4252 1
4252 1
4252 1
4252 1
4252 1
4295 1
4295 1
4295 1
4295 1
4295 1
4295 1
4295 1
4295 1
4295 1
4295 1
4295 1
4295 1
4295 1
4295 1
4295 1
4295 1
4295 1
4295 1
4295 1
4295 1
4295 1
4295 1
4295 1
4295 1
4295 1
4295 1
4295 1
4295 1
4295 1
4295 1
4295 1
4295 1
4295 1
4295 1
4295 1
4295 1
4295 1
3567 1
3567 1
3567 1
3567 1
3567 1
3567 1
3567 1
3567 1
3567 1
3567 1
3567 1
3567 1
3567 1
3567 1
3567 1
3567 1
3567 1
3567 1
3567 1
3567 1
3567 1
3567 1
3567 1
3567 1
3567 1
3567 1
3567 1
3567 1
3567 1
3567 1
3567 1
3567 1
3567 1
3567 1
3567 1
3567 1
3567 1
3633 1
3633 1
3633 1
3633 1
3633 1
3633 1
3633 1
3633 1
3633 1
3633 1
3633 1
3633 1
3633 1
3633 1
3633 1
3633 1
3633 1
3633 1
3633 1
3633 1
3633 1
3633 1
3633 1
3633 1
3633 1
3633 1
3633 1
3633 1
3633 1
3633 1
3633 1
3633 1
3633 1
3633 1
3633 1
3633 1
3633 1
