pt_graph shape
102 1
102 1
102 1
102 1
102 1
102 1
102 1
102 1
102 1
102 1
102 1
102 1
102 1
102 1
102 1
102 1
102 1
102 1
102 1
102 1
102 1
141 1
141 1
141 1
141 1
141 1
141 1
141 1
141 1
141 1
141 1
141 1
141 1
141 1
141 1
141 1
141 1
141 1
141 1
141 1
141 1
141 1
144 1
144 1
144 1
144 1
144 1
144 1
144 1
144 1
144 1
144 1
144 1
144 1
144 1
144 1
144 1
144 1
144 1
144 1
144 1
144 1
144 1
232 1
232 1
232 1
232 1
232 1
232 1
232 1
232 1
232 1
232 1
232 1
232 1
232 1
232 1
232 1
232 1
232 1
232 1
232 1
232 1
232 1
276 1
276 1
276 1
276 1
276 1
276 1
276 1
276 1
276 1
276 1
276 1
276 1
276 1
276 1
276 1
276 1
276 1
276 1
276 1
276 1
276 1
290 1
290 1
290 1
290 1
290 1
290 1
290 1
290 1
290 1
290 1
290 1
290 1
290 1
290 1
290 1
290 1
290 1
290 1
290 1
290 1
290 1
343 1
343 1
343 1
343 1
343 1
343 1
343 1
343 1
343 1
343 1
343 1
343 1
343 1
343 1
343 1
343 1
343 1
343 1
343 1
343 1
343 1
398 1
398 1
398 1
398 1
398 1
398 1
398 1
398 1
398 1
398 1
398 1
398 1
398 1
398 1
398 1
398 1
398 1
398 1
398 1
398 1
398 1
402 1
402 1
402 1
402 1
402 1
402 1
402 1
402 1
402 1
402 1
402 1
402 1
402 1
402 1
402 1
402 1
402 1
402 1
402 1
402 1
402 1
353 1
353 1
353 1
353 1
353 1
353 1
353 1
353 1
353 1
353 1
353 1
353 1
353 1
353 1
353 1
353 1
353 1
353 1
353 1
353 1
353 1
355 1
355 1
355 1
355 1
355 1
355 1
355 1
355 1
355 1
355 1
355 1
355 1
355 1
355 1
355 1
355 1
355 1
355 1
355 1
355 1
355 1
405 1
405 1
405 1
405 1
405 1
405 1
405 1
405 1
405 1
405 1
405 1
405 1
405 1
405 1
405 1
405 1
405 1
405 1
405 1
405 1
405 1
414 1
414 1
414 1
414 1
414 1
414 1
414 1
414 1
414 1
414 1
414 1
414 1
414 1
414 1
414 1
414 1
414 1
414 1
414 1
414 1
414 1
467 1
467 1
467 1
467 1
467 1
467 1
467 1
467 1
467 1
467 1
467 1
467 1
467 1
467 1
467 1
467 1
467 1
467 1
467 1
467 1
467 1
468 1
468 1
468 1
468 1
468 1
468 1
468 1
468 1
468 1
468 1
468 1
468 1
468 1
468 1
468 1
468 1
468 1
468 1
468 1
468 1
468 1
8518 1
8518 1
8518 1
8518 1
8518 1
8518 1
8518 1
8518 1
8518 1
8518 1
8518 1
8518 1
8518 1
8518 1
8518 1
8518 1
8518 1
8518 1
8518 1
8518 1
8518 1
8656 1
8656 1
8656 1
8656 1
8656 1
8656 1
8656 1
8656 1
8656 1
8656 1
8656 1
8656 1
8656 1
8656 1
8656 1
8656 1
8656 1
8656 1
8656 1
8656 1
8656 1
540 1
540 1
540 1
540 1
540 1
540 1
540 1
540 1
540 1
540 1
540 1
540 1
540 1
540 1
540 1
540 1
540 1
540 1
540 1
540 1
540 1
487 1
487 1
487 1
487 1
487 1
487 1
487 1
487 1
487 1
487 1
487 1
487 1
487 1
487 1
487 1
487 1
487 1
487 1
487 1
487 1
487 1
542 1
542 1
542 1
542 1
542 1
542 1
542 1
542 1
542 1
542 1
542 1
542 1
542 1
542 1
542 1
542 1
542 1
542 1
542 1
542 1
542 1
617 1
617 1
617 1
617 1
617 1
617 1
617 1
617 1
617 1
617 1
617 1
617 1
617 1
617 1
617 1
617 1
617 1
617 1
617 1
617 1
617 1
618 1
618 1
618 1
618 1
618 1
618 1
618 1
618 1
618 1
618 1
618 1
618 1
618 1
618 1
618 1
618 1
618 1
618 1
618 1
618 1
618 1
628 1
628 1
628 1
628 1
628 1
628 1
628 1
628 1
628 1
628 1
628 1
628 1
628 1
628 1
628 1
628 1
628 1
628 1
628 1
628 1
628 1
638 1
638 1
638 1
638 1
638 1
638 1
638 1
638 1
638 1
638 1
638 1
638 1
638 1
638 1
638 1
638 1
638 1
638 1
638 1
638 1
638 1
645 1
645 1
645 1
645 1
645 1
645 1
645 1
645 1
645 1
645 1
645 1
645 1
645 1
645 1
645 1
645 1
645 1
645 1
645 1
645 1
645 1
694 1
694 1
694 1
694 1
694 1
694 1
694 1
694 1
694 1
694 1
694 1
694 1
694 1
694 1
694 1
694 1
694 1
694 1
694 1
694 1
694 1
773 1
773 1
773 1
773 1
773 1
773 1
773 1
773 1
773 1
773 1
773 1
773 1
773 1
773 1
773 1
773 1
773 1
773 1
773 1
773 1
773 1
774 1
774 1
774 1
774 1
774 1
774 1
774 1
774 1
774 1
774 1
774 1
774 1
774 1
774 1
774 1
774 1
774 1
774 1
774 1
774 1
774 1
790 1
790 1
790 1
790 1
790 1
790 1
790 1
790 1
790 1
790 1
790 1
790 1
790 1
790 1
790 1
790 1
790 1
790 1
790 1
790 1
790 1
797 1
797 1
797 1
797 1
797 1
797 1
797 1
797 1
797 1
797 1
797 1
797 1
797 1
797 1
797 1
797 1
797 1
797 1
797 1
797 1
797 1
856 1
856 1
856 1
856 1
856 1
856 1
856 1
856 1
856 1
856 1
856 1
856 1
856 1
856 1
856 1
856 1
856 1
856 1
856 1
856 1
856 1
880 1
880 1
880 1
880 1
880 1
880 1
880 1
880 1
880 1
880 1
880 1
880 1
880 1
880 1
880 1
880 1
880 1
880 1
880 1
880 1
880 1
881 1
881 1
881 1
881 1
881 1
881 1
881 1
881 1
881 1
881 1
881 1
881 1
881 1
881 1
881 1
881 1
881 1
881 1
881 1
881 1
881 1
935 1
935 1
935 1
935 1
935 1
935 1
935 1
935 1
935 1
935 1
935 1
935 1
935 1
935 1
935 1
935 1
935 1
935 1
935 1
935 1
935 1
958 1
958 1
958 1
958 1
958 1
958 1
958 1
958 1
958 1
958 1
958 1
958 1
958 1
958 1
958 1
958 1
958 1
958 1
958 1
958 1
958 1
959 1
959 1
959 1
959 1
959 1
959 1
959 1
959 1
959 1
959 1
959 1
959 1
959 1
959 1
959 1
959 1
959 1
959 1
959 1
959 1
959 1
1028 1
1028 1
1028 1
1028 1
1028 1
1028 1
1028 1
1028 1
1028 1
1028 1
1028 1
1028 1
1028 1
1028 1
1028 1
1028 1
1028 1
1028 1
1028 1
1028 1
1028 1
1029 1
1029 1
1029 1
1029 1
1029 1
1029 1
1029 1
1029 1
1029 1
1029 1
1029 1
1029 1
1029 1
1029 1
1029 1
1029 1
1029 1
1029 1
1029 1
1029 1
1029 1
1030 1
1030 1
1030 1
1030 1
1030 1
1030 1
1030 1
1030 1
1030 1
1030 1
1030 1
1030 1
1030 1
1030 1
1030 1
1030 1
1030 1
1030 1
1030 1
1030 1
1030 1
1032 1
1032 1
1032 1
1032 1
1032 1
1032 1
1032 1
1032 1
1032 1
1032 1
1032 1
1032 1
1032 1
1032 1
1032 1
1032 1
1032 1
1032 1
1032 1
1032 1
1032 1
1042 1
1042 1
1042 1
1042 1
1042 1
1042 1
1042 1
1042 1
1042 1
1042 1
1042 1
1042 1
1042 1
1042 1
1042 1
1042 1
1042 1
1042 1
1042 1
1042 1
1042 1
1100 1
1100 1
1100 1
1100 1
1100 1
1100 1
1100 1
1100 1
1100 1
1100 1
1100 1
1100 1
1100 1
1100 1
1100 1
1100 1
1100 1
1100 1
1100 1
1100 1
1100 1
1101 1
1101 1
1101 1
1101 1
1101 1
1101 1
1101 1
1101 1
1101 1
1101 1
1101 1
1101 1
1101 1
1101 1
1101 1
1101 1
1101 1
1101 1
1101 1
1101 1
1101 1
1112 1
1112 1
1112 1
1112 1
1112 1
1112 1
1112 1
1112 1
1112 1
1112 1
1112 1
1112 1
1112 1
1112 1
1112 1
1112 1
1112 1
1112 1
1112 1
1112 1
1112 1
1113 1
1113 1
1113 1
1113 1
1113 1
1113 1
1113 1
1113 1
1113 1
1113 1
1113 1
1113 1
1113 1
1113 1
1113 1
1113 1
1113 1
1113 1
1113 1
1113 1
1113 1
1114 1
1114 1
1114 1
1114 1
1114 1
1114 1
1114 1
1114 1
1114 1
1114 1
1114 1
1114 1
1114 1
1114 1
1114 1
1114 1
1114 1
1114 1
1114 1
1114 1
1114 1
1115 1
1115 1
1115 1
1115 1
1115 1
1115 1
1115 1
1115 1
1115 1
1115 1
1115 1
1115 1
1115 1
1115 1
1115 1
1115 1
1115 1
1115 1
1115 1
1115 1
1115 1
1116 1
1116 1
1116 1
1116 1
1116 1
1116 1
1116 1
1116 1
1116 1
1116 1
1116 1
1116 1
1116 1
1116 1
1116 1
1116 1
1116 1
1116 1
1116 1
1116 1
1116 1
1124 1
1124 1
1124 1
1124 1
1124 1
1124 1
1124 1
1124 1
1124 1
1124 1
1124 1
1124 1
1124 1
1124 1
1124 1
1124 1
1124 1
1124 1
1124 1
1124 1
1124 1
1125 1
1125 1
1125 1
1125 1
1125 1
1125 1
1125 1
1125 1
1125 1
1125 1
1125 1
1125 1
1125 1
1125 1
1125 1
1125 1
1125 1
1125 1
1125 1
1125 1
1125 1
1126 1
1126 1
1126 1
1126 1
1126 1
1126 1
1126 1
1126 1
1126 1
1126 1
1126 1
1126 1
1126 1
1126 1
1126 1
1126 1
1126 1
1126 1
1126 1
1126 1
1126 1
1185 1
1185 1
1185 1
1185 1
1185 1
1185 1
1185 1
1185 1
1185 1
1185 1
1185 1
1185 1
1185 1
1185 1
1185 1
1185 1
1185 1
1185 1
1185 1
1185 1
1185 1
1199 1
1199 1
1199 1
1199 1
1199 1
1199 1
1199 1
1199 1
1199 1
1199 1
1199 1
1199 1
1199 1
1199 1
1199 1
1199 1
1199 1
1199 1
1199 1
1199 1
1199 1
1200 1
1200 1
1200 1
1200 1
1200 1
1200 1
1200 1
1200 1
1200 1
1200 1
1200 1
1200 1
1200 1
1200 1
1200 1
1200 1
1200 1
1200 1
1200 1
1200 1
1200 1
1202 1
1202 1
1202 1
1202 1
1202 1
1202 1
1202 1
1202 1
1202 1
1202 1
1202 1
1202 1
1202 1
1202 1
1202 1
1202 1
1202 1
1202 1
1202 1
1202 1
1202 1
1209 1
1209 1
1209 1
1209 1
1209 1
1209 1
1209 1
1209 1
1209 1
1209 1
1209 1
1209 1
1209 1
1209 1
1209 1
1209 1
1209 1
1209 1
1209 1
1209 1
1209 1
1211 1
1211 1
1211 1
1211 1
1211 1
1211 1
1211 1
1211 1
1211 1
1211 1
1211 1
1211 1
1211 1
1211 1
1211 1
1211 1
1211 1
1211 1
1211 1
1211 1
1211 1
1266 1
1266 1
1266 1
1266 1
1266 1
1266 1
1266 1
1266 1
1266 1
1266 1
1266 1
1266 1
1266 1
1266 1
1266 1
1266 1
1266 1
1266 1
1266 1
1266 1
1266 1
1273 1
1273 1
1273 1
1273 1
1273 1
1273 1
1273 1
1273 1
1273 1
1273 1
1273 1
1273 1
1273 1
1273 1
1273 1
1273 1
1273 1
1273 1
1273 1
1273 1
1273 1
1283 1
1283 1
1283 1
1283 1
1283 1
1283 1
1283 1
1283 1
1283 1
1283 1
1283 1
1283 1
1283 1
1283 1
1283 1
1283 1
1283 1
1283 1
1283 1
1283 1
1283 1
1288 1
1288 1
1288 1
1288 1
1288 1
1288 1
1288 1
1288 1
1288 1
1288 1
1288 1
1288 1
1288 1
1288 1
1288 1
1288 1
1288 1
1288 1
1288 1
1288 1
1288 1
1362 1
1362 1
1362 1
1362 1
1362 1
1362 1
1362 1
1362 1
1362 1
1362 1
1362 1
1362 1
1362 1
1362 1
1362 1
1362 1
1362 1
1362 1
1362 1
1362 1
1362 1
1367 1
1367 1
1367 1
1367 1
1367 1
1367 1
1367 1
1367 1
1367 1
1367 1
1367 1
1367 1
1367 1
1367 1
1367 1
1367 1
1367 1
1367 1
1367 1
1367 1
1367 1
1369 1
1369 1
1369 1
1369 1
1369 1
1369 1
1369 1
1369 1
1369 1
1369 1
1369 1
1369 1
1369 1
1369 1
1369 1
1369 1
1369 1
1369 1
1369 1
1369 1
1369 1
1414 1
1414 1
1414 1
1414 1
1414 1
1414 1
1414 1
1414 1
1414 1
1414 1
1414 1
1414 1
1414 1
1414 1
1414 1
1414 1
1414 1
1414 1
1414 1
1414 1
1414 1
1371 1
1371 1
1371 1
1371 1
1371 1
1371 1
1371 1
1371 1
1371 1
1371 1
1371 1
1371 1
1371 1
1371 1
1371 1
1371 1
1371 1
1371 1
1371 1
1371 1
1371 1
1420 1
1420 1
1420 1
1420 1
1420 1
1420 1
1420 1
1420 1
1420 1
1420 1
1420 1
1420 1
1420 1
1420 1
1420 1
1420 1
1420 1
1420 1
1420 1
1420 1
1420 1
1455 1
1455 1
1455 1
1455 1
1455 1
1455 1
1455 1
1455 1
1455 1
1455 1
1455 1
1455 1
1455 1
1455 1
1455 1
1455 1
1455 1
1455 1
1455 1
1455 1
1455 1
1441 1
1441 1
1441 1
1441 1
1441 1
1441 1
1441 1
1441 1
1441 1
1441 1
1441 1
1441 1
1441 1
1441 1
1441 1
1441 1
1441 1
1441 1
1441 1
1441 1
1441 1
1506 1
1506 1
1506 1
1506 1
1506 1
1506 1
1506 1
1506 1
1506 1
1506 1
1506 1
1506 1
1506 1
1506 1
1506 1
1506 1
1506 1
1506 1
1506 1
1506 1
1506 1
1617 1
1617 1
1617 1
1617 1
1617 1
1617 1
1617 1
1617 1
1617 1
1617 1
1617 1
1617 1
1617 1
1617 1
1617 1
1617 1
1617 1
1617 1
1617 1
1617 1
1617 1
1759 1
1759 1
1759 1
1759 1
1759 1
1759 1
1759 1
1759 1
1759 1
1759 1
1759 1
1759 1
1759 1
1759 1
1759 1
1759 1
1759 1
1759 1
1759 1
1759 1
1759 1
1825 1
1825 1
1825 1
1825 1
1825 1
1825 1
1825 1
1825 1
1825 1
1825 1
1825 1
1825 1
1825 1
1825 1
1825 1
1825 1
1825 1
1825 1
1825 1
1825 1
1825 1
1894 1
1894 1
1894 1
1894 1
1894 1
1894 1
1894 1
1894 1
1894 1
1894 1
1894 1
1894 1
1894 1
1894 1
1894 1
1894 1
1894 1
1894 1
1894 1
1894 1
1894 1
2026 1
2026 1
2026 1
2026 1
2026 1
2026 1
2026 1
2026 1
2026 1
2026 1
2026 1
2026 1
2026 1
2026 1
2026 1
2026 1
2026 1
2026 1
2026 1
2026 1
2026 1
2205 1
2205 1
2205 1
2205 1
2205 1
2205 1
2205 1
2205 1
2205 1
2205 1
2205 1
2205 1
2205 1
2205 1
2205 1
2205 1
2205 1
2205 1
2205 1
2205 1
2205 1
2263 1
2263 1
2263 1
2263 1
2263 1
2263 1
2263 1
2263 1
2263 1
2263 1
2263 1
2263 1
2263 1
2263 1
2263 1
2263 1
2263 1
2263 1
2263 1
2263 1
2263 1
2372 1
2372 1
2372 1
2372 1
2372 1
2372 1
2372 1
2372 1
2372 1
2372 1
2372 1
2372 1
2372 1
2372 1
2372 1
2372 1
2372 1
2372 1
2372 1
2372 1
2372 1
2767 1
2767 1
2767 1
2767 1
2767 1
2767 1
2767 1
2767 1
2767 1
2767 1
2767 1
2767 1
2767 1
2767 1
2767 1
2767 1
2767 1
2767 1
2767 1
2767 1
2767 1
