pt_graph scale
2256 418.104831492066
2256 418.104831492066
2256 418.104831492066
2256 16.2976506140842
2256 46.407466436374
2256 46.407466436374
2256 0.208960843373494
2256 0.208960843373494
2256 0.120625281164897
2256 0
2256 0
2256 0.160325333507038
2256 28.3919163700434
2256 28.3919163700434
2256 0
2256 0.77906543442073
2256 0
2256 0
2256 1.0345236079077
2256 18.8755115600355
2256 18.8755115600355
4804 418.104831492066
4804 418.104831492066
4804 418.104831492066
4804 16.2976506140842
4804 46.407466436374
4804 46.407466436374
4804 0.208960843373494
4804 0.208960843373494
4804 0.120625281164897
4804 0
4804 0
4804 0.160325333507038
4804 28.3919163700434
4804 28.3919163700434
4804 0
4804 0.77906543442073
4804 0
4804 0
4804 1.0345236079077
4804 18.8755115600355
4804 18.8755115600355
4841 418.104831492066
4841 418.104831492066
4841 418.104831492066
4841 16.2976506140842
4841 46.407466436374
4841 46.407466436374
4841 0.208960843373494
4841 0.208960843373494
4841 0.120625281164897
4841 0
4841 0
4841 0.160325333507038
4841 28.3919163700434
4841 28.3919163700434
4841 0
4841 0.77906543442073
4841 0
4841 0
4841 1.0345236079077
4841 18.8755115600355
4841 18.8755115600355
4884 418.104831492066
4884 418.104831492066
4884 418.104831492066
4884 16.2976506140842
4884 46.407466436374
4884 46.407466436374
4884 0.208960843373494
4884 0.208960843373494
4884 0.120625281164897
4884 0
4884 0
4884 0.160325333507038
4884 28.3919163700434
4884 28.3919163700434
4884 0
4884 0.77906543442073
4884 0
4884 0
4884 1.0345236079077
4884 18.8755115600355
4884 18.8755115600355
4973 418.104831492066
4973 418.104831492066
4973 418.104831492066
4973 16.2976506140842
4973 46.407466436374
4973 46.407466436374
4973 0.208960843373494
4973 0.208960843373494
4973 0.120625281164897
4973 0
4973 0
4973 0.160325333507038
4973 28.3919163700434
4973 28.3919163700434
4973 0
4973 0.77906543442073
4973 0
4973 0
4973 1.0345236079077
4973 18.8755115600355
4973 18.8755115600355
4805 418.104831492066
4805 418.104831492066
4805 418.104831492066
4805 16.2976506140842
4805 46.407466436374
4805 46.407466436374
4805 0.208960843373494
4805 0.208960843373494
4805 0.120625281164897
4805 0
4805 0
4805 0.160325333507038
4805 28.3919163700434
4805 28.3919163700434
4805 0
4805 0.77906543442073
4805 0
4805 0
4805 1.0345236079077
4805 18.8755115600355
4805 18.8755115600355
4842 418.104831492066
4842 418.104831492066
4842 418.104831492066
4842 16.2976506140842
4842 46.407466436374
4842 46.407466436374
4842 0.208960843373494
4842 0.208960843373494
4842 0.120625281164897
4842 0
4842 0
4842 0.160325333507038
4842 28.3919163700434
4842 28.3919163700434
4842 0
4842 0.77906543442073
4842 0
4842 0
4842 1.0345236079077
4842 18.8755115600355
4842 18.8755115600355
4974 418.104831492066
4974 418.104831492066
4974 418.104831492066
4974 16.2976506140842
4974 46.407466436374
4974 46.407466436374
4974 0.208960843373494
4974 0.208960843373494
4974 0.120625281164897
4974 0
4974 0
4974 0.160325333507038
4974 28.3919163700434
4974 28.3919163700434
4974 0
4974 0.77906543442073
4974 0
4974 0
4974 1.0345236079077
4974 18.8755115600355
4974 18.8755115600355
5020 418.104831492066
5020 418.104831492066
5020 418.104831492066
5020 16.2976506140842
5020 46.407466436374
5020 46.407466436374
5020 0.208960843373494
5020 0.208960843373494
5020 0.120625281164897
5020 0
5020 0
5020 0.160325333507038
5020 28.3919163700434
5020 28.3919163700434
5020 0
5020 0.77906543442073
5020 0
5020 0
5020 1.0345236079077
5020 18.8755115600355
5020 18.8755115600355
2258 418.104831492066
2258 418.104831492066
2258 418.104831492066
2258 16.2976506140842
2258 46.407466436374
2258 46.407466436374
2258 0.208960843373494
2258 0.208960843373494
2258 0.120625281164897
2258 0
2258 0
2258 0.160325333507038
2258 28.3919163700434
2258 28.3919163700434
2258 0
2258 0.77906543442073
2258 0
2258 0
2258 1.0345236079077
2258 18.8755115600355
2258 18.8755115600355
2349 418.104831492066
2349 418.104831492066
2349 418.104831492066
2349 16.2976506140842
2349 46.407466436374
2349 46.407466436374
2349 0.208960843373494
2349 0.208960843373494
2349 0.120625281164897
2349 0
2349 0
2349 0.160325333507038
2349 28.3919163700434
2349 28.3919163700434
2349 0
2349 0.77906543442073
2349 0
2349 0
2349 1.0345236079077
2349 18.8755115600355
2349 18.8755115600355
4806 418.104831492066
4806 418.104831492066
4806 418.104831492066
4806 16.2976506140842
4806 46.407466436374
4806 46.407466436374
4806 0.208960843373494
4806 0.208960843373494
4806 0.120625281164897
4806 0
4806 0
4806 0.160325333507038
4806 28.3919163700434
4806 28.3919163700434
4806 0
4806 0.77906543442073
4806 0
4806 0
4806 1.0345236079077
4806 18.8755115600355
4806 18.8755115600355
4843 418.104831492066
4843 418.104831492066
4843 418.104831492066
4843 16.2976506140842
4843 46.407466436374
4843 46.407466436374
4843 0.208960843373494
4843 0.208960843373494
4843 0.120625281164897
4843 0
4843 0
4843 0.160325333507038
4843 28.3919163700434
4843 28.3919163700434
4843 0
4843 0.77906543442073
4843 0
4843 0
4843 1.0345236079077
4843 18.8755115600355
4843 18.8755115600355
4886 418.104831492066
4886 418.104831492066
4886 418.104831492066
4886 16.2976506140842
4886 46.407466436374
4886 46.407466436374
4886 0.208960843373494
4886 0.208960843373494
4886 0.120625281164897
4886 0
4886 0
4886 0.160325333507038
4886 28.3919163700434
4886 28.3919163700434
4886 0
4886 0.77906543442073
4886 0
4886 0
4886 1.0345236079077
4886 18.8755115600355
4886 18.8755115600355
4930 418.104831492066
4930 418.104831492066
4930 418.104831492066
4930 16.2976506140842
4930 46.407466436374
4930 46.407466436374
4930 0.208960843373494
4930 0.208960843373494
4930 0.120625281164897
4930 0
4930 0
4930 0.160325333507038
4930 28.3919163700434
4930 28.3919163700434
4930 0
4930 0.77906543442073
4930 0
4930 0
4930 1.0345236079077
4930 18.8755115600355
4930 18.8755115600355
4975 418.104831492066
4975 418.104831492066
4975 418.104831492066
4975 16.2976506140842
4975 46.407466436374
4975 46.407466436374
4975 0.208960843373494
4975 0.208960843373494
4975 0.120625281164897
4975 0
4975 0
4975 0.160325333507038
4975 28.3919163700434
4975 28.3919163700434
4975 0
4975 0.77906543442073
4975 0
4975 0
4975 1.0345236079077
4975 18.8755115600355
4975 18.8755115600355
2600 418.104831492066
2600 418.104831492066
2600 418.104831492066
2600 16.2976506140842
2600 46.407466436374
2600 46.407466436374
2600 0.208960843373494
2600 0.208960843373494
2600 0.120625281164897
2600 0
2600 0
2600 0.160325333507038
2600 28.3919163700434
2600 28.3919163700434
2600 0
2600 0.77906543442073
2600 0
2600 0
2600 1.0345236079077
2600 18.8755115600355
2600 18.8755115600355
2672 418.104831492066
2672 418.104831492066
2672 418.104831492066
2672 16.2976506140842
2672 46.407466436374
2672 46.407466436374
2672 0.208960843373494
2672 0.208960843373494
2672 0.120625281164897
2672 0
2672 0
2672 0.160325333507038
2672 28.3919163700434
2672 28.3919163700434
2672 0
2672 0.77906543442073
2672 0
2672 0
2672 1.0345236079077
2672 18.8755115600355
2672 18.8755115600355
2742 418.104831492066
2742 418.104831492066
2742 418.104831492066
2742 16.2976506140842
2742 46.407466436374
2742 46.407466436374
2742 0.208960843373494
2742 0.208960843373494
2742 0.120625281164897
2742 0
2742 0
2742 0.160325333507038
2742 28.3919163700434
2742 28.3919163700434
2742 0
2742 0.77906543442073
2742 0
2742 0
2742 1.0345236079077
2742 18.8755115600355
2742 18.8755115600355
2816 418.104831492066
2816 418.104831492066
2816 418.104831492066
2816 16.2976506140842
2816 46.407466436374
2816 46.407466436374
2816 0.208960843373494
2816 0.208960843373494
2816 0.120625281164897
2816 0
2816 0
2816 0.160325333507038
2816 28.3919163700434
2816 28.3919163700434
2816 0
2816 0.77906543442073
2816 0
2816 0
2816 1.0345236079077
2816 18.8755115600355
2816 18.8755115600355
4976 418.104831492066
4976 418.104831492066
4976 418.104831492066
4976 16.2976506140842
4976 46.407466436374
4976 46.407466436374
4976 0.208960843373494
4976 0.208960843373494
4976 0.120625281164897
4976 0
4976 0
4976 0.160325333507038
4976 28.3919163700434
4976 28.3919163700434
4976 0
4976 0.77906543442073
4976 0
4976 0
4976 1.0345236079077
4976 18.8755115600355
4976 18.8755115600355
2947 418.104831492066
2947 418.104831492066
2947 418.104831492066
2947 16.2976506140842
2947 46.407466436374
2947 46.407466436374
2947 0.208960843373494
2947 0.208960843373494
2947 0.120625281164897
2947 0
2947 0
2947 0.160325333507038
2947 28.3919163700434
2947 28.3919163700434
2947 0
2947 0.77906543442073
2947 0
2947 0
2947 1.0345236079077
2947 18.8755115600355
2947 18.8755115600355
3006 418.104831492066
3006 418.104831492066
3006 418.104831492066
3006 16.2976506140842
3006 46.407466436374
3006 46.407466436374
3006 0.208960843373494
3006 0.208960843373494
3006 0.120625281164897
3006 0
3006 0
3006 0.160325333507038
3006 28.3919163700434
3006 28.3919163700434
3006 0
3006 0.77906543442073
3006 0
3006 0
3006 1.0345236079077
3006 18.8755115600355
3006 18.8755115600355
5613 418.104831492066
5613 418.104831492066
5613 418.104831492066
5613 16.2976506140842
5613 46.407466436374
5613 46.407466436374
5613 0.208960843373494
5613 0.208960843373494
5613 0.120625281164897
5613 0
5613 0
5613 0.160325333507038
5613 28.3919163700434
5613 28.3919163700434
5613 0
5613 0.77906543442073
5613 0
5613 0
5613 1.0345236079077
5613 18.8755115600355
5613 18.8755115600355
6011 418.104831492066
6011 418.104831492066
6011 418.104831492066
6011 16.2976506140842
6011 46.407466436374
6011 46.407466436374
6011 0.208960843373494
6011 0.208960843373494
6011 0.120625281164897
6011 0
6011 0
6011 0.160325333507038
6011 28.3919163700434
6011 28.3919163700434
6011 0
6011 0.77906543442073
6011 0
6011 0
6011 1.0345236079077
6011 18.8755115600355
6011 18.8755115600355
5617 418.104831492066
5617 418.104831492066
5617 418.104831492066
5617 16.2976506140842
5617 46.407466436374
5617 46.407466436374
5617 0.208960843373494
5617 0.208960843373494
5617 0.120625281164897
5617 0
5617 0
5617 0.160325333507038
5617 28.3919163700434
5617 28.3919163700434
5617 0
5617 0.77906543442073
5617 0
5617 0
5617 1.0345236079077
5617 18.8755115600355
5617 18.8755115600355
5895 418.104831492066
5895 418.104831492066
5895 418.104831492066
5895 16.2976506140842
5895 46.407466436374
5895 46.407466436374
5895 0.208960843373494
5895 0.208960843373494
5895 0.120625281164897
5895 0
5895 0
5895 0.160325333507038
5895 28.3919163700434
5895 28.3919163700434
5895 0
5895 0.77906543442073
5895 0
5895 0
5895 1.0345236079077
5895 18.8755115600355
5895 18.8755115600355
6013 418.104831492066
6013 418.104831492066
6013 418.104831492066
6013 16.2976506140842
6013 46.407466436374
6013 46.407466436374
6013 0.208960843373494
6013 0.208960843373494
6013 0.120625281164897
6013 0
6013 0
6013 0.160325333507038
6013 28.3919163700434
6013 28.3919163700434
6013 0
6013 0.77906543442073
6013 0
6013 0
6013 1.0345236079077
6013 18.8755115600355
6013 18.8755115600355
6049 418.104831492066
6049 418.104831492066
6049 418.104831492066
6049 16.2976506140842
6049 46.407466436374
6049 46.407466436374
6049 0.208960843373494
6049 0.208960843373494
6049 0.120625281164897
6049 0
6049 0
6049 0.160325333507038
6049 28.3919163700434
6049 28.3919163700434
6049 0
6049 0.77906543442073
6049 0
6049 0
6049 1.0345236079077
6049 18.8755115600355
6049 18.8755115600355
770 418.104831492066
770 418.104831492066
770 418.104831492066
770 16.2976506140842
770 46.407466436374
770 46.407466436374
770 0.208960843373494
770 0.208960843373494
770 0.120625281164897
770 0
770 0
770 0.160325333507038
770 28.3919163700434
770 28.3919163700434
770 0
770 0.77906543442073
770 0
770 0
770 1.0345236079077
770 18.8755115600355
770 18.8755115600355
1547 418.104831492066
1547 418.104831492066
1547 418.104831492066
1547 16.2976506140842
1547 46.407466436374
1547 46.407466436374
1547 0.208960843373494
1547 0.208960843373494
1547 0.120625281164897
1547 0
1547 0
1547 0.160325333507038
1547 28.3919163700434
1547 28.3919163700434
1547 0
1547 0.77906543442073
1547 0
1547 0
1547 1.0345236079077
1547 18.8755115600355
1547 18.8755115600355
5896 418.104831492066
5896 418.104831492066
5896 418.104831492066
5896 16.2976506140842
5896 46.407466436374
5896 46.407466436374
5896 0.208960843373494
5896 0.208960843373494
5896 0.120625281164897
5896 0
5896 0
5896 0.160325333507038
5896 28.3919163700434
5896 28.3919163700434
5896 0
5896 0.77906543442073
5896 0
5896 0
5896 1.0345236079077
5896 18.8755115600355
5896 18.8755115600355
5935 418.104831492066
5935 418.104831492066
5935 418.104831492066
5935 16.2976506140842
5935 46.407466436374
5935 46.407466436374
5935 0.208960843373494
5935 0.208960843373494
5935 0.120625281164897
5935 0
5935 0
5935 0.160325333507038
5935 28.3919163700434
5935 28.3919163700434
5935 0
5935 0.77906543442073
5935 0
5935 0
5935 1.0345236079077
5935 18.8755115600355
5935 18.8755115600355
5975 418.104831492066
5975 418.104831492066
5975 418.104831492066
5975 16.2976506140842
5975 46.407466436374
5975 46.407466436374
5975 0.208960843373494
5975 0.208960843373494
5975 0.120625281164897
5975 0
5975 0
5975 0.160325333507038
5975 28.3919163700434
5975 28.3919163700434
5975 0
5975 0.77906543442073
5975 0
5975 0
5975 1.0345236079077
5975 18.8755115600355
5975 18.8755115600355
6014 418.104831492066
6014 418.104831492066
6014 418.104831492066
6014 16.2976506140842
6014 46.407466436374
6014 46.407466436374
6014 0.208960843373494
6014 0.208960843373494
6014 0.120625281164897
6014 0
6014 0
6014 0.160325333507038
6014 28.3919163700434
6014 28.3919163700434
6014 0
6014 0.77906543442073
6014 0
6014 0
6014 1.0345236079077
6014 18.8755115600355
6014 18.8755115600355
6050 418.104831492066
6050 418.104831492066
6050 418.104831492066
6050 16.2976506140842
6050 46.407466436374
6050 46.407466436374
6050 0.208960843373494
6050 0.208960843373494
6050 0.120625281164897
6050 0
6050 0
6050 0.160325333507038
6050 28.3919163700434
6050 28.3919163700434
6050 0
6050 0.77906543442073
6050 0
6050 0
6050 1.0345236079077
6050 18.8755115600355
6050 18.8755115600355
915 418.104831492066
915 418.104831492066
915 418.104831492066
915 16.2976506140842
915 46.407466436374
915 46.407466436374
915 0.208960843373494
915 0.208960843373494
915 0.120625281164897
915 0
915 0
915 0.160325333507038
915 28.3919163700434
915 28.3919163700434
915 0
915 0.77906543442073
915 0
915 0
915 1.0345236079077
915 18.8755115600355
915 18.8755115600355
1548 418.104831492066
1548 418.104831492066
1548 418.104831492066
1548 16.2976506140842
1548 46.407466436374
1548 46.407466436374
1548 0.208960843373494
1548 0.208960843373494
1548 0.120625281164897
1548 0
1548 0
1548 0.160325333507038
1548 28.3919163700434
1548 28.3919163700434
1548 0
1548 0.77906543442073
1548 0
1548 0
1548 1.0345236079077
1548 18.8755115600355
1548 18.8755115600355
1627 418.104831492066
1627 418.104831492066
1627 418.104831492066
1627 16.2976506140842
1627 46.407466436374
1627 46.407466436374
1627 0.208960843373494
1627 0.208960843373494
1627 0.120625281164897
1627 0
1627 0
1627 0.160325333507038
1627 28.3919163700434
1627 28.3919163700434
1627 0
1627 0.77906543442073
1627 0
1627 0
1627 1.0345236079077
1627 18.8755115600355
1627 18.8755115600355
5739 418.104831492066
5739 418.104831492066
5739 418.104831492066
5739 16.2976506140842
5739 46.407466436374
5739 46.407466436374
5739 0.208960843373494
5739 0.208960843373494
5739 0.120625281164897
5739 0
5739 0
5739 0.160325333507038
5739 28.3919163700434
5739 28.3919163700434
5739 0
5739 0.77906543442073
5739 0
5739 0
5739 1.0345236079077
5739 18.8755115600355
5739 18.8755115600355
5780 418.104831492066
5780 418.104831492066
5780 418.104831492066
5780 16.2976506140842
5780 46.407466436374
5780 46.407466436374
5780 0.208960843373494
5780 0.208960843373494
5780 0.120625281164897
5780 0
5780 0
5780 0.160325333507038
5780 28.3919163700434
5780 28.3919163700434
5780 0
5780 0.77906543442073
5780 0
5780 0
5780 1.0345236079077
5780 18.8755115600355
5780 18.8755115600355
5820 418.104831492066
5820 418.104831492066
5820 418.104831492066
5820 16.2976506140842
5820 46.407466436374
5820 46.407466436374
5820 0.208960843373494
5820 0.208960843373494
5820 0.120625281164897
5820 0
5820 0
5820 0.160325333507038
5820 28.3919163700434
5820 28.3919163700434
5820 0
5820 0.77906543442073
5820 0
5820 0
5820 1.0345236079077
5820 18.8755115600355
5820 18.8755115600355
5858 418.104831492066
5858 418.104831492066
5858 418.104831492066
5858 16.2976506140842
5858 46.407466436374
5858 46.407466436374
5858 0.208960843373494
5858 0.208960843373494
5858 0.120625281164897
5858 0
5858 0
5858 0.160325333507038
5858 28.3919163700434
5858 28.3919163700434
5858 0
5858 0.77906543442073
5858 0
5858 0
5858 1.0345236079077
5858 18.8755115600355
5858 18.8755115600355
5897 418.104831492066
5897 418.104831492066
5897 418.104831492066
5897 16.2976506140842
5897 46.407466436374
5897 46.407466436374
5897 0.208960843373494
5897 0.208960843373494
5897 0.120625281164897
5897 0
5897 0
5897 0.160325333507038
5897 28.3919163700434
5897 28.3919163700434
5897 0
5897 0.77906543442073
5897 0
5897 0
5897 1.0345236079077
5897 18.8755115600355
5897 18.8755115600355
1549 418.104831492066
1549 418.104831492066
1549 418.104831492066
1549 16.2976506140842
1549 46.407466436374
1549 46.407466436374
1549 0.208960843373494
1549 0.208960843373494
1549 0.120625281164897
1549 0
1549 0
1549 0.160325333507038
1549 28.3919163700434
1549 28.3919163700434
1549 0
1549 0.77906543442073
1549 0
1549 0
1549 1.0345236079077
1549 18.8755115600355
1549 18.8755115600355
5236 418.104831492066
5236 418.104831492066
5236 418.104831492066
5236 16.2976506140842
5236 46.407466436374
5236 46.407466436374
5236 0.208960843373494
5236 0.208960843373494
5236 0.120625281164897
5236 0
5236 0
5236 0.160325333507038
5236 28.3919163700434
5236 28.3919163700434
5236 0
5236 0.77906543442073
5236 0
5236 0
5236 1.0345236079077
5236 18.8755115600355
5236 18.8755115600355
5387 418.104831492066
5387 418.104831492066
5387 418.104831492066
5387 16.2976506140842
5387 46.407466436374
5387 46.407466436374
5387 0.208960843373494
5387 0.208960843373494
5387 0.120625281164897
5387 0
5387 0
5387 0.160325333507038
5387 28.3919163700434
5387 28.3919163700434
5387 0
5387 0.77906543442073
5387 0
5387 0
5387 1.0345236079077
5387 18.8755115600355
5387 18.8755115600355
5898 418.104831492066
5898 418.104831492066
5898 418.104831492066
5898 16.2976506140842
5898 46.407466436374
5898 46.407466436374
5898 0.208960843373494
5898 0.208960843373494
5898 0.120625281164897
5898 0
5898 0
5898 0.160325333507038
5898 28.3919163700434
5898 28.3919163700434
5898 0
5898 0.77906543442073
5898 0
5898 0
5898 1.0345236079077
5898 18.8755115600355
5898 18.8755115600355
967 418.104831492066
967 418.104831492066
967 418.104831492066
967 16.2976506140842
967 46.407466436374
967 46.407466436374
967 0.208960843373494
967 0.208960843373494
967 0.120625281164897
967 0
967 0
967 0.160325333507038
967 28.3919163700434
967 28.3919163700434
967 0
967 0.77906543442073
967 0
967 0
967 1.0345236079077
967 18.8755115600355
967 18.8755115600355
1024 418.104831492066
1024 418.104831492066
1024 418.104831492066
1024 16.2976506140842
1024 46.407466436374
1024 46.407466436374
1024 0.208960843373494
1024 0.208960843373494
1024 0.120625281164897
1024 0
1024 0
1024 0.160325333507038
1024 28.3919163700434
1024 28.3919163700434
1024 0
1024 0.77906543442073
1024 0
1024 0
1024 1.0345236079077
1024 18.8755115600355
1024 18.8755115600355
1082 418.104831492066
1082 418.104831492066
1082 418.104831492066
1082 16.2976506140842
1082 46.407466436374
1082 46.407466436374
1082 0.208960843373494
1082 0.208960843373494
1082 0.120625281164897
1082 0
1082 0
1082 0.160325333507038
1082 28.3919163700434
1082 28.3919163700434
1082 0
1082 0.77906543442073
1082 0
1082 0
1082 1.0345236079077
1082 18.8755115600355
1082 18.8755115600355
1150 418.104831492066
1150 418.104831492066
1150 418.104831492066
1150 16.2976506140842
1150 46.407466436374
1150 46.407466436374
1150 0.208960843373494
1150 0.208960843373494
1150 0.120625281164897
1150 0
1150 0
1150 0.160325333507038
1150 28.3919163700434
1150 28.3919163700434
1150 0
1150 0.77906543442073
1150 0
1150 0
1150 1.0345236079077
1150 18.8755115600355
1150 18.8755115600355
1800 418.104831492066
1800 418.104831492066
1800 418.104831492066
1800 16.2976506140842
1800 46.407466436374
1800 46.407466436374
1800 0.208960843373494
1800 0.208960843373494
1800 0.120625281164897
1800 0
1800 0
1800 0.160325333507038
1800 28.3919163700434
1800 28.3919163700434
1800 0
1800 0.77906543442073
1800 0
1800 0
1800 1.0345236079077
1800 18.8755115600355
1800 18.8755115600355
5541 418.104831492066
5541 418.104831492066
5541 418.104831492066
5541 16.2976506140842
5541 46.407466436374
5541 46.407466436374
5541 0.208960843373494
5541 0.208960843373494
5541 0.120625281164897
5541 0
5541 0
5541 0.160325333507038
5541 28.3919163700434
5541 28.3919163700434
5541 0
5541 0.77906543442073
5541 0
5541 0
5541 1.0345236079077
5541 18.8755115600355
5541 18.8755115600355
5701 418.104831492066
5701 418.104831492066
5701 418.104831492066
5701 16.2976506140842
5701 46.407466436374
5701 46.407466436374
5701 0.208960843373494
5701 0.208960843373494
5701 0.120625281164897
5701 0
5701 0
5701 0.160325333507038
5701 28.3919163700434
5701 28.3919163700434
5701 0
5701 0.77906543442073
5701 0
5701 0
5701 1.0345236079077
5701 18.8755115600355
5701 18.8755115600355
5782 418.104831492066
5782 418.104831492066
5782 418.104831492066
5782 16.2976506140842
5782 46.407466436374
5782 46.407466436374
5782 0.208960843373494
5782 0.208960843373494
5782 0.120625281164897
5782 0
5782 0
5782 0.160325333507038
5782 28.3919163700434
5782 28.3919163700434
5782 0
5782 0.77906543442073
5782 0
5782 0
5782 1.0345236079077
5782 18.8755115600355
5782 18.8755115600355
5978 418.104831492066
5978 418.104831492066
5978 418.104831492066
5978 16.2976506140842
5978 46.407466436374
5978 46.407466436374
5978 0.208960843373494
5978 0.208960843373494
5978 0.120625281164897
5978 0
5978 0
5978 0.160325333507038
5978 28.3919163700434
5978 28.3919163700434
5978 0
5978 0.77906543442073
5978 0
5978 0
5978 1.0345236079077
5978 18.8755115600355
5978 18.8755115600355
6017 418.104831492066
6017 418.104831492066
6017 418.104831492066
6017 16.2976506140842
6017 46.407466436374
6017 46.407466436374
6017 0.208960843373494
6017 0.208960843373494
6017 0.120625281164897
6017 0
6017 0
6017 0.160325333507038
6017 28.3919163700434
6017 28.3919163700434
6017 0
6017 0.77906543442073
6017 0
6017 0
6017 1.0345236079077
6017 18.8755115600355
6017 18.8755115600355
918 418.104831492066
918 418.104831492066
918 418.104831492066
918 16.2976506140842
918 46.407466436374
918 46.407466436374
918 0.208960843373494
918 0.208960843373494
918 0.120625281164897
918 0
918 0
918 0.160325333507038
918 28.3919163700434
918 28.3919163700434
918 0
918 0.77906543442073
918 0
918 0
918 1.0345236079077
918 18.8755115600355
918 18.8755115600355
5389 418.104831492066
5389 418.104831492066
5389 418.104831492066
5389 16.2976506140842
5389 46.407466436374
5389 46.407466436374
5389 0.208960843373494
5389 0.208960843373494
5389 0.120625281164897
5389 0
5389 0
5389 0.160325333507038
5389 28.3919163700434
5389 28.3919163700434
5389 0
5389 0.77906543442073
5389 0
5389 0
5389 1.0345236079077
5389 18.8755115600355
5389 18.8755115600355
5503 418.104831492066
5503 418.104831492066
5503 418.104831492066
5503 16.2976506140842
5503 46.407466436374
5503 46.407466436374
5503 0.208960843373494
5503 0.208960843373494
5503 0.120625281164897
5503 0
5503 0
5503 0.160325333507038
5503 28.3919163700434
5503 28.3919163700434
5503 0
5503 0.77906543442073
5503 0
5503 0
5503 1.0345236079077
5503 18.8755115600355
5503 18.8755115600355
5542 418.104831492066
5542 418.104831492066
5542 418.104831492066
5542 16.2976506140842
5542 46.407466436374
5542 46.407466436374
5542 0.208960843373494
5542 0.208960843373494
5542 0.120625281164897
5542 0
5542 0
5542 0.160325333507038
5542 28.3919163700434
5542 28.3919163700434
5542 0
5542 0.77906543442073
5542 0
5542 0
5542 1.0345236079077
5542 18.8755115600355
5542 18.8755115600355
5742 418.104831492066
5742 418.104831492066
5742 418.104831492066
5742 16.2976506140842
5742 46.407466436374
5742 46.407466436374
5742 0.208960843373494
5742 0.208960843373494
5742 0.120625281164897
5742 0
5742 0
5742 0.160325333507038
5742 28.3919163700434
5742 28.3919163700434
5742 0
5742 0.77906543442073
5742 0
5742 0
5742 1.0345236079077
5742 18.8755115600355
5742 18.8755115600355
5861 418.104831492066
5861 418.104831492066
5861 418.104831492066
5861 16.2976506140842
5861 46.407466436374
5861 46.407466436374
5861 0.208960843373494
5861 0.208960843373494
5861 0.120625281164897
5861 0
5861 0
5861 0.160325333507038
5861 28.3919163700434
5861 28.3919163700434
5861 0
5861 0.77906543442073
5861 0
5861 0
5861 1.0345236079077
5861 18.8755115600355
5861 18.8755115600355
1221 418.104831492066
1221 418.104831492066
1221 418.104831492066
1221 16.2976506140842
1221 46.407466436374
1221 46.407466436374
1221 0.208960843373494
1221 0.208960843373494
1221 0.120625281164897
1221 0
1221 0
1221 0.160325333507038
1221 28.3919163700434
1221 28.3919163700434
1221 0
1221 0.77906543442073
1221 0
1221 0
1221 1.0345236079077
1221 18.8755115600355
1221 18.8755115600355
1298 418.104831492066
1298 418.104831492066
1298 418.104831492066
1298 16.2976506140842
1298 46.407466436374
1298 46.407466436374
1298 0.208960843373494
1298 0.208960843373494
1298 0.120625281164897
1298 0
1298 0
1298 0.160325333507038
1298 28.3919163700434
1298 28.3919163700434
1298 0
1298 0.77906543442073
1298 0
1298 0
1298 1.0345236079077
1298 18.8755115600355
1298 18.8755115600355
5314 418.104831492066
5314 418.104831492066
5314 418.104831492066
5314 16.2976506140842
5314 46.407466436374
5314 46.407466436374
5314 0.208960843373494
5314 0.208960843373494
5314 0.120625281164897
5314 0
5314 0
5314 0.160325333507038
5314 28.3919163700434
5314 28.3919163700434
5314 0
5314 0.77906543442073
5314 0
5314 0
5314 1.0345236079077
5314 18.8755115600355
5314 18.8755115600355
5427 418.104831492066
5427 418.104831492066
5427 418.104831492066
5427 16.2976506140842
5427 46.407466436374
5427 46.407466436374
5427 0.208960843373494
5427 0.208960843373494
5427 0.120625281164897
5427 0
5427 0
5427 0.160325333507038
5427 28.3919163700434
5427 28.3919163700434
5427 0
5427 0.77906543442073
5427 0
5427 0
5427 1.0345236079077
5427 18.8755115600355
5427 18.8755115600355
5465 418.104831492066
5465 418.104831492066
5465 418.104831492066
5465 16.2976506140842
5465 46.407466436374
5465 46.407466436374
5465 0.208960843373494
5465 0.208960843373494
5465 0.120625281164897
5465 0
5465 0
5465 0.160325333507038
5465 28.3919163700434
5465 28.3919163700434
5465 0
5465 0.77906543442073
5465 0
5465 0
5465 1.0345236079077
5465 18.8755115600355
5465 18.8755115600355
5504 418.104831492066
5504 418.104831492066
5504 418.104831492066
5504 16.2976506140842
5504 46.407466436374
5504 46.407466436374
5504 0.208960843373494
5504 0.208960843373494
5504 0.120625281164897
5504 0
5504 0
5504 0.160325333507038
5504 28.3919163700434
5504 28.3919163700434
5504 0
5504 0.77906543442073
5504 0
5504 0
5504 1.0345236079077
5504 18.8755115600355
5504 18.8755115600355
5543 418.104831492066
5543 418.104831492066
5543 418.104831492066
5543 16.2976506140842
5543 46.407466436374
5543 46.407466436374
5543 0.208960843373494
5543 0.208960843373494
5543 0.120625281164897
5543 0
5543 0
5543 0.160325333507038
5543 28.3919163700434
5543 28.3919163700434
5543 0
5543 0.77906543442073
5543 0
5543 0
5543 1.0345236079077
5543 18.8755115600355
5543 18.8755115600355
5583 418.104831492066
5583 418.104831492066
5583 418.104831492066
5583 16.2976506140842
5583 46.407466436374
5583 46.407466436374
5583 0.208960843373494
5583 0.208960843373494
5583 0.120625281164897
5583 0
5583 0
5583 0.160325333507038
5583 28.3919163700434
5583 28.3919163700434
5583 0
5583 0.77906543442073
5583 0
5583 0
5583 1.0345236079077
5583 18.8755115600355
5583 18.8755115600355
5623 418.104831492066
5623 418.104831492066
5623 418.104831492066
5623 16.2976506140842
5623 46.407466436374
5623 46.407466436374
5623 0.208960843373494
5623 0.208960843373494
5623 0.120625281164897
5623 0
5623 0
5623 0.160325333507038
5623 28.3919163700434
5623 28.3919163700434
5623 0
5623 0.77906543442073
5623 0
5623 0
5623 1.0345236079077
5623 18.8755115600355
5623 18.8755115600355
5663 418.104831492066
5663 418.104831492066
5663 418.104831492066
5663 16.2976506140842
5663 46.407466436374
5663 46.407466436374
5663 0.208960843373494
5663 0.208960843373494
5663 0.120625281164897
5663 0
5663 0
5663 0.160325333507038
5663 28.3919163700434
5663 28.3919163700434
5663 0
5663 0.77906543442073
5663 0
5663 0
5663 1.0345236079077
5663 18.8755115600355
5663 18.8755115600355
5784 418.104831492066
5784 418.104831492066
5784 418.104831492066
5784 16.2976506140842
5784 46.407466436374
5784 46.407466436374
5784 0.208960843373494
5784 0.208960843373494
5784 0.120625281164897
5784 0
5784 0
5784 0.160325333507038
5784 28.3919163700434
5784 28.3919163700434
5784 0
5784 0.77906543442073
5784 0
5784 0
5784 1.0345236079077
5784 18.8755115600355
5784 18.8755115600355
4514 418.104831492066
4514 418.104831492066
4514 418.104831492066
4514 16.2976506140842
4514 46.407466436374
4514 46.407466436374
4514 0.208960843373494
4514 0.208960843373494
4514 0.120625281164897
4514 0
4514 0
4514 0.160325333507038
4514 28.3919163700434
4514 28.3919163700434
4514 0
4514 0.77906543442073
4514 0
4514 0
4514 1.0345236079077
4514 18.8755115600355
4514 18.8755115600355
4541 418.104831492066
4541 418.104831492066
4541 418.104831492066
4541 16.2976506140842
4541 46.407466436374
4541 46.407466436374
4541 0.208960843373494
4541 0.208960843373494
4541 0.120625281164897
4541 0
4541 0
4541 0.160325333507038
4541 28.3919163700434
4541 28.3919163700434
4541 0
4541 0.77906543442073
4541 0
4541 0
4541 1.0345236079077
4541 18.8755115600355
4541 18.8755115600355
5584 418.104831492066
5584 418.104831492066
5584 418.104831492066
5584 16.2976506140842
5584 46.407466436374
5584 46.407466436374
5584 0.208960843373494
5584 0.208960843373494
5584 0.120625281164897
5584 0
5584 0
5584 0.160325333507038
5584 28.3919163700434
5584 28.3919163700434
5584 0
5584 0.77906543442073
5584 0
5584 0
5584 1.0345236079077
5584 18.8755115600355
5584 18.8755115600355
5624 418.104831492066
5624 418.104831492066
5624 418.104831492066
5624 16.2976506140842
5624 46.407466436374
5624 46.407466436374
5624 0.208960843373494
5624 0.208960843373494
5624 0.120625281164897
5624 0
5624 0
5624 0.160325333507038
5624 28.3919163700434
5624 28.3919163700434
5624 0
5624 0.77906543442073
5624 0
5624 0
5624 1.0345236079077
5624 18.8755115600355
5624 18.8755115600355
5664 418.104831492066
5664 418.104831492066
5664 418.104831492066
5664 16.2976506140842
5664 46.407466436374
5664 46.407466436374
5664 0.208960843373494
5664 0.208960843373494
5664 0.120625281164897
5664 0
5664 0
5664 0.160325333507038
5664 28.3919163700434
5664 28.3919163700434
5664 0
5664 0.77906543442073
5664 0
5664 0
5664 1.0345236079077
5664 18.8755115600355
5664 18.8755115600355
5704 418.104831492066
5704 418.104831492066
5704 418.104831492066
5704 16.2976506140842
5704 46.407466436374
5704 46.407466436374
5704 0.208960843373494
5704 0.208960843373494
5704 0.120625281164897
5704 0
5704 0
5704 0.160325333507038
5704 28.3919163700434
5704 28.3919163700434
5704 0
5704 0.77906543442073
5704 0
5704 0
5704 1.0345236079077
5704 18.8755115600355
5704 18.8755115600355
5744 418.104831492066
5744 418.104831492066
5744 418.104831492066
5744 16.2976506140842
5744 46.407466436374
5744 46.407466436374
5744 0.208960843373494
5744 0.208960843373494
5744 0.120625281164897
5744 0
5744 0
5744 0.160325333507038
5744 28.3919163700434
5744 28.3919163700434
5744 0
5744 0.77906543442073
5744 0
5744 0
5744 1.0345236079077
5744 18.8755115600355
5744 18.8755115600355
5785 418.104831492066
5785 418.104831492066
5785 418.104831492066
5785 16.2976506140842
5785 46.407466436374
5785 46.407466436374
5785 0.208960843373494
5785 0.208960843373494
5785 0.120625281164897
5785 0
5785 0
5785 0.160325333507038
5785 28.3919163700434
5785 28.3919163700434
5785 0
5785 0.77906543442073
5785 0
5785 0
5785 1.0345236079077
5785 18.8755115600355
5785 18.8755115600355
5825 418.104831492066
5825 418.104831492066
5825 418.104831492066
5825 16.2976506140842
5825 46.407466436374
5825 46.407466436374
5825 0.208960843373494
5825 0.208960843373494
5825 0.120625281164897
5825 0
5825 0
5825 0.160325333507038
5825 28.3919163700434
5825 28.3919163700434
5825 0
5825 0.77906543442073
5825 0
5825 0
5825 1.0345236079077
5825 18.8755115600355
5825 18.8755115600355
5863 418.104831492066
5863 418.104831492066
5863 418.104831492066
5863 16.2976506140842
5863 46.407466436374
5863 46.407466436374
5863 0.208960843373494
5863 0.208960843373494
5863 0.120625281164897
5863 0
5863 0
5863 0.160325333507038
5863 28.3919163700434
5863 28.3919163700434
5863 0
5863 0.77906543442073
5863 0
5863 0
5863 1.0345236079077
5863 18.8755115600355
5863 18.8755115600355
4441 418.104831492066
4441 418.104831492066
4441 418.104831492066
4441 16.2976506140842
4441 46.407466436374
4441 46.407466436374
4441 0.208960843373494
4441 0.208960843373494
4441 0.120625281164897
4441 0
4441 0
4441 0.160325333507038
4441 28.3919163700434
4441 28.3919163700434
4441 0
4441 0.77906543442073
4441 0
4441 0
4441 1.0345236079077
4441 18.8755115600355
4441 18.8755115600355
4662 418.104831492066
4662 418.104831492066
4662 418.104831492066
4662 16.2976506140842
4662 46.407466436374
4662 46.407466436374
4662 0.208960843373494
4662 0.208960843373494
4662 0.120625281164897
4662 0
4662 0
4662 0.160325333507038
4662 28.3919163700434
4662 28.3919163700434
4662 0
4662 0.77906543442073
4662 0
4662 0
4662 1.0345236079077
4662 18.8755115600355
4662 18.8755115600355
5705 418.104831492066
5705 418.104831492066
5705 418.104831492066
5705 16.2976506140842
5705 46.407466436374
5705 46.407466436374
5705 0.208960843373494
5705 0.208960843373494
5705 0.120625281164897
5705 0
5705 0
5705 0.160325333507038
5705 28.3919163700434
5705 28.3919163700434
5705 0
5705 0.77906543442073
5705 0
5705 0
5705 1.0345236079077
5705 18.8755115600355
5705 18.8755115600355
5745 418.104831492066
5745 418.104831492066
5745 418.104831492066
5745 16.2976506140842
5745 46.407466436374
5745 46.407466436374
5745 0.208960843373494
5745 0.208960843373494
5745 0.120625281164897
5745 0
5745 0
5745 0.160325333507038
5745 28.3919163700434
5745 28.3919163700434
5745 0
5745 0.77906543442073
5745 0
5745 0
5745 1.0345236079077
5745 18.8755115600355
5745 18.8755115600355
5786 418.104831492066
5786 418.104831492066
5786 418.104831492066
5786 16.2976506140842
5786 46.407466436374
5786 46.407466436374
5786 0.208960843373494
5786 0.208960843373494
5786 0.120625281164897
5786 0
5786 0
5786 0.160325333507038
5786 28.3919163700434
5786 28.3919163700434
5786 0
5786 0.77906543442073
5786 0
5786 0
5786 1.0345236079077
5786 18.8755115600355
5786 18.8755115600355
5826 418.104831492066
5826 418.104831492066
5826 418.104831492066
5826 16.2976506140842
5826 46.407466436374
5826 46.407466436374
5826 0.208960843373494
5826 0.208960843373494
5826 0.120625281164897
5826 0
5826 0
5826 0.160325333507038
5826 28.3919163700434
5826 28.3919163700434
5826 0
5826 0.77906543442073
5826 0
5826 0
5826 1.0345236079077
5826 18.8755115600355
5826 18.8755115600355
5864 418.104831492066
5864 418.104831492066
5864 418.104831492066
5864 16.2976506140842
5864 46.407466436374
5864 46.407466436374
5864 0.208960843373494
5864 0.208960843373494
5864 0.120625281164897
5864 0
5864 0
5864 0.160325333507038
5864 28.3919163700434
5864 28.3919163700434
5864 0
5864 0.77906543442073
5864 0
5864 0
5864 1.0345236079077
5864 18.8755115600355
5864 18.8755115600355
5903 418.104831492066
5903 418.104831492066
5903 418.104831492066
5903 16.2976506140842
5903 46.407466436374
5903 46.407466436374
5903 0.208960843373494
5903 0.208960843373494
5903 0.120625281164897
5903 0
5903 0
5903 0.160325333507038
5903 28.3919163700434
5903 28.3919163700434
5903 0
5903 0.77906543442073
5903 0
5903 0
5903 1.0345236079077
5903 18.8755115600355
5903 18.8755115600355
5942 418.104831492066
5942 418.104831492066
5942 418.104831492066
5942 16.2976506140842
5942 46.407466436374
5942 46.407466436374
5942 0.208960843373494
5942 0.208960843373494
5942 0.120625281164897
5942 0
5942 0
5942 0.160325333507038
5942 28.3919163700434
5942 28.3919163700434
5942 0
5942 0.77906543442073
5942 0
5942 0
5942 1.0345236079077
5942 18.8755115600355
5942 18.8755115600355
5982 418.104831492066
5982 418.104831492066
5982 418.104831492066
5982 16.2976506140842
5982 46.407466436374
5982 46.407466436374
5982 0.208960843373494
5982 0.208960843373494
5982 0.120625281164897
5982 0
5982 0
5982 0.160325333507038
5982 28.3919163700434
5982 28.3919163700434
5982 0
5982 0.77906543442073
5982 0
5982 0
5982 1.0345236079077
5982 18.8755115600355
5982 18.8755115600355
6021 418.104831492066
6021 418.104831492066
6021 418.104831492066
6021 16.2976506140842
6021 46.407466436374
6021 46.407466436374
6021 0.208960843373494
6021 0.208960843373494
6021 0.120625281164897
6021 0
6021 0
6021 0.160325333507038
6021 28.3919163700434
6021 28.3919163700434
6021 0
6021 0.77906543442073
6021 0
6021 0
6021 1.0345236079077
6021 18.8755115600355
6021 18.8755115600355
4307 418.104831492066
4307 418.104831492066
4307 418.104831492066
4307 16.2976506140842
4307 46.407466436374
4307 46.407466436374
4307 0.208960843373494
4307 0.208960843373494
4307 0.120625281164897
4307 0
4307 0
4307 0.160325333507038
4307 28.3919163700434
4307 28.3919163700434
4307 0
4307 0.77906543442073
4307 0
4307 0
4307 1.0345236079077
4307 18.8755115600355
4307 18.8755115600355
4601 418.104831492066
4601 418.104831492066
4601 418.104831492066
4601 16.2976506140842
4601 46.407466436374
4601 46.407466436374
4601 0.208960843373494
4601 0.208960843373494
4601 0.120625281164897
4601 0
4601 0
4601 0.160325333507038
4601 28.3919163700434
4601 28.3919163700434
4601 0
4601 0.77906543442073
4601 0
4601 0
4601 1.0345236079077
4601 18.8755115600355
4601 18.8755115600355
4633 418.104831492066
4633 418.104831492066
4633 418.104831492066
4633 16.2976506140842
4633 46.407466436374
4633 46.407466436374
4633 0.208960843373494
4633 0.208960843373494
4633 0.120625281164897
4633 0
4633 0
4633 0.160325333507038
4633 28.3919163700434
4633 28.3919163700434
4633 0
4633 0.77906543442073
4633 0
4633 0
4633 1.0345236079077
4633 18.8755115600355
4633 18.8755115600355
5122 418.104831492066
5122 418.104831492066
5122 418.104831492066
5122 16.2976506140842
5122 46.407466436374
5122 46.407466436374
5122 0.208960843373494
5122 0.208960843373494
5122 0.120625281164897
5122 0
5122 0
5122 0.160325333507038
5122 28.3919163700434
5122 28.3919163700434
5122 0
5122 0.77906543442073
5122 0
5122 0
5122 1.0345236079077
5122 18.8755115600355
5122 18.8755115600355
5746 418.104831492066
5746 418.104831492066
5746 418.104831492066
5746 16.2976506140842
5746 46.407466436374
5746 46.407466436374
5746 0.208960843373494
5746 0.208960843373494
5746 0.120625281164897
5746 0
5746 0
5746 0.160325333507038
5746 28.3919163700434
5746 28.3919163700434
5746 0
5746 0.77906543442073
5746 0
5746 0
5746 1.0345236079077
5746 18.8755115600355
5746 18.8755115600355
5787 418.104831492066
5787 418.104831492066
5787 418.104831492066
5787 16.2976506140842
5787 46.407466436374
5787 46.407466436374
5787 0.208960843373494
5787 0.208960843373494
5787 0.120625281164897
5787 0
5787 0
5787 0.160325333507038
5787 28.3919163700434
5787 28.3919163700434
5787 0
5787 0.77906543442073
5787 0
5787 0
5787 1.0345236079077
5787 18.8755115600355
5787 18.8755115600355
5827 418.104831492066
5827 418.104831492066
5827 418.104831492066
5827 16.2976506140842
5827 46.407466436374
5827 46.407466436374
5827 0.208960843373494
5827 0.208960843373494
5827 0.120625281164897
5827 0
5827 0
5827 0.160325333507038
5827 28.3919163700434
5827 28.3919163700434
5827 0
5827 0.77906543442073
5827 0
5827 0
5827 1.0345236079077
5827 18.8755115600355
5827 18.8755115600355
5865 418.104831492066
5865 418.104831492066
5865 418.104831492066
5865 16.2976506140842
5865 46.407466436374
5865 46.407466436374
5865 0.208960843373494
5865 0.208960843373494
5865 0.120625281164897
5865 0
5865 0
5865 0.160325333507038
5865 28.3919163700434
5865 28.3919163700434
5865 0
5865 0.77906543442073
5865 0
5865 0
5865 1.0345236079077
5865 18.8755115600355
5865 18.8755115600355
5904 418.104831492066
5904 418.104831492066
5904 418.104831492066
5904 16.2976506140842
5904 46.407466436374
5904 46.407466436374
5904 0.208960843373494
5904 0.208960843373494
5904 0.120625281164897
5904 0
5904 0
5904 0.160325333507038
5904 28.3919163700434
5904 28.3919163700434
5904 0
5904 0.77906543442073
5904 0
5904 0
5904 1.0345236079077
5904 18.8755115600355
5904 18.8755115600355
5943 418.104831492066
5943 418.104831492066
5943 418.104831492066
5943 16.2976506140842
5943 46.407466436374
5943 46.407466436374
5943 0.208960843373494
5943 0.208960843373494
5943 0.120625281164897
5943 0
5943 0
5943 0.160325333507038
5943 28.3919163700434
5943 28.3919163700434
5943 0
5943 0.77906543442073
5943 0
5943 0
5943 1.0345236079077
5943 18.8755115600355
5943 18.8755115600355
5983 418.104831492066
5983 418.104831492066
5983 418.104831492066
5983 16.2976506140842
5983 46.407466436374
5983 46.407466436374
5983 0.208960843373494
5983 0.208960843373494
5983 0.120625281164897
5983 0
5983 0
5983 0.160325333507038
5983 28.3919163700434
5983 28.3919163700434
5983 0
5983 0.77906543442073
5983 0
5983 0
5983 1.0345236079077
5983 18.8755115600355
5983 18.8755115600355
6022 418.104831492066
6022 418.104831492066
6022 418.104831492066
6022 16.2976506140842
6022 46.407466436374
6022 46.407466436374
6022 0.208960843373494
6022 0.208960843373494
6022 0.120625281164897
6022 0
6022 0
6022 0.160325333507038
6022 28.3919163700434
6022 28.3919163700434
6022 0
6022 0.77906543442073
6022 0
6022 0
6022 1.0345236079077
6022 18.8755115600355
6022 18.8755115600355
5707 418.104831492066
5707 418.104831492066
5707 418.104831492066
5707 16.2976506140842
5707 46.407466436374
5707 46.407466436374
5707 0.208960843373494
5707 0.208960843373494
5707 0.120625281164897
5707 0
5707 0
5707 0.160325333507038
5707 28.3919163700434
5707 28.3919163700434
5707 0
5707 0.77906543442073
5707 0
5707 0
5707 1.0345236079077
5707 18.8755115600355
5707 18.8755115600355
5788 418.104831492066
5788 418.104831492066
5788 418.104831492066
5788 16.2976506140842
5788 46.407466436374
5788 46.407466436374
5788 0.208960843373494
5788 0.208960843373494
5788 0.120625281164897
5788 0
5788 0
5788 0.160325333507038
5788 28.3919163700434
5788 28.3919163700434
5788 0
5788 0.77906543442073
5788 0
5788 0
5788 1.0345236079077
5788 18.8755115600355
5788 18.8755115600355
5828 418.104831492066
5828 418.104831492066
5828 418.104831492066
5828 16.2976506140842
5828 46.407466436374
5828 46.407466436374
5828 0.208960843373494
5828 0.208960843373494
5828 0.120625281164897
5828 0
5828 0
5828 0.160325333507038
5828 28.3919163700434
5828 28.3919163700434
5828 0
5828 0.77906543442073
5828 0
5828 0
5828 1.0345236079077
5828 18.8755115600355
5828 18.8755115600355
5866 418.104831492066
5866 418.104831492066
5866 418.104831492066
5866 16.2976506140842
5866 46.407466436374
5866 46.407466436374
5866 0.208960843373494
5866 0.208960843373494
5866 0.120625281164897
5866 0
5866 0
5866 0.160325333507038
5866 28.3919163700434
5866 28.3919163700434
5866 0
5866 0.77906543442073
5866 0
5866 0
5866 1.0345236079077
5866 18.8755115600355
5866 18.8755115600355
5905 418.104831492066
5905 418.104831492066
5905 418.104831492066
5905 16.2976506140842
5905 46.407466436374
5905 46.407466436374
5905 0.208960843373494
5905 0.208960843373494
5905 0.120625281164897
5905 0
5905 0
5905 0.160325333507038
5905 28.3919163700434
5905 28.3919163700434
5905 0
5905 0.77906543442073
5905 0
5905 0
5905 1.0345236079077
5905 18.8755115600355
5905 18.8755115600355
5944 418.104831492066
5944 418.104831492066
5944 418.104831492066
5944 16.2976506140842
5944 46.407466436374
5944 46.407466436374
5944 0.208960843373494
5944 0.208960843373494
5944 0.120625281164897
5944 0
5944 0
5944 0.160325333507038
5944 28.3919163700434
5944 28.3919163700434
5944 0
5944 0.77906543442073
5944 0
5944 0
5944 1.0345236079077
5944 18.8755115600355
5944 18.8755115600355
5984 418.104831492066
5984 418.104831492066
5984 418.104831492066
5984 16.2976506140842
5984 46.407466436374
5984 46.407466436374
5984 0.208960843373494
5984 0.208960843373494
5984 0.120625281164897
5984 0
5984 0
5984 0.160325333507038
5984 28.3919163700434
5984 28.3919163700434
5984 0
5984 0.77906543442073
5984 0
5984 0
5984 1.0345236079077
5984 18.8755115600355
5984 18.8755115600355
6023 418.104831492066
6023 418.104831492066
6023 418.104831492066
6023 16.2976506140842
6023 46.407466436374
6023 46.407466436374
6023 0.208960843373494
6023 0.208960843373494
6023 0.120625281164897
6023 0
6023 0
6023 0.160325333507038
6023 28.3919163700434
6023 28.3919163700434
6023 0
6023 0.77906543442073
6023 0
6023 0
6023 1.0345236079077
6023 18.8755115600355
6023 18.8755115600355
4518 418.104831492066
4518 418.104831492066
4518 418.104831492066
4518 16.2976506140842
4518 46.407466436374
4518 46.407466436374
4518 0.208960843373494
4518 0.208960843373494
4518 0.120625281164897
4518 0
4518 0
4518 0.160325333507038
4518 28.3919163700434
4518 28.3919163700434
4518 0
4518 0.77906543442073
4518 0
4518 0
4518 1.0345236079077
4518 18.8755115600355
4518 18.8755115600355
5867 418.104831492066
5867 418.104831492066
5867 418.104831492066
5867 16.2976506140842
5867 46.407466436374
5867 46.407466436374
5867 0.208960843373494
5867 0.208960843373494
5867 0.120625281164897
5867 0
5867 0
5867 0.160325333507038
5867 28.3919163700434
5867 28.3919163700434
5867 0
5867 0.77906543442073
5867 0
5867 0
5867 1.0345236079077
5867 18.8755115600355
5867 18.8755115600355
5906 418.104831492066
5906 418.104831492066
5906 418.104831492066
5906 16.2976506140842
5906 46.407466436374
5906 46.407466436374
5906 0.208960843373494
5906 0.208960843373494
5906 0.120625281164897
5906 0
5906 0
5906 0.160325333507038
5906 28.3919163700434
5906 28.3919163700434
5906 0
5906 0.77906543442073
5906 0
5906 0
5906 1.0345236079077
5906 18.8755115600355
5906 18.8755115600355
5945 418.104831492066
5945 418.104831492066
5945 418.104831492066
5945 16.2976506140842
5945 46.407466436374
5945 46.407466436374
5945 0.208960843373494
5945 0.208960843373494
5945 0.120625281164897
5945 0
5945 0
5945 0.160325333507038
5945 28.3919163700434
5945 28.3919163700434
5945 0
5945 0.77906543442073
5945 0
5945 0
5945 1.0345236079077
5945 18.8755115600355
5945 18.8755115600355
5985 418.104831492066
5985 418.104831492066
5985 418.104831492066
5985 16.2976506140842
5985 46.407466436374
5985 46.407466436374
5985 0.208960843373494
5985 0.208960843373494
5985 0.120625281164897
5985 0
5985 0
5985 0.160325333507038
5985 28.3919163700434
5985 28.3919163700434
5985 0
5985 0.77906543442073
5985 0
5985 0
5985 1.0345236079077
5985 18.8755115600355
5985 18.8755115600355
4666 418.104831492066
4666 418.104831492066
4666 418.104831492066
4666 16.2976506140842
4666 46.407466436374
4666 46.407466436374
4666 0.208960843373494
4666 0.208960843373494
4666 0.120625281164897
4666 0
4666 0
4666 0.160325333507038
4666 28.3919163700434
4666 28.3919163700434
4666 0
4666 0.77906543442073
4666 0
4666 0
4666 1.0345236079077
4666 18.8755115600355
4666 18.8755115600355
5907 418.104831492066
5907 418.104831492066
5907 418.104831492066
5907 16.2976506140842
5907 46.407466436374
5907 46.407466436374
5907 0.208960843373494
5907 0.208960843373494
5907 0.120625281164897
5907 0
5907 0
5907 0.160325333507038
5907 28.3919163700434
5907 28.3919163700434
5907 0
5907 0.77906543442073
5907 0
5907 0
5907 1.0345236079077
5907 18.8755115600355
5907 18.8755115600355
5986 418.104831492066
5986 418.104831492066
5986 418.104831492066
5986 16.2976506140842
5986 46.407466436374
5986 46.407466436374
5986 0.208960843373494
5986 0.208960843373494
5986 0.120625281164897
5986 0
5986 0
5986 0.160325333507038
5986 28.3919163700434
5986 28.3919163700434
5986 0
5986 0.77906543442073
5986 0
5986 0
5986 1.0345236079077
5986 18.8755115600355
5986 18.8755115600355
4137 418.104831492066
4137 418.104831492066
4137 418.104831492066
4137 16.2976506140842
4137 46.407466436374
4137 46.407466436374
4137 0.208960843373494
4137 0.208960843373494
4137 0.120625281164897
4137 0
4137 0
4137 0.160325333507038
4137 28.3919163700434
4137 28.3919163700434
4137 0
4137 0.77906543442073
4137 0
4137 0
4137 1.0345236079077
4137 18.8755115600355
4137 18.8755115600355
4789 418.104831492066
4789 418.104831492066
4789 418.104831492066
4789 16.2976506140842
4789 46.407466436374
4789 46.407466436374
4789 0.208960843373494
4789 0.208960843373494
4789 0.120625281164897
4789 0
4789 0
4789 0.160325333507038
4789 28.3919163700434
4789 28.3919163700434
4789 0
4789 0.77906543442073
4789 0
4789 0
4789 1.0345236079077
4789 18.8755115600355
4789 18.8755115600355
5908 418.104831492066
5908 418.104831492066
5908 418.104831492066
5908 16.2976506140842
5908 46.407466436374
5908 46.407466436374
5908 0.208960843373494
5908 0.208960843373494
5908 0.120625281164897
5908 0
5908 0
5908 0.160325333507038
5908 28.3919163700434
5908 28.3919163700434
5908 0
5908 0.77906543442073
5908 0
5908 0
5908 1.0345236079077
5908 18.8755115600355
5908 18.8755115600355
5947 418.104831492066
5947 418.104831492066
5947 418.104831492066
5947 16.2976506140842
5947 46.407466436374
5947 46.407466436374
5947 0.208960843373494
5947 0.208960843373494
5947 0.120625281164897
5947 0
5947 0
5947 0.160325333507038
5947 28.3919163700434
5947 28.3919163700434
5947 0
5947 0.77906543442073
5947 0
5947 0
5947 1.0345236079077
5947 18.8755115600355
5947 18.8755115600355
5987 418.104831492066
5987 418.104831492066
5987 418.104831492066
5987 16.2976506140842
5987 46.407466436374
5987 46.407466436374
5987 0.208960843373494
5987 0.208960843373494
5987 0.120625281164897
5987 0
5987 0
5987 0.160325333507038
5987 28.3919163700434
5987 28.3919163700434
5987 0
5987 0.77906543442073
5987 0
5987 0
5987 1.0345236079077
5987 18.8755115600355
5987 18.8755115600355
4790 418.104831492066
4790 418.104831492066
4790 418.104831492066
4790 16.2976506140842
4790 46.407466436374
4790 46.407466436374
4790 0.208960843373494
4790 0.208960843373494
4790 0.120625281164897
4790 0
4790 0
4790 0.160325333507038
4790 28.3919163700434
4790 28.3919163700434
4790 0
4790 0.77906543442073
4790 0
4790 0
4790 1.0345236079077
4790 18.8755115600355
4790 18.8755115600355
4827 418.104831492066
4827 418.104831492066
4827 418.104831492066
4827 16.2976506140842
4827 46.407466436374
4827 46.407466436374
4827 0.208960843373494
4827 0.208960843373494
4827 0.120625281164897
4827 0
4827 0
4827 0.160325333507038
4827 28.3919163700434
4827 28.3919163700434
4827 0
4827 0.77906543442073
4827 0
4827 0
4827 1.0345236079077
4827 18.8755115600355
4827 18.8755115600355
4951 418.104831492066
4951 418.104831492066
4951 418.104831492066
4951 16.2976506140842
4951 46.407466436374
4951 46.407466436374
4951 0.208960843373494
4951 0.208960843373494
4951 0.120625281164897
4951 0
4951 0
4951 0.160325333507038
4951 28.3919163700434
4951 28.3919163700434
4951 0
4951 0.77906543442073
4951 0
4951 0
4951 1.0345236079077
4951 18.8755115600355
4951 18.8755115600355
5042 418.104831492066
5042 418.104831492066
5042 418.104831492066
5042 16.2976506140842
5042 46.407466436374
5042 46.407466436374
5042 0.208960843373494
5042 0.208960843373494
5042 0.120625281164897
5042 0
5042 0
5042 0.160325333507038
5042 28.3919163700434
5042 28.3919163700434
5042 0
5042 0.77906543442073
5042 0
5042 0
5042 1.0345236079077
5042 18.8755115600355
5042 18.8755115600355
5085 418.104831492066
5085 418.104831492066
5085 418.104831492066
5085 16.2976506140842
5085 46.407466436374
5085 46.407466436374
5085 0.208960843373494
5085 0.208960843373494
5085 0.120625281164897
5085 0
5085 0
5085 0.160325333507038
5085 28.3919163700434
5085 28.3919163700434
5085 0
5085 0.77906543442073
5085 0
5085 0
5085 1.0345236079077
5085 18.8755115600355
5085 18.8755115600355
5127 418.104831492066
5127 418.104831492066
5127 418.104831492066
5127 16.2976506140842
5127 46.407466436374
5127 46.407466436374
5127 0.208960843373494
5127 0.208960843373494
5127 0.120625281164897
5127 0
5127 0
5127 0.160325333507038
5127 28.3919163700434
5127 28.3919163700434
5127 0
5127 0.77906543442073
5127 0
5127 0
5127 1.0345236079077
5127 18.8755115600355
5127 18.8755115600355
2363 418.104831492066
2363 418.104831492066
2363 418.104831492066
2363 16.2976506140842
2363 46.407466436374
2363 46.407466436374
2363 0.208960843373494
2363 0.208960843373494
2363 0.120625281164897
2363 0
2363 0
2363 0.160325333507038
2363 28.3919163700434
2363 28.3919163700434
2363 0
2363 0.77906543442073
2363 0
2363 0
2363 1.0345236079077
2363 18.8755115600355
2363 18.8755115600355
4385 418.104831492066
4385 418.104831492066
4385 418.104831492066
4385 16.2976506140842
4385 46.407466436374
4385 46.407466436374
4385 0.208960843373494
4385 0.208960843373494
4385 0.120625281164897
4385 0
4385 0
4385 0.160325333507038
4385 28.3919163700434
4385 28.3919163700434
4385 0
4385 0.77906543442073
4385 0
4385 0
4385 1.0345236079077
4385 18.8755115600355
4385 18.8755115600355
4699 418.104831492066
4699 418.104831492066
4699 418.104831492066
4699 16.2976506140842
4699 46.407466436374
4699 46.407466436374
4699 0.208960843373494
4699 0.208960843373494
4699 0.120625281164897
4699 0
4699 0
4699 0.160325333507038
4699 28.3919163700434
4699 28.3919163700434
4699 0
4699 0.77906543442073
4699 0
4699 0
4699 1.0345236079077
4699 18.8755115600355
4699 18.8755115600355
5086 418.104831492066
5086 418.104831492066
5086 418.104831492066
5086 16.2976506140842
5086 46.407466436374
5086 46.407466436374
5086 0.208960843373494
5086 0.208960843373494
5086 0.120625281164897
5086 0
5086 0
5086 0.160325333507038
5086 28.3919163700434
5086 28.3919163700434
5086 0
5086 0.77906543442073
5086 0
5086 0
5086 1.0345236079077
5086 18.8755115600355
5086 18.8755115600355
5871 418.104831492066
5871 418.104831492066
5871 418.104831492066
5871 16.2976506140842
5871 46.407466436374
5871 46.407466436374
5871 0.208960843373494
5871 0.208960843373494
5871 0.120625281164897
5871 0
5871 0
5871 0.160325333507038
5871 28.3919163700434
5871 28.3919163700434
5871 0
5871 0.77906543442073
5871 0
5871 0
5871 1.0345236079077
5871 18.8755115600355
5871 18.8755115600355
5910 418.104831492066
5910 418.104831492066
5910 418.104831492066
5910 16.2976506140842
5910 46.407466436374
5910 46.407466436374
5910 0.208960843373494
5910 0.208960843373494
5910 0.120625281164897
5910 0
5910 0
5910 0.160325333507038
5910 28.3919163700434
5910 28.3919163700434
5910 0
5910 0.77906543442073
5910 0
5910 0
5910 1.0345236079077
5910 18.8755115600355
5910 18.8755115600355
5949 418.104831492066
5949 418.104831492066
5949 418.104831492066
5949 16.2976506140842
5949 46.407466436374
5949 46.407466436374
5949 0.208960843373494
5949 0.208960843373494
5949 0.120625281164897
5949 0
5949 0
5949 0.160325333507038
5949 28.3919163700434
5949 28.3919163700434
5949 0
5949 0.77906543442073
5949 0
5949 0
5949 1.0345236079077
5949 18.8755115600355
5949 18.8755115600355
2184 418.104831492066
2184 418.104831492066
2184 418.104831492066
2184 16.2976506140842
2184 46.407466436374
2184 46.407466436374
2184 0.208960843373494
2184 0.208960843373494
2184 0.120625281164897
2184 0
2184 0
2184 0.160325333507038
2184 28.3919163700434
2184 28.3919163700434
2184 0
2184 0.77906543442073
2184 0
2184 0
2184 1.0345236079077
2184 18.8755115600355
2184 18.8755115600355
2273 418.104831492066
2273 418.104831492066
2273 418.104831492066
2273 16.2976506140842
2273 46.407466436374
2273 46.407466436374
2273 0.208960843373494
2273 0.208960843373494
2273 0.120625281164897
2273 0
2273 0
2273 0.160325333507038
2273 28.3919163700434
2273 28.3919163700434
2273 0
2273 0.77906543442073
2273 0
2273 0
2273 1.0345236079077
2273 18.8755115600355
2273 18.8755115600355
5794 418.104831492066
5794 418.104831492066
5794 418.104831492066
5794 16.2976506140842
5794 46.407466436374
5794 46.407466436374
5794 0.208960843373494
5794 0.208960843373494
5794 0.120625281164897
5794 0
5794 0
5794 0.160325333507038
5794 28.3919163700434
5794 28.3919163700434
5794 0
5794 0.77906543442073
5794 0
5794 0
5794 1.0345236079077
5794 18.8755115600355
5794 18.8755115600355
5872 418.104831492066
5872 418.104831492066
5872 418.104831492066
5872 16.2976506140842
5872 46.407466436374
5872 46.407466436374
5872 0.208960843373494
5872 0.208960843373494
5872 0.120625281164897
5872 0
5872 0
5872 0.160325333507038
5872 28.3919163700434
5872 28.3919163700434
5872 0
5872 0.77906543442073
5872 0
5872 0
5872 1.0345236079077
5872 18.8755115600355
5872 18.8755115600355
5911 418.104831492066
5911 418.104831492066
5911 418.104831492066
5911 16.2976506140842
5911 46.407466436374
5911 46.407466436374
5911 0.208960843373494
5911 0.208960843373494
5911 0.120625281164897
5911 0
5911 0
5911 0.160325333507038
5911 28.3919163700434
5911 28.3919163700434
5911 0
5911 0.77906543442073
5911 0
5911 0
5911 1.0345236079077
5911 18.8755115600355
5911 18.8755115600355
4910 418.104831492066
4910 418.104831492066
4910 418.104831492066
4910 16.2976506140842
4910 46.407466436374
4910 46.407466436374
4910 0.208960843373494
4910 0.208960843373494
4910 0.120625281164897
4910 0
4910 0
4910 0.160325333507038
4910 28.3919163700434
4910 28.3919163700434
4910 0
4910 0.77906543442073
4910 0
4910 0
4910 1.0345236079077
4910 18.8755115600355
4910 18.8755115600355
5873 418.104831492066
5873 418.104831492066
5873 418.104831492066
5873 16.2976506140842
5873 46.407466436374
5873 46.407466436374
5873 0.208960843373494
5873 0.208960843373494
5873 0.120625281164897
5873 0
5873 0
5873 0.160325333507038
5873 28.3919163700434
5873 28.3919163700434
5873 0
5873 0.77906543442073
5873 0
5873 0
5873 1.0345236079077
5873 18.8755115600355
5873 18.8755115600355
2090 418.104831492066
2090 418.104831492066
2090 418.104831492066
2090 16.2976506140842
2090 46.407466436374
2090 46.407466436374
2090 0.208960843373494
2090 0.208960843373494
2090 0.120625281164897
2090 0
2090 0
2090 0.160325333507038
2090 28.3919163700434
2090 28.3919163700434
2090 0
2090 0.77906543442073
2090 0
2090 0
2090 1.0345236079077
2090 18.8755115600355
2090 18.8755115600355
2186 418.104831492066
2186 418.104831492066
2186 418.104831492066
2186 16.2976506140842
2186 46.407466436374
2186 46.407466436374
2186 0.208960843373494
2186 0.208960843373494
2186 0.120625281164897
2186 0
2186 0
2186 0.160325333507038
2186 28.3919163700434
2186 28.3919163700434
2186 0
2186 0.77906543442073
2186 0
2186 0
2186 1.0345236079077
2186 18.8755115600355
2186 18.8755115600355
4581 418.104831492066
4581 418.104831492066
4581 418.104831492066
4581 16.2976506140842
4581 46.407466436374
4581 46.407466436374
4581 0.208960843373494
4581 0.208960843373494
4581 0.120625281164897
4581 0
4581 0
4581 0.160325333507038
4581 28.3919163700434
4581 28.3919163700434
4581 0
4581 0.77906543442073
4581 0
4581 0
4581 1.0345236079077
4581 18.8755115600355
4581 18.8755115600355
5360 418.104831492066
5360 418.104831492066
5360 418.104831492066
5360 16.2976506140842
5360 46.407466436374
5360 46.407466436374
5360 0.208960843373494
5360 0.208960843373494
5360 0.120625281164897
5360 0
5360 0
5360 0.160325333507038
5360 28.3919163700434
5360 28.3919163700434
5360 0
5360 0.77906543442073
5360 0
5360 0
5360 1.0345236079077
5360 18.8755115600355
5360 18.8755115600355
5874 418.104831492066
5874 418.104831492066
5874 418.104831492066
5874 16.2976506140842
5874 46.407466436374
5874 46.407466436374
5874 0.208960843373494
5874 0.208960843373494
5874 0.120625281164897
5874 0
5874 0
5874 0.160325333507038
5874 28.3919163700434
5874 28.3919163700434
5874 0
5874 0.77906543442073
5874 0
5874 0
5874 1.0345236079077
5874 18.8755115600355
5874 18.8755115600355
1997 418.104831492066
1997 418.104831492066
1997 418.104831492066
1997 16.2976506140842
1997 46.407466436374
1997 46.407466436374
1997 0.208960843373494
1997 0.208960843373494
1997 0.120625281164897
1997 0
1997 0
1997 0.160325333507038
1997 28.3919163700434
1997 28.3919163700434
1997 0
1997 0.77906543442073
1997 0
1997 0
1997 1.0345236079077
1997 18.8755115600355
1997 18.8755115600355
2091 418.104831492066
2091 418.104831492066
2091 418.104831492066
2091 16.2976506140842
2091 46.407466436374
2091 46.407466436374
2091 0.208960843373494
2091 0.208960843373494
2091 0.120625281164897
2091 0
2091 0
2091 0.160325333507038
2091 28.3919163700434
2091 28.3919163700434
2091 0
2091 0.77906543442073
2091 0
2091 0
2091 1.0345236079077
2091 18.8755115600355
2091 18.8755115600355
1905 418.104831492066
1905 418.104831492066
1905 418.104831492066
1905 16.2976506140842
1905 46.407466436374
1905 46.407466436374
1905 0.208960843373494
1905 0.208960843373494
1905 0.120625281164897
1905 0
1905 0
1905 0.160325333507038
1905 28.3919163700434
1905 28.3919163700434
1905 0
1905 0.77906543442073
1905 0
1905 0
1905 1.0345236079077
1905 18.8755115600355
1905 18.8755115600355
5133 418.104831492066
5133 418.104831492066
5133 418.104831492066
5133 16.2976506140842
5133 46.407466436374
5133 46.407466436374
5133 0.208960843373494
5133 0.208960843373494
5133 0.120625281164897
5133 0
5133 0
5133 0.160325333507038
5133 28.3919163700434
5133 28.3919163700434
5133 0
5133 0.77906543442073
5133 0
5133 0
5133 1.0345236079077
5133 18.8755115600355
5133 18.8755115600355
5173 418.104831492066
5173 418.104831492066
5173 418.104831492066
5173 16.2976506140842
5173 46.407466436374
5173 46.407466436374
5173 0.208960843373494
5173 0.208960843373494
5173 0.120625281164897
5173 0
5173 0
5173 0.160325333507038
5173 28.3919163700434
5173 28.3919163700434
5173 0
5173 0.77906543442073
5173 0
5173 0
5173 1.0345236079077
5173 18.8755115600355
5173 18.8755115600355
5324 418.104831492066
5324 418.104831492066
5324 418.104831492066
5324 16.2976506140842
5324 46.407466436374
5324 46.407466436374
5324 0.208960843373494
5324 0.208960843373494
5324 0.120625281164897
5324 0
5324 0
5324 0.160325333507038
5324 28.3919163700434
5324 28.3919163700434
5324 0
5324 0.77906543442073
5324 0
5324 0
5324 1.0345236079077
5324 18.8755115600355
5324 18.8755115600355
5362 418.104831492066
5362 418.104831492066
5362 418.104831492066
5362 16.2976506140842
5362 46.407466436374
5362 46.407466436374
5362 0.208960843373494
5362 0.208960843373494
5362 0.120625281164897
5362 0
5362 0
5362 0.160325333507038
5362 28.3919163700434
5362 28.3919163700434
5362 0
5362 0.77906543442073
5362 0
5362 0
5362 1.0345236079077
5362 18.8755115600355
5362 18.8755115600355
1724 418.104831492066
1724 418.104831492066
1724 418.104831492066
1724 16.2976506140842
1724 46.407466436374
1724 46.407466436374
1724 0.208960843373494
1724 0.208960843373494
1724 0.120625281164897
1724 0
1724 0
1724 0.160325333507038
1724 28.3919163700434
1724 28.3919163700434
1724 0
1724 0.77906543442073
1724 0
1724 0
1724 1.0345236079077
1724 18.8755115600355
1724 18.8755115600355
5479 418.104831492066
5479 418.104831492066
5479 418.104831492066
5479 16.2976506140842
5479 46.407466436374
5479 46.407466436374
5479 0.208960843373494
5479 0.208960843373494
5479 0.120625281164897
5479 0
5479 0
5479 0.160325333507038
5479 28.3919163700434
5479 28.3919163700434
5479 0
5479 0.77906543442073
5479 0
5479 0
5479 1.0345236079077
5479 18.8755115600355
5479 18.8755115600355
5404 418.104831492066
5404 418.104831492066
5404 418.104831492066
5404 16.2976506140842
5404 46.407466436374
5404 46.407466436374
5404 0.208960843373494
5404 0.208960843373494
5404 0.120625281164897
5404 0
5404 0
5404 0.160325333507038
5404 28.3919163700434
5404 28.3919163700434
5404 0
5404 0.77906543442073
5404 0
5404 0
5404 1.0345236079077
5404 18.8755115600355
5404 18.8755115600355
3769 418.104831492066
3769 418.104831492066
3769 418.104831492066
3769 16.2976506140842
3769 46.407466436374
3769 46.407466436374
3769 0.208960843373494
3769 0.208960843373494
3769 0.120625281164897
3769 0
3769 0
3769 0.160325333507038
3769 28.3919163700434
3769 28.3919163700434
3769 0
3769 0.77906543442073
3769 0
3769 0
3769 1.0345236079077
3769 18.8755115600355
3769 18.8755115600355
1829 418.104831492066
1829 418.104831492066
1829 418.104831492066
1829 16.2976506140842
1829 46.407466436374
1829 46.407466436374
1829 0.208960843373494
1829 0.208960843373494
1829 0.120625281164897
1829 0
1829 0
1829 0.160325333507038
1829 28.3919163700434
1829 28.3919163700434
1829 0
1829 0.77906543442073
1829 0
1829 0
1829 1.0345236079077
1829 18.8755115600355
1829 18.8755115600355
1920 418.104831492066
1920 418.104831492066
1920 418.104831492066
1920 16.2976506140842
1920 46.407466436374
1920 46.407466436374
1920 0.208960843373494
1920 0.208960843373494
1920 0.120625281164897
1920 0
1920 0
1920 0.160325333507038
1920 28.3919163700434
1920 28.3919163700434
1920 0
1920 0.77906543442073
1920 0
1920 0
1920 1.0345236079077
1920 18.8755115600355
1920 18.8755115600355
2290 418.104831492066
2290 418.104831492066
2290 418.104831492066
2290 16.2976506140842
2290 46.407466436374
2290 46.407466436374
2290 0.208960843373494
2290 0.208960843373494
2290 0.120625281164897
2290 0
2290 0
2290 0.160325333507038
2290 28.3919163700434
2290 28.3919163700434
2290 0
2290 0.77906543442073
2290 0
2290 0
2290 1.0345236079077
2290 18.8755115600355
2290 18.8755115600355
3452 418.104831492066
3452 418.104831492066
3452 418.104831492066
3452 16.2976506140842
3452 46.407466436374
3452 46.407466436374
3452 0.208960843373494
3452 0.208960843373494
3452 0.120625281164897
3452 0
3452 0
3452 0.160325333507038
3452 28.3919163700434
3452 28.3919163700434
3452 0
3452 0.77906543442073
3452 0
3452 0
3452 1.0345236079077
3452 18.8755115600355
3452 18.8755115600355
3365 418.104831492066
3365 418.104831492066
3365 418.104831492066
3365 16.2976506140842
3365 46.407466436374
3365 46.407466436374
3365 0.208960843373494
3365 0.208960843373494
3365 0.120625281164897
3365 0
3365 0
3365 0.160325333507038
3365 28.3919163700434
3365 28.3919163700434
3365 0
3365 0.77906543442073
3365 0
3365 0
3365 1.0345236079077
3365 18.8755115600355
3365 18.8755115600355
3453 418.104831492066
3453 418.104831492066
3453 418.104831492066
3453 16.2976506140842
3453 46.407466436374
3453 46.407466436374
3453 0.208960843373494
3453 0.208960843373494
3453 0.120625281164897
3453 0
3453 0
3453 0.160325333507038
3453 28.3919163700434
3453 28.3919163700434
3453 0
3453 0.77906543442073
3453 0
3453 0
3453 1.0345236079077
3453 18.8755115600355
3453 18.8755115600355
3092 418.104831492066
3092 418.104831492066
3092 418.104831492066
3092 16.2976506140842
3092 46.407466436374
3092 46.407466436374
3092 0.208960843373494
3092 0.208960843373494
3092 0.120625281164897
3092 0
3092 0
3092 0.160325333507038
3092 28.3919163700434
3092 28.3919163700434
3092 0
3092 0.77906543442073
3092 0
3092 0
3092 1.0345236079077
3092 18.8755115600355
3092 18.8755115600355
3034 418.104831492066
3034 418.104831492066
3034 418.104831492066
3034 16.2976506140842
3034 46.407466436374
3034 46.407466436374
3034 0.208960843373494
3034 0.208960843373494
3034 0.120625281164897
3034 0
3034 0
3034 0.160325333507038
3034 28.3919163700434
3034 28.3919163700434
3034 0
3034 0.77906543442073
3034 0
3034 0
3034 1.0345236079077
3034 18.8755115600355
3034 18.8755115600355
3318 418.104831492066
3318 418.104831492066
3318 418.104831492066
3318 16.2976506140842
3318 46.407466436374
3318 46.407466436374
3318 0.208960843373494
3318 0.208960843373494
3318 0.120625281164897
3318 0
3318 0
3318 0.160325333507038
3318 28.3919163700434
3318 28.3919163700434
3318 0
3318 0.77906543442073
3318 0
3318 0
3318 1.0345236079077
3318 18.8755115600355
3318 18.8755115600355
3095 418.104831492066
3095 418.104831492066
3095 418.104831492066
3095 16.2976506140842
3095 46.407466436374
3095 46.407466436374
3095 0.208960843373494
3095 0.208960843373494
3095 0.120625281164897
3095 0
3095 0
3095 0.160325333507038
3095 28.3919163700434
3095 28.3919163700434
3095 0
3095 0.77906543442073
3095 0
3095 0
3095 1.0345236079077
3095 18.8755115600355
3095 18.8755115600355
3617 418.104831492066
3617 418.104831492066
3617 418.104831492066
3617 16.2976506140842
3617 46.407466436374
3617 46.407466436374
3617 0.208960843373494
3617 0.208960843373494
3617 0.120625281164897
3617 0
3617 0
3617 0.160325333507038
3617 28.3919163700434
3617 28.3919163700434
3617 0
3617 0.77906543442073
3617 0
3617 0
3617 1.0345236079077
3617 18.8755115600355
3617 18.8755115600355
3660 418.104831492066
3660 418.104831492066
3660 418.104831492066
3660 16.2976506140842
3660 46.407466436374
3660 46.407466436374
3660 0.208960843373494
3660 0.208960843373494
3660 0.120625281164897
3660 0
3660 0
3660 0.160325333507038
3660 28.3919163700434
3660 28.3919163700434
3660 0
3660 0.77906543442073
3660 0
3660 0
3660 1.0345236079077
3660 18.8755115600355
3660 18.8755115600355
3577 418.104831492066
3577 418.104831492066
3577 418.104831492066
3577 16.2976506140842
3577 46.407466436374
3577 46.407466436374
3577 0.208960843373494
3577 0.208960843373494
3577 0.120625281164897
3577 0
3577 0
3577 0.160325333507038
3577 28.3919163700434
3577 28.3919163700434
3577 0
3577 0.77906543442073
3577 0
3577 0
3577 1.0345236079077
3577 18.8755115600355
3577 18.8755115600355
3618 418.104831492066
3618 418.104831492066
3618 418.104831492066
3618 16.2976506140842
3618 46.407466436374
3618 46.407466436374
3618 0.208960843373494
3618 0.208960843373494
3618 0.120625281164897
3618 0
3618 0
3618 0.160325333507038
3618 28.3919163700434
3618 28.3919163700434
3618 0
3618 0.77906543442073
3618 0
3618 0
3618 1.0345236079077
3618 18.8755115600355
3618 18.8755115600355
3661 418.104831492066
3661 418.104831492066
3661 418.104831492066
3661 16.2976506140842
3661 46.407466436374
3661 46.407466436374
3661 0.208960843373494
3661 0.208960843373494
3661 0.120625281164897
3661 0
3661 0
3661 0.160325333507038
3661 28.3919163700434
3661 28.3919163700434
3661 0
3661 0.77906543442073
3661 0
3661 0
3661 1.0345236079077
3661 18.8755115600355
3661 18.8755115600355
3701 418.104831492066
3701 418.104831492066
3701 418.104831492066
3701 16.2976506140842
3701 46.407466436374
3701 46.407466436374
3701 0.208960843373494
3701 0.208960843373494
3701 0.120625281164897
3701 0
3701 0
3701 0.160325333507038
3701 28.3919163700434
3701 28.3919163700434
3701 0
3701 0.77906543442073
3701 0
3701 0
3701 1.0345236079077
3701 18.8755115600355
3701 18.8755115600355
3619 418.104831492066
3619 418.104831492066
3619 418.104831492066
3619 16.2976506140842
3619 46.407466436374
3619 46.407466436374
3619 0.208960843373494
3619 0.208960843373494
3619 0.120625281164897
3619 0
3619 0
3619 0.160325333507038
3619 28.3919163700434
3619 28.3919163700434
3619 0
3619 0.77906543442073
3619 0
3619 0
3619 1.0345236079077
3619 18.8755115600355
3619 18.8755115600355
3662 418.104831492066
3662 418.104831492066
3662 418.104831492066
3662 16.2976506140842
3662 46.407466436374
3662 46.407466436374
3662 0.208960843373494
3662 0.208960843373494
3662 0.120625281164897
3662 0
3662 0
3662 0.160325333507038
3662 28.3919163700434
3662 28.3919163700434
3662 0
3662 0.77906543442073
3662 0
3662 0
3662 1.0345236079077
3662 18.8755115600355
3662 18.8755115600355
3702 418.104831492066
3702 418.104831492066
3702 418.104831492066
3702 16.2976506140842
3702 46.407466436374
3702 46.407466436374
3702 0.208960843373494
3702 0.208960843373494
3702 0.120625281164897
3702 0
3702 0
3702 0.160325333507038
3702 28.3919163700434
3702 28.3919163700434
3702 0
3702 0.77906543442073
3702 0
3702 0
3702 1.0345236079077
3702 18.8755115600355
3702 18.8755115600355
3498 418.104831492066
3498 418.104831492066
3498 418.104831492066
3498 16.2976506140842
3498 46.407466436374
3498 46.407466436374
3498 0.208960843373494
3498 0.208960843373494
3498 0.120625281164897
3498 0
3498 0
3498 0.160325333507038
3498 28.3919163700434
3498 28.3919163700434
3498 0
3498 0.77906543442073
3498 0
3498 0
3498 1.0345236079077
3498 18.8755115600355
3498 18.8755115600355
3536 418.104831492066
3536 418.104831492066
3536 418.104831492066
3536 16.2976506140842
3536 46.407466436374
3536 46.407466436374
3536 0.208960843373494
3536 0.208960843373494
3536 0.120625281164897
3536 0
3536 0
3536 0.160325333507038
3536 28.3919163700434
3536 28.3919163700434
3536 0
3536 0.77906543442073
3536 0
3536 0
3536 1.0345236079077
3536 18.8755115600355
3536 18.8755115600355
3620 418.104831492066
3620 418.104831492066
3620 418.104831492066
3620 16.2976506140842
3620 46.407466436374
3620 46.407466436374
3620 0.208960843373494
3620 0.208960843373494
3620 0.120625281164897
3620 0
3620 0
3620 0.160325333507038
3620 28.3919163700434
3620 28.3919163700434
3620 0
3620 0.77906543442073
3620 0
3620 0
3620 1.0345236079077
3620 18.8755115600355
3620 18.8755115600355
3663 418.104831492066
3663 418.104831492066
3663 418.104831492066
3663 16.2976506140842
3663 46.407466436374
3663 46.407466436374
3663 0.208960843373494
3663 0.208960843373494
3663 0.120625281164897
3663 0
3663 0
3663 0.160325333507038
3663 28.3919163700434
3663 28.3919163700434
3663 0
3663 0.77906543442073
3663 0
3663 0
3663 1.0345236079077
3663 18.8755115600355
3663 18.8755115600355
3703 418.104831492066
3703 418.104831492066
3703 418.104831492066
3703 16.2976506140842
3703 46.407466436374
3703 46.407466436374
3703 0.208960843373494
3703 0.208960843373494
3703 0.120625281164897
3703 0
3703 0
3703 0.160325333507038
3703 28.3919163700434
3703 28.3919163700434
3703 0
3703 0.77906543442073
3703 0
3703 0
3703 1.0345236079077
3703 18.8755115600355
3703 18.8755115600355
3209 418.104831492066
3209 418.104831492066
3209 418.104831492066
3209 16.2976506140842
3209 46.407466436374
3209 46.407466436374
3209 0.208960843373494
3209 0.208960843373494
3209 0.120625281164897
3209 0
3209 0
3209 0.160325333507038
3209 28.3919163700434
3209 28.3919163700434
3209 0
3209 0.77906543442073
3209 0
3209 0
3209 1.0345236079077
3209 18.8755115600355
3209 18.8755115600355
3323 418.104831492066
3323 418.104831492066
3323 418.104831492066
3323 16.2976506140842
3323 46.407466436374
3323 46.407466436374
3323 0.208960843373494
3323 0.208960843373494
3323 0.120625281164897
3323 0
3323 0
3323 0.160325333507038
3323 28.3919163700434
3323 28.3919163700434
3323 0
3323 0.77906543442073
3323 0
3323 0
3323 1.0345236079077
3323 18.8755115600355
3323 18.8755115600355
3374 418.104831492066
3374 418.104831492066
3374 418.104831492066
3374 16.2976506140842
3374 46.407466436374
3374 46.407466436374
3374 0.208960843373494
3374 0.208960843373494
3374 0.120625281164897
3374 0
3374 0
3374 0.160325333507038
3374 28.3919163700434
3374 28.3919163700434
3374 0
3374 0.77906543442073
3374 0
3374 0
3374 1.0345236079077
3374 18.8755115600355
3374 18.8755115600355
3462 418.104831492066
3462 418.104831492066
3462 418.104831492066
3462 16.2976506140842
3462 46.407466436374
3462 46.407466436374
3462 0.208960843373494
3462 0.208960843373494
3462 0.120625281164897
3462 0
3462 0
3462 0.160325333507038
3462 28.3919163700434
3462 28.3919163700434
3462 0
3462 0.77906543442073
3462 0
3462 0
3462 1.0345236079077
3462 18.8755115600355
3462 18.8755115600355
3499 418.104831492066
3499 418.104831492066
3499 418.104831492066
3499 16.2976506140842
3499 46.407466436374
3499 46.407466436374
3499 0.208960843373494
3499 0.208960843373494
3499 0.120625281164897
3499 0
3499 0
3499 0.160325333507038
3499 28.3919163700434
3499 28.3919163700434
3499 0
3499 0.77906543442073
3499 0
3499 0
3499 1.0345236079077
3499 18.8755115600355
3499 18.8755115600355
3664 418.104831492066
3664 418.104831492066
3664 418.104831492066
3664 16.2976506140842
3664 46.407466436374
3664 46.407466436374
3664 0.208960843373494
3664 0.208960843373494
3664 0.120625281164897
3664 0
3664 0
3664 0.160325333507038
3664 28.3919163700434
3664 28.3919163700434
3664 0
3664 0.77906543442073
3664 0
3664 0
3664 1.0345236079077
3664 18.8755115600355
3664 18.8755115600355
3264 418.104831492066
3264 418.104831492066
3264 418.104831492066
3264 16.2976506140842
3264 46.407466436374
3264 46.407466436374
3264 0.208960843373494
3264 0.208960843373494
3264 0.120625281164897
3264 0
3264 0
3264 0.160325333507038
3264 28.3919163700434
3264 28.3919163700434
3264 0
3264 0.77906543442073
3264 0
3264 0
3264 1.0345236079077
3264 18.8755115600355
3264 18.8755115600355
3538 418.104831492066
3538 418.104831492066
3538 418.104831492066
3538 16.2976506140842
3538 46.407466436374
3538 46.407466436374
3538 0.208960843373494
3538 0.208960843373494
3538 0.120625281164897
3538 0
3538 0
3538 0.160325333507038
3538 28.3919163700434
3538 28.3919163700434
3538 0
3538 0.77906543442073
3538 0
3538 0
3538 1.0345236079077
3538 18.8755115600355
3538 18.8755115600355
3581 418.104831492066
3581 418.104831492066
3581 418.104831492066
3581 16.2976506140842
3581 46.407466436374
3581 46.407466436374
3581 0.208960843373494
3581 0.208960843373494
3581 0.120625281164897
3581 0
3581 0
3581 0.160325333507038
3581 28.3919163700434
3581 28.3919163700434
3581 0
3581 0.77906543442073
3581 0
3581 0
3581 1.0345236079077
3581 18.8755115600355
3581 18.8755115600355
3622 418.104831492066
3622 418.104831492066
3622 418.104831492066
3622 16.2976506140842
3622 46.407466436374
3622 46.407466436374
3622 0.208960843373494
3622 0.208960843373494
3622 0.120625281164897
3622 0
3622 0
3622 0.160325333507038
3622 28.3919163700434
3622 28.3919163700434
3622 0
3622 0.77906543442073
3622 0
3622 0
3622 1.0345236079077
3622 18.8755115600355
3622 18.8755115600355
3665 418.104831492066
3665 418.104831492066
3665 418.104831492066
3665 16.2976506140842
3665 46.407466436374
3665 46.407466436374
3665 0.208960843373494
3665 0.208960843373494
3665 0.120625281164897
3665 0
3665 0
3665 0.160325333507038
3665 28.3919163700434
3665 28.3919163700434
3665 0
3665 0.77906543442073
3665 0
3665 0
3665 1.0345236079077
3665 18.8755115600355
3665 18.8755115600355
3539 418.104831492066
3539 418.104831492066
3539 418.104831492066
3539 16.2976506140842
3539 46.407466436374
3539 46.407466436374
3539 0.208960843373494
3539 0.208960843373494
3539 0.120625281164897
3539 0
3539 0
3539 0.160325333507038
3539 28.3919163700434
3539 28.3919163700434
3539 0
3539 0.77906543442073
3539 0
3539 0
3539 1.0345236079077
3539 18.8755115600355
3539 18.8755115600355
3582 418.104831492066
3582 418.104831492066
3582 418.104831492066
3582 16.2976506140842
3582 46.407466436374
3582 46.407466436374
3582 0.208960843373494
3582 0.208960843373494
3582 0.120625281164897
3582 0
3582 0
3582 0.160325333507038
3582 28.3919163700434
3582 28.3919163700434
3582 0
3582 0.77906543442073
3582 0
3582 0
3582 1.0345236079077
3582 18.8755115600355
3582 18.8755115600355
3623 418.104831492066
3623 418.104831492066
3623 418.104831492066
3623 16.2976506140842
3623 46.407466436374
3623 46.407466436374
3623 0.208960843373494
3623 0.208960843373494
3623 0.120625281164897
3623 0
3623 0
3623 0.160325333507038
3623 28.3919163700434
3623 28.3919163700434
3623 0
3623 0.77906543442073
3623 0
3623 0
3623 1.0345236079077
3623 18.8755115600355
3623 18.8755115600355
3666 418.104831492066
3666 418.104831492066
3666 418.104831492066
3666 16.2976506140842
3666 46.407466436374
3666 46.407466436374
3666 0.208960843373494
3666 0.208960843373494
3666 0.120625281164897
3666 0
3666 0
3666 0.160325333507038
3666 28.3919163700434
3666 28.3919163700434
3666 0
3666 0.77906543442073
3666 0
3666 0
3666 1.0345236079077
3666 18.8755115600355
3666 18.8755115600355
3156 418.104831492066
3156 418.104831492066
3156 418.104831492066
3156 16.2976506140842
3156 46.407466436374
3156 46.407466436374
3156 0.208960843373494
3156 0.208960843373494
3156 0.120625281164897
3156 0
3156 0
3156 0.160325333507038
3156 28.3919163700434
3156 28.3919163700434
3156 0
3156 0.77906543442073
3156 0
3156 0
3156 1.0345236079077
3156 18.8755115600355
3156 18.8755115600355
3212 418.104831492066
3212 418.104831492066
3212 418.104831492066
3212 16.2976506140842
3212 46.407466436374
3212 46.407466436374
3212 0.208960843373494
3212 0.208960843373494
3212 0.120625281164897
3212 0
3212 0
3212 0.160325333507038
3212 28.3919163700434
3212 28.3919163700434
3212 0
3212 0.77906543442073
3212 0
3212 0
3212 1.0345236079077
3212 18.8755115600355
3212 18.8755115600355
3266 418.104831492066
3266 418.104831492066
3266 418.104831492066
3266 16.2976506140842
3266 46.407466436374
3266 46.407466436374
3266 0.208960843373494
3266 0.208960843373494
3266 0.120625281164897
3266 0
3266 0
3266 0.160325333507038
3266 28.3919163700434
3266 28.3919163700434
3266 0
3266 0.77906543442073
3266 0
3266 0
3266 1.0345236079077
3266 18.8755115600355
3266 18.8755115600355
3502 418.104831492066
3502 418.104831492066
3502 418.104831492066
3502 16.2976506140842
3502 46.407466436374
3502 46.407466436374
3502 0.208960843373494
3502 0.208960843373494
3502 0.120625281164897
3502 0
3502 0
3502 0.160325333507038
3502 28.3919163700434
3502 28.3919163700434
3502 0
3502 0.77906543442073
3502 0
3502 0
3502 1.0345236079077
3502 18.8755115600355
3502 18.8755115600355
3540 418.104831492066
3540 418.104831492066
3540 418.104831492066
3540 16.2976506140842
3540 46.407466436374
3540 46.407466436374
3540 0.208960843373494
3540 0.208960843373494
3540 0.120625281164897
3540 0
3540 0
3540 0.160325333507038
3540 28.3919163700434
3540 28.3919163700434
3540 0
3540 0.77906543442073
3540 0
3540 0
3540 1.0345236079077
3540 18.8755115600355
3540 18.8755115600355
3667 418.104831492066
3667 418.104831492066
3667 418.104831492066
3667 16.2976506140842
3667 46.407466436374
3667 46.407466436374
3667 0.208960843373494
3667 0.208960843373494
3667 0.120625281164897
3667 0
3667 0
3667 0.160325333507038
3667 28.3919163700434
3667 28.3919163700434
3667 0
3667 0.77906543442073
3667 0
3667 0
3667 1.0345236079077
3667 18.8755115600355
3667 18.8755115600355
3043 418.104831492066
3043 418.104831492066
3043 418.104831492066
3043 16.2976506140842
3043 46.407466436374
3043 46.407466436374
3043 0.208960843373494
3043 0.208960843373494
3043 0.120625281164897
3043 0
3043 0
3043 0.160325333507038
3043 28.3919163700434
3043 28.3919163700434
3043 0
3043 0.77906543442073
3043 0
3043 0
3043 1.0345236079077
3043 18.8755115600355
3043 18.8755115600355
3157 418.104831492066
3157 418.104831492066
3157 418.104831492066
3157 16.2976506140842
3157 46.407466436374
3157 46.407466436374
3157 0.208960843373494
3157 0.208960843373494
3157 0.120625281164897
3157 0
3157 0
3157 0.160325333507038
3157 28.3919163700434
3157 28.3919163700434
3157 0
3157 0.77906543442073
3157 0
3157 0
3157 1.0345236079077
3157 18.8755115600355
3157 18.8755115600355
3213 418.104831492066
3213 418.104831492066
3213 418.104831492066
3213 16.2976506140842
3213 46.407466436374
3213 46.407466436374
3213 0.208960843373494
3213 0.208960843373494
3213 0.120625281164897
3213 0
3213 0
3213 0.160325333507038
3213 28.3919163700434
3213 28.3919163700434
3213 0
3213 0.77906543442073
3213 0
3213 0
3213 1.0345236079077
3213 18.8755115600355
3213 18.8755115600355
3267 418.104831492066
3267 418.104831492066
3267 418.104831492066
3267 16.2976506140842
3267 46.407466436374
3267 46.407466436374
3267 0.208960843373494
3267 0.208960843373494
3267 0.120625281164897
3267 0
3267 0
3267 0.160325333507038
3267 28.3919163700434
3267 28.3919163700434
3267 0
3267 0.77906543442073
3267 0
3267 0
3267 1.0345236079077
3267 18.8755115600355
3267 18.8755115600355
3327 418.104831492066
3327 418.104831492066
3327 418.104831492066
3327 16.2976506140842
3327 46.407466436374
3327 46.407466436374
3327 0.208960843373494
3327 0.208960843373494
3327 0.120625281164897
3327 0
3327 0
3327 0.160325333507038
3327 28.3919163700434
3327 28.3919163700434
3327 0
3327 0.77906543442073
3327 0
3327 0
3327 1.0345236079077
3327 18.8755115600355
3327 18.8755115600355
3378 418.104831492066
3378 418.104831492066
3378 418.104831492066
3378 16.2976506140842
3378 46.407466436374
3378 46.407466436374
3378 0.208960843373494
3378 0.208960843373494
3378 0.120625281164897
3378 0
3378 0
3378 0.160325333507038
3378 28.3919163700434
3378 28.3919163700434
3378 0
3378 0.77906543442073
3378 0
3378 0
3378 1.0345236079077
3378 18.8755115600355
3378 18.8755115600355
3423 418.104831492066
3423 418.104831492066
3423 418.104831492066
3423 16.2976506140842
3423 46.407466436374
3423 46.407466436374
3423 0.208960843373494
3423 0.208960843373494
3423 0.120625281164897
3423 0
3423 0
3423 0.160325333507038
3423 28.3919163700434
3423 28.3919163700434
3423 0
3423 0.77906543442073
3423 0
3423 0
3423 1.0345236079077
3423 18.8755115600355
3423 18.8755115600355
3503 418.104831492066
3503 418.104831492066
3503 418.104831492066
3503 16.2976506140842
3503 46.407466436374
3503 46.407466436374
3503 0.208960843373494
3503 0.208960843373494
3503 0.120625281164897
3503 0
3503 0
3503 0.160325333507038
3503 28.3919163700434
3503 28.3919163700434
3503 0
3503 0.77906543442073
3503 0
3503 0
3503 1.0345236079077
3503 18.8755115600355
3503 18.8755115600355
3541 418.104831492066
3541 418.104831492066
3541 418.104831492066
3541 16.2976506140842
3541 46.407466436374
3541 46.407466436374
3541 0.208960843373494
3541 0.208960843373494
3541 0.120625281164897
3541 0
3541 0
3541 0.160325333507038
3541 28.3919163700434
3541 28.3919163700434
3541 0
3541 0.77906543442073
3541 0
3541 0
3541 1.0345236079077
3541 18.8755115600355
3541 18.8755115600355
3584 418.104831492066
3584 418.104831492066
3584 418.104831492066
3584 16.2976506140842
3584 46.407466436374
3584 46.407466436374
3584 0.208960843373494
3584 0.208960843373494
3584 0.120625281164897
3584 0
3584 0
3584 0.160325333507038
3584 28.3919163700434
3584 28.3919163700434
3584 0
3584 0.77906543442073
3584 0
3584 0
3584 1.0345236079077
3584 18.8755115600355
3584 18.8755115600355
3625 418.104831492066
3625 418.104831492066
3625 418.104831492066
3625 16.2976506140842
3625 46.407466436374
3625 46.407466436374
3625 0.208960843373494
3625 0.208960843373494
3625 0.120625281164897
3625 0
3625 0
3625 0.160325333507038
3625 28.3919163700434
3625 28.3919163700434
3625 0
3625 0.77906543442073
3625 0
3625 0
3625 1.0345236079077
3625 18.8755115600355
3625 18.8755115600355
2985 418.104831492066
2985 418.104831492066
2985 418.104831492066
2985 16.2976506140842
2985 46.407466436374
2985 46.407466436374
2985 0.208960843373494
2985 0.208960843373494
2985 0.120625281164897
2985 0
2985 0
2985 0.160325333507038
2985 28.3919163700434
2985 28.3919163700434
2985 0
2985 0.77906543442073
2985 0
2985 0
2985 1.0345236079077
2985 18.8755115600355
2985 18.8755115600355
3214 418.104831492066
3214 418.104831492066
3214 418.104831492066
3214 16.2976506140842
3214 46.407466436374
3214 46.407466436374
3214 0.208960843373494
3214 0.208960843373494
3214 0.120625281164897
3214 0
3214 0
3214 0.160325333507038
3214 28.3919163700434
3214 28.3919163700434
3214 0
3214 0.77906543442073
3214 0
3214 0
3214 1.0345236079077
3214 18.8755115600355
3214 18.8755115600355
3268 418.104831492066
3268 418.104831492066
3268 418.104831492066
3268 16.2976506140842
3268 46.407466436374
3268 46.407466436374
3268 0.208960843373494
3268 0.208960843373494
3268 0.120625281164897
3268 0
3268 0
3268 0.160325333507038
3268 28.3919163700434
3268 28.3919163700434
3268 0
3268 0.77906543442073
3268 0
3268 0
3268 1.0345236079077
3268 18.8755115600355
3268 18.8755115600355
3328 418.104831492066
3328 418.104831492066
3328 418.104831492066
3328 16.2976506140842
3328 46.407466436374
3328 46.407466436374
3328 0.208960843373494
3328 0.208960843373494
3328 0.120625281164897
3328 0
3328 0
3328 0.160325333507038
3328 28.3919163700434
3328 28.3919163700434
3328 0
3328 0.77906543442073
3328 0
3328 0
3328 1.0345236079077
3328 18.8755115600355
3328 18.8755115600355
3379 418.104831492066
3379 418.104831492066
3379 418.104831492066
3379 16.2976506140842
3379 46.407466436374
3379 46.407466436374
3379 0.208960843373494
3379 0.208960843373494
3379 0.120625281164897
3379 0
3379 0
3379 0.160325333507038
3379 28.3919163700434
3379 28.3919163700434
3379 0
3379 0.77906543442073
3379 0
3379 0
3379 1.0345236079077
3379 18.8755115600355
3379 18.8755115600355
3424 418.104831492066
3424 418.104831492066
3424 418.104831492066
3424 16.2976506140842
3424 46.407466436374
3424 46.407466436374
3424 0.208960843373494
3424 0.208960843373494
3424 0.120625281164897
3424 0
3424 0
3424 0.160325333507038
3424 28.3919163700434
3424 28.3919163700434
3424 0
3424 0.77906543442073
3424 0
3424 0
3424 1.0345236079077
3424 18.8755115600355
3424 18.8755115600355
3467 418.104831492066
3467 418.104831492066
3467 418.104831492066
3467 16.2976506140842
3467 46.407466436374
3467 46.407466436374
3467 0.208960843373494
3467 0.208960843373494
3467 0.120625281164897
3467 0
3467 0
3467 0.160325333507038
3467 28.3919163700434
3467 28.3919163700434
3467 0
3467 0.77906543442073
3467 0
3467 0
3467 1.0345236079077
3467 18.8755115600355
3467 18.8755115600355
3504 418.104831492066
3504 418.104831492066
3504 418.104831492066
3504 16.2976506140842
3504 46.407466436374
3504 46.407466436374
3504 0.208960843373494
3504 0.208960843373494
3504 0.120625281164897
3504 0
3504 0
3504 0.160325333507038
3504 28.3919163700434
3504 28.3919163700434
3504 0
3504 0.77906543442073
3504 0
3504 0
3504 1.0345236079077
3504 18.8755115600355
3504 18.8755115600355
3542 418.104831492066
3542 418.104831492066
3542 418.104831492066
3542 16.2976506140842
3542 46.407466436374
3542 46.407466436374
3542 0.208960843373494
3542 0.208960843373494
3542 0.120625281164897
3542 0
3542 0
3542 0.160325333507038
3542 28.3919163700434
3542 28.3919163700434
3542 0
3542 0.77906543442073
3542 0
3542 0
3542 1.0345236079077
3542 18.8755115600355
3542 18.8755115600355
3585 418.104831492066
3585 418.104831492066
3585 418.104831492066
3585 16.2976506140842
3585 46.407466436374
3585 46.407466436374
3585 0.208960843373494
3585 0.208960843373494
3585 0.120625281164897
3585 0
3585 0
3585 0.160325333507038
3585 28.3919163700434
3585 28.3919163700434
3585 0
3585 0.77906543442073
3585 0
3585 0
3585 1.0345236079077
3585 18.8755115600355
3585 18.8755115600355
2857 418.104831492066
2857 418.104831492066
2857 418.104831492066
2857 16.2976506140842
2857 46.407466436374
2857 46.407466436374
2857 0.208960843373494
2857 0.208960843373494
2857 0.120625281164897
2857 0
2857 0
2857 0.160325333507038
2857 28.3919163700434
2857 28.3919163700434
2857 0
2857 0.77906543442073
2857 0
2857 0
2857 1.0345236079077
2857 18.8755115600355
2857 18.8755115600355
2923 418.104831492066
2923 418.104831492066
2923 418.104831492066
2923 16.2976506140842
2923 46.407466436374
2923 46.407466436374
2923 0.208960843373494
2923 0.208960843373494
2923 0.120625281164897
2923 0
2923 0
2923 0.160325333507038
2923 28.3919163700434
2923 28.3919163700434
2923 0
2923 0.77906543442073
2923 0
2923 0
2923 1.0345236079077
2923 18.8755115600355
2923 18.8755115600355
3045 418.104831492066
3045 418.104831492066
3045 418.104831492066
3045 16.2976506140842
3045 46.407466436374
3045 46.407466436374
3045 0.208960843373494
3045 0.208960843373494
3045 0.120625281164897
3045 0
3045 0
3045 0.160325333507038
3045 28.3919163700434
3045 28.3919163700434
3045 0
3045 0.77906543442073
3045 0
3045 0
3045 1.0345236079077
3045 18.8755115600355
3045 18.8755115600355
