pt_graph met
1065 10
1399 10
1481 11
1537 10
1578 10
1581 10
1582 10
1583 10
1584 10
1585 10
1625 10
1627 10
1628 10
1630 10
1677 10
1678 10
1733 10
1736 10
1737 10
1860 10
1862 10
1929 10
1931 10
2002 10
2088 10
2168 10
2255 10
2257 10
2258 10
2259 10
2291 11
2334 10
2336 10
2337 10
2338 10
2339 10
2422 10
2525 10
2526 10
2539 10
2557 11
2593 10
2600 10
2604 10
2609 10
2613 10
2615 10
2630 10
2706 10
2707 10
2723 10
2778 10
2780 10
2798 10
2800 10
2801 10
2816 10
2819 10
2820 10
2877 10
2894 10
2895 10
2896 10
2911 10
2933 10
2967 10
2968 10
2981 10
2983 10
3025 10
3026 10
3059 10
3094 10
3116 10
3186 10
3201 10
3202 10
3230 11
3232 10
3239 10
3283 10
3284 10
3285 10
3317 10
3361 10
3383 10
3384 10
3403 10
3428 11
3429 10
3432 10
3433 10
3434 10
3453 10
3454 10
3458 10
3484 10
3496 10
3497 10
3498 10
3499 10
3500 10
3501 10
3503 10
3504 10
3506 10
3527 10
3529 10
3558 10
3567 10
3568 10
3569 10
3571 10
3572 10
3573 10
3574 10
3575 10
3576 10
3577 10
3619 10
3633 10
3634 10
3635 10
3637 10
3639 10
3640 10
3641 10
3642 10
3644 10
3645 10
3656 10
3657 10
3683 10
3684 10
3685 10
3695 10
3697 10
3698 10
3699 10
3700 10
3701 10
3702 10
3703 10
3708 10
3716 10
3717 10
3743 10
3744 10
3753 10
3754 10
3757 10
3758 10
3759 10
3760 10
3761 10
3762 10
3764 10
3775 10
3803 10
3816 10
3817 10
3818 10
3819 10
3820 10
3830 10
3854 10
3857 10
3859 10
3865 10
3866 10
3867 10
3868 10
3871 10
3872 10
3873 10
3874 10
3879 11
3912 10
3915 10
3920 11
3921 10
3922 10
3923 10
3924 10
3929 10
3941 10
3969 10
3975 10
3976 10
3977 10
3978 10
3984 10
4000 10
4027 10
4029 10
4030 10
4033 10
4034 10
4035 10
4036 10
4037 10
4038 10
4039 10
4043 10
4074 10
4075 10
4077 10
4080 10
4083 10
4084 10
4085 10
4088 10
4089 10
4090 10
4092 10
4093 10
4094 10
4103 10
4120 10
4121 10
4127 10
4128 10
4133 10
4134 10
4135 10
4136 10
4137 10
4138 10
4165 10
4172 10
4176 10
4177 10
4179 10
4180 10
4199 10
4206 10
4208 10
4209 10
4212 10
4213 10
4214 10
4217 10
4221 10
4244 10
4245 10
4246 10
4247 10
4248 10
4249 10
4250 10
4251 10
4252 10
4253 10
4254 10
4277 10
4287 10
4288 10
4289 10
4291 10
4292 10
4293 10
4294 10
4295 10
4327 10
4328 10
4329 10
4330 10
4332 10
4333 10
4335 10
4336 10
4369 10
4370 10
4371 10
4372 10
4373 10
4374 10
4375 10
4376 10
4377 10
4409 10
4410 10
4411 10
4412 10
4413 10
4414 10
4415 10
4449 10
4450 10
4451 10
4452 10
4454 10
4472 10
4473 11
4486 10
4490 10
4516 10
4523 10
4544 10
4562 10
4578 10
4616 10
4617 10
4623 10
4769 10
4810 10
4846 11
4903 10
4946 10
4968 10
4986 10
4987 10
5014 10
5016 10
5018 10
5020 10
5032 10
5045 10
5067 10
5071 10
5085 10
5087 10
5092 10
5128 10
5133 10
5149 10
5151 10
5152 10
5155 10
5197 10
5198 10
5218 11
5224 10
5250 10
5251 10
5252 10
5257 11
5279 10
5283 10
5301 10
5310 10
5311 10
5318 10
5341 10
5342 10
5343 10
5344 10
5348 10
5350 10
5372 10
5373 10
5375 10
5380 10
5403 10
5405 10
5407 10
5408 10
5418 10
5436 10
5438 10
5439 10
5440 10
5448 10
5466 10
5467 10
5468 10
5469 10
5498 10
5499 10
5501 10
5512 10
5514 11
5515 11
5535 10
5536 10
5537 10
5551 11
5552 11
5554 11
5555 10
5564 10
5574 10
5577 10
5595 11
5598 10
5616 10
5620 10
5647 10
5659 10
5661 10
5665 10
5685 11
5699 10
5705 10
5706 10
5712 11
5716 11
5733 10
5738 10
5743 10
5752 10
5761 11
5777 10
5785 10
5786 10
5794 10
5795 10
5796 10
5797 10
5800 10
5802 10
5844 10
5867 10
5876 10
5879 10
5880 10
5882 10
5907 10
5918 10
5919 10
5946 10
5947 10
5948 10
5951 11
5953 10
5987 10
5994 10
5995 11
6002 11
6023 10
6024 10
6031 10
6032 10
6034 10
6037 10
6062 10
6070 10
6072 10
6100 10
6137 10
6151 10
6166 10
6173 10
6175 10
6204 10
6205 10
6212 10
6213 10
6214 10
6244 10
6249 10
6252 10
6253 10
6255 10
6283 10
6284 10
6290 10
6291 10
6292 10
6293 10
6294 10
6295 10
6309 10
6323 10
6330 10
6332 10
6333 10
6334 10
6335 10
6336 10
6370 10
6371 10
6372 10
6373 10
6374 10
6376 10
6396 11
6397 11
6411 10
6413 10
6414 10
6415 10
6437 11
6447 11
6449 10
6453 10
6454 10
6455 10
6456 10
6468 10
6487 10
6490 10
6492 10
6494 10
6495 10
6496 10
6497 10
6498 10
6504 10
6527 10
6530 10
6532 10
6533 10
6535 10
6536 10
6537 10
6538 10
6539 10
6542 10
6544 10
6564 10
6565 10
6566 10
6567 10
6568 10
6570 10
6573 10
6574 10
6575 10
6576 10
6577 10
6578 10
6579 10
6581 10
6582 10
6583 10
6584 10
6606 10
6607 10
6609 10
6610 10
6611 10
6613 10
6614 10
6615 10
6616 10
6617 10
6618 10
6620 10
6621 10
6623 10
6643 10
6644 10
6645 10
6646 10
6647 10
6648 10
6651 10
6652 10
6653 10
6654 10
6655 10
6657 10
6658 10
6659 10
6660 10
6662 10
6681 10
6684 10
6685 10
6688 10
6691 10
6692 10
6693 10
6694 10
6695 10
6696 10
6697 10
6699 10
6700 10
6721 10
6724 10
6726 10
6727 10
6728 10
6729 10
6731 10
6732 10
6733 10
6734 10
6735 10
6736 10
6737 10
6738 10
6739 10
6740 10
6741 10
6758 10
6760 10
6761 10
6764 10
6765 10
6768 10
6769 10
6770 10
6771 10
6772 10
6773 10
6774 10
6794 10
6796 10
6797 10
6799 10
6804 10
6806 10
6807 10
6812 10
6834 10
6835 10
6843 10
6844 10
6845 10
6847 10
6848 10
6851 10
6870 10
6873 10
6874 10
6878 10
6879 10
6880 10
6885 10
6889 10
6912 10
6913 10
6921 10
6937 11
6948 10
6971 10
6996 10
7004 10
7018 11
7048 10
7093 10
7147 10
7321 10
7341 10
7399 10
7442 10
7495 10
7496 10
7507 10
7552 10
7681 10
7693 10
7751 10
7752 10
7753 10
7755 10
7762 10
7763 10
7825 10
7826 10
7832 10
7872 11
7894 10
7898 10
7905 10
7906 10
7973 10
7975 10
7980 10
7981 10
7982 10
8047 10
8054 10
8055 10
8097 11
8132 10
8133 10
8134 10
8214 10
8215 10
8293 10
8294 10
8295 10
8302 10
8303 10
8304 10
8394 10
8395 10
8396 10
8489 10
8490 10
8491 10
8579 10
8585 10
8586 10
8587 10
8588 10
8690 10
8691 10
8692 10
8798 10
8799 10
8800 10
8909 10
8910 10
8911 10
8912 10
8913 10
9026 10
9027 10
9028 10
9144 10
9145 10
9146 10
9264 10
9265 10
9266 10
9267 10
9387 10
9388 10
9389 10
9392 10
9511 10
9512 10
9633 10
9634 10
9635 10
9638 10
9751 10
9752 10
9753 10
9754 10
9863 10
9992 10
10108 10
10117 10
10122 10
10245 10
10247 10
10375 10
10490 10
10500 10
10622 10
10740 10
10741 10
10857 10
10861 10
10862 10
10863 10
10864 10
10974 10
10980 10
10981 10
10982 10
10983 10
10984 10
10985 10
10991 10
11099 10
11108 10
11109 10
11110 10
11111 10
11112 10
11113 10
11225 10
11231 10
11233 10
11234 10
11235 10
11237 10
11238 10
11239 10
11240 10
11356 10
11363 10
11364 10
11365 10
11366 10
11368 10
11369 10
11370 10
11372 10
11373 10
11374 10
11504 10
11505 10
11506 10
11507 10
11508 10
11509 10
11510 10
11513 10
11645 10
11646 10
11647 10
11649 11
11650 10
11652 10
11653 10
11654 10
11656 10
11662 10
11787 10
11788 10
11790 10
11791 10
11792 10
11795 10
11797 10
11799 10
11804 10
11924 10
11930 10
11932 10
11933 10
11934 10
11935 10
11936 10
11937 10
11940 10
11941 10
11942 10
11947 10
11949 10
11951 10
11973 11
12080 10
12082 10
12084 10
12085 10
12087 10
12088 10
12089 10
12090 10
12091 10
12092 10
12093 10
12094 10
12097 10
12101 10
12103 10
12126 11
12127 11
12239 11
12240 10
12241 10
12242 10
12243 10
12244 10
12245 10
12246 10
12247 10
12248 10
12249 10
12250 10
12251 10
12252 10
12255 10
12256 10
12257 10
12258 10
12393 11
12395 10
12404 10
12405 10
12406 10
12407 10
12408 10
12409 10
12410 10
12411 10
12412 10
12413 10
12414 10
12415 10
12420 10
12421 10
12423 10
12444 11
12445 11
12554 11
12563 10
12564 10
12565 10
12572 10
12573 10
12574 10
12575 10
12576 10
12577 10
12578 10
12579 10
12580 10
12584 10
12585 10
12586 10
12725 10
12727 11
12741 10
12742 10
12743 10
12744 10
12745 10
12746 10
12747 10
12748 10
12753 10
12754 10
12755 10
12756 10
12894 11
12895 11
12908 10
12916 10
12926 10
12927 10
12929 10
12932 10
13072 10
13088 10
13098 10
13099 10
13292 11
13294 11
13473 11
13593 10
13595 10
13800 10
13807 10
13955 10
13957 10
14137 10
14172 10
14685 10
14741 11
15084 10
15446 10
16142 10
16470 10
16639 10
17504 10
17868 10
18027 10
18200 10
18372 10
18376 10
18895 10
18917 10
19247 10
19251 10
19626 10
20136 10
