pt_graph met
14 14
14 15
18 14
18 15
25 14
25 15
38 14
38 15
110 14
110 15
117 14
117 15
118 14
118 15
159 14
159 15
160 14
160 15
161 14
161 15
210 14
210 15
231 14
231 15
232 14
232 15
251 14
251 15
276 14
276 15
277 14
277 15
280 14
280 15
308 14
308 15
331 14
331 15
335 14
335 15
342 14
342 15
353 14
353 15
402 14
402 15
404 14
404 15
462 14
462 15
478 14
478 15
479 14
479 15
487 14
487 15
504 14
504 15
539 14
539 15
540 14
540 15
543 14
543 15
545 14
545 15
583 14
583 15
602 14
602 15
617 14
617 15
628 14
628 15
661 14
661 15
693 14
693 15
694 14
694 15
714 14
714 15
718 14
718 15
719 14
719 15
742 14
742 15
773 14
773 15
774 14
774 15
798 14
798 15
856 14
856 15
857 14
857 15
881 14
881 15
918 14
918 15
935 14
935 15
939 14
939 15
957 14
957 15
958 14
958 15
996 14
996 15
1005 14
1005 15
1009 14
1009 15
1029 14
1029 15
1030 14
1030 15
1031 14
1031 15
1032 14
1032 15
1038 14
1038 15
1042 14
1042 15
1045 14
1045 15
1077 14
1077 15
1094 14
1094 15
1100 14
1100 15
1101 14
1101 15
1112 14
1112 15
1113 14
1113 15
1114 14
1114 15
1115 14
1115 15
1116 14
1116 15
1117 14
1117 15
1125 14
1125 15
1126 14
1126 15
1169 14
1169 15
1172 14
1172 15
1181 14
1181 15
1185 14
1185 15
1191 14
1191 15
1194 14
1194 15
1199 14
1199 15
1200 14
1200 15
1207 14
1207 15
1209 14
1209 15
1210 14
1210 15
1211 14
1211 15
1241 14
1241 15
1250 14
1250 15
1258 14
1258 15
1266 14
1266 15
1283 14
1283 15
1287 14
1287 15
1288 14
1288 15
1290 14
1290 15
1292 14
1292 15
1293 14
1293 15
1312 14
1312 15
1336 14
1336 15
1341 14
1341 15
1349 14
1349 15
1371 14
1371 15
1372 14
1372 15
1396 14
1396 15
1421 14
1421 15
1430 14
1430 15
1454 14
1454 15
1499 14
1499 15
1506 14
1506 15
1571 14
1571 15
1601 14
1601 15
1603 14
1603 15
1614 14
1614 15
1671 14
1671 15
1825 14
1825 15
1957 14
1957 15
2235 14
2235 15
2445 14
2445 15
2643 14
2643 15
2644 14
2644 15
2649 14
2649 15
2698 14
2698 15
2699 14
2699 15
2749 14
2749 15
2767 14
2767 15
2853 14
2853 15
2854 14
2854 15
2965 14
2965 15
3017 14
3017 15
3018 14
3018 15
3179 14
3179 15
3180 14
3180 15
3181 14
3181 15
3235 14
3235 15
3236 14
3236 15
3291 14
3291 15
3292 14
3292 15
3293 14
3293 15
3350 14
3350 15
3351 14
3351 15
3411 14
3411 15
3417 14
3417 15
3480 14
3480 15
3481 14
3481 15
3484 14
3484 15
3548 14
3548 15
3549 14
3549 15
3550 14
3550 15
3619 14
3619 15
3621 14
3621 15
3692 14
3692 15
8017 14
8017 15
