pt_graph scale
14 210.281268258411
14 210.281268258411
14 210.281268258411
14 20.8067518496165
14 23.2056739280931
14 23.2056739280931
14 459.008976304555
14 459.008976304555
14 0.0608357884701686
14 0
14 0
14 0
14 16.6213429906482
14 16.6213429906482
14 0
14 0.390562137247492
14 0
14 0
14 0.52328452794662
14 85.3755657853193
14 85.3755657853193
18 210.281268258411
18 210.281268258411
18 210.281268258411
18 20.8067518496165
18 23.2056739280931
18 23.2056739280931
18 459.008976304555
18 459.008976304555
18 0.0608357884701686
18 0
18 0
18 0
18 16.6213429906482
18 16.6213429906482
18 0
18 0.390562137247492
18 0
18 0
18 0.52328452794662
18 85.3755657853193
18 85.3755657853193
25 210.281268258411
25 210.281268258411
25 210.281268258411
25 20.8067518496165
25 23.2056739280931
25 23.2056739280931
25 459.008976304555
25 459.008976304555
25 0.0608357884701686
25 0
25 0
25 0
25 16.6213429906482
25 16.6213429906482
25 0
25 0.390562137247492
25 0
25 0
25 0.52328452794662
25 85.3755657853193
25 85.3755657853193
38 210.281268258411
38 210.281268258411
38 210.281268258411
38 20.8067518496165
38 23.2056739280931
38 23.2056739280931
38 459.008976304555
38 459.008976304555
38 0.0608357884701686
38 0
38 0
38 0
38 16.6213429906482
38 16.6213429906482
38 0
38 0.390562137247492
38 0
38 0
38 0.52328452794662
38 85.3755657853193
38 85.3755657853193
115 210.281268258411
115 210.281268258411
115 210.281268258411
115 20.8067518496165
115 23.2056739280931
115 23.2056739280931
115 459.008976304555
115 459.008976304555
115 0.0608357884701686
115 0
115 0
115 0
115 16.6213429906482
115 16.6213429906482
115 0
115 0.390562137247492
115 0
115 0
115 0.52328452794662
115 85.3755657853193
115 85.3755657853193
40 210.281268258411
40 210.281268258411
40 210.281268258411
40 20.8067518496165
40 23.2056739280931
40 23.2056739280931
40 459.008976304555
40 459.008976304555
40 0.0608357884701686
40 0
40 0
40 0
40 16.6213429906482
40 16.6213429906482
40 0
40 0.390562137247492
40 0
40 0
40 0.52328452794662
40 85.3755657853193
40 85.3755657853193
117 210.281268258411
117 210.281268258411
117 210.281268258411
117 20.8067518496165
117 23.2056739280931
117 23.2056739280931
117 459.008976304555
117 459.008976304555
117 0.0608357884701686
117 0
117 0
117 0
117 16.6213429906482
117 16.6213429906482
117 0
117 0.390562137247492
117 0
117 0
117 0.52328452794662
117 85.3755657853193
117 85.3755657853193
7988 210.281268258411
7988 210.281268258411
7988 210.281268258411
7988 20.8067518496165
7988 23.2056739280931
7988 23.2056739280931
7988 459.008976304555
7988 459.008976304555
7988 0.0608357884701686
7988 0
7988 0
7988 0
7988 16.6213429906482
7988 16.6213429906482
7988 0
7988 0.390562137247492
7988 0
7988 0
7988 0.52328452794662
7988 85.3755657853193
7988 85.3755657853193
161 210.281268258411
161 210.281268258411
161 210.281268258411
161 20.8067518496165
161 23.2056739280931
161 23.2056739280931
161 459.008976304555
161 459.008976304555
161 0.0608357884701686
161 0
161 0
161 0
161 16.6213429906482
161 16.6213429906482
161 0
161 0.390562137247492
161 0
161 0
161 0.52328452794662
161 85.3755657853193
161 85.3755657853193
203 210.281268258411
203 210.281268258411
203 210.281268258411
203 20.8067518496165
203 23.2056739280931
203 23.2056739280931
203 459.008976304555
203 459.008976304555
203 0.0608357884701686
203 0
203 0
203 0
203 16.6213429906482
203 16.6213429906482
203 0
203 0.390562137247492
203 0
203 0
203 0.52328452794662
203 85.3755657853193
203 85.3755657853193
98 210.281268258411
98 210.281268258411
98 210.281268258411
98 20.8067518496165
98 23.2056739280931
98 23.2056739280931
98 459.008976304555
98 459.008976304555
98 0.0608357884701686
98 0
98 0
98 0
98 16.6213429906482
98 16.6213429906482
98 0
98 0.390562137247492
98 0
98 0
98 0.52328452794662
98 85.3755657853193
98 85.3755657853193
129 210.281268258411
129 210.281268258411
129 210.281268258411
129 20.8067518496165
129 23.2056739280931
129 23.2056739280931
129 459.008976304555
129 459.008976304555
129 0.0608357884701686
129 0
129 0
129 0
129 16.6213429906482
129 16.6213429906482
129 0
129 0.390562137247492
129 0
129 0
129 0.52328452794662
129 85.3755657853193
129 85.3755657853193
227 210.281268258411
227 210.281268258411
227 210.281268258411
227 20.8067518496165
227 23.2056739280931
227 23.2056739280931
227 459.008976304555
227 459.008976304555
227 0.0608357884701686
227 0
227 0
227 0
227 16.6213429906482
227 16.6213429906482
227 0
227 0.390562137247492
227 0
227 0
227 0.52328452794662
227 85.3755657853193
227 85.3755657853193
230 210.281268258411
230 210.281268258411
230 210.281268258411
230 20.8067518496165
230 23.2056739280931
230 23.2056739280931
230 459.008976304555
230 459.008976304555
230 0.0608357884701686
230 0
230 0
230 0
230 16.6213429906482
230 16.6213429906482
230 0
230 0.390562137247492
230 0
230 0
230 0.52328452794662
230 85.3755657853193
230 85.3755657853193
232 210.281268258411
232 210.281268258411
232 210.281268258411
232 20.8067518496165
232 23.2056739280931
232 23.2056739280931
232 459.008976304555
232 459.008976304555
232 0.0608357884701686
232 0
232 0
232 0
232 16.6213429906482
232 16.6213429906482
232 0
232 0.390562137247492
232 0
232 0
232 0.52328452794662
232 85.3755657853193
232 85.3755657853193
276 210.281268258411
276 210.281268258411
276 210.281268258411
276 20.8067518496165
276 23.2056739280931
276 23.2056739280931
276 459.008976304555
276 459.008976304555
276 0.0608357884701686
276 0
276 0
276 0
276 16.6213429906482
276 16.6213429906482
276 0
276 0.390562137247492
276 0
276 0
276 0.52328452794662
276 85.3755657853193
276 85.3755657853193
242 210.281268258411
242 210.281268258411
242 210.281268258411
242 20.8067518496165
242 23.2056739280931
242 23.2056739280931
242 459.008976304555
242 459.008976304555
242 0.0608357884701686
242 0
242 0
242 0
242 16.6213429906482
242 16.6213429906482
242 0
242 0.390562137247492
242 0
242 0
242 0.52328452794662
242 85.3755657853193
242 85.3755657853193
277 210.281268258411
277 210.281268258411
277 210.281268258411
277 20.8067518496165
277 23.2056739280931
277 23.2056739280931
277 459.008976304555
277 459.008976304555
277 0.0608357884701686
277 0
277 0
277 0
277 16.6213429906482
277 16.6213429906482
277 0
277 0.390562137247492
277 0
277 0
277 0.52328452794662
277 85.3755657853193
277 85.3755657853193
280 210.281268258411
280 210.281268258411
280 210.281268258411
280 20.8067518496165
280 23.2056739280931
280 23.2056739280931
280 459.008976304555
280 459.008976304555
280 0.0608357884701686
280 0
280 0
280 0
280 16.6213429906482
280 16.6213429906482
280 0
280 0.390562137247492
280 0
280 0
280 0.52328452794662
280 85.3755657853193
280 85.3755657853193
395 210.281268258411
395 210.281268258411
395 210.281268258411
395 20.8067518496165
395 23.2056739280931
395 23.2056739280931
395 459.008976304555
395 459.008976304555
395 0.0608357884701686
395 0
395 0
395 0
395 16.6213429906482
395 16.6213429906482
395 0
395 0.390562137247492
395 0
395 0
395 0.52328452794662
395 85.3755657853193
395 85.3755657853193
401 210.281268258411
401 210.281268258411
401 210.281268258411
401 20.8067518496165
401 23.2056739280931
401 23.2056739280931
401 459.008976304555
401 459.008976304555
401 0.0608357884701686
401 0
401 0
401 0
401 16.6213429906482
401 16.6213429906482
401 0
401 0.390562137247492
401 0
401 0
401 0.52328452794662
401 85.3755657853193
401 85.3755657853193
402 210.281268258411
402 210.281268258411
402 210.281268258411
402 20.8067518496165
402 23.2056739280931
402 23.2056739280931
402 459.008976304555
402 459.008976304555
402 0.0608357884701686
402 0
402 0
402 0
402 16.6213429906482
402 16.6213429906482
402 0
402 0.390562137247492
402 0
402 0
402 0.52328452794662
402 85.3755657853193
402 85.3755657853193
353 210.281268258411
353 210.281268258411
353 210.281268258411
353 20.8067518496165
353 23.2056739280931
353 23.2056739280931
353 459.008976304555
353 459.008976304555
353 0.0608357884701686
353 0
353 0
353 0
353 16.6213429906482
353 16.6213429906482
353 0
353 0.390562137247492
353 0
353 0
353 0.52328452794662
353 85.3755657853193
353 85.3755657853193
521 210.281268258411
521 210.281268258411
521 210.281268258411
521 20.8067518496165
521 23.2056739280931
521 23.2056739280931
521 459.008976304555
521 459.008976304555
521 0.0608357884701686
521 0
521 0
521 0
521 16.6213429906482
521 16.6213429906482
521 0
521 0.390562137247492
521 0
521 0
521 0.52328452794662
521 85.3755657853193
521 85.3755657853193
409 210.281268258411
409 210.281268258411
409 210.281268258411
409 20.8067518496165
409 23.2056739280931
409 23.2056739280931
409 459.008976304555
409 459.008976304555
409 0.0608357884701686
409 0
409 0
409 0
409 16.6213429906482
409 16.6213429906482
409 0
409 0.390562137247492
409 0
409 0
409 0.52328452794662
409 85.3755657853193
409 85.3755657853193
464 210.281268258411
464 210.281268258411
464 210.281268258411
464 20.8067518496165
464 23.2056739280931
464 23.2056739280931
464 459.008976304555
464 459.008976304555
464 0.0608357884701686
464 0
464 0
464 0
464 16.6213429906482
464 16.6213429906482
464 0
464 0.390562137247492
464 0
464 0
464 0.52328452794662
464 85.3755657853193
464 85.3755657853193
465 210.281268258411
465 210.281268258411
465 210.281268258411
465 20.8067518496165
465 23.2056739280931
465 23.2056739280931
465 459.008976304555
465 459.008976304555
465 0.0608357884701686
465 0
465 0
465 0
465 16.6213429906482
465 16.6213429906482
465 0
465 0.390562137247492
465 0
465 0
465 0.52328452794662
465 85.3755657853193
465 85.3755657853193
467 210.281268258411
467 210.281268258411
467 210.281268258411
467 20.8067518496165
467 23.2056739280931
467 23.2056739280931
467 459.008976304555
467 459.008976304555
467 0.0608357884701686
467 0
467 0
467 0
467 16.6213429906482
467 16.6213429906482
467 0
467 0.390562137247492
467 0
467 0
467 0.52328452794662
467 85.3755657853193
467 85.3755657853193
539 210.281268258411
539 210.281268258411
539 210.281268258411
539 20.8067518496165
539 23.2056739280931
539 23.2056739280931
539 459.008976304555
539 459.008976304555
539 0.0608357884701686
539 0
539 0
539 0
539 16.6213429906482
539 16.6213429906482
539 0
539 0.390562137247492
539 0
539 0
539 0.52328452794662
539 85.3755657853193
539 85.3755657853193
540 210.281268258411
540 210.281268258411
540 210.281268258411
540 20.8067518496165
540 23.2056739280931
540 23.2056739280931
540 459.008976304555
540 459.008976304555
540 0.0608357884701686
540 0
540 0
540 0
540 16.6213429906482
540 16.6213429906482
540 0
540 0.390562137247492
540 0
540 0
540 0.52328452794662
540 85.3755657853193
540 85.3755657853193
604 210.281268258411
604 210.281268258411
604 210.281268258411
604 20.8067518496165
604 23.2056739280931
604 23.2056739280931
604 459.008976304555
604 459.008976304555
604 0.0608357884701686
604 0
604 0
604 0
604 16.6213429906482
604 16.6213429906482
604 0
604 0.390562137247492
604 0
604 0
604 0.52328452794662
604 85.3755657853193
604 85.3755657853193
487 210.281268258411
487 210.281268258411
487 210.281268258411
487 20.8067518496165
487 23.2056739280931
487 23.2056739280931
487 459.008976304555
487 459.008976304555
487 0.0608357884701686
487 0
487 0
487 0
487 16.6213429906482
487 16.6213429906482
487 0
487 0.390562137247492
487 0
487 0
487 0.52328452794662
487 85.3755657853193
487 85.3755657853193
488 210.281268258411
488 210.281268258411
488 210.281268258411
488 20.8067518496165
488 23.2056739280931
488 23.2056739280931
488 459.008976304555
488 459.008976304555
488 0.0608357884701686
488 0
488 0
488 0
488 16.6213429906482
488 16.6213429906482
488 0
488 0.390562137247492
488 0
488 0
488 0.52328452794662
488 85.3755657853193
488 85.3755657853193
542 210.281268258411
542 210.281268258411
542 210.281268258411
542 20.8067518496165
542 23.2056739280931
542 23.2056739280931
542 459.008976304555
542 459.008976304555
542 0.0608357884701686
542 0
542 0
542 0
542 16.6213429906482
542 16.6213429906482
542 0
542 0.390562137247492
542 0
542 0
542 0.52328452794662
542 85.3755657853193
542 85.3755657853193
616 210.281268258411
616 210.281268258411
616 210.281268258411
616 20.8067518496165
616 23.2056739280931
616 23.2056739280931
616 459.008976304555
616 459.008976304555
616 0.0608357884701686
616 0
616 0
616 0
616 16.6213429906482
616 16.6213429906482
616 0
616 0.390562137247492
616 0
616 0
616 0.52328452794662
616 85.3755657853193
616 85.3755657853193
617 210.281268258411
617 210.281268258411
617 210.281268258411
617 20.8067518496165
617 23.2056739280931
617 23.2056739280931
617 459.008976304555
617 459.008976304555
617 0.0608357884701686
617 0
617 0
617 0
617 16.6213429906482
617 16.6213429906482
617 0
617 0.390562137247492
617 0
617 0
617 0.52328452794662
617 85.3755657853193
617 85.3755657853193
680 210.281268258411
680 210.281268258411
680 210.281268258411
680 20.8067518496165
680 23.2056739280931
680 23.2056739280931
680 459.008976304555
680 459.008976304555
680 0.0608357884701686
680 0
680 0
680 0
680 16.6213429906482
680 16.6213429906482
680 0
680 0.390562137247492
680 0
680 0
680 0.52328452794662
680 85.3755657853193
680 85.3755657853193
619 210.281268258411
619 210.281268258411
619 210.281268258411
619 20.8067518496165
619 23.2056739280931
619 23.2056739280931
619 459.008976304555
619 459.008976304555
619 0.0608357884701686
619 0
619 0
619 0
619 16.6213429906482
619 16.6213429906482
619 0
619 0.390562137247492
619 0
619 0
619 0.52328452794662
619 85.3755657853193
619 85.3755657853193
644 210.281268258411
644 210.281268258411
644 210.281268258411
644 20.8067518496165
644 23.2056739280931
644 23.2056739280931
644 459.008976304555
644 459.008976304555
644 0.0608357884701686
644 0
644 0
644 0
644 16.6213429906482
644 16.6213429906482
644 0
644 0.390562137247492
644 0
644 0
644 0.52328452794662
644 85.3755657853193
644 85.3755657853193
834 210.281268258411
834 210.281268258411
834 210.281268258411
834 20.8067518496165
834 23.2056739280931
834 23.2056739280931
834 459.008976304555
834 459.008976304555
834 0.0608357884701686
834 0
834 0
834 0
834 16.6213429906482
834 16.6213429906482
834 0
834 0.390562137247492
834 0
834 0
834 0.52328452794662
834 85.3755657853193
834 85.3755657853193
694 210.281268258411
694 210.281268258411
694 210.281268258411
694 20.8067518496165
694 23.2056739280931
694 23.2056739280931
694 459.008976304555
694 459.008976304555
694 0.0608357884701686
694 0
694 0
694 0
694 16.6213429906482
694 16.6213429906482
694 0
694 0.390562137247492
694 0
694 0
694 0.52328452794662
694 85.3755657853193
694 85.3755657853193
838 210.281268258411
838 210.281268258411
838 210.281268258411
838 20.8067518496165
838 23.2056739280931
838 23.2056739280931
838 459.008976304555
838 459.008976304555
838 0.0608357884701686
838 0
838 0
838 0
838 16.6213429906482
838 16.6213429906482
838 0
838 0.390562137247492
838 0
838 0
838 0.52328452794662
838 85.3755657853193
838 85.3755657853193
773 210.281268258411
773 210.281268258411
773 210.281268258411
773 20.8067518496165
773 23.2056739280931
773 23.2056739280931
773 459.008976304555
773 459.008976304555
773 0.0608357884701686
773 0
773 0
773 0
773 16.6213429906482
773 16.6213429906482
773 0
773 0.390562137247492
773 0
773 0
773 0.52328452794662
773 85.3755657853193
773 85.3755657853193
845 210.281268258411
845 210.281268258411
845 210.281268258411
845 20.8067518496165
845 23.2056739280931
845 23.2056739280931
845 459.008976304555
845 459.008976304555
845 0.0608357884701686
845 0
845 0
845 0
845 16.6213429906482
845 16.6213429906482
845 0
845 0.390562137247492
845 0
845 0
845 0.52328452794662
845 85.3755657853193
845 85.3755657853193
921 210.281268258411
921 210.281268258411
921 210.281268258411
921 20.8067518496165
921 23.2056739280931
921 23.2056739280931
921 459.008976304555
921 459.008976304555
921 0.0608357884701686
921 0
921 0
921 0
921 16.6213429906482
921 16.6213429906482
921 0
921 0.390562137247492
921 0
921 0
921 0.52328452794662
921 85.3755657853193
921 85.3755657853193
798 210.281268258411
798 210.281268258411
798 210.281268258411
798 20.8067518496165
798 23.2056739280931
798 23.2056739280931
798 459.008976304555
798 459.008976304555
798 0.0608357884701686
798 0
798 0
798 0
798 16.6213429906482
798 16.6213429906482
798 0
798 0.390562137247492
798 0
798 0
798 0.52328452794662
798 85.3755657853193
798 85.3755657853193
998 210.281268258411
998 210.281268258411
998 210.281268258411
998 20.8067518496165
998 23.2056739280931
998 23.2056739280931
998 459.008976304555
998 459.008976304555
998 0.0608357884701686
998 0
998 0
998 0
998 16.6213429906482
998 16.6213429906482
998 0
998 0.390562137247492
998 0
998 0
998 0.52328452794662
998 85.3755657853193
998 85.3755657853193
1001 210.281268258411
1001 210.281268258411
1001 210.281268258411
1001 20.8067518496165
1001 23.2056739280931
1001 23.2056739280931
1001 459.008976304555
1001 459.008976304555
1001 0.0608357884701686
1001 0
1001 0
1001 0
1001 16.6213429906482
1001 16.6213429906482
1001 0
1001 0.390562137247492
1001 0
1001 0
1001 0.52328452794662
1001 85.3755657853193
1001 85.3755657853193
880 210.281268258411
880 210.281268258411
880 210.281268258411
880 20.8067518496165
880 23.2056739280931
880 23.2056739280931
880 459.008976304555
880 459.008976304555
880 0.0608357884701686
880 0
880 0
880 0
880 16.6213429906482
880 16.6213429906482
880 0
880 0.390562137247492
880 0
880 0
880 0.52328452794662
880 85.3755657853193
880 85.3755657853193
881 210.281268258411
881 210.281268258411
881 210.281268258411
881 20.8067518496165
881 23.2056739280931
881 23.2056739280931
881 459.008976304555
881 459.008976304555
881 0.0608357884701686
881 0
881 0
881 0
881 16.6213429906482
881 16.6213429906482
881 0
881 0.390562137247492
881 0
881 0
881 0.52328452794662
881 85.3755657853193
881 85.3755657853193
882 210.281268258411
882 210.281268258411
882 210.281268258411
882 20.8067518496165
882 23.2056739280931
882 23.2056739280931
882 459.008976304555
882 459.008976304555
882 0.0608357884701686
882 0
882 0
882 0
882 16.6213429906482
882 16.6213429906482
882 0
882 0.390562137247492
882 0
882 0
882 0.52328452794662
882 85.3755657853193
882 85.3755657853193
883 210.281268258411
883 210.281268258411
883 210.281268258411
883 20.8067518496165
883 23.2056739280931
883 23.2056739280931
883 459.008976304555
883 459.008976304555
883 0.0608357884701686
883 0
883 0
883 0
883 16.6213429906482
883 16.6213429906482
883 0
883 0.390562137247492
883 0
883 0
883 0.52328452794662
883 85.3755657853193
883 85.3755657853193
935 210.281268258411
935 210.281268258411
935 210.281268258411
935 20.8067518496165
935 23.2056739280931
935 23.2056739280931
935 459.008976304555
935 459.008976304555
935 0.0608357884701686
935 0
935 0
935 0
935 16.6213429906482
935 16.6213429906482
935 0
935 0.390562137247492
935 0
935 0
935 0.52328452794662
935 85.3755657853193
935 85.3755657853193
1009 210.281268258411
1009 210.281268258411
1009 210.281268258411
1009 20.8067518496165
1009 23.2056739280931
1009 23.2056739280931
1009 459.008976304555
1009 459.008976304555
1009 0.0608357884701686
1009 0
1009 0
1009 0
1009 16.6213429906482
1009 16.6213429906482
1009 0
1009 0.390562137247492
1009 0
1009 0
1009 0.52328452794662
1009 85.3755657853193
1009 85.3755657853193
1088 210.281268258411
1088 210.281268258411
1088 210.281268258411
1088 20.8067518496165
1088 23.2056739280931
1088 23.2056739280931
1088 459.008976304555
1088 459.008976304555
1088 0.0608357884701686
1088 0
1088 0
1088 0
1088 16.6213429906482
1088 16.6213429906482
1088 0
1088 0.390562137247492
1088 0
1088 0
1088 0.52328452794662
1088 85.3755657853193
1088 85.3755657853193
958 210.281268258411
958 210.281268258411
958 210.281268258411
958 20.8067518496165
958 23.2056739280931
958 23.2056739280931
958 459.008976304555
958 459.008976304555
958 0.0608357884701686
958 0
958 0
958 0
958 16.6213429906482
958 16.6213429906482
958 0
958 0.390562137247492
958 0
958 0
958 0.52328452794662
958 85.3755657853193
958 85.3755657853193
959 210.281268258411
959 210.281268258411
959 210.281268258411
959 20.8067518496165
959 23.2056739280931
959 23.2056739280931
959 459.008976304555
959 459.008976304555
959 0.0608357884701686
959 0
959 0
959 0
959 16.6213429906482
959 16.6213429906482
959 0
959 0.390562137247492
959 0
959 0
959 0.52328452794662
959 85.3755657853193
959 85.3755657853193
1019 210.281268258411
1019 210.281268258411
1019 210.281268258411
1019 20.8067518496165
1019 23.2056739280931
1019 23.2056739280931
1019 459.008976304555
1019 459.008976304555
1019 0.0608357884701686
1019 0
1019 0
1019 0
1019 16.6213429906482
1019 16.6213429906482
1019 0
1019 0.390562137247492
1019 0
1019 0
1019 0.52328452794662
1019 85.3755657853193
1019 85.3755657853193
8606 210.281268258411
8606 210.281268258411
8606 210.281268258411
8606 20.8067518496165
8606 23.2056739280931
8606 23.2056739280931
8606 459.008976304555
8606 459.008976304555
8606 0.0608357884701686
8606 0
8606 0
8606 0
8606 16.6213429906482
8606 16.6213429906482
8606 0
8606 0.390562137247492
8606 0
8606 0
8606 0.52328452794662
8606 85.3755657853193
8606 85.3755657853193
1028 210.281268258411
1028 210.281268258411
1028 210.281268258411
1028 20.8067518496165
1028 23.2056739280931
1028 23.2056739280931
1028 459.008976304555
1028 459.008976304555
1028 0.0608357884701686
1028 0
1028 0
1028 0
1028 16.6213429906482
1028 16.6213429906482
1028 0
1028 0.390562137247492
1028 0
1028 0
1028 0.52328452794662
1028 85.3755657853193
1028 85.3755657853193
1029 210.281268258411
1029 210.281268258411
1029 210.281268258411
1029 20.8067518496165
1029 23.2056739280931
1029 23.2056739280931
1029 459.008976304555
1029 459.008976304555
1029 0.0608357884701686
1029 0
1029 0
1029 0
1029 16.6213429906482
1029 16.6213429906482
1029 0
1029 0.390562137247492
1029 0
1029 0
1029 0.52328452794662
1029 85.3755657853193
1029 85.3755657853193
1030 210.281268258411
1030 210.281268258411
1030 210.281268258411
1030 20.8067518496165
1030 23.2056739280931
1030 23.2056739280931
1030 459.008976304555
1030 459.008976304555
1030 0.0608357884701686
1030 0
1030 0
1030 0
1030 16.6213429906482
1030 16.6213429906482
1030 0
1030 0.390562137247492
1030 0
1030 0
1030 0.52328452794662
1030 85.3755657853193
1030 85.3755657853193
1031 210.281268258411
1031 210.281268258411
1031 210.281268258411
1031 20.8067518496165
1031 23.2056739280931
1031 23.2056739280931
1031 459.008976304555
1031 459.008976304555
1031 0.0608357884701686
1031 0
1031 0
1031 0
1031 16.6213429906482
1031 16.6213429906482
1031 0
1031 0.390562137247492
1031 0
1031 0
1031 0.52328452794662
1031 85.3755657853193
1031 85.3755657853193
1032 210.281268258411
1032 210.281268258411
1032 210.281268258411
1032 20.8067518496165
1032 23.2056739280931
1032 23.2056739280931
1032 459.008976304555
1032 459.008976304555
1032 0.0608357884701686
1032 0
1032 0
1032 0
1032 16.6213429906482
1032 16.6213429906482
1032 0
1032 0.390562137247492
1032 0
1032 0
1032 0.52328452794662
1032 85.3755657853193
1032 85.3755657853193
1040 210.281268258411
1040 210.281268258411
1040 210.281268258411
1040 20.8067518496165
1040 23.2056739280931
1040 23.2056739280931
1040 459.008976304555
1040 459.008976304555
1040 0.0608357884701686
1040 0
1040 0
1040 0
1040 16.6213429906482
1040 16.6213429906482
1040 0
1040 0.390562137247492
1040 0
1040 0
1040 0.52328452794662
1040 85.3755657853193
1040 85.3755657853193
1042 210.281268258411
1042 210.281268258411
1042 210.281268258411
1042 20.8067518496165
1042 23.2056739280931
1042 23.2056739280931
1042 459.008976304555
1042 459.008976304555
1042 0.0608357884701686
1042 0
1042 0
1042 0
1042 16.6213429906482
1042 16.6213429906482
1042 0
1042 0.390562137247492
1042 0
1042 0
1042 0.52328452794662
1042 85.3755657853193
1042 85.3755657853193
1101 210.281268258411
1101 210.281268258411
1101 210.281268258411
1101 20.8067518496165
1101 23.2056739280931
1101 23.2056739280931
1101 459.008976304555
1101 459.008976304555
1101 0.0608357884701686
1101 0
1101 0
1101 0
1101 16.6213429906482
1101 16.6213429906482
1101 0
1101 0.390562137247492
1101 0
1101 0
1101 0.52328452794662
1101 85.3755657853193
1101 85.3755657853193
1111 210.281268258411
1111 210.281268258411
1111 210.281268258411
1111 20.8067518496165
1111 23.2056739280931
1111 23.2056739280931
1111 459.008976304555
1111 459.008976304555
1111 0.0608357884701686
1111 0
1111 0
1111 0
1111 16.6213429906482
1111 16.6213429906482
1111 0
1111 0.390562137247492
1111 0
1111 0
1111 0.52328452794662
1111 85.3755657853193
1111 85.3755657853193
1112 210.281268258411
1112 210.281268258411
1112 210.281268258411
1112 20.8067518496165
1112 23.2056739280931
1112 23.2056739280931
1112 459.008976304555
1112 459.008976304555
1112 0.0608357884701686
1112 0
1112 0
1112 0
1112 16.6213429906482
1112 16.6213429906482
1112 0
1112 0.390562137247492
1112 0
1112 0
1112 0.52328452794662
1112 85.3755657853193
1112 85.3755657853193
1113 210.281268258411
1113 210.281268258411
1113 210.281268258411
1113 20.8067518496165
1113 23.2056739280931
1113 23.2056739280931
1113 459.008976304555
1113 459.008976304555
1113 0.0608357884701686
1113 0
1113 0
1113 0
1113 16.6213429906482
1113 16.6213429906482
1113 0
1113 0.390562137247492
1113 0
1113 0
1113 0.52328452794662
1113 85.3755657853193
1113 85.3755657853193
1114 210.281268258411
1114 210.281268258411
1114 210.281268258411
1114 20.8067518496165
1114 23.2056739280931
1114 23.2056739280931
1114 459.008976304555
1114 459.008976304555
1114 0.0608357884701686
1114 0
1114 0
1114 0
1114 16.6213429906482
1114 16.6213429906482
1114 0
1114 0.390562137247492
1114 0
1114 0
1114 0.52328452794662
1114 85.3755657853193
1114 85.3755657853193
1115 210.281268258411
1115 210.281268258411
1115 210.281268258411
1115 20.8067518496165
1115 23.2056739280931
1115 23.2056739280931
1115 459.008976304555
1115 459.008976304555
1115 0.0608357884701686
1115 0
1115 0
1115 0
1115 16.6213429906482
1115 16.6213429906482
1115 0
1115 0.390562137247492
1115 0
1115 0
1115 0.52328452794662
1115 85.3755657853193
1115 85.3755657853193
1116 210.281268258411
1116 210.281268258411
1116 210.281268258411
1116 20.8067518496165
1116 23.2056739280931
1116 23.2056739280931
1116 459.008976304555
1116 459.008976304555
1116 0.0608357884701686
1116 0
1116 0
1116 0
1116 16.6213429906482
1116 16.6213429906482
1116 0
1116 0.390562137247492
1116 0
1116 0
1116 0.52328452794662
1116 85.3755657853193
1116 85.3755657853193
1118 210.281268258411
1118 210.281268258411
1118 210.281268258411
1118 20.8067518496165
1118 23.2056739280931
1118 23.2056739280931
1118 459.008976304555
1118 459.008976304555
1118 0.0608357884701686
1118 0
1118 0
1118 0
1118 16.6213429906482
1118 16.6213429906482
1118 0
1118 0.390562137247492
1118 0
1118 0
1118 0.52328452794662
1118 85.3755657853193
1118 85.3755657853193
1125 210.281268258411
1125 210.281268258411
1125 210.281268258411
1125 20.8067518496165
1125 23.2056739280931
1125 23.2056739280931
1125 459.008976304555
1125 459.008976304555
1125 0.0608357884701686
1125 0
1125 0
1125 0
1125 16.6213429906482
1125 16.6213429906482
1125 0
1125 0.390562137247492
1125 0
1125 0
1125 0.52328452794662
1125 85.3755657853193
1125 85.3755657853193
1126 210.281268258411
1126 210.281268258411
1126 210.281268258411
1126 20.8067518496165
1126 23.2056739280931
1126 23.2056739280931
1126 459.008976304555
1126 459.008976304555
1126 0.0608357884701686
1126 0
1126 0
1126 0
1126 16.6213429906482
1126 16.6213429906482
1126 0
1126 0.390562137247492
1126 0
1126 0
1126 0.52328452794662
1126 85.3755657853193
1126 85.3755657853193
1199 210.281268258411
1199 210.281268258411
1199 210.281268258411
1199 20.8067518496165
1199 23.2056739280931
1199 23.2056739280931
1199 459.008976304555
1199 459.008976304555
1199 0.0608357884701686
1199 0
1199 0
1199 0
1199 16.6213429906482
1199 16.6213429906482
1199 0
1199 0.390562137247492
1199 0
1199 0
1199 0.52328452794662
1199 85.3755657853193
1199 85.3755657853193
1200 210.281268258411
1200 210.281268258411
1200 210.281268258411
1200 20.8067518496165
1200 23.2056739280931
1200 23.2056739280931
1200 459.008976304555
1200 459.008976304555
1200 0.0608357884701686
1200 0
1200 0
1200 0
1200 16.6213429906482
1200 16.6213429906482
1200 0
1200 0.390562137247492
1200 0
1200 0
1200 0.52328452794662
1200 85.3755657853193
1200 85.3755657853193
1206 210.281268258411
1206 210.281268258411
1206 210.281268258411
1206 20.8067518496165
1206 23.2056739280931
1206 23.2056739280931
1206 459.008976304555
1206 459.008976304555
1206 0.0608357884701686
1206 0
1206 0
1206 0
1206 16.6213429906482
1206 16.6213429906482
1206 0
1206 0.390562137247492
1206 0
1206 0
1206 0.52328452794662
1206 85.3755657853193
1206 85.3755657853193
1207 210.281268258411
1207 210.281268258411
1207 210.281268258411
1207 20.8067518496165
1207 23.2056739280931
1207 23.2056739280931
1207 459.008976304555
1207 459.008976304555
1207 0.0608357884701686
1207 0
1207 0
1207 0
1207 16.6213429906482
1207 16.6213429906482
1207 0
1207 0.390562137247492
1207 0
1207 0
1207 0.52328452794662
1207 85.3755657853193
1207 85.3755657853193
1208 210.281268258411
1208 210.281268258411
1208 210.281268258411
1208 20.8067518496165
1208 23.2056739280931
1208 23.2056739280931
1208 459.008976304555
1208 459.008976304555
1208 0.0608357884701686
1208 0
1208 0
1208 0
1208 16.6213429906482
1208 16.6213429906482
1208 0
1208 0.390562137247492
1208 0
1208 0
1208 0.52328452794662
1208 85.3755657853193
1208 85.3755657853193
1209 210.281268258411
1209 210.281268258411
1209 210.281268258411
1209 20.8067518496165
1209 23.2056739280931
1209 23.2056739280931
1209 459.008976304555
1209 459.008976304555
1209 0.0608357884701686
1209 0
1209 0
1209 0
1209 16.6213429906482
1209 16.6213429906482
1209 0
1209 0.390562137247492
1209 0
1209 0
1209 0.52328452794662
1209 85.3755657853193
1209 85.3755657853193
1210 210.281268258411
1210 210.281268258411
1210 210.281268258411
1210 20.8067518496165
1210 23.2056739280931
1210 23.2056739280931
1210 459.008976304555
1210 459.008976304555
1210 0.0608357884701686
1210 0
1210 0
1210 0
1210 16.6213429906482
1210 16.6213429906482
1210 0
1210 0.390562137247492
1210 0
1210 0
1210 0.52328452794662
1210 85.3755657853193
1210 85.3755657853193
1211 210.281268258411
1211 210.281268258411
1211 210.281268258411
1211 20.8067518496165
1211 23.2056739280931
1211 23.2056739280931
1211 459.008976304555
1211 459.008976304555
1211 0.0608357884701686
1211 0
1211 0
1211 0
1211 16.6213429906482
1211 16.6213429906482
1211 0
1211 0.390562137247492
1211 0
1211 0
1211 0.52328452794662
1211 85.3755657853193
1211 85.3755657853193
1266 210.281268258411
1266 210.281268258411
1266 210.281268258411
1266 20.8067518496165
1266 23.2056739280931
1266 23.2056739280931
1266 459.008976304555
1266 459.008976304555
1266 0.0608357884701686
1266 0
1266 0
1266 0
1266 16.6213429906482
1266 16.6213429906482
1266 0
1266 0.390562137247492
1266 0
1266 0
1266 0.52328452794662
1266 85.3755657853193
1266 85.3755657853193
1283 210.281268258411
1283 210.281268258411
1283 210.281268258411
1283 20.8067518496165
1283 23.2056739280931
1283 23.2056739280931
1283 459.008976304555
1283 459.008976304555
1283 0.0608357884701686
1283 0
1283 0
1283 0
1283 16.6213429906482
1283 16.6213429906482
1283 0
1283 0.390562137247492
1283 0
1283 0
1283 0.52328452794662
1283 85.3755657853193
1283 85.3755657853193
1288 210.281268258411
1288 210.281268258411
1288 210.281268258411
1288 20.8067518496165
1288 23.2056739280931
1288 23.2056739280931
1288 459.008976304555
1288 459.008976304555
1288 0.0608357884701686
1288 0
1288 0
1288 0
1288 16.6213429906482
1288 16.6213429906482
1288 0
1288 0.390562137247492
1288 0
1288 0
1288 0.52328452794662
1288 85.3755657853193
1288 85.3755657853193
1289 210.281268258411
1289 210.281268258411
1289 210.281268258411
1289 20.8067518496165
1289 23.2056739280931
1289 23.2056739280931
1289 459.008976304555
1289 459.008976304555
1289 0.0608357884701686
1289 0
1289 0
1289 0
1289 16.6213429906482
1289 16.6213429906482
1289 0
1289 0.390562137247492
1289 0
1289 0
1289 0.52328452794662
1289 85.3755657853193
1289 85.3755657853193
1292 210.281268258411
1292 210.281268258411
1292 210.281268258411
1292 20.8067518496165
1292 23.2056739280931
1292 23.2056739280931
1292 459.008976304555
1292 459.008976304555
1292 0.0608357884701686
1292 0
1292 0
1292 0
1292 16.6213429906482
1292 16.6213429906482
1292 0
1292 0.390562137247492
1292 0
1292 0
1292 0.52328452794662
1292 85.3755657853193
1292 85.3755657853193
1293 210.281268258411
1293 210.281268258411
1293 210.281268258411
1293 20.8067518496165
1293 23.2056739280931
1293 23.2056739280931
1293 459.008976304555
1293 459.008976304555
1293 0.0608357884701686
1293 0
1293 0
1293 0
1293 16.6213429906482
1293 16.6213429906482
1293 0
1293 0.390562137247492
1293 0
1293 0
1293 0.52328452794662
1293 85.3755657853193
1293 85.3755657853193
1407 210.281268258411
1407 210.281268258411
1407 210.281268258411
1407 20.8067518496165
1407 23.2056739280931
1407 23.2056739280931
1407 459.008976304555
1407 459.008976304555
1407 0.0608357884701686
1407 0
1407 0
1407 0
1407 16.6213429906482
1407 16.6213429906482
1407 0
1407 0.390562137247492
1407 0
1407 0
1407 0.52328452794662
1407 85.3755657853193
1407 85.3755657853193
1367 210.281268258411
1367 210.281268258411
1367 210.281268258411
1367 20.8067518496165
1367 23.2056739280931
1367 23.2056739280931
1367 459.008976304555
1367 459.008976304555
1367 0.0608357884701686
1367 0
1367 0
1367 0
1367 16.6213429906482
1367 16.6213429906482
1367 0
1367 0.390562137247492
1367 0
1367 0
1367 0.52328452794662
1367 85.3755657853193
1367 85.3755657853193
1370 210.281268258411
1370 210.281268258411
1370 210.281268258411
1370 20.8067518496165
1370 23.2056739280931
1370 23.2056739280931
1370 459.008976304555
1370 459.008976304555
1370 0.0608357884701686
1370 0
1370 0
1370 0
1370 16.6213429906482
1370 16.6213429906482
1370 0
1370 0.390562137247492
1370 0
1370 0
1370 0.52328452794662
1370 85.3755657853193
1370 85.3755657853193
1371 210.281268258411
1371 210.281268258411
1371 210.281268258411
1371 20.8067518496165
1371 23.2056739280931
1371 23.2056739280931
1371 459.008976304555
1371 459.008976304555
1371 0.0608357884701686
1371 0
1371 0
1371 0
1371 16.6213429906482
1371 16.6213429906482
1371 0
1371 0.390562137247492
1371 0
1371 0
1371 0.52328452794662
1371 85.3755657853193
1371 85.3755657853193
1472 210.281268258411
1472 210.281268258411
1472 210.281268258411
1472 20.8067518496165
1472 23.2056739280931
1472 23.2056739280931
1472 459.008976304555
1472 459.008976304555
1472 0.0608357884701686
1472 0
1472 0
1472 0
1472 16.6213429906482
1472 16.6213429906482
1472 0
1472 0.390562137247492
1472 0
1472 0
1472 0.52328452794662
1472 85.3755657853193
1472 85.3755657853193
1440 210.281268258411
1440 210.281268258411
1440 210.281268258411
1440 20.8067518496165
1440 23.2056739280931
1440 23.2056739280931
1440 459.008976304555
1440 459.008976304555
1440 0.0608357884701686
1440 0
1440 0
1440 0
1440 16.6213429906482
1440 16.6213429906482
1440 0
1440 0.390562137247492
1440 0
1440 0
1440 0.52328452794662
1440 85.3755657853193
1440 85.3755657853193
1441 210.281268258411
1441 210.281268258411
1441 210.281268258411
1441 20.8067518496165
1441 23.2056739280931
1441 23.2056739280931
1441 459.008976304555
1441 459.008976304555
1441 0.0608357884701686
1441 0
1441 0
1441 0
1441 16.6213429906482
1441 16.6213429906482
1441 0
1441 0.390562137247492
1441 0
1441 0
1441 0.52328452794662
1441 85.3755657853193
1441 85.3755657853193
1442 210.281268258411
1442 210.281268258411
1442 210.281268258411
1442 20.8067518496165
1442 23.2056739280931
1442 23.2056739280931
1442 459.008976304555
1442 459.008976304555
1442 0.0608357884701686
1442 0
1442 0
1442 0
1442 16.6213429906482
1442 16.6213429906482
1442 0
1442 0.390562137247492
1442 0
1442 0
1442 0.52328452794662
1442 85.3755657853193
1442 85.3755657853193
1542 210.281268258411
1542 210.281268258411
1542 210.281268258411
1542 20.8067518496165
1542 23.2056739280931
1542 23.2056739280931
1542 459.008976304555
1542 459.008976304555
1542 0.0608357884701686
1542 0
1542 0
1542 0
1542 16.6213429906482
1542 16.6213429906482
1542 0
1542 0.390562137247492
1542 0
1542 0
1542 0.52328452794662
1542 85.3755657853193
1542 85.3755657853193
1604 210.281268258411
1604 210.281268258411
1604 210.281268258411
1604 20.8067518496165
1604 23.2056739280931
1604 23.2056739280931
1604 459.008976304555
1604 459.008976304555
1604 0.0608357884701686
1604 0
1604 0
1604 0
1604 16.6213429906482
1604 16.6213429906482
1604 0
1604 0.390562137247492
1604 0
1604 0
1604 0.52328452794662
1604 85.3755657853193
1604 85.3755657853193
1608 210.281268258411
1608 210.281268258411
1608 210.281268258411
1608 20.8067518496165
1608 23.2056739280931
1608 23.2056739280931
1608 459.008976304555
1608 459.008976304555
1608 0.0608357884701686
1608 0
1608 0
1608 0
1608 16.6213429906482
1608 16.6213429906482
1608 0
1608 0.390562137247492
1608 0
1608 0
1608 0.52328452794662
1608 85.3755657853193
1608 85.3755657853193
1664 210.281268258411
1664 210.281268258411
1664 210.281268258411
1664 20.8067518496165
1664 23.2056739280931
1664 23.2056739280931
1664 459.008976304555
1664 459.008976304555
1664 0.0608357884701686
1664 0
1664 0
1664 0
1664 16.6213429906482
1664 16.6213429906482
1664 0
1664 0.390562137247492
1664 0
1664 0
1664 0.52328452794662
1664 85.3755657853193
1664 85.3755657853193
1618 210.281268258411
1618 210.281268258411
1618 210.281268258411
1618 20.8067518496165
1618 23.2056739280931
1618 23.2056739280931
1618 459.008976304555
1618 459.008976304555
1618 0.0608357884701686
1618 0
1618 0
1618 0
1618 16.6213429906482
1618 16.6213429906482
1618 0
1618 0.390562137247492
1618 0
1618 0
1618 0.52328452794662
1618 85.3755657853193
1618 85.3755657853193
1669 210.281268258411
1669 210.281268258411
1669 210.281268258411
1669 20.8067518496165
1669 23.2056739280931
1669 23.2056739280931
1669 459.008976304555
1669 459.008976304555
1669 0.0608357884701686
1669 0
1669 0
1669 0
1669 16.6213429906482
1669 16.6213429906482
1669 0
1669 0.390562137247492
1669 0
1669 0
1669 0.52328452794662
1669 85.3755657853193
1669 85.3755657853193
1631 210.281268258411
1631 210.281268258411
1631 210.281268258411
1631 20.8067518496165
1631 23.2056739280931
1631 23.2056739280931
1631 459.008976304555
1631 459.008976304555
1631 0.0608357884701686
1631 0
1631 0
1631 0
1631 16.6213429906482
1631 16.6213429906482
1631 0
1631 0.390562137247492
1631 0
1631 0
1631 0.52328452794662
1631 85.3755657853193
1631 85.3755657853193
1811 210.281268258411
1811 210.281268258411
1811 210.281268258411
1811 20.8067518496165
1811 23.2056739280931
1811 23.2056739280931
1811 459.008976304555
1811 459.008976304555
1811 0.0608357884701686
1811 0
1811 0
1811 0
1811 16.6213429906482
1811 16.6213429906482
1811 0
1811 0.390562137247492
1811 0
1811 0
1811 0.52328452794662
1811 85.3755657853193
1811 85.3755657853193
1822 210.281268258411
1822 210.281268258411
1822 210.281268258411
1822 20.8067518496165
1822 23.2056739280931
1822 23.2056739280931
1822 459.008976304555
1822 459.008976304555
1822 0.0608357884701686
1822 0
1822 0
1822 0
1822 16.6213429906482
1822 16.6213429906482
1822 0
1822 0.390562137247492
1822 0
1822 0
1822 0.52328452794662
1822 85.3755657853193
1822 85.3755657853193
1825 210.281268258411
1825 210.281268258411
1825 210.281268258411
1825 20.8067518496165
1825 23.2056739280931
1825 23.2056739280931
1825 459.008976304555
1825 459.008976304555
1825 0.0608357884701686
1825 0
1825 0
1825 0
1825 16.6213429906482
1825 16.6213429906482
1825 0
1825 0.390562137247492
1825 0
1825 0
1825 0.52328452794662
1825 85.3755657853193
1825 85.3755657853193
2235 210.281268258411
2235 210.281268258411
2235 210.281268258411
2235 20.8067518496165
2235 23.2056739280931
2235 23.2056739280931
2235 459.008976304555
2235 459.008976304555
2235 0.0608357884701686
2235 0
2235 0
2235 0
2235 16.6213429906482
2235 16.6213429906482
2235 0
2235 0.390562137247492
2235 0
2235 0
2235 0.52328452794662
2235 85.3755657853193
2235 85.3755657853193
