pt_graph cpue_kghour
66 210.281268258411
66 210.281268258411
66 210.281268258411
66 20.8067518496165
66 23.2056739280931
66 23.2056739280931
66 459.008976304555
66 459.008976304555
66 0.0608357884701686
66 0
66 0
66 0.160325333507038
66 16.6213429906482
66 16.6213429906482
66 0
66 0.390562137247492
66 19043.9248124804
66 19043.9248124804
66 0.52328452794662
66 85.3755657853193
66 85.3755657853193
139 210.281268258411
139 210.281268258411
139 210.281268258411
139 20.8067518496165
139 23.2056739280931
139 23.2056739280931
139 459.008976304555
139 459.008976304555
139 0.0608357884701686
139 0
139 0
139 0.160325333507038
139 16.6213429906482
139 16.6213429906482
139 0
139 0.390562137247492
139 19043.9248124804
139 19043.9248124804
139 0.52328452794662
139 85.3755657853193
139 85.3755657853193
232 210.281268258411
232 210.281268258411
232 210.281268258411
232 20.8067518496165
232 23.2056739280931
232 23.2056739280931
232 459.008976304555
232 459.008976304555
232 0.0608357884701686
232 0
232 0
232 0.160325333507038
232 16.6213429906482
232 16.6213429906482
232 0
232 0.390562137247492
232 19043.9248124804
232 19043.9248124804
232 0.52328452794662
232 85.3755657853193
232 85.3755657853193
276 210.281268258411
276 210.281268258411
276 210.281268258411
276 20.8067518496165
276 23.2056739280931
276 23.2056739280931
276 459.008976304555
276 459.008976304555
276 0.0608357884701686
276 0
276 0
276 0.160325333507038
276 16.6213429906482
276 16.6213429906482
276 0
276 0.390562137247492
276 19043.9248124804
276 19043.9248124804
276 0.52328452794662
276 85.3755657853193
276 85.3755657853193
277 210.281268258411
277 210.281268258411
277 210.281268258411
277 20.8067518496165
277 23.2056739280931
277 23.2056739280931
277 459.008976304555
277 459.008976304555
277 0.0608357884701686
277 0
277 0
277 0.160325333507038
277 16.6213429906482
277 16.6213429906482
277 0
277 0.390562137247492
277 19043.9248124804
277 19043.9248124804
277 0.52328452794662
277 85.3755657853193
277 85.3755657853193
278 210.281268258411
278 210.281268258411
278 210.281268258411
278 20.8067518496165
278 23.2056739280931
278 23.2056739280931
278 459.008976304555
278 459.008976304555
278 0.0608357884701686
278 0
278 0
278 0.160325333507038
278 16.6213429906482
278 16.6213429906482
278 0
278 0.390562137247492
278 19043.9248124804
278 19043.9248124804
278 0.52328452794662
278 85.3755657853193
278 85.3755657853193
402 210.281268258411
402 210.281268258411
402 210.281268258411
402 20.8067518496165
402 23.2056739280931
402 23.2056739280931
402 459.008976304555
402 459.008976304555
402 0.0608357884701686
402 0
402 0
402 0.160325333507038
402 16.6213429906482
402 16.6213429906482
402 0
402 0.390562137247492
402 19043.9248124804
402 19043.9248124804
402 0.52328452794662
402 85.3755657853193
402 85.3755657853193
353 210.281268258411
353 210.281268258411
353 210.281268258411
353 20.8067518496165
353 23.2056739280931
353 23.2056739280931
353 459.008976304555
353 459.008976304555
353 0.0608357884701686
353 0
353 0
353 0.160325333507038
353 16.6213429906482
353 16.6213429906482
353 0
353 0.390562137247492
353 19043.9248124804
353 19043.9248124804
353 0.52328452794662
353 85.3755657853193
353 85.3755657853193
405 210.281268258411
405 210.281268258411
405 210.281268258411
405 20.8067518496165
405 23.2056739280931
405 23.2056739280931
405 459.008976304555
405 459.008976304555
405 0.0608357884701686
405 0
405 0
405 0.160325333507038
405 16.6213429906482
405 16.6213429906482
405 0
405 0.390562137247492
405 19043.9248124804
405 19043.9248124804
405 0.52328452794662
405 85.3755657853193
405 85.3755657853193
407 210.281268258411
407 210.281268258411
407 210.281268258411
407 20.8067518496165
407 23.2056739280931
407 23.2056739280931
407 459.008976304555
407 459.008976304555
407 0.0608357884701686
407 0
407 0
407 0.160325333507038
407 16.6213429906482
407 16.6213429906482
407 0
407 0.390562137247492
407 19043.9248124804
407 19043.9248124804
407 0.52328452794662
407 85.3755657853193
407 85.3755657853193
469 210.281268258411
469 210.281268258411
469 210.281268258411
469 20.8067518496165
469 23.2056739280931
469 23.2056739280931
469 459.008976304555
469 459.008976304555
469 0.0608357884701686
469 0
469 0
469 0.160325333507038
469 16.6213429906482
469 16.6213429906482
469 0
469 0.390562137247492
469 19043.9248124804
469 19043.9248124804
469 0.52328452794662
469 85.3755657853193
469 85.3755657853193
540 210.281268258411
540 210.281268258411
540 210.281268258411
540 20.8067518496165
540 23.2056739280931
540 23.2056739280931
540 459.008976304555
540 459.008976304555
540 0.0608357884701686
540 0
540 0
540 0.160325333507038
540 16.6213429906482
540 16.6213429906482
540 0
540 0.390562137247492
540 19043.9248124804
540 19043.9248124804
540 0.52328452794662
540 85.3755657853193
540 85.3755657853193
487 210.281268258411
487 210.281268258411
487 210.281268258411
487 20.8067518496165
487 23.2056739280931
487 23.2056739280931
487 459.008976304555
487 459.008976304555
487 0.0608357884701686
487 0
487 0
487 0.160325333507038
487 16.6213429906482
487 16.6213429906482
487 0
487 0.390562137247492
487 19043.9248124804
487 19043.9248124804
487 0.52328452794662
487 85.3755657853193
487 85.3755657853193
542 210.281268258411
542 210.281268258411
542 210.281268258411
542 20.8067518496165
542 23.2056739280931
542 23.2056739280931
542 459.008976304555
542 459.008976304555
542 0.0608357884701686
542 0
542 0
542 0.160325333507038
542 16.6213429906482
542 16.6213429906482
542 0
542 0.390562137247492
542 19043.9248124804
542 19043.9248124804
542 0.52328452794662
542 85.3755657853193
542 85.3755657853193
617 210.281268258411
617 210.281268258411
617 210.281268258411
617 20.8067518496165
617 23.2056739280931
617 23.2056739280931
617 459.008976304555
617 459.008976304555
617 0.0608357884701686
617 0
617 0
617 0.160325333507038
617 16.6213429906482
617 16.6213429906482
617 0
617 0.390562137247492
617 19043.9248124804
617 19043.9248124804
617 0.52328452794662
617 85.3755657853193
617 85.3755657853193
569 210.281268258411
569 210.281268258411
569 210.281268258411
569 20.8067518496165
569 23.2056739280931
569 23.2056739280931
569 459.008976304555
569 459.008976304555
569 0.0608357884701686
569 0
569 0
569 0.160325333507038
569 16.6213429906482
569 16.6213429906482
569 0
569 0.390562137247492
569 19043.9248124804
569 19043.9248124804
569 0.52328452794662
569 85.3755657853193
569 85.3755657853193
688 210.281268258411
688 210.281268258411
688 210.281268258411
688 20.8067518496165
688 23.2056739280931
688 23.2056739280931
688 459.008976304555
688 459.008976304555
688 0.0608357884701686
688 0
688 0
688 0.160325333507038
688 16.6213429906482
688 16.6213429906482
688 0
688 0.390562137247492
688 19043.9248124804
688 19043.9248124804
688 0.52328452794662
688 85.3755657853193
688 85.3755657853193
692 210.281268258411
692 210.281268258411
692 210.281268258411
692 20.8067518496165
692 23.2056739280931
692 23.2056739280931
692 459.008976304555
692 459.008976304555
692 0.0608357884701686
692 0
692 0
692 0.160325333507038
692 16.6213429906482
692 16.6213429906482
692 0
692 0.390562137247492
692 19043.9248124804
692 19043.9248124804
692 0.52328452794662
692 85.3755657853193
692 85.3755657853193
643 210.281268258411
643 210.281268258411
643 210.281268258411
643 20.8067518496165
643 23.2056739280931
643 23.2056739280931
643 459.008976304555
643 459.008976304555
643 0.0608357884701686
643 0
643 0
643 0.160325333507038
643 16.6213429906482
643 16.6213429906482
643 0
643 0.390562137247492
643 19043.9248124804
643 19043.9248124804
643 0.52328452794662
643 85.3755657853193
643 85.3755657853193
693 210.281268258411
693 210.281268258411
693 210.281268258411
693 20.8067518496165
693 23.2056739280931
693 23.2056739280931
693 459.008976304555
693 459.008976304555
693 0.0608357884701686
693 0
693 0
693 0.160325333507038
693 16.6213429906482
693 16.6213429906482
693 0
693 0.390562137247492
693 19043.9248124804
693 19043.9248124804
693 0.52328452794662
693 85.3755657853193
693 85.3755657853193
694 210.281268258411
694 210.281268258411
694 210.281268258411
694 20.8067518496165
694 23.2056739280931
694 23.2056739280931
694 459.008976304555
694 459.008976304555
694 0.0608357884701686
694 0
694 0
694 0.160325333507038
694 16.6213429906482
694 16.6213429906482
694 0
694 0.390562137247492
694 19043.9248124804
694 19043.9248124804
694 0.52328452794662
694 85.3755657853193
694 85.3755657853193
773 210.281268258411
773 210.281268258411
773 210.281268258411
773 20.8067518496165
773 23.2056739280931
773 23.2056739280931
773 459.008976304555
773 459.008976304555
773 0.0608357884701686
773 0
773 0
773 0.160325333507038
773 16.6213429906482
773 16.6213429906482
773 0
773 0.390562137247492
773 19043.9248124804
773 19043.9248124804
773 0.52328452794662
773 85.3755657853193
773 85.3755657853193
774 210.281268258411
774 210.281268258411
774 210.281268258411
774 20.8067518496165
774 23.2056739280931
774 23.2056739280931
774 459.008976304555
774 459.008976304555
774 0.0608357884701686
774 0
774 0
774 0.160325333507038
774 16.6213429906482
774 16.6213429906482
774 0
774 0.390562137247492
774 19043.9248124804
774 19043.9248124804
774 0.52328452794662
774 85.3755657853193
774 85.3755657853193
798 210.281268258411
798 210.281268258411
798 210.281268258411
798 20.8067518496165
798 23.2056739280931
798 23.2056739280931
798 459.008976304555
798 459.008976304555
798 0.0608357884701686
798 0
798 0
798 0.160325333507038
798 16.6213429906482
798 16.6213429906482
798 0
798 0.390562137247492
798 19043.9248124804
798 19043.9248124804
798 0.52328452794662
798 85.3755657853193
798 85.3755657853193
799 210.281268258411
799 210.281268258411
799 210.281268258411
799 20.8067518496165
799 23.2056739280931
799 23.2056739280931
799 459.008976304555
799 459.008976304555
799 0.0608357884701686
799 0
799 0
799 0.160325333507038
799 16.6213429906482
799 16.6213429906482
799 0
799 0.390562137247492
799 19043.9248124804
799 19043.9248124804
799 0.52328452794662
799 85.3755657853193
799 85.3755657853193
856 210.281268258411
856 210.281268258411
856 210.281268258411
856 20.8067518496165
856 23.2056739280931
856 23.2056739280931
856 459.008976304555
856 459.008976304555
856 0.0608357884701686
856 0
856 0
856 0.160325333507038
856 16.6213429906482
856 16.6213429906482
856 0
856 0.390562137247492
856 19043.9248124804
856 19043.9248124804
856 0.52328452794662
856 85.3755657853193
856 85.3755657853193
857 210.281268258411
857 210.281268258411
857 210.281268258411
857 20.8067518496165
857 23.2056739280931
857 23.2056739280931
857 459.008976304555
857 459.008976304555
857 0.0608357884701686
857 0
857 0
857 0.160325333507038
857 16.6213429906482
857 16.6213429906482
857 0
857 0.390562137247492
857 19043.9248124804
857 19043.9248124804
857 0.52328452794662
857 85.3755657853193
857 85.3755657853193
867 210.281268258411
867 210.281268258411
867 210.281268258411
867 20.8067518496165
867 23.2056739280931
867 23.2056739280931
867 459.008976304555
867 459.008976304555
867 0.0608357884701686
867 0
867 0
867 0.160325333507038
867 16.6213429906482
867 16.6213429906482
867 0
867 0.390562137247492
867 19043.9248124804
867 19043.9248124804
867 0.52328452794662
867 85.3755657853193
867 85.3755657853193
880 210.281268258411
880 210.281268258411
880 210.281268258411
880 20.8067518496165
880 23.2056739280931
880 23.2056739280931
880 459.008976304555
880 459.008976304555
880 0.0608357884701686
880 0
880 0
880 0.160325333507038
880 16.6213429906482
880 16.6213429906482
880 0
880 0.390562137247492
880 19043.9248124804
880 19043.9248124804
880 0.52328452794662
880 85.3755657853193
880 85.3755657853193
881 210.281268258411
881 210.281268258411
881 210.281268258411
881 20.8067518496165
881 23.2056739280931
881 23.2056739280931
881 459.008976304555
881 459.008976304555
881 0.0608357884701686
881 0
881 0
881 0.160325333507038
881 16.6213429906482
881 16.6213429906482
881 0
881 0.390562137247492
881 19043.9248124804
881 19043.9248124804
881 0.52328452794662
881 85.3755657853193
881 85.3755657853193
938 210.281268258411
938 210.281268258411
938 210.281268258411
938 20.8067518496165
938 23.2056739280931
938 23.2056739280931
938 459.008976304555
938 459.008976304555
938 0.0608357884701686
938 0
938 0
938 0.160325333507038
938 16.6213429906482
938 16.6213429906482
938 0
938 0.390562137247492
938 19043.9248124804
938 19043.9248124804
938 0.52328452794662
938 85.3755657853193
938 85.3755657853193
958 210.281268258411
958 210.281268258411
958 210.281268258411
958 20.8067518496165
958 23.2056739280931
958 23.2056739280931
958 459.008976304555
958 459.008976304555
958 0.0608357884701686
958 0
958 0
958 0.160325333507038
958 16.6213429906482
958 16.6213429906482
958 0
958 0.390562137247492
958 19043.9248124804
958 19043.9248124804
958 0.52328452794662
958 85.3755657853193
958 85.3755657853193
959 210.281268258411
959 210.281268258411
959 210.281268258411
959 20.8067518496165
959 23.2056739280931
959 23.2056739280931
959 459.008976304555
959 459.008976304555
959 0.0608357884701686
959 0
959 0
959 0.160325333507038
959 16.6213429906482
959 16.6213429906482
959 0
959 0.390562137247492
959 19043.9248124804
959 19043.9248124804
959 0.52328452794662
959 85.3755657853193
959 85.3755657853193
1021 210.281268258411
1021 210.281268258411
1021 210.281268258411
1021 20.8067518496165
1021 23.2056739280931
1021 23.2056739280931
1021 459.008976304555
1021 459.008976304555
1021 0.0608357884701686
1021 0
1021 0
1021 0.160325333507038
1021 16.6213429906482
1021 16.6213429906482
1021 0
1021 0.390562137247492
1021 19043.9248124804
1021 19043.9248124804
1021 0.52328452794662
1021 85.3755657853193
1021 85.3755657853193
1030 210.281268258411
1030 210.281268258411
1030 210.281268258411
1030 20.8067518496165
1030 23.2056739280931
1030 23.2056739280931
1030 459.008976304555
1030 459.008976304555
1030 0.0608357884701686
1030 0
1030 0
1030 0.160325333507038
1030 16.6213429906482
1030 16.6213429906482
1030 0
1030 0.390562137247492
1030 19043.9248124804
1030 19043.9248124804
1030 0.52328452794662
1030 85.3755657853193
1030 85.3755657853193
1031 210.281268258411
1031 210.281268258411
1031 210.281268258411
1031 20.8067518496165
1031 23.2056739280931
1031 23.2056739280931
1031 459.008976304555
1031 459.008976304555
1031 0.0608357884701686
1031 0
1031 0
1031 0.160325333507038
1031 16.6213429906482
1031 16.6213429906482
1031 0
1031 0.390562137247492
1031 19043.9248124804
1031 19043.9248124804
1031 0.52328452794662
1031 85.3755657853193
1031 85.3755657853193
1032 210.281268258411
1032 210.281268258411
1032 210.281268258411
1032 20.8067518496165
1032 23.2056739280931
1032 23.2056739280931
1032 459.008976304555
1032 459.008976304555
1032 0.0608357884701686
1032 0
1032 0
1032 0.160325333507038
1032 16.6213429906482
1032 16.6213429906482
1032 0
1032 0.390562137247492
1032 19043.9248124804
1032 19043.9248124804
1032 0.52328452794662
1032 85.3755657853193
1032 85.3755657853193
1099 210.281268258411
1099 210.281268258411
1099 210.281268258411
1099 20.8067518496165
1099 23.2056739280931
1099 23.2056739280931
1099 459.008976304555
1099 459.008976304555
1099 0.0608357884701686
1099 0
1099 0
1099 0.160325333507038
1099 16.6213429906482
1099 16.6213429906482
1099 0
1099 0.390562137247492
1099 19043.9248124804
1099 19043.9248124804
1099 0.52328452794662
1099 85.3755657853193
1099 85.3755657853193
1041 210.281268258411
1041 210.281268258411
1041 210.281268258411
1041 20.8067518496165
1041 23.2056739280931
1041 23.2056739280931
1041 459.008976304555
1041 459.008976304555
1041 0.0608357884701686
1041 0
1041 0
1041 0.160325333507038
1041 16.6213429906482
1041 16.6213429906482
1041 0
1041 0.390562137247492
1041 19043.9248124804
1041 19043.9248124804
1041 0.52328452794662
1041 85.3755657853193
1041 85.3755657853193
1042 210.281268258411
1042 210.281268258411
1042 210.281268258411
1042 20.8067518496165
1042 23.2056739280931
1042 23.2056739280931
1042 459.008976304555
1042 459.008976304555
1042 0.0608357884701686
1042 0
1042 0
1042 0.160325333507038
1042 16.6213429906482
1042 16.6213429906482
1042 0
1042 0.390562137247492
1042 19043.9248124804
1042 19043.9248124804
1042 0.52328452794662
1042 85.3755657853193
1042 85.3755657853193
1100 210.281268258411
1100 210.281268258411
1100 210.281268258411
1100 20.8067518496165
1100 23.2056739280931
1100 23.2056739280931
1100 459.008976304555
1100 459.008976304555
1100 0.0608357884701686
1100 0
1100 0
1100 0.160325333507038
1100 16.6213429906482
1100 16.6213429906482
1100 0
1100 0.390562137247492
1100 19043.9248124804
1100 19043.9248124804
1100 0.52328452794662
1100 85.3755657853193
1100 85.3755657853193
1101 210.281268258411
1101 210.281268258411
1101 210.281268258411
1101 20.8067518496165
1101 23.2056739280931
1101 23.2056739280931
1101 459.008976304555
1101 459.008976304555
1101 0.0608357884701686
1101 0
1101 0
1101 0.160325333507038
1101 16.6213429906482
1101 16.6213429906482
1101 0
1101 0.390562137247492
1101 19043.9248124804
1101 19043.9248124804
1101 0.52328452794662
1101 85.3755657853193
1101 85.3755657853193
1111 210.281268258411
1111 210.281268258411
1111 210.281268258411
1111 20.8067518496165
1111 23.2056739280931
1111 23.2056739280931
1111 459.008976304555
1111 459.008976304555
1111 0.0608357884701686
1111 0
1111 0
1111 0.160325333507038
1111 16.6213429906482
1111 16.6213429906482
1111 0
1111 0.390562137247492
1111 19043.9248124804
1111 19043.9248124804
1111 0.52328452794662
1111 85.3755657853193
1111 85.3755657853193
1113 210.281268258411
1113 210.281268258411
1113 210.281268258411
1113 20.8067518496165
1113 23.2056739280931
1113 23.2056739280931
1113 459.008976304555
1113 459.008976304555
1113 0.0608357884701686
1113 0
1113 0
1113 0.160325333507038
1113 16.6213429906482
1113 16.6213429906482
1113 0
1113 0.390562137247492
1113 19043.9248124804
1113 19043.9248124804
1113 0.52328452794662
1113 85.3755657853193
1113 85.3755657853193
1114 210.281268258411
1114 210.281268258411
1114 210.281268258411
1114 20.8067518496165
1114 23.2056739280931
1114 23.2056739280931
1114 459.008976304555
1114 459.008976304555
1114 0.0608357884701686
1114 0
1114 0
1114 0.160325333507038
1114 16.6213429906482
1114 16.6213429906482
1114 0
1114 0.390562137247492
1114 19043.9248124804
1114 19043.9248124804
1114 0.52328452794662
1114 85.3755657853193
1114 85.3755657853193
1115 210.281268258411
1115 210.281268258411
1115 210.281268258411
1115 20.8067518496165
1115 23.2056739280931
1115 23.2056739280931
1115 459.008976304555
1115 459.008976304555
1115 0.0608357884701686
1115 0
1115 0
1115 0.160325333507038
1115 16.6213429906482
1115 16.6213429906482
1115 0
1115 0.390562137247492
1115 19043.9248124804
1115 19043.9248124804
1115 0.52328452794662
1115 85.3755657853193
1115 85.3755657853193
1116 210.281268258411
1116 210.281268258411
1116 210.281268258411
1116 20.8067518496165
1116 23.2056739280931
1116 23.2056739280931
1116 459.008976304555
1116 459.008976304555
1116 0.0608357884701686
1116 0
1116 0
1116 0.160325333507038
1116 16.6213429906482
1116 16.6213429906482
1116 0
1116 0.390562137247492
1116 19043.9248124804
1116 19043.9248124804
1116 0.52328452794662
1116 85.3755657853193
1116 85.3755657853193
1125 210.281268258411
1125 210.281268258411
1125 210.281268258411
1125 20.8067518496165
1125 23.2056739280931
1125 23.2056739280931
1125 459.008976304555
1125 459.008976304555
1125 0.0608357884701686
1125 0
1125 0
1125 0.160325333507038
1125 16.6213429906482
1125 16.6213429906482
1125 0
1125 0.390562137247492
1125 19043.9248124804
1125 19043.9248124804
1125 0.52328452794662
1125 85.3755657853193
1125 85.3755657853193
1126 210.281268258411
1126 210.281268258411
1126 210.281268258411
1126 20.8067518496165
1126 23.2056739280931
1126 23.2056739280931
1126 459.008976304555
1126 459.008976304555
1126 0.0608357884701686
1126 0
1126 0
1126 0.160325333507038
1126 16.6213429906482
1126 16.6213429906482
1126 0
1126 0.390562137247492
1126 19043.9248124804
1126 19043.9248124804
1126 0.52328452794662
1126 85.3755657853193
1126 85.3755657853193
1185 210.281268258411
1185 210.281268258411
1185 210.281268258411
1185 20.8067518496165
1185 23.2056739280931
1185 23.2056739280931
1185 459.008976304555
1185 459.008976304555
1185 0.0608357884701686
1185 0
1185 0
1185 0.160325333507038
1185 16.6213429906482
1185 16.6213429906482
1185 0
1185 0.390562137247492
1185 19043.9248124804
1185 19043.9248124804
1185 0.52328452794662
1185 85.3755657853193
1185 85.3755657853193
1187 210.281268258411
1187 210.281268258411
1187 210.281268258411
1187 20.8067518496165
1187 23.2056739280931
1187 23.2056739280931
1187 459.008976304555
1187 459.008976304555
1187 0.0608357884701686
1187 0
1187 0
1187 0.160325333507038
1187 16.6213429906482
1187 16.6213429906482
1187 0
1187 0.390562137247492
1187 19043.9248124804
1187 19043.9248124804
1187 0.52328452794662
1187 85.3755657853193
1187 85.3755657853193
1195 210.281268258411
1195 210.281268258411
1195 210.281268258411
1195 20.8067518496165
1195 23.2056739280931
1195 23.2056739280931
1195 459.008976304555
1195 459.008976304555
1195 0.0608357884701686
1195 0
1195 0
1195 0.160325333507038
1195 16.6213429906482
1195 16.6213429906482
1195 0
1195 0.390562137247492
1195 19043.9248124804
1195 19043.9248124804
1195 0.52328452794662
1195 85.3755657853193
1195 85.3755657853193
1199 210.281268258411
1199 210.281268258411
1199 210.281268258411
1199 20.8067518496165
1199 23.2056739280931
1199 23.2056739280931
1199 459.008976304555
1199 459.008976304555
1199 0.0608357884701686
1199 0
1199 0
1199 0.160325333507038
1199 16.6213429906482
1199 16.6213429906482
1199 0
1199 0.390562137247492
1199 19043.9248124804
1199 19043.9248124804
1199 0.52328452794662
1199 85.3755657853193
1199 85.3755657853193
1200 210.281268258411
1200 210.281268258411
1200 210.281268258411
1200 20.8067518496165
1200 23.2056739280931
1200 23.2056739280931
1200 459.008976304555
1200 459.008976304555
1200 0.0608357884701686
1200 0
1200 0
1200 0.160325333507038
1200 16.6213429906482
1200 16.6213429906482
1200 0
1200 0.390562137247492
1200 19043.9248124804
1200 19043.9248124804
1200 0.52328452794662
1200 85.3755657853193
1200 85.3755657853193
1201 210.281268258411
1201 210.281268258411
1201 210.281268258411
1201 20.8067518496165
1201 23.2056739280931
1201 23.2056739280931
1201 459.008976304555
1201 459.008976304555
1201 0.0608357884701686
1201 0
1201 0
1201 0.160325333507038
1201 16.6213429906482
1201 16.6213429906482
1201 0
1201 0.390562137247492
1201 19043.9248124804
1201 19043.9248124804
1201 0.52328452794662
1201 85.3755657853193
1201 85.3755657853193
1210 210.281268258411
1210 210.281268258411
1210 210.281268258411
1210 20.8067518496165
1210 23.2056739280931
1210 23.2056739280931
1210 459.008976304555
1210 459.008976304555
1210 0.0608357884701686
1210 0
1210 0
1210 0.160325333507038
1210 16.6213429906482
1210 16.6213429906482
1210 0
1210 0.390562137247492
1210 19043.9248124804
1210 19043.9248124804
1210 0.52328452794662
1210 85.3755657853193
1210 85.3755657853193
1211 210.281268258411
1211 210.281268258411
1211 210.281268258411
1211 20.8067518496165
1211 23.2056739280931
1211 23.2056739280931
1211 459.008976304555
1211 459.008976304555
1211 0.0608357884701686
1211 0
1211 0
1211 0.160325333507038
1211 16.6213429906482
1211 16.6213429906482
1211 0
1211 0.390562137247492
1211 19043.9248124804
1211 19043.9248124804
1211 0.52328452794662
1211 85.3755657853193
1211 85.3755657853193
1266 210.281268258411
1266 210.281268258411
1266 210.281268258411
1266 20.8067518496165
1266 23.2056739280931
1266 23.2056739280931
1266 459.008976304555
1266 459.008976304555
1266 0.0608357884701686
1266 0
1266 0
1266 0.160325333507038
1266 16.6213429906482
1266 16.6213429906482
1266 0
1266 0.390562137247492
1266 19043.9248124804
1266 19043.9248124804
1266 0.52328452794662
1266 85.3755657853193
1266 85.3755657853193
1283 210.281268258411
1283 210.281268258411
1283 210.281268258411
1283 20.8067518496165
1283 23.2056739280931
1283 23.2056739280931
1283 459.008976304555
1283 459.008976304555
1283 0.0608357884701686
1283 0
1283 0
1283 0.160325333507038
1283 16.6213429906482
1283 16.6213429906482
1283 0
1283 0.390562137247492
1283 19043.9248124804
1283 19043.9248124804
1283 0.52328452794662
1283 85.3755657853193
1283 85.3755657853193
1288 210.281268258411
1288 210.281268258411
1288 210.281268258411
1288 20.8067518496165
1288 23.2056739280931
1288 23.2056739280931
1288 459.008976304555
1288 459.008976304555
1288 0.0608357884701686
1288 0
1288 0
1288 0.160325333507038
1288 16.6213429906482
1288 16.6213429906482
1288 0
1288 0.390562137247492
1288 19043.9248124804
1288 19043.9248124804
1288 0.52328452794662
1288 85.3755657853193
1288 85.3755657853193
1289 210.281268258411
1289 210.281268258411
1289 210.281268258411
1289 20.8067518496165
1289 23.2056739280931
1289 23.2056739280931
1289 459.008976304555
1289 459.008976304555
1289 0.0608357884701686
1289 0
1289 0
1289 0.160325333507038
1289 16.6213429906482
1289 16.6213429906482
1289 0
1289 0.390562137247492
1289 19043.9248124804
1289 19043.9248124804
1289 0.52328452794662
1289 85.3755657853193
1289 85.3755657853193
1291 210.281268258411
1291 210.281268258411
1291 210.281268258411
1291 20.8067518496165
1291 23.2056739280931
1291 23.2056739280931
1291 459.008976304555
1291 459.008976304555
1291 0.0608357884701686
1291 0
1291 0
1291 0.160325333507038
1291 16.6213429906482
1291 16.6213429906482
1291 0
1291 0.390562137247492
1291 19043.9248124804
1291 19043.9248124804
1291 0.52328452794662
1291 85.3755657853193
1291 85.3755657853193
1293 210.281268258411
1293 210.281268258411
1293 210.281268258411
1293 20.8067518496165
1293 23.2056739280931
1293 23.2056739280931
1293 459.008976304555
1293 459.008976304555
1293 0.0608357884701686
1293 0
1293 0
1293 0.160325333507038
1293 16.6213429906482
1293 16.6213429906482
1293 0
1293 0.390562137247492
1293 19043.9248124804
1293 19043.9248124804
1293 0.52328452794662
1293 85.3755657853193
1293 85.3755657853193
1387 210.281268258411
1387 210.281268258411
1387 210.281268258411
1387 20.8067518496165
1387 23.2056739280931
1387 23.2056739280931
1387 459.008976304555
1387 459.008976304555
1387 0.0608357884701686
1387 0
1387 0
1387 0.160325333507038
1387 16.6213429906482
1387 16.6213429906482
1387 0
1387 0.390562137247492
1387 19043.9248124804
1387 19043.9248124804
1387 0.52328452794662
1387 85.3755657853193
1387 85.3755657853193
1368 210.281268258411
1368 210.281268258411
1368 210.281268258411
1368 20.8067518496165
1368 23.2056739280931
1368 23.2056739280931
1368 459.008976304555
1368 459.008976304555
1368 0.0608357884701686
1368 0
1368 0
1368 0.160325333507038
1368 16.6213429906482
1368 16.6213429906482
1368 0
1368 0.390562137247492
1368 19043.9248124804
1368 19043.9248124804
1368 0.52328452794662
1368 85.3755657853193
1368 85.3755657853193
1371 210.281268258411
1371 210.281268258411
1371 210.281268258411
1371 20.8067518496165
1371 23.2056739280931
1371 23.2056739280931
1371 459.008976304555
1371 459.008976304555
1371 0.0608357884701686
1371 0
1371 0
1371 0.160325333507038
1371 16.6213429906482
1371 16.6213429906482
1371 0
1371 0.390562137247492
1371 19043.9248124804
1371 19043.9248124804
1371 0.52328452794662
1371 85.3755657853193
1371 85.3755657853193
1477 210.281268258411
1477 210.281268258411
1477 210.281268258411
1477 20.8067518496165
1477 23.2056739280931
1477 23.2056739280931
1477 459.008976304555
1477 459.008976304555
1477 0.0608357884701686
1477 0
1477 0
1477 0.160325333507038
1477 16.6213429906482
1477 16.6213429906482
1477 0
1477 0.390562137247492
1477 19043.9248124804
1477 19043.9248124804
1477 0.52328452794662
1477 85.3755657853193
1477 85.3755657853193
1440 210.281268258411
1440 210.281268258411
1440 210.281268258411
1440 20.8067518496165
1440 23.2056739280931
1440 23.2056739280931
1440 459.008976304555
1440 459.008976304555
1440 0.0608357884701686
1440 0
1440 0
1440 0.160325333507038
1440 16.6213429906482
1440 16.6213429906482
1440 0
1440 0.390562137247492
1440 19043.9248124804
1440 19043.9248124804
1440 0.52328452794662
1440 85.3755657853193
1440 85.3755657853193
1441 210.281268258411
1441 210.281268258411
1441 210.281268258411
1441 20.8067518496165
1441 23.2056739280931
1441 23.2056739280931
1441 459.008976304555
1441 459.008976304555
1441 0.0608357884701686
1441 0
1441 0
1441 0.160325333507038
1441 16.6213429906482
1441 16.6213429906482
1441 0
1441 0.390562137247492
1441 19043.9248124804
1441 19043.9248124804
1441 0.52328452794662
1441 85.3755657853193
1441 85.3755657853193
1517 210.281268258411
1517 210.281268258411
1517 210.281268258411
1517 20.8067518496165
1517 23.2056739280931
1517 23.2056739280931
1517 459.008976304555
1517 459.008976304555
1517 0.0608357884701686
1517 0
1517 0
1517 0.160325333507038
1517 16.6213429906482
1517 16.6213429906482
1517 0
1517 0.390562137247492
1517 19043.9248124804
1517 19043.9248124804
1517 0.52328452794662
1517 85.3755657853193
1517 85.3755657853193
1506 210.281268258411
1506 210.281268258411
1506 210.281268258411
1506 20.8067518496165
1506 23.2056739280931
1506 23.2056739280931
1506 459.008976304555
1506 459.008976304555
1506 0.0608357884701686
1506 0
1506 0
1506 0.160325333507038
1506 16.6213429906482
1506 16.6213429906482
1506 0
1506 0.390562137247492
1506 19043.9248124804
1506 19043.9248124804
1506 0.52328452794662
1506 85.3755657853193
1506 85.3755657853193
1569 210.281268258411
1569 210.281268258411
1569 210.281268258411
1569 20.8067518496165
1569 23.2056739280931
1569 23.2056739280931
1569 459.008976304555
1569 459.008976304555
1569 0.0608357884701686
1569 0
1569 0
1569 0.160325333507038
1569 16.6213429906482
1569 16.6213429906482
1569 0
1569 0.390562137247492
1569 19043.9248124804
1569 19043.9248124804
1569 0.52328452794662
1569 85.3755657853193
1569 85.3755657853193
1741 210.281268258411
1741 210.281268258411
1741 210.281268258411
1741 20.8067518496165
1741 23.2056739280931
1741 23.2056739280931
1741 459.008976304555
1741 459.008976304555
1741 0.0608357884701686
1741 0
1741 0
1741 0.160325333507038
1741 16.6213429906482
1741 16.6213429906482
1741 0
1741 0.390562137247492
1741 19043.9248124804
1741 19043.9248124804
1741 0.52328452794662
1741 85.3755657853193
1741 85.3755657853193
1825 210.281268258411
1825 210.281268258411
1825 210.281268258411
1825 20.8067518496165
1825 23.2056739280931
1825 23.2056739280931
1825 459.008976304555
1825 459.008976304555
1825 0.0608357884701686
1825 0
1825 0
1825 0.160325333507038
1825 16.6213429906482
1825 16.6213429906482
1825 0
1825 0.390562137247492
1825 19043.9248124804
1825 19043.9248124804
1825 0.52328452794662
1825 85.3755657853193
1825 85.3755657853193
1960 210.281268258411
1960 210.281268258411
1960 210.281268258411
1960 20.8067518496165
1960 23.2056739280931
1960 23.2056739280931
1960 459.008976304555
1960 459.008976304555
1960 0.0608357884701686
1960 0
1960 0
1960 0.160325333507038
1960 16.6213429906482
1960 16.6213429906482
1960 0
1960 0.390562137247492
1960 19043.9248124804
1960 19043.9248124804
1960 0.52328452794662
1960 85.3755657853193
1960 85.3755657853193
1963 210.281268258411
1963 210.281268258411
1963 210.281268258411
1963 20.8067518496165
1963 23.2056739280931
1963 23.2056739280931
1963 459.008976304555
1963 459.008976304555
1963 0.0608357884701686
1963 0
1963 0
1963 0.160325333507038
1963 16.6213429906482
1963 16.6213429906482
1963 0
1963 0.390562137247492
1963 19043.9248124804
1963 19043.9248124804
1963 0.52328452794662
1963 85.3755657853193
1963 85.3755657853193
2373 210.281268258411
2373 210.281268258411
2373 210.281268258411
2373 20.8067518496165
2373 23.2056739280931
2373 23.2056739280931
2373 459.008976304555
2373 459.008976304555
2373 0.0608357884701686
2373 0
2373 0
2373 0.160325333507038
2373 16.6213429906482
2373 16.6213429906482
2373 0
2373 0.390562137247492
2373 19043.9248124804
2373 19043.9248124804
2373 0.52328452794662
2373 85.3755657853193
2373 85.3755657853193
2431 210.281268258411
2431 210.281268258411
2431 210.281268258411
2431 20.8067518496165
2431 23.2056739280931
2431 23.2056739280931
2431 459.008976304555
2431 459.008976304555
2431 0.0608357884701686
2431 0
2431 0
2431 0.160325333507038
2431 16.6213429906482
2431 16.6213429906482
2431 0
2431 0.390562137247492
2431 19043.9248124804
2431 19043.9248124804
2431 0.52328452794662
2431 85.3755657853193
2431 85.3755657853193
2767 210.281268258411
2767 210.281268258411
2767 210.281268258411
2767 20.8067518496165
2767 23.2056739280931
2767 23.2056739280931
2767 459.008976304555
2767 459.008976304555
2767 0.0608357884701686
2767 0
2767 0
2767 0.160325333507038
2767 16.6213429906482
2767 16.6213429906482
2767 0
2767 0.390562137247492
2767 19043.9248124804
2767 19043.9248124804
2767 0.52328452794662
2767 85.3755657853193
2767 85.3755657853193
