pt_graph met
2778 10
2876 10
2877 10
2968 10
2969 3
3059 10
3149 10
3150 10
3231 10
3232 10
3310 10
3382 10
3383 10
3385 10
3452 10
3459 10
3461 3
3526 10
3527 10
3529 10
3531 10
3540 3
3592 10
3593 10
3657 10
3716 10
3775 10
3831 10
3941 10
4054 10
4101 3
4102 10
4145 3
4494 3
4531 3
4676 3
4706 3
4744 3
4919 10
4983 10
4987 10
4991 3
4996 10
5010 3
5018 10
5048 10
5063 10
5064 10
5065 10
5085 10
5087 10
5108 10
5148 10
5150 10
5155 10
5194 10
5198 10
5199 10
5219 10
5224 10
5251 10
5252 10
5280 10
5281 10
5309 10
5310 10
5311 10
5317 10
5323 3
5340 10
5341 10
5342 10
5343 10
5344 10
5372 10
5377 10
5378 10
5380 10
5407 10
5466 10
5467 10
5468 10
5469 10
5478 10
5479 10
5496 10
5498 10
5499 10
5514 10
5515 10
5516 10
5536 10
5537 10
5550 10
5551 10
5552 10
5553 10
5555 10
5573 10
5584 3
5594 10
5595 10
5596 10
5597 10
5598 10
5617 10
5620 10
5639 10
5640 10
5661 10
5665 10
5666 10
5671 10
5683 10
5684 10
5685 10
5686 10
5706 10
5711 10
5719 3
5729 10
5731 10
5751 10
5752 10
5757 10
5763 10
5777 10
5778 10
5794 10
5795 10
5796 10
5799 10
5800 10
5801 10
5819 10
5820 10
5826 10
5827 10
5836 10
5837 10
5842 10
5843 10
5845 10
5866 10
5868 10
5882 10
5883 10
5884 10
5905 10
5906 10
5920 10
5921 10
5923 10
5937 10
5946 10
5948 10
5958 10
5959 10
5985 10
5995 10
5996 10
6023 10
6024 10
6032 10
6034 10
6062 10
6064 10
6075 10
6077 10
6099 10
6100 10
6119 3
6128 10
6133 10
6136 10
6137 10
6152 10
6165 10
6173 10
6174 10
6175 10
6176 10
6211 10
6213 10
6214 10
6252 10
6253 10
6254 10
6284 10
6291 10
6292 10
6293 10
6294 10
6295 10
6308 10
6330 10
6331 10
6332 10
6333 10
6334 10
6347 10
6364 10
6371 10
6372 10
6373 10
6374 10
6375 10
6376 10
6410 10
6411 10
6412 10
6413 10
6414 10
6415 10
6416 10
6446 10
6449 10
6450 10
6451 10
6453 10
6454 10
6455 10
6456 10
6470 10
6480 3
6487 10
6490 10
6491 10
6492 10
6494 10
6495 10
6496 10
6497 10
6498 10
6530 10
6531 10
6534 10
6535 10
6536 10
6537 10
6538 10
6539 10
6542 10
6543 10
6545 10
6566 10
6567 10
6568 10
6569 10
6570 10
6572 10
6573 10
6574 10
6575 10
6576 10
6577 10
6578 10
6581 10
6582 10
6583 10
6584 10
6604 10
6605 10
6606 10
6607 10
6608 10
6609 10
6611 10
6613 10
6614 10
6615 10
6616 10
6617 10
6618 10
6619 10
6620 10
6621 10
6622 10
6634 3
6644 10
6645 10
6646 10
6647 10
6648 10
6649 10
6652 10
6653 10
6654 10
6655 10
6656 10
6657 10
6659 10
6660 10
6662 10
6684 10
6685 10
6686 10
6687 10
6688 10
6692 10
6693 10
6694 10
6695 10
6696 10
6697 10
6699 10
6700 10
6701 10
6702 10
6721 10
6722 10
6723 10
6724 10
6725 10
6727 10
6728 10
6731 10
6732 10
6733 10
6734 10
6735 10
6736 10
6737 10
6738 10
6739 10
6748 10
6759 10
6760 10
6761 10
6762 10
6765 10
6767 10
6768 10
6769 10
6770 10
6771 10
6772 10
6773 10
6774 10
6775 10
6795 10
6796 10
6797 10
6798 10
6805 10
6807 10
6809 10
6810 10
6815 10
6823 10
6832 10
6834 10
6835 10
6840 10
6841 10
6843 10
6844 10
6845 10
6846 10
6847 10
6849 10
6870 10
6873 10
6878 10
6879 10
6883 10
6884 10
6885 10
6886 10
6887 10
6912 10
6927 10
6950 10
6990 3
6996 10
7003 10
7006 10
7075 3
7091 10
7180 10
7183 10
7247 3
7330 3
7460 10
7555 10
7564 10
7616 10
7628 10
7682 10
7691 10
7692 10
7752 10
7753 10
7754 10
7763 10
7764 10
7825 10
7832 10
7833 10
7898 10
7905 10
7906 10
7934 3
7973 10
7980 10
7981 10
7982 10
8047 10
8054 10
8055 10
8056 10
8132 10
8133 10
8134 10
8214 10
8215 10
8216 10
8302 10
8303 10
8304 10
8386 10
8394 10
8395 10
8489 10
8490 10
8491 10
8492 10
8585 10
8586 10
8587 10
8690 10
8691 10
8692 10
8693 10
8798 10
8799 10
8800 10
8801 10
8900 3
8910 10
8911 10
8912 10
9026 10
9027 10
9028 10
9143 10
9144 10
9145 10
9146 10
9264 10
9265 10
9266 10
9267 10
9387 10
9388 10
9389 10
9390 10
9391 10
9510 10
9511 10
9512 10
9513 10
9514 10
9633 10
9634 10
9635 10
9637 10
9751 10
9752 10
9753 10
9874 10
9987 10
9995 10
10375 10
10500 10
10507 10
10622 10
10623 10
10740 10
10741 10
10744 10
10861 10
10862 10
10863 10
10864 10
10981 10
10982 10
10983 10
10984 10
10989 10
11106 10
11107 10
11109 10
11110 10
11111 10
11112 10
11114 10
11225 10
11232 10
11233 10
11234 10
11236 10
11237 10
11238 10
11239 10
11240 10
11360 10
11363 10
11364 10
11365 10
11366 10
11368 10
11369 10
11370 10
11371 10
11372 10
11373 10
11502 10
11503 10
11504 10
11505 10
11507 10
11508 10
11509 10
11510 10
11639 3
11644 10
11645 10
11646 10
11647 10
11648 10
11649 10
11650 10
11651 10
11653 10
11654 10
11655 10
11782 10
11783 10
11784 10
11785 10
11786 10
11787 10
11788 10
11789 10
11790 10
11791 10
11792 10
11795 10
11926 10
11927 10
11928 10
11929 10
11931 10
11932 10
11933 10
11934 10
11935 10
11936 10
11937 10
11939 10
11940 10
11941 10
11942 10
11944 10
12078 10
12079 10
12080 10
12081 10
12082 10
12083 10
12084 10
12085 10
12086 10
12087 10
12088 10
12089 10
12090 10
12091 10
12092 10
12093 10
12094 10
12096 10
12099 10
12101 10
12102 10
12232 10
12233 10
12234 10
12235 10
12237 10
12239 10
12240 10
12241 10
12242 10
12243 10
12244 10
12245 10
12246 10
12247 10
12248 10
12249 10
12250 10
12251 10
12257 10
12395 10
12396 10
12397 10
12398 10
12401 10
12402 10
12404 10
12405 10
12406 10
12407 10
12408 10
12409 10
12410 10
12411 10
12412 10
12413 10
12414 10
12415 10
12420 10
12421 10
12565 10
12569 10
12570 10
12572 10
12573 10
12574 10
12575 10
12576 10
12577 10
12578 10
12579 10
12580 10
12585 10
12723 10
12725 10
12727 10
12734 10
12738 10
12742 10
12743 10
12744 10
12745 10
12746 10
12747 10
12748 10
12753 10
12754 10
12896 10
12897 10
12901 10
12912 10
12925 10
13067 10
13069 10
13239 10
13241 10
13245 10
13417 10
13420 10
13592 10
13775 10
13954 10
13956 10
15231 3
15590 3
15936 3
16795 3
