pt_graph shape
4840 1
4840 1
4840 1
4840 1
4840 1
4840 1
4840 1
4840 1
4840 1
4840 1
4840 1
4840 1
4840 1
4840 1
4840 1
4840 1
4840 1
4840 1
4840 1
4840 1
4840 1
4804 1
4804 1
4804 1
4804 1
4804 1
4804 1
4804 1
4804 1
4804 1
4804 1
4804 1
4804 1
4804 1
4804 1
4804 1
4804 1
4804 1
4804 1
4804 1
4804 1
4804 1
4841 1
4841 1
4841 1
4841 1
4841 1
4841 1
4841 1
4841 1
4841 1
4841 1
4841 1
4841 1
4841 1
4841 1
4841 1
4841 1
4841 1
4841 1
4841 1
4841 1
4841 1
4884 1
4884 1
4884 1
4884 1
4884 1
4884 1
4884 1
4884 1
4884 1
4884 1
4884 1
4884 1
4884 1
4884 1
4884 1
4884 1
4884 1
4884 1
4884 1
4884 1
4884 1
4973 1
4973 1
4973 1
4973 1
4973 1
4973 1
4973 1
4973 1
4973 1
4973 1
4973 1
4973 1
4973 1
4973 1
4973 1
4973 1
4973 1
4973 1
4973 1
4973 1
4973 1
2069 1
2069 1
2069 1
2069 1
2069 1
2069 1
2069 1
2069 1
2069 1
2069 1
2069 1
2069 1
2069 1
2069 1
2069 1
2069 1
2069 1
2069 1
2069 1
2069 1
2069 1
2257 1
2257 1
2257 1
2257 1
2257 1
2257 1
2257 1
2257 1
2257 1
2257 1
2257 1
2257 1
2257 1
2257 1
2257 1
2257 1
2257 1
2257 1
2257 1
2257 1
2257 1
4805 1
4805 1
4805 1
4805 1
4805 1
4805 1
4805 1
4805 1
4805 1
4805 1
4805 1
4805 1
4805 1
4805 1
4805 1
4805 1
4805 1
4805 1
4805 1
4805 1
4805 1
4842 1
4842 1
4842 1
4842 1
4842 1
4842 1
4842 1
4842 1
4842 1
4842 1
4842 1
4842 1
4842 1
4842 1
4842 1
4842 1
4842 1
4842 1
4842 1
4842 1
4842 1
4974 1
4974 1
4974 1
4974 1
4974 1
4974 1
4974 1
4974 1
4974 1
4974 1
4974 1
4974 1
4974 1
4974 1
4974 1
4974 1
4974 1
4974 1
4974 1
4974 1
4974 1
2258 1
2258 1
2258 1
2258 1
2258 1
2258 1
2258 1
2258 1
2258 1
2258 1
2258 1
2258 1
2258 1
2258 1
2258 1
2258 1
2258 1
2258 1
2258 1
2258 1
2258 1
2349 1
2349 1
2349 1
2349 1
2349 1
2349 1
2349 1
2349 1
2349 1
2349 1
2349 1
2349 1
2349 1
2349 1
2349 1
2349 1
2349 1
2349 1
2349 1
2349 1
2349 1
4806 1
4806 1
4806 1
4806 1
4806 1
4806 1
4806 1
4806 1
4806 1
4806 1
4806 1
4806 1
4806 1
4806 1
4806 1
4806 1
4806 1
4806 1
4806 1
4806 1
4806 1
4843 1
4843 1
4843 1
4843 1
4843 1
4843 1
4843 1
4843 1
4843 1
4843 1
4843 1
4843 1
4843 1
4843 1
4843 1
4843 1
4843 1
4843 1
4843 1
4843 1
4843 1
4886 1
4886 1
4886 1
4886 1
4886 1
4886 1
4886 1
4886 1
4886 1
4886 1
4886 1
4886 1
4886 1
4886 1
4886 1
4886 1
4886 1
4886 1
4886 1
4886 1
4886 1
4930 1
4930 1
4930 1
4930 1
4930 1
4930 1
4930 1
4930 1
4930 1
4930 1
4930 1
4930 1
4930 1
4930 1
4930 1
4930 1
4930 1
4930 1
4930 1
4930 1
4930 1
4975 1
4975 1
4975 1
4975 1
4975 1
4975 1
4975 1
4975 1
4975 1
4975 1
4975 1
4975 1
4975 1
4975 1
4975 1
4975 1
4975 1
4975 1
4975 1
4975 1
4975 1
2440 1
2440 1
2440 1
2440 1
2440 1
2440 1
2440 1
2440 1
2440 1
2440 1
2440 1
2440 1
2440 1
2440 1
2440 1
2440 1
2440 1
2440 1
2440 1
2440 1
2440 1
2522 1
2522 1
2522 1
2522 1
2522 1
2522 1
2522 1
2522 1
2522 1
2522 1
2522 1
2522 1
2522 1
2522 1
2522 1
2522 1
2522 1
2522 1
2522 1
2522 1
2522 1
2600 1
2600 1
2600 1
2600 1
2600 1
2600 1
2600 1
2600 1
2600 1
2600 1
2600 1
2600 1
2600 1
2600 1
2600 1
2600 1
2600 1
2600 1
2600 1
2600 1
2600 1
2672 1
2672 1
2672 1
2672 1
2672 1
2672 1
2672 1
2672 1
2672 1
2672 1
2672 1
2672 1
2672 1
2672 1
2672 1
2672 1
2672 1
2672 1
2672 1
2672 1
2672 1
2742 1
2742 1
2742 1
2742 1
2742 1
2742 1
2742 1
2742 1
2742 1
2742 1
2742 1
2742 1
2742 1
2742 1
2742 1
2742 1
2742 1
2742 1
2742 1
2742 1
2742 1
2816 1
2816 1
2816 1
2816 1
2816 1
2816 1
2816 1
2816 1
2816 1
2816 1
2816 1
2816 1
2816 1
2816 1
2816 1
2816 1
2816 1
2816 1
2816 1
2816 1
2816 1
4844 1
4844 1
4844 1
4844 1
4844 1
4844 1
4844 1
4844 1
4844 1
4844 1
4844 1
4844 1
4844 1
4844 1
4844 1
4844 1
4844 1
4844 1
4844 1
4844 1
4844 1
4931 1
4931 1
4931 1
4931 1
4931 1
4931 1
4931 1
4931 1
4931 1
4931 1
4931 1
4931 1
4931 1
4931 1
4931 1
4931 1
4931 1
4931 1
4931 1
4931 1
4931 1
4976 1
4976 1
4976 1
4976 1
4976 1
4976 1
4976 1
4976 1
4976 1
4976 1
4976 1
4976 1
4976 1
4976 1
4976 1
4976 1
4976 1
4976 1
4976 1
4976 1
4976 1
2947 1
2947 1
2947 1
2947 1
2947 1
2947 1
2947 1
2947 1
2947 1
2947 1
2947 1
2947 1
2947 1
2947 1
2947 1
2947 1
2947 1
2947 1
2947 1
2947 1
2947 1
3006 1
3006 1
3006 1
3006 1
3006 1
3006 1
3006 1
3006 1
3006 1
3006 1
3006 1
3006 1
3006 1
3006 1
3006 1
3006 1
3006 1
3006 1
3006 1
3006 1
3006 1
3065 1
3065 1
3065 1
3065 1
3065 1
3065 1
3065 1
3065 1
3065 1
3065 1
3065 1
3065 1
3065 1
3065 1
3065 1
3065 1
3065 1
3065 1
3065 1
3065 1
3065 1
3121 1
3121 1
3121 1
3121 1
3121 1
3121 1
3121 1
3121 1
3121 1
3121 1
3121 1
3121 1
3121 1
3121 1
3121 1
3121 1
3121 1
3121 1
3121 1
3121 1
3121 1
3344 1
3344 1
3344 1
3344 1
3344 1
3344 1
3344 1
3344 1
3344 1
3344 1
3344 1
3344 1
3344 1
3344 1
3344 1
3344 1
3344 1
3344 1
3344 1
3344 1
3344 1
3392 1
3392 1
3392 1
3392 1
3392 1
3392 1
3392 1
3392 1
3392 1
3392 1
3392 1
3392 1
3392 1
3392 1
3392 1
3392 1
3392 1
3392 1
3392 1
3392 1
3392 1
4845 1
4845 1
4845 1
4845 1
4845 1
4845 1
4845 1
4845 1
4845 1
4845 1
4845 1
4845 1
4845 1
4845 1
4845 1
4845 1
4845 1
4845 1
4845 1
4845 1
4845 1
2744 1
2744 1
2744 1
2744 1
2744 1
2744 1
2744 1
2744 1
2744 1
2744 1
2744 1
2744 1
2744 1
2744 1
2744 1
2744 1
2744 1
2744 1
2744 1
2744 1
2744 1
3007 1
3007 1
3007 1
3007 1
3007 1
3007 1
3007 1
3007 1
3007 1
3007 1
3007 1
3007 1
3007 1
3007 1
3007 1
3007 1
3007 1
3007 1
3007 1
3007 1
3007 1
5494 1
5494 1
5494 1
5494 1
5494 1
5494 1
5494 1
5494 1
5494 1
5494 1
5494 1
5494 1
5494 1
5494 1
5494 1
5494 1
5494 1
5494 1
5494 1
5494 1
5494 1
2745 1
2745 1
2745 1
2745 1
2745 1
2745 1
2745 1
2745 1
2745 1
2745 1
2745 1
2745 1
2745 1
2745 1
2745 1
2745 1
2745 1
2745 1
2745 1
2745 1
2745 1
2746 1
2746 1
2746 1
2746 1
2746 1
2746 1
2746 1
2746 1
2746 1
2746 1
2746 1
2746 1
2746 1
2746 1
2746 1
2746 1
2746 1
2746 1
2746 1
2746 1
2746 1
3124 1
3124 1
3124 1
3124 1
3124 1
3124 1
3124 1
3124 1
3124 1
3124 1
3124 1
3124 1
3124 1
3124 1
3124 1
3124 1
3124 1
3124 1
3124 1
3124 1
3124 1
5932 1
5932 1
5932 1
5932 1
5932 1
5932 1
5932 1
5932 1
5932 1
5932 1
5932 1
5932 1
5932 1
5932 1
5932 1
5932 1
5932 1
5932 1
5932 1
5932 1
5932 1
6011 1
6011 1
6011 1
6011 1
6011 1
6011 1
6011 1
6011 1
6011 1
6011 1
6011 1
6011 1
6011 1
6011 1
6011 1
6011 1
6011 1
6011 1
6011 1
6011 1
6011 1
1459 1
1459 1
1459 1
1459 1
1459 1
1459 1
1459 1
1459 1
1459 1
1459 1
1459 1
1459 1
1459 1
1459 1
1459 1
1459 1
1459 1
1459 1
1459 1
1459 1
1459 1
4480 1
4480 1
4480 1
4480 1
4480 1
4480 1
4480 1
4480 1
4480 1
4480 1
4480 1
4480 1
4480 1
4480 1
4480 1
4480 1
4480 1
4480 1
4480 1
4480 1
4480 1
5855 1
5855 1
5855 1
5855 1
5855 1
5855 1
5855 1
5855 1
5855 1
5855 1
5855 1
5855 1
5855 1
5855 1
5855 1
5855 1
5855 1
5855 1
5855 1
5855 1
5855 1
5933 1
5933 1
5933 1
5933 1
5933 1
5933 1
5933 1
5933 1
5933 1
5933 1
5933 1
5933 1
5933 1
5933 1
5933 1
5933 1
5933 1
5933 1
5933 1
5933 1
5933 1
6048 1
6048 1
6048 1
6048 1
6048 1
6048 1
6048 1
6048 1
6048 1
6048 1
6048 1
6048 1
6048 1
6048 1
6048 1
6048 1
6048 1
6048 1
6048 1
6048 1
6048 1
12529 1
12529 1
12529 1
12529 1
12529 1
12529 1
12529 1
12529 1
12529 1
12529 1
12529 1
12529 1
12529 1
12529 1
12529 1
12529 1
12529 1
12529 1
12529 1
12529 1
12529 1
2888 1
2888 1
2888 1
2888 1
2888 1
2888 1
2888 1
2888 1
2888 1
2888 1
2888 1
2888 1
2888 1
2888 1
2888 1
2888 1
2888 1
2888 1
2888 1
2888 1
2888 1
5856 1
5856 1
5856 1
5856 1
5856 1
5856 1
5856 1
5856 1
5856 1
5856 1
5856 1
5856 1
5856 1
5856 1
5856 1
5856 1
5856 1
5856 1
5856 1
5856 1
5856 1
5974 1
5974 1
5974 1
5974 1
5974 1
5974 1
5974 1
5974 1
5974 1
5974 1
5974 1
5974 1
5974 1
5974 1
5974 1
5974 1
5974 1
5974 1
5974 1
5974 1
5974 1
1547 1
1547 1
1547 1
1547 1
1547 1
1547 1
1547 1
1547 1
1547 1
1547 1
1547 1
1547 1
1547 1
1547 1
1547 1
1547 1
1547 1
1547 1
1547 1
1547 1
1547 1
5857 1
5857 1
5857 1
5857 1
5857 1
5857 1
5857 1
5857 1
5857 1
5857 1
5857 1
5857 1
5857 1
5857 1
5857 1
5857 1
5857 1
5857 1
5857 1
5857 1
5857 1
5896 1
5896 1
5896 1
5896 1
5896 1
5896 1
5896 1
5896 1
5896 1
5896 1
5896 1
5896 1
5896 1
5896 1
5896 1
5896 1
5896 1
5896 1
5896 1
5896 1
5896 1
5935 1
5935 1
5935 1
5935 1
5935 1
5935 1
5935 1
5935 1
5935 1
5935 1
5935 1
5935 1
5935 1
5935 1
5935 1
5935 1
5935 1
5935 1
5935 1
5935 1
5935 1
5975 1
5975 1
5975 1
5975 1
5975 1
5975 1
5975 1
5975 1
5975 1
5975 1
5975 1
5975 1
5975 1
5975 1
5975 1
5975 1
5975 1
5975 1
5975 1
5975 1
5975 1
6014 1
6014 1
6014 1
6014 1
6014 1
6014 1
6014 1
6014 1
6014 1
6014 1
6014 1
6014 1
6014 1
6014 1
6014 1
6014 1
6014 1
6014 1
6014 1
6014 1
6014 1
6050 1
6050 1
6050 1
6050 1
6050 1
6050 1
6050 1
6050 1
6050 1
6050 1
6050 1
6050 1
6050 1
6050 1
6050 1
6050 1
6050 1
6050 1
6050 1
6050 1
6050 1
6087 1
6087 1
6087 1
6087 1
6087 1
6087 1
6087 1
6087 1
6087 1
6087 1
6087 1
6087 1
6087 1
6087 1
6087 1
6087 1
6087 1
6087 1
6087 1
6087 1
6087 1
915 1
915 1
915 1
915 1
915 1
915 1
915 1
915 1
915 1
915 1
915 1
915 1
915 1
915 1
915 1
915 1
915 1
915 1
915 1
915 1
915 1
1548 1
1548 1
1548 1
1548 1
1548 1
1548 1
1548 1
1548 1
1548 1
1548 1
1548 1
1548 1
1548 1
1548 1
1548 1
1548 1
1548 1
1548 1
1548 1
1548 1
1548 1
1627 1
1627 1
1627 1
1627 1
1627 1
1627 1
1627 1
1627 1
1627 1
1627 1
1627 1
1627 1
1627 1
1627 1
1627 1
1627 1
1627 1
1627 1
1627 1
1627 1
1627 1
5235 1
5235 1
5235 1
5235 1
5235 1
5235 1
5235 1
5235 1
5235 1
5235 1
5235 1
5235 1
5235 1
5235 1
5235 1
5235 1
5235 1
5235 1
5235 1
5235 1
5235 1
5739 1
5739 1
5739 1
5739 1
5739 1
5739 1
5739 1
5739 1
5739 1
5739 1
5739 1
5739 1
5739 1
5739 1
5739 1
5739 1
5739 1
5739 1
5739 1
5739 1
5739 1
5780 1
5780 1
5780 1
5780 1
5780 1
5780 1
5780 1
5780 1
5780 1
5780 1
5780 1
5780 1
5780 1
5780 1
5780 1
5780 1
5780 1
5780 1
5780 1
5780 1
5780 1
5820 1
5820 1
5820 1
5820 1
5820 1
5820 1
5820 1
5820 1
5820 1
5820 1
5820 1
5820 1
5820 1
5820 1
5820 1
5820 1
5820 1
5820 1
5820 1
5820 1
5820 1
5858 1
5858 1
5858 1
5858 1
5858 1
5858 1
5858 1
5858 1
5858 1
5858 1
5858 1
5858 1
5858 1
5858 1
5858 1
5858 1
5858 1
5858 1
5858 1
5858 1
5858 1
5897 1
5897 1
5897 1
5897 1
5897 1
5897 1
5897 1
5897 1
5897 1
5897 1
5897 1
5897 1
5897 1
5897 1
5897 1
5897 1
5897 1
5897 1
5897 1
5897 1
5897 1
5936 1
5936 1
5936 1
5936 1
5936 1
5936 1
5936 1
5936 1
5936 1
5936 1
5936 1
5936 1
5936 1
5936 1
5936 1
5936 1
5936 1
5936 1
5936 1
5936 1
5936 1
6088 1
6088 1
6088 1
6088 1
6088 1
6088 1
6088 1
6088 1
6088 1
6088 1
6088 1
6088 1
6088 1
6088 1
6088 1
6088 1
6088 1
6088 1
6088 1
6088 1
6088 1
6125 1
6125 1
6125 1
6125 1
6125 1
6125 1
6125 1
6125 1
6125 1
6125 1
6125 1
6125 1
6125 1
6125 1
6125 1
6125 1
6125 1
6125 1
6125 1
6125 1
6125 1
6163 1
6163 1
6163 1
6163 1
6163 1
6163 1
6163 1
6163 1
6163 1
6163 1
6163 1
6163 1
6163 1
6163 1
6163 1
6163 1
6163 1
6163 1
6163 1
6163 1
6163 1
6202 1
6202 1
6202 1
6202 1
6202 1
6202 1
6202 1
6202 1
6202 1
6202 1
6202 1
6202 1
6202 1
6202 1
6202 1
6202 1
6202 1
6202 1
6202 1
6202 1
6202 1
11683 1
11683 1
11683 1
11683 1
11683 1
11683 1
11683 1
11683 1
11683 1
11683 1
11683 1
11683 1
11683 1
11683 1
11683 1
11683 1
11683 1
11683 1
11683 1
11683 1
11683 1
1549 1
1549 1
1549 1
1549 1
1549 1
1549 1
1549 1
1549 1
1549 1
1549 1
1549 1
1549 1
1549 1
1549 1
1549 1
1549 1
1549 1
1549 1
1549 1
1549 1
1549 1
5540 1
5540 1
5540 1
5540 1
5540 1
5540 1
5540 1
5540 1
5540 1
5540 1
5540 1
5540 1
5540 1
5540 1
5540 1
5540 1
5540 1
5540 1
5540 1
5540 1
5540 1
5580 1
5580 1
5580 1
5580 1
5580 1
5580 1
5580 1
5580 1
5580 1
5580 1
5580 1
5580 1
5580 1
5580 1
5580 1
5580 1
5580 1
5580 1
5580 1
5580 1
5580 1
5620 1
5620 1
5620 1
5620 1
5620 1
5620 1
5620 1
5620 1
5620 1
5620 1
5620 1
5620 1
5620 1
5620 1
5620 1
5620 1
5620 1
5620 1
5620 1
5620 1
5620 1
5740 1
5740 1
5740 1
5740 1
5740 1
5740 1
5740 1
5740 1
5740 1
5740 1
5740 1
5740 1
5740 1
5740 1
5740 1
5740 1
5740 1
5740 1
5740 1
5740 1
5740 1
5781 1
5781 1
5781 1
5781 1
5781 1
5781 1
5781 1
5781 1
5781 1
5781 1
5781 1
5781 1
5781 1
5781 1
5781 1
5781 1
5781 1
5781 1
5781 1
5781 1
5781 1
5859 1
5859 1
5859 1
5859 1
5859 1
5859 1
5859 1
5859 1
5859 1
5859 1
5859 1
5859 1
5859 1
5859 1
5859 1
5859 1
5859 1
5859 1
5859 1
5859 1
5859 1
5898 1
5898 1
5898 1
5898 1
5898 1
5898 1
5898 1
5898 1
5898 1
5898 1
5898 1
5898 1
5898 1
5898 1
5898 1
5898 1
5898 1
5898 1
5898 1
5898 1
5898 1
12017 1
12017 1
12017 1
12017 1
12017 1
12017 1
12017 1
12017 1
12017 1
12017 1
12017 1
12017 1
12017 1
12017 1
12017 1
12017 1
12017 1
12017 1
12017 1
12017 1
12017 1
917 1
917 1
917 1
917 1
917 1
917 1
917 1
917 1
917 1
917 1
917 1
917 1
917 1
917 1
917 1
917 1
917 1
917 1
917 1
917 1
917 1
1024 1
1024 1
1024 1
1024 1
1024 1
1024 1
1024 1
1024 1
1024 1
1024 1
1024 1
1024 1
1024 1
1024 1
1024 1
1024 1
1024 1
1024 1
1024 1
1024 1
1024 1
1082 1
1082 1
1082 1
1082 1
1082 1
1082 1
1082 1
1082 1
1082 1
1082 1
1082 1
1082 1
1082 1
1082 1
1082 1
1082 1
1082 1
1082 1
1082 1
1082 1
1082 1
1150 1
1150 1
1150 1
1150 1
1150 1
1150 1
1150 1
1150 1
1150 1
1150 1
1150 1
1150 1
1150 1
1150 1
1150 1
1150 1
1150 1
1150 1
1150 1
1150 1
1150 1
1219 1
1219 1
1219 1
1219 1
1219 1
1219 1
1219 1
1219 1
1219 1
1219 1
1219 1
1219 1
1219 1
1219 1
1219 1
1219 1
1219 1
1219 1
1219 1
1219 1
1219 1
1296 1
1296 1
1296 1
1296 1
1296 1
1296 1
1296 1
1296 1
1296 1
1296 1
1296 1
1296 1
1296 1
1296 1
1296 1
1296 1
1296 1
1296 1
1296 1
1296 1
1296 1
1714 1
1714 1
1714 1
1714 1
1714 1
1714 1
1714 1
1714 1
1714 1
1714 1
1714 1
1714 1
1714 1
1714 1
1714 1
1714 1
1714 1
1714 1
1714 1
1714 1
1714 1
5157 1
5157 1
5157 1
5157 1
5157 1
5157 1
5157 1
5157 1
5157 1
5157 1
5157 1
5157 1
5157 1
5157 1
5157 1
5157 1
5157 1
5157 1
5157 1
5157 1
5157 1
5463 1
5463 1
5463 1
5463 1
5463 1
5463 1
5463 1
5463 1
5463 1
5463 1
5463 1
5463 1
5463 1
5463 1
5463 1
5463 1
5463 1
5463 1
5463 1
5463 1
5463 1
5621 1
5621 1
5621 1
5621 1
5621 1
5621 1
5621 1
5621 1
5621 1
5621 1
5621 1
5621 1
5621 1
5621 1
5621 1
5621 1
5621 1
5621 1
5621 1
5621 1
5621 1
5661 1
5661 1
5661 1
5661 1
5661 1
5661 1
5661 1
5661 1
5661 1
5661 1
5661 1
5661 1
5661 1
5661 1
5661 1
5661 1
5661 1
5661 1
5661 1
5661 1
5661 1
5701 1
5701 1
5701 1
5701 1
5701 1
5701 1
5701 1
5701 1
5701 1
5701 1
5701 1
5701 1
5701 1
5701 1
5701 1
5701 1
5701 1
5701 1
5701 1
5701 1
5701 1
5741 1
5741 1
5741 1
5741 1
5741 1
5741 1
5741 1
5741 1
5741 1
5741 1
5741 1
5741 1
5741 1
5741 1
5741 1
5741 1
5741 1
5741 1
5741 1
5741 1
5741 1
5782 1
5782 1
5782 1
5782 1
5782 1
5782 1
5782 1
5782 1
5782 1
5782 1
5782 1
5782 1
5782 1
5782 1
5782 1
5782 1
5782 1
5782 1
5782 1
5782 1
5782 1
5938 1
5938 1
5938 1
5938 1
5938 1
5938 1
5938 1
5938 1
5938 1
5938 1
5938 1
5938 1
5938 1
5938 1
5938 1
5938 1
5938 1
5938 1
5938 1
5938 1
5938 1
5978 1
5978 1
5978 1
5978 1
5978 1
5978 1
5978 1
5978 1
5978 1
5978 1
5978 1
5978 1
5978 1
5978 1
5978 1
5978 1
5978 1
5978 1
5978 1
5978 1
5978 1
6017 1
6017 1
6017 1
6017 1
6017 1
6017 1
6017 1
6017 1
6017 1
6017 1
6017 1
6017 1
6017 1
6017 1
6017 1
6017 1
6017 1
6017 1
6017 1
6017 1
6017 1
11522 1
11522 1
11522 1
11522 1
11522 1
11522 1
11522 1
11522 1
11522 1
11522 1
11522 1
11522 1
11522 1
11522 1
11522 1
11522 1
11522 1
11522 1
11522 1
11522 1
11522 1
11685 1
11685 1
11685 1
11685 1
11685 1
11685 1
11685 1
11685 1
11685 1
11685 1
11685 1
11685 1
11685 1
11685 1
11685 1
11685 1
11685 1
11685 1
11685 1
11685 1
11685 1
11849 1
11849 1
11849 1
11849 1
11849 1
11849 1
11849 1
11849 1
11849 1
11849 1
11849 1
11849 1
11849 1
11849 1
11849 1
11849 1
11849 1
11849 1
11849 1
11849 1
11849 1
918 1
918 1
918 1
918 1
918 1
918 1
918 1
918 1
918 1
918 1
918 1
918 1
918 1
918 1
918 1
918 1
918 1
918 1
918 1
918 1
918 1
5238 1
5238 1
5238 1
5238 1
5238 1
5238 1
5238 1
5238 1
5238 1
5238 1
5238 1
5238 1
5238 1
5238 1
5238 1
5238 1
5238 1
5238 1
5238 1
5238 1
5238 1
5389 1
5389 1
5389 1
5389 1
5389 1
5389 1
5389 1
5389 1
5389 1
5389 1
5389 1
5389 1
5389 1
5389 1
5389 1
5389 1
5389 1
5389 1
5389 1
5389 1
5389 1
5503 1
5503 1
5503 1
5503 1
5503 1
5503 1
5503 1
5503 1
5503 1
5503 1
5503 1
5503 1
5503 1
5503 1
5503 1
5503 1
5503 1
5503 1
5503 1
5503 1
5503 1
5542 1
5542 1
5542 1
5542 1
5542 1
5542 1
5542 1
5542 1
5542 1
5542 1
5542 1
5542 1
5542 1
5542 1
5542 1
5542 1
5542 1
5542 1
5542 1
5542 1
5542 1
5622 1
5622 1
5622 1
5622 1
5622 1
5622 1
5622 1
5622 1
5622 1
5622 1
5622 1
5622 1
5622 1
5622 1
5622 1
5622 1
5622 1
5622 1
5622 1
5622 1
5622 1
5662 1
5662 1
5662 1
5662 1
5662 1
5662 1
5662 1
5662 1
5662 1
5662 1
5662 1
5662 1
5662 1
5662 1
5662 1
5662 1
5662 1
5662 1
5662 1
5662 1
5662 1
5702 1
5702 1
5702 1
5702 1
5702 1
5702 1
5702 1
5702 1
5702 1
5702 1
5702 1
5702 1
5702 1
5702 1
5702 1
5702 1
5702 1
5702 1
5702 1
5702 1
5702 1
6018 1
6018 1
6018 1
6018 1
6018 1
6018 1
6018 1
6018 1
6018 1
6018 1
6018 1
6018 1
6018 1
6018 1
6018 1
6018 1
6018 1
6018 1
6018 1
6018 1
6018 1
6507 1
6507 1
6507 1
6507 1
6507 1
6507 1
6507 1
6507 1
6507 1
6507 1
6507 1
6507 1
6507 1
6507 1
6507 1
6507 1
6507 1
6507 1
6507 1
6507 1
6507 1
6842 1
6842 1
6842 1
6842 1
6842 1
6842 1
6842 1
6842 1
6842 1
6842 1
6842 1
6842 1
6842 1
6842 1
6842 1
6842 1
6842 1
6842 1
6842 1
6842 1
6842 1
7041 1
7041 1
7041 1
7041 1
7041 1
7041 1
7041 1
7041 1
7041 1
7041 1
7041 1
7041 1
7041 1
7041 1
7041 1
7041 1
7041 1
7041 1
7041 1
7041 1
7041 1
11368 1
11368 1
11368 1
11368 1
11368 1
11368 1
11368 1
11368 1
11368 1
11368 1
11368 1
11368 1
11368 1
11368 1
11368 1
11368 1
11368 1
11368 1
11368 1
11368 1
11368 1
11523 1
11523 1
11523 1
11523 1
11523 1
11523 1
11523 1
11523 1
11523 1
11523 1
11523 1
11523 1
11523 1
11523 1
11523 1
11523 1
11523 1
11523 1
11523 1
11523 1
11523 1
11686 1
11686 1
11686 1
11686 1
11686 1
11686 1
11686 1
11686 1
11686 1
11686 1
11686 1
11686 1
11686 1
11686 1
11686 1
11686 1
11686 1
11686 1
11686 1
11686 1
11686 1
1221 1
1221 1
1221 1
1221 1
1221 1
1221 1
1221 1
1221 1
1221 1
1221 1
1221 1
1221 1
1221 1
1221 1
1221 1
1221 1
1221 1
1221 1
1221 1
1221 1
1221 1
4569 1
4569 1
4569 1
4569 1
4569 1
4569 1
4569 1
4569 1
4569 1
4569 1
4569 1
4569 1
4569 1
4569 1
4569 1
4569 1
4569 1
4569 1
4569 1
4569 1
4569 1
4598 1
4598 1
4598 1
4598 1
4598 1
4598 1
4598 1
4598 1
4598 1
4598 1
4598 1
4598 1
4598 1
4598 1
4598 1
4598 1
4598 1
4598 1
4598 1
4598 1
4598 1
5314 1
5314 1
5314 1
5314 1
5314 1
5314 1
5314 1
5314 1
5314 1
5314 1
5314 1
5314 1
5314 1
5314 1
5314 1
5314 1
5314 1
5314 1
5314 1
5314 1
5314 1
5352 1
5352 1
5352 1
5352 1
5352 1
5352 1
5352 1
5352 1
5352 1
5352 1
5352 1
5352 1
5352 1
5352 1
5352 1
5352 1
5352 1
5352 1
5352 1
5352 1
5352 1
5390 1
5390 1
5390 1
5390 1
5390 1
5390 1
5390 1
5390 1
5390 1
5390 1
5390 1
5390 1
5390 1
5390 1
5390 1
5390 1
5390 1
5390 1
5390 1
5390 1
5390 1
5427 1
5427 1
5427 1
5427 1
5427 1
5427 1
5427 1
5427 1
5427 1
5427 1
5427 1
5427 1
5427 1
5427 1
5427 1
5427 1
5427 1
5427 1
5427 1
5427 1
5427 1
5465 1
5465 1
5465 1
5465 1
5465 1
5465 1
5465 1
5465 1
5465 1
5465 1
5465 1
5465 1
5465 1
5465 1
5465 1
5465 1
5465 1
5465 1
5465 1
5465 1
5465 1
5504 1
5504 1
5504 1
5504 1
5504 1
5504 1
5504 1
5504 1
5504 1
5504 1
5504 1
5504 1
5504 1
5504 1
5504 1
5504 1
5504 1
5504 1
5504 1
5504 1
5504 1
5543 1
5543 1
5543 1
5543 1
5543 1
5543 1
5543 1
5543 1
5543 1
5543 1
5543 1
5543 1
5543 1
5543 1
5543 1
5543 1
5543 1
5543 1
5543 1
5543 1
5543 1
5583 1
5583 1
5583 1
5583 1
5583 1
5583 1
5583 1
5583 1
5583 1
5583 1
5583 1
5583 1
5583 1
5583 1
5583 1
5583 1
5583 1
5583 1
5583 1
5583 1
5583 1
5623 1
5623 1
5623 1
5623 1
5623 1
5623 1
5623 1
5623 1
5623 1
5623 1
5623 1
5623 1
5623 1
5623 1
5623 1
5623 1
5623 1
5623 1
5623 1
5623 1
5623 1
5663 1
5663 1
5663 1
5663 1
5663 1
5663 1
5663 1
5663 1
5663 1
5663 1
5663 1
5663 1
5663 1
5663 1
5663 1
5663 1
5663 1
5663 1
5663 1
5663 1
5663 1
5703 1
5703 1
5703 1
5703 1
5703 1
5703 1
5703 1
5703 1
5703 1
5703 1
5703 1
5703 1
5703 1
5703 1
5703 1
5703 1
5703 1
5703 1
5703 1
5703 1
5703 1
5743 1
5743 1
5743 1
5743 1
5743 1
5743 1
5743 1
5743 1
5743 1
5743 1
5743 1
5743 1
5743 1
5743 1
5743 1
5743 1
5743 1
5743 1
5743 1
5743 1
5743 1
5784 1
5784 1
5784 1
5784 1
5784 1
5784 1
5784 1
5784 1
5784 1
5784 1
5784 1
5784 1
5784 1
5784 1
5784 1
5784 1
5784 1
5784 1
5784 1
5784 1
5784 1
5824 1
5824 1
5824 1
5824 1
5824 1
5824 1
5824 1
5824 1
5824 1
5824 1
5824 1
5824 1
5824 1
5824 1
5824 1
5824 1
5824 1
5824 1
5824 1
5824 1
5824 1
6055 1
6055 1
6055 1
6055 1
6055 1
6055 1
6055 1
6055 1
6055 1
6055 1
6055 1
6055 1
6055 1
6055 1
6055 1
6055 1
6055 1
6055 1
6055 1
6055 1
6055 1
11216 1
11216 1
11216 1
11216 1
11216 1
11216 1
11216 1
11216 1
11216 1
11216 1
11216 1
11216 1
11216 1
11216 1
11216 1
11216 1
11216 1
11216 1
11216 1
11216 1
11216 1
11369 1
11369 1
11369 1
11369 1
11369 1
11369 1
11369 1
11369 1
11369 1
11369 1
11369 1
11369 1
11369 1
11369 1
11369 1
11369 1
11369 1
11369 1
11369 1
11369 1
11369 1
11524 1
11524 1
11524 1
11524 1
11524 1
11524 1
11524 1
11524 1
11524 1
11524 1
11524 1
11524 1
11524 1
11524 1
11524 1
11524 1
11524 1
11524 1
11524 1
11524 1
11524 1
11687 1
11687 1
11687 1
11687 1
11687 1
11687 1
11687 1
11687 1
11687 1
11687 1
11687 1
11687 1
11687 1
11687 1
11687 1
11687 1
11687 1
11687 1
11687 1
11687 1
11687 1
11851 1
11851 1
11851 1
11851 1
11851 1
11851 1
11851 1
11851 1
11851 1
11851 1
11851 1
11851 1
11851 1
11851 1
11851 1
11851 1
11851 1
11851 1
11851 1
11851 1
11851 1
4024 1
4024 1
4024 1
4024 1
4024 1
4024 1
4024 1
4024 1
4024 1
4024 1
4024 1
4024 1
4024 1
4024 1
4024 1
4024 1
4024 1
4024 1
4024 1
4024 1
4024 1
4464 1
4464 1
4464 1
4464 1
4464 1
4464 1
4464 1
4464 1
4464 1
4464 1
4464 1
4464 1
4464 1
4464 1
4464 1
4464 1
4464 1
4464 1
4464 1
4464 1
4464 1
4488 1
4488 1
4488 1
4488 1
4488 1
4488 1
4488 1
4488 1
4488 1
4488 1
4488 1
4488 1
4488 1
4488 1
4488 1
4488 1
4488 1
4488 1
4488 1
4488 1
4488 1
4514 1
4514 1
4514 1
4514 1
4514 1
4514 1
4514 1
4514 1
4514 1
4514 1
4514 1
4514 1
4514 1
4514 1
4514 1
4514 1
4514 1
4514 1
4514 1
4514 1
4514 1
4541 1
4541 1
4541 1
4541 1
4541 1
4541 1
4541 1
4541 1
4541 1
4541 1
4541 1
4541 1
4541 1
4541 1
4541 1
4541 1
4541 1
4541 1
4541 1
4541 1
4541 1
4570 1
4570 1
4570 1
4570 1
4570 1
4570 1
4570 1
4570 1
4570 1
4570 1
4570 1
4570 1
4570 1
4570 1
4570 1
4570 1
4570 1
4570 1
4570 1
4570 1
4570 1
4631 1
4631 1
4631 1
4631 1
4631 1
4631 1
4631 1
4631 1
4631 1
4631 1
4631 1
4631 1
4631 1
4631 1
4631 1
4631 1
4631 1
4631 1
4631 1
4631 1
4631 1
5584 1
5584 1
5584 1
5584 1
5584 1
5584 1
5584 1
5584 1
5584 1
5584 1
5584 1
5584 1
5584 1
5584 1
5584 1
5584 1
5584 1
5584 1
5584 1
5584 1
5584 1
5624 1
5624 1
5624 1
5624 1
5624 1
5624 1
5624 1
5624 1
5624 1
5624 1
5624 1
5624 1
5624 1
5624 1
5624 1
5624 1
5624 1
5624 1
5624 1
5624 1
5624 1
5664 1
5664 1
5664 1
5664 1
5664 1
5664 1
5664 1
5664 1
5664 1
5664 1
5664 1
5664 1
5664 1
5664 1
5664 1
5664 1
5664 1
5664 1
5664 1
5664 1
5664 1
5704 1
5704 1
5704 1
5704 1
5704 1
5704 1
5704 1
5704 1
5704 1
5704 1
5704 1
5704 1
5704 1
5704 1
5704 1
5704 1
5704 1
5704 1
5704 1
5704 1
5704 1
5744 1
5744 1
5744 1
5744 1
5744 1
5744 1
5744 1
5744 1
5744 1
5744 1
5744 1
5744 1
5744 1
5744 1
5744 1
5744 1
5744 1
5744 1
5744 1
5744 1
5744 1
5785 1
5785 1
5785 1
5785 1
5785 1
5785 1
5785 1
5785 1
5785 1
5785 1
5785 1
5785 1
5785 1
5785 1
5785 1
5785 1
5785 1
5785 1
5785 1
5785 1
5785 1
5825 1
5825 1
5825 1
5825 1
5825 1
5825 1
5825 1
5825 1
5825 1
5825 1
5825 1
5825 1
5825 1
5825 1
5825 1
5825 1
5825 1
5825 1
5825 1
5825 1
5825 1
5863 1
5863 1
5863 1
5863 1
5863 1
5863 1
5863 1
5863 1
5863 1
5863 1
5863 1
5863 1
5863 1
5863 1
5863 1
5863 1
5863 1
5863 1
5863 1
5863 1
5863 1
5941 1
5941 1
5941 1
5941 1
5941 1
5941 1
5941 1
5941 1
5941 1
5941 1
5941 1
5941 1
5941 1
5941 1
5941 1
5941 1
5941 1
5941 1
5941 1
5941 1
5941 1
5981 1
5981 1
5981 1
5981 1
5981 1
5981 1
5981 1
5981 1
5981 1
5981 1
5981 1
5981 1
5981 1
5981 1
5981 1
5981 1
5981 1
5981 1
5981 1
5981 1
5981 1
6020 1
6020 1
6020 1
6020 1
6020 1
6020 1
6020 1
6020 1
6020 1
6020 1
6020 1
6020 1
6020 1
6020 1
6020 1
6020 1
6020 1
6020 1
6020 1
6020 1
6020 1
11072 1
11072 1
11072 1
11072 1
11072 1
11072 1
11072 1
11072 1
11072 1
11072 1
11072 1
11072 1
11072 1
11072 1
11072 1
11072 1
11072 1
11072 1
11072 1
11072 1
11072 1
11217 1
11217 1
11217 1
11217 1
11217 1
11217 1
11217 1
11217 1
11217 1
11217 1
11217 1
11217 1
11217 1
11217 1
11217 1
11217 1
11217 1
11217 1
11217 1
11217 1
11217 1
11370 1
11370 1
11370 1
11370 1
11370 1
11370 1
11370 1
11370 1
11370 1
11370 1
11370 1
11370 1
11370 1
11370 1
11370 1
11370 1
11370 1
11370 1
11370 1
11370 1
11370 1
4465 1
4465 1
4465 1
4465 1
4465 1
4465 1
4465 1
4465 1
4465 1
4465 1
4465 1
4465 1
4465 1
4465 1
4465 1
4465 1
4465 1
4465 1
4465 1
4465 1
4465 1
4542 1
4542 1
4542 1
4542 1
4542 1
4542 1
4542 1
4542 1
4542 1
4542 1
4542 1
4542 1
4542 1
4542 1
4542 1
4542 1
4542 1
4542 1
4542 1
4542 1
4542 1
4571 1
4571 1
4571 1
4571 1
4571 1
4571 1
4571 1
4571 1
4571 1
4571 1
4571 1
4571 1
4571 1
4571 1
4571 1
4571 1
4571 1
4571 1
4571 1
4571 1
4571 1
4600 1
4600 1
4600 1
4600 1
4600 1
4600 1
4600 1
4600 1
4600 1
4600 1
4600 1
4600 1
4600 1
4600 1
4600 1
4600 1
4600 1
4600 1
4600 1
4600 1
4600 1
4632 1
4632 1
4632 1
4632 1
4632 1
4632 1
4632 1
4632 1
4632 1
4632 1
4632 1
4632 1
4632 1
4632 1
4632 1
4632 1
4632 1
4632 1
4632 1
4632 1
4632 1
4662 1
4662 1
4662 1
4662 1
4662 1
4662 1
4662 1
4662 1
4662 1
4662 1
4662 1
4662 1
4662 1
4662 1
4662 1
4662 1
4662 1
4662 1
4662 1
4662 1
4662 1
5545 1
5545 1
5545 1
5545 1
5545 1
5545 1
5545 1
5545 1
5545 1
5545 1
5545 1
5545 1
5545 1
5545 1
5545 1
5545 1
5545 1
5545 1
5545 1
5545 1
5545 1
5665 1
5665 1
5665 1
5665 1
5665 1
5665 1
5665 1
5665 1
5665 1
5665 1
5665 1
5665 1
5665 1
5665 1
5665 1
5665 1
5665 1
5665 1
5665 1
5665 1
5665 1
5705 1
5705 1
5705 1
5705 1
5705 1
5705 1
5705 1
5705 1
5705 1
5705 1
5705 1
5705 1
5705 1
5705 1
5705 1
5705 1
5705 1
5705 1
5705 1
5705 1
5705 1
5745 1
5745 1
5745 1
5745 1
5745 1
5745 1
5745 1
5745 1
5745 1
5745 1
5745 1
5745 1
5745 1
5745 1
5745 1
5745 1
5745 1
5745 1
5745 1
5745 1
5745 1
5786 1
5786 1
5786 1
5786 1
5786 1
5786 1
5786 1
5786 1
5786 1
5786 1
5786 1
5786 1
5786 1
5786 1
5786 1
5786 1
5786 1
5786 1
5786 1
5786 1
5786 1
5826 1
5826 1
5826 1
5826 1
5826 1
5826 1
5826 1
5826 1
5826 1
5826 1
5826 1
5826 1
5826 1
5826 1
5826 1
5826 1
5826 1
5826 1
5826 1
5826 1
5826 1
5864 1
5864 1
5864 1
5864 1
5864 1
5864 1
5864 1
5864 1
5864 1
5864 1
5864 1
5864 1
5864 1
5864 1
5864 1
5864 1
5864 1
5864 1
5864 1
5864 1
5864 1
5903 1
5903 1
5903 1
5903 1
5903 1
5903 1
5903 1
5903 1
5903 1
5903 1
5903 1
5903 1
5903 1
5903 1
5903 1
5903 1
5903 1
5903 1
5903 1
5903 1
5903 1
5942 1
5942 1
5942 1
5942 1
5942 1
5942 1
5942 1
5942 1
5942 1
5942 1
5942 1
5942 1
5942 1
5942 1
5942 1
5942 1
5942 1
5942 1
5942 1
5942 1
5942 1
5982 1
5982 1
5982 1
5982 1
5982 1
5982 1
5982 1
5982 1
5982 1
5982 1
5982 1
5982 1
5982 1
5982 1
5982 1
5982 1
5982 1
5982 1
5982 1
5982 1
5982 1
6021 1
6021 1
6021 1
6021 1
6021 1
6021 1
6021 1
6021 1
6021 1
6021 1
6021 1
6021 1
6021 1
6021 1
6021 1
6021 1
6021 1
6021 1
6021 1
6021 1
6021 1
7115 1
7115 1
7115 1
7115 1
7115 1
7115 1
7115 1
7115 1
7115 1
7115 1
7115 1
7115 1
7115 1
7115 1
7115 1
7115 1
7115 1
7115 1
7115 1
7115 1
7115 1
7188 1
7188 1
7188 1
7188 1
7188 1
7188 1
7188 1
7188 1
7188 1
7188 1
7188 1
7188 1
7188 1
7188 1
7188 1
7188 1
7188 1
7188 1
7188 1
7188 1
7188 1
7263 1
7263 1
7263 1
7263 1
7263 1
7263 1
7263 1
7263 1
7263 1
7263 1
7263 1
7263 1
7263 1
7263 1
7263 1
7263 1
7263 1
7263 1
7263 1
7263 1
7263 1
11073 1
11073 1
11073 1
11073 1
11073 1
11073 1
11073 1
11073 1
11073 1
11073 1
11073 1
11073 1
11073 1
11073 1
11073 1
11073 1
11073 1
11073 1
11073 1
11073 1
11073 1
11218 1
11218 1
11218 1
11218 1
11218 1
11218 1
11218 1
11218 1
11218 1
11218 1
11218 1
11218 1
11218 1
11218 1
11218 1
11218 1
11218 1
11218 1
11218 1
11218 1
11218 1
11371 1
11371 1
11371 1
11371 1
11371 1
11371 1
11371 1
11371 1
11371 1
11371 1
11371 1
11371 1
11371 1
11371 1
11371 1
11371 1
11371 1
11371 1
11371 1
11371 1
11371 1
11526 1
11526 1
11526 1
11526 1
11526 1
11526 1
11526 1
11526 1
11526 1
11526 1
11526 1
11526 1
11526 1
11526 1
11526 1
11526 1
11526 1
11526 1
11526 1
11526 1
11526 1
11689 1
11689 1
11689 1
11689 1
11689 1
11689 1
11689 1
11689 1
11689 1
11689 1
11689 1
11689 1
11689 1
11689 1
11689 1
11689 1
11689 1
11689 1
11689 1
11689 1
11689 1
4215 1
4215 1
4215 1
4215 1
4215 1
4215 1
4215 1
4215 1
4215 1
4215 1
4215 1
4215 1
4215 1
4215 1
4215 1
4215 1
4215 1
4215 1
4215 1
4215 1
4215 1
4236 1
4236 1
4236 1
4236 1
4236 1
4236 1
4236 1
4236 1
4236 1
4236 1
4236 1
4236 1
4236 1
4236 1
4236 1
4236 1
4236 1
4236 1
4236 1
4236 1
4236 1
4572 1
4572 1
4572 1
4572 1
4572 1
4572 1
4572 1
4572 1
4572 1
4572 1
4572 1
4572 1
4572 1
4572 1
4572 1
4572 1
4572 1
4572 1
4572 1
4572 1
4572 1
4601 1
4601 1
4601 1
4601 1
4601 1
4601 1
4601 1
4601 1
4601 1
4601 1
4601 1
4601 1
4601 1
4601 1
4601 1
4601 1
4601 1
4601 1
4601 1
4601 1
4601 1
4633 1
4633 1
4633 1
4633 1
4633 1
4633 1
4633 1
4633 1
4633 1
4633 1
4633 1
4633 1
4633 1
4633 1
4633 1
4633 1
4633 1
4633 1
4633 1
4633 1
4633 1
4663 1
4663 1
4663 1
4663 1
4663 1
4663 1
4663 1
4663 1
4663 1
4663 1
4663 1
4663 1
4663 1
4663 1
4663 1
4663 1
4663 1
4663 1
4663 1
4663 1
4663 1
4693 1
4693 1
4693 1
4693 1
4693 1
4693 1
4693 1
4693 1
4693 1
4693 1
4693 1
4693 1
4693 1
4693 1
4693 1
4693 1
4693 1
4693 1
4693 1
4693 1
4693 1
5746 1
5746 1
5746 1
5746 1
5746 1
5746 1
5746 1
5746 1
5746 1
5746 1
5746 1
5746 1
5746 1
5746 1
5746 1
5746 1
5746 1
5746 1
5746 1
5746 1
5746 1
5787 1
5787 1
5787 1
5787 1
5787 1
5787 1
5787 1
5787 1
5787 1
5787 1
5787 1
5787 1
5787 1
5787 1
5787 1
5787 1
5787 1
5787 1
5787 1
5787 1
5787 1
5827 1
5827 1
5827 1
5827 1
5827 1
5827 1
5827 1
5827 1
5827 1
5827 1
5827 1
5827 1
5827 1
5827 1
5827 1
5827 1
5827 1
5827 1
5827 1
5827 1
5827 1
5865 1
5865 1
5865 1
5865 1
5865 1
5865 1
5865 1
5865 1
5865 1
5865 1
5865 1
5865 1
5865 1
5865 1
5865 1
5865 1
5865 1
5865 1
5865 1
5865 1
5865 1
5904 1
5904 1
5904 1
5904 1
5904 1
5904 1
5904 1
5904 1
5904 1
5904 1
5904 1
5904 1
5904 1
5904 1
5904 1
5904 1
5904 1
5904 1
5904 1
5904 1
5904 1
5943 1
5943 1
5943 1
5943 1
5943 1
5943 1
5943 1
5943 1
5943 1
5943 1
5943 1
5943 1
5943 1
5943 1
5943 1
5943 1
5943 1
5943 1
5943 1
5943 1
5943 1
5983 1
5983 1
5983 1
5983 1
5983 1
5983 1
5983 1
5983 1
5983 1
5983 1
5983 1
5983 1
5983 1
5983 1
5983 1
5983 1
5983 1
5983 1
5983 1
5983 1
5983 1
6022 1
6022 1
6022 1
6022 1
6022 1
6022 1
6022 1
6022 1
6022 1
6022 1
6022 1
6022 1
6022 1
6022 1
6022 1
6022 1
6022 1
6022 1
6022 1
6022 1
6022 1
6058 1
6058 1
6058 1
6058 1
6058 1
6058 1
6058 1
6058 1
6058 1
6058 1
6058 1
6058 1
6058 1
6058 1
6058 1
6058 1
6058 1
6058 1
6058 1
6058 1
6058 1
11074 1
11074 1
11074 1
11074 1
11074 1
11074 1
11074 1
11074 1
11074 1
11074 1
11074 1
11074 1
11074 1
11074 1
11074 1
11074 1
11074 1
11074 1
11074 1
11074 1
11074 1
11219 1
11219 1
11219 1
11219 1
11219 1
11219 1
11219 1
11219 1
11219 1
11219 1
11219 1
11219 1
11219 1
11219 1
11219 1
11219 1
11219 1
11219 1
11219 1
11219 1
11219 1
11854 1
11854 1
11854 1
11854 1
11854 1
11854 1
11854 1
11854 1
11854 1
11854 1
11854 1
11854 1
11854 1
11854 1
11854 1
11854 1
11854 1
11854 1
11854 1
11854 1
11854 1
4602 1
4602 1
4602 1
4602 1
4602 1
4602 1
4602 1
4602 1
4602 1
4602 1
4602 1
4602 1
4602 1
4602 1
4602 1
4602 1
4602 1
4602 1
4602 1
4602 1
4602 1
4664 1
4664 1
4664 1
4664 1
4664 1
4664 1
4664 1
4664 1
4664 1
4664 1
4664 1
4664 1
4664 1
4664 1
4664 1
4664 1
4664 1
4664 1
4664 1
4664 1
4664 1
4786 1
4786 1
4786 1
4786 1
4786 1
4786 1
4786 1
4786 1
4786 1
4786 1
4786 1
4786 1
4786 1
4786 1
4786 1
4786 1
4786 1
4786 1
4786 1
4786 1
4786 1
5788 1
5788 1
5788 1
5788 1
5788 1
5788 1
5788 1
5788 1
5788 1
5788 1
5788 1
5788 1
5788 1
5788 1
5788 1
5788 1
5788 1
5788 1
5788 1
5788 1
5788 1
5828 1
5828 1
5828 1
5828 1
5828 1
5828 1
5828 1
5828 1
5828 1
5828 1
5828 1
5828 1
5828 1
5828 1
5828 1
5828 1
5828 1
5828 1
5828 1
5828 1
5828 1
5866 1
5866 1
5866 1
5866 1
5866 1
5866 1
5866 1
5866 1
5866 1
5866 1
5866 1
5866 1
5866 1
5866 1
5866 1
5866 1
5866 1
5866 1
5866 1
5866 1
5866 1
5905 1
5905 1
5905 1
5905 1
5905 1
5905 1
5905 1
5905 1
5905 1
5905 1
5905 1
5905 1
5905 1
5905 1
5905 1
5905 1
5905 1
5905 1
5905 1
5905 1
5905 1
5944 1
5944 1
5944 1
5944 1
5944 1
5944 1
5944 1
5944 1
5944 1
5944 1
5944 1
5944 1
5944 1
5944 1
5944 1
5944 1
5944 1
5944 1
5944 1
5944 1
5944 1
5984 1
5984 1
5984 1
5984 1
5984 1
5984 1
5984 1
5984 1
5984 1
5984 1
5984 1
5984 1
5984 1
5984 1
5984 1
5984 1
5984 1
5984 1
5984 1
5984 1
5984 1
6023 1
6023 1
6023 1
6023 1
6023 1
6023 1
6023 1
6023 1
6023 1
6023 1
6023 1
6023 1
6023 1
6023 1
6023 1
6023 1
6023 1
6023 1
6023 1
6023 1
6023 1
6059 1
6059 1
6059 1
6059 1
6059 1
6059 1
6059 1
6059 1
6059 1
6059 1
6059 1
6059 1
6059 1
6059 1
6059 1
6059 1
6059 1
6059 1
6059 1
6059 1
6059 1
6133 1
6133 1
6133 1
6133 1
6133 1
6133 1
6133 1
6133 1
6133 1
6133 1
6133 1
6133 1
6133 1
6133 1
6133 1
6133 1
6133 1
6133 1
6133 1
6133 1
6133 1
9528 1
9528 1
9528 1
9528 1
9528 1
9528 1
9528 1
9528 1
9528 1
9528 1
9528 1
9528 1
9528 1
9528 1
9528 1
9528 1
9528 1
9528 1
9528 1
9528 1
9528 1
10935 1
10935 1
10935 1
10935 1
10935 1
10935 1
10935 1
10935 1
10935 1
10935 1
10935 1
10935 1
10935 1
10935 1
10935 1
10935 1
10935 1
10935 1
10935 1
10935 1
10935 1
11075 1
11075 1
11075 1
11075 1
11075 1
11075 1
11075 1
11075 1
11075 1
11075 1
11075 1
11075 1
11075 1
11075 1
11075 1
11075 1
11075 1
11075 1
11075 1
11075 1
11075 1
11220 1
11220 1
11220 1
11220 1
11220 1
11220 1
11220 1
11220 1
11220 1
11220 1
11220 1
11220 1
11220 1
11220 1
11220 1
11220 1
11220 1
11220 1
11220 1
11220 1
11220 1
11373 1
11373 1
11373 1
11373 1
11373 1
11373 1
11373 1
11373 1
11373 1
11373 1
11373 1
11373 1
11373 1
11373 1
11373 1
11373 1
11373 1
11373 1
11373 1
11373 1
11373 1
4518 1
4518 1
4518 1
4518 1
4518 1
4518 1
4518 1
4518 1
4518 1
4518 1
4518 1
4518 1
4518 1
4518 1
4518 1
4518 1
4518 1
4518 1
4518 1
4518 1
4518 1
4603 1
4603 1
4603 1
4603 1
4603 1
4603 1
4603 1
4603 1
4603 1
4603 1
4603 1
4603 1
4603 1
4603 1
4603 1
4603 1
4603 1
4603 1
4603 1
4603 1
4603 1
4725 1
4725 1
4725 1
4725 1
4725 1
4725 1
4725 1
4725 1
4725 1
4725 1
4725 1
4725 1
4725 1
4725 1
4725 1
4725 1
4725 1
4725 1
4725 1
4725 1
4725 1
5867 1
5867 1
5867 1
5867 1
5867 1
5867 1
5867 1
5867 1
5867 1
5867 1
5867 1
5867 1
5867 1
5867 1
5867 1
5867 1
5867 1
5867 1
5867 1
5867 1
5867 1
5906 1
5906 1
5906 1
5906 1
5906 1
5906 1
5906 1
5906 1
5906 1
5906 1
5906 1
5906 1
5906 1
5906 1
5906 1
5906 1
5906 1
5906 1
5906 1
5906 1
5906 1
5945 1
5945 1
5945 1
5945 1
5945 1
5945 1
5945 1
5945 1
5945 1
5945 1
5945 1
5945 1
5945 1
5945 1
5945 1
5945 1
5945 1
5945 1
5945 1
5945 1
5945 1
5985 1
5985 1
5985 1
5985 1
5985 1
5985 1
5985 1
5985 1
5985 1
5985 1
5985 1
5985 1
5985 1
5985 1
5985 1
5985 1
5985 1
5985 1
5985 1
5985 1
5985 1
6024 1
6024 1
6024 1
6024 1
6024 1
6024 1
6024 1
6024 1
6024 1
6024 1
6024 1
6024 1
6024 1
6024 1
6024 1
6024 1
6024 1
6024 1
6024 1
6024 1
6024 1
6060 1
6060 1
6060 1
6060 1
6060 1
6060 1
6060 1
6060 1
6060 1
6060 1
6060 1
6060 1
6060 1
6060 1
6060 1
6060 1
6060 1
6060 1
6060 1
6060 1
6060 1
6097 1
6097 1
6097 1
6097 1
6097 1
6097 1
6097 1
6097 1
6097 1
6097 1
6097 1
6097 1
6097 1
6097 1
6097 1
6097 1
6097 1
6097 1
6097 1
6097 1
6097 1
6134 1
6134 1
6134 1
6134 1
6134 1
6134 1
6134 1
6134 1
6134 1
6134 1
6134 1
6134 1
6134 1
6134 1
6134 1
6134 1
6134 1
6134 1
6134 1
6134 1
6134 1
10936 1
10936 1
10936 1
10936 1
10936 1
10936 1
10936 1
10936 1
10936 1
10936 1
10936 1
10936 1
10936 1
10936 1
10936 1
10936 1
10936 1
10936 1
10936 1
10936 1
10936 1
11076 1
11076 1
11076 1
11076 1
11076 1
11076 1
11076 1
11076 1
11076 1
11076 1
11076 1
11076 1
11076 1
11076 1
11076 1
11076 1
11076 1
11076 1
11076 1
11076 1
11076 1
11221 1
11221 1
11221 1
11221 1
11221 1
11221 1
11221 1
11221 1
11221 1
11221 1
11221 1
11221 1
11221 1
11221 1
11221 1
11221 1
11221 1
11221 1
11221 1
11221 1
11221 1
11374 1
11374 1
11374 1
11374 1
11374 1
11374 1
11374 1
11374 1
11374 1
11374 1
11374 1
11374 1
11374 1
11374 1
11374 1
11374 1
11374 1
11374 1
11374 1
11374 1
11374 1
12197 1
12197 1
12197 1
12197 1
12197 1
12197 1
12197 1
12197 1
12197 1
12197 1
12197 1
12197 1
12197 1
12197 1
12197 1
12197 1
12197 1
12197 1
12197 1
12197 1
12197 1
2180 1
2180 1
2180 1
2180 1
2180 1
2180 1
2180 1
2180 1
2180 1
2180 1
2180 1
2180 1
2180 1
2180 1
2180 1
2180 1
2180 1
2180 1
2180 1
2180 1
2180 1
4726 1
4726 1
4726 1
4726 1
4726 1
4726 1
4726 1
4726 1
4726 1
4726 1
4726 1
4726 1
4726 1
4726 1
4726 1
4726 1
4726 1
4726 1
4726 1
4726 1
4726 1
4825 1
4825 1
4825 1
4825 1
4825 1
4825 1
4825 1
4825 1
4825 1
4825 1
4825 1
4825 1
4825 1
4825 1
4825 1
4825 1
4825 1
4825 1
4825 1
4825 1
4825 1
5868 1
5868 1
5868 1
5868 1
5868 1
5868 1
5868 1
5868 1
5868 1
5868 1
5868 1
5868 1
5868 1
5868 1
5868 1
5868 1
5868 1
5868 1
5868 1
5868 1
5868 1
5907 1
5907 1
5907 1
5907 1
5907 1
5907 1
5907 1
5907 1
5907 1
5907 1
5907 1
5907 1
5907 1
5907 1
5907 1
5907 1
5907 1
5907 1
5907 1
5907 1
5907 1
5946 1
5946 1
5946 1
5946 1
5946 1
5946 1
5946 1
5946 1
5946 1
5946 1
5946 1
5946 1
5946 1
5946 1
5946 1
5946 1
5946 1
5946 1
5946 1
5946 1
5946 1
5986 1
5986 1
5986 1
5986 1
5986 1
5986 1
5986 1
5986 1
5986 1
5986 1
5986 1
5986 1
5986 1
5986 1
5986 1
5986 1
5986 1
5986 1
5986 1
5986 1
5986 1
6025 1
6025 1
6025 1
6025 1
6025 1
6025 1
6025 1
6025 1
6025 1
6025 1
6025 1
6025 1
6025 1
6025 1
6025 1
6025 1
6025 1
6025 1
6025 1
6025 1
6025 1
6061 1
6061 1
6061 1
6061 1
6061 1
6061 1
6061 1
6061 1
6061 1
6061 1
6061 1
6061 1
6061 1
6061 1
6061 1
6061 1
6061 1
6061 1
6061 1
6061 1
6061 1
6135 1
6135 1
6135 1
6135 1
6135 1
6135 1
6135 1
6135 1
6135 1
6135 1
6135 1
6135 1
6135 1
6135 1
6135 1
6135 1
6135 1
6135 1
6135 1
6135 1
6135 1
10792 1
10792 1
10792 1
10792 1
10792 1
10792 1
10792 1
10792 1
10792 1
10792 1
10792 1
10792 1
10792 1
10792 1
10792 1
10792 1
10792 1
10792 1
10792 1
10792 1
10792 1
10937 1
10937 1
10937 1
10937 1
10937 1
10937 1
10937 1
10937 1
10937 1
10937 1
10937 1
10937 1
10937 1
10937 1
10937 1
10937 1
10937 1
10937 1
10937 1
10937 1
10937 1
11077 1
11077 1
11077 1
11077 1
11077 1
11077 1
11077 1
11077 1
11077 1
11077 1
11077 1
11077 1
11077 1
11077 1
11077 1
11077 1
11077 1
11077 1
11077 1
11077 1
11077 1
11222 1
11222 1
11222 1
11222 1
11222 1
11222 1
11222 1
11222 1
11222 1
11222 1
11222 1
11222 1
11222 1
11222 1
11222 1
11222 1
11222 1
11222 1
11222 1
11222 1
11222 1
11375 1
11375 1
11375 1
11375 1
11375 1
11375 1
11375 1
11375 1
11375 1
11375 1
11375 1
11375 1
11375 1
11375 1
11375 1
11375 1
11375 1
11375 1
11375 1
11375 1
11375 1
11530 1
11530 1
11530 1
11530 1
11530 1
11530 1
11530 1
11530 1
11530 1
11530 1
11530 1
11530 1
11530 1
11530 1
11530 1
11530 1
11530 1
11530 1
11530 1
11530 1
11530 1
11693 1
11693 1
11693 1
11693 1
11693 1
11693 1
11693 1
11693 1
11693 1
11693 1
11693 1
11693 1
11693 1
11693 1
11693 1
11693 1
11693 1
11693 1
11693 1
11693 1
11693 1
4727 1
4727 1
4727 1
4727 1
4727 1
4727 1
4727 1
4727 1
4727 1
4727 1
4727 1
4727 1
4727 1
4727 1
4727 1
4727 1
4727 1
4727 1
4727 1
4727 1
4727 1
4789 1
4789 1
4789 1
4789 1
4789 1
4789 1
4789 1
4789 1
4789 1
4789 1
4789 1
4789 1
4789 1
4789 1
4789 1
4789 1
4789 1
4789 1
4789 1
4789 1
4789 1
4826 1
4826 1
4826 1
4826 1
4826 1
4826 1
4826 1
4826 1
4826 1
4826 1
4826 1
4826 1
4826 1
4826 1
4826 1
4826 1
4826 1
4826 1
4826 1
4826 1
4826 1
4863 1
4863 1
4863 1
4863 1
4863 1
4863 1
4863 1
4863 1
4863 1
4863 1
4863 1
4863 1
4863 1
4863 1
4863 1
4863 1
4863 1
4863 1
4863 1
4863 1
4863 1
5947 1
5947 1
5947 1
5947 1
5947 1
5947 1
5947 1
5947 1
5947 1
5947 1
5947 1
5947 1
5947 1
5947 1
5947 1
5947 1
5947 1
5947 1
5947 1
5947 1
5947 1
5987 1
5987 1
5987 1
5987 1
5987 1
5987 1
5987 1
5987 1
5987 1
5987 1
5987 1
5987 1
5987 1
5987 1
5987 1
5987 1
5987 1
5987 1
5987 1
5987 1
5987 1
6026 1
6026 1
6026 1
6026 1
6026 1
6026 1
6026 1
6026 1
6026 1
6026 1
6026 1
6026 1
6026 1
6026 1
6026 1
6026 1
6026 1
6026 1
6026 1
6026 1
6026 1
6062 1
6062 1
6062 1
6062 1
6062 1
6062 1
6062 1
6062 1
6062 1
6062 1
6062 1
6062 1
6062 1
6062 1
6062 1
6062 1
6062 1
6062 1
6062 1
6062 1
6062 1
6099 1
6099 1
6099 1
6099 1
6099 1
6099 1
6099 1
6099 1
6099 1
6099 1
6099 1
6099 1
6099 1
6099 1
6099 1
6099 1
6099 1
6099 1
6099 1
6099 1
6099 1
6136 1
6136 1
6136 1
6136 1
6136 1
6136 1
6136 1
6136 1
6136 1
6136 1
6136 1
6136 1
6136 1
6136 1
6136 1
6136 1
6136 1
6136 1
6136 1
6136 1
6136 1
6174 1
6174 1
6174 1
6174 1
6174 1
6174 1
6174 1
6174 1
6174 1
6174 1
6174 1
6174 1
6174 1
6174 1
6174 1
6174 1
6174 1
6174 1
6174 1
6174 1
6174 1
10653 1
10653 1
10653 1
10653 1
10653 1
10653 1
10653 1
10653 1
10653 1
10653 1
10653 1
10653 1
10653 1
10653 1
10653 1
10653 1
10653 1
10653 1
10653 1
10653 1
10653 1
11078 1
11078 1
11078 1
11078 1
11078 1
11078 1
11078 1
11078 1
11078 1
11078 1
11078 1
11078 1
11078 1
11078 1
11078 1
11078 1
11078 1
11078 1
11078 1
11078 1
11078 1
11223 1
11223 1
11223 1
11223 1
11223 1
11223 1
11223 1
11223 1
11223 1
11223 1
11223 1
11223 1
11223 1
11223 1
11223 1
11223 1
11223 1
11223 1
11223 1
11223 1
11223 1
11376 1
11376 1
11376 1
11376 1
11376 1
11376 1
11376 1
11376 1
11376 1
11376 1
11376 1
11376 1
11376 1
11376 1
11376 1
11376 1
11376 1
11376 1
11376 1
11376 1
11376 1
11531 1
11531 1
11531 1
11531 1
11531 1
11531 1
11531 1
11531 1
11531 1
11531 1
11531 1
11531 1
11531 1
11531 1
11531 1
11531 1
11531 1
11531 1
11531 1
11531 1
11531 1
11694 1
11694 1
11694 1
11694 1
11694 1
11694 1
11694 1
11694 1
11694 1
11694 1
11694 1
11694 1
11694 1
11694 1
11694 1
11694 1
11694 1
11694 1
11694 1
11694 1
11694 1
4759 1
4759 1
4759 1
4759 1
4759 1
4759 1
4759 1
4759 1
4759 1
4759 1
4759 1
4759 1
4759 1
4759 1
4759 1
4759 1
4759 1
4759 1
4759 1
4759 1
4759 1
5042 1
5042 1
5042 1
5042 1
5042 1
5042 1
5042 1
5042 1
5042 1
5042 1
5042 1
5042 1
5042 1
5042 1
5042 1
5042 1
5042 1
5042 1
5042 1
5042 1
5042 1
5085 1
5085 1
5085 1
5085 1
5085 1
5085 1
5085 1
5085 1
5085 1
5085 1
5085 1
5085 1
5085 1
5085 1
5085 1
5085 1
5085 1
5085 1
5085 1
5085 1
5085 1
5832 1
5832 1
5832 1
5832 1
5832 1
5832 1
5832 1
5832 1
5832 1
5832 1
5832 1
5832 1
5832 1
5832 1
5832 1
5832 1
5832 1
5832 1
5832 1
5832 1
5832 1
6063 1
6063 1
6063 1
6063 1
6063 1
6063 1
6063 1
6063 1
6063 1
6063 1
6063 1
6063 1
6063 1
6063 1
6063 1
6063 1
6063 1
6063 1
6063 1
6063 1
6063 1
6137 1
6137 1
6137 1
6137 1
6137 1
6137 1
6137 1
6137 1
6137 1
6137 1
6137 1
6137 1
6137 1
6137 1
6137 1
6137 1
6137 1
6137 1
6137 1
6137 1
6137 1
10396 1
10396 1
10396 1
10396 1
10396 1
10396 1
10396 1
10396 1
10396 1
10396 1
10396 1
10396 1
10396 1
10396 1
10396 1
10396 1
10396 1
10396 1
10396 1
10396 1
10396 1
10654 1
10654 1
10654 1
10654 1
10654 1
10654 1
10654 1
10654 1
10654 1
10654 1
10654 1
10654 1
10654 1
10654 1
10654 1
10654 1
10654 1
10654 1
10654 1
10654 1
10654 1
10794 1
10794 1
10794 1
10794 1
10794 1
10794 1
10794 1
10794 1
10794 1
10794 1
10794 1
10794 1
10794 1
10794 1
10794 1
10794 1
10794 1
10794 1
10794 1
10794 1
10794 1
10939 1
10939 1
10939 1
10939 1
10939 1
10939 1
10939 1
10939 1
10939 1
10939 1
10939 1
10939 1
10939 1
10939 1
10939 1
10939 1
10939 1
10939 1
10939 1
10939 1
10939 1
11079 1
11079 1
11079 1
11079 1
11079 1
11079 1
11079 1
11079 1
11079 1
11079 1
11079 1
11079 1
11079 1
11079 1
11079 1
11079 1
11079 1
11079 1
11079 1
11079 1
11079 1
11224 1
11224 1
11224 1
11224 1
11224 1
11224 1
11224 1
11224 1
11224 1
11224 1
11224 1
11224 1
11224 1
11224 1
11224 1
11224 1
11224 1
11224 1
11224 1
11224 1
11224 1
11377 1
11377 1
11377 1
11377 1
11377 1
11377 1
11377 1
11377 1
11377 1
11377 1
11377 1
11377 1
11377 1
11377 1
11377 1
11377 1
11377 1
11377 1
11377 1
11377 1
11377 1
11532 1
11532 1
11532 1
11532 1
11532 1
11532 1
11532 1
11532 1
11532 1
11532 1
11532 1
11532 1
11532 1
11532 1
11532 1
11532 1
11532 1
11532 1
11532 1
11532 1
11532 1
11695 1
11695 1
11695 1
11695 1
11695 1
11695 1
11695 1
11695 1
11695 1
11695 1
11695 1
11695 1
11695 1
11695 1
11695 1
11695 1
11695 1
11695 1
11695 1
11695 1
11695 1
4669 1
4669 1
4669 1
4669 1
4669 1
4669 1
4669 1
4669 1
4669 1
4669 1
4669 1
4669 1
4669 1
4669 1
4669 1
4669 1
4669 1
4669 1
4669 1
4669 1
4669 1
4699 1
4699 1
4699 1
4699 1
4699 1
4699 1
4699 1
4699 1
4699 1
4699 1
4699 1
4699 1
4699 1
4699 1
4699 1
4699 1
4699 1
4699 1
4699 1
4699 1
4699 1
4760 1
4760 1
4760 1
4760 1
4760 1
4760 1
4760 1
4760 1
4760 1
4760 1
4760 1
4760 1
4760 1
4760 1
4760 1
4760 1
4760 1
4760 1
4760 1
4760 1
4760 1
5871 1
5871 1
5871 1
5871 1
5871 1
5871 1
5871 1
5871 1
5871 1
5871 1
5871 1
5871 1
5871 1
5871 1
5871 1
5871 1
5871 1
5871 1
5871 1
5871 1
5871 1
5910 1
5910 1
5910 1
5910 1
5910 1
5910 1
5910 1
5910 1
5910 1
5910 1
5910 1
5910 1
5910 1
5910 1
5910 1
5910 1
5910 1
5910 1
5910 1
5910 1
5910 1
5949 1
5949 1
5949 1
5949 1
5949 1
5949 1
5949 1
5949 1
5949 1
5949 1
5949 1
5949 1
5949 1
5949 1
5949 1
5949 1
5949 1
5949 1
5949 1
5949 1
5949 1
5989 1
5989 1
5989 1
5989 1
5989 1
5989 1
5989 1
5989 1
5989 1
5989 1
5989 1
5989 1
5989 1
5989 1
5989 1
5989 1
5989 1
5989 1
5989 1
5989 1
5989 1
6028 1
6028 1
6028 1
6028 1
6028 1
6028 1
6028 1
6028 1
6028 1
6028 1
6028 1
6028 1
6028 1
6028 1
6028 1
6028 1
6028 1
6028 1
6028 1
6028 1
6028 1
6064 1
6064 1
6064 1
6064 1
6064 1
6064 1
6064 1
6064 1
6064 1
6064 1
6064 1
6064 1
6064 1
6064 1
6064 1
6064 1
6064 1
6064 1
6064 1
6064 1
6064 1
7122 1
7122 1
7122 1
7122 1
7122 1
7122 1
7122 1
7122 1
7122 1
7122 1
7122 1
7122 1
7122 1
7122 1
7122 1
7122 1
7122 1
7122 1
7122 1
7122 1
7122 1
7195 1
7195 1
7195 1
7195 1
7195 1
7195 1
7195 1
7195 1
7195 1
7195 1
7195 1
7195 1
7195 1
7195 1
7195 1
7195 1
7195 1
7195 1
7195 1
7195 1
7195 1
7270 1
7270 1
7270 1
7270 1
7270 1
7270 1
7270 1
7270 1
7270 1
7270 1
7270 1
7270 1
7270 1
7270 1
7270 1
7270 1
7270 1
7270 1
7270 1
7270 1
7270 1
7344 1
7344 1
7344 1
7344 1
7344 1
7344 1
7344 1
7344 1
7344 1
7344 1
7344 1
7344 1
7344 1
7344 1
7344 1
7344 1
7344 1
7344 1
7344 1
7344 1
7344 1
7422 1
7422 1
7422 1
7422 1
7422 1
7422 1
7422 1
7422 1
7422 1
7422 1
7422 1
7422 1
7422 1
7422 1
7422 1
7422 1
7422 1
7422 1
7422 1
7422 1
7422 1
7504 1
7504 1
7504 1
7504 1
7504 1
7504 1
7504 1
7504 1
7504 1
7504 1
7504 1
7504 1
7504 1
7504 1
7504 1
7504 1
7504 1
7504 1
7504 1
7504 1
7504 1
7592 1
7592 1
7592 1
7592 1
7592 1
7592 1
7592 1
7592 1
7592 1
7592 1
7592 1
7592 1
7592 1
7592 1
7592 1
7592 1
7592 1
7592 1
7592 1
7592 1
7592 1
7684 1
7684 1
7684 1
7684 1
7684 1
7684 1
7684 1
7684 1
7684 1
7684 1
7684 1
7684 1
7684 1
7684 1
7684 1
7684 1
7684 1
7684 1
7684 1
7684 1
7684 1
7779 1
7779 1
7779 1
7779 1
7779 1
7779 1
7779 1
7779 1
7779 1
7779 1
7779 1
7779 1
7779 1
7779 1
7779 1
7779 1
7779 1
7779 1
7779 1
7779 1
7779 1
7875 1
7875 1
7875 1
7875 1
7875 1
7875 1
7875 1
7875 1
7875 1
7875 1
7875 1
7875 1
7875 1
7875 1
7875 1
7875 1
7875 1
7875 1
7875 1
7875 1
7875 1
7980 1
7980 1
7980 1
7980 1
7980 1
7980 1
7980 1
7980 1
7980 1
7980 1
7980 1
7980 1
7980 1
7980 1
7980 1
7980 1
7980 1
7980 1
7980 1
7980 1
7980 1
8088 1
8088 1
8088 1
8088 1
8088 1
8088 1
8088 1
8088 1
8088 1
8088 1
8088 1
8088 1
8088 1
8088 1
8088 1
8088 1
8088 1
8088 1
8088 1
8088 1
8088 1
9281 1
9281 1
9281 1
9281 1
9281 1
9281 1
9281 1
9281 1
9281 1
9281 1
9281 1
9281 1
9281 1
9281 1
9281 1
9281 1
9281 1
9281 1
9281 1
9281 1
9281 1
10523 1
10523 1
10523 1
10523 1
10523 1
10523 1
10523 1
10523 1
10523 1
10523 1
10523 1
10523 1
10523 1
10523 1
10523 1
10523 1
10523 1
10523 1
10523 1
10523 1
10523 1
10655 1
10655 1
10655 1
10655 1
10655 1
10655 1
10655 1
10655 1
10655 1
10655 1
10655 1
10655 1
10655 1
10655 1
10655 1
10655 1
10655 1
10655 1
10655 1
10655 1
10655 1
10795 1
10795 1
10795 1
10795 1
10795 1
10795 1
10795 1
10795 1
10795 1
10795 1
10795 1
10795 1
10795 1
10795 1
10795 1
10795 1
10795 1
10795 1
10795 1
10795 1
10795 1
10940 1
10940 1
10940 1
10940 1
10940 1
10940 1
10940 1
10940 1
10940 1
10940 1
10940 1
10940 1
10940 1
10940 1
10940 1
10940 1
10940 1
10940 1
10940 1
10940 1
10940 1
11080 1
11080 1
11080 1
11080 1
11080 1
11080 1
11080 1
11080 1
11080 1
11080 1
11080 1
11080 1
11080 1
11080 1
11080 1
11080 1
11080 1
11080 1
11080 1
11080 1
11080 1
11225 1
11225 1
11225 1
11225 1
11225 1
11225 1
11225 1
11225 1
11225 1
11225 1
11225 1
11225 1
11225 1
11225 1
11225 1
11225 1
11225 1
11225 1
11225 1
11225 1
11225 1
11378 1
11378 1
11378 1
11378 1
11378 1
11378 1
11378 1
11378 1
11378 1
11378 1
11378 1
11378 1
11378 1
11378 1
11378 1
11378 1
11378 1
11378 1
11378 1
11378 1
11378 1
11533 1
11533 1
11533 1
11533 1
11533 1
11533 1
11533 1
11533 1
11533 1
11533 1
11533 1
11533 1
11533 1
11533 1
11533 1
11533 1
11533 1
11533 1
11533 1
11533 1
11533 1
11696 1
11696 1
11696 1
11696 1
11696 1
11696 1
11696 1
11696 1
11696 1
11696 1
11696 1
11696 1
11696 1
11696 1
11696 1
11696 1
11696 1
11696 1
11696 1
11696 1
11696 1
2184 1
2184 1
2184 1
2184 1
2184 1
2184 1
2184 1
2184 1
2184 1
2184 1
2184 1
2184 1
2184 1
2184 1
2184 1
2184 1
2184 1
2184 1
2184 1
2184 1
2184 1
2273 1
2273 1
2273 1
2273 1
2273 1
2273 1
2273 1
2273 1
2273 1
2273 1
2273 1
2273 1
2273 1
2273 1
2273 1
2273 1
2273 1
2273 1
2273 1
2273 1
2273 1
4550 1
4550 1
4550 1
4550 1
4550 1
4550 1
4550 1
4550 1
4550 1
4550 1
4550 1
4550 1
4550 1
4550 1
4550 1
4550 1
4550 1
4550 1
4550 1
4550 1
4550 1
4608 1
4608 1
4608 1
4608 1
4608 1
4608 1
4608 1
4608 1
4608 1
4608 1
4608 1
4608 1
4608 1
4608 1
4608 1
4608 1
4608 1
4608 1
4608 1
4608 1
4608 1
5872 1
5872 1
5872 1
5872 1
5872 1
5872 1
5872 1
5872 1
5872 1
5872 1
5872 1
5872 1
5872 1
5872 1
5872 1
5872 1
5872 1
5872 1
5872 1
5872 1
5872 1
5911 1
5911 1
5911 1
5911 1
5911 1
5911 1
5911 1
5911 1
5911 1
5911 1
5911 1
5911 1
5911 1
5911 1
5911 1
5911 1
5911 1
5911 1
5911 1
5911 1
5911 1
5950 1
5950 1
5950 1
5950 1
5950 1
5950 1
5950 1
5950 1
5950 1
5950 1
5950 1
5950 1
5950 1
5950 1
5950 1
5950 1
5950 1
5950 1
5950 1
5950 1
5950 1
5990 1
5990 1
5990 1
5990 1
5990 1
5990 1
5990 1
5990 1
5990 1
5990 1
5990 1
5990 1
5990 1
5990 1
5990 1
5990 1
5990 1
5990 1
5990 1
5990 1
5990 1
6029 1
6029 1
6029 1
6029 1
6029 1
6029 1
6029 1
6029 1
6029 1
6029 1
6029 1
6029 1
6029 1
6029 1
6029 1
6029 1
6029 1
6029 1
6029 1
6029 1
6029 1
6065 1
6065 1
6065 1
6065 1
6065 1
6065 1
6065 1
6065 1
6065 1
6065 1
6065 1
6065 1
6065 1
6065 1
6065 1
6065 1
6065 1
6065 1
6065 1
6065 1
6065 1
7052 1
7052 1
7052 1
7052 1
7052 1
7052 1
7052 1
7052 1
7052 1
7052 1
7052 1
7052 1
7052 1
7052 1
7052 1
7052 1
7052 1
7052 1
7052 1
7052 1
7052 1
7196 1
7196 1
7196 1
7196 1
7196 1
7196 1
7196 1
7196 1
7196 1
7196 1
7196 1
7196 1
7196 1
7196 1
7196 1
7196 1
7196 1
7196 1
7196 1
7196 1
7196 1
7271 1
7271 1
7271 1
7271 1
7271 1
7271 1
7271 1
7271 1
7271 1
7271 1
7271 1
7271 1
7271 1
7271 1
7271 1
7271 1
7271 1
7271 1
7271 1
7271 1
7271 1
7345 1
7345 1
7345 1
7345 1
7345 1
7345 1
7345 1
7345 1
7345 1
7345 1
7345 1
7345 1
7345 1
7345 1
7345 1
7345 1
7345 1
7345 1
7345 1
7345 1
7345 1
7423 1
7423 1
7423 1
7423 1
7423 1
7423 1
7423 1
7423 1
7423 1
7423 1
7423 1
7423 1
7423 1
7423 1
7423 1
7423 1
7423 1
7423 1
7423 1
7423 1
7423 1
7505 1
7505 1
7505 1
7505 1
7505 1
7505 1
7505 1
7505 1
7505 1
7505 1
7505 1
7505 1
7505 1
7505 1
7505 1
7505 1
7505 1
7505 1
7505 1
7505 1
7505 1
7593 1
7593 1
7593 1
7593 1
7593 1
7593 1
7593 1
7593 1
7593 1
7593 1
7593 1
7593 1
7593 1
7593 1
7593 1
7593 1
7593 1
7593 1
7593 1
7593 1
7593 1
7685 1
7685 1
7685 1
7685 1
7685 1
7685 1
7685 1
7685 1
7685 1
7685 1
7685 1
7685 1
7685 1
7685 1
7685 1
7685 1
7685 1
7685 1
7685 1
7685 1
7685 1
7780 1
7780 1
7780 1
7780 1
7780 1
7780 1
7780 1
7780 1
7780 1
7780 1
7780 1
7780 1
7780 1
7780 1
7780 1
7780 1
7780 1
7780 1
7780 1
7780 1
7780 1
7876 1
7876 1
7876 1
7876 1
7876 1
7876 1
7876 1
7876 1
7876 1
7876 1
7876 1
7876 1
7876 1
7876 1
7876 1
7876 1
7876 1
7876 1
7876 1
7876 1
7876 1
7981 1
7981 1
7981 1
7981 1
7981 1
7981 1
7981 1
7981 1
7981 1
7981 1
7981 1
7981 1
7981 1
7981 1
7981 1
7981 1
7981 1
7981 1
7981 1
7981 1
7981 1
8089 1
8089 1
8089 1
8089 1
8089 1
8089 1
8089 1
8089 1
8089 1
8089 1
8089 1
8089 1
8089 1
8089 1
8089 1
8089 1
8089 1
8089 1
8089 1
8089 1
8089 1
8200 1
8200 1
8200 1
8200 1
8200 1
8200 1
8200 1
8200 1
8200 1
8200 1
8200 1
8200 1
8200 1
8200 1
8200 1
8200 1
8200 1
8200 1
8200 1
8200 1
8200 1
8316 1
8316 1
8316 1
8316 1
8316 1
8316 1
8316 1
8316 1
8316 1
8316 1
8316 1
8316 1
8316 1
8316 1
8316 1
8316 1
8316 1
8316 1
8316 1
8316 1
8316 1
8433 1
8433 1
8433 1
8433 1
8433 1
8433 1
8433 1
8433 1
8433 1
8433 1
8433 1
8433 1
8433 1
8433 1
8433 1
8433 1
8433 1
8433 1
8433 1
8433 1
8433 1
8554 1
8554 1
8554 1
8554 1
8554 1
8554 1
8554 1
8554 1
8554 1
8554 1
8554 1
8554 1
8554 1
8554 1
8554 1
8554 1
8554 1
8554 1
8554 1
8554 1
8554 1
10524 1
10524 1
10524 1
10524 1
10524 1
10524 1
10524 1
10524 1
10524 1
10524 1
10524 1
10524 1
10524 1
10524 1
10524 1
10524 1
10524 1
10524 1
10524 1
10524 1
10524 1
11081 1
11081 1
11081 1
11081 1
11081 1
11081 1
11081 1
11081 1
11081 1
11081 1
11081 1
11081 1
11081 1
11081 1
11081 1
11081 1
11081 1
11081 1
11081 1
11081 1
11081 1
11226 1
11226 1
11226 1
11226 1
11226 1
11226 1
11226 1
11226 1
11226 1
11226 1
11226 1
11226 1
11226 1
11226 1
11226 1
11226 1
11226 1
11226 1
11226 1
11226 1
11226 1
11379 1
11379 1
11379 1
11379 1
11379 1
11379 1
11379 1
11379 1
11379 1
11379 1
11379 1
11379 1
11379 1
11379 1
11379 1
11379 1
11379 1
11379 1
11379 1
11379 1
11379 1
11534 1
11534 1
11534 1
11534 1
11534 1
11534 1
11534 1
11534 1
11534 1
11534 1
11534 1
11534 1
11534 1
11534 1
11534 1
11534 1
11534 1
11534 1
11534 1
11534 1
11534 1
2185 1
2185 1
2185 1
2185 1
2185 1
2185 1
2185 1
2185 1
2185 1
2185 1
2185 1
2185 1
2185 1
2185 1
2185 1
2185 1
2185 1
2185 1
2185 1
2185 1
2185 1
4524 1
4524 1
4524 1
4524 1
4524 1
4524 1
4524 1
4524 1
4524 1
4524 1
4524 1
4524 1
4524 1
4524 1
4524 1
4524 1
4524 1
4524 1
4524 1
4524 1
4524 1
5873 1
5873 1
5873 1
5873 1
5873 1
5873 1
5873 1
5873 1
5873 1
5873 1
5873 1
5873 1
5873 1
5873 1
5873 1
5873 1
5873 1
5873 1
5873 1
5873 1
5873 1
6066 1
6066 1
6066 1
6066 1
6066 1
6066 1
6066 1
6066 1
6066 1
6066 1
6066 1
6066 1
6066 1
6066 1
6066 1
6066 1
6066 1
6066 1
6066 1
6066 1
6066 1
6983 1
6983 1
6983 1
6983 1
6983 1
6983 1
6983 1
6983 1
6983 1
6983 1
6983 1
6983 1
6983 1
6983 1
6983 1
6983 1
6983 1
6983 1
6983 1
6983 1
6983 1
7197 1
7197 1
7197 1
7197 1
7197 1
7197 1
7197 1
7197 1
7197 1
7197 1
7197 1
7197 1
7197 1
7197 1
7197 1
7197 1
7197 1
7197 1
7197 1
7197 1
7197 1
7877 1
7877 1
7877 1
7877 1
7877 1
7877 1
7877 1
7877 1
7877 1
7877 1
7877 1
7877 1
7877 1
7877 1
7877 1
7877 1
7877 1
7877 1
7877 1
7877 1
7877 1
7982 1
7982 1
7982 1
7982 1
7982 1
7982 1
7982 1
7982 1
7982 1
7982 1
7982 1
7982 1
7982 1
7982 1
7982 1
7982 1
7982 1
7982 1
7982 1
7982 1
7982 1
8090 1
8090 1
8090 1
8090 1
8090 1
8090 1
8090 1
8090 1
8090 1
8090 1
8090 1
8090 1
8090 1
8090 1
8090 1
8090 1
8090 1
8090 1
8090 1
8090 1
8090 1
8201 1
8201 1
8201 1
8201 1
8201 1
8201 1
8201 1
8201 1
8201 1
8201 1
8201 1
8201 1
8201 1
8201 1
8201 1
8201 1
8201 1
8201 1
8201 1
8201 1
8201 1
8317 1
8317 1
8317 1
8317 1
8317 1
8317 1
8317 1
8317 1
8317 1
8317 1
8317 1
8317 1
8317 1
8317 1
8317 1
8317 1
8317 1
8317 1
8317 1
8317 1
8317 1
8434 1
8434 1
8434 1
8434 1
8434 1
8434 1
8434 1
8434 1
8434 1
8434 1
8434 1
8434 1
8434 1
8434 1
8434 1
8434 1
8434 1
8434 1
8434 1
8434 1
8434 1
8555 1
8555 1
8555 1
8555 1
8555 1
8555 1
8555 1
8555 1
8555 1
8555 1
8555 1
8555 1
8555 1
8555 1
8555 1
8555 1
8555 1
8555 1
8555 1
8555 1
8555 1
8677 1
8677 1
8677 1
8677 1
8677 1
8677 1
8677 1
8677 1
8677 1
8677 1
8677 1
8677 1
8677 1
8677 1
8677 1
8677 1
8677 1
8677 1
8677 1
8677 1
8677 1
8801 1
8801 1
8801 1
8801 1
8801 1
8801 1
8801 1
8801 1
8801 1
8801 1
8801 1
8801 1
8801 1
8801 1
8801 1
8801 1
8801 1
8801 1
8801 1
8801 1
8801 1
8923 1
8923 1
8923 1
8923 1
8923 1
8923 1
8923 1
8923 1
8923 1
8923 1
8923 1
8923 1
8923 1
8923 1
8923 1
8923 1
8923 1
8923 1
8923 1
8923 1
8923 1
9041 1
9041 1
9041 1
9041 1
9041 1
9041 1
9041 1
9041 1
9041 1
9041 1
9041 1
9041 1
9041 1
9041 1
9041 1
9041 1
9041 1
9041 1
9041 1
9041 1
9041 1
9535 1
9535 1
9535 1
9535 1
9535 1
9535 1
9535 1
9535 1
9535 1
9535 1
9535 1
9535 1
9535 1
9535 1
9535 1
9535 1
9535 1
9535 1
9535 1
9535 1
9535 1
10271 1
10271 1
10271 1
10271 1
10271 1
10271 1
10271 1
10271 1
10271 1
10271 1
10271 1
10271 1
10271 1
10271 1
10271 1
10271 1
10271 1
10271 1
10271 1
10271 1
10271 1
11082 1
11082 1
11082 1
11082 1
11082 1
11082 1
11082 1
11082 1
11082 1
11082 1
11082 1
11082 1
11082 1
11082 1
11082 1
11082 1
11082 1
11082 1
11082 1
11082 1
11082 1
11227 1
11227 1
11227 1
11227 1
11227 1
11227 1
11227 1
11227 1
11227 1
11227 1
11227 1
11227 1
11227 1
11227 1
11227 1
11227 1
11227 1
11227 1
11227 1
11227 1
11227 1
11380 1
11380 1
11380 1
11380 1
11380 1
11380 1
11380 1
11380 1
11380 1
11380 1
11380 1
11380 1
11380 1
11380 1
11380 1
11380 1
11380 1
11380 1
11380 1
11380 1
11380 1
11535 1
11535 1
11535 1
11535 1
11535 1
11535 1
11535 1
11535 1
11535 1
11535 1
11535 1
11535 1
11535 1
11535 1
11535 1
11535 1
11535 1
11535 1
11535 1
11535 1
11535 1
1903 1
1903 1
1903 1
1903 1
1903 1
1903 1
1903 1
1903 1
1903 1
1903 1
1903 1
1903 1
1903 1
1903 1
1903 1
1903 1
1903 1
1903 1
1903 1
1903 1
1903 1
2090 1
2090 1
2090 1
2090 1
2090 1
2090 1
2090 1
2090 1
2090 1
2090 1
2090 1
2090 1
2090 1
2090 1
2090 1
2090 1
2090 1
2090 1
2090 1
2090 1
2090 1
2186 1
2186 1
2186 1
2186 1
2186 1
2186 1
2186 1
2186 1
2186 1
2186 1
2186 1
2186 1
2186 1
2186 1
2186 1
2186 1
2186 1
2186 1
2186 1
2186 1
2186 1
4911 1
4911 1
4911 1
4911 1
4911 1
4911 1
4911 1
4911 1
4911 1
4911 1
4911 1
4911 1
4911 1
4911 1
4911 1
4911 1
4911 1
4911 1
4911 1
4911 1
4911 1
5000 1
5000 1
5000 1
5000 1
5000 1
5000 1
5000 1
5000 1
5000 1
5000 1
5000 1
5000 1
5000 1
5000 1
5000 1
5000 1
5000 1
5000 1
5000 1
5000 1
5000 1
5046 1
5046 1
5046 1
5046 1
5046 1
5046 1
5046 1
5046 1
5046 1
5046 1
5046 1
5046 1
5046 1
5046 1
5046 1
5046 1
5046 1
5046 1
5046 1
5046 1
5046 1
5089 1
5089 1
5089 1
5089 1
5089 1
5089 1
5089 1
5089 1
5089 1
5089 1
5089 1
5089 1
5089 1
5089 1
5089 1
5089 1
5089 1
5089 1
5089 1
5089 1
5089 1
5322 1
5322 1
5322 1
5322 1
5322 1
5322 1
5322 1
5322 1
5322 1
5322 1
5322 1
5322 1
5322 1
5322 1
5322 1
5322 1
5322 1
5322 1
5322 1
5322 1
5322 1
5874 1
5874 1
5874 1
5874 1
5874 1
5874 1
5874 1
5874 1
5874 1
5874 1
5874 1
5874 1
5874 1
5874 1
5874 1
5874 1
5874 1
5874 1
5874 1
5874 1
5874 1
6031 1
6031 1
6031 1
6031 1
6031 1
6031 1
6031 1
6031 1
6031 1
6031 1
6031 1
6031 1
6031 1
6031 1
6031 1
6031 1
6031 1
6031 1
6031 1
6031 1
6031 1
6067 1
6067 1
6067 1
6067 1
6067 1
6067 1
6067 1
6067 1
6067 1
6067 1
6067 1
6067 1
6067 1
6067 1
6067 1
6067 1
6067 1
6067 1
6067 1
6067 1
6067 1
8202 1
8202 1
8202 1
8202 1
8202 1
8202 1
8202 1
8202 1
8202 1
8202 1
8202 1
8202 1
8202 1
8202 1
8202 1
8202 1
8202 1
8202 1
8202 1
8202 1
8202 1
8318 1
8318 1
8318 1
8318 1
8318 1
8318 1
8318 1
8318 1
8318 1
8318 1
8318 1
8318 1
8318 1
8318 1
8318 1
8318 1
8318 1
8318 1
8318 1
8318 1
8318 1
8435 1
8435 1
8435 1
8435 1
8435 1
8435 1
8435 1
8435 1
8435 1
8435 1
8435 1
8435 1
8435 1
8435 1
8435 1
8435 1
8435 1
8435 1
8435 1
8435 1
8435 1
8678 1
8678 1
8678 1
8678 1
8678 1
8678 1
8678 1
8678 1
8678 1
8678 1
8678 1
8678 1
8678 1
8678 1
8678 1
8678 1
8678 1
8678 1
8678 1
8678 1
8678 1
8924 1
8924 1
8924 1
8924 1
8924 1
8924 1
8924 1
8924 1
8924 1
8924 1
8924 1
8924 1
8924 1
8924 1
8924 1
8924 1
8924 1
8924 1
8924 1
8924 1
8924 1
9042 1
9042 1
9042 1
9042 1
9042 1
9042 1
9042 1
9042 1
9042 1
9042 1
9042 1
9042 1
9042 1
9042 1
9042 1
9042 1
9042 1
9042 1
9042 1
9042 1
9042 1
10151 1
10151 1
10151 1
10151 1
10151 1
10151 1
10151 1
10151 1
10151 1
10151 1
10151 1
10151 1
10151 1
10151 1
10151 1
10151 1
10151 1
10151 1
10151 1
10151 1
10151 1
10272 1
10272 1
10272 1
10272 1
10272 1
10272 1
10272 1
10272 1
10272 1
10272 1
10272 1
10272 1
10272 1
10272 1
10272 1
10272 1
10272 1
10272 1
10272 1
10272 1
10272 1
10400 1
10400 1
10400 1
10400 1
10400 1
10400 1
10400 1
10400 1
10400 1
10400 1
10400 1
10400 1
10400 1
10400 1
10400 1
10400 1
10400 1
10400 1
10400 1
10400 1
10400 1
10526 1
10526 1
10526 1
10526 1
10526 1
10526 1
10526 1
10526 1
10526 1
10526 1
10526 1
10526 1
10526 1
10526 1
10526 1
10526 1
10526 1
10526 1
10526 1
10526 1
10526 1
10658 1
10658 1
10658 1
10658 1
10658 1
10658 1
10658 1
10658 1
10658 1
10658 1
10658 1
10658 1
10658 1
10658 1
10658 1
10658 1
10658 1
10658 1
10658 1
10658 1
10658 1
10798 1
10798 1
10798 1
10798 1
10798 1
10798 1
10798 1
10798 1
10798 1
10798 1
10798 1
10798 1
10798 1
10798 1
10798 1
10798 1
10798 1
10798 1
10798 1
10798 1
10798 1
10943 1
10943 1
10943 1
10943 1
10943 1
10943 1
10943 1
10943 1
10943 1
10943 1
10943 1
10943 1
10943 1
10943 1
10943 1
10943 1
10943 1
10943 1
10943 1
10943 1
10943 1
11381 1
11381 1
11381 1
11381 1
11381 1
11381 1
11381 1
11381 1
11381 1
11381 1
11381 1
11381 1
11381 1
11381 1
11381 1
11381 1
11381 1
11381 1
11381 1
11381 1
11381 1
1997 1
1997 1
1997 1
1997 1
1997 1
1997 1
1997 1
1997 1
1997 1
1997 1
1997 1
1997 1
1997 1
1997 1
1997 1
1997 1
1997 1
1997 1
1997 1
1997 1
1997 1
2091 1
2091 1
2091 1
2091 1
2091 1
2091 1
2091 1
2091 1
2091 1
2091 1
2091 1
2091 1
2091 1
2091 1
2091 1
2091 1
2091 1
2091 1
2091 1
2091 1
2091 1
5047 1
5047 1
5047 1
5047 1
5047 1
5047 1
5047 1
5047 1
5047 1
5047 1
5047 1
5047 1
5047 1
5047 1
5047 1
5047 1
5047 1
5047 1
5047 1
5047 1
5047 1
5090 1
5090 1
5090 1
5090 1
5090 1
5090 1
5090 1
5090 1
5090 1
5090 1
5090 1
5090 1
5090 1
5090 1
5090 1
5090 1
5090 1
5090 1
5090 1
5090 1
5090 1
5132 1
5132 1
5132 1
5132 1
5132 1
5132 1
5132 1
5132 1
5132 1
5132 1
5132 1
5132 1
5132 1
5132 1
5132 1
5132 1
5132 1
5132 1
5132 1
5132 1
5132 1
5172 1
5172 1
5172 1
5172 1
5172 1
5172 1
5172 1
5172 1
5172 1
5172 1
5172 1
5172 1
5172 1
5172 1
5172 1
5172 1
5172 1
5172 1
5172 1
5172 1
5172 1
8436 1
8436 1
8436 1
8436 1
8436 1
8436 1
8436 1
8436 1
8436 1
8436 1
8436 1
8436 1
8436 1
8436 1
8436 1
8436 1
8436 1
8436 1
8436 1
8436 1
8436 1
8557 1
8557 1
8557 1
8557 1
8557 1
8557 1
8557 1
8557 1
8557 1
8557 1
8557 1
8557 1
8557 1
8557 1
8557 1
8557 1
8557 1
8557 1
8557 1
8557 1
8557 1
8679 1
8679 1
8679 1
8679 1
8679 1
8679 1
8679 1
8679 1
8679 1
8679 1
8679 1
8679 1
8679 1
8679 1
8679 1
8679 1
8679 1
8679 1
8679 1
8679 1
8679 1
8925 1
8925 1
8925 1
8925 1
8925 1
8925 1
8925 1
8925 1
8925 1
8925 1
8925 1
8925 1
8925 1
8925 1
8925 1
8925 1
8925 1
8925 1
8925 1
8925 1
8925 1
9043 1
9043 1
9043 1
9043 1
9043 1
9043 1
9043 1
9043 1
9043 1
9043 1
9043 1
9043 1
9043 1
9043 1
9043 1
9043 1
9043 1
9043 1
9043 1
9043 1
9043 1
10031 1
10031 1
10031 1
10031 1
10031 1
10031 1
10031 1
10031 1
10031 1
10031 1
10031 1
10031 1
10031 1
10031 1
10031 1
10031 1
10031 1
10031 1
10031 1
10031 1
10031 1
10152 1
10152 1
10152 1
10152 1
10152 1
10152 1
10152 1
10152 1
10152 1
10152 1
10152 1
10152 1
10152 1
10152 1
10152 1
10152 1
10152 1
10152 1
10152 1
10152 1
10152 1
10273 1
10273 1
10273 1
10273 1
10273 1
10273 1
10273 1
10273 1
10273 1
10273 1
10273 1
10273 1
10273 1
10273 1
10273 1
10273 1
10273 1
10273 1
10273 1
10273 1
10273 1
10401 1
10401 1
10401 1
10401 1
10401 1
10401 1
10401 1
10401 1
10401 1
10401 1
10401 1
10401 1
10401 1
10401 1
10401 1
10401 1
10401 1
10401 1
10401 1
10401 1
10401 1
10799 1
10799 1
10799 1
10799 1
10799 1
10799 1
10799 1
10799 1
10799 1
10799 1
10799 1
10799 1
10799 1
10799 1
10799 1
10799 1
10799 1
10799 1
10799 1
10799 1
10799 1
10944 1
10944 1
10944 1
10944 1
10944 1
10944 1
10944 1
10944 1
10944 1
10944 1
10944 1
10944 1
10944 1
10944 1
10944 1
10944 1
10944 1
10944 1
10944 1
10944 1
10944 1
11084 1
11084 1
11084 1
11084 1
11084 1
11084 1
11084 1
11084 1
11084 1
11084 1
11084 1
11084 1
11084 1
11084 1
11084 1
11084 1
11084 1
11084 1
11084 1
11084 1
11084 1
1905 1
1905 1
1905 1
1905 1
1905 1
1905 1
1905 1
1905 1
1905 1
1905 1
1905 1
1905 1
1905 1
1905 1
1905 1
1905 1
1905 1
1905 1
1905 1
1905 1
1905 1
5048 1
5048 1
5048 1
5048 1
5048 1
5048 1
5048 1
5048 1
5048 1
5048 1
5048 1
5048 1
5048 1
5048 1
5048 1
5048 1
5048 1
5048 1
5048 1
5048 1
5048 1
5091 1
5091 1
5091 1
5091 1
5091 1
5091 1
5091 1
5091 1
5091 1
5091 1
5091 1
5091 1
5091 1
5091 1
5091 1
5091 1
5091 1
5091 1
5091 1
5091 1
5091 1
5133 1
5133 1
5133 1
5133 1
5133 1
5133 1
5133 1
5133 1
5133 1
5133 1
5133 1
5133 1
5133 1
5133 1
5133 1
5133 1
5133 1
5133 1
5133 1
5133 1
5133 1
5173 1
5173 1
5173 1
5173 1
5173 1
5173 1
5173 1
5173 1
5173 1
5173 1
5173 1
5173 1
5173 1
5173 1
5173 1
5173 1
5173 1
5173 1
5173 1
5173 1
5173 1
5210 1
5210 1
5210 1
5210 1
5210 1
5210 1
5210 1
5210 1
5210 1
5210 1
5210 1
5210 1
5210 1
5210 1
5210 1
5210 1
5210 1
5210 1
5210 1
5210 1
5210 1
5324 1
5324 1
5324 1
5324 1
5324 1
5324 1
5324 1
5324 1
5324 1
5324 1
5324 1
5324 1
5324 1
5324 1
5324 1
5324 1
5324 1
5324 1
5324 1
5324 1
5324 1
5994 1
5994 1
5994 1
5994 1
5994 1
5994 1
5994 1
5994 1
5994 1
5994 1
5994 1
5994 1
5994 1
5994 1
5994 1
5994 1
5994 1
5994 1
5994 1
5994 1
5994 1
8558 1
8558 1
8558 1
8558 1
8558 1
8558 1
8558 1
8558 1
8558 1
8558 1
8558 1
8558 1
8558 1
8558 1
8558 1
8558 1
8558 1
8558 1
8558 1
8558 1
8558 1
8926 1
8926 1
8926 1
8926 1
8926 1
8926 1
8926 1
8926 1
8926 1
8926 1
8926 1
8926 1
8926 1
8926 1
8926 1
8926 1
8926 1
8926 1
8926 1
8926 1
8926 1
10153 1
10153 1
10153 1
10153 1
10153 1
10153 1
10153 1
10153 1
10153 1
10153 1
10153 1
10153 1
10153 1
10153 1
10153 1
10153 1
10153 1
10153 1
10153 1
10153 1
10153 1
10274 1
10274 1
10274 1
10274 1
10274 1
10274 1
10274 1
10274 1
10274 1
10274 1
10274 1
10274 1
10274 1
10274 1
10274 1
10274 1
10274 1
10274 1
10274 1
10274 1
10274 1
10402 1
10402 1
10402 1
10402 1
10402 1
10402 1
10402 1
10402 1
10402 1
10402 1
10402 1
10402 1
10402 1
10402 1
10402 1
10402 1
10402 1
10402 1
10402 1
10402 1
10402 1
10528 1
10528 1
10528 1
10528 1
10528 1
10528 1
10528 1
10528 1
10528 1
10528 1
10528 1
10528 1
10528 1
10528 1
10528 1
10528 1
10528 1
10528 1
10528 1
10528 1
10528 1
10660 1
10660 1
10660 1
10660 1
10660 1
10660 1
10660 1
10660 1
10660 1
10660 1
10660 1
10660 1
10660 1
10660 1
10660 1
10660 1
10660 1
10660 1
10660 1
10660 1
10660 1
10800 1
10800 1
10800 1
10800 1
10800 1
10800 1
10800 1
10800 1
10800 1
10800 1
10800 1
10800 1
10800 1
10800 1
10800 1
10800 1
10800 1
10800 1
10800 1
10800 1
10800 1
5249 1
5249 1
5249 1
5249 1
5249 1
5249 1
5249 1
5249 1
5249 1
5249 1
5249 1
5249 1
5249 1
5249 1
5249 1
5249 1
5249 1
5249 1
5249 1
5249 1
5249 1
10033 1
10033 1
10033 1
10033 1
10033 1
10033 1
10033 1
10033 1
10033 1
10033 1
10033 1
10033 1
10033 1
10033 1
10033 1
10033 1
10033 1
10033 1
10033 1
10033 1
10033 1
10661 1
10661 1
10661 1
10661 1
10661 1
10661 1
10661 1
10661 1
10661 1
10661 1
10661 1
10661 1
10661 1
10661 1
10661 1
10661 1
10661 1
10661 1
10661 1
10661 1
10661 1
5176 1
5176 1
5176 1
5176 1
5176 1
5176 1
5176 1
5176 1
5176 1
5176 1
5176 1
5176 1
5176 1
5176 1
5176 1
5176 1
5176 1
5176 1
5176 1
5176 1
5176 1
5251 1
5251 1
5251 1
5251 1
5251 1
5251 1
5251 1
5251 1
5251 1
5251 1
5251 1
5251 1
5251 1
5251 1
5251 1
5251 1
5251 1
5251 1
5251 1
5251 1
5251 1
5289 1
5289 1
5289 1
5289 1
5289 1
5289 1
5289 1
5289 1
5289 1
5289 1
5289 1
5289 1
5289 1
5289 1
5289 1
5289 1
5289 1
5289 1
5289 1
5289 1
5289 1
5480 1
5480 1
5480 1
5480 1
5480 1
5480 1
5480 1
5480 1
5480 1
5480 1
5480 1
5480 1
5480 1
5480 1
5480 1
5480 1
5480 1
5480 1
5480 1
5480 1
5480 1
6527 1
6527 1
6527 1
6527 1
6527 1
6527 1
6527 1
6527 1
6527 1
6527 1
6527 1
6527 1
6527 1
6527 1
6527 1
6527 1
6527 1
6527 1
6527 1
6527 1
6527 1
5293 1
5293 1
5293 1
5293 1
5293 1
5293 1
5293 1
5293 1
5293 1
5293 1
5293 1
5293 1
5293 1
5293 1
5293 1
5293 1
5293 1
5293 1
5293 1
5293 1
5293 1
6573 1
6573 1
6573 1
6573 1
6573 1
6573 1
6573 1
6573 1
6573 1
6573 1
6573 1
6573 1
6573 1
6573 1
6573 1
6573 1
6573 1
6573 1
6573 1
6573 1
6573 1
5807 1
5807 1
5807 1
5807 1
5807 1
5807 1
5807 1
5807 1
5807 1
5807 1
5807 1
5807 1
5807 1
5807 1
5807 1
5807 1
5807 1
5807 1
5807 1
5807 1
5807 1
3485 1
3485 1
3485 1
3485 1
3485 1
3485 1
3485 1
3485 1
3485 1
3485 1
3485 1
3485 1
3485 1
3485 1
3485 1
3485 1
3485 1
3485 1
3485 1
3485 1
3485 1
