pt_graph cpue_kghour
144 418.104831492066
144 418.104831492066
144 418.104831492066
144 16.2976506140842
144 46.407466436374
144 46.407466436374
144 0.208960843373494
144 0.208960843373494
144 0.120625281164897
144 0
144 0
144 0.160325333507038
144 28.3919163700434
144 28.3919163700434
144 0
144 0.77906543442073
144 0
144 0
144 1.0345236079077
144 18.8755115600355
144 18.8755115600355
178 418.104831492066
178 418.104831492066
178 418.104831492066
178 16.2976506140842
178 46.407466436374
178 46.407466436374
178 0.208960843373494
178 0.208960843373494
178 0.120625281164897
178 0
178 0
178 0.160325333507038
178 28.3919163700434
178 28.3919163700434
178 0
178 0.77906543442073
178 0
178 0
178 1.0345236079077
178 18.8755115600355
178 18.8755115600355
276 418.104831492066
276 418.104831492066
276 418.104831492066
276 16.2976506140842
276 46.407466436374
276 46.407466436374
276 0.208960843373494
276 0.208960843373494
276 0.120625281164897
276 0
276 0
276 0.160325333507038
276 28.3919163700434
276 28.3919163700434
276 0
276 0.77906543442073
276 0
276 0
276 1.0345236079077
276 18.8755115600355
276 18.8755115600355
342 418.104831492066
342 418.104831492066
342 418.104831492066
342 16.2976506140842
342 46.407466436374
342 46.407466436374
342 0.208960843373494
342 0.208960843373494
342 0.120625281164897
342 0
342 0
342 0.160325333507038
342 28.3919163700434
342 28.3919163700434
342 0
342 0.77906543442073
342 0
342 0
342 1.0345236079077
342 18.8755115600355
342 18.8755115600355
400 418.104831492066
400 418.104831492066
400 418.104831492066
400 16.2976506140842
400 46.407466436374
400 46.407466436374
400 0.208960843373494
400 0.208960843373494
400 0.120625281164897
400 0
400 0
400 0.160325333507038
400 28.3919163700434
400 28.3919163700434
400 0
400 0.77906543442073
400 0
400 0
400 1.0345236079077
400 18.8755115600355
400 18.8755115600355
402 418.104831492066
402 418.104831492066
402 418.104831492066
402 16.2976506140842
402 46.407466436374
402 46.407466436374
402 0.208960843373494
402 0.208960843373494
402 0.120625281164897
402 0
402 0
402 0.160325333507038
402 28.3919163700434
402 28.3919163700434
402 0
402 0.77906543442073
402 0
402 0
402 1.0345236079077
402 18.8755115600355
402 18.8755115600355
353 418.104831492066
353 418.104831492066
353 418.104831492066
353 16.2976506140842
353 46.407466436374
353 46.407466436374
353 0.208960843373494
353 0.208960843373494
353 0.120625281164897
353 0
353 0
353 0.160325333507038
353 28.3919163700434
353 28.3919163700434
353 0
353 0.77906543442073
353 0
353 0
353 1.0345236079077
353 18.8755115600355
353 18.8755115600355
357 418.104831492066
357 418.104831492066
357 418.104831492066
357 16.2976506140842
357 46.407466436374
357 46.407466436374
357 0.208960843373494
357 0.208960843373494
357 0.120625281164897
357 0
357 0
357 0.160325333507038
357 28.3919163700434
357 28.3919163700434
357 0
357 0.77906543442073
357 0
357 0
357 1.0345236079077
357 18.8755115600355
357 18.8755115600355
406 418.104831492066
406 418.104831492066
406 418.104831492066
406 16.2976506140842
406 46.407466436374
406 46.407466436374
406 0.208960843373494
406 0.208960843373494
406 0.120625281164897
406 0
406 0
406 0.160325333507038
406 28.3919163700434
406 28.3919163700434
406 0
406 0.77906543442073
406 0
406 0
406 1.0345236079077
406 18.8755115600355
406 18.8755115600355
464 418.104831492066
464 418.104831492066
464 418.104831492066
464 16.2976506140842
464 46.407466436374
464 46.407466436374
464 0.208960843373494
464 0.208960843373494
464 0.120625281164897
464 0
464 0
464 0.160325333507038
464 28.3919163700434
464 28.3919163700434
464 0
464 0.77906543442073
464 0
464 0
464 1.0345236079077
464 18.8755115600355
464 18.8755115600355
466 418.104831492066
466 418.104831492066
466 418.104831492066
466 16.2976506140842
466 46.407466436374
466 46.407466436374
466 0.208960843373494
466 0.208960843373494
466 0.120625281164897
466 0
466 0
466 0.160325333507038
466 28.3919163700434
466 28.3919163700434
466 0
466 0.77906543442073
466 0
466 0
466 1.0345236079077
466 18.8755115600355
466 18.8755115600355
469 418.104831492066
469 418.104831492066
469 418.104831492066
469 16.2976506140842
469 46.407466436374
469 46.407466436374
469 0.208960843373494
469 0.208960843373494
469 0.120625281164897
469 0
469 0
469 0.160325333507038
469 28.3919163700434
469 28.3919163700434
469 0
469 0.77906543442073
469 0
469 0
469 1.0345236079077
469 18.8755115600355
469 18.8755115600355
478 418.104831492066
478 418.104831492066
478 418.104831492066
478 16.2976506140842
478 46.407466436374
478 46.407466436374
478 0.208960843373494
478 0.208960843373494
478 0.120625281164897
478 0
478 0
478 0.160325333507038
478 28.3919163700434
478 28.3919163700434
478 0
478 0.77906543442073
478 0
478 0
478 1.0345236079077
478 18.8755115600355
478 18.8755115600355
539 418.104831492066
539 418.104831492066
539 418.104831492066
539 16.2976506140842
539 46.407466436374
539 46.407466436374
539 0.208960843373494
539 0.208960843373494
539 0.120625281164897
539 0
539 0
539 0.160325333507038
539 28.3919163700434
539 28.3919163700434
539 0
539 0.77906543442073
539 0
539 0
539 1.0345236079077
539 18.8755115600355
539 18.8755115600355
540 418.104831492066
540 418.104831492066
540 418.104831492066
540 16.2976506140842
540 46.407466436374
540 46.407466436374
540 0.208960843373494
540 0.208960843373494
540 0.120625281164897
540 0
540 0
540 0.160325333507038
540 28.3919163700434
540 28.3919163700434
540 0
540 0.77906543442073
540 0
540 0
540 1.0345236079077
540 18.8755115600355
540 18.8755115600355
541 418.104831492066
541 418.104831492066
541 418.104831492066
541 16.2976506140842
541 46.407466436374
541 46.407466436374
541 0.208960843373494
541 0.208960843373494
541 0.120625281164897
541 0
541 0
541 0.160325333507038
541 28.3919163700434
541 28.3919163700434
541 0
541 0.77906543442073
541 0
541 0
541 1.0345236079077
541 18.8755115600355
541 18.8755115600355
487 418.104831492066
487 418.104831492066
487 418.104831492066
487 16.2976506140842
487 46.407466436374
487 46.407466436374
487 0.208960843373494
487 0.208960843373494
487 0.120625281164897
487 0
487 0
487 0.160325333507038
487 28.3919163700434
487 28.3919163700434
487 0
487 0.77906543442073
487 0
487 0
487 1.0345236079077
487 18.8755115600355
487 18.8755115600355
542 418.104831492066
542 418.104831492066
542 418.104831492066
542 16.2976506140842
542 46.407466436374
542 46.407466436374
542 0.208960843373494
542 0.208960843373494
542 0.120625281164897
542 0
542 0
542 0.160325333507038
542 28.3919163700434
542 28.3919163700434
542 0
542 0.77906543442073
542 0
542 0
542 1.0345236079077
542 18.8755115600355
542 18.8755115600355
613 418.104831492066
613 418.104831492066
613 418.104831492066
613 16.2976506140842
613 46.407466436374
613 46.407466436374
613 0.208960843373494
613 0.208960843373494
613 0.120625281164897
613 0
613 0
613 0.160325333507038
613 28.3919163700434
613 28.3919163700434
613 0
613 0.77906543442073
613 0
613 0
613 1.0345236079077
613 18.8755115600355
613 18.8755115600355
568 418.104831492066
568 418.104831492066
568 418.104831492066
568 16.2976506140842
568 46.407466436374
568 46.407466436374
568 0.208960843373494
568 0.208960843373494
568 0.120625281164897
568 0
568 0
568 0.160325333507038
568 28.3919163700434
568 28.3919163700434
568 0
568 0.77906543442073
568 0
568 0
568 1.0345236079077
568 18.8755115600355
568 18.8755115600355
620 418.104831492066
620 418.104831492066
620 418.104831492066
620 16.2976506140842
620 46.407466436374
620 46.407466436374
620 0.208960843373494
620 0.208960843373494
620 0.120625281164897
620 0
620 0
620 0.160325333507038
620 28.3919163700434
620 28.3919163700434
620 0
620 0.77906543442073
620 0
620 0
620 1.0345236079077
620 18.8755115600355
620 18.8755115600355
644 418.104831492066
644 418.104831492066
644 418.104831492066
644 16.2976506140842
644 46.407466436374
644 46.407466436374
644 0.208960843373494
644 0.208960843373494
644 0.120625281164897
644 0
644 0
644 0.160325333507038
644 28.3919163700434
644 28.3919163700434
644 0
644 0.77906543442073
644 0
644 0
644 1.0345236079077
644 18.8755115600355
644 18.8755115600355
694 418.104831492066
694 418.104831492066
694 418.104831492066
694 16.2976506140842
694 46.407466436374
694 46.407466436374
694 0.208960843373494
694 0.208960843373494
694 0.120625281164897
694 0
694 0
694 0.160325333507038
694 28.3919163700434
694 28.3919163700434
694 0
694 0.77906543442073
694 0
694 0
694 1.0345236079077
694 18.8755115600355
694 18.8755115600355
712 418.104831492066
712 418.104831492066
712 418.104831492066
712 16.2976506140842
712 46.407466436374
712 46.407466436374
712 0.208960843373494
712 0.208960843373494
712 0.120625281164897
712 0
712 0
712 0.160325333507038
712 28.3919163700434
712 28.3919163700434
712 0
712 0.77906543442073
712 0
712 0
712 1.0345236079077
712 18.8755115600355
712 18.8755115600355
719 418.104831492066
719 418.104831492066
719 418.104831492066
719 16.2976506140842
719 46.407466436374
719 46.407466436374
719 0.208960843373494
719 0.208960843373494
719 0.120625281164897
719 0
719 0
719 0.160325333507038
719 28.3919163700434
719 28.3919163700434
719 0
719 0.77906543442073
719 0
719 0
719 1.0345236079077
719 18.8755115600355
719 18.8755115600355
773 418.104831492066
773 418.104831492066
773 418.104831492066
773 16.2976506140842
773 46.407466436374
773 46.407466436374
773 0.208960843373494
773 0.208960843373494
773 0.120625281164897
773 0
773 0
773 0.160325333507038
773 28.3919163700434
773 28.3919163700434
773 0
773 0.77906543442073
773 0
773 0
773 1.0345236079077
773 18.8755115600355
773 18.8755115600355
774 418.104831492066
774 418.104831492066
774 418.104831492066
774 16.2976506140842
774 46.407466436374
774 46.407466436374
774 0.208960843373494
774 0.208960843373494
774 0.120625281164897
774 0
774 0
774 0.160325333507038
774 28.3919163700434
774 28.3919163700434
774 0
774 0.77906543442073
774 0
774 0
774 1.0345236079077
774 18.8755115600355
774 18.8755115600355
776 418.104831492066
776 418.104831492066
776 418.104831492066
776 16.2976506140842
776 46.407466436374
776 46.407466436374
776 0.208960843373494
776 0.208960843373494
776 0.120625281164897
776 0
776 0
776 0.160325333507038
776 28.3919163700434
776 28.3919163700434
776 0
776 0.77906543442073
776 0
776 0
776 1.0345236079077
776 18.8755115600355
776 18.8755115600355
799 418.104831492066
799 418.104831492066
799 418.104831492066
799 16.2976506140842
799 46.407466436374
799 46.407466436374
799 0.208960843373494
799 0.208960843373494
799 0.120625281164897
799 0
799 0
799 0.160325333507038
799 28.3919163700434
799 28.3919163700434
799 0
799 0.77906543442073
799 0
799 0
799 1.0345236079077
799 18.8755115600355
799 18.8755115600355
801 418.104831492066
801 418.104831492066
801 418.104831492066
801 16.2976506140842
801 46.407466436374
801 46.407466436374
801 0.208960843373494
801 0.208960843373494
801 0.120625281164897
801 0
801 0
801 0.160325333507038
801 28.3919163700434
801 28.3919163700434
801 0
801 0.77906543442073
801 0
801 0
801 1.0345236079077
801 18.8755115600355
801 18.8755115600355
856 418.104831492066
856 418.104831492066
856 418.104831492066
856 16.2976506140842
856 46.407466436374
856 46.407466436374
856 0.208960843373494
856 0.208960843373494
856 0.120625281164897
856 0
856 0
856 0.160325333507038
856 28.3919163700434
856 28.3919163700434
856 0
856 0.77906543442073
856 0
856 0
856 1.0345236079077
856 18.8755115600355
856 18.8755115600355
858 418.104831492066
858 418.104831492066
858 418.104831492066
858 16.2976506140842
858 46.407466436374
858 46.407466436374
858 0.208960843373494
858 0.208960843373494
858 0.120625281164897
858 0
858 0
858 0.160325333507038
858 28.3919163700434
858 28.3919163700434
858 0
858 0.77906543442073
858 0
858 0
858 1.0345236079077
858 18.8755115600355
858 18.8755115600355
880 418.104831492066
880 418.104831492066
880 418.104831492066
880 16.2976506140842
880 46.407466436374
880 46.407466436374
880 0.208960843373494
880 0.208960843373494
880 0.120625281164897
880 0
880 0
880 0.160325333507038
880 28.3919163700434
880 28.3919163700434
880 0
880 0.77906543442073
880 0
880 0
880 1.0345236079077
880 18.8755115600355
880 18.8755115600355
881 418.104831492066
881 418.104831492066
881 418.104831492066
881 16.2976506140842
881 46.407466436374
881 46.407466436374
881 0.208960843373494
881 0.208960843373494
881 0.120625281164897
881 0
881 0
881 0.160325333507038
881 28.3919163700434
881 28.3919163700434
881 0
881 0.77906543442073
881 0
881 0
881 1.0345236079077
881 18.8755115600355
881 18.8755115600355
958 418.104831492066
958 418.104831492066
958 418.104831492066
958 16.2976506140842
958 46.407466436374
958 46.407466436374
958 0.208960843373494
958 0.208960843373494
958 0.120625281164897
958 0
958 0
958 0.160325333507038
958 28.3919163700434
958 28.3919163700434
958 0
958 0.77906543442073
958 0
958 0
958 1.0345236079077
958 18.8755115600355
958 18.8755115600355
959 418.104831492066
959 418.104831492066
959 418.104831492066
959 16.2976506140842
959 46.407466436374
959 46.407466436374
959 0.208960843373494
959 0.208960843373494
959 0.120625281164897
959 0
959 0
959 0.160325333507038
959 28.3919163700434
959 28.3919163700434
959 0
959 0.77906543442073
959 0
959 0
959 1.0345236079077
959 18.8755115600355
959 18.8755115600355
1028 418.104831492066
1028 418.104831492066
1028 418.104831492066
1028 16.2976506140842
1028 46.407466436374
1028 46.407466436374
1028 0.208960843373494
1028 0.208960843373494
1028 0.120625281164897
1028 0
1028 0
1028 0.160325333507038
1028 28.3919163700434
1028 28.3919163700434
1028 0
1028 0.77906543442073
1028 0
1028 0
1028 1.0345236079077
1028 18.8755115600355
1028 18.8755115600355
1029 418.104831492066
1029 418.104831492066
1029 418.104831492066
1029 16.2976506140842
1029 46.407466436374
1029 46.407466436374
1029 0.208960843373494
1029 0.208960843373494
1029 0.120625281164897
1029 0
1029 0
1029 0.160325333507038
1029 28.3919163700434
1029 28.3919163700434
1029 0
1029 0.77906543442073
1029 0
1029 0
1029 1.0345236079077
1029 18.8755115600355
1029 18.8755115600355
1030 418.104831492066
1030 418.104831492066
1030 418.104831492066
1030 16.2976506140842
1030 46.407466436374
1030 46.407466436374
1030 0.208960843373494
1030 0.208960843373494
1030 0.120625281164897
1030 0
1030 0
1030 0.160325333507038
1030 28.3919163700434
1030 28.3919163700434
1030 0
1030 0.77906543442073
1030 0
1030 0
1030 1.0345236079077
1030 18.8755115600355
1030 18.8755115600355
1032 418.104831492066
1032 418.104831492066
1032 418.104831492066
1032 16.2976506140842
1032 46.407466436374
1032 46.407466436374
1032 0.208960843373494
1032 0.208960843373494
1032 0.120625281164897
1032 0
1032 0
1032 0.160325333507038
1032 28.3919163700434
1032 28.3919163700434
1032 0
1032 0.77906543442073
1032 0
1032 0
1032 1.0345236079077
1032 18.8755115600355
1032 18.8755115600355
1038 418.104831492066
1038 418.104831492066
1038 418.104831492066
1038 16.2976506140842
1038 46.407466436374
1038 46.407466436374
1038 0.208960843373494
1038 0.208960843373494
1038 0.120625281164897
1038 0
1038 0
1038 0.160325333507038
1038 28.3919163700434
1038 28.3919163700434
1038 0
1038 0.77906543442073
1038 0
1038 0
1038 1.0345236079077
1038 18.8755115600355
1038 18.8755115600355
1041 418.104831492066
1041 418.104831492066
1041 418.104831492066
1041 16.2976506140842
1041 46.407466436374
1041 46.407466436374
1041 0.208960843373494
1041 0.208960843373494
1041 0.120625281164897
1041 0
1041 0
1041 0.160325333507038
1041 28.3919163700434
1041 28.3919163700434
1041 0
1041 0.77906543442073
1041 0
1041 0
1041 1.0345236079077
1041 18.8755115600355
1041 18.8755115600355
1042 418.104831492066
1042 418.104831492066
1042 418.104831492066
1042 16.2976506140842
1042 46.407466436374
1042 46.407466436374
1042 0.208960843373494
1042 0.208960843373494
1042 0.120625281164897
1042 0
1042 0
1042 0.160325333507038
1042 28.3919163700434
1042 28.3919163700434
1042 0
1042 0.77906543442073
1042 0
1042 0
1042 1.0345236079077
1042 18.8755115600355
1042 18.8755115600355
1043 418.104831492066
1043 418.104831492066
1043 418.104831492066
1043 16.2976506140842
1043 46.407466436374
1043 46.407466436374
1043 0.208960843373494
1043 0.208960843373494
1043 0.120625281164897
1043 0
1043 0
1043 0.160325333507038
1043 28.3919163700434
1043 28.3919163700434
1043 0
1043 0.77906543442073
1043 0
1043 0
1043 1.0345236079077
1043 18.8755115600355
1043 18.8755115600355
1101 418.104831492066
1101 418.104831492066
1101 418.104831492066
1101 16.2976506140842
1101 46.407466436374
1101 46.407466436374
1101 0.208960843373494
1101 0.208960843373494
1101 0.120625281164897
1101 0
1101 0
1101 0.160325333507038
1101 28.3919163700434
1101 28.3919163700434
1101 0
1101 0.77906543442073
1101 0
1101 0
1101 1.0345236079077
1101 18.8755115600355
1101 18.8755115600355
1113 418.104831492066
1113 418.104831492066
1113 418.104831492066
1113 16.2976506140842
1113 46.407466436374
1113 46.407466436374
1113 0.208960843373494
1113 0.208960843373494
1113 0.120625281164897
1113 0
1113 0
1113 0.160325333507038
1113 28.3919163700434
1113 28.3919163700434
1113 0
1113 0.77906543442073
1113 0
1113 0
1113 1.0345236079077
1113 18.8755115600355
1113 18.8755115600355
1114 418.104831492066
1114 418.104831492066
1114 418.104831492066
1114 16.2976506140842
1114 46.407466436374
1114 46.407466436374
1114 0.208960843373494
1114 0.208960843373494
1114 0.120625281164897
1114 0
1114 0
1114 0.160325333507038
1114 28.3919163700434
1114 28.3919163700434
1114 0
1114 0.77906543442073
1114 0
1114 0
1114 1.0345236079077
1114 18.8755115600355
1114 18.8755115600355
1115 418.104831492066
1115 418.104831492066
1115 418.104831492066
1115 16.2976506140842
1115 46.407466436374
1115 46.407466436374
1115 0.208960843373494
1115 0.208960843373494
1115 0.120625281164897
1115 0
1115 0
1115 0.160325333507038
1115 28.3919163700434
1115 28.3919163700434
1115 0
1115 0.77906543442073
1115 0
1115 0
1115 1.0345236079077
1115 18.8755115600355
1115 18.8755115600355
1116 418.104831492066
1116 418.104831492066
1116 418.104831492066
1116 16.2976506140842
1116 46.407466436374
1116 46.407466436374
1116 0.208960843373494
1116 0.208960843373494
1116 0.120625281164897
1116 0
1116 0
1116 0.160325333507038
1116 28.3919163700434
1116 28.3919163700434
1116 0
1116 0.77906543442073
1116 0
1116 0
1116 1.0345236079077
1116 18.8755115600355
1116 18.8755115600355
1126 418.104831492066
1126 418.104831492066
1126 418.104831492066
1126 16.2976506140842
1126 46.407466436374
1126 46.407466436374
1126 0.208960843373494
1126 0.208960843373494
1126 0.120625281164897
1126 0
1126 0
1126 0.160325333507038
1126 28.3919163700434
1126 28.3919163700434
1126 0
1126 0.77906543442073
1126 0
1126 0
1126 1.0345236079077
1126 18.8755115600355
1126 18.8755115600355
1185 418.104831492066
1185 418.104831492066
1185 418.104831492066
1185 16.2976506140842
1185 46.407466436374
1185 46.407466436374
1185 0.208960843373494
1185 0.208960843373494
1185 0.120625281164897
1185 0
1185 0
1185 0.160325333507038
1185 28.3919163700434
1185 28.3919163700434
1185 0
1185 0.77906543442073
1185 0
1185 0
1185 1.0345236079077
1185 18.8755115600355
1185 18.8755115600355
1199 418.104831492066
1199 418.104831492066
1199 418.104831492066
1199 16.2976506140842
1199 46.407466436374
1199 46.407466436374
1199 0.208960843373494
1199 0.208960843373494
1199 0.120625281164897
1199 0
1199 0
1199 0.160325333507038
1199 28.3919163700434
1199 28.3919163700434
1199 0
1199 0.77906543442073
1199 0
1199 0
1199 1.0345236079077
1199 18.8755115600355
1199 18.8755115600355
1200 418.104831492066
1200 418.104831492066
1200 418.104831492066
1200 16.2976506140842
1200 46.407466436374
1200 46.407466436374
1200 0.208960843373494
1200 0.208960843373494
1200 0.120625281164897
1200 0
1200 0
1200 0.160325333507038
1200 28.3919163700434
1200 28.3919163700434
1200 0
1200 0.77906543442073
1200 0
1200 0
1200 1.0345236079077
1200 18.8755115600355
1200 18.8755115600355
1202 418.104831492066
1202 418.104831492066
1202 418.104831492066
1202 16.2976506140842
1202 46.407466436374
1202 46.407466436374
1202 0.208960843373494
1202 0.208960843373494
1202 0.120625281164897
1202 0
1202 0
1202 0.160325333507038
1202 28.3919163700434
1202 28.3919163700434
1202 0
1202 0.77906543442073
1202 0
1202 0
1202 1.0345236079077
1202 18.8755115600355
1202 18.8755115600355
1203 418.104831492066
1203 418.104831492066
1203 418.104831492066
1203 16.2976506140842
1203 46.407466436374
1203 46.407466436374
1203 0.208960843373494
1203 0.208960843373494
1203 0.120625281164897
1203 0
1203 0
1203 0.160325333507038
1203 28.3919163700434
1203 28.3919163700434
1203 0
1203 0.77906543442073
1203 0
1203 0
1203 1.0345236079077
1203 18.8755115600355
1203 18.8755115600355
1207 418.104831492066
1207 418.104831492066
1207 418.104831492066
1207 16.2976506140842
1207 46.407466436374
1207 46.407466436374
1207 0.208960843373494
1207 0.208960843373494
1207 0.120625281164897
1207 0
1207 0
1207 0.160325333507038
1207 28.3919163700434
1207 28.3919163700434
1207 0
1207 0.77906543442073
1207 0
1207 0
1207 1.0345236079077
1207 18.8755115600355
1207 18.8755115600355
1211 418.104831492066
1211 418.104831492066
1211 418.104831492066
1211 16.2976506140842
1211 46.407466436374
1211 46.407466436374
1211 0.208960843373494
1211 0.208960843373494
1211 0.120625281164897
1211 0
1211 0
1211 0.160325333507038
1211 28.3919163700434
1211 28.3919163700434
1211 0
1211 0.77906543442073
1211 0
1211 0
1211 1.0345236079077
1211 18.8755115600355
1211 18.8755115600355
1266 418.104831492066
1266 418.104831492066
1266 418.104831492066
1266 16.2976506140842
1266 46.407466436374
1266 46.407466436374
1266 0.208960843373494
1266 0.208960843373494
1266 0.120625281164897
1266 0
1266 0
1266 0.160325333507038
1266 28.3919163700434
1266 28.3919163700434
1266 0
1266 0.77906543442073
1266 0
1266 0
1266 1.0345236079077
1266 18.8755115600355
1266 18.8755115600355
1271 418.104831492066
1271 418.104831492066
1271 418.104831492066
1271 16.2976506140842
1271 46.407466436374
1271 46.407466436374
1271 0.208960843373494
1271 0.208960843373494
1271 0.120625281164897
1271 0
1271 0
1271 0.160325333507038
1271 28.3919163700434
1271 28.3919163700434
1271 0
1271 0.77906543442073
1271 0
1271 0
1271 1.0345236079077
1271 18.8755115600355
1271 18.8755115600355
1283 418.104831492066
1283 418.104831492066
1283 418.104831492066
1283 16.2976506140842
1283 46.407466436374
1283 46.407466436374
1283 0.208960843373494
1283 0.208960843373494
1283 0.120625281164897
1283 0
1283 0
1283 0.160325333507038
1283 28.3919163700434
1283 28.3919163700434
1283 0
1283 0.77906543442073
1283 0
1283 0
1283 1.0345236079077
1283 18.8755115600355
1283 18.8755115600355
1292 418.104831492066
1292 418.104831492066
1292 418.104831492066
1292 16.2976506140842
1292 46.407466436374
1292 46.407466436374
1292 0.208960843373494
1292 0.208960843373494
1292 0.120625281164897
1292 0
1292 0
1292 0.160325333507038
1292 28.3919163700434
1292 28.3919163700434
1292 0
1292 0.77906543442073
1292 0
1292 0
1292 1.0345236079077
1292 18.8755115600355
1292 18.8755115600355
1386 418.104831492066
1386 418.104831492066
1386 418.104831492066
1386 16.2976506140842
1386 46.407466436374
1386 46.407466436374
1386 0.208960843373494
1386 0.208960843373494
1386 0.120625281164897
1386 0
1386 0
1386 0.160325333507038
1386 28.3919163700434
1386 28.3919163700434
1386 0
1386 0.77906543442073
1386 0
1386 0
1386 1.0345236079077
1386 18.8755115600355
1386 18.8755115600355
1369 418.104831492066
1369 418.104831492066
1369 418.104831492066
1369 16.2976506140842
1369 46.407466436374
1369 46.407466436374
1369 0.208960843373494
1369 0.208960843373494
1369 0.120625281164897
1369 0
1369 0
1369 0.160325333507038
1369 28.3919163700434
1369 28.3919163700434
1369 0
1369 0.77906543442073
1369 0
1369 0
1369 1.0345236079077
1369 18.8755115600355
1369 18.8755115600355
1370 418.104831492066
1370 418.104831492066
1370 418.104831492066
1370 16.2976506140842
1370 46.407466436374
1370 46.407466436374
1370 0.208960843373494
1370 0.208960843373494
1370 0.120625281164897
1370 0
1370 0
1370 0.160325333507038
1370 28.3919163700434
1370 28.3919163700434
1370 0
1370 0.77906543442073
1370 0
1370 0
1370 1.0345236079077
1370 18.8755115600355
1370 18.8755115600355
1371 418.104831492066
1371 418.104831492066
1371 418.104831492066
1371 16.2976506140842
1371 46.407466436374
1371 46.407466436374
1371 0.208960843373494
1371 0.208960843373494
1371 0.120625281164897
1371 0
1371 0
1371 0.160325333507038
1371 28.3919163700434
1371 28.3919163700434
1371 0
1371 0.77906543442073
1371 0
1371 0
1371 1.0345236079077
1371 18.8755115600355
1371 18.8755115600355
1457 418.104831492066
1457 418.104831492066
1457 418.104831492066
1457 16.2976506140842
1457 46.407466436374
1457 46.407466436374
1457 0.208960843373494
1457 0.208960843373494
1457 0.120625281164897
1457 0
1457 0
1457 0.160325333507038
1457 28.3919163700434
1457 28.3919163700434
1457 0
1457 0.77906543442073
1457 0
1457 0
1457 1.0345236079077
1457 18.8755115600355
1457 18.8755115600355
1437 418.104831492066
1437 418.104831492066
1437 418.104831492066
1437 16.2976506140842
1437 46.407466436374
1437 46.407466436374
1437 0.208960843373494
1437 0.208960843373494
1437 0.120625281164897
1437 0
1437 0
1437 0.160325333507038
1437 28.3919163700434
1437 28.3919163700434
1437 0
1437 0.77906543442073
1437 0
1437 0
1437 1.0345236079077
1437 18.8755115600355
1437 18.8755115600355
1478 418.104831492066
1478 418.104831492066
1478 418.104831492066
1478 16.2976506140842
1478 46.407466436374
1478 46.407466436374
1478 0.208960843373494
1478 0.208960843373494
1478 0.120625281164897
1478 0
1478 0
1478 0.160325333507038
1478 28.3919163700434
1478 28.3919163700434
1478 0
1478 0.77906543442073
1478 0
1478 0
1478 1.0345236079077
1478 18.8755115600355
1478 18.8755115600355
1439 418.104831492066
1439 418.104831492066
1439 418.104831492066
1439 16.2976506140842
1439 46.407466436374
1439 46.407466436374
1439 0.208960843373494
1439 0.208960843373494
1439 0.120625281164897
1439 0
1439 0
1439 0.160325333507038
1439 28.3919163700434
1439 28.3919163700434
1439 0
1439 0.77906543442073
1439 0
1439 0
1439 1.0345236079077
1439 18.8755115600355
1439 18.8755115600355
1441 418.104831492066
1441 418.104831492066
1441 418.104831492066
1441 16.2976506140842
1441 46.407466436374
1441 46.407466436374
1441 0.208960843373494
1441 0.208960843373494
1441 0.120625281164897
1441 0
1441 0
1441 0.160325333507038
1441 28.3919163700434
1441 28.3919163700434
1441 0
1441 0.77906543442073
1441 0
1441 0
1441 1.0345236079077
1441 18.8755115600355
1441 18.8755115600355
1443 418.104831492066
1443 418.104831492066
1443 418.104831492066
1443 16.2976506140842
1443 46.407466436374
1443 46.407466436374
1443 0.208960843373494
1443 0.208960843373494
1443 0.120625281164897
1443 0
1443 0
1443 0.160325333507038
1443 28.3919163700434
1443 28.3919163700434
1443 0
1443 0.77906543442073
1443 0
1443 0
1443 1.0345236079077
1443 18.8755115600355
1443 18.8755115600355
1498 418.104831492066
1498 418.104831492066
1498 418.104831492066
1498 16.2976506140842
1498 46.407466436374
1498 46.407466436374
1498 0.208960843373494
1498 0.208960843373494
1498 0.120625281164897
1498 0
1498 0
1498 0.160325333507038
1498 28.3919163700434
1498 28.3919163700434
1498 0
1498 0.77906543442073
1498 0
1498 0
1498 1.0345236079077
1498 18.8755115600355
1498 18.8755115600355
1500 418.104831492066
1500 418.104831492066
1500 418.104831492066
1500 16.2976506140842
1500 46.407466436374
1500 46.407466436374
1500 0.208960843373494
1500 0.208960843373494
1500 0.120625281164897
1500 0
1500 0
1500 0.160325333507038
1500 28.3919163700434
1500 28.3919163700434
1500 0
1500 0.77906543442073
1500 0
1500 0
1500 1.0345236079077
1500 18.8755115600355
1500 18.8755115600355
1506 418.104831492066
1506 418.104831492066
1506 418.104831492066
1506 16.2976506140842
1506 46.407466436374
1506 46.407466436374
1506 0.208960843373494
1506 0.208960843373494
1506 0.120625281164897
1506 0
1506 0
1506 0.160325333507038
1506 28.3919163700434
1506 28.3919163700434
1506 0
1506 0.77906543442073
1506 0
1506 0
1506 1.0345236079077
1506 18.8755115600355
1506 18.8755115600355
1582 418.104831492066
1582 418.104831492066
1582 418.104831492066
1582 16.2976506140842
1582 46.407466436374
1582 46.407466436374
1582 0.208960843373494
1582 0.208960843373494
1582 0.120625281164897
1582 0
1582 0
1582 0.160325333507038
1582 28.3919163700434
1582 28.3919163700434
1582 0
1582 0.77906543442073
1582 0
1582 0
1582 1.0345236079077
1582 18.8755115600355
1582 18.8755115600355
1572 418.104831492066
1572 418.104831492066
1572 418.104831492066
1572 16.2976506140842
1572 46.407466436374
1572 46.407466436374
1572 0.208960843373494
1572 0.208960843373494
1572 0.120625281164897
1572 0
1572 0
1572 0.160325333507038
1572 28.3919163700434
1572 28.3919163700434
1572 0
1572 0.77906543442073
1572 0
1572 0
1572 1.0345236079077
1572 18.8755115600355
1572 18.8755115600355
2040 418.104831492066
2040 418.104831492066
2040 418.104831492066
2040 16.2976506140842
2040 46.407466436374
2040 46.407466436374
2040 0.208960843373494
2040 0.208960843373494
2040 0.120625281164897
2040 0
2040 0
2040 0.160325333507038
2040 28.3919163700434
2040 28.3919163700434
2040 0
2040 0.77906543442073
2040 0
2040 0
2040 1.0345236079077
2040 18.8755115600355
2040 18.8755115600355
2319 418.104831492066
2319 418.104831492066
2319 418.104831492066
2319 16.2976506140842
2319 46.407466436374
2319 46.407466436374
2319 0.208960843373494
2319 0.208960843373494
2319 0.120625281164897
2319 0
2319 0
2319 0.160325333507038
2319 28.3919163700434
2319 28.3919163700434
2319 0
2319 0.77906543442073
2319 0
2319 0
2319 1.0345236079077
2319 18.8755115600355
2319 18.8755115600355
