pt_graph met
18 15
25 15
27 15
37 15
38 15
66 15
109 15
152 15
232 15
276 15
277 15
290 15
291 15
342 15
353 15
357 15
402 15
410 15
464 15
466 15
475 15
487 15
524 15
538 15
539 15
540 15
542 15
545 15
553 15
569 15
605 15
616 15
617 15
643 15
694 15
773 15
774 15
775 15
786 15
835 15
856 15
880 15
881 15
928 15
931 15
934 15
935 15
959 15
960 15
1003 15
1009 15
1029 15
1031 15
1032 15
1033 15
1041 15
1042 15
1043 15
1094 15
1101 15
1112 15
1113 15
1115 15
1116 15
1126 15
1183 15
1185 15
1186 15
1199 15
1200 15
1203 15
1205 15
1206 15
1207 15
1208 15
1209 15
1210 15
1211 15
1251 15
1266 15
1288 15
1290 15
1291 15
1292 15
1293 15
1338 15
1339 15
1349 15
1366 15
1367 15
1370 15
1371 15
1406 15
1408 15
1413 15
1441 15
1503 15
1506 15
1570 15
1571 15
1667 15
1709 15
1731 15
1732 15
1798 15
1825 15
1935 15
1964 15
8172 14
8606 15
