pt_graph cpue_kghour
18 210.281268258411
18 210.281268258411
18 210.281268258411
18 20.8067518496165
18 23.2056739280931
18 23.2056739280931
18 459.008976304555
18 459.008976304555
18 0.0608357884701686
18 0
18 0
18 0.160325333507038
18 16.6213429906482
18 16.6213429906482
18 0
18 0.390562137247492
18 19043.9248124804
18 19043.9248124804
18 0.52328452794662
18 85.3755657853193
18 85.3755657853193
25 210.281268258411
25 210.281268258411
25 210.281268258411
25 20.8067518496165
25 23.2056739280931
25 23.2056739280931
25 459.008976304555
25 459.008976304555
25 0.0608357884701686
25 0
25 0
25 0.160325333507038
25 16.6213429906482
25 16.6213429906482
25 0
25 0.390562137247492
25 19043.9248124804
25 19043.9248124804
25 0.52328452794662
25 85.3755657853193
25 85.3755657853193
38 210.281268258411
38 210.281268258411
38 210.281268258411
38 20.8067518496165
38 23.2056739280931
38 23.2056739280931
38 459.008976304555
38 459.008976304555
38 0.0608357884701686
38 0
38 0
38 0.160325333507038
38 16.6213429906482
38 16.6213429906482
38 0
38 0.390562137247492
38 19043.9248124804
38 19043.9248124804
38 0.52328452794662
38 85.3755657853193
38 85.3755657853193
117 210.281268258411
117 210.281268258411
117 210.281268258411
117 20.8067518496165
117 23.2056739280931
117 23.2056739280931
117 459.008976304555
117 459.008976304555
117 0.0608357884701686
117 0
117 0
117 0.160325333507038
117 16.6213429906482
117 16.6213429906482
117 0
117 0.390562137247492
117 19043.9248124804
117 19043.9248124804
117 0.52328452794662
117 85.3755657853193
117 85.3755657853193
164 210.281268258411
164 210.281268258411
164 210.281268258411
164 20.8067518496165
164 23.2056739280931
164 23.2056739280931
164 459.008976304555
164 459.008976304555
164 0.0608357884701686
164 0
164 0
164 0.160325333507038
164 16.6213429906482
164 16.6213429906482
164 0
164 0.390562137247492
164 19043.9248124804
164 19043.9248124804
164 0.52328452794662
164 85.3755657853193
164 85.3755657853193
202 210.281268258411
202 210.281268258411
202 210.281268258411
202 20.8067518496165
202 23.2056739280931
202 23.2056739280931
202 459.008976304555
202 459.008976304555
202 0.0608357884701686
202 0
202 0
202 0.160325333507038
202 16.6213429906482
202 16.6213429906482
202 0
202 0.390562137247492
202 19043.9248124804
202 19043.9248124804
202 0.52328452794662
202 85.3755657853193
202 85.3755657853193
130 210.281268258411
130 210.281268258411
130 210.281268258411
130 20.8067518496165
130 23.2056739280931
130 23.2056739280931
130 459.008976304555
130 459.008976304555
130 0.0608357884701686
130 0
130 0
130 0.160325333507038
130 16.6213429906482
130 16.6213429906482
130 0
130 0.390562137247492
130 19043.9248124804
130 19043.9248124804
130 0.52328452794662
130 85.3755657853193
130 85.3755657853193
139 210.281268258411
139 210.281268258411
139 210.281268258411
139 20.8067518496165
139 23.2056739280931
139 23.2056739280931
139 459.008976304555
139 459.008976304555
139 0.0608357884701686
139 0
139 0
139 0.160325333507038
139 16.6213429906482
139 16.6213429906482
139 0
139 0.390562137247492
139 19043.9248124804
139 19043.9248124804
139 0.52328452794662
139 85.3755657853193
139 85.3755657853193
144 210.281268258411
144 210.281268258411
144 210.281268258411
144 20.8067518496165
144 23.2056739280931
144 23.2056739280931
144 459.008976304555
144 459.008976304555
144 0.0608357884701686
144 0
144 0
144 0.160325333507038
144 16.6213429906482
144 16.6213429906482
144 0
144 0.390562137247492
144 19043.9248124804
144 19043.9248124804
144 0.52328452794662
144 85.3755657853193
144 85.3755657853193
310 210.281268258411
310 210.281268258411
310 210.281268258411
310 20.8067518496165
310 23.2056739280931
310 23.2056739280931
310 459.008976304555
310 459.008976304555
310 0.0608357884701686
310 0
310 0
310 0.160325333507038
310 16.6213429906482
310 16.6213429906482
310 0
310 0.390562137247492
310 19043.9248124804
310 19043.9248124804
310 0.52328452794662
310 85.3755657853193
310 85.3755657853193
197 210.281268258411
197 210.281268258411
197 210.281268258411
197 20.8067518496165
197 23.2056739280931
197 23.2056739280931
197 459.008976304555
197 459.008976304555
197 0.0608357884701686
197 0
197 0
197 0.160325333507038
197 16.6213429906482
197 16.6213429906482
197 0
197 0.390562137247492
197 19043.9248124804
197 19043.9248124804
197 0.52328452794662
197 85.3755657853193
197 85.3755657853193
232 210.281268258411
232 210.281268258411
232 210.281268258411
232 20.8067518496165
232 23.2056739280931
232 23.2056739280931
232 459.008976304555
232 459.008976304555
232 0.0608357884701686
232 0
232 0
232 0.160325333507038
232 16.6213429906482
232 16.6213429906482
232 0
232 0.390562137247492
232 19043.9248124804
232 19043.9248124804
232 0.52328452794662
232 85.3755657853193
232 85.3755657853193
324 210.281268258411
324 210.281268258411
324 210.281268258411
324 20.8067518496165
324 23.2056739280931
324 23.2056739280931
324 459.008976304555
324 459.008976304555
324 0.0608357884701686
324 0
324 0
324 0.160325333507038
324 16.6213429906482
324 16.6213429906482
324 0
324 0.390562137247492
324 19043.9248124804
324 19043.9248124804
324 0.52328452794662
324 85.3755657853193
324 85.3755657853193
276 210.281268258411
276 210.281268258411
276 210.281268258411
276 20.8067518496165
276 23.2056739280931
276 23.2056739280931
276 459.008976304555
276 459.008976304555
276 0.0608357884701686
276 0
276 0
276 0.160325333507038
276 16.6213429906482
276 16.6213429906482
276 0
276 0.390562137247492
276 19043.9248124804
276 19043.9248124804
276 0.52328452794662
276 85.3755657853193
276 85.3755657853193
277 210.281268258411
277 210.281268258411
277 210.281268258411
277 20.8067518496165
277 23.2056739280931
277 23.2056739280931
277 459.008976304555
277 459.008976304555
277 0.0608357884701686
277 0
277 0
277 0.160325333507038
277 16.6213429906482
277 16.6213429906482
277 0
277 0.390562137247492
277 19043.9248124804
277 19043.9248124804
277 0.52328452794662
277 85.3755657853193
277 85.3755657853193
291 210.281268258411
291 210.281268258411
291 210.281268258411
291 20.8067518496165
291 23.2056739280931
291 23.2056739280931
291 459.008976304555
291 459.008976304555
291 0.0608357884701686
291 0
291 0
291 0.160325333507038
291 16.6213429906482
291 16.6213429906482
291 0
291 0.390562137247492
291 19043.9248124804
291 19043.9248124804
291 0.52328452794662
291 85.3755657853193
291 85.3755657853193
293 210.281268258411
293 210.281268258411
293 210.281268258411
293 20.8067518496165
293 23.2056739280931
293 23.2056739280931
293 459.008976304555
293 459.008976304555
293 0.0608357884701686
293 0
293 0
293 0.160325333507038
293 16.6213429906482
293 16.6213429906482
293 0
293 0.390562137247492
293 19043.9248124804
293 19043.9248124804
293 0.52328452794662
293 85.3755657853193
293 85.3755657853193
402 210.281268258411
402 210.281268258411
402 210.281268258411
402 20.8067518496165
402 23.2056739280931
402 23.2056739280931
402 459.008976304555
402 459.008976304555
402 0.0608357884701686
402 0
402 0
402 0.160325333507038
402 16.6213429906482
402 16.6213429906482
402 0
402 0.390562137247492
402 19043.9248124804
402 19043.9248124804
402 0.52328452794662
402 85.3755657853193
402 85.3755657853193
353 210.281268258411
353 210.281268258411
353 210.281268258411
353 20.8067518496165
353 23.2056739280931
353 23.2056739280931
353 459.008976304555
353 459.008976304555
353 0.0608357884701686
353 0
353 0
353 0.160325333507038
353 16.6213429906482
353 16.6213429906482
353 0
353 0.390562137247492
353 19043.9248124804
353 19043.9248124804
353 0.52328452794662
353 85.3755657853193
353 85.3755657853193
405 210.281268258411
405 210.281268258411
405 210.281268258411
405 20.8067518496165
405 23.2056739280931
405 23.2056739280931
405 459.008976304555
405 459.008976304555
405 0.0608357884701686
405 0
405 0
405 0.160325333507038
405 16.6213429906482
405 16.6213429906482
405 0
405 0.390562137247492
405 19043.9248124804
405 19043.9248124804
405 0.52328452794662
405 85.3755657853193
405 85.3755657853193
522 210.281268258411
522 210.281268258411
522 210.281268258411
522 20.8067518496165
522 23.2056739280931
522 23.2056739280931
522 459.008976304555
522 459.008976304555
522 0.0608357884701686
522 0
522 0
522 0.160325333507038
522 16.6213429906482
522 16.6213429906482
522 0
522 0.390562137247492
522 19043.9248124804
522 19043.9248124804
522 0.52328452794662
522 85.3755657853193
522 85.3755657853193
421 210.281268258411
421 210.281268258411
421 210.281268258411
421 20.8067518496165
421 23.2056739280931
421 23.2056739280931
421 459.008976304555
421 459.008976304555
421 0.0608357884701686
421 0
421 0
421 0.160325333507038
421 16.6213429906482
421 16.6213429906482
421 0
421 0.390562137247492
421 19043.9248124804
421 19043.9248124804
421 0.52328452794662
421 85.3755657853193
421 85.3755657853193
595 210.281268258411
595 210.281268258411
595 210.281268258411
595 20.8067518496165
595 23.2056739280931
595 23.2056739280931
595 459.008976304555
595 459.008976304555
595 0.0608357884701686
595 0
595 0
595 0.160325333507038
595 16.6213429906482
595 16.6213429906482
595 0
595 0.390562137247492
595 19043.9248124804
595 19043.9248124804
595 0.52328452794662
595 85.3755657853193
595 85.3755657853193
602 210.281268258411
602 210.281268258411
602 210.281268258411
602 20.8067518496165
602 23.2056739280931
602 23.2056739280931
602 459.008976304555
602 459.008976304555
602 0.0608357884701686
602 0
602 0
602 0.160325333507038
602 16.6213429906482
602 16.6213429906482
602 0
602 0.390562137247492
602 19043.9248124804
602 19043.9248124804
602 0.52328452794662
602 85.3755657853193
602 85.3755657853193
539 210.281268258411
539 210.281268258411
539 210.281268258411
539 20.8067518496165
539 23.2056739280931
539 23.2056739280931
539 459.008976304555
539 459.008976304555
539 0.0608357884701686
539 0
539 0
539 0.160325333507038
539 16.6213429906482
539 16.6213429906482
539 0
539 0.390562137247492
539 19043.9248124804
539 19043.9248124804
539 0.52328452794662
539 85.3755657853193
539 85.3755657853193
540 210.281268258411
540 210.281268258411
540 210.281268258411
540 20.8067518496165
540 23.2056739280931
540 23.2056739280931
540 459.008976304555
540 459.008976304555
540 0.0608357884701686
540 0
540 0
540 0.160325333507038
540 16.6213429906482
540 16.6213429906482
540 0
540 0.390562137247492
540 19043.9248124804
540 19043.9248124804
540 0.52328452794662
540 85.3755657853193
540 85.3755657853193
541 210.281268258411
541 210.281268258411
541 210.281268258411
541 20.8067518496165
541 23.2056739280931
541 23.2056739280931
541 459.008976304555
541 459.008976304555
541 0.0608357884701686
541 0
541 0
541 0.160325333507038
541 16.6213429906482
541 16.6213429906482
541 0
541 0.390562137247492
541 19043.9248124804
541 19043.9248124804
541 0.52328452794662
541 85.3755657853193
541 85.3755657853193
487 210.281268258411
487 210.281268258411
487 210.281268258411
487 20.8067518496165
487 23.2056739280931
487 23.2056739280931
487 459.008976304555
487 459.008976304555
487 0.0608357884701686
487 0
487 0
487 0.160325333507038
487 16.6213429906482
487 16.6213429906482
487 0
487 0.390562137247492
487 19043.9248124804
487 19043.9248124804
487 0.52328452794662
487 85.3755657853193
487 85.3755657853193
542 210.281268258411
542 210.281268258411
542 210.281268258411
542 20.8067518496165
542 23.2056739280931
542 23.2056739280931
542 459.008976304555
542 459.008976304555
542 0.0608357884701686
542 0
542 0
542 0.160325333507038
542 16.6213429906482
542 16.6213429906482
542 0
542 0.390562137247492
542 19043.9248124804
542 19043.9248124804
542 0.52328452794662
542 85.3755657853193
542 85.3755657853193
550 210.281268258411
550 210.281268258411
550 210.281268258411
550 20.8067518496165
550 23.2056739280931
550 23.2056739280931
550 459.008976304555
550 459.008976304555
550 0.0608357884701686
550 0
550 0
550 0.160325333507038
550 16.6213429906482
550 16.6213429906482
550 0
550 0.390562137247492
550 19043.9248124804
550 19043.9248124804
550 0.52328452794662
550 85.3755657853193
550 85.3755657853193
678 210.281268258411
678 210.281268258411
678 210.281268258411
678 20.8067518496165
678 23.2056739280931
678 23.2056739280931
678 459.008976304555
678 459.008976304555
678 0.0608357884701686
678 0
678 0
678 0.160325333507038
678 16.6213429906482
678 16.6213429906482
678 0
678 0.390562137247492
678 19043.9248124804
678 19043.9248124804
678 0.52328452794662
678 85.3755657853193
678 85.3755657853193
562 210.281268258411
562 210.281268258411
562 210.281268258411
562 20.8067518496165
562 23.2056739280931
562 23.2056739280931
562 459.008976304555
562 459.008976304555
562 0.0608357884701686
562 0
562 0
562 0.160325333507038
562 16.6213429906482
562 16.6213429906482
562 0
562 0.390562137247492
562 19043.9248124804
562 19043.9248124804
562 0.52328452794662
562 85.3755657853193
562 85.3755657853193
679 210.281268258411
679 210.281268258411
679 210.281268258411
679 20.8067518496165
679 23.2056739280931
679 23.2056739280931
679 459.008976304555
679 459.008976304555
679 0.0608357884701686
679 0
679 0
679 0.160325333507038
679 16.6213429906482
679 16.6213429906482
679 0
679 0.390562137247492
679 19043.9248124804
679 19043.9248124804
679 0.52328452794662
679 85.3755657853193
679 85.3755657853193
564 210.281268258411
564 210.281268258411
564 210.281268258411
564 20.8067518496165
564 23.2056739280931
564 23.2056739280931
564 459.008976304555
564 459.008976304555
564 0.0608357884701686
564 0
564 0
564 0.160325333507038
564 16.6213429906482
564 16.6213429906482
564 0
564 0.390562137247492
564 19043.9248124804
564 19043.9248124804
564 0.52328452794662
564 85.3755657853193
564 85.3755657853193
568 210.281268258411
568 210.281268258411
568 210.281268258411
568 20.8067518496165
568 23.2056739280931
568 23.2056739280931
568 459.008976304555
568 459.008976304555
568 0.0608357884701686
568 0
568 0
568 0.160325333507038
568 16.6213429906482
568 16.6213429906482
568 0
568 0.390562137247492
568 19043.9248124804
568 19043.9248124804
568 0.52328452794662
568 85.3755657853193
568 85.3755657853193
617 210.281268258411
617 210.281268258411
617 210.281268258411
617 20.8067518496165
617 23.2056739280931
617 23.2056739280931
617 459.008976304555
617 459.008976304555
617 0.0608357884701686
617 0
617 0
617 0.160325333507038
617 16.6213429906482
617 16.6213429906482
617 0
617 0.390562137247492
617 19043.9248124804
617 19043.9248124804
617 0.52328452794662
617 85.3755657853193
617 85.3755657853193
618 210.281268258411
618 210.281268258411
618 210.281268258411
618 20.8067518496165
618 23.2056739280931
618 23.2056739280931
618 459.008976304555
618 459.008976304555
618 0.0608357884701686
618 0
618 0
618 0.160325333507038
618 16.6213429906482
618 16.6213429906482
618 0
618 0.390562137247492
618 19043.9248124804
618 19043.9248124804
618 0.52328452794662
618 85.3755657853193
618 85.3755657853193
751 210.281268258411
751 210.281268258411
751 210.281268258411
751 20.8067518496165
751 23.2056739280931
751 23.2056739280931
751 459.008976304555
751 459.008976304555
751 0.0608357884701686
751 0
751 0
751 0.160325333507038
751 16.6213429906482
751 16.6213429906482
751 0
751 0.390562137247492
751 19043.9248124804
751 19043.9248124804
751 0.52328452794662
751 85.3755657853193
751 85.3755657853193
621 210.281268258411
621 210.281268258411
621 210.281268258411
621 20.8067518496165
621 23.2056739280931
621 23.2056739280931
621 459.008976304555
621 459.008976304555
621 0.0608357884701686
621 0
621 0
621 0.160325333507038
621 16.6213429906482
621 16.6213429906482
621 0
621 0.390562137247492
621 19043.9248124804
621 19043.9248124804
621 0.52328452794662
621 85.3755657853193
621 85.3755657853193
760 210.281268258411
760 210.281268258411
760 210.281268258411
760 20.8067518496165
760 23.2056739280931
760 23.2056739280931
760 459.008976304555
760 459.008976304555
760 0.0608357884701686
760 0
760 0
760 0.160325333507038
760 16.6213429906482
760 16.6213429906482
760 0
760 0.390562137247492
760 19043.9248124804
760 19043.9248124804
760 0.52328452794662
760 85.3755657853193
760 85.3755657853193
646 210.281268258411
646 210.281268258411
646 210.281268258411
646 20.8067518496165
646 23.2056739280931
646 23.2056739280931
646 459.008976304555
646 459.008976304555
646 0.0608357884701686
646 0
646 0
646 0.160325333507038
646 16.6213429906482
646 16.6213429906482
646 0
646 0.390562137247492
646 19043.9248124804
646 19043.9248124804
646 0.52328452794662
646 85.3755657853193
646 85.3755657853193
694 210.281268258411
694 210.281268258411
694 210.281268258411
694 20.8067518496165
694 23.2056739280931
694 23.2056739280931
694 459.008976304555
694 459.008976304555
694 0.0608357884701686
694 0
694 0
694 0.160325333507038
694 16.6213429906482
694 16.6213429906482
694 0
694 0.390562137247492
694 19043.9248124804
694 19043.9248124804
694 0.52328452794662
694 85.3755657853193
694 85.3755657853193
773 210.281268258411
773 210.281268258411
773 210.281268258411
773 20.8067518496165
773 23.2056739280931
773 23.2056739280931
773 459.008976304555
773 459.008976304555
773 0.0608357884701686
773 0
773 0
773 0.160325333507038
773 16.6213429906482
773 16.6213429906482
773 0
773 0.390562137247492
773 19043.9248124804
773 19043.9248124804
773 0.52328452794662
773 85.3755657853193
773 85.3755657853193
776 210.281268258411
776 210.281268258411
776 210.281268258411
776 20.8067518496165
776 23.2056739280931
776 23.2056739280931
776 459.008976304555
776 459.008976304555
776 0.0608357884701686
776 0
776 0
776 0.160325333507038
776 16.6213429906482
776 16.6213429906482
776 0
776 0.390562137247492
776 19043.9248124804
776 19043.9248124804
776 0.52328452794662
776 85.3755657853193
776 85.3755657853193
922 210.281268258411
922 210.281268258411
922 210.281268258411
922 20.8067518496165
922 23.2056739280931
922 23.2056739280931
922 459.008976304555
922 459.008976304555
922 0.0608357884701686
922 0
922 0
922 0.160325333507038
922 16.6213429906482
922 16.6213429906482
922 0
922 0.390562137247492
922 19043.9248124804
922 19043.9248124804
922 0.52328452794662
922 85.3755657853193
922 85.3755657853193
797 210.281268258411
797 210.281268258411
797 210.281268258411
797 20.8067518496165
797 23.2056739280931
797 23.2056739280931
797 459.008976304555
797 459.008976304555
797 0.0608357884701686
797 0
797 0
797 0.160325333507038
797 16.6213429906482
797 16.6213429906482
797 0
797 0.390562137247492
797 19043.9248124804
797 19043.9248124804
797 0.52328452794662
797 85.3755657853193
797 85.3755657853193
799 210.281268258411
799 210.281268258411
799 210.281268258411
799 20.8067518496165
799 23.2056739280931
799 23.2056739280931
799 459.008976304555
799 459.008976304555
799 0.0608357884701686
799 0
799 0
799 0.160325333507038
799 16.6213429906482
799 16.6213429906482
799 0
799 0.390562137247492
799 19043.9248124804
799 19043.9248124804
799 0.52328452794662
799 85.3755657853193
799 85.3755657853193
856 210.281268258411
856 210.281268258411
856 210.281268258411
856 20.8067518496165
856 23.2056739280931
856 23.2056739280931
856 459.008976304555
856 459.008976304555
856 0.0608357884701686
856 0
856 0
856 0.160325333507038
856 16.6213429906482
856 16.6213429906482
856 0
856 0.390562137247492
856 19043.9248124804
856 19043.9248124804
856 0.52328452794662
856 85.3755657853193
856 85.3755657853193
857 210.281268258411
857 210.281268258411
857 210.281268258411
857 20.8067518496165
857 23.2056739280931
857 23.2056739280931
857 459.008976304555
857 459.008976304555
857 0.0608357884701686
857 0
857 0
857 0.160325333507038
857 16.6213429906482
857 16.6213429906482
857 0
857 0.390562137247492
857 19043.9248124804
857 19043.9248124804
857 0.52328452794662
857 85.3755657853193
857 85.3755657853193
925 210.281268258411
925 210.281268258411
925 210.281268258411
925 20.8067518496165
925 23.2056739280931
925 23.2056739280931
925 459.008976304555
925 459.008976304555
925 0.0608357884701686
925 0
925 0
925 0.160325333507038
925 16.6213429906482
925 16.6213429906482
925 0
925 0.390562137247492
925 19043.9248124804
925 19043.9248124804
925 0.52328452794662
925 85.3755657853193
925 85.3755657853193
858 210.281268258411
858 210.281268258411
858 210.281268258411
858 20.8067518496165
858 23.2056739280931
858 23.2056739280931
858 459.008976304555
858 459.008976304555
858 0.0608357884701686
858 0
858 0
858 0.160325333507038
858 16.6213429906482
858 16.6213429906482
858 0
858 0.390562137247492
858 19043.9248124804
858 19043.9248124804
858 0.52328452794662
858 85.3755657853193
858 85.3755657853193
932 210.281268258411
932 210.281268258411
932 210.281268258411
932 20.8067518496165
932 23.2056739280931
932 23.2056739280931
932 459.008976304555
932 459.008976304555
932 0.0608357884701686
932 0
932 0
932 0.160325333507038
932 16.6213429906482
932 16.6213429906482
932 0
932 0.390562137247492
932 19043.9248124804
932 19043.9248124804
932 0.52328452794662
932 85.3755657853193
932 85.3755657853193
880 210.281268258411
880 210.281268258411
880 210.281268258411
880 20.8067518496165
880 23.2056739280931
880 23.2056739280931
880 459.008976304555
880 459.008976304555
880 0.0608357884701686
880 0
880 0
880 0.160325333507038
880 16.6213429906482
880 16.6213429906482
880 0
880 0.390562137247492
880 19043.9248124804
880 19043.9248124804
880 0.52328452794662
880 85.3755657853193
880 85.3755657853193
881 210.281268258411
881 210.281268258411
881 210.281268258411
881 20.8067518496165
881 23.2056739280931
881 23.2056739280931
881 459.008976304555
881 459.008976304555
881 0.0608357884701686
881 0
881 0
881 0.160325333507038
881 16.6213429906482
881 16.6213429906482
881 0
881 0.390562137247492
881 19043.9248124804
881 19043.9248124804
881 0.52328452794662
881 85.3755657853193
881 85.3755657853193
934 210.281268258411
934 210.281268258411
934 210.281268258411
934 20.8067518496165
934 23.2056739280931
934 23.2056739280931
934 459.008976304555
934 459.008976304555
934 0.0608357884701686
934 0
934 0
934 0.160325333507038
934 16.6213429906482
934 16.6213429906482
934 0
934 0.390562137247492
934 19043.9248124804
934 19043.9248124804
934 0.52328452794662
934 85.3755657853193
934 85.3755657853193
1080 210.281268258411
1080 210.281268258411
1080 210.281268258411
1080 20.8067518496165
1080 23.2056739280931
1080 23.2056739280931
1080 459.008976304555
1080 459.008976304555
1080 0.0608357884701686
1080 0
1080 0
1080 0.160325333507038
1080 16.6213429906482
1080 16.6213429906482
1080 0
1080 0.390562137247492
1080 19043.9248124804
1080 19043.9248124804
1080 0.52328452794662
1080 85.3755657853193
1080 85.3755657853193
935 210.281268258411
935 210.281268258411
935 210.281268258411
935 20.8067518496165
935 23.2056739280931
935 23.2056739280931
935 459.008976304555
935 459.008976304555
935 0.0608357884701686
935 0
935 0
935 0.160325333507038
935 16.6213429906482
935 16.6213429906482
935 0
935 0.390562137247492
935 19043.9248124804
935 19043.9248124804
935 0.52328452794662
935 85.3755657853193
935 85.3755657853193
1009 210.281268258411
1009 210.281268258411
1009 210.281268258411
1009 20.8067518496165
1009 23.2056739280931
1009 23.2056739280931
1009 459.008976304555
1009 459.008976304555
1009 0.0608357884701686
1009 0
1009 0
1009 0.160325333507038
1009 16.6213429906482
1009 16.6213429906482
1009 0
1009 0.390562137247492
1009 19043.9248124804
1009 19043.9248124804
1009 0.52328452794662
1009 85.3755657853193
1009 85.3755657853193
938 210.281268258411
938 210.281268258411
938 210.281268258411
938 20.8067518496165
938 23.2056739280931
938 23.2056739280931
938 459.008976304555
938 459.008976304555
938 0.0608357884701686
938 0
938 0
938 0.160325333507038
938 16.6213429906482
938 16.6213429906482
938 0
938 0.390562137247492
938 19043.9248124804
938 19043.9248124804
938 0.52328452794662
938 85.3755657853193
938 85.3755657853193
958 210.281268258411
958 210.281268258411
958 210.281268258411
958 20.8067518496165
958 23.2056739280931
958 23.2056739280931
958 459.008976304555
958 459.008976304555
958 0.0608357884701686
958 0
958 0
958 0.160325333507038
958 16.6213429906482
958 16.6213429906482
958 0
958 0.390562137247492
958 19043.9248124804
958 19043.9248124804
958 0.52328452794662
958 85.3755657853193
958 85.3755657853193
959 210.281268258411
959 210.281268258411
959 210.281268258411
959 20.8067518496165
959 23.2056739280931
959 23.2056739280931
959 459.008976304555
959 459.008976304555
959 0.0608357884701686
959 0
959 0
959 0.160325333507038
959 16.6213429906482
959 16.6213429906482
959 0
959 0.390562137247492
959 19043.9248124804
959 19043.9248124804
959 0.52328452794662
959 85.3755657853193
959 85.3755657853193
1091 210.281268258411
1091 210.281268258411
1091 210.281268258411
1091 20.8067518496165
1091 23.2056739280931
1091 23.2056739280931
1091 459.008976304555
1091 459.008976304555
1091 0.0608357884701686
1091 0
1091 0
1091 0.160325333507038
1091 16.6213429906482
1091 16.6213429906482
1091 0
1091 0.390562137247492
1091 19043.9248124804
1091 19043.9248124804
1091 0.52328452794662
1091 85.3755657853193
1091 85.3755657853193
1094 210.281268258411
1094 210.281268258411
1094 210.281268258411
1094 20.8067518496165
1094 23.2056739280931
1094 23.2056739280931
1094 459.008976304555
1094 459.008976304555
1094 0.0608357884701686
1094 0
1094 0
1094 0.160325333507038
1094 16.6213429906482
1094 16.6213429906482
1094 0
1094 0.390562137247492
1094 19043.9248124804
1094 19043.9248124804
1094 0.52328452794662
1094 85.3755657853193
1094 85.3755657853193
8161 210.281268258411
8161 210.281268258411
8161 210.281268258411
8161 20.8067518496165
8161 23.2056739280931
8161 23.2056739280931
8161 459.008976304555
8161 459.008976304555
8161 0.0608357884701686
8161 0
8161 0
8161 0.160325333507038
8161 16.6213429906482
8161 16.6213429906482
8161 0
8161 0.390562137247492
8161 19043.9248124804
8161 19043.9248124804
8161 0.52328452794662
8161 85.3755657853193
8161 85.3755657853193
1319 210.281268258411
1319 210.281268258411
1319 210.281268258411
1319 20.8067518496165
1319 23.2056739280931
1319 23.2056739280931
1319 459.008976304555
1319 459.008976304555
1319 0.0608357884701686
1319 0
1319 0
1319 0.160325333507038
1319 16.6213429906482
1319 16.6213429906482
1319 0
1319 0.390562137247492
1319 19043.9248124804
1319 19043.9248124804
1319 0.52328452794662
1319 85.3755657853193
1319 85.3755657853193
1029 210.281268258411
1029 210.281268258411
1029 210.281268258411
1029 20.8067518496165
1029 23.2056739280931
1029 23.2056739280931
1029 459.008976304555
1029 459.008976304555
1029 0.0608357884701686
1029 0
1029 0
1029 0.160325333507038
1029 16.6213429906482
1029 16.6213429906482
1029 0
1029 0.390562137247492
1029 19043.9248124804
1029 19043.9248124804
1029 0.52328452794662
1029 85.3755657853193
1029 85.3755657853193
1030 210.281268258411
1030 210.281268258411
1030 210.281268258411
1030 20.8067518496165
1030 23.2056739280931
1030 23.2056739280931
1030 459.008976304555
1030 459.008976304555
1030 0.0608357884701686
1030 0
1030 0
1030 0.160325333507038
1030 16.6213429906482
1030 16.6213429906482
1030 0
1030 0.390562137247492
1030 19043.9248124804
1030 19043.9248124804
1030 0.52328452794662
1030 85.3755657853193
1030 85.3755657853193
1031 210.281268258411
1031 210.281268258411
1031 210.281268258411
1031 20.8067518496165
1031 23.2056739280931
1031 23.2056739280931
1031 459.008976304555
1031 459.008976304555
1031 0.0608357884701686
1031 0
1031 0
1031 0.160325333507038
1031 16.6213429906482
1031 16.6213429906482
1031 0
1031 0.390562137247492
1031 19043.9248124804
1031 19043.9248124804
1031 0.52328452794662
1031 85.3755657853193
1031 85.3755657853193
1032 210.281268258411
1032 210.281268258411
1032 210.281268258411
1032 20.8067518496165
1032 23.2056739280931
1032 23.2056739280931
1032 459.008976304555
1032 459.008976304555
1032 0.0608357884701686
1032 0
1032 0
1032 0.160325333507038
1032 16.6213429906482
1032 16.6213429906482
1032 0
1032 0.390562137247492
1032 19043.9248124804
1032 19043.9248124804
1032 0.52328452794662
1032 85.3755657853193
1032 85.3755657853193
1036 210.281268258411
1036 210.281268258411
1036 210.281268258411
1036 20.8067518496165
1036 23.2056739280931
1036 23.2056739280931
1036 459.008976304555
1036 459.008976304555
1036 0.0608357884701686
1036 0
1036 0
1036 0.160325333507038
1036 16.6213429906482
1036 16.6213429906482
1036 0
1036 0.390562137247492
1036 19043.9248124804
1036 19043.9248124804
1036 0.52328452794662
1036 85.3755657853193
1036 85.3755657853193
1038 210.281268258411
1038 210.281268258411
1038 210.281268258411
1038 20.8067518496165
1038 23.2056739280931
1038 23.2056739280931
1038 459.008976304555
1038 459.008976304555
1038 0.0608357884701686
1038 0
1038 0
1038 0.160325333507038
1038 16.6213429906482
1038 16.6213429906482
1038 0
1038 0.390562137247492
1038 19043.9248124804
1038 19043.9248124804
1038 0.52328452794662
1038 85.3755657853193
1038 85.3755657853193
1040 210.281268258411
1040 210.281268258411
1040 210.281268258411
1040 20.8067518496165
1040 23.2056739280931
1040 23.2056739280931
1040 459.008976304555
1040 459.008976304555
1040 0.0608357884701686
1040 0
1040 0
1040 0.160325333507038
1040 16.6213429906482
1040 16.6213429906482
1040 0
1040 0.390562137247492
1040 19043.9248124804
1040 19043.9248124804
1040 0.52328452794662
1040 85.3755657853193
1040 85.3755657853193
1041 210.281268258411
1041 210.281268258411
1041 210.281268258411
1041 20.8067518496165
1041 23.2056739280931
1041 23.2056739280931
1041 459.008976304555
1041 459.008976304555
1041 0.0608357884701686
1041 0
1041 0
1041 0.160325333507038
1041 16.6213429906482
1041 16.6213429906482
1041 0
1041 0.390562137247492
1041 19043.9248124804
1041 19043.9248124804
1041 0.52328452794662
1041 85.3755657853193
1041 85.3755657853193
1042 210.281268258411
1042 210.281268258411
1042 210.281268258411
1042 20.8067518496165
1042 23.2056739280931
1042 23.2056739280931
1042 459.008976304555
1042 459.008976304555
1042 0.0608357884701686
1042 0
1042 0
1042 0.160325333507038
1042 16.6213429906482
1042 16.6213429906482
1042 0
1042 0.390562137247492
1042 19043.9248124804
1042 19043.9248124804
1042 0.52328452794662
1042 85.3755657853193
1042 85.3755657853193
1043 210.281268258411
1043 210.281268258411
1043 210.281268258411
1043 20.8067518496165
1043 23.2056739280931
1043 23.2056739280931
1043 459.008976304555
1043 459.008976304555
1043 0.0608357884701686
1043 0
1043 0
1043 0.160325333507038
1043 16.6213429906482
1043 16.6213429906482
1043 0
1043 0.390562137247492
1043 19043.9248124804
1043 19043.9248124804
1043 0.52328452794662
1043 85.3755657853193
1043 85.3755657853193
1101 210.281268258411
1101 210.281268258411
1101 210.281268258411
1101 20.8067518496165
1101 23.2056739280931
1101 23.2056739280931
1101 459.008976304555
1101 459.008976304555
1101 0.0608357884701686
1101 0
1101 0
1101 0.160325333507038
1101 16.6213429906482
1101 16.6213429906482
1101 0
1101 0.390562137247492
1101 19043.9248124804
1101 19043.9248124804
1101 0.52328452794662
1101 85.3755657853193
1101 85.3755657853193
1173 210.281268258411
1173 210.281268258411
1173 210.281268258411
1173 20.8067518496165
1173 23.2056739280931
1173 23.2056739280931
1173 459.008976304555
1173 459.008976304555
1173 0.0608357884701686
1173 0
1173 0
1173 0.160325333507038
1173 16.6213429906482
1173 16.6213429906482
1173 0
1173 0.390562137247492
1173 19043.9248124804
1173 19043.9248124804
1173 0.52328452794662
1173 85.3755657853193
1173 85.3755657853193
1112 210.281268258411
1112 210.281268258411
1112 210.281268258411
1112 20.8067518496165
1112 23.2056739280931
1112 23.2056739280931
1112 459.008976304555
1112 459.008976304555
1112 0.0608357884701686
1112 0
1112 0
1112 0.160325333507038
1112 16.6213429906482
1112 16.6213429906482
1112 0
1112 0.390562137247492
1112 19043.9248124804
1112 19043.9248124804
1112 0.52328452794662
1112 85.3755657853193
1112 85.3755657853193
1113 210.281268258411
1113 210.281268258411
1113 210.281268258411
1113 20.8067518496165
1113 23.2056739280931
1113 23.2056739280931
1113 459.008976304555
1113 459.008976304555
1113 0.0608357884701686
1113 0
1113 0
1113 0.160325333507038
1113 16.6213429906482
1113 16.6213429906482
1113 0
1113 0.390562137247492
1113 19043.9248124804
1113 19043.9248124804
1113 0.52328452794662
1113 85.3755657853193
1113 85.3755657853193
1114 210.281268258411
1114 210.281268258411
1114 210.281268258411
1114 20.8067518496165
1114 23.2056739280931
1114 23.2056739280931
1114 459.008976304555
1114 459.008976304555
1114 0.0608357884701686
1114 0
1114 0
1114 0.160325333507038
1114 16.6213429906482
1114 16.6213429906482
1114 0
1114 0.390562137247492
1114 19043.9248124804
1114 19043.9248124804
1114 0.52328452794662
1114 85.3755657853193
1114 85.3755657853193
1115 210.281268258411
1115 210.281268258411
1115 210.281268258411
1115 20.8067518496165
1115 23.2056739280931
1115 23.2056739280931
1115 459.008976304555
1115 459.008976304555
1115 0.0608357884701686
1115 0
1115 0
1115 0.160325333507038
1115 16.6213429906482
1115 16.6213429906482
1115 0
1115 0.390562137247492
1115 19043.9248124804
1115 19043.9248124804
1115 0.52328452794662
1115 85.3755657853193
1115 85.3755657853193
1116 210.281268258411
1116 210.281268258411
1116 210.281268258411
1116 20.8067518496165
1116 23.2056739280931
1116 23.2056739280931
1116 459.008976304555
1116 459.008976304555
1116 0.0608357884701686
1116 0
1116 0
1116 0.160325333507038
1116 16.6213429906482
1116 16.6213429906482
1116 0
1116 0.390562137247492
1116 19043.9248124804
1116 19043.9248124804
1116 0.52328452794662
1116 85.3755657853193
1116 85.3755657853193
1118 210.281268258411
1118 210.281268258411
1118 210.281268258411
1118 20.8067518496165
1118 23.2056739280931
1118 23.2056739280931
1118 459.008976304555
1118 459.008976304555
1118 0.0608357884701686
1118 0
1118 0
1118 0.160325333507038
1118 16.6213429906482
1118 16.6213429906482
1118 0
1118 0.390562137247492
1118 19043.9248124804
1118 19043.9248124804
1118 0.52328452794662
1118 85.3755657853193
1118 85.3755657853193
1125 210.281268258411
1125 210.281268258411
1125 210.281268258411
1125 20.8067518496165
1125 23.2056739280931
1125 23.2056739280931
1125 459.008976304555
1125 459.008976304555
1125 0.0608357884701686
1125 0
1125 0
1125 0.160325333507038
1125 16.6213429906482
1125 16.6213429906482
1125 0
1125 0.390562137247492
1125 19043.9248124804
1125 19043.9248124804
1125 0.52328452794662
1125 85.3755657853193
1125 85.3755657853193
1126 210.281268258411
1126 210.281268258411
1126 210.281268258411
1126 20.8067518496165
1126 23.2056739280931
1126 23.2056739280931
1126 459.008976304555
1126 459.008976304555
1126 0.0608357884701686
1126 0
1126 0
1126 0.160325333507038
1126 16.6213429906482
1126 16.6213429906482
1126 0
1126 0.390562137247492
1126 19043.9248124804
1126 19043.9248124804
1126 0.52328452794662
1126 85.3755657853193
1126 85.3755657853193
1185 210.281268258411
1185 210.281268258411
1185 210.281268258411
1185 20.8067518496165
1185 23.2056739280931
1185 23.2056739280931
1185 459.008976304555
1185 459.008976304555
1185 0.0608357884701686
1185 0
1185 0
1185 0.160325333507038
1185 16.6213429906482
1185 16.6213429906482
1185 0
1185 0.390562137247492
1185 19043.9248124804
1185 19043.9248124804
1185 0.52328452794662
1185 85.3755657853193
1185 85.3755657853193
1197 210.281268258411
1197 210.281268258411
1197 210.281268258411
1197 20.8067518496165
1197 23.2056739280931
1197 23.2056739280931
1197 459.008976304555
1197 459.008976304555
1197 0.0608357884701686
1197 0
1197 0
1197 0.160325333507038
1197 16.6213429906482
1197 16.6213429906482
1197 0
1197 0.390562137247492
1197 19043.9248124804
1197 19043.9248124804
1197 0.52328452794662
1197 85.3755657853193
1197 85.3755657853193
1200 210.281268258411
1200 210.281268258411
1200 210.281268258411
1200 20.8067518496165
1200 23.2056739280931
1200 23.2056739280931
1200 459.008976304555
1200 459.008976304555
1200 0.0608357884701686
1200 0
1200 0
1200 0.160325333507038
1200 16.6213429906482
1200 16.6213429906482
1200 0
1200 0.390562137247492
1200 19043.9248124804
1200 19043.9248124804
1200 0.52328452794662
1200 85.3755657853193
1200 85.3755657853193
1202 210.281268258411
1202 210.281268258411
1202 210.281268258411
1202 20.8067518496165
1202 23.2056739280931
1202 23.2056739280931
1202 459.008976304555
1202 459.008976304555
1202 0.0608357884701686
1202 0
1202 0
1202 0.160325333507038
1202 16.6213429906482
1202 16.6213429906482
1202 0
1202 0.390562137247492
1202 19043.9248124804
1202 19043.9248124804
1202 0.52328452794662
1202 85.3755657853193
1202 85.3755657853193
1203 210.281268258411
1203 210.281268258411
1203 210.281268258411
1203 20.8067518496165
1203 23.2056739280931
1203 23.2056739280931
1203 459.008976304555
1203 459.008976304555
1203 0.0608357884701686
1203 0
1203 0
1203 0.160325333507038
1203 16.6213429906482
1203 16.6213429906482
1203 0
1203 0.390562137247492
1203 19043.9248124804
1203 19043.9248124804
1203 0.52328452794662
1203 85.3755657853193
1203 85.3755657853193
1205 210.281268258411
1205 210.281268258411
1205 210.281268258411
1205 20.8067518496165
1205 23.2056739280931
1205 23.2056739280931
1205 459.008976304555
1205 459.008976304555
1205 0.0608357884701686
1205 0
1205 0
1205 0.160325333507038
1205 16.6213429906482
1205 16.6213429906482
1205 0
1205 0.390562137247492
1205 19043.9248124804
1205 19043.9248124804
1205 0.52328452794662
1205 85.3755657853193
1205 85.3755657853193
1207 210.281268258411
1207 210.281268258411
1207 210.281268258411
1207 20.8067518496165
1207 23.2056739280931
1207 23.2056739280931
1207 459.008976304555
1207 459.008976304555
1207 0.0608357884701686
1207 0
1207 0
1207 0.160325333507038
1207 16.6213429906482
1207 16.6213429906482
1207 0
1207 0.390562137247492
1207 19043.9248124804
1207 19043.9248124804
1207 0.52328452794662
1207 85.3755657853193
1207 85.3755657853193
1209 210.281268258411
1209 210.281268258411
1209 210.281268258411
1209 20.8067518496165
1209 23.2056739280931
1209 23.2056739280931
1209 459.008976304555
1209 459.008976304555
1209 0.0608357884701686
1209 0
1209 0
1209 0.160325333507038
1209 16.6213429906482
1209 16.6213429906482
1209 0
1209 0.390562137247492
1209 19043.9248124804
1209 19043.9248124804
1209 0.52328452794662
1209 85.3755657853193
1209 85.3755657853193
1210 210.281268258411
1210 210.281268258411
1210 210.281268258411
1210 20.8067518496165
1210 23.2056739280931
1210 23.2056739280931
1210 459.008976304555
1210 459.008976304555
1210 0.0608357884701686
1210 0
1210 0
1210 0.160325333507038
1210 16.6213429906482
1210 16.6213429906482
1210 0
1210 0.390562137247492
1210 19043.9248124804
1210 19043.9248124804
1210 0.52328452794662
1210 85.3755657853193
1210 85.3755657853193
1211 210.281268258411
1211 210.281268258411
1211 210.281268258411
1211 20.8067518496165
1211 23.2056739280931
1211 23.2056739280931
1211 459.008976304555
1211 459.008976304555
1211 0.0608357884701686
1211 0
1211 0
1211 0.160325333507038
1211 16.6213429906482
1211 16.6213429906482
1211 0
1211 0.390562137247492
1211 19043.9248124804
1211 19043.9248124804
1211 0.52328452794662
1211 85.3755657853193
1211 85.3755657853193
1292 210.281268258411
1292 210.281268258411
1292 210.281268258411
1292 20.8067518496165
1292 23.2056739280931
1292 23.2056739280931
1292 459.008976304555
1292 459.008976304555
1292 0.0608357884701686
1292 0
1292 0
1292 0.160325333507038
1292 16.6213429906482
1292 16.6213429906482
1292 0
1292 0.390562137247492
1292 19043.9248124804
1292 19043.9248124804
1292 0.52328452794662
1292 85.3755657853193
1292 85.3755657853193
1293 210.281268258411
1293 210.281268258411
1293 210.281268258411
1293 20.8067518496165
1293 23.2056739280931
1293 23.2056739280931
1293 459.008976304555
1293 459.008976304555
1293 0.0608357884701686
1293 0
1293 0
1293 0.160325333507038
1293 16.6213429906482
1293 16.6213429906482
1293 0
1293 0.390562137247492
1293 19043.9248124804
1293 19043.9248124804
1293 0.52328452794662
1293 85.3755657853193
1293 85.3755657853193
1407 210.281268258411
1407 210.281268258411
1407 210.281268258411
1407 20.8067518496165
1407 23.2056739280931
1407 23.2056739280931
1407 459.008976304555
1407 459.008976304555
1407 0.0608357884701686
1407 0
1407 0
1407 0.160325333507038
1407 16.6213429906482
1407 16.6213429906482
1407 0
1407 0.390562137247492
1407 19043.9248124804
1407 19043.9248124804
1407 0.52328452794662
1407 85.3755657853193
1407 85.3755657853193
1361 210.281268258411
1361 210.281268258411
1361 210.281268258411
1361 20.8067518496165
1361 23.2056739280931
1361 23.2056739280931
1361 459.008976304555
1361 459.008976304555
1361 0.0608357884701686
1361 0
1361 0
1361 0.160325333507038
1361 16.6213429906482
1361 16.6213429906482
1361 0
1361 0.390562137247492
1361 19043.9248124804
1361 19043.9248124804
1361 0.52328452794662
1361 85.3755657853193
1361 85.3755657853193
1368 210.281268258411
1368 210.281268258411
1368 210.281268258411
1368 20.8067518496165
1368 23.2056739280931
1368 23.2056739280931
1368 459.008976304555
1368 459.008976304555
1368 0.0608357884701686
1368 0
1368 0
1368 0.160325333507038
1368 16.6213429906482
1368 16.6213429906482
1368 0
1368 0.390562137247492
1368 19043.9248124804
1368 19043.9248124804
1368 0.52328452794662
1368 85.3755657853193
1368 85.3755657853193
1370 210.281268258411
1370 210.281268258411
1370 210.281268258411
1370 20.8067518496165
1370 23.2056739280931
1370 23.2056739280931
1370 459.008976304555
1370 459.008976304555
1370 0.0608357884701686
1370 0
1370 0
1370 0.160325333507038
1370 16.6213429906482
1370 16.6213429906482
1370 0
1370 0.390562137247492
1370 19043.9248124804
1370 19043.9248124804
1370 0.52328452794662
1370 85.3755657853193
1370 85.3755657853193
1371 210.281268258411
1371 210.281268258411
1371 210.281268258411
1371 20.8067518496165
1371 23.2056739280931
1371 23.2056739280931
1371 459.008976304555
1371 459.008976304555
1371 0.0608357884701686
1371 0
1371 0
1371 0.160325333507038
1371 16.6213429906482
1371 16.6213429906482
1371 0
1371 0.390562137247492
1371 19043.9248124804
1371 19043.9248124804
1371 0.52328452794662
1371 85.3755657853193
1371 85.3755657853193
1473 210.281268258411
1473 210.281268258411
1473 210.281268258411
1473 20.8067518496165
1473 23.2056739280931
1473 23.2056739280931
1473 459.008976304555
1473 459.008976304555
1473 0.0608357884701686
1473 0
1473 0
1473 0.160325333507038
1473 16.6213429906482
1473 16.6213429906482
1473 0
1473 0.390562137247492
1473 19043.9248124804
1473 19043.9248124804
1473 0.52328452794662
1473 85.3755657853193
1473 85.3755657853193
1440 210.281268258411
1440 210.281268258411
1440 210.281268258411
1440 20.8067518496165
1440 23.2056739280931
1440 23.2056739280931
1440 459.008976304555
1440 459.008976304555
1440 0.0608357884701686
1440 0
1440 0
1440 0.160325333507038
1440 16.6213429906482
1440 16.6213429906482
1440 0
1440 0.390562137247492
1440 19043.9248124804
1440 19043.9248124804
1440 0.52328452794662
1440 85.3755657853193
1440 85.3755657853193
1441 210.281268258411
1441 210.281268258411
1441 210.281268258411
1441 20.8067518496165
1441 23.2056739280931
1441 23.2056739280931
1441 459.008976304555
1441 459.008976304555
1441 0.0608357884701686
1441 0
1441 0
1441 0.160325333507038
1441 16.6213429906482
1441 16.6213429906482
1441 0
1441 0.390562137247492
1441 19043.9248124804
1441 19043.9248124804
1441 0.52328452794662
1441 85.3755657853193
1441 85.3755657853193
1443 210.281268258411
1443 210.281268258411
1443 210.281268258411
1443 20.8067518496165
1443 23.2056739280931
1443 23.2056739280931
1443 459.008976304555
1443 459.008976304555
1443 0.0608357884701686
1443 0
1443 0
1443 0.160325333507038
1443 16.6213429906482
1443 16.6213429906482
1443 0
1443 0.390562137247492
1443 19043.9248124804
1443 19043.9248124804
1443 0.52328452794662
1443 85.3755657853193
1443 85.3755657853193
1506 210.281268258411
1506 210.281268258411
1506 210.281268258411
1506 20.8067518496165
1506 23.2056739280931
1506 23.2056739280931
1506 459.008976304555
1506 459.008976304555
1506 0.0608357884701686
1506 0
1506 0
1506 0.160325333507038
1506 16.6213429906482
1506 16.6213429906482
1506 0
1506 0.390562137247492
1506 19043.9248124804
1506 19043.9248124804
1506 0.52328452794662
1506 85.3755657853193
1506 85.3755657853193
1601 210.281268258411
1601 210.281268258411
1601 210.281268258411
1601 20.8067518496165
1601 23.2056739280931
1601 23.2056739280931
1601 459.008976304555
1601 459.008976304555
1601 0.0608357884701686
1601 0
1601 0
1601 0.160325333507038
1601 16.6213429906482
1601 16.6213429906482
1601 0
1601 0.390562137247492
1601 19043.9248124804
1601 19043.9248124804
1601 0.52328452794662
1601 85.3755657853193
1601 85.3755657853193
1759 210.281268258411
1759 210.281268258411
1759 210.281268258411
1759 20.8067518496165
1759 23.2056739280931
1759 23.2056739280931
1759 459.008976304555
1759 459.008976304555
1759 0.0608357884701686
1759 0
1759 0
1759 0.160325333507038
1759 16.6213429906482
1759 16.6213429906482
1759 0
1759 0.390562137247492
1759 19043.9248124804
1759 19043.9248124804
1759 0.52328452794662
1759 85.3755657853193
1759 85.3755657853193
