pt_graph scale
18 418.104831492066
18 418.104831492066
18 418.104831492066
18 16.2976506140842
18 46.407466436374
18 46.407466436374
18 0.208960843373494
18 0.208960843373494
18 0.120625281164897
18 0
18 0
18 0.160325333507038
18 28.3919163700434
18 28.3919163700434
18 0
18 0.77906543442073
18 0
18 0
18 1.0345236079077
18 18.8755115600355
18 18.8755115600355
25 418.104831492066
25 418.104831492066
25 418.104831492066
25 16.2976506140842
25 46.407466436374
25 46.407466436374
25 0.208960843373494
25 0.208960843373494
25 0.120625281164897
25 0
25 0
25 0.160325333507038
25 28.3919163700434
25 28.3919163700434
25 0
25 0.77906543442073
25 0
25 0
25 1.0345236079077
25 18.8755115600355
25 18.8755115600355
26 418.104831492066
26 418.104831492066
26 418.104831492066
26 16.2976506140842
26 46.407466436374
26 46.407466436374
26 0.208960843373494
26 0.208960843373494
26 0.120625281164897
26 0
26 0
26 0.160325333507038
26 28.3919163700434
26 28.3919163700434
26 0
26 0.77906543442073
26 0
26 0
26 1.0345236079077
26 18.8755115600355
26 18.8755115600355
114 418.104831492066
114 418.104831492066
114 418.104831492066
114 16.2976506140842
114 46.407466436374
114 46.407466436374
114 0.208960843373494
114 0.208960843373494
114 0.120625281164897
114 0
114 0
114 0.160325333507038
114 28.3919163700434
114 28.3919163700434
114 0
114 0.77906543442073
114 0
114 0
114 1.0345236079077
114 18.8755115600355
114 18.8755115600355
38 418.104831492066
38 418.104831492066
38 418.104831492066
38 16.2976506140842
38 46.407466436374
38 46.407466436374
38 0.208960843373494
38 0.208960843373494
38 0.120625281164897
38 0
38 0
38 0.160325333507038
38 28.3919163700434
38 28.3919163700434
38 0
38 0.77906543442073
38 0
38 0
38 1.0345236079077
38 18.8755115600355
38 18.8755115600355
39 418.104831492066
39 418.104831492066
39 418.104831492066
39 16.2976506140842
39 46.407466436374
39 46.407466436374
39 0.208960843373494
39 0.208960843373494
39 0.120625281164897
39 0
39 0
39 0.160325333507038
39 28.3919163700434
39 28.3919163700434
39 0
39 0.77906543442073
39 0
39 0
39 1.0345236079077
39 18.8755115600355
39 18.8755115600355
115 418.104831492066
115 418.104831492066
115 418.104831492066
115 16.2976506140842
115 46.407466436374
115 46.407466436374
115 0.208960843373494
115 0.208960843373494
115 0.120625281164897
115 0
115 0
115 0.160325333507038
115 28.3919163700434
115 28.3919163700434
115 0
115 0.77906543442073
115 0
115 0
115 1.0345236079077
115 18.8755115600355
115 18.8755115600355
117 418.104831492066
117 418.104831492066
117 418.104831492066
117 16.2976506140842
117 46.407466436374
117 46.407466436374
117 0.208960843373494
117 0.208960843373494
117 0.120625281164897
117 0
117 0
117 0.160325333507038
117 28.3919163700434
117 28.3919163700434
117 0
117 0.77906543442073
117 0
117 0
117 1.0345236079077
117 18.8755115600355
117 18.8755115600355
159 418.104831492066
159 418.104831492066
159 418.104831492066
159 16.2976506140842
159 46.407466436374
159 46.407466436374
159 0.208960843373494
159 0.208960843373494
159 0.120625281164897
159 0
159 0
159 0.160325333507038
159 28.3919163700434
159 28.3919163700434
159 0
159 0.77906543442073
159 0
159 0
159 1.0345236079077
159 18.8755115600355
159 18.8755115600355
160 418.104831492066
160 418.104831492066
160 418.104831492066
160 16.2976506140842
160 46.407466436374
160 46.407466436374
160 0.208960843373494
160 0.208960843373494
160 0.120625281164897
160 0
160 0
160 0.160325333507038
160 28.3919163700434
160 28.3919163700434
160 0
160 0.77906543442073
160 0
160 0
160 1.0345236079077
160 18.8755115600355
160 18.8755115600355
303 418.104831492066
303 418.104831492066
303 418.104831492066
303 16.2976506140842
303 46.407466436374
303 46.407466436374
303 0.208960843373494
303 0.208960843373494
303 0.120625281164897
303 0
303 0
303 0.160325333507038
303 28.3919163700434
303 28.3919163700434
303 0
303 0.77906543442073
303 0
303 0
303 1.0345236079077
303 18.8755115600355
303 18.8755115600355
254 418.104831492066
254 418.104831492066
254 418.104831492066
254 16.2976506140842
254 46.407466436374
254 46.407466436374
254 0.208960843373494
254 0.208960843373494
254 0.120625281164897
254 0
254 0
254 0.160325333507038
254 28.3919163700434
254 28.3919163700434
254 0
254 0.77906543442073
254 0
254 0
254 1.0345236079077
254 18.8755115600355
254 18.8755115600355
183 418.104831492066
183 418.104831492066
183 418.104831492066
183 16.2976506140842
183 46.407466436374
183 46.407466436374
183 0.208960843373494
183 0.208960843373494
183 0.120625281164897
183 0
183 0
183 0.160325333507038
183 28.3919163700434
183 28.3919163700434
183 0
183 0.77906543442073
183 0
183 0
183 1.0345236079077
183 18.8755115600355
183 18.8755115600355
184 418.104831492066
184 418.104831492066
184 418.104831492066
184 16.2976506140842
184 46.407466436374
184 46.407466436374
184 0.208960843373494
184 0.208960843373494
184 0.120625281164897
184 0
184 0
184 0.160325333507038
184 28.3919163700434
184 28.3919163700434
184 0
184 0.77906543442073
184 0
184 0
184 1.0345236079077
184 18.8755115600355
184 18.8755115600355
232 418.104831492066
232 418.104831492066
232 418.104831492066
232 16.2976506140842
232 46.407466436374
232 46.407466436374
232 0.208960843373494
232 0.208960843373494
232 0.120625281164897
232 0
232 0
232 0.160325333507038
232 28.3919163700434
232 28.3919163700434
232 0
232 0.77906543442073
232 0
232 0
232 1.0345236079077
232 18.8755115600355
232 18.8755115600355
276 418.104831492066
276 418.104831492066
276 418.104831492066
276 16.2976506140842
276 46.407466436374
276 46.407466436374
276 0.208960843373494
276 0.208960843373494
276 0.120625281164897
276 0
276 0
276 0.160325333507038
276 28.3919163700434
276 28.3919163700434
276 0
276 0.77906543442073
276 0
276 0
276 1.0345236079077
276 18.8755115600355
276 18.8755115600355
277 418.104831492066
277 418.104831492066
277 418.104831492066
277 16.2976506140842
277 46.407466436374
277 46.407466436374
277 0.208960843373494
277 0.208960843373494
277 0.120625281164897
277 0
277 0
277 0.160325333507038
277 28.3919163700434
277 28.3919163700434
277 0
277 0.77906543442073
277 0
277 0
277 1.0345236079077
277 18.8755115600355
277 18.8755115600355
279 418.104831492066
279 418.104831492066
279 418.104831492066
279 16.2976506140842
279 46.407466436374
279 46.407466436374
279 0.208960843373494
279 0.208960843373494
279 0.120625281164897
279 0
279 0
279 0.160325333507038
279 28.3919163700434
279 28.3919163700434
279 0
279 0.77906543442073
279 0
279 0
279 1.0345236079077
279 18.8755115600355
279 18.8755115600355
280 418.104831492066
280 418.104831492066
280 418.104831492066
280 16.2976506140842
280 46.407466436374
280 46.407466436374
280 0.208960843373494
280 0.208960843373494
280 0.120625281164897
280 0
280 0
280 0.160325333507038
280 28.3919163700434
280 28.3919163700434
280 0
280 0.77906543442073
280 0
280 0
280 1.0345236079077
280 18.8755115600355
280 18.8755115600355
583 418.104831492066
583 418.104831492066
583 418.104831492066
583 16.2976506140842
583 46.407466436374
583 46.407466436374
583 0.208960843373494
583 0.208960843373494
583 0.120625281164897
583 0
583 0
583 0.160325333507038
583 28.3919163700434
583 28.3919163700434
583 0
583 0.77906543442073
583 0
583 0
583 1.0345236079077
583 18.8755115600355
583 18.8755115600355
400 418.104831492066
400 418.104831492066
400 418.104831492066
400 16.2976506140842
400 46.407466436374
400 46.407466436374
400 0.208960843373494
400 0.208960843373494
400 0.120625281164897
400 0
400 0
400 0.160325333507038
400 28.3919163700434
400 28.3919163700434
400 0
400 0.77906543442073
400 0
400 0
400 1.0345236079077
400 18.8755115600355
400 18.8755115600355
402 418.104831492066
402 418.104831492066
402 418.104831492066
402 16.2976506140842
402 46.407466436374
402 46.407466436374
402 0.208960843373494
402 0.208960843373494
402 0.120625281164897
402 0
402 0
402 0.160325333507038
402 28.3919163700434
402 28.3919163700434
402 0
402 0.77906543442073
402 0
402 0
402 1.0345236079077
402 18.8755115600355
402 18.8755115600355
454 418.104831492066
454 418.104831492066
454 418.104831492066
454 16.2976506140842
454 46.407466436374
454 46.407466436374
454 0.208960843373494
454 0.208960843373494
454 0.120625281164897
454 0
454 0
454 0.160325333507038
454 28.3919163700434
454 28.3919163700434
454 0
454 0.77906543442073
454 0
454 0
454 1.0345236079077
454 18.8755115600355
454 18.8755115600355
405 418.104831492066
405 418.104831492066
405 418.104831492066
405 16.2976506140842
405 46.407466436374
405 46.407466436374
405 0.208960843373494
405 0.208960843373494
405 0.120625281164897
405 0
405 0
405 0.160325333507038
405 28.3919163700434
405 28.3919163700434
405 0
405 0.77906543442073
405 0
405 0
405 1.0345236079077
405 18.8755115600355
405 18.8755115600355
467 418.104831492066
467 418.104831492066
467 418.104831492066
467 16.2976506140842
467 46.407466436374
467 46.407466436374
467 0.208960843373494
467 0.208960843373494
467 0.120625281164897
467 0
467 0
467 0.160325333507038
467 28.3919163700434
467 28.3919163700434
467 0
467 0.77906543442073
467 0
467 0
467 1.0345236079077
467 18.8755115600355
467 18.8755115600355
469 418.104831492066
469 418.104831492066
469 418.104831492066
469 16.2976506140842
469 46.407466436374
469 46.407466436374
469 0.208960843373494
469 0.208960843373494
469 0.120625281164897
469 0
469 0
469 0.160325333507038
469 28.3919163700434
469 28.3919163700434
469 0
469 0.77906543442073
469 0
469 0
469 1.0345236079077
469 18.8755115600355
469 18.8755115600355
600 418.104831492066
600 418.104831492066
600 418.104831492066
600 16.2976506140842
600 46.407466436374
600 46.407466436374
600 0.208960843373494
600 0.208960843373494
600 0.120625281164897
600 0
600 0
600 0.160325333507038
600 28.3919163700434
600 28.3919163700434
600 0
600 0.77906543442073
600 0
600 0
600 1.0345236079077
600 18.8755115600355
600 18.8755115600355
481 418.104831492066
481 418.104831492066
481 418.104831492066
481 16.2976506140842
481 46.407466436374
481 46.407466436374
481 0.208960843373494
481 0.208960843373494
481 0.120625281164897
481 0
481 0
481 0.160325333507038
481 28.3919163700434
481 28.3919163700434
481 0
481 0.77906543442073
481 0
481 0
481 1.0345236079077
481 18.8755115600355
481 18.8755115600355
538 418.104831492066
538 418.104831492066
538 418.104831492066
538 16.2976506140842
538 46.407466436374
538 46.407466436374
538 0.208960843373494
538 0.208960843373494
538 0.120625281164897
538 0
538 0
538 0.160325333507038
538 28.3919163700434
538 28.3919163700434
538 0
538 0.77906543442073
538 0
538 0
538 1.0345236079077
538 18.8755115600355
538 18.8755115600355
539 418.104831492066
539 418.104831492066
539 418.104831492066
539 16.2976506140842
539 46.407466436374
539 46.407466436374
539 0.208960843373494
539 0.208960843373494
539 0.120625281164897
539 0
539 0
539 0.160325333507038
539 28.3919163700434
539 28.3919163700434
539 0
539 0.77906543442073
539 0
539 0
539 1.0345236079077
539 18.8755115600355
539 18.8755115600355
604 418.104831492066
604 418.104831492066
604 418.104831492066
604 16.2976506140842
604 46.407466436374
604 46.407466436374
604 0.208960843373494
604 0.208960843373494
604 0.120625281164897
604 0
604 0
604 0.160325333507038
604 28.3919163700434
604 28.3919163700434
604 0
604 0.77906543442073
604 0
604 0
604 1.0345236079077
604 18.8755115600355
604 18.8755115600355
542 418.104831492066
542 418.104831492066
542 418.104831492066
542 16.2976506140842
542 46.407466436374
542 46.407466436374
542 0.208960843373494
542 0.208960843373494
542 0.120625281164897
542 0
542 0
542 0.160325333507038
542 28.3919163700434
542 28.3919163700434
542 0
542 0.77906543442073
542 0
542 0
542 1.0345236079077
542 18.8755115600355
542 18.8755115600355
544 418.104831492066
544 418.104831492066
544 418.104831492066
544 16.2976506140842
544 46.407466436374
544 46.407466436374
544 0.208960843373494
544 0.208960843373494
544 0.120625281164897
544 0
544 0
544 0.160325333507038
544 28.3919163700434
544 28.3919163700434
544 0
544 0.77906543442073
544 0
544 0
544 1.0345236079077
544 18.8755115600355
544 18.8755115600355
617 418.104831492066
617 418.104831492066
617 418.104831492066
617 16.2976506140842
617 46.407466436374
617 46.407466436374
617 0.208960843373494
617 0.208960843373494
617 0.120625281164897
617 0
617 0
617 0.160325333507038
617 28.3919163700434
617 28.3919163700434
617 0
617 0.77906543442073
617 0
617 0
617 1.0345236079077
617 18.8755115600355
617 18.8755115600355
618 418.104831492066
618 418.104831492066
618 418.104831492066
618 16.2976506140842
618 46.407466436374
618 46.407466436374
618 0.208960843373494
618 0.208960843373494
618 0.120625281164897
618 0
618 0
618 0.160325333507038
618 28.3919163700434
618 28.3919163700434
618 0
618 0.77906543442073
618 0
618 0
618 1.0345236079077
618 18.8755115600355
618 18.8755115600355
621 418.104831492066
621 418.104831492066
621 418.104831492066
621 16.2976506140842
621 46.407466436374
621 46.407466436374
621 0.208960843373494
621 0.208960843373494
621 0.120625281164897
621 0
621 0
621 0.160325333507038
621 28.3919163700434
621 28.3919163700434
621 0
621 0.77906543442073
621 0
621 0
621 1.0345236079077
621 18.8755115600355
621 18.8755115600355
756 418.104831492066
756 418.104831492066
756 418.104831492066
756 16.2976506140842
756 46.407466436374
756 46.407466436374
756 0.208960843373494
756 0.208960843373494
756 0.120625281164897
756 0
756 0
756 0.160325333507038
756 28.3919163700434
756 28.3919163700434
756 0
756 0.77906543442073
756 0
756 0
756 1.0345236079077
756 18.8755115600355
756 18.8755115600355
691 418.104831492066
691 418.104831492066
691 418.104831492066
691 16.2976506140842
691 46.407466436374
691 46.407466436374
691 0.208960843373494
691 0.208960843373494
691 0.120625281164897
691 0
691 0
691 0.160325333507038
691 28.3919163700434
691 28.3919163700434
691 0
691 0.77906543442073
691 0
691 0
691 1.0345236079077
691 18.8755115600355
691 18.8755115600355
692 418.104831492066
692 418.104831492066
692 418.104831492066
692 16.2976506140842
692 46.407466436374
692 46.407466436374
692 0.208960843373494
692 0.208960843373494
692 0.120625281164897
692 0
692 0
692 0.160325333507038
692 28.3919163700434
692 28.3919163700434
692 0
692 0.77906543442073
692 0
692 0
692 1.0345236079077
692 18.8755115600355
692 18.8755115600355
694 418.104831492066
694 418.104831492066
694 418.104831492066
694 16.2976506140842
694 46.407466436374
694 46.407466436374
694 0.208960843373494
694 0.208960843373494
694 0.120625281164897
694 0
694 0
694 0.160325333507038
694 28.3919163700434
694 28.3919163700434
694 0
694 0.77906543442073
694 0
694 0
694 1.0345236079077
694 18.8755115600355
694 18.8755115600355
698 418.104831492066
698 418.104831492066
698 418.104831492066
698 16.2976506140842
698 46.407466436374
698 46.407466436374
698 0.208960843373494
698 0.208960843373494
698 0.120625281164897
698 0
698 0
698 0.160325333507038
698 28.3919163700434
698 28.3919163700434
698 0
698 0.77906543442073
698 0
698 0
698 1.0345236079077
698 18.8755115600355
698 18.8755115600355
773 418.104831492066
773 418.104831492066
773 418.104831492066
773 16.2976506140842
773 46.407466436374
773 46.407466436374
773 0.208960843373494
773 0.208960843373494
773 0.120625281164897
773 0
773 0
773 0.160325333507038
773 28.3919163700434
773 28.3919163700434
773 0
773 0.77906543442073
773 0
773 0
773 1.0345236079077
773 18.8755115600355
773 18.8755115600355
774 418.104831492066
774 418.104831492066
774 418.104831492066
774 16.2976506140842
774 46.407466436374
774 46.407466436374
774 0.208960843373494
774 0.208960843373494
774 0.120625281164897
774 0
774 0
774 0.160325333507038
774 28.3919163700434
774 28.3919163700434
774 0
774 0.77906543442073
774 0
774 0
774 1.0345236079077
774 18.8755115600355
774 18.8755115600355
856 418.104831492066
856 418.104831492066
856 418.104831492066
856 16.2976506140842
856 46.407466436374
856 46.407466436374
856 0.208960843373494
856 0.208960843373494
856 0.120625281164897
856 0
856 0
856 0.160325333507038
856 28.3919163700434
856 28.3919163700434
856 0
856 0.77906543442073
856 0
856 0
856 1.0345236079077
856 18.8755115600355
856 18.8755115600355
857 418.104831492066
857 418.104831492066
857 418.104831492066
857 16.2976506140842
857 46.407466436374
857 46.407466436374
857 0.208960843373494
857 0.208960843373494
857 0.120625281164897
857 0
857 0
857 0.160325333507038
857 28.3919163700434
857 28.3919163700434
857 0
857 0.77906543442073
857 0
857 0
857 1.0345236079077
857 18.8755115600355
857 18.8755115600355
925 418.104831492066
925 418.104831492066
925 418.104831492066
925 16.2976506140842
925 46.407466436374
925 46.407466436374
925 0.208960843373494
925 0.208960843373494
925 0.120625281164897
925 0
925 0
925 0.160325333507038
925 28.3919163700434
925 28.3919163700434
925 0
925 0.77906543442073
925 0
925 0
925 1.0345236079077
925 18.8755115600355
925 18.8755115600355
862 418.104831492066
862 418.104831492066
862 418.104831492066
862 16.2976506140842
862 46.407466436374
862 46.407466436374
862 0.208960843373494
862 0.208960843373494
862 0.120625281164897
862 0
862 0
862 0.160325333507038
862 28.3919163700434
862 28.3919163700434
862 0
862 0.77906543442073
862 0
862 0
862 1.0345236079077
862 18.8755115600355
862 18.8755115600355
1312 418.104831492066
1312 418.104831492066
1312 418.104831492066
1312 16.2976506140842
1312 46.407466436374
1312 46.407466436374
1312 0.208960843373494
1312 0.208960843373494
1312 0.120625281164897
1312 0
1312 0
1312 0.160325333507038
1312 28.3919163700434
1312 28.3919163700434
1312 0
1312 0.77906543442073
1312 0
1312 0
1312 1.0345236079077
1312 18.8755115600355
1312 18.8755115600355
930 418.104831492066
930 418.104831492066
930 418.104831492066
930 16.2976506140842
930 46.407466436374
930 46.407466436374
930 0.208960843373494
930 0.208960843373494
930 0.120625281164897
930 0
930 0
930 0.160325333507038
930 28.3919163700434
930 28.3919163700434
930 0
930 0.77906543442073
930 0
930 0
930 1.0345236079077
930 18.8755115600355
930 18.8755115600355
931 418.104831492066
931 418.104831492066
931 418.104831492066
931 16.2976506140842
931 46.407466436374
931 46.407466436374
931 0.208960843373494
931 0.208960843373494
931 0.120625281164897
931 0
931 0
931 0.160325333507038
931 28.3919163700434
931 28.3919163700434
931 0
931 0.77906543442073
931 0
931 0
931 1.0345236079077
931 18.8755115600355
931 18.8755115600355
1009 418.104831492066
1009 418.104831492066
1009 418.104831492066
1009 16.2976506140842
1009 46.407466436374
1009 46.407466436374
1009 0.208960843373494
1009 0.208960843373494
1009 0.120625281164897
1009 0
1009 0
1009 0.160325333507038
1009 28.3919163700434
1009 28.3919163700434
1009 0
1009 0.77906543442073
1009 0
1009 0
1009 1.0345236079077
1009 18.8755115600355
1009 18.8755115600355
1390 418.104831492066
1390 418.104831492066
1390 418.104831492066
1390 16.2976506140842
1390 46.407466436374
1390 46.407466436374
1390 0.208960843373494
1390 0.208960843373494
1390 0.120625281164897
1390 0
1390 0
1390 0.160325333507038
1390 28.3919163700434
1390 28.3919163700434
1390 0
1390 0.77906543442073
1390 0
1390 0
1390 1.0345236079077
1390 18.8755115600355
1390 18.8755115600355
1094 418.104831492066
1094 418.104831492066
1094 418.104831492066
1094 16.2976506140842
1094 46.407466436374
1094 46.407466436374
1094 0.208960843373494
1094 0.208960843373494
1094 0.120625281164897
1094 0
1094 0
1094 0.160325333507038
1094 28.3919163700434
1094 28.3919163700434
1094 0
1094 0.77906543442073
1094 0
1094 0
1094 1.0345236079077
1094 18.8755115600355
1094 18.8755115600355
1028 418.104831492066
1028 418.104831492066
1028 418.104831492066
1028 16.2976506140842
1028 46.407466436374
1028 46.407466436374
1028 0.208960843373494
1028 0.208960843373494
1028 0.120625281164897
1028 0
1028 0
1028 0.160325333507038
1028 28.3919163700434
1028 28.3919163700434
1028 0
1028 0.77906543442073
1028 0
1028 0
1028 1.0345236079077
1028 18.8755115600355
1028 18.8755115600355
1029 418.104831492066
1029 418.104831492066
1029 418.104831492066
1029 16.2976506140842
1029 46.407466436374
1029 46.407466436374
1029 0.208960843373494
1029 0.208960843373494
1029 0.120625281164897
1029 0
1029 0
1029 0.160325333507038
1029 28.3919163700434
1029 28.3919163700434
1029 0
1029 0.77906543442073
1029 0
1029 0
1029 1.0345236079077
1029 18.8755115600355
1029 18.8755115600355
1030 418.104831492066
1030 418.104831492066
1030 418.104831492066
1030 16.2976506140842
1030 46.407466436374
1030 46.407466436374
1030 0.208960843373494
1030 0.208960843373494
1030 0.120625281164897
1030 0
1030 0
1030 0.160325333507038
1030 28.3919163700434
1030 28.3919163700434
1030 0
1030 0.77906543442073
1030 0
1030 0
1030 1.0345236079077
1030 18.8755115600355
1030 18.8755115600355
1031 418.104831492066
1031 418.104831492066
1031 418.104831492066
1031 16.2976506140842
1031 46.407466436374
1031 46.407466436374
1031 0.208960843373494
1031 0.208960843373494
1031 0.120625281164897
1031 0
1031 0
1031 0.160325333507038
1031 28.3919163700434
1031 28.3919163700434
1031 0
1031 0.77906543442073
1031 0
1031 0
1031 1.0345236079077
1031 18.8755115600355
1031 18.8755115600355
1032 418.104831492066
1032 418.104831492066
1032 418.104831492066
1032 16.2976506140842
1032 46.407466436374
1032 46.407466436374
1032 0.208960843373494
1032 0.208960843373494
1032 0.120625281164897
1032 0
1032 0
1032 0.160325333507038
1032 28.3919163700434
1032 28.3919163700434
1032 0
1032 0.77906543442073
1032 0
1032 0
1032 1.0345236079077
1032 18.8755115600355
1032 18.8755115600355
1033 418.104831492066
1033 418.104831492066
1033 418.104831492066
1033 16.2976506140842
1033 46.407466436374
1033 46.407466436374
1033 0.208960843373494
1033 0.208960843373494
1033 0.120625281164897
1033 0
1033 0
1033 0.160325333507038
1033 28.3919163700434
1033 28.3919163700434
1033 0
1033 0.77906543442073
1033 0
1033 0
1033 1.0345236079077
1033 18.8755115600355
1033 18.8755115600355
1242 418.104831492066
1242 418.104831492066
1242 418.104831492066
1242 16.2976506140842
1242 46.407466436374
1242 46.407466436374
1242 0.208960843373494
1242 0.208960843373494
1242 0.120625281164897
1242 0
1242 0
1242 0.160325333507038
1242 28.3919163700434
1242 28.3919163700434
1242 0
1242 0.77906543442073
1242 0
1242 0
1242 1.0345236079077
1242 18.8755115600355
1242 18.8755115600355
1100 418.104831492066
1100 418.104831492066
1100 418.104831492066
1100 16.2976506140842
1100 46.407466436374
1100 46.407466436374
1100 0.208960843373494
1100 0.208960843373494
1100 0.120625281164897
1100 0
1100 0
1100 0.160325333507038
1100 28.3919163700434
1100 28.3919163700434
1100 0
1100 0.77906543442073
1100 0
1100 0
1100 1.0345236079077
1100 18.8755115600355
1100 18.8755115600355
1101 418.104831492066
1101 418.104831492066
1101 418.104831492066
1101 16.2976506140842
1101 46.407466436374
1101 46.407466436374
1101 0.208960843373494
1101 0.208960843373494
1101 0.120625281164897
1101 0
1101 0
1101 0.160325333507038
1101 28.3919163700434
1101 28.3919163700434
1101 0
1101 0.77906543442073
1101 0
1101 0
1101 1.0345236079077
1101 18.8755115600355
1101 18.8755115600355
1396 418.104831492066
1396 418.104831492066
1396 418.104831492066
1396 16.2976506140842
1396 46.407466436374
1396 46.407466436374
1396 0.208960843373494
1396 0.208960843373494
1396 0.120625281164897
1396 0
1396 0
1396 0.160325333507038
1396 28.3919163700434
1396 28.3919163700434
1396 0
1396 0.77906543442073
1396 0
1396 0
1396 1.0345236079077
1396 18.8755115600355
1396 18.8755115600355
1110 418.104831492066
1110 418.104831492066
1110 418.104831492066
1110 16.2976506140842
1110 46.407466436374
1110 46.407466436374
1110 0.208960843373494
1110 0.208960843373494
1110 0.120625281164897
1110 0
1110 0
1110 0.160325333507038
1110 28.3919163700434
1110 28.3919163700434
1110 0
1110 0.77906543442073
1110 0
1110 0
1110 1.0345236079077
1110 18.8755115600355
1110 18.8755115600355
1179 418.104831492066
1179 418.104831492066
1179 418.104831492066
1179 16.2976506140842
1179 46.407466436374
1179 46.407466436374
1179 0.208960843373494
1179 0.208960843373494
1179 0.120625281164897
1179 0
1179 0
1179 0.160325333507038
1179 28.3919163700434
1179 28.3919163700434
1179 0
1179 0.77906543442073
1179 0
1179 0
1179 1.0345236079077
1179 18.8755115600355
1179 18.8755115600355
1112 418.104831492066
1112 418.104831492066
1112 418.104831492066
1112 16.2976506140842
1112 46.407466436374
1112 46.407466436374
1112 0.208960843373494
1112 0.208960843373494
1112 0.120625281164897
1112 0
1112 0
1112 0.160325333507038
1112 28.3919163700434
1112 28.3919163700434
1112 0
1112 0.77906543442073
1112 0
1112 0
1112 1.0345236079077
1112 18.8755115600355
1112 18.8755115600355
1113 418.104831492066
1113 418.104831492066
1113 418.104831492066
1113 16.2976506140842
1113 46.407466436374
1113 46.407466436374
1113 0.208960843373494
1113 0.208960843373494
1113 0.120625281164897
1113 0
1113 0
1113 0.160325333507038
1113 28.3919163700434
1113 28.3919163700434
1113 0
1113 0.77906543442073
1113 0
1113 0
1113 1.0345236079077
1113 18.8755115600355
1113 18.8755115600355
1114 418.104831492066
1114 418.104831492066
1114 418.104831492066
1114 16.2976506140842
1114 46.407466436374
1114 46.407466436374
1114 0.208960843373494
1114 0.208960843373494
1114 0.120625281164897
1114 0
1114 0
1114 0.160325333507038
1114 28.3919163700434
1114 28.3919163700434
1114 0
1114 0.77906543442073
1114 0
1114 0
1114 1.0345236079077
1114 18.8755115600355
1114 18.8755115600355
1115 418.104831492066
1115 418.104831492066
1115 418.104831492066
1115 16.2976506140842
1115 46.407466436374
1115 46.407466436374
1115 0.208960843373494
1115 0.208960843373494
1115 0.120625281164897
1115 0
1115 0
1115 0.160325333507038
1115 28.3919163700434
1115 28.3919163700434
1115 0
1115 0.77906543442073
1115 0
1115 0
1115 1.0345236079077
1115 18.8755115600355
1115 18.8755115600355
1116 418.104831492066
1116 418.104831492066
1116 418.104831492066
1116 16.2976506140842
1116 46.407466436374
1116 46.407466436374
1116 0.208960843373494
1116 0.208960843373494
1116 0.120625281164897
1116 0
1116 0
1116 0.160325333507038
1116 28.3919163700434
1116 28.3919163700434
1116 0
1116 0.77906543442073
1116 0
1116 0
1116 1.0345236079077
1116 18.8755115600355
1116 18.8755115600355
1185 418.104831492066
1185 418.104831492066
1185 418.104831492066
1185 16.2976506140842
1185 46.407466436374
1185 46.407466436374
1185 0.208960843373494
1185 0.208960843373494
1185 0.120625281164897
1185 0
1185 0
1185 0.160325333507038
1185 28.3919163700434
1185 28.3919163700434
1185 0
1185 0.77906543442073
1185 0
1185 0
1185 1.0345236079077
1185 18.8755115600355
1185 18.8755115600355
1199 418.104831492066
1199 418.104831492066
1199 418.104831492066
1199 16.2976506140842
1199 46.407466436374
1199 46.407466436374
1199 0.208960843373494
1199 0.208960843373494
1199 0.120625281164897
1199 0
1199 0
1199 0.160325333507038
1199 28.3919163700434
1199 28.3919163700434
1199 0
1199 0.77906543442073
1199 0
1199 0
1199 1.0345236079077
1199 18.8755115600355
1199 18.8755115600355
1200 418.104831492066
1200 418.104831492066
1200 418.104831492066
1200 16.2976506140842
1200 46.407466436374
1200 46.407466436374
1200 0.208960843373494
1200 0.208960843373494
1200 0.120625281164897
1200 0
1200 0
1200 0.160325333507038
1200 28.3919163700434
1200 28.3919163700434
1200 0
1200 0.77906543442073
1200 0
1200 0
1200 1.0345236079077
1200 18.8755115600355
1200 18.8755115600355
1203 418.104831492066
1203 418.104831492066
1203 418.104831492066
1203 16.2976506140842
1203 46.407466436374
1203 46.407466436374
1203 0.208960843373494
1203 0.208960843373494
1203 0.120625281164897
1203 0
1203 0
1203 0.160325333507038
1203 28.3919163700434
1203 28.3919163700434
1203 0
1203 0.77906543442073
1203 0
1203 0
1203 1.0345236079077
1203 18.8755115600355
1203 18.8755115600355
1266 418.104831492066
1266 418.104831492066
1266 418.104831492066
1266 16.2976506140842
1266 46.407466436374
1266 46.407466436374
1266 0.208960843373494
1266 0.208960843373494
1266 0.120625281164897
1266 0
1266 0
1266 0.160325333507038
1266 28.3919163700434
1266 28.3919163700434
1266 0
1266 0.77906543442073
1266 0
1266 0
1266 1.0345236079077
1266 18.8755115600355
1266 18.8755115600355
1267 418.104831492066
1267 418.104831492066
1267 418.104831492066
1267 16.2976506140842
1267 46.407466436374
1267 46.407466436374
1267 0.208960843373494
1267 0.208960843373494
1267 0.120625281164897
1267 0
1267 0
1267 0.160325333507038
1267 28.3919163700434
1267 28.3919163700434
1267 0
1267 0.77906543442073
1267 0
1267 0
1267 1.0345236079077
1267 18.8755115600355
1267 18.8755115600355
1338 418.104831492066
1338 418.104831492066
1338 418.104831492066
1338 16.2976506140842
1338 46.407466436374
1338 46.407466436374
1338 0.208960843373494
1338 0.208960843373494
1338 0.120625281164897
1338 0
1338 0
1338 0.160325333507038
1338 28.3919163700434
1338 28.3919163700434
1338 0
1338 0.77906543442073
1338 0
1338 0
1338 1.0345236079077
1338 18.8755115600355
1338 18.8755115600355
1406 418.104831492066
1406 418.104831492066
1406 418.104831492066
1406 16.2976506140842
1406 46.407466436374
1406 46.407466436374
1406 0.208960843373494
1406 0.208960843373494
1406 0.120625281164897
1406 0
1406 0
1406 0.160325333507038
1406 28.3919163700434
1406 28.3919163700434
1406 0
1406 0.77906543442073
1406 0
1406 0
1406 1.0345236079077
1406 18.8755115600355
1406 18.8755115600355
1407 418.104831492066
1407 418.104831492066
1407 418.104831492066
1407 16.2976506140842
1407 46.407466436374
1407 46.407466436374
1407 0.208960843373494
1407 0.208960843373494
1407 0.120625281164897
1407 0
1407 0
1407 0.160325333507038
1407 28.3919163700434
1407 28.3919163700434
1407 0
1407 0.77906543442073
1407 0
1407 0
1407 1.0345236079077
1407 18.8755115600355
1407 18.8755115600355
1473 418.104831492066
1473 418.104831492066
1473 418.104831492066
1473 16.2976506140842
1473 46.407466436374
1473 46.407466436374
1473 0.208960843373494
1473 0.208960843373494
1473 0.120625281164897
1473 0
1473 0
1473 0.160325333507038
1473 28.3919163700434
1473 28.3919163700434
1473 0
1473 0.77906543442073
1473 0
1473 0
1473 1.0345236079077
1473 18.8755115600355
1473 18.8755115600355
1434 418.104831492066
1434 418.104831492066
1434 418.104831492066
1434 16.2976506140842
1434 46.407466436374
1434 46.407466436374
1434 0.208960843373494
1434 0.208960843373494
1434 0.120625281164897
1434 0
1434 0
1434 0.160325333507038
1434 28.3919163700434
1434 28.3919163700434
1434 0
1434 0.77906543442073
1434 0
1434 0
1434 1.0345236079077
1434 18.8755115600355
1434 18.8755115600355
1538 418.104831492066
1538 418.104831492066
1538 418.104831492066
1538 16.2976506140842
1538 46.407466436374
1538 46.407466436374
1538 0.208960843373494
1538 0.208960843373494
1538 0.120625281164897
1538 0
1538 0
1538 0.160325333507038
1538 28.3919163700434
1538 28.3919163700434
1538 0
1538 0.77906543442073
1538 0
1538 0
1538 1.0345236079077
1538 18.8755115600355
1538 18.8755115600355
1783 418.104831492066
1783 418.104831492066
1783 418.104831492066
1783 16.2976506140842
1783 46.407466436374
1783 46.407466436374
1783 0.208960843373494
1783 0.208960843373494
1783 0.120625281164897
1783 0
1783 0
1783 0.160325333507038
1783 28.3919163700434
1783 28.3919163700434
1783 0
1783 0.77906543442073
1783 0
1783 0
1783 1.0345236079077
1783 18.8755115600355
1783 18.8755115600355
1608 418.104831492066
1608 418.104831492066
1608 418.104831492066
1608 16.2976506140842
1608 46.407466436374
1608 46.407466436374
1608 0.208960843373494
1608 0.208960843373494
1608 0.120625281164897
1608 0
1608 0
1608 0.160325333507038
1608 28.3919163700434
1608 28.3919163700434
1608 0
1608 0.77906543442073
1608 0
1608 0
1608 1.0345236079077
1608 18.8755115600355
1608 18.8755115600355
1617 418.104831492066
1617 418.104831492066
1617 418.104831492066
1617 16.2976506140842
1617 46.407466436374
1617 46.407466436374
1617 0.208960843373494
1617 0.208960843373494
1617 0.120625281164897
1617 0
1617 0
1617 0.160325333507038
1617 28.3919163700434
1617 28.3919163700434
1617 0
1617 0.77906543442073
1617 0
1617 0
1617 1.0345236079077
1617 18.8755115600355
1617 18.8755115600355
1681 418.104831492066
1681 418.104831492066
1681 418.104831492066
1681 16.2976506140842
1681 46.407466436374
1681 46.407466436374
1681 0.208960843373494
1681 0.208960843373494
1681 0.120625281164897
1681 0
1681 0
1681 0.160325333507038
1681 28.3919163700434
1681 28.3919163700434
1681 0
1681 0.77906543442073
1681 0
1681 0
1681 1.0345236079077
1681 18.8755115600355
1681 18.8755115600355
1741 418.104831492066
1741 418.104831492066
1741 418.104831492066
1741 16.2976506140842
1741 46.407466436374
1741 46.407466436374
1741 0.208960843373494
1741 0.208960843373494
1741 0.120625281164897
1741 0
1741 0
1741 0.160325333507038
1741 28.3919163700434
1741 28.3919163700434
1741 0
1741 0.77906543442073
1741 0
1741 0
1741 1.0345236079077
1741 18.8755115600355
1741 18.8755115600355
1798 418.104831492066
1798 418.104831492066
1798 418.104831492066
1798 16.2976506140842
1798 46.407466436374
1798 46.407466436374
1798 0.208960843373494
1798 0.208960843373494
1798 0.120625281164897
1798 0
1798 0
1798 0.160325333507038
1798 28.3919163700434
1798 28.3919163700434
1798 0
1798 0.77906543442073
1798 0
1798 0
1798 1.0345236079077
1798 18.8755115600355
1798 18.8755115600355
1934 418.104831492066
1934 418.104831492066
1934 418.104831492066
1934 16.2976506140842
1934 46.407466436374
1934 46.407466436374
1934 0.208960843373494
1934 0.208960843373494
1934 0.120625281164897
1934 0
1934 0
1934 0.160325333507038
1934 28.3919163700434
1934 28.3919163700434
1934 0
1934 0.77906543442073
1934 0
1934 0
1934 1.0345236079077
1934 18.8755115600355
1934 18.8755115600355
2289 418.104831492066
2289 418.104831492066
2289 418.104831492066
2289 16.2976506140842
2289 46.407466436374
2289 46.407466436374
2289 0.208960843373494
2289 0.208960843373494
2289 0.120625281164897
2289 0
2289 0
2289 0.160325333507038
2289 28.3919163700434
2289 28.3919163700434
2289 0
2289 0.77906543442073
2289 0
2289 0
2289 1.0345236079077
2289 18.8755115600355
2289 18.8755115600355
2387 418.104831492066
2387 418.104831492066
2387 418.104831492066
2387 16.2976506140842
2387 46.407466436374
2387 46.407466436374
2387 0.208960843373494
2387 0.208960843373494
2387 0.120625281164897
2387 0
2387 0
2387 0.160325333507038
2387 28.3919163700434
2387 28.3919163700434
2387 0
2387 0.77906543442073
2387 0
2387 0
2387 1.0345236079077
2387 18.8755115600355
2387 18.8755115600355
2488 418.104831492066
2488 418.104831492066
2488 418.104831492066
2488 16.2976506140842
2488 46.407466436374
2488 46.407466436374
2488 0.208960843373494
2488 0.208960843373494
2488 0.120625281164897
2488 0
2488 0
2488 0.160325333507038
2488 28.3919163700434
2488 28.3919163700434
2488 0
2488 0.77906543442073
2488 0
2488 0
2488 1.0345236079077
2488 18.8755115600355
2488 18.8755115600355
2539 418.104831492066
2539 418.104831492066
2539 418.104831492066
2539 16.2976506140842
2539 46.407466436374
2539 46.407466436374
2539 0.208960843373494
2539 0.208960843373494
2539 0.120625281164897
2539 0
2539 0
2539 0.160325333507038
2539 28.3919163700434
2539 28.3919163700434
2539 0
2539 0.77906543442073
2539 0
2539 0
2539 1.0345236079077
2539 18.8755115600355
2539 18.8755115600355
2547 418.104831492066
2547 418.104831492066
2547 418.104831492066
2547 16.2976506140842
2547 46.407466436374
2547 46.407466436374
2547 0.208960843373494
2547 0.208960843373494
2547 0.120625281164897
2547 0
2547 0
2547 0.160325333507038
2547 28.3919163700434
2547 28.3919163700434
2547 0
2547 0.77906543442073
2547 0
2547 0
2547 1.0345236079077
2547 18.8755115600355
2547 18.8755115600355
2643 418.104831492066
2643 418.104831492066
2643 418.104831492066
2643 16.2976506140842
2643 46.407466436374
2643 46.407466436374
2643 0.208960843373494
2643 0.208960843373494
2643 0.120625281164897
2643 0
2643 0
2643 0.160325333507038
2643 28.3919163700434
2643 28.3919163700434
2643 0
2643 0.77906543442073
2643 0
2643 0
2643 1.0345236079077
2643 18.8755115600355
2643 18.8755115600355
2647 418.104831492066
2647 418.104831492066
2647 418.104831492066
2647 16.2976506140842
2647 46.407466436374
2647 46.407466436374
2647 0.208960843373494
2647 0.208960843373494
2647 0.120625281164897
2647 0
2647 0
2647 0.160325333507038
2647 28.3919163700434
2647 28.3919163700434
2647 0
2647 0.77906543442073
2647 0
2647 0
2647 1.0345236079077
2647 18.8755115600355
2647 18.8755115600355
2648 418.104831492066
2648 418.104831492066
2648 418.104831492066
2648 16.2976506140842
2648 46.407466436374
2648 46.407466436374
2648 0.208960843373494
2648 0.208960843373494
2648 0.120625281164897
2648 0
2648 0
2648 0.160325333507038
2648 28.3919163700434
2648 28.3919163700434
2648 0
2648 0.77906543442073
2648 0
2648 0
2648 1.0345236079077
2648 18.8755115600355
2648 18.8755115600355
2697 418.104831492066
2697 418.104831492066
2697 418.104831492066
2697 16.2976506140842
2697 46.407466436374
2697 46.407466436374
2697 0.208960843373494
2697 0.208960843373494
2697 0.120625281164897
2697 0
2697 0
2697 0.160325333507038
2697 28.3919163700434
2697 28.3919163700434
2697 0
2697 0.77906543442073
2697 0
2697 0
2697 1.0345236079077
2697 18.8755115600355
2697 18.8755115600355
2698 418.104831492066
2698 418.104831492066
2698 418.104831492066
2698 16.2976506140842
2698 46.407466436374
2698 46.407466436374
2698 0.208960843373494
2698 0.208960843373494
2698 0.120625281164897
2698 0
2698 0
2698 0.160325333507038
2698 28.3919163700434
2698 28.3919163700434
2698 0
2698 0.77906543442073
2698 0
2698 0
2698 1.0345236079077
2698 18.8755115600355
2698 18.8755115600355
2699 418.104831492066
2699 418.104831492066
2699 418.104831492066
2699 16.2976506140842
2699 46.407466436374
2699 46.407466436374
2699 0.208960843373494
2699 0.208960843373494
2699 0.120625281164897
2699 0
2699 0
2699 0.160325333507038
2699 28.3919163700434
2699 28.3919163700434
2699 0
2699 0.77906543442073
2699 0
2699 0
2699 1.0345236079077
2699 18.8755115600355
2699 18.8755115600355
2748 418.104831492066
2748 418.104831492066
2748 418.104831492066
2748 16.2976506140842
2748 46.407466436374
2748 46.407466436374
2748 0.208960843373494
2748 0.208960843373494
2748 0.120625281164897
2748 0
2748 0
2748 0.160325333507038
2748 28.3919163700434
2748 28.3919163700434
2748 0
2748 0.77906543442073
2748 0
2748 0
2748 1.0345236079077
2748 18.8755115600355
2748 18.8755115600355
2749 418.104831492066
2749 418.104831492066
2749 418.104831492066
2749 16.2976506140842
2749 46.407466436374
2749 46.407466436374
2749 0.208960843373494
2749 0.208960843373494
2749 0.120625281164897
2749 0
2749 0
2749 0.160325333507038
2749 28.3919163700434
2749 28.3919163700434
2749 0
2749 0.77906543442073
2749 0
2749 0
2749 1.0345236079077
2749 18.8755115600355
2749 18.8755115600355
2800 418.104831492066
2800 418.104831492066
2800 418.104831492066
2800 16.2976506140842
2800 46.407466436374
2800 46.407466436374
2800 0.208960843373494
2800 0.208960843373494
2800 0.120625281164897
2800 0
2800 0
2800 0.160325333507038
2800 28.3919163700434
2800 28.3919163700434
2800 0
2800 0.77906543442073
2800 0
2800 0
2800 1.0345236079077
2800 18.8755115600355
2800 18.8755115600355
2853 418.104831492066
2853 418.104831492066
2853 418.104831492066
2853 16.2976506140842
2853 46.407466436374
2853 46.407466436374
2853 0.208960843373494
2853 0.208960843373494
2853 0.120625281164897
2853 0
2853 0
2853 0.160325333507038
2853 28.3919163700434
2853 28.3919163700434
2853 0
2853 0.77906543442073
2853 0
2853 0
2853 1.0345236079077
2853 18.8755115600355
2853 18.8755115600355
2854 418.104831492066
2854 418.104831492066
2854 418.104831492066
2854 16.2976506140842
2854 46.407466436374
2854 46.407466436374
2854 0.208960843373494
2854 0.208960843373494
2854 0.120625281164897
2854 0
2854 0
2854 0.160325333507038
2854 28.3919163700434
2854 28.3919163700434
2854 0
2854 0.77906543442073
2854 0
2854 0
2854 1.0345236079077
2854 18.8755115600355
2854 18.8755115600355
2906 418.104831492066
2906 418.104831492066
2906 418.104831492066
2906 16.2976506140842
2906 46.407466436374
2906 46.407466436374
2906 0.208960843373494
2906 0.208960843373494
2906 0.120625281164897
2906 0
2906 0
2906 0.160325333507038
2906 28.3919163700434
2906 28.3919163700434
2906 0
2906 0.77906543442073
2906 0
2906 0
2906 1.0345236079077
2906 18.8755115600355
2906 18.8755115600355
2909 418.104831492066
2909 418.104831492066
2909 418.104831492066
2909 16.2976506140842
2909 46.407466436374
2909 46.407466436374
2909 0.208960843373494
2909 0.208960843373494
2909 0.120625281164897
2909 0
2909 0
2909 0.160325333507038
2909 28.3919163700434
2909 28.3919163700434
2909 0
2909 0.77906543442073
2909 0
2909 0
2909 1.0345236079077
2909 18.8755115600355
2909 18.8755115600355
2965 418.104831492066
2965 418.104831492066
2965 418.104831492066
2965 16.2976506140842
2965 46.407466436374
2965 46.407466436374
2965 0.208960843373494
2965 0.208960843373494
2965 0.120625281164897
2965 0
2965 0
2965 0.160325333507038
2965 28.3919163700434
2965 28.3919163700434
2965 0
2965 0.77906543442073
2965 0
2965 0
2965 1.0345236079077
2965 18.8755115600355
2965 18.8755115600355
3019 418.104831492066
3019 418.104831492066
3019 418.104831492066
3019 16.2976506140842
3019 46.407466436374
3019 46.407466436374
3019 0.208960843373494
3019 0.208960843373494
3019 0.120625281164897
3019 0
3019 0
3019 0.160325333507038
3019 28.3919163700434
3019 28.3919163700434
3019 0
3019 0.77906543442073
3019 0
3019 0
3019 1.0345236079077
3019 18.8755115600355
3019 18.8755115600355
3020 418.104831492066
3020 418.104831492066
3020 418.104831492066
3020 16.2976506140842
3020 46.407466436374
3020 46.407466436374
3020 0.208960843373494
3020 0.208960843373494
3020 0.120625281164897
3020 0
3020 0
3020 0.160325333507038
3020 28.3919163700434
3020 28.3919163700434
3020 0
3020 0.77906543442073
3020 0
3020 0
3020 1.0345236079077
3020 18.8755115600355
3020 18.8755115600355
