pt_graph met
820 14
869 14
875 14
918 14
1024 14
1026 14
1082 14
1219 14
1221 14
1296 14
1380 14
1547 14
1548 14
1549 14
1583 14
1627 14
1665 14
1666 14
1667 14
1711 14
1851 14
1943 14
1945 14
1997 14
2036 14
2038 14
2039 14
2090 14
2130 14
2131 14
2133 14
2134 14
2186 14
2206 14
2225 14
2226 14
2227 14
2229 14
2273 14
2290 14
2315 14
2316 14
2317 14
2318 14
2319 14
2406 14
2407 14
2408 14
2409 14
2411 14
2467 14
2492 14
2493 14
2494 14
2495 14
2496 14
2574 14
2575 14
2576 14
2577 14
2578 14
2579 14
2651 14
2652 14
2653 14
2654 14
2655 14
2718 14
2719 14
2723 14
2724 14
2725 14
2726 14
2786 14
2793 14
2794 14
2795 14
2796 14
2799 14
2857 14
2858 14
2859 14
2863 14
2864 14
2865 14
2866 14
2867 14
2923 14
2924 14
2925 14
2927 14
2930 14
2931 14
2932 14
2934 14
2935 14
2937 14
2988 14
2989 14
2990 14
3034 14
3047 14
3048 14
3049 14
3050 14
3051 14
3089 14
3106 14
3107 14
3108 14
3109 14
3144 14
3157 14
3162 14
3209 14
3213 14
3219 14
3258 14
3260 14
3264 14
3266 14
3267 14
3268 14
3317 14
3320 14
3323 14
3324 14
3327 14
3328 14
3329 14
3374 14
3379 14
3380 14
3424 14
3427 14
3461 14
3470 14
3499 14
3503 14
3506 14
3507 14
3538 14
3540 14
3541 14
3542 14
3578 14
3579 14
3581 14
3582 14
3584 14
3585 14
3617 14
3618 14
3620 14
3622 14
3623 14
3625 14
3630 14
3658 14
3660 14
3661 14
3663 14
3664 14
3665 14
3666 14
3667 14
3698 14
3700 14
3701 14
3702 14
3703 14
3704 14
3829 14
4165 14
4258 14
4291 14
4330 14
4489 14
4514 14
4542 14
4551 14
4630 14
4632 14
4633 14
4642 14
4662 14
4663 14
4665 14
4696 14
4715 14
4729 14
4757 14
4758 14
4789 14
5042 14
5085 14
5132 14
5133 14
5136 14
5173 14
5210 14
5247 14
5284 14
5314 14
5328 14
5358 14
5465 14
5543 14
5559 14
5583 14
5622 14
5623 14
5663 14
5664 14
5704 14
5743 14
5744 14
5745 14
5785 14
5786 14
5787 14
5825 14
5826 14
5827 14
5828 14
5863 14
5864 14
5866 14
5869 14
5871 14
5872 14
5873 14
5874 14
5903 14
5904 14
5905 14
5906 14
5907 14
5909 14
5911 14
5943 14
5944 14
5945 14
5949 14
5950 14
5952 14
5983 14
5984 14
5985 14
5986 14
5987 14
5988 14
5989 14
6024 14
6025 14
6026 14
6028 14
6061 14
6101 14
6134 14
6175 14
6176 14
6702 14
7626 14
