pt_graph scale
2539 0
2539 202.433936371428
2539 202.433936371428
2539 202.433936371428
2539 202.433936371428
2539 0
2539 0
2539 27.5962952471424
2539 27.5962952471424
2539 27.5962952471424
2539 27.5962952471424
2539 0
2539 0
2539 0
2539 0
2539 0
2539 0
2539 0
2539 0
2539 0
2539 0
2539 0
2539 7.40917652370238
2539 7.40917652370238
2539 7.40917652370238
2539 0
2539 0
2539 0
2539 0
2539 0
2539 0
2539 0
2539 1.10350194552529
2539 14.4066951773198
2539 14.4066951773198
2539 0
2539 0
2913 0
2913 202.433936371428
2913 202.433936371428
2913 202.433936371428
2913 202.433936371428
2913 0
2913 0
2913 27.5962952471424
2913 27.5962952471424
2913 27.5962952471424
2913 27.5962952471424
2913 0
2913 0
2913 0
2913 0
2913 0
2913 0
2913 0
2913 0
2913 0
2913 0
2913 0
2913 7.40917652370238
2913 7.40917652370238
2913 7.40917652370238
2913 0
2913 0
2913 0
2913 0
2913 0
2913 0
2913 0
2913 1.10350194552529
2913 14.4066951773198
2913 14.4066951773198
2913 0
2913 0
4161 0
4161 202.433936371428
4161 202.433936371428
4161 202.433936371428
4161 202.433936371428
4161 0
4161 0
4161 27.5962952471424
4161 27.5962952471424
4161 27.5962952471424
4161 27.5962952471424
4161 0
4161 0
4161 0
4161 0
4161 0
4161 0
4161 0
4161 0
4161 0
4161 0
4161 0
4161 7.40917652370238
4161 7.40917652370238
4161 7.40917652370238
4161 0
4161 0
4161 0
4161 0
4161 0
4161 0
4161 0
4161 1.10350194552529
4161 14.4066951773198
4161 14.4066951773198
4161 0
4161 0
4236 0
4236 202.433936371428
4236 202.433936371428
4236 202.433936371428
4236 202.433936371428
4236 0
4236 0
4236 27.5962952471424
4236 27.5962952471424
4236 27.5962952471424
4236 27.5962952471424
4236 0
4236 0
4236 0
4236 0
4236 0
4236 0
4236 0
4236 0
4236 0
4236 0
4236 0
4236 7.40917652370238
4236 7.40917652370238
4236 7.40917652370238
4236 0
4236 0
4236 0
4236 0
4236 0
4236 0
4236 0
4236 1.10350194552529
4236 14.4066951773198
4236 14.4066951773198
4236 0
4236 0
2725 0
2725 202.433936371428
2725 202.433936371428
2725 202.433936371428
2725 202.433936371428
2725 0
2725 0
2725 27.5962952471424
2725 27.5962952471424
2725 27.5962952471424
2725 27.5962952471424
2725 0
2725 0
2725 0
2725 0
2725 0
2725 0
2725 0
2725 0
2725 0
2725 0
2725 0
2725 7.40917652370238
2725 7.40917652370238
2725 7.40917652370238
2725 0
2725 0
2725 0
2725 0
2725 0
2725 0
2725 0
2725 1.10350194552529
2725 14.4066951773198
2725 14.4066951773198
2725 0
2725 0
3680 0
3680 202.433936371428
3680 202.433936371428
3680 202.433936371428
3680 202.433936371428
3680 0
3680 0
3680 27.5962952471424
3680 27.5962952471424
3680 27.5962952471424
3680 27.5962952471424
3680 0
3680 0
3680 0
3680 0
3680 0
3680 0
3680 0
3680 0
3680 0
3680 0
3680 0
3680 7.40917652370238
3680 7.40917652370238
3680 7.40917652370238
3680 0
3680 0
3680 0
3680 0
3680 0
3680 0
3680 0
3680 1.10350194552529
3680 14.4066951773198
3680 14.4066951773198
3680 0
3680 0
3853 0
3853 202.433936371428
3853 202.433936371428
3853 202.433936371428
3853 202.433936371428
3853 0
3853 0
3853 27.5962952471424
3853 27.5962952471424
3853 27.5962952471424
3853 27.5962952471424
3853 0
3853 0
3853 0
3853 0
3853 0
3853 0
3853 0
3853 0
3853 0
3853 0
3853 0
3853 7.40917652370238
3853 7.40917652370238
3853 7.40917652370238
3853 0
3853 0
3853 0
3853 0
3853 0
3853 0
3853 0
3853 1.10350194552529
3853 14.4066951773198
3853 14.4066951773198
3853 0
3853 0
4074 0
4074 202.433936371428
4074 202.433936371428
4074 202.433936371428
4074 202.433936371428
4074 0
4074 0
4074 27.5962952471424
4074 27.5962952471424
4074 27.5962952471424
4074 27.5962952471424
4074 0
4074 0
4074 0
4074 0
4074 0
4074 0
4074 0
4074 0
4074 0
4074 0
4074 0
4074 7.40917652370238
4074 7.40917652370238
4074 7.40917652370238
4074 0
4074 0
4074 0
4074 0
4074 0
4074 0
4074 0
4074 1.10350194552529
4074 14.4066951773198
4074 14.4066951773198
4074 0
4074 0
4119 0
4119 202.433936371428
4119 202.433936371428
4119 202.433936371428
4119 202.433936371428
4119 0
4119 0
4119 27.5962952471424
4119 27.5962952471424
4119 27.5962952471424
4119 27.5962952471424
4119 0
4119 0
4119 0
4119 0
4119 0
4119 0
4119 0
4119 0
4119 0
4119 0
4119 0
4119 7.40917652370238
4119 7.40917652370238
4119 7.40917652370238
4119 0
4119 0
4119 0
4119 0
4119 0
4119 0
4119 0
4119 1.10350194552529
4119 14.4066951773198
4119 14.4066951773198
4119 0
4119 0
4237 0
4237 202.433936371428
4237 202.433936371428
4237 202.433936371428
4237 202.433936371428
4237 0
4237 0
4237 27.5962952471424
4237 27.5962952471424
4237 27.5962952471424
4237 27.5962952471424
4237 0
4237 0
4237 0
4237 0
4237 0
4237 0
4237 0
4237 0
4237 0
4237 0
4237 0
4237 7.40917652370238
4237 7.40917652370238
4237 7.40917652370238
4237 0
4237 0
4237 0
4237 0
4237 0
4237 0
4237 0
4237 1.10350194552529
4237 14.4066951773198
4237 14.4066951773198
4237 0
4237 0
3910 0
3910 202.433936371428
3910 202.433936371428
3910 202.433936371428
3910 202.433936371428
3910 0
3910 0
3910 27.5962952471424
3910 27.5962952471424
3910 27.5962952471424
3910 27.5962952471424
3910 0
3910 0
3910 0
3910 0
3910 0
3910 0
3910 0
3910 0
3910 0
3910 0
3910 0
3910 7.40917652370238
3910 7.40917652370238
3910 7.40917652370238
3910 0
3910 0
3910 0
3910 0
3910 0
3910 0
3910 0
3910 1.10350194552529
3910 14.4066951773198
3910 14.4066951773198
3910 0
3910 0
4024 0
4024 202.433936371428
4024 202.433936371428
4024 202.433936371428
4024 202.433936371428
4024 0
4024 0
4024 27.5962952471424
4024 27.5962952471424
4024 27.5962952471424
4024 27.5962952471424
4024 0
4024 0
4024 0
4024 0
4024 0
4024 0
4024 0
4024 0
4024 0
4024 0
4024 0
4024 7.40917652370238
4024 7.40917652370238
4024 7.40917652370238
4024 0
4024 0
4024 0
4024 0
4024 0
4024 0
4024 0
4024 1.10350194552529
4024 14.4066951773198
4024 14.4066951773198
4024 0
4024 0
4120 0
4120 202.433936371428
4120 202.433936371428
4120 202.433936371428
4120 202.433936371428
4120 0
4120 0
4120 27.5962952471424
4120 27.5962952471424
4120 27.5962952471424
4120 27.5962952471424
4120 0
4120 0
4120 0
4120 0
4120 0
4120 0
4120 0
4120 0
4120 0
4120 0
4120 0
4120 7.40917652370238
4120 7.40917652370238
4120 7.40917652370238
4120 0
4120 0
4120 0
4120 0
4120 0
4120 0
4120 0
4120 1.10350194552529
4120 14.4066951773198
4120 14.4066951773198
4120 0
4120 0
4163 0
4163 202.433936371428
4163 202.433936371428
4163 202.433936371428
4163 202.433936371428
4163 0
4163 0
4163 27.5962952471424
4163 27.5962952471424
4163 27.5962952471424
4163 27.5962952471424
4163 0
4163 0
4163 0
4163 0
4163 0
4163 0
4163 0
4163 0
4163 0
4163 0
4163 0
4163 7.40917652370238
4163 7.40917652370238
4163 7.40917652370238
4163 0
4163 0
4163 0
4163 0
4163 0
4163 0
4163 0
4163 1.10350194552529
4163 14.4066951773198
4163 14.4066951773198
4163 0
4163 0
3619 0
3619 202.433936371428
3619 202.433936371428
3619 202.433936371428
3619 202.433936371428
3619 0
3619 0
3619 27.5962952471424
3619 27.5962952471424
3619 27.5962952471424
3619 27.5962952471424
3619 0
3619 0
3619 0
3619 0
3619 0
3619 0
3619 0
3619 0
3619 0
3619 0
3619 0
3619 7.40917652370238
3619 7.40917652370238
3619 7.40917652370238
3619 0
3619 0
3619 0
3619 0
3619 0
3619 0
3619 0
3619 1.10350194552529
3619 14.4066951773198
3619 14.4066951773198
3619 0
3619 0
4025 0
4025 202.433936371428
4025 202.433936371428
4025 202.433936371428
4025 202.433936371428
4025 0
4025 0
4025 27.5962952471424
4025 27.5962952471424
4025 27.5962952471424
4025 27.5962952471424
4025 0
4025 0
4025 0
4025 0
4025 0
4025 0
4025 0
4025 0
4025 0
4025 0
4025 0
4025 7.40917652370238
4025 7.40917652370238
4025 7.40917652370238
4025 0
4025 0
4025 0
4025 0
4025 0
4025 0
4025 0
4025 1.10350194552529
4025 14.4066951773198
4025 14.4066951773198
4025 0
4025 0
3482 0
3482 202.433936371428
3482 202.433936371428
3482 202.433936371428
3482 202.433936371428
3482 0
3482 0
3482 27.5962952471424
3482 27.5962952471424
3482 27.5962952471424
3482 27.5962952471424
3482 0
3482 0
3482 0
3482 0
3482 0
3482 0
3482 0
3482 0
3482 0
3482 0
3482 0
3482 7.40917652370238
3482 7.40917652370238
3482 7.40917652370238
3482 0
3482 0
3482 0
3482 0
3482 0
3482 0
3482 0
3482 1.10350194552529
3482 14.4066951773198
3482 14.4066951773198
3482 0
3482 0
3743 0
3743 202.433936371428
3743 202.433936371428
3743 202.433936371428
3743 202.433936371428
3743 0
3743 0
3743 27.5962952471424
3743 27.5962952471424
3743 27.5962952471424
3743 27.5962952471424
3743 0
3743 0
3743 0
3743 0
3743 0
3743 0
3743 0
3743 0
3743 0
3743 0
3743 0
3743 7.40917652370238
3743 7.40917652370238
3743 7.40917652370238
3743 0
3743 0
3743 0
3743 0
3743 0
3743 0
3743 0
3743 1.10350194552529
3743 14.4066951773198
3743 14.4066951773198
3743 0
3743 0
3684 0
3684 202.433936371428
3684 202.433936371428
3684 202.433936371428
3684 202.433936371428
3684 0
3684 0
3684 27.5962952471424
3684 27.5962952471424
3684 27.5962952471424
3684 27.5962952471424
3684 0
3684 0
3684 0
3684 0
3684 0
3684 0
3684 0
3684 0
3684 0
3684 0
3684 0
3684 7.40917652370238
3684 7.40917652370238
3684 7.40917652370238
3684 0
3684 0
3684 0
3684 0
3684 0
3684 0
3684 0
3684 1.10350194552529
3684 14.4066951773198
3684 14.4066951773198
3684 0
3684 0
4027 0
4027 202.433936371428
4027 202.433936371428
4027 202.433936371428
4027 202.433936371428
4027 0
4027 0
4027 27.5962952471424
4027 27.5962952471424
4027 27.5962952471424
4027 27.5962952471424
4027 0
4027 0
4027 0
4027 0
4027 0
4027 0
4027 0
4027 0
4027 0
4027 0
4027 0
4027 7.40917652370238
4027 7.40917652370238
4027 7.40917652370238
4027 0
4027 0
4027 0
4027 0
4027 0
4027 0
4027 0
4027 1.10350194552529
4027 14.4066951773198
4027 14.4066951773198
4027 0
4027 0
4486 0
4486 202.433936371428
4486 202.433936371428
4486 202.433936371428
4486 202.433936371428
4486 0
4486 0
4486 27.5962952471424
4486 27.5962952471424
4486 27.5962952471424
4486 27.5962952471424
4486 0
4486 0
4486 0
4486 0
4486 0
4486 0
4486 0
4486 0
4486 0
4486 0
4486 0
4486 7.40917652370238
4486 7.40917652370238
4486 7.40917652370238
4486 0
4486 0
4486 0
4486 0
4486 0
4486 0
4486 0
4486 1.10350194552529
4486 14.4066951773198
4486 14.4066951773198
4486 0
4486 0
3858 0
3858 202.433936371428
3858 202.433936371428
3858 202.433936371428
3858 202.433936371428
3858 0
3858 0
3858 27.5962952471424
3858 27.5962952471424
3858 27.5962952471424
3858 27.5962952471424
3858 0
3858 0
3858 0
3858 0
3858 0
3858 0
3858 0
3858 0
3858 0
3858 0
3858 0
3858 7.40917652370238
3858 7.40917652370238
3858 7.40917652370238
3858 0
3858 0
3858 0
3858 0
3858 0
3858 0
3858 0
3858 1.10350194552529
3858 14.4066951773198
3858 14.4066951773198
3858 0
3858 0
4326 0
4326 202.433936371428
4326 202.433936371428
4326 202.433936371428
4326 202.433936371428
4326 0
4326 0
4326 27.5962952471424
4326 27.5962952471424
4326 27.5962952471424
4326 27.5962952471424
4326 0
4326 0
4326 0
4326 0
4326 0
4326 0
4326 0
4326 0
4326 0
4326 0
4326 0
4326 7.40917652370238
4326 7.40917652370238
4326 7.40917652370238
4326 0
4326 0
4326 0
4326 0
4326 0
4326 0
4326 0
4326 1.10350194552529
4326 14.4066951773198
4326 14.4066951773198
4326 0
4326 0
4369 0
4369 202.433936371428
4369 202.433936371428
4369 202.433936371428
4369 202.433936371428
4369 0
4369 0
4369 27.5962952471424
4369 27.5962952471424
4369 27.5962952471424
4369 27.5962952471424
4369 0
4369 0
4369 0
4369 0
4369 0
4369 0
4369 0
4369 0
4369 0
4369 0
4369 0
4369 7.40917652370238
4369 7.40917652370238
4369 7.40917652370238
4369 0
4369 0
4369 0
4369 0
4369 0
4369 0
4369 0
4369 1.10350194552529
4369 14.4066951773198
4369 14.4066951773198
4369 0
4369 0
4524 0
4524 202.433936371428
4524 202.433936371428
4524 202.433936371428
4524 202.433936371428
4524 0
4524 0
4524 27.5962952471424
4524 27.5962952471424
4524 27.5962952471424
4524 27.5962952471424
4524 0
4524 0
4524 0
4524 0
4524 0
4524 0
4524 0
4524 0
4524 0
4524 0
4524 0
4524 7.40917652370238
4524 7.40917652370238
4524 7.40917652370238
4524 0
4524 0
4524 0
4524 0
4524 0
4524 0
4524 0
4524 1.10350194552529
4524 14.4066951773198
4524 14.4066951773198
4524 0
4524 0
3859 0
3859 202.433936371428
3859 202.433936371428
3859 202.433936371428
3859 202.433936371428
3859 0
3859 0
3859 27.5962952471424
3859 27.5962952471424
3859 27.5962952471424
3859 27.5962952471424
3859 0
3859 0
3859 0
3859 0
3859 0
3859 0
3859 0
3859 0
3859 0
3859 0
3859 0
3859 7.40917652370238
3859 7.40917652370238
3859 7.40917652370238
3859 0
3859 0
3859 0
3859 0
3859 0
3859 0
3859 0
3859 1.10350194552529
3859 14.4066951773198
3859 14.4066951773198
3859 0
3859 0
3915 0
3915 202.433936371428
3915 202.433936371428
3915 202.433936371428
3915 202.433936371428
3915 0
3915 0
3915 27.5962952471424
3915 27.5962952471424
3915 27.5962952471424
3915 27.5962952471424
3915 0
3915 0
3915 0
3915 0
3915 0
3915 0
3915 0
3915 0
3915 0
3915 0
3915 0
3915 7.40917652370238
3915 7.40917652370238
3915 7.40917652370238
3915 0
3915 0
3915 0
3915 0
3915 0
3915 0
3915 0
3915 1.10350194552529
3915 14.4066951773198
3915 14.4066951773198
3915 0
3915 0
4286 0
4286 202.433936371428
4286 202.433936371428
4286 202.433936371428
4286 202.433936371428
4286 0
4286 0
4286 27.5962952471424
4286 27.5962952471424
4286 27.5962952471424
4286 27.5962952471424
4286 0
4286 0
4286 0
4286 0
4286 0
4286 0
4286 0
4286 0
4286 0
4286 0
4286 0
4286 7.40917652370238
4286 7.40917652370238
4286 7.40917652370238
4286 0
4286 0
4286 0
4286 0
4286 0
4286 0
4286 0
4286 1.10350194552529
4286 14.4066951773198
4286 14.4066951773198
4286 0
4286 0
4327 0
4327 202.433936371428
4327 202.433936371428
4327 202.433936371428
4327 202.433936371428
4327 0
4327 0
4327 27.5962952471424
4327 27.5962952471424
4327 27.5962952471424
4327 27.5962952471424
4327 0
4327 0
4327 0
4327 0
4327 0
4327 0
4327 0
4327 0
4327 0
4327 0
4327 0
4327 7.40917652370238
4327 7.40917652370238
4327 7.40917652370238
4327 0
4327 0
4327 0
4327 0
4327 0
4327 0
4327 0
4327 1.10350194552529
4327 14.4066951773198
4327 14.4066951773198
4327 0
4327 0
4370 0
4370 202.433936371428
4370 202.433936371428
4370 202.433936371428
4370 202.433936371428
4370 0
4370 0
4370 27.5962952471424
4370 27.5962952471424
4370 27.5962952471424
4370 27.5962952471424
4370 0
4370 0
4370 0
4370 0
4370 0
4370 0
4370 0
4370 0
4370 0
4370 0
4370 0
4370 7.40917652370238
4370 7.40917652370238
4370 7.40917652370238
4370 0
4370 0
4370 0
4370 0
4370 0
4370 0
4370 0
4370 1.10350194552529
4370 14.4066951773198
4370 14.4066951773198
4370 0
4370 0
3970 0
3970 202.433936371428
3970 202.433936371428
3970 202.433936371428
3970 202.433936371428
3970 0
3970 0
3970 27.5962952471424
3970 27.5962952471424
3970 27.5962952471424
3970 27.5962952471424
3970 0
3970 0
3970 0
3970 0
3970 0
3970 0
3970 0
3970 0
3970 0
3970 0
3970 0
3970 7.40917652370238
3970 7.40917652370238
3970 7.40917652370238
3970 0
3970 0
3970 0
3970 0
3970 0
3970 0
3970 0
3970 1.10350194552529
3970 14.4066951773198
3970 14.4066951773198
3970 0
3970 0
4328 0
4328 202.433936371428
4328 202.433936371428
4328 202.433936371428
4328 202.433936371428
4328 0
4328 0
4328 27.5962952471424
4328 27.5962952471424
4328 27.5962952471424
4328 27.5962952471424
4328 0
4328 0
4328 0
4328 0
4328 0
4328 0
4328 0
4328 0
4328 0
4328 0
4328 0
4328 7.40917652370238
4328 7.40917652370238
4328 7.40917652370238
4328 0
4328 0
4328 0
4328 0
4328 0
4328 0
4328 0
4328 1.10350194552529
4328 14.4066951773198
4328 14.4066951773198
4328 0
4328 0
4371 0
4371 202.433936371428
4371 202.433936371428
4371 202.433936371428
4371 202.433936371428
4371 0
4371 0
4371 27.5962952471424
4371 27.5962952471424
4371 27.5962952471424
4371 27.5962952471424
4371 0
4371 0
4371 0
4371 0
4371 0
4371 0
4371 0
4371 0
4371 0
4371 0
4371 0
4371 7.40917652370238
4371 7.40917652370238
4371 7.40917652370238
4371 0
4371 0
4371 0
4371 0
4371 0
4371 0
4371 0
4371 1.10350194552529
4371 14.4066951773198
4371 14.4066951773198
4371 0
4371 0
4411 0
4411 202.433936371428
4411 202.433936371428
4411 202.433936371428
4411 202.433936371428
4411 0
4411 0
4411 27.5962952471424
4411 27.5962952471424
4411 27.5962952471424
4411 27.5962952471424
4411 0
4411 0
4411 0
4411 0
4411 0
4411 0
4411 0
4411 0
4411 0
4411 0
4411 0
4411 7.40917652370238
4411 7.40917652370238
4411 7.40917652370238
4411 0
4411 0
4411 0
4411 0
4411 0
4411 0
4411 0
4411 1.10350194552529
4411 14.4066951773198
4411 14.4066951773198
4411 0
4411 0
4127 0
4127 202.433936371428
4127 202.433936371428
4127 202.433936371428
4127 202.433936371428
4127 0
4127 0
4127 27.5962952471424
4127 27.5962952471424
4127 27.5962952471424
4127 27.5962952471424
4127 0
4127 0
4127 0
4127 0
4127 0
4127 0
4127 0
4127 0
4127 0
4127 0
4127 0
4127 7.40917652370238
4127 7.40917652370238
4127 7.40917652370238
4127 0
4127 0
4127 0
4127 0
4127 0
4127 0
4127 0
4127 1.10350194552529
4127 14.4066951773198
4127 14.4066951773198
4127 0
4127 0
4245 0
4245 202.433936371428
4245 202.433936371428
4245 202.433936371428
4245 202.433936371428
4245 0
4245 0
4245 27.5962952471424
4245 27.5962952471424
4245 27.5962952471424
4245 27.5962952471424
4245 0
4245 0
4245 0
4245 0
4245 0
4245 0
4245 0
4245 0
4245 0
4245 0
4245 0
4245 7.40917652370238
4245 7.40917652370238
4245 7.40917652370238
4245 0
4245 0
4245 0
4245 0
4245 0
4245 0
4245 0
4245 1.10350194552529
4245 14.4066951773198
4245 14.4066951773198
4245 0
4245 0
4372 0
4372 202.433936371428
4372 202.433936371428
4372 202.433936371428
4372 202.433936371428
4372 0
4372 0
4372 27.5962952471424
4372 27.5962952471424
4372 27.5962952471424
4372 27.5962952471424
4372 0
4372 0
4372 0
4372 0
4372 0
4372 0
4372 0
4372 0
4372 0
4372 0
4372 0
4372 7.40917652370238
4372 7.40917652370238
4372 7.40917652370238
4372 0
4372 0
4372 0
4372 0
4372 0
4372 0
4372 0
4372 1.10350194552529
4372 14.4066951773198
4372 14.4066951773198
4372 0
4372 0
4412 0
4412 202.433936371428
4412 202.433936371428
4412 202.433936371428
4412 202.433936371428
4412 0
4412 0
4412 27.5962952471424
4412 27.5962952471424
4412 27.5962952471424
4412 27.5962952471424
4412 0
4412 0
4412 0
4412 0
4412 0
4412 0
4412 0
4412 0
4412 0
4412 0
4412 0
4412 7.40917652370238
4412 7.40917652370238
4412 7.40917652370238
4412 0
4412 0
4412 0
4412 0
4412 0
4412 0
4412 0
4412 1.10350194552529
4412 14.4066951773198
4412 14.4066951773198
4412 0
4412 0
4452 0
4452 202.433936371428
4452 202.433936371428
4452 202.433936371428
4452 202.433936371428
4452 0
4452 0
4452 27.5962952471424
4452 27.5962952471424
4452 27.5962952471424
4452 27.5962952471424
4452 0
4452 0
4452 0
4452 0
4452 0
4452 0
4452 0
4452 0
4452 0
4452 0
4452 0
4452 7.40917652370238
4452 7.40917652370238
4452 7.40917652370238
4452 0
4452 0
4452 0
4452 0
4452 0
4452 0
4452 0
4452 1.10350194552529
4452 14.4066951773198
4452 14.4066951773198
4452 0
4452 0
4208 0
4208 202.433936371428
4208 202.433936371428
4208 202.433936371428
4208 202.433936371428
4208 0
4208 0
4208 27.5962952471424
4208 27.5962952471424
4208 27.5962952471424
4208 27.5962952471424
4208 0
4208 0
4208 0
4208 0
4208 0
4208 0
4208 0
4208 0
4208 0
4208 0
4208 0
4208 7.40917652370238
4208 7.40917652370238
4208 7.40917652370238
4208 0
4208 0
4208 0
4208 0
4208 0
4208 0
4208 0
4208 1.10350194552529
4208 14.4066951773198
4208 14.4066951773198
4208 0
4208 0
4289 0
4289 202.433936371428
4289 202.433936371428
4289 202.433936371428
4289 202.433936371428
4289 0
4289 0
4289 27.5962952471424
4289 27.5962952471424
4289 27.5962952471424
4289 27.5962952471424
4289 0
4289 0
4289 0
4289 0
4289 0
4289 0
4289 0
4289 0
4289 0
4289 0
4289 0
4289 7.40917652370238
4289 7.40917652370238
4289 7.40917652370238
4289 0
4289 0
4289 0
4289 0
4289 0
4289 0
4289 0
4289 1.10350194552529
4289 14.4066951773198
4289 14.4066951773198
4289 0
4289 0
4330 0
4330 202.433936371428
4330 202.433936371428
4330 202.433936371428
4330 202.433936371428
4330 0
4330 0
4330 27.5962952471424
4330 27.5962952471424
4330 27.5962952471424
4330 27.5962952471424
4330 0
4330 0
4330 0
4330 0
4330 0
4330 0
4330 0
4330 0
4330 0
4330 0
4330 0
4330 7.40917652370238
4330 7.40917652370238
4330 7.40917652370238
4330 0
4330 0
4330 0
4330 0
4330 0
4330 0
4330 0
4330 1.10350194552529
4330 14.4066951773198
4330 14.4066951773198
4330 0
4330 0
4373 0
4373 202.433936371428
4373 202.433936371428
4373 202.433936371428
4373 202.433936371428
4373 0
4373 0
4373 27.5962952471424
4373 27.5962952471424
4373 27.5962952471424
4373 27.5962952471424
4373 0
4373 0
4373 0
4373 0
4373 0
4373 0
4373 0
4373 0
4373 0
4373 0
4373 0
4373 7.40917652370238
4373 7.40917652370238
4373 7.40917652370238
4373 0
4373 0
4373 0
4373 0
4373 0
4373 0
4373 0
4373 1.10350194552529
4373 14.4066951773198
4373 14.4066951773198
4373 0
4373 0
4413 0
4413 202.433936371428
4413 202.433936371428
4413 202.433936371428
4413 202.433936371428
4413 0
4413 0
4413 27.5962952471424
4413 27.5962952471424
4413 27.5962952471424
4413 27.5962952471424
4413 0
4413 0
4413 0
4413 0
4413 0
4413 0
4413 0
4413 0
4413 0
4413 0
4413 0
4413 7.40917652370238
4413 7.40917652370238
4413 7.40917652370238
4413 0
4413 0
4413 0
4413 0
4413 0
4413 0
4413 0
4413 1.10350194552529
4413 14.4066951773198
4413 14.4066951773198
4413 0
4413 0
3919 0
3919 202.433936371428
3919 202.433936371428
3919 202.433936371428
3919 202.433936371428
3919 0
3919 0
3919 27.5962952471424
3919 27.5962952471424
3919 27.5962952471424
3919 27.5962952471424
3919 0
3919 0
3919 0
3919 0
3919 0
3919 0
3919 0
3919 0
3919 0
3919 0
3919 0
3919 7.40917652370238
3919 7.40917652370238
3919 7.40917652370238
3919 0
3919 0
3919 0
3919 0
3919 0
3919 0
3919 0
3919 1.10350194552529
3919 14.4066951773198
3919 14.4066951773198
3919 0
3919 0
4209 0
4209 202.433936371428
4209 202.433936371428
4209 202.433936371428
4209 202.433936371428
4209 0
4209 0
4209 27.5962952471424
4209 27.5962952471424
4209 27.5962952471424
4209 27.5962952471424
4209 0
4209 0
4209 0
4209 0
4209 0
4209 0
4209 0
4209 0
4209 0
4209 0
4209 0
4209 7.40917652370238
4209 7.40917652370238
4209 7.40917652370238
4209 0
4209 0
4209 0
4209 0
4209 0
4209 0
4209 0
4209 1.10350194552529
4209 14.4066951773198
4209 14.4066951773198
4209 0
4209 0
4414 0
4414 202.433936371428
4414 202.433936371428
4414 202.433936371428
4414 202.433936371428
4414 0
4414 0
4414 27.5962952471424
4414 27.5962952471424
4414 27.5962952471424
4414 27.5962952471424
4414 0
4414 0
4414 0
4414 0
4414 0
4414 0
4414 0
4414 0
4414 0
4414 0
4414 0
4414 7.40917652370238
4414 7.40917652370238
4414 7.40917652370238
4414 0
4414 0
4414 0
4414 0
4414 0
4414 0
4414 0
4414 1.10350194552529
4414 14.4066951773198
4414 14.4066951773198
4414 0
4414 0
4130 0
4130 202.433936371428
4130 202.433936371428
4130 202.433936371428
4130 202.433936371428
4130 0
4130 0
4130 27.5962952471424
4130 27.5962952471424
4130 27.5962952471424
4130 27.5962952471424
4130 0
4130 0
4130 0
4130 0
4130 0
4130 0
4130 0
4130 0
4130 0
4130 0
4130 0
4130 7.40917652370238
4130 7.40917652370238
4130 7.40917652370238
4130 0
4130 0
4130 0
4130 0
4130 0
4130 0
4130 0
4130 1.10350194552529
4130 14.4066951773198
4130 14.4066951773198
4130 0
4130 0
4291 0
4291 202.433936371428
4291 202.433936371428
4291 202.433936371428
4291 202.433936371428
4291 0
4291 0
4291 27.5962952471424
4291 27.5962952471424
4291 27.5962952471424
4291 27.5962952471424
4291 0
4291 0
4291 0
4291 0
4291 0
4291 0
4291 0
4291 0
4291 0
4291 0
4291 0
4291 7.40917652370238
4291 7.40917652370238
4291 7.40917652370238
4291 0
4291 0
4291 0
4291 0
4291 0
4291 0
4291 0
4291 1.10350194552529
4291 14.4066951773198
4291 14.4066951773198
4291 0
4291 0
4332 0
4332 202.433936371428
4332 202.433936371428
4332 202.433936371428
4332 202.433936371428
4332 0
4332 0
4332 27.5962952471424
4332 27.5962952471424
4332 27.5962952471424
4332 27.5962952471424
4332 0
4332 0
4332 0
4332 0
4332 0
4332 0
4332 0
4332 0
4332 0
4332 0
4332 0
4332 7.40917652370238
4332 7.40917652370238
4332 7.40917652370238
4332 0
4332 0
4332 0
4332 0
4332 0
4332 0
4332 0
4332 1.10350194552529
4332 14.4066951773198
4332 14.4066951773198
4332 0
4332 0
4211 0
4211 202.433936371428
4211 202.433936371428
4211 202.433936371428
4211 202.433936371428
4211 0
4211 0
4211 27.5962952471424
4211 27.5962952471424
4211 27.5962952471424
4211 27.5962952471424
4211 0
4211 0
4211 0
4211 0
4211 0
4211 0
4211 0
4211 0
4211 0
4211 0
4211 0
4211 7.40917652370238
4211 7.40917652370238
4211 7.40917652370238
4211 0
4211 0
4211 0
4211 0
4211 0
4211 0
4211 0
4211 1.10350194552529
4211 14.4066951773198
4211 14.4066951773198
4211 0
4211 0
4292 0
4292 202.433936371428
4292 202.433936371428
4292 202.433936371428
4292 202.433936371428
4292 0
4292 0
4292 27.5962952471424
4292 27.5962952471424
4292 27.5962952471424
4292 27.5962952471424
4292 0
4292 0
4292 0
4292 0
4292 0
4292 0
4292 0
4292 0
4292 0
4292 0
4292 0
4292 7.40917652370238
4292 7.40917652370238
4292 7.40917652370238
4292 0
4292 0
4292 0
4292 0
4292 0
4292 0
4292 0
4292 1.10350194552529
4292 14.4066951773198
4292 14.4066951773198
4292 0
4292 0
4333 0
4333 202.433936371428
4333 202.433936371428
4333 202.433936371428
4333 202.433936371428
4333 0
4333 0
4333 27.5962952471424
4333 27.5962952471424
4333 27.5962952471424
4333 27.5962952471424
4333 0
4333 0
4333 0
4333 0
4333 0
4333 0
4333 0
4333 0
4333 0
4333 0
4333 0
4333 7.40917652370238
4333 7.40917652370238
4333 7.40917652370238
4333 0
4333 0
4333 0
4333 0
4333 0
4333 0
4333 0
4333 1.10350194552529
4333 14.4066951773198
4333 14.4066951773198
4333 0
4333 0
4376 0
4376 202.433936371428
4376 202.433936371428
4376 202.433936371428
4376 202.433936371428
4376 0
4376 0
4376 27.5962952471424
4376 27.5962952471424
4376 27.5962952471424
4376 27.5962952471424
4376 0
4376 0
4376 0
4376 0
4376 0
4376 0
4376 0
4376 0
4376 0
4376 0
4376 0
4376 7.40917652370238
4376 7.40917652370238
4376 7.40917652370238
4376 0
4376 0
4376 0
4376 0
4376 0
4376 0
4376 0
4376 1.10350194552529
4376 14.4066951773198
4376 14.4066951773198
4376 0
4376 0
3976 0
3976 202.433936371428
3976 202.433936371428
3976 202.433936371428
3976 202.433936371428
3976 0
3976 0
3976 27.5962952471424
3976 27.5962952471424
3976 27.5962952471424
3976 27.5962952471424
3976 0
3976 0
3976 0
3976 0
3976 0
3976 0
3976 0
3976 0
3976 0
3976 0
3976 0
3976 7.40917652370238
3976 7.40917652370238
3976 7.40917652370238
3976 0
3976 0
3976 0
3976 0
3976 0
3976 0
3976 0
3976 1.10350194552529
3976 14.4066951773198
3976 14.4066951773198
3976 0
3976 0
4036 0
4036 202.433936371428
4036 202.433936371428
4036 202.433936371428
4036 202.433936371428
4036 0
4036 0
4036 27.5962952471424
4036 27.5962952471424
4036 27.5962952471424
4036 27.5962952471424
4036 0
4036 0
4036 0
4036 0
4036 0
4036 0
4036 0
4036 0
4036 0
4036 0
4036 0
4036 7.40917652370238
4036 7.40917652370238
4036 7.40917652370238
4036 0
4036 0
4036 0
4036 0
4036 0
4036 0
4036 0
4036 1.10350194552529
4036 14.4066951773198
4036 14.4066951773198
4036 0
4036 0
4212 0
4212 202.433936371428
4212 202.433936371428
4212 202.433936371428
4212 202.433936371428
4212 0
4212 0
4212 27.5962952471424
4212 27.5962952471424
4212 27.5962952471424
4212 27.5962952471424
4212 0
4212 0
4212 0
4212 0
4212 0
4212 0
4212 0
4212 0
4212 0
4212 0
4212 0
4212 7.40917652370238
4212 7.40917652370238
4212 7.40917652370238
4212 0
4212 0
4212 0
4212 0
4212 0
4212 0
4212 0
4212 1.10350194552529
4212 14.4066951773198
4212 14.4066951773198
4212 0
4212 0
4334 0
4334 202.433936371428
4334 202.433936371428
4334 202.433936371428
4334 202.433936371428
4334 0
4334 0
4334 27.5962952471424
4334 27.5962952471424
4334 27.5962952471424
4334 27.5962952471424
4334 0
4334 0
4334 0
4334 0
4334 0
4334 0
4334 0
4334 0
4334 0
4334 0
4334 0
4334 7.40917652370238
4334 7.40917652370238
4334 7.40917652370238
4334 0
4334 0
4334 0
4334 0
4334 0
4334 0
4334 0
4334 1.10350194552529
4334 14.4066951773198
4334 14.4066951773198
4334 0
4334 0
3753 0
3753 202.433936371428
3753 202.433936371428
3753 202.433936371428
3753 202.433936371428
3753 0
3753 0
3753 27.5962952471424
3753 27.5962952471424
3753 27.5962952471424
3753 27.5962952471424
3753 0
3753 0
3753 0
3753 0
3753 0
3753 0
3753 0
3753 0
3753 0
3753 0
3753 0
3753 7.40917652370238
3753 7.40917652370238
3753 7.40917652370238
3753 0
3753 0
3753 0
3753 0
3753 0
3753 0
3753 0
3753 1.10350194552529
3753 14.4066951773198
3753 14.4066951773198
3753 0
3753 0
3867 0
3867 202.433936371428
3867 202.433936371428
3867 202.433936371428
3867 202.433936371428
3867 0
3867 0
3867 27.5962952471424
3867 27.5962952471424
3867 27.5962952471424
3867 27.5962952471424
3867 0
3867 0
3867 0
3867 0
3867 0
3867 0
3867 0
3867 0
3867 0
3867 0
3867 0
3867 7.40917652370238
3867 7.40917652370238
3867 7.40917652370238
3867 0
3867 0
3867 0
3867 0
3867 0
3867 0
3867 0
3867 1.10350194552529
3867 14.4066951773198
3867 14.4066951773198
3867 0
3867 0
3923 0
3923 202.433936371428
3923 202.433936371428
3923 202.433936371428
3923 202.433936371428
3923 0
3923 0
3923 27.5962952471424
3923 27.5962952471424
3923 27.5962952471424
3923 27.5962952471424
3923 0
3923 0
3923 0
3923 0
3923 0
3923 0
3923 0
3923 0
3923 0
3923 0
3923 0
3923 7.40917652370238
3923 7.40917652370238
3923 7.40917652370238
3923 0
3923 0
3923 0
3923 0
3923 0
3923 0
3923 0
3923 1.10350194552529
3923 14.4066951773198
3923 14.4066951773198
3923 0
3923 0
3977 0
3977 202.433936371428
3977 202.433936371428
3977 202.433936371428
3977 202.433936371428
3977 0
3977 0
3977 27.5962952471424
3977 27.5962952471424
3977 27.5962952471424
3977 27.5962952471424
3977 0
3977 0
3977 0
3977 0
3977 0
3977 0
3977 0
3977 0
3977 0
3977 0
3977 0
3977 7.40917652370238
3977 7.40917652370238
3977 7.40917652370238
3977 0
3977 0
3977 0
3977 0
3977 0
3977 0
3977 0
3977 1.10350194552529
3977 14.4066951773198
3977 14.4066951773198
3977 0
3977 0
4037 0
4037 202.433936371428
4037 202.433936371428
4037 202.433936371428
4037 202.433936371428
4037 0
4037 0
4037 27.5962952471424
4037 27.5962952471424
4037 27.5962952471424
4037 27.5962952471424
4037 0
4037 0
4037 0
4037 0
4037 0
4037 0
4037 0
4037 0
4037 0
4037 0
4037 0
4037 7.40917652370238
4037 7.40917652370238
4037 7.40917652370238
4037 0
4037 0
4037 0
4037 0
4037 0
4037 0
4037 0
4037 1.10350194552529
4037 14.4066951773198
4037 14.4066951773198
4037 0
4037 0
4088 0
4088 202.433936371428
4088 202.433936371428
4088 202.433936371428
4088 202.433936371428
4088 0
4088 0
4088 27.5962952471424
4088 27.5962952471424
4088 27.5962952471424
4088 27.5962952471424
4088 0
4088 0
4088 0
4088 0
4088 0
4088 0
4088 0
4088 0
4088 0
4088 0
4088 0
4088 7.40917652370238
4088 7.40917652370238
4088 7.40917652370238
4088 0
4088 0
4088 0
4088 0
4088 0
4088 0
4088 0
4088 1.10350194552529
4088 14.4066951773198
4088 14.4066951773198
4088 0
4088 0
4213 0
4213 202.433936371428
4213 202.433936371428
4213 202.433936371428
4213 202.433936371428
4213 0
4213 0
4213 27.5962952471424
4213 27.5962952471424
4213 27.5962952471424
4213 27.5962952471424
4213 0
4213 0
4213 0
4213 0
4213 0
4213 0
4213 0
4213 0
4213 0
4213 0
4213 0
4213 7.40917652370238
4213 7.40917652370238
4213 7.40917652370238
4213 0
4213 0
4213 0
4213 0
4213 0
4213 0
4213 0
4213 1.10350194552529
4213 14.4066951773198
4213 14.4066951773198
4213 0
4213 0
4251 0
4251 202.433936371428
4251 202.433936371428
4251 202.433936371428
4251 202.433936371428
4251 0
4251 0
4251 27.5962952471424
4251 27.5962952471424
4251 27.5962952471424
4251 27.5962952471424
4251 0
4251 0
4251 0
4251 0
4251 0
4251 0
4251 0
4251 0
4251 0
4251 0
4251 0
4251 7.40917652370238
4251 7.40917652370238
4251 7.40917652370238
4251 0
4251 0
4251 0
4251 0
4251 0
4251 0
4251 0
4251 1.10350194552529
4251 14.4066951773198
4251 14.4066951773198
4251 0
4251 0
4294 0
4294 202.433936371428
4294 202.433936371428
4294 202.433936371428
4294 202.433936371428
4294 0
4294 0
4294 27.5962952471424
4294 27.5962952471424
4294 27.5962952471424
4294 27.5962952471424
4294 0
4294 0
4294 0
4294 0
4294 0
4294 0
4294 0
4294 0
4294 0
4294 0
4294 0
4294 7.40917652370238
4294 7.40917652370238
4294 7.40917652370238
4294 0
4294 0
4294 0
4294 0
4294 0
4294 0
4294 0
4294 1.10350194552529
4294 14.4066951773198
4294 14.4066951773198
4294 0
4294 0
4335 0
4335 202.433936371428
4335 202.433936371428
4335 202.433936371428
4335 202.433936371428
4335 0
4335 0
4335 27.5962952471424
4335 27.5962952471424
4335 27.5962952471424
4335 27.5962952471424
4335 0
4335 0
4335 0
4335 0
4335 0
4335 0
4335 0
4335 0
4335 0
4335 0
4335 0
4335 7.40917652370238
4335 7.40917652370238
4335 7.40917652370238
4335 0
4335 0
4335 0
4335 0
4335 0
4335 0
4335 0
4335 1.10350194552529
4335 14.4066951773198
4335 14.4066951773198
4335 0
4335 0
3924 0
3924 202.433936371428
3924 202.433936371428
3924 202.433936371428
3924 202.433936371428
3924 0
3924 0
3924 27.5962952471424
3924 27.5962952471424
3924 27.5962952471424
3924 27.5962952471424
3924 0
3924 0
3924 0
3924 0
3924 0
3924 0
3924 0
3924 0
3924 0
3924 0
3924 0
3924 7.40917652370238
3924 7.40917652370238
3924 7.40917652370238
3924 0
3924 0
3924 0
3924 0
3924 0
3924 0
3924 0
3924 1.10350194552529
3924 14.4066951773198
3924 14.4066951773198
3924 0
3924 0
3978 0
3978 202.433936371428
3978 202.433936371428
3978 202.433936371428
3978 202.433936371428
3978 0
3978 0
3978 27.5962952471424
3978 27.5962952471424
3978 27.5962952471424
3978 27.5962952471424
3978 0
3978 0
3978 0
3978 0
3978 0
3978 0
3978 0
3978 0
3978 0
3978 0
3978 0
3978 7.40917652370238
3978 7.40917652370238
3978 7.40917652370238
3978 0
3978 0
3978 0
3978 0
3978 0
3978 0
3978 0
3978 1.10350194552529
3978 14.4066951773198
3978 14.4066951773198
3978 0
3978 0
4038 0
4038 202.433936371428
4038 202.433936371428
4038 202.433936371428
4038 202.433936371428
4038 0
4038 0
4038 27.5962952471424
4038 27.5962952471424
4038 27.5962952471424
4038 27.5962952471424
4038 0
4038 0
4038 0
4038 0
4038 0
4038 0
4038 0
4038 0
4038 0
4038 0
4038 0
4038 7.40917652370238
4038 7.40917652370238
4038 7.40917652370238
4038 0
4038 0
4038 0
4038 0
4038 0
4038 0
4038 0
4038 1.10350194552529
4038 14.4066951773198
4038 14.4066951773198
4038 0
4038 0
4134 0
4134 202.433936371428
4134 202.433936371428
4134 202.433936371428
4134 202.433936371428
4134 0
4134 0
4134 27.5962952471424
4134 27.5962952471424
4134 27.5962952471424
4134 27.5962952471424
4134 0
4134 0
4134 0
4134 0
4134 0
4134 0
4134 0
4134 0
4134 0
4134 0
4134 0
4134 7.40917652370238
4134 7.40917652370238
4134 7.40917652370238
4134 0
4134 0
4134 0
4134 0
4134 0
4134 0
4134 0
4134 1.10350194552529
4134 14.4066951773198
4134 14.4066951773198
4134 0
4134 0
4177 0
4177 202.433936371428
4177 202.433936371428
4177 202.433936371428
4177 202.433936371428
4177 0
4177 0
4177 27.5962952471424
4177 27.5962952471424
4177 27.5962952471424
4177 27.5962952471424
4177 0
4177 0
4177 0
4177 0
4177 0
4177 0
4177 0
4177 0
4177 0
4177 0
4177 0
4177 7.40917652370238
4177 7.40917652370238
4177 7.40917652370238
4177 0
4177 0
4177 0
4177 0
4177 0
4177 0
4177 0
4177 1.10350194552529
4177 14.4066951773198
4177 14.4066951773198
4177 0
4177 0
4252 0
4252 202.433936371428
4252 202.433936371428
4252 202.433936371428
4252 202.433936371428
4252 0
4252 0
4252 27.5962952471424
4252 27.5962952471424
4252 27.5962952471424
4252 27.5962952471424
4252 0
4252 0
4252 0
4252 0
4252 0
4252 0
4252 0
4252 0
4252 0
4252 0
4252 0
4252 7.40917652370238
4252 7.40917652370238
4252 7.40917652370238
4252 0
4252 0
4252 0
4252 0
4252 0
4252 0
4252 0
4252 1.10350194552529
4252 14.4066951773198
4252 14.4066951773198
4252 0
4252 0
4295 0
4295 202.433936371428
4295 202.433936371428
4295 202.433936371428
4295 202.433936371428
4295 0
4295 0
4295 27.5962952471424
4295 27.5962952471424
4295 27.5962952471424
4295 27.5962952471424
4295 0
4295 0
4295 0
4295 0
4295 0
4295 0
4295 0
4295 0
4295 0
4295 0
4295 0
4295 7.40917652370238
4295 7.40917652370238
4295 7.40917652370238
4295 0
4295 0
4295 0
4295 0
4295 0
4295 0
4295 0
4295 1.10350194552529
4295 14.4066951773198
4295 14.4066951773198
4295 0
4295 0
3633 0
3633 202.433936371428
3633 202.433936371428
3633 202.433936371428
3633 202.433936371428
3633 0
3633 0
3633 27.5962952471424
3633 27.5962952471424
3633 27.5962952471424
3633 27.5962952471424
3633 0
3633 0
3633 0
3633 0
3633 0
3633 0
3633 0
3633 0
3633 0
3633 0
3633 0
3633 7.40917652370238
3633 7.40917652370238
3633 7.40917652370238
3633 0
3633 0
3633 0
3633 0
3633 0
3633 0
3633 0
3633 1.10350194552529
3633 14.4066951773198
3633 14.4066951773198
3633 0
3633 0
3925 0
3925 202.433936371428
3925 202.433936371428
3925 202.433936371428
3925 202.433936371428
3925 0
3925 0
3925 27.5962952471424
3925 27.5962952471424
3925 27.5962952471424
3925 27.5962952471424
3925 0
3925 0
3925 0
3925 0
3925 0
3925 0
3925 0
3925 0
3925 0
3925 0
3925 0
3925 7.40917652370238
3925 7.40917652370238
3925 7.40917652370238
3925 0
3925 0
3925 0
3925 0
3925 0
3925 0
3925 0
3925 1.10350194552529
3925 14.4066951773198
3925 14.4066951773198
3925 0
3925 0
4215 0
4215 202.433936371428
4215 202.433936371428
4215 202.433936371428
4215 202.433936371428
4215 0
4215 0
4215 27.5962952471424
4215 27.5962952471424
4215 27.5962952471424
4215 27.5962952471424
4215 0
4215 0
4215 0
4215 0
4215 0
4215 0
4215 0
4215 0
4215 0
4215 0
4215 0
4215 7.40917652370238
4215 7.40917652370238
4215 7.40917652370238
4215 0
4215 0
4215 0
4215 0
4215 0
4215 0
4215 0
4215 1.10350194552529
4215 14.4066951773198
4215 14.4066951773198
4215 0
4215 0
3496 0
3496 202.433936371428
3496 202.433936371428
3496 202.433936371428
3496 202.433936371428
3496 0
3496 0
3496 27.5962952471424
3496 27.5962952471424
3496 27.5962952471424
3496 27.5962952471424
3496 0
3496 0
3496 0
3496 0
3496 0
3496 0
3496 0
3496 0
3496 0
3496 0
3496 0
3496 7.40917652370238
3496 7.40917652370238
3496 7.40917652370238
3496 0
3496 0
3496 0
3496 0
3496 0
3496 0
3496 0
3496 1.10350194552529
3496 14.4066951773198
3496 14.4066951773198
3496 0
3496 0
3568 0
3568 202.433936371428
3568 202.433936371428
3568 202.433936371428
3568 202.433936371428
3568 0
3568 0
3568 27.5962952471424
3568 27.5962952471424
3568 27.5962952471424
3568 27.5962952471424
3568 0
3568 0
3568 0
3568 0
3568 0
3568 0
3568 0
3568 0
3568 0
3568 0
3568 0
3568 7.40917652370238
3568 7.40917652370238
3568 7.40917652370238
3568 0
3568 0
3568 0
3568 0
3568 0
3568 0
3568 0
3568 1.10350194552529
3568 14.4066951773198
3568 14.4066951773198
3568 0
3568 0
3634 0
3634 202.433936371428
3634 202.433936371428
3634 202.433936371428
3634 202.433936371428
3634 0
3634 0
3634 27.5962952471424
3634 27.5962952471424
3634 27.5962952471424
3634 27.5962952471424
3634 0
3634 0
3634 0
3634 0
3634 0
3634 0
3634 0
3634 0
3634 0
3634 0
3634 0
3634 7.40917652370238
3634 7.40917652370238
3634 7.40917652370238
3634 0
3634 0
3634 0
3634 0
3634 0
3634 0
3634 0
3634 1.10350194552529
3634 14.4066951773198
3634 14.4066951773198
3634 0
3634 0
3697 0
3697 202.433936371428
3697 202.433936371428
3697 202.433936371428
3697 202.433936371428
3697 0
3697 0
3697 27.5962952471424
3697 27.5962952471424
3697 27.5962952471424
3697 27.5962952471424
3697 0
3697 0
3697 0
3697 0
3697 0
3697 0
3697 0
3697 0
3697 0
3697 0
3697 0
3697 7.40917652370238
3697 7.40917652370238
3697 7.40917652370238
3697 0
3697 0
3697 0
3697 0
3697 0
3697 0
3697 0
3697 1.10350194552529
3697 14.4066951773198
3697 14.4066951773198
3697 0
3697 0
3870 0
3870 202.433936371428
3870 202.433936371428
3870 202.433936371428
3870 202.433936371428
3870 0
3870 0
3870 27.5962952471424
3870 27.5962952471424
3870 27.5962952471424
3870 27.5962952471424
3870 0
3870 0
3870 0
3870 0
3870 0
3870 0
3870 0
3870 0
3870 0
3870 0
3870 0
3870 7.40917652370238
3870 7.40917652370238
3870 7.40917652370238
3870 0
3870 0
3870 0
3870 0
3870 0
3870 0
3870 0
3870 1.10350194552529
3870 14.4066951773198
3870 14.4066951773198
3870 0
3870 0
4254 0
4254 202.433936371428
4254 202.433936371428
4254 202.433936371428
4254 202.433936371428
4254 0
4254 0
4254 27.5962952471424
4254 27.5962952471424
4254 27.5962952471424
4254 27.5962952471424
4254 0
4254 0
4254 0
4254 0
4254 0
4254 0
4254 0
4254 0
4254 0
4254 0
4254 0
4254 7.40917652370238
4254 7.40917652370238
4254 7.40917652370238
4254 0
4254 0
4254 0
4254 0
4254 0
4254 0
4254 0
4254 1.10350194552529
4254 14.4066951773198
4254 14.4066951773198
4254 0
4254 0
3497 0
3497 202.433936371428
3497 202.433936371428
3497 202.433936371428
3497 202.433936371428
3497 0
3497 0
3497 27.5962952471424
3497 27.5962952471424
3497 27.5962952471424
3497 27.5962952471424
3497 0
3497 0
3497 0
3497 0
3497 0
3497 0
3497 0
3497 0
3497 0
3497 0
3497 0
3497 7.40917652370238
3497 7.40917652370238
3497 7.40917652370238
3497 0
3497 0
3497 0
3497 0
3497 0
3497 0
3497 0
3497 1.10350194552529
3497 14.4066951773198
3497 14.4066951773198
3497 0
3497 0
3569 0
3569 202.433936371428
3569 202.433936371428
3569 202.433936371428
3569 202.433936371428
3569 0
3569 0
3569 27.5962952471424
3569 27.5962952471424
3569 27.5962952471424
3569 27.5962952471424
3569 0
3569 0
3569 0
3569 0
3569 0
3569 0
3569 0
3569 0
3569 0
3569 0
3569 0
3569 7.40917652370238
3569 7.40917652370238
3569 7.40917652370238
3569 0
3569 0
3569 0
3569 0
3569 0
3569 0
3569 0
3569 1.10350194552529
3569 14.4066951773198
3569 14.4066951773198
3569 0
3569 0
3635 0
3635 202.433936371428
3635 202.433936371428
3635 202.433936371428
3635 202.433936371428
3635 0
3635 0
3635 27.5962952471424
3635 27.5962952471424
3635 27.5962952471424
3635 27.5962952471424
3635 0
3635 0
3635 0
3635 0
3635 0
3635 0
3635 0
3635 0
3635 0
3635 0
3635 0
3635 7.40917652370238
3635 7.40917652370238
3635 7.40917652370238
3635 0
3635 0
3635 0
3635 0
3635 0
3635 0
3635 0
3635 1.10350194552529
3635 14.4066951773198
3635 14.4066951773198
3635 0
3635 0
3757 0
3757 202.433936371428
3757 202.433936371428
3757 202.433936371428
3757 202.433936371428
3757 0
3757 0
3757 27.5962952471424
3757 27.5962952471424
3757 27.5962952471424
3757 27.5962952471424
3757 0
3757 0
3757 0
3757 0
3757 0
3757 0
3757 0
3757 0
3757 0
3757 0
3757 0
3757 7.40917652370238
3757 7.40917652370238
3757 7.40917652370238
3757 0
3757 0
3757 0
3757 0
3757 0
3757 0
3757 0
3757 1.10350194552529
3757 14.4066951773198
3757 14.4066951773198
3757 0
3757 0
3871 0
3871 202.433936371428
3871 202.433936371428
3871 202.433936371428
3871 202.433936371428
3871 0
3871 0
3871 27.5962952471424
3871 27.5962952471424
3871 27.5962952471424
3871 27.5962952471424
3871 0
3871 0
3871 0
3871 0
3871 0
3871 0
3871 0
3871 0
3871 0
3871 0
3871 0
3871 7.40917652370238
3871 7.40917652370238
3871 7.40917652370238
3871 0
3871 0
3871 0
3871 0
3871 0
3871 0
3871 0
3871 1.10350194552529
3871 14.4066951773198
3871 14.4066951773198
3871 0
3871 0
4180 0
4180 202.433936371428
4180 202.433936371428
4180 202.433936371428
4180 202.433936371428
4180 0
4180 0
4180 27.5962952471424
4180 27.5962952471424
4180 27.5962952471424
4180 27.5962952471424
4180 0
4180 0
4180 0
4180 0
4180 0
4180 0
4180 0
4180 0
4180 0
4180 0
4180 0
4180 7.40917652370238
4180 7.40917652370238
4180 7.40917652370238
4180 0
4180 0
4180 0
4180 0
4180 0
4180 0
4180 0
4180 1.10350194552529
4180 14.4066951773198
4180 14.4066951773198
4180 0
4180 0
4217 0
4217 202.433936371428
4217 202.433936371428
4217 202.433936371428
4217 202.433936371428
4217 0
4217 0
4217 27.5962952471424
4217 27.5962952471424
4217 27.5962952471424
4217 27.5962952471424
4217 0
4217 0
4217 0
4217 0
4217 0
4217 0
4217 0
4217 0
4217 0
4217 0
4217 0
4217 7.40917652370238
4217 7.40917652370238
4217 7.40917652370238
4217 0
4217 0
4217 0
4217 0
4217 0
4217 0
4217 0
4217 1.10350194552529
4217 14.4066951773198
4217 14.4066951773198
4217 0
4217 0
3817 0
3817 202.433936371428
3817 202.433936371428
3817 202.433936371428
3817 202.433936371428
3817 0
3817 0
3817 27.5962952471424
3817 27.5962952471424
3817 27.5962952471424
3817 27.5962952471424
3817 0
3817 0
3817 0
3817 0
3817 0
3817 0
3817 0
3817 0
3817 0
3817 0
3817 0
3817 7.40917652370238
3817 7.40917652370238
3817 7.40917652370238
3817 0
3817 0
3817 0
3817 0
3817 0
3817 0
3817 0
3817 1.10350194552529
3817 14.4066951773198
3817 14.4066951773198
3817 0
3817 0
3872 0
3872 202.433936371428
3872 202.433936371428
3872 202.433936371428
3872 202.433936371428
3872 0
3872 0
3872 27.5962952471424
3872 27.5962952471424
3872 27.5962952471424
3872 27.5962952471424
3872 0
3872 0
3872 0
3872 0
3872 0
3872 0
3872 0
3872 0
3872 0
3872 0
3872 0
3872 7.40917652370238
3872 7.40917652370238
3872 7.40917652370238
3872 0
3872 0
3872 0
3872 0
3872 0
3872 0
3872 0
3872 1.10350194552529
3872 14.4066951773198
3872 14.4066951773198
3872 0
3872 0
2556 0
2556 202.433936371428
2556 202.433936371428
2556 202.433936371428
2556 202.433936371428
2556 0
2556 0
2556 27.5962952471424
2556 27.5962952471424
2556 27.5962952471424
2556 27.5962952471424
2556 0
2556 0
2556 0
2556 0
2556 0
2556 0
2556 0
2556 0
2556 0
2556 0
2556 0
2556 7.40917652370238
2556 7.40917652370238
2556 7.40917652370238
2556 0
2556 0
2556 0
2556 0
2556 0
2556 0
2556 0
2556 1.10350194552529
2556 14.4066951773198
2556 14.4066951773198
2556 0
2556 0
3197 0
3197 202.433936371428
3197 202.433936371428
3197 202.433936371428
3197 202.433936371428
3197 0
3197 0
3197 27.5962952471424
3197 27.5962952471424
3197 27.5962952471424
3197 27.5962952471424
3197 0
3197 0
3197 0
3197 0
3197 0
3197 0
3197 0
3197 0
3197 0
3197 0
3197 0
3197 7.40917652370238
3197 7.40917652370238
3197 7.40917652370238
3197 0
3197 0
3197 0
3197 0
3197 0
3197 0
3197 0
3197 1.10350194552529
3197 14.4066951773198
3197 14.4066951773198
3197 0
3197 0
3428 0
3428 202.433936371428
3428 202.433936371428
3428 202.433936371428
3428 202.433936371428
3428 0
3428 0
3428 27.5962952471424
3428 27.5962952471424
3428 27.5962952471424
3428 27.5962952471424
3428 0
3428 0
3428 0
3428 0
3428 0
3428 0
3428 0
3428 0
3428 0
3428 0
3428 0
3428 7.40917652370238
3428 7.40917652370238
3428 7.40917652370238
3428 0
3428 0
3428 0
3428 0
3428 0
3428 0
3428 0
3428 1.10350194552529
3428 14.4066951773198
3428 14.4066951773198
3428 0
3428 0
3637 0
3637 202.433936371428
3637 202.433936371428
3637 202.433936371428
3637 202.433936371428
3637 0
3637 0
3637 27.5962952471424
3637 27.5962952471424
3637 27.5962952471424
3637 27.5962952471424
3637 0
3637 0
3637 0
3637 0
3637 0
3637 0
3637 0
3637 0
3637 0
3637 0
3637 0
3637 7.40917652370238
3637 7.40917652370238
3637 7.40917652370238
3637 0
3637 0
3637 0
3637 0
3637 0
3637 0
3637 0
3637 1.10350194552529
3637 14.4066951773198
3637 14.4066951773198
3637 0
3637 0
3700 0
3700 202.433936371428
3700 202.433936371428
3700 202.433936371428
3700 202.433936371428
3700 0
3700 0
3700 27.5962952471424
3700 27.5962952471424
3700 27.5962952471424
3700 27.5962952471424
3700 0
3700 0
3700 0
3700 0
3700 0
3700 0
3700 0
3700 0
3700 0
3700 0
3700 0
3700 7.40917652370238
3700 7.40917652370238
3700 7.40917652370238
3700 0
3700 0
3700 0
3700 0
3700 0
3700 0
3700 0
3700 1.10350194552529
3700 14.4066951773198
3700 14.4066951773198
3700 0
3700 0
3759 0
3759 202.433936371428
3759 202.433936371428
3759 202.433936371428
3759 202.433936371428
3759 0
3759 0
3759 27.5962952471424
3759 27.5962952471424
3759 27.5962952471424
3759 27.5962952471424
3759 0
3759 0
3759 0
3759 0
3759 0
3759 0
3759 0
3759 0
3759 0
3759 0
3759 0
3759 7.40917652370238
3759 7.40917652370238
3759 7.40917652370238
3759 0
3759 0
3759 0
3759 0
3759 0
3759 0
3759 0
3759 1.10350194552529
3759 14.4066951773198
3759 14.4066951773198
3759 0
3759 0
3873 0
3873 202.433936371428
3873 202.433936371428
3873 202.433936371428
3873 202.433936371428
3873 0
3873 0
3873 27.5962952471424
3873 27.5962952471424
3873 27.5962952471424
3873 27.5962952471424
3873 0
3873 0
3873 0
3873 0
3873 0
3873 0
3873 0
3873 0
3873 0
3873 0
3873 0
3873 7.40917652370238
3873 7.40917652370238
3873 7.40917652370238
3873 0
3873 0
3873 0
3873 0
3873 0
3873 0
3873 0
3873 1.10350194552529
3873 14.4066951773198
3873 14.4066951773198
3873 0
3873 0
4043 0
4043 202.433936371428
4043 202.433936371428
4043 202.433936371428
4043 202.433936371428
4043 0
4043 0
4043 27.5962952471424
4043 27.5962952471424
4043 27.5962952471424
4043 27.5962952471424
4043 0
4043 0
4043 0
4043 0
4043 0
4043 0
4043 0
4043 0
4043 0
4043 0
4043 0
4043 7.40917652370238
4043 7.40917652370238
4043 7.40917652370238
4043 0
4043 0
4043 0
4043 0
4043 0
4043 0
4043 0
4043 1.10350194552529
4043 14.4066951773198
4043 14.4066951773198
4043 0
4043 0
2463 0
2463 202.433936371428
2463 202.433936371428
2463 202.433936371428
2463 202.433936371428
2463 0
2463 0
2463 27.5962952471424
2463 27.5962952471424
2463 27.5962952471424
2463 27.5962952471424
2463 0
2463 0
2463 0
2463 0
2463 0
2463 0
2463 0
2463 0
2463 0
2463 0
2463 0
2463 7.40917652370238
2463 7.40917652370238
2463 7.40917652370238
2463 0
2463 0
2463 0
2463 0
2463 0
2463 0
2463 0
2463 1.10350194552529
2463 14.4066951773198
2463 14.4066951773198
2463 0
2463 0
3429 0
3429 202.433936371428
3429 202.433936371428
3429 202.433936371428
3429 202.433936371428
3429 0
3429 0
3429 27.5962952471424
3429 27.5962952471424
3429 27.5962952471424
3429 27.5962952471424
3429 0
3429 0
3429 0
3429 0
3429 0
3429 0
3429 0
3429 0
3429 0
3429 0
3429 0
3429 7.40917652370238
3429 7.40917652370238
3429 7.40917652370238
3429 0
3429 0
3429 0
3429 0
3429 0
3429 0
3429 0
3429 1.10350194552529
3429 14.4066951773198
3429 14.4066951773198
3429 0
3429 0
3760 0
3760 202.433936371428
3760 202.433936371428
3760 202.433936371428
3760 202.433936371428
3760 0
3760 0
3760 27.5962952471424
3760 27.5962952471424
3760 27.5962952471424
3760 27.5962952471424
3760 0
3760 0
3760 0
3760 0
3760 0
3760 0
3760 0
3760 0
3760 0
3760 0
3760 0
3760 7.40917652370238
3760 7.40917652370238
3760 7.40917652370238
3760 0
3760 0
3760 0
3760 0
3760 0
3760 0
3760 0
3760 1.10350194552529
3760 14.4066951773198
3760 14.4066951773198
3760 0
3760 0
3819 0
3819 202.433936371428
3819 202.433936371428
3819 202.433936371428
3819 202.433936371428
3819 0
3819 0
3819 27.5962952471424
3819 27.5962952471424
3819 27.5962952471424
3819 27.5962952471424
3819 0
3819 0
3819 0
3819 0
3819 0
3819 0
3819 0
3819 0
3819 0
3819 0
3819 0
3819 7.40917652370238
3819 7.40917652370238
3819 7.40917652370238
3819 0
3819 0
3819 0
3819 0
3819 0
3819 0
3819 0
3819 1.10350194552529
3819 14.4066951773198
3819 14.4066951773198
3819 0
3819 0
2209 0
2209 202.433936371428
2209 202.433936371428
2209 202.433936371428
2209 202.433936371428
2209 0
2209 0
2209 27.5962952471424
2209 27.5962952471424
2209 27.5962952471424
2209 27.5962952471424
2209 0
2209 0
2209 0
2209 0
2209 0
2209 0
2209 0
2209 0
2209 0
2209 0
2209 0
2209 7.40917652370238
2209 7.40917652370238
2209 7.40917652370238
2209 0
2209 0
2209 0
2209 0
2209 0
2209 0
2209 0
2209 1.10350194552529
2209 14.4066951773198
2209 14.4066951773198
2209 0
2209 0
2374 0
2374 202.433936371428
2374 202.433936371428
2374 202.433936371428
2374 202.433936371428
2374 0
2374 0
2374 27.5962952471424
2374 27.5962952471424
2374 27.5962952471424
2374 27.5962952471424
2374 0
2374 0
2374 0
2374 0
2374 0
2374 0
2374 0
2374 0
2374 0
2374 0
2374 0
2374 7.40917652370238
2374 7.40917652370238
2374 7.40917652370238
2374 0
2374 0
2374 0
2374 0
2374 0
2374 0
2374 0
2374 1.10350194552529
2374 14.4066951773198
2374 14.4066951773198
2374 0
2374 0
3430 0
3430 202.433936371428
3430 202.433936371428
3430 202.433936371428
3430 202.433936371428
3430 0
3430 0
3430 27.5962952471424
3430 27.5962952471424
3430 27.5962952471424
3430 27.5962952471424
3430 0
3430 0
3430 0
3430 0
3430 0
3430 0
3430 0
3430 0
3430 0
3430 0
3430 0
3430 7.40917652370238
3430 7.40917652370238
3430 7.40917652370238
3430 0
3430 0
3430 0
3430 0
3430 0
3430 0
3430 0
3430 1.10350194552529
3430 14.4066951773198
3430 14.4066951773198
3430 0
3430 0
3501 0
3501 202.433936371428
3501 202.433936371428
3501 202.433936371428
3501 202.433936371428
3501 0
3501 0
3501 27.5962952471424
3501 27.5962952471424
3501 27.5962952471424
3501 27.5962952471424
3501 0
3501 0
3501 0
3501 0
3501 0
3501 0
3501 0
3501 0
3501 0
3501 0
3501 0
3501 7.40917652370238
3501 7.40917652370238
3501 7.40917652370238
3501 0
3501 0
3501 0
3501 0
3501 0
3501 0
3501 0
3501 1.10350194552529
3501 14.4066951773198
3501 14.4066951773198
3501 0
3501 0
3573 0
3573 202.433936371428
3573 202.433936371428
3573 202.433936371428
3573 202.433936371428
3573 0
3573 0
3573 27.5962952471424
3573 27.5962952471424
3573 27.5962952471424
3573 27.5962952471424
3573 0
3573 0
3573 0
3573 0
3573 0
3573 0
3573 0
3573 0
3573 0
3573 0
3573 0
3573 7.40917652370238
3573 7.40917652370238
3573 7.40917652370238
3573 0
3573 0
3573 0
3573 0
3573 0
3573 0
3573 0
3573 1.10350194552529
3573 14.4066951773198
3573 14.4066951773198
3573 0
3573 0
3702 0
3702 202.433936371428
3702 202.433936371428
3702 202.433936371428
3702 202.433936371428
3702 0
3702 0
3702 27.5962952471424
3702 27.5962952471424
3702 27.5962952471424
3702 27.5962952471424
3702 0
3702 0
3702 0
3702 0
3702 0
3702 0
3702 0
3702 0
3702 0
3702 0
3702 0
3702 7.40917652370238
3702 7.40917652370238
3702 7.40917652370238
3702 0
3702 0
3702 0
3702 0
3702 0
3702 0
3702 0
3702 1.10350194552529
3702 14.4066951773198
3702 14.4066951773198
3702 0
3702 0
3761 0
3761 202.433936371428
3761 202.433936371428
3761 202.433936371428
3761 202.433936371428
3761 0
3761 0
3761 27.5962952471424
3761 27.5962952471424
3761 27.5962952471424
3761 27.5962952471424
3761 0
3761 0
3761 0
3761 0
3761 0
3761 0
3761 0
3761 0
3761 0
3761 0
3761 0
3761 7.40917652370238
3761 7.40917652370238
3761 7.40917652370238
3761 0
3761 0
3761 0
3761 0
3761 0
3761 0
3761 0
3761 1.10350194552529
3761 14.4066951773198
3761 14.4066951773198
3761 0
3761 0
2293 0
2293 202.433936371428
2293 202.433936371428
2293 202.433936371428
2293 202.433936371428
2293 0
2293 0
2293 27.5962952471424
2293 27.5962952471424
2293 27.5962952471424
2293 27.5962952471424
2293 0
2293 0
2293 0
2293 0
2293 0
2293 0
2293 0
2293 0
2293 0
2293 0
2293 0
2293 7.40917652370238
2293 7.40917652370238
2293 7.40917652370238
2293 0
2293 0
2293 0
2293 0
2293 0
2293 0
2293 0
2293 1.10350194552529
2293 14.4066951773198
2293 14.4066951773198
2293 0
2293 0
2375 0
2375 202.433936371428
2375 202.433936371428
2375 202.433936371428
2375 202.433936371428
2375 0
2375 0
2375 27.5962952471424
2375 27.5962952471424
2375 27.5962952471424
2375 27.5962952471424
2375 0
2375 0
2375 0
2375 0
2375 0
2375 0
2375 0
2375 0
2375 0
2375 0
2375 0
2375 7.40917652370238
2375 7.40917652370238
2375 7.40917652370238
2375 0
2375 0
2375 0
2375 0
2375 0
2375 0
2375 0
2375 1.10350194552529
2375 14.4066951773198
2375 14.4066951773198
2375 0
2375 0
2559 0
2559 202.433936371428
2559 202.433936371428
2559 202.433936371428
2559 202.433936371428
2559 0
2559 0
2559 27.5962952471424
2559 27.5962952471424
2559 27.5962952471424
2559 27.5962952471424
2559 0
2559 0
2559 0
2559 0
2559 0
2559 0
2559 0
2559 0
2559 0
2559 0
2559 0
2559 7.40917652370238
2559 7.40917652370238
2559 7.40917652370238
2559 0
2559 0
2559 0
2559 0
2559 0
2559 0
2559 0
2559 1.10350194552529
2559 14.4066951773198
2559 14.4066951773198
2559 0
2559 0
2840 0
2840 202.433936371428
2840 202.433936371428
2840 202.433936371428
2840 202.433936371428
2840 0
2840 0
2840 27.5962952471424
2840 27.5962952471424
2840 27.5962952471424
2840 27.5962952471424
2840 0
2840 0
2840 0
2840 0
2840 0
2840 0
2840 0
2840 0
2840 0
2840 0
2840 0
2840 7.40917652370238
2840 7.40917652370238
2840 7.40917652370238
2840 0
2840 0
2840 0
2840 0
2840 0
2840 0
2840 0
2840 1.10350194552529
2840 14.4066951773198
2840 14.4066951773198
2840 0
2840 0
3574 0
3574 202.433936371428
3574 202.433936371428
3574 202.433936371428
3574 202.433936371428
3574 0
3574 0
3574 27.5962952471424
3574 27.5962952471424
3574 27.5962952471424
3574 27.5962952471424
3574 0
3574 0
3574 0
3574 0
3574 0
3574 0
3574 0
3574 0
3574 0
3574 0
3574 0
3574 7.40917652370238
3574 7.40917652370238
3574 7.40917652370238
3574 0
3574 0
3574 0
3574 0
3574 0
3574 0
3574 0
3574 1.10350194552529
3574 14.4066951773198
3574 14.4066951773198
3574 0
3574 0
3640 0
3640 202.433936371428
3640 202.433936371428
3640 202.433936371428
3640 202.433936371428
3640 0
3640 0
3640 27.5962952471424
3640 27.5962952471424
3640 27.5962952471424
3640 27.5962952471424
3640 0
3640 0
3640 0
3640 0
3640 0
3640 0
3640 0
3640 0
3640 0
3640 0
3640 0
3640 7.40917652370238
3640 7.40917652370238
3640 7.40917652370238
3640 0
3640 0
3640 0
3640 0
3640 0
3640 0
3640 0
3640 1.10350194552529
3640 14.4066951773198
3640 14.4066951773198
3640 0
3640 0
3876 0
3876 202.433936371428
3876 202.433936371428
3876 202.433936371428
3876 202.433936371428
3876 0
3876 0
3876 27.5962952471424
3876 27.5962952471424
3876 27.5962952471424
3876 27.5962952471424
3876 0
3876 0
3876 0
3876 0
3876 0
3876 0
3876 0
3876 0
3876 0
3876 0
3876 0
3876 7.40917652370238
3876 7.40917652370238
3876 7.40917652370238
3876 0
3876 0
3876 0
3876 0
3876 0
3876 0
3876 0
3876 1.10350194552529
3876 14.4066951773198
3876 14.4066951773198
3876 0
3876 0
2376 0
2376 202.433936371428
2376 202.433936371428
2376 202.433936371428
2376 202.433936371428
2376 0
2376 0
2376 27.5962952471424
2376 27.5962952471424
2376 27.5962952471424
2376 27.5962952471424
2376 0
2376 0
2376 0
2376 0
2376 0
2376 0
2376 0
2376 0
2376 0
2376 0
2376 0
2376 7.40917652370238
2376 7.40917652370238
2376 7.40917652370238
2376 0
2376 0
2376 0
2376 0
2376 0
2376 0
2376 0
2376 1.10350194552529
2376 14.4066951773198
2376 14.4066951773198
2376 0
2376 0
2747 0
2747 202.433936371428
2747 202.433936371428
2747 202.433936371428
2747 202.433936371428
2747 0
2747 0
2747 27.5962952471424
2747 27.5962952471424
2747 27.5962952471424
2747 27.5962952471424
2747 0
2747 0
2747 0
2747 0
2747 0
2747 0
2747 0
2747 0
2747 0
2747 0
2747 0
2747 7.40917652370238
2747 7.40917652370238
2747 7.40917652370238
2747 0
2747 0
2747 0
2747 0
2747 0
2747 0
2747 0
2747 1.10350194552529
2747 14.4066951773198
2747 14.4066951773198
2747 0
2747 0
2841 0
2841 202.433936371428
2841 202.433936371428
2841 202.433936371428
2841 202.433936371428
2841 0
2841 0
2841 27.5962952471424
2841 27.5962952471424
2841 27.5962952471424
2841 27.5962952471424
2841 0
2841 0
2841 0
2841 0
2841 0
2841 0
2841 0
2841 0
2841 0
2841 0
2841 0
2841 7.40917652370238
2841 7.40917652370238
2841 7.40917652370238
2841 0
2841 0
2841 0
2841 0
2841 0
2841 0
2841 0
2841 1.10350194552529
2841 14.4066951773198
2841 14.4066951773198
2841 0
2841 0
3025 0
3025 202.433936371428
3025 202.433936371428
3025 202.433936371428
3025 202.433936371428
3025 0
3025 0
3025 27.5962952471424
3025 27.5962952471424
3025 27.5962952471424
3025 27.5962952471424
3025 0
3025 0
3025 0
3025 0
3025 0
3025 0
3025 0
3025 0
3025 0
3025 0
3025 0
3025 7.40917652370238
3025 7.40917652370238
3025 7.40917652370238
3025 0
3025 0
3025 0
3025 0
3025 0
3025 0
3025 0
3025 1.10350194552529
3025 14.4066951773198
3025 14.4066951773198
3025 0
3025 0
3116 0
3116 202.433936371428
3116 202.433936371428
3116 202.433936371428
3116 202.433936371428
3116 0
3116 0
3116 27.5962952471424
3116 27.5962952471424
3116 27.5962952471424
3116 27.5962952471424
3116 0
3116 0
3116 0
3116 0
3116 0
3116 0
3116 0
3116 0
3116 0
3116 0
3116 0
3116 7.40917652370238
3116 7.40917652370238
3116 7.40917652370238
3116 0
3116 0
3116 0
3116 0
3116 0
3116 0
3116 0
3116 1.10350194552529
3116 14.4066951773198
3116 14.4066951773198
3116 0
3116 0
3201 0
3201 202.433936371428
3201 202.433936371428
3201 202.433936371428
3201 202.433936371428
3201 0
3201 0
3201 27.5962952471424
3201 27.5962952471424
3201 27.5962952471424
3201 27.5962952471424
3201 0
3201 0
3201 0
3201 0
3201 0
3201 0
3201 0
3201 0
3201 0
3201 0
3201 0
3201 7.40917652370238
3201 7.40917652370238
3201 7.40917652370238
3201 0
3201 0
3201 0
3201 0
3201 0
3201 0
3201 0
3201 1.10350194552529
3201 14.4066951773198
3201 14.4066951773198
3201 0
3201 0
3283 0
3283 202.433936371428
3283 202.433936371428
3283 202.433936371428
3283 202.433936371428
3283 0
3283 0
3283 27.5962952471424
3283 27.5962952471424
3283 27.5962952471424
3283 27.5962952471424
3283 0
3283 0
3283 0
3283 0
3283 0
3283 0
3283 0
3283 0
3283 0
3283 0
3283 0
3283 7.40917652370238
3283 7.40917652370238
3283 7.40917652370238
3283 0
3283 0
3283 0
3283 0
3283 0
3283 0
3283 0
3283 1.10350194552529
3283 14.4066951773198
3283 14.4066951773198
3283 0
3283 0
3503 0
3503 202.433936371428
3503 202.433936371428
3503 202.433936371428
3503 202.433936371428
3503 0
3503 0
3503 27.5962952471424
3503 27.5962952471424
3503 27.5962952471424
3503 27.5962952471424
3503 0
3503 0
3503 0
3503 0
3503 0
3503 0
3503 0
3503 0
3503 0
3503 0
3503 0
3503 7.40917652370238
3503 7.40917652370238
3503 7.40917652370238
3503 0
3503 0
3503 0
3503 0
3503 0
3503 0
3503 0
3503 1.10350194552529
3503 14.4066951773198
3503 14.4066951773198
3503 0
3503 0
3575 0
3575 202.433936371428
3575 202.433936371428
3575 202.433936371428
3575 202.433936371428
3575 0
3575 0
3575 27.5962952471424
3575 27.5962952471424
3575 27.5962952471424
3575 27.5962952471424
3575 0
3575 0
3575 0
3575 0
3575 0
3575 0
3575 0
3575 0
3575 0
3575 0
3575 0
3575 7.40917652370238
3575 7.40917652370238
3575 7.40917652370238
3575 0
3575 0
3575 0
3575 0
3575 0
3575 0
3575 0
3575 1.10350194552529
3575 14.4066951773198
3575 14.4066951773198
3575 0
3575 0
3641 0
3641 202.433936371428
3641 202.433936371428
3641 202.433936371428
3641 202.433936371428
3641 0
3641 0
3641 27.5962952471424
3641 27.5962952471424
3641 27.5962952471424
3641 27.5962952471424
3641 0
3641 0
3641 0
3641 0
3641 0
3641 0
3641 0
3641 0
3641 0
3641 0
3641 0
3641 7.40917652370238
3641 7.40917652370238
3641 7.40917652370238
3641 0
3641 0
3641 0
3641 0
3641 0
3641 0
3641 0
3641 1.10350194552529
3641 14.4066951773198
3641 14.4066951773198
3641 0
3641 0
3763 0
3763 202.433936371428
3763 202.433936371428
3763 202.433936371428
3763 202.433936371428
3763 0
3763 0
3763 27.5962952471424
3763 27.5962952471424
3763 27.5962952471424
3763 27.5962952471424
3763 0
3763 0
3763 0
3763 0
3763 0
3763 0
3763 0
3763 0
3763 0
3763 0
3763 0
3763 7.40917652370238
3763 7.40917652370238
3763 7.40917652370238
3763 0
3763 0
3763 0
3763 0
3763 0
3763 0
3763 0
3763 1.10350194552529
3763 14.4066951773198
3763 14.4066951773198
3763 0
3763 0
2467 0
2467 202.433936371428
2467 202.433936371428
2467 202.433936371428
2467 202.433936371428
2467 0
2467 0
2467 27.5962952471424
2467 27.5962952471424
2467 27.5962952471424
2467 27.5962952471424
2467 0
2467 0
2467 0
2467 0
2467 0
2467 0
2467 0
2467 0
2467 0
2467 0
2467 0
2467 7.40917652370238
2467 7.40917652370238
2467 7.40917652370238
2467 0
2467 0
2467 0
2467 0
2467 0
2467 0
2467 0
2467 1.10350194552529
2467 14.4066951773198
2467 14.4066951773198
2467 0
2467 0
2561 0
2561 202.433936371428
2561 202.433936371428
2561 202.433936371428
2561 202.433936371428
2561 0
2561 0
2561 27.5962952471424
2561 27.5962952471424
2561 27.5962952471424
2561 27.5962952471424
2561 0
2561 0
2561 0
2561 0
2561 0
2561 0
2561 0
2561 0
2561 0
2561 0
2561 0
2561 7.40917652370238
2561 7.40917652370238
2561 7.40917652370238
2561 0
2561 0
2561 0
2561 0
2561 0
2561 0
2561 0
2561 1.10350194552529
2561 14.4066951773198
2561 14.4066951773198
2561 0
2561 0
2653 0
2653 202.433936371428
2653 202.433936371428
2653 202.433936371428
2653 202.433936371428
2653 0
2653 0
2653 27.5962952471424
2653 27.5962952471424
2653 27.5962952471424
2653 27.5962952471424
2653 0
2653 0
2653 0
2653 0
2653 0
2653 0
2653 0
2653 0
2653 0
2653 0
2653 0
2653 7.40917652370238
2653 7.40917652370238
2653 7.40917652370238
2653 0
2653 0
2653 0
2653 0
2653 0
2653 0
2653 0
2653 1.10350194552529
2653 14.4066951773198
2653 14.4066951773198
2653 0
2653 0
2748 0
2748 202.433936371428
2748 202.433936371428
2748 202.433936371428
2748 202.433936371428
2748 0
2748 0
2748 27.5962952471424
2748 27.5962952471424
2748 27.5962952471424
2748 27.5962952471424
2748 0
2748 0
2748 0
2748 0
2748 0
2748 0
2748 0
2748 0
2748 0
2748 0
2748 0
2748 7.40917652370238
2748 7.40917652370238
2748 7.40917652370238
2748 0
2748 0
2748 0
2748 0
2748 0
2748 0
2748 0
2748 1.10350194552529
2748 14.4066951773198
2748 14.4066951773198
2748 0
2748 0
2937 0
2937 202.433936371428
2937 202.433936371428
2937 202.433936371428
2937 202.433936371428
2937 0
2937 0
2937 27.5962952471424
2937 27.5962952471424
2937 27.5962952471424
2937 27.5962952471424
2937 0
2937 0
2937 0
2937 0
2937 0
2937 0
2937 0
2937 0
2937 0
2937 0
2937 0
2937 7.40917652370238
2937 7.40917652370238
2937 7.40917652370238
2937 0
2937 0
2937 0
2937 0
2937 0
2937 0
2937 0
2937 1.10350194552529
2937 14.4066951773198
2937 14.4066951773198
2937 0
2937 0
3026 0
3026 202.433936371428
3026 202.433936371428
3026 202.433936371428
3026 202.433936371428
3026 0
3026 0
3026 27.5962952471424
3026 27.5962952471424
3026 27.5962952471424
3026 27.5962952471424
3026 0
3026 0
3026 0
3026 0
3026 0
3026 0
3026 0
3026 0
3026 0
3026 0
3026 0
3026 7.40917652370238
3026 7.40917652370238
3026 7.40917652370238
3026 0
3026 0
3026 0
3026 0
3026 0
3026 0
3026 0
3026 1.10350194552529
3026 14.4066951773198
3026 14.4066951773198
3026 0
3026 0
3117 0
3117 202.433936371428
3117 202.433936371428
3117 202.433936371428
3117 202.433936371428
3117 0
3117 0
3117 27.5962952471424
3117 27.5962952471424
3117 27.5962952471424
3117 27.5962952471424
3117 0
3117 0
3117 0
3117 0
3117 0
3117 0
3117 0
3117 0
3117 0
3117 0
3117 0
3117 7.40917652370238
3117 7.40917652370238
3117 7.40917652370238
3117 0
3117 0
3117 0
3117 0
3117 0
3117 0
3117 0
3117 1.10350194552529
3117 14.4066951773198
3117 14.4066951773198
3117 0
3117 0
3202 0
3202 202.433936371428
3202 202.433936371428
3202 202.433936371428
3202 202.433936371428
3202 0
3202 0
3202 27.5962952471424
3202 27.5962952471424
3202 27.5962952471424
3202 27.5962952471424
3202 0
3202 0
3202 0
3202 0
3202 0
3202 0
3202 0
3202 0
3202 0
3202 0
3202 0
3202 7.40917652370238
3202 7.40917652370238
3202 7.40917652370238
3202 0
3202 0
3202 0
3202 0
3202 0
3202 0
3202 0
3202 1.10350194552529
3202 14.4066951773198
3202 14.4066951773198
3202 0
3202 0
3361 0
3361 202.433936371428
3361 202.433936371428
3361 202.433936371428
3361 202.433936371428
3361 0
3361 0
3361 27.5962952471424
3361 27.5962952471424
3361 27.5962952471424
3361 27.5962952471424
3361 0
3361 0
3361 0
3361 0
3361 0
3361 0
3361 0
3361 0
3361 0
3361 0
3361 0
3361 7.40917652370238
3361 7.40917652370238
3361 7.40917652370238
3361 0
3361 0
3361 0
3361 0
3361 0
3361 0
3361 0
3361 1.10350194552529
3361 14.4066951773198
3361 14.4066951773198
3361 0
3361 0
3433 0
3433 202.433936371428
3433 202.433936371428
3433 202.433936371428
3433 202.433936371428
3433 0
3433 0
3433 27.5962952471424
3433 27.5962952471424
3433 27.5962952471424
3433 27.5962952471424
3433 0
3433 0
3433 0
3433 0
3433 0
3433 0
3433 0
3433 0
3433 0
3433 0
3433 0
3433 7.40917652370238
3433 7.40917652370238
3433 7.40917652370238
3433 0
3433 0
3433 0
3433 0
3433 0
3433 0
3433 0
3433 1.10350194552529
3433 14.4066951773198
3433 14.4066951773198
3433 0
3433 0
3504 0
3504 202.433936371428
3504 202.433936371428
3504 202.433936371428
3504 202.433936371428
3504 0
3504 0
3504 27.5962952471424
3504 27.5962952471424
3504 27.5962952471424
3504 27.5962952471424
3504 0
3504 0
3504 0
3504 0
3504 0
3504 0
3504 0
3504 0
3504 0
3504 0
3504 0
3504 7.40917652370238
3504 7.40917652370238
3504 7.40917652370238
3504 0
3504 0
3504 0
3504 0
3504 0
3504 0
3504 0
3504 1.10350194552529
3504 14.4066951773198
3504 14.4066951773198
3504 0
3504 0
3576 0
3576 202.433936371428
3576 202.433936371428
3576 202.433936371428
3576 202.433936371428
3576 0
3576 0
3576 27.5962952471424
3576 27.5962952471424
3576 27.5962952471424
3576 27.5962952471424
3576 0
3576 0
3576 0
3576 0
3576 0
3576 0
3576 0
3576 0
3576 0
3576 0
3576 0
3576 7.40917652370238
3576 7.40917652370238
3576 7.40917652370238
3576 0
3576 0
3576 0
3576 0
3576 0
3576 0
3576 0
3576 1.10350194552529
3576 14.4066951773198
3576 14.4066951773198
3576 0
3576 0
3642 0
3642 202.433936371428
3642 202.433936371428
3642 202.433936371428
3642 202.433936371428
3642 0
3642 0
3642 27.5962952471424
3642 27.5962952471424
3642 27.5962952471424
3642 27.5962952471424
3642 0
3642 0
3642 0
3642 0
3642 0
3642 0
3642 0
3642 0
3642 0
3642 0
3642 0
3642 7.40917652370238
3642 7.40917652370238
3642 7.40917652370238
3642 0
3642 0
3642 0
3642 0
3642 0
3642 0
3642 0
3642 1.10350194552529
3642 14.4066951773198
3642 14.4066951773198
3642 0
3642 0
2749 0
2749 202.433936371428
2749 202.433936371428
2749 202.433936371428
2749 202.433936371428
2749 0
2749 0
2749 27.5962952471424
2749 27.5962952471424
2749 27.5962952471424
2749 27.5962952471424
2749 0
2749 0
2749 0
2749 0
2749 0
2749 0
2749 0
2749 0
2749 0
2749 0
2749 0
2749 7.40917652370238
2749 7.40917652370238
2749 7.40917652370238
2749 0
2749 0
2749 0
2749 0
2749 0
2749 0
2749 0
2749 1.10350194552529
2749 14.4066951773198
2749 14.4066951773198
2749 0
2749 0
2843 0
2843 202.433936371428
2843 202.433936371428
2843 202.433936371428
2843 202.433936371428
2843 0
2843 0
2843 27.5962952471424
2843 27.5962952471424
2843 27.5962952471424
2843 27.5962952471424
2843 0
2843 0
2843 0
2843 0
2843 0
2843 0
2843 0
2843 0
2843 0
2843 0
2843 0
2843 7.40917652370238
2843 7.40917652370238
2843 7.40917652370238
2843 0
2843 0
2843 0
2843 0
2843 0
2843 0
2843 0
2843 1.10350194552529
2843 14.4066951773198
2843 14.4066951773198
2843 0
2843 0
2938 0
2938 202.433936371428
2938 202.433936371428
2938 202.433936371428
2938 202.433936371428
2938 0
2938 0
2938 27.5962952471424
2938 27.5962952471424
2938 27.5962952471424
2938 27.5962952471424
2938 0
2938 0
2938 0
2938 0
2938 0
2938 0
2938 0
2938 0
2938 0
2938 0
2938 0
2938 7.40917652370238
2938 7.40917652370238
2938 7.40917652370238
2938 0
2938 0
2938 0
2938 0
2938 0
2938 0
2938 0
2938 1.10350194552529
2938 14.4066951773198
2938 14.4066951773198
2938 0
2938 0
3027 0
3027 202.433936371428
3027 202.433936371428
3027 202.433936371428
3027 202.433936371428
3027 0
3027 0
3027 27.5962952471424
3027 27.5962952471424
3027 27.5962952471424
3027 27.5962952471424
3027 0
3027 0
3027 0
3027 0
3027 0
3027 0
3027 0
3027 0
3027 0
3027 0
3027 0
3027 7.40917652370238
3027 7.40917652370238
3027 7.40917652370238
3027 0
3027 0
3027 0
3027 0
3027 0
3027 0
3027 0
3027 1.10350194552529
3027 14.4066951773198
3027 14.4066951773198
3027 0
3027 0
3118 0
3118 202.433936371428
3118 202.433936371428
3118 202.433936371428
3118 202.433936371428
3118 0
3118 0
3118 27.5962952471424
3118 27.5962952471424
3118 27.5962952471424
3118 27.5962952471424
3118 0
3118 0
3118 0
3118 0
3118 0
3118 0
3118 0
3118 0
3118 0
3118 0
3118 0
3118 7.40917652370238
3118 7.40917652370238
3118 7.40917652370238
3118 0
3118 0
3118 0
3118 0
3118 0
3118 0
3118 0
3118 1.10350194552529
3118 14.4066951773198
3118 14.4066951773198
3118 0
3118 0
3203 0
3203 202.433936371428
3203 202.433936371428
3203 202.433936371428
3203 202.433936371428
3203 0
3203 0
3203 27.5962952471424
3203 27.5962952471424
3203 27.5962952471424
3203 27.5962952471424
3203 0
3203 0
3203 0
3203 0
3203 0
3203 0
3203 0
3203 0
3203 0
3203 0
3203 0
3203 7.40917652370238
3203 7.40917652370238
3203 7.40917652370238
3203 0
3203 0
3203 0
3203 0
3203 0
3203 0
3203 0
3203 1.10350194552529
3203 14.4066951773198
3203 14.4066951773198
3203 0
3203 0
3285 0
3285 202.433936371428
3285 202.433936371428
3285 202.433936371428
3285 202.433936371428
3285 0
3285 0
3285 27.5962952471424
3285 27.5962952471424
3285 27.5962952471424
3285 27.5962952471424
3285 0
3285 0
3285 0
3285 0
3285 0
3285 0
3285 0
3285 0
3285 0
3285 0
3285 0
3285 7.40917652370238
3285 7.40917652370238
3285 7.40917652370238
3285 0
3285 0
3285 0
3285 0
3285 0
3285 0
3285 0
3285 1.10350194552529
3285 14.4066951773198
3285 14.4066951773198
3285 0
3285 0
3362 0
3362 202.433936371428
3362 202.433936371428
3362 202.433936371428
3362 202.433936371428
3362 0
3362 0
3362 27.5962952471424
3362 27.5962952471424
3362 27.5962952471424
3362 27.5962952471424
3362 0
3362 0
3362 0
3362 0
3362 0
3362 0
3362 0
3362 0
3362 0
3362 0
3362 0
3362 7.40917652370238
3362 7.40917652370238
3362 7.40917652370238
3362 0
3362 0
3362 0
3362 0
3362 0
3362 0
3362 0
3362 1.10350194552529
3362 14.4066951773198
3362 14.4066951773198
3362 0
3362 0
3434 0
3434 202.433936371428
3434 202.433936371428
3434 202.433936371428
3434 202.433936371428
3434 0
3434 0
3434 27.5962952471424
3434 27.5962952471424
3434 27.5962952471424
3434 27.5962952471424
3434 0
3434 0
3434 0
3434 0
3434 0
3434 0
3434 0
3434 0
3434 0
3434 0
3434 0
3434 7.40917652370238
3434 7.40917652370238
3434 7.40917652370238
3434 0
3434 0
3434 0
3434 0
3434 0
3434 0
3434 0
3434 1.10350194552529
3434 14.4066951773198
3434 14.4066951773198
3434 0
3434 0
3505 0
3505 202.433936371428
3505 202.433936371428
3505 202.433936371428
3505 202.433936371428
3505 0
3505 0
3505 27.5962952471424
3505 27.5962952471424
3505 27.5962952471424
3505 27.5962952471424
3505 0
3505 0
3505 0
3505 0
3505 0
3505 0
3505 0
3505 0
3505 0
3505 0
3505 0
3505 7.40917652370238
3505 7.40917652370238
3505 7.40917652370238
3505 0
3505 0
3505 0
3505 0
3505 0
3505 0
3505 0
3505 1.10350194552529
3505 14.4066951773198
3505 14.4066951773198
3505 0
3505 0
3577 0
3577 202.433936371428
3577 202.433936371428
3577 202.433936371428
3577 202.433936371428
3577 0
3577 0
3577 27.5962952471424
3577 27.5962952471424
3577 27.5962952471424
3577 27.5962952471424
3577 0
3577 0
3577 0
3577 0
3577 0
3577 0
3577 0
3577 0
3577 0
3577 0
3577 0
3577 7.40917652370238
3577 7.40917652370238
3577 7.40917652370238
3577 0
3577 0
3577 0
3577 0
3577 0
3577 0
3577 0
3577 1.10350194552529
3577 14.4066951773198
3577 14.4066951773198
3577 0
3577 0
2563 0
2563 202.433936371428
2563 202.433936371428
2563 202.433936371428
2563 202.433936371428
2563 0
2563 0
2563 27.5962952471424
2563 27.5962952471424
2563 27.5962952471424
2563 27.5962952471424
2563 0
2563 0
2563 0
2563 0
2563 0
2563 0
2563 0
2563 0
2563 0
2563 0
2563 0
2563 7.40917652370238
2563 7.40917652370238
2563 7.40917652370238
2563 0
2563 0
2563 0
2563 0
2563 0
2563 0
2563 0
2563 1.10350194552529
2563 14.4066951773198
2563 14.4066951773198
2563 0
2563 0
2750 0
2750 202.433936371428
2750 202.433936371428
2750 202.433936371428
2750 202.433936371428
2750 0
2750 0
2750 27.5962952471424
2750 27.5962952471424
2750 27.5962952471424
2750 27.5962952471424
2750 0
2750 0
2750 0
2750 0
2750 0
2750 0
2750 0
2750 0
2750 0
2750 0
2750 0
2750 7.40917652370238
2750 7.40917652370238
2750 7.40917652370238
2750 0
2750 0
2750 0
2750 0
2750 0
2750 0
2750 0
2750 1.10350194552529
2750 14.4066951773198
2750 14.4066951773198
2750 0
2750 0
2844 0
2844 202.433936371428
2844 202.433936371428
2844 202.433936371428
2844 202.433936371428
2844 0
2844 0
2844 27.5962952471424
2844 27.5962952471424
2844 27.5962952471424
2844 27.5962952471424
2844 0
2844 0
2844 0
2844 0
2844 0
2844 0
2844 0
2844 0
2844 0
2844 0
2844 0
2844 7.40917652370238
2844 7.40917652370238
2844 7.40917652370238
2844 0
2844 0
2844 0
2844 0
2844 0
2844 0
2844 0
2844 1.10350194552529
2844 14.4066951773198
2844 14.4066951773198
2844 0
2844 0
2939 0
2939 202.433936371428
2939 202.433936371428
2939 202.433936371428
2939 202.433936371428
2939 0
2939 0
2939 27.5962952471424
2939 27.5962952471424
2939 27.5962952471424
2939 27.5962952471424
2939 0
2939 0
2939 0
2939 0
2939 0
2939 0
2939 0
2939 0
2939 0
2939 0
2939 0
2939 7.40917652370238
2939 7.40917652370238
2939 7.40917652370238
2939 0
2939 0
2939 0
2939 0
2939 0
2939 0
2939 0
2939 1.10350194552529
2939 14.4066951773198
2939 14.4066951773198
2939 0
2939 0
3028 0
3028 202.433936371428
3028 202.433936371428
3028 202.433936371428
3028 202.433936371428
3028 0
3028 0
3028 27.5962952471424
3028 27.5962952471424
3028 27.5962952471424
3028 27.5962952471424
3028 0
3028 0
3028 0
3028 0
3028 0
3028 0
3028 0
3028 0
3028 0
3028 0
3028 0
3028 7.40917652370238
3028 7.40917652370238
3028 7.40917652370238
3028 0
3028 0
3028 0
3028 0
3028 0
3028 0
3028 0
3028 1.10350194552529
3028 14.4066951773198
3028 14.4066951773198
3028 0
3028 0
3204 0
3204 202.433936371428
3204 202.433936371428
3204 202.433936371428
3204 202.433936371428
3204 0
3204 0
3204 27.5962952471424
3204 27.5962952471424
3204 27.5962952471424
3204 27.5962952471424
3204 0
3204 0
3204 0
3204 0
3204 0
3204 0
3204 0
3204 0
3204 0
3204 0
3204 0
3204 7.40917652370238
3204 7.40917652370238
3204 7.40917652370238
3204 0
3204 0
3204 0
3204 0
3204 0
3204 0
3204 0
3204 1.10350194552529
3204 14.4066951773198
3204 14.4066951773198
3204 0
3204 0
3286 0
3286 202.433936371428
3286 202.433936371428
3286 202.433936371428
3286 202.433936371428
3286 0
3286 0
3286 27.5962952471424
3286 27.5962952471424
3286 27.5962952471424
3286 27.5962952471424
3286 0
3286 0
3286 0
3286 0
3286 0
3286 0
3286 0
3286 0
3286 0
3286 0
3286 0
3286 7.40917652370238
3286 7.40917652370238
3286 7.40917652370238
3286 0
3286 0
3286 0
3286 0
3286 0
3286 0
3286 0
3286 1.10350194552529
3286 14.4066951773198
3286 14.4066951773198
3286 0
3286 0
3363 0
3363 202.433936371428
3363 202.433936371428
3363 202.433936371428
3363 202.433936371428
3363 0
3363 0
3363 27.5962952471424
3363 27.5962952471424
3363 27.5962952471424
3363 27.5962952471424
3363 0
3363 0
3363 0
3363 0
3363 0
3363 0
3363 0
3363 0
3363 0
3363 0
3363 0
3363 7.40917652370238
3363 7.40917652370238
3363 7.40917652370238
3363 0
3363 0
3363 0
3363 0
3363 0
3363 0
3363 0
3363 1.10350194552529
3363 14.4066951773198
3363 14.4066951773198
3363 0
3363 0
3435 0
3435 202.433936371428
3435 202.433936371428
3435 202.433936371428
3435 202.433936371428
3435 0
3435 0
3435 27.5962952471424
3435 27.5962952471424
3435 27.5962952471424
3435 27.5962952471424
3435 0
3435 0
3435 0
3435 0
3435 0
3435 0
3435 0
3435 0
3435 0
3435 0
3435 0
3435 7.40917652370238
3435 7.40917652370238
3435 7.40917652370238
3435 0
3435 0
3435 0
3435 0
3435 0
3435 0
3435 0
3435 1.10350194552529
3435 14.4066951773198
3435 14.4066951773198
3435 0
3435 0
3506 0
3506 202.433936371428
3506 202.433936371428
3506 202.433936371428
3506 202.433936371428
3506 0
3506 0
3506 27.5962952471424
3506 27.5962952471424
3506 27.5962952471424
3506 27.5962952471424
3506 0
3506 0
3506 0
3506 0
3506 0
3506 0
3506 0
3506 0
3506 0
3506 0
3506 0
3506 7.40917652370238
3506 7.40917652370238
3506 7.40917652370238
3506 0
3506 0
3506 0
3506 0
3506 0
3506 0
3506 0
3506 1.10350194552529
3506 14.4066951773198
3506 14.4066951773198
3506 0
3506 0
3644 0
3644 202.433936371428
3644 202.433936371428
3644 202.433936371428
3644 202.433936371428
3644 0
3644 0
3644 27.5962952471424
3644 27.5962952471424
3644 27.5962952471424
3644 27.5962952471424
3644 0
3644 0
3644 0
3644 0
3644 0
3644 0
3644 0
3644 0
3644 0
3644 0
3644 0
3644 7.40917652370238
3644 7.40917652370238
3644 7.40917652370238
3644 0
3644 0
3644 0
3644 0
3644 0
3644 0
3644 0
3644 1.10350194552529
3644 14.4066951773198
3644 14.4066951773198
3644 0
3644 0
3287 0
3287 202.433936371428
3287 202.433936371428
3287 202.433936371428
3287 202.433936371428
3287 0
3287 0
3287 27.5962952471424
3287 27.5962952471424
3287 27.5962952471424
3287 27.5962952471424
3287 0
3287 0
3287 0
3287 0
3287 0
3287 0
3287 0
3287 0
3287 0
3287 0
3287 0
3287 7.40917652370238
3287 7.40917652370238
3287 7.40917652370238
3287 0
3287 0
3287 0
3287 0
3287 0
3287 0
3287 0
3287 1.10350194552529
3287 14.4066951773198
3287 14.4066951773198
3287 0
3287 0
3364 0
3364 202.433936371428
3364 202.433936371428
3364 202.433936371428
3364 202.433936371428
3364 0
3364 0
3364 27.5962952471424
3364 27.5962952471424
3364 27.5962952471424
3364 27.5962952471424
3364 0
3364 0
3364 0
3364 0
3364 0
3364 0
3364 0
3364 0
3364 0
3364 0
3364 0
3364 7.40917652370238
3364 7.40917652370238
3364 7.40917652370238
3364 0
3364 0
3364 0
3364 0
3364 0
3364 0
3364 0
3364 1.10350194552529
3364 14.4066951773198
3364 14.4066951773198
3364 0
3364 0
3436 0
3436 202.433936371428
3436 202.433936371428
3436 202.433936371428
3436 202.433936371428
3436 0
3436 0
3436 27.5962952471424
3436 27.5962952471424
3436 27.5962952471424
3436 27.5962952471424
3436 0
3436 0
3436 0
3436 0
3436 0
3436 0
3436 0
3436 0
3436 0
3436 0
3436 0
3436 7.40917652370238
3436 7.40917652370238
3436 7.40917652370238
3436 0
3436 0
3436 0
3436 0
3436 0
3436 0
3436 0
3436 1.10350194552529
3436 14.4066951773198
3436 14.4066951773198
3436 0
3436 0
3579 0
3579 202.433936371428
3579 202.433936371428
3579 202.433936371428
3579 202.433936371428
3579 0
3579 0
3579 27.5962952471424
3579 27.5962952471424
3579 27.5962952471424
3579 27.5962952471424
3579 0
3579 0
3579 0
3579 0
3579 0
3579 0
3579 0
3579 0
3579 0
3579 0
3579 0
3579 7.40917652370238
3579 7.40917652370238
3579 7.40917652370238
3579 0
3579 0
3579 0
3579 0
3579 0
3579 0
3579 0
3579 1.10350194552529
3579 14.4066951773198
3579 14.4066951773198
3579 0
3579 0
2941 0
2941 202.433936371428
2941 202.433936371428
2941 202.433936371428
2941 202.433936371428
2941 0
2941 0
2941 27.5962952471424
2941 27.5962952471424
2941 27.5962952471424
2941 27.5962952471424
2941 0
2941 0
2941 0
2941 0
2941 0
2941 0
2941 0
2941 0
2941 0
2941 0
2941 0
2941 7.40917652370238
2941 7.40917652370238
2941 7.40917652370238
2941 0
2941 0
2941 0
2941 0
2941 0
2941 0
2941 0
2941 1.10350194552529
2941 14.4066951773198
2941 14.4066951773198
2941 0
2941 0
3121 0
3121 202.433936371428
3121 202.433936371428
3121 202.433936371428
3121 202.433936371428
3121 0
3121 0
3121 27.5962952471424
3121 27.5962952471424
3121 27.5962952471424
3121 27.5962952471424
3121 0
3121 0
3121 0
3121 0
3121 0
3121 0
3121 0
3121 0
3121 0
3121 0
3121 0
3121 7.40917652370238
3121 7.40917652370238
3121 7.40917652370238
3121 0
3121 0
3121 0
3121 0
3121 0
3121 0
3121 0
3121 1.10350194552529
3121 14.4066951773198
3121 14.4066951773198
3121 0
3121 0
3206 0
3206 202.433936371428
3206 202.433936371428
3206 202.433936371428
3206 202.433936371428
3206 0
3206 0
3206 27.5962952471424
3206 27.5962952471424
3206 27.5962952471424
3206 27.5962952471424
3206 0
3206 0
3206 0
3206 0
3206 0
3206 0
3206 0
3206 0
3206 0
3206 0
3206 0
3206 7.40917652370238
3206 7.40917652370238
3206 7.40917652370238
3206 0
3206 0
3206 0
3206 0
3206 0
3206 0
3206 0
3206 1.10350194552529
3206 14.4066951773198
3206 14.4066951773198
3206 0
3206 0
3288 0
3288 202.433936371428
3288 202.433936371428
3288 202.433936371428
3288 202.433936371428
3288 0
3288 0
3288 27.5962952471424
3288 27.5962952471424
3288 27.5962952471424
3288 27.5962952471424
3288 0
3288 0
3288 0
3288 0
3288 0
3288 0
3288 0
3288 0
3288 0
3288 0
3288 0
3288 7.40917652370238
3288 7.40917652370238
3288 7.40917652370238
3288 0
3288 0
3288 0
3288 0
3288 0
3288 0
3288 0
3288 1.10350194552529
3288 14.4066951773198
3288 14.4066951773198
3288 0
3288 0
3365 0
3365 202.433936371428
3365 202.433936371428
3365 202.433936371428
3365 202.433936371428
3365 0
3365 0
3365 27.5962952471424
3365 27.5962952471424
3365 27.5962952471424
3365 27.5962952471424
3365 0
3365 0
3365 0
3365 0
3365 0
3365 0
3365 0
3365 0
3365 0
3365 0
3365 0
3365 7.40917652370238
3365 7.40917652370238
3365 7.40917652370238
3365 0
3365 0
3365 0
3365 0
3365 0
3365 0
3365 0
3365 1.10350194552529
3365 14.4066951773198
3365 14.4066951773198
3365 0
3365 0
3289 0
3289 202.433936371428
3289 202.433936371428
3289 202.433936371428
3289 202.433936371428
3289 0
3289 0
3289 27.5962952471424
3289 27.5962952471424
3289 27.5962952471424
3289 27.5962952471424
3289 0
3289 0
3289 0
3289 0
3289 0
3289 0
3289 0
3289 0
3289 0
3289 0
3289 0
3289 7.40917652370238
3289 7.40917652370238
3289 7.40917652370238
3289 0
3289 0
3289 0
3289 0
3289 0
3289 0
3289 0
3289 1.10350194552529
3289 14.4066951773198
3289 14.4066951773198
3289 0
3289 0
3438 0
3438 202.433936371428
3438 202.433936371428
3438 202.433936371428
3438 202.433936371428
3438 0
3438 0
3438 27.5962952471424
3438 27.5962952471424
3438 27.5962952471424
3438 27.5962952471424
3438 0
3438 0
3438 0
3438 0
3438 0
3438 0
3438 0
3438 0
3438 0
3438 0
3438 0
3438 7.40917652370238
3438 7.40917652370238
3438 7.40917652370238
3438 0
3438 0
3438 0
3438 0
3438 0
3438 0
3438 0
3438 1.10350194552529
3438 14.4066951773198
3438 14.4066951773198
3438 0
3438 0
3509 0
3509 202.433936371428
3509 202.433936371428
3509 202.433936371428
3509 202.433936371428
3509 0
3509 0
3509 27.5962952471424
3509 27.5962952471424
3509 27.5962952471424
3509 27.5962952471424
3509 0
3509 0
3509 0
3509 0
3509 0
3509 0
3509 0
3509 0
3509 0
3509 0
3509 0
3509 7.40917652370238
3509 7.40917652370238
3509 7.40917652370238
3509 0
3509 0
3509 0
3509 0
3509 0
3509 0
3509 0
3509 1.10350194552529
3509 14.4066951773198
3509 14.4066951773198
3509 0
3509 0
