pt_graph freq
1396 1
1488 1
1529 1
1533 1
1534 1
1537 1
1578 1
1583 1
1584 1
1585 1
1627 1
1628 1
1629 1
1630 1
1631 1
1681 1
1734 1
1792 1
1795 1
1860 1
1862 1
1929 1
1931 1
2006 1
2084 1
2089 1
2255 1
2257 1
2258 1
2259 1
2294 1
2295 1
2336 1
2337 1
2373 1
2374 1
2375 1
2376 1
2377 1
2422 1
2463 1
2464 1
2467 1
2469 1
2539 1
2558 1
2559 1
2561 1
2613 1
2615 1
2651 1
2653 1
2655 1
2707 1
2745 1
2746 1
2747 1
2748 1
2749 1
2750 1
2800 1
2840 1
2841 1
2842 1
2843 1
2844 1
2890 1
2894 1
2896 1
2911 1
2912 1
2935 1
2936 1
2937 1
2938 1
2939 1
2940 1
2983 1
3000 1
3024 1
3025 1
3026 1
3027 1
3028 1
3029 1
3030 1
3096 1
3112 1
3116 1
3117 1
3118 1
3119 1
3121 1
3201 1
3202 1
3203 1
3204 1
3205 1
3206 1
3283 1
3284 1
3285 1
3286 1
3287 1
3288 1
3289 1
3313 1
3357 1
3361 1
3362 1
3363 1
3364 1
3365 1
3366 1
3389 1
3390 1
3428 1
3429 1
3433 1
3434 1
3435 1
3436 1
3454 1
3456 1
3459 1
3496 1
3498 1
3499 1
3500 1
3501 1
3503 1
3504 1
3505 1
3506 1
3508 1
3509 1
3531 1
3566 1
3567 1
3568 1
3569 1
3570 1
3571 1
3572 1
3573 1
3574 1
3575 1
3576 1
3577 1
3581 1
3621 1
3622 1
3633 1
3634 1
3635 1
3637 1
3638 1
3639 1
3640 1
3641 1
3642 1
3644 1
3645 1
3659 1
3695 1
3698 1
3699 1
3700 1
3701 1
3702 1
3708 1
3744 1
3745 1
3753 1
3757 1
3758 1
3759 1
3760 1
3761 1
3765 1
3803 1
3805 1
3812 1
3815 1
3816 1
3817 1
3818 1
3819 1
3856 1
3857 1
3858 1
3865 1
3866 1
3867 1
3871 1
3872 1
3873 1
3874 1
3875 1
3909 1
3912 1
3913 1
3914 1
3918 1
3919 1
3920 1
3923 1
3924 1
3929 1
3930 1
3931 1
3932 1
3942 1
3967 1
3974 1
3976 1
3977 1
3978 1
3982 1
3985 1
4000 1
4027 1
4029 1
4032 1
4033 1
4034 1
4037 1
4038 1
4039 1
4043 1
4072 1
4075 1
4076 1
4078 1
4082 1
4083 1
4084 1
4088 1
4089 1
4090 1
4119 1
4120 1
4126 1
4127 1
4132 1
4133 1
4134 1
4135 1
4137 1
4138 1
4171 1
4176 1
4178 1
4180 1
4197 1
4198 1
4199 1
4201 1
4206 1
4207 1
4209 1
4210 1
4212 1
4213 1
4214 1
4217 1
4236 1
4237 1
4239 1
4244 1
4248 1
4250 1
4251 1
4252 1
4279 1
4287 1
4288 1
4289 1
4290 1
4291 1
4292 1
4293 1
4294 1
4295 1
4326 1
4327 1
4328 1
4329 1
4330 1
4332 1
4333 1
4335 1
4369 1
4370 1
4371 1
4373 1
4374 1
4375 1
4376 1
4396 1
4410 1
4412 1
4413 1
4414 1
4415 1
4420 1
4430 1
4449 1
4486 1
4523 1
4524 1
4561 1
4562 1
4571 1
4582 1
4623 1
4642 1
4740 1
4802 1
4807 1
4809 1
4877 1
4897 1
4944 1
4946 1
4966 1
5014 1
5021 1
5022 1
5056 1
5064 1
5091 1
5106 1
5107 1
5111 1
5136 1
5175 1
5176 1
5198 1
5199 1
5224 1
5225 1
5235 1
5245 1
5279 1
5281 1
5284 1
5304 1
5309 1
5311 1
5340 1
5341 1
5342 1
5343 1
5372 1
5373 1
5378 1
5379 1
5436 1
5437 1
5464 1
5466 1
5467 1
5468 1
5471 1
5499 1
5502 1
5535 1
5570 1
5571 1
5577 1
5615 1
5622 1
5665 1
5672 1
5712 1
5752 1
5756 1
5758 1
5795 1
5796 1
5800 1
5801 1
5804 1
5825 1
5837 1
5838 1
5843 1
5845 1
5846 1
5847 1
5867 1
5882 1
5883 1
5884 1
5889 1
5904 1
5908 1
5920 1
5947 1
5949 1
5958 1
5961 1
5964 1
5984 1
5985 1
5993 1
5995 1
6024 1
6034 1
6035 1
6037 1
6038 1
6059 1
6061 1
6099 1
6100 1
6101 1
6114 1
6117 1
6134 1
6137 1
6144 1
6150 1
6152 1
6174 1
6175 1
6176 1
6177 1
6191 1
6192 1
6214 1
6215 1
6252 1
6253 1
6254 1
6266 1
6293 1
6294 1
6332 1
6333 1
6334 1
6335 1
6343 1
6373 1
6374 1
6375 1
6376 1
6413 1
6414 1
6415 1
6416 1
6428 1
6431 1
6436 1
6453 1
6454 1
6455 1
6456 1
6466 1
6494 1
6495 1
6496 1
6497 1
6498 1
6535 1
6536 1
6537 1
6538 1
6540 1
6573 1
6574 1
6575 1
6576 1
6581 1
6582 1
6583 1
6584 1
6613 1
6614 1
6615 1
6616 1
6617 1
6618 1
6620 1
6621 1
6622 1
6653 1
6654 1
6655 1
6656 1
6658 1
6659 1
6660 1
6661 1
6693 1
6694 1
6695 1
6696 1
6697 1
6699 1
6700 1
6701 1
6704 1
6732 1
6733 1
6734 1
6735 1
6736 1
6738 1
6771 1
6774 1
6775 1
6806 1
6807 1
6812 1
6844 1
6845 1
6847 1
6848 1
6860 1
6862 1
6882 1
6886 1
6924 1
7011 1
7013 1
7019 1
7048 1
7056 1
7104 1
7187 1
7190 1
7273 1
7458 1
7945 1
