pt_graph scale
18 418.104831492066
18 418.104831492066
18 418.104831492066
18 16.2976506140842
18 46.407466436374
18 46.407466436374
18 0.208960843373494
18 0.208960843373494
18 0.120625281164897
18 0
18 0
18 0.160325333507038
18 28.3919163700434
18 28.3919163700434
18 0
18 0.77906543442073
18 0
18 0
18 1.0345236079077
18 18.8755115600355
18 18.8755115600355
25 418.104831492066
25 418.104831492066
25 418.104831492066
25 16.2976506140842
25 46.407466436374
25 46.407466436374
25 0.208960843373494
25 0.208960843373494
25 0.120625281164897
25 0
25 0
25 0.160325333507038
25 28.3919163700434
25 28.3919163700434
25 0
25 0.77906543442073
25 0
25 0
25 1.0345236079077
25 18.8755115600355
25 18.8755115600355
27 418.104831492066
27 418.104831492066
27 418.104831492066
27 16.2976506140842
27 46.407466436374
27 46.407466436374
27 0.208960843373494
27 0.208960843373494
27 0.120625281164897
27 0
27 0
27 0.160325333507038
27 28.3919163700434
27 28.3919163700434
27 0
27 0.77906543442073
27 0
27 0
27 1.0345236079077
27 18.8755115600355
27 18.8755115600355
38 418.104831492066
38 418.104831492066
38 418.104831492066
38 16.2976506140842
38 46.407466436374
38 46.407466436374
38 0.208960843373494
38 0.208960843373494
38 0.120625281164897
38 0
38 0
38 0.160325333507038
38 28.3919163700434
38 28.3919163700434
38 0
38 0.77906543442073
38 0
38 0
38 1.0345236079077
38 18.8755115600355
38 18.8755115600355
161 418.104831492066
161 418.104831492066
161 418.104831492066
161 16.2976506140842
161 46.407466436374
161 46.407466436374
161 0.208960843373494
161 0.208960843373494
161 0.120625281164897
161 0
161 0
161 0.160325333507038
161 28.3919163700434
161 28.3919163700434
161 0
161 0.77906543442073
161 0
161 0
161 1.0345236079077
161 18.8755115600355
161 18.8755115600355
250 418.104831492066
250 418.104831492066
250 418.104831492066
250 16.2976506140842
250 46.407466436374
250 46.407466436374
250 0.208960843373494
250 0.208960843373494
250 0.120625281164897
250 0
250 0
250 0.160325333507038
250 28.3919163700434
250 28.3919163700434
250 0
250 0.77906543442073
250 0
250 0
250 1.0345236079077
250 18.8755115600355
250 18.8755115600355
169 418.104831492066
169 418.104831492066
169 418.104831492066
169 16.2976506140842
169 46.407466436374
169 46.407466436374
169 0.208960843373494
169 0.208960843373494
169 0.120625281164897
169 0
169 0
169 0.160325333507038
169 28.3919163700434
169 28.3919163700434
169 0
169 0.77906543442073
169 0
169 0
169 1.0345236079077
169 18.8755115600355
169 18.8755115600355
144 418.104831492066
144 418.104831492066
144 418.104831492066
144 16.2976506140842
144 46.407466436374
144 46.407466436374
144 0.208960843373494
144 0.208960843373494
144 0.120625281164897
144 0
144 0
144 0.160325333507038
144 28.3919163700434
144 28.3919163700434
144 0
144 0.77906543442073
144 0
144 0
144 1.0345236079077
144 18.8755115600355
144 18.8755115600355
369 418.104831492066
369 418.104831492066
369 418.104831492066
369 16.2976506140842
369 46.407466436374
369 46.407466436374
369 0.208960843373494
369 0.208960843373494
369 0.120625281164897
369 0
369 0
369 0.160325333507038
369 28.3919163700434
369 28.3919163700434
369 0
369 0.77906543442073
369 0
369 0
369 1.0345236079077
369 18.8755115600355
369 18.8755115600355
232 418.104831492066
232 418.104831492066
232 418.104831492066
232 16.2976506140842
232 46.407466436374
232 46.407466436374
232 0.208960843373494
232 0.208960843373494
232 0.120625281164897
232 0
232 0
232 0.160325333507038
232 28.3919163700434
232 28.3919163700434
232 0
232 0.77906543442073
232 0
232 0
232 1.0345236079077
232 18.8755115600355
232 18.8755115600355
275 418.104831492066
275 418.104831492066
275 418.104831492066
275 16.2976506140842
275 46.407466436374
275 46.407466436374
275 0.208960843373494
275 0.208960843373494
275 0.120625281164897
275 0
275 0
275 0.160325333507038
275 28.3919163700434
275 28.3919163700434
275 0
275 0.77906543442073
275 0
275 0
275 1.0345236079077
275 18.8755115600355
275 18.8755115600355
504 418.104831492066
504 418.104831492066
504 418.104831492066
504 16.2976506140842
504 46.407466436374
504 46.407466436374
504 0.208960843373494
504 0.208960843373494
504 0.120625281164897
504 0
504 0
504 0.160325333507038
504 28.3919163700434
504 28.3919163700434
504 0
504 0.77906543442073
504 0
504 0
504 1.0345236079077
504 18.8755115600355
504 18.8755115600355
276 418.104831492066
276 418.104831492066
276 418.104831492066
276 16.2976506140842
276 46.407466436374
276 46.407466436374
276 0.208960843373494
276 0.208960843373494
276 0.120625281164897
276 0
276 0
276 0.160325333507038
276 28.3919163700434
276 28.3919163700434
276 0
276 0.77906543442073
276 0
276 0
276 1.0345236079077
276 18.8755115600355
276 18.8755115600355
579 418.104831492066
579 418.104831492066
579 418.104831492066
579 16.2976506140842
579 46.407466436374
579 46.407466436374
579 0.208960843373494
579 0.208960843373494
579 0.120625281164897
579 0
579 0
579 0.160325333507038
579 28.3919163700434
579 28.3919163700434
579 0
579 0.77906543442073
579 0
579 0
579 1.0345236079077
579 18.8755115600355
579 18.8755115600355
335 418.104831492066
335 418.104831492066
335 418.104831492066
335 16.2976506140842
335 46.407466436374
335 46.407466436374
335 0.208960843373494
335 0.208960843373494
335 0.120625281164897
335 0
335 0
335 0.160325333507038
335 28.3919163700434
335 28.3919163700434
335 0
335 0.77906543442073
335 0
335 0
335 1.0345236079077
335 18.8755115600355
335 18.8755115600355
583 418.104831492066
583 418.104831492066
583 418.104831492066
583 16.2976506140842
583 46.407466436374
583 46.407466436374
583 0.208960843373494
583 0.208960843373494
583 0.120625281164897
583 0
583 0
583 0.160325333507038
583 28.3919163700434
583 28.3919163700434
583 0
583 0.77906543442073
583 0
583 0
583 1.0345236079077
583 18.8755115600355
583 18.8755115600355
338 418.104831492066
338 418.104831492066
338 418.104831492066
338 16.2976506140842
338 46.407466436374
338 46.407466436374
338 0.208960843373494
338 0.208960843373494
338 0.120625281164897
338 0
338 0
338 0.160325333507038
338 28.3919163700434
338 28.3919163700434
338 0
338 0.77906543442073
338 0
338 0
338 1.0345236079077
338 18.8755115600355
338 18.8755115600355
341 418.104831492066
341 418.104831492066
341 418.104831492066
341 16.2976506140842
341 46.407466436374
341 46.407466436374
341 0.208960843373494
341 0.208960843373494
341 0.120625281164897
341 0
341 0
341 0.160325333507038
341 28.3919163700434
341 28.3919163700434
341 0
341 0.77906543442073
341 0
341 0
341 1.0345236079077
341 18.8755115600355
341 18.8755115600355
394 418.104831492066
394 418.104831492066
394 418.104831492066
394 16.2976506140842
394 46.407466436374
394 46.407466436374
394 0.208960843373494
394 0.208960843373494
394 0.120625281164897
394 0
394 0
394 0.160325333507038
394 28.3919163700434
394 28.3919163700434
394 0
394 0.77906543442073
394 0
394 0
394 1.0345236079077
394 18.8755115600355
394 18.8755115600355
657 418.104831492066
657 418.104831492066
657 418.104831492066
657 16.2976506140842
657 46.407466436374
657 46.407466436374
657 0.208960843373494
657 0.208960843373494
657 0.120625281164897
657 0
657 0
657 0.160325333507038
657 28.3919163700434
657 28.3919163700434
657 0
657 0.77906543442073
657 0
657 0
657 1.0345236079077
657 18.8755115600355
657 18.8755115600355
403 418.104831492066
403 418.104831492066
403 418.104831492066
403 16.2976506140842
403 46.407466436374
403 46.407466436374
403 0.208960843373494
403 0.208960843373494
403 0.120625281164897
403 0
403 0
403 0.160325333507038
403 28.3919163700434
403 28.3919163700434
403 0
403 0.77906543442073
403 0
403 0
403 1.0345236079077
403 18.8755115600355
403 18.8755115600355
8017 418.104831492066
8017 418.104831492066
8017 418.104831492066
8017 16.2976506140842
8017 46.407466436374
8017 46.407466436374
8017 0.208960843373494
8017 0.208960843373494
8017 0.120625281164897
8017 0
8017 0
8017 0.160325333507038
8017 28.3919163700434
8017 28.3919163700434
8017 0
8017 0.77906543442073
8017 0
8017 0
8017 1.0345236079077
8017 18.8755115600355
8017 18.8755115600355
478 418.104831492066
478 418.104831492066
478 418.104831492066
478 16.2976506140842
478 46.407466436374
478 46.407466436374
478 0.208960843373494
478 0.208960843373494
478 0.120625281164897
478 0
478 0
478 0.160325333507038
478 28.3919163700434
478 28.3919163700434
478 0
478 0.77906543442073
478 0
478 0
478 1.0345236079077
478 18.8755115600355
478 18.8755115600355
823 418.104831492066
823 418.104831492066
823 418.104831492066
823 16.2976506140842
823 46.407466436374
823 46.407466436374
823 0.208960843373494
823 0.208960843373494
823 0.120625281164897
823 0
823 0
823 0.160325333507038
823 28.3919163700434
823 28.3919163700434
823 0
823 0.77906543442073
823 0
823 0
823 1.0345236079077
823 18.8755115600355
823 18.8755115600355
539 418.104831492066
539 418.104831492066
539 418.104831492066
539 16.2976506140842
539 46.407466436374
539 46.407466436374
539 0.208960843373494
539 0.208960843373494
539 0.120625281164897
539 0
539 0
539 0.160325333507038
539 28.3919163700434
539 28.3919163700434
539 0
539 0.77906543442073
539 0
539 0
539 1.0345236079077
539 18.8755115600355
539 18.8755115600355
540 418.104831492066
540 418.104831492066
540 418.104831492066
540 16.2976506140842
540 46.407466436374
540 46.407466436374
540 0.208960843373494
540 0.208960843373494
540 0.120625281164897
540 0
540 0
540 0.160325333507038
540 28.3919163700434
540 28.3919163700434
540 0
540 0.77906543442073
540 0
540 0
540 1.0345236079077
540 18.8755115600355
540 18.8755115600355
541 418.104831492066
541 418.104831492066
541 418.104831492066
541 16.2976506140842
541 46.407466436374
541 46.407466436374
541 0.208960843373494
541 0.208960843373494
541 0.120625281164897
541 0
541 0
541 0.160325333507038
541 28.3919163700434
541 28.3919163700434
541 0
541 0.77906543442073
541 0
541 0
541 1.0345236079077
541 18.8755115600355
541 18.8755115600355
488 418.104831492066
488 418.104831492066
488 418.104831492066
488 16.2976506140842
488 46.407466436374
488 46.407466436374
488 0.208960843373494
488 0.208960843373494
488 0.120625281164897
488 0
488 0
488 0.160325333507038
488 28.3919163700434
488 28.3919163700434
488 0
488 0.77906543442073
488 0
488 0
488 1.0345236079077
488 18.8755115600355
488 18.8755115600355
542 418.104831492066
542 418.104831492066
542 418.104831492066
542 16.2976506140842
542 46.407466436374
542 46.407466436374
542 0.208960843373494
542 0.208960843373494
542 0.120625281164897
542 0
542 0
542 0.160325333507038
542 28.3919163700434
542 28.3919163700434
542 0
542 0.77906543442073
542 0
542 0
542 1.0345236079077
542 18.8755115600355
542 18.8755115600355
904 418.104831492066
904 418.104831492066
904 418.104831492066
904 16.2976506140842
904 46.407466436374
904 46.407466436374
904 0.208960843373494
904 0.208960843373494
904 0.120625281164897
904 0
904 0
904 0.160325333507038
904 28.3919163700434
904 28.3919163700434
904 0
904 0.77906543442073
904 0
904 0
904 1.0345236079077
904 18.8755115600355
904 18.8755115600355
673 418.104831492066
673 418.104831492066
673 418.104831492066
673 16.2976506140842
673 46.407466436374
673 46.407466436374
673 0.208960843373494
673 0.208960843373494
673 0.120625281164897
673 0
673 0
673 0.160325333507038
673 28.3919163700434
673 28.3919163700434
673 0
673 0.77906543442073
673 0
673 0
673 1.0345236079077
673 18.8755115600355
673 18.8755115600355
566 418.104831492066
566 418.104831492066
566 418.104831492066
566 16.2976506140842
566 46.407466436374
566 46.407466436374
566 0.208960843373494
566 0.208960843373494
566 0.120625281164897
566 0
566 0
566 0.160325333507038
566 28.3919163700434
566 28.3919163700434
566 0
566 0.77906543442073
566 0
566 0
566 1.0345236079077
566 18.8755115600355
566 18.8755115600355
568 418.104831492066
568 418.104831492066
568 418.104831492066
568 16.2976506140842
568 46.407466436374
568 46.407466436374
568 0.208960843373494
568 0.208960843373494
568 0.120625281164897
568 0
568 0
568 0.160325333507038
568 28.3919163700434
568 28.3919163700434
568 0
568 0.77906543442073
568 0
568 0
568 1.0345236079077
568 18.8755115600355
568 18.8755115600355
617 418.104831492066
617 418.104831492066
617 418.104831492066
617 16.2976506140842
617 46.407466436374
617 46.407466436374
617 0.208960843373494
617 0.208960843373494
617 0.120625281164897
617 0
617 0
617 0.160325333507038
617 28.3919163700434
617 28.3919163700434
617 0
617 0.77906543442073
617 0
617 0
617 1.0345236079077
617 18.8755115600355
617 18.8755115600355
618 418.104831492066
618 418.104831492066
618 418.104831492066
618 16.2976506140842
618 46.407466436374
618 46.407466436374
618 0.208960843373494
618 0.208960843373494
618 0.120625281164897
618 0
618 0
618 0.160325333507038
618 28.3919163700434
618 28.3919163700434
618 0
618 0.77906543442073
618 0
618 0
618 1.0345236079077
618 18.8755115600355
618 18.8755115600355
686 418.104831492066
686 418.104831492066
686 418.104831492066
686 16.2976506140842
686 46.407466436374
686 46.407466436374
686 0.208960843373494
686 0.208960843373494
686 0.120625281164897
686 0
686 0
686 0.160325333507038
686 28.3919163700434
686 28.3919163700434
686 0
686 0.77906543442073
686 0
686 0
686 1.0345236079077
686 18.8755115600355
686 18.8755115600355
694 418.104831492066
694 418.104831492066
694 418.104831492066
694 16.2976506140842
694 46.407466436374
694 46.407466436374
694 0.208960843373494
694 0.208960843373494
694 0.120625281164897
694 0
694 0
694 0.160325333507038
694 28.3919163700434
694 28.3919163700434
694 0
694 0.77906543442073
694 0
694 0
694 1.0345236079077
694 18.8755115600355
694 18.8755115600355
697 418.104831492066
697 418.104831492066
697 418.104831492066
697 16.2976506140842
697 46.407466436374
697 46.407466436374
697 0.208960843373494
697 0.208960843373494
697 0.120625281164897
697 0
697 0
697 0.160325333507038
697 28.3919163700434
697 28.3919163700434
697 0
697 0.77906543442073
697 0
697 0
697 1.0345236079077
697 18.8755115600355
697 18.8755115600355
1064 418.104831492066
1064 418.104831492066
1064 418.104831492066
1064 16.2976506140842
1064 46.407466436374
1064 46.407466436374
1064 0.208960843373494
1064 0.208960843373494
1064 0.120625281164897
1064 0
1064 0
1064 0.160325333507038
1064 28.3919163700434
1064 28.3919163700434
1064 0
1064 0.77906543442073
1064 0
1064 0
1064 1.0345236079077
1064 18.8755115600355
1064 18.8755115600355
770 418.104831492066
770 418.104831492066
770 418.104831492066
770 16.2976506140842
770 46.407466436374
770 46.407466436374
770 0.208960843373494
770 0.208960843373494
770 0.120625281164897
770 0
770 0
770 0.160325333507038
770 28.3919163700434
770 28.3919163700434
770 0
770 0.77906543442073
770 0
770 0
770 1.0345236079077
770 18.8755115600355
770 18.8755115600355
719 418.104831492066
719 418.104831492066
719 418.104831492066
719 16.2976506140842
719 46.407466436374
719 46.407466436374
719 0.208960843373494
719 0.208960843373494
719 0.120625281164897
719 0
719 0
719 0.160325333507038
719 28.3919163700434
719 28.3919163700434
719 0
719 0.77906543442073
719 0
719 0
719 1.0345236079077
719 18.8755115600355
719 18.8755115600355
773 418.104831492066
773 418.104831492066
773 418.104831492066
773 16.2976506140842
773 46.407466436374
773 46.407466436374
773 0.208960843373494
773 0.208960843373494
773 0.120625281164897
773 0
773 0
773 0.160325333507038
773 28.3919163700434
773 28.3919163700434
773 0
773 0.77906543442073
773 0
773 0
773 1.0345236079077
773 18.8755115600355
773 18.8755115600355
774 418.104831492066
774 418.104831492066
774 418.104831492066
774 16.2976506140842
774 46.407466436374
774 46.407466436374
774 0.208960843373494
774 0.208960843373494
774 0.120625281164897
774 0
774 0
774 0.160325333507038
774 28.3919163700434
774 28.3919163700434
774 0
774 0.77906543442073
774 0
774 0
774 1.0345236079077
774 18.8755115600355
774 18.8755115600355
775 418.104831492066
775 418.104831492066
775 418.104831492066
775 16.2976506140842
775 46.407466436374
775 46.407466436374
775 0.208960843373494
775 0.208960843373494
775 0.120625281164897
775 0
775 0
775 0.160325333507038
775 28.3919163700434
775 28.3919163700434
775 0
775 0.77906543442073
775 0
775 0
775 1.0345236079077
775 18.8755115600355
775 18.8755115600355
797 418.104831492066
797 418.104831492066
797 418.104831492066
797 16.2976506140842
797 46.407466436374
797 46.407466436374
797 0.208960843373494
797 0.208960843373494
797 0.120625281164897
797 0
797 0
797 0.160325333507038
797 28.3919163700434
797 28.3919163700434
797 0
797 0.77906543442073
797 0
797 0
797 1.0345236079077
797 18.8755115600355
797 18.8755115600355
854 418.104831492066
854 418.104831492066
854 418.104831492066
854 16.2976506140842
854 46.407466436374
854 46.407466436374
854 0.208960843373494
854 0.208960843373494
854 0.120625281164897
854 0
854 0
854 0.160325333507038
854 28.3919163700434
854 28.3919163700434
854 0
854 0.77906543442073
854 0
854 0
854 1.0345236079077
854 18.8755115600355
854 18.8755115600355
856 418.104831492066
856 418.104831492066
856 418.104831492066
856 16.2976506140842
856 46.407466436374
856 46.407466436374
856 0.208960843373494
856 0.208960843373494
856 0.120625281164897
856 0
856 0
856 0.160325333507038
856 28.3919163700434
856 28.3919163700434
856 0
856 0.77906543442073
856 0
856 0
856 1.0345236079077
856 18.8755115600355
856 18.8755115600355
858 418.104831492066
858 418.104831492066
858 418.104831492066
858 16.2976506140842
858 46.407466436374
858 46.407466436374
858 0.208960843373494
858 0.208960843373494
858 0.120625281164897
858 0
858 0
858 0.160325333507038
858 28.3919163700434
858 28.3919163700434
858 0
858 0.77906543442073
858 0
858 0
858 1.0345236079077
858 18.8755115600355
858 18.8755115600355
1312 418.104831492066
1312 418.104831492066
1312 418.104831492066
1312 16.2976506140842
1312 46.407466436374
1312 46.407466436374
1312 0.208960843373494
1312 0.208960843373494
1312 0.120625281164897
1312 0
1312 0
1312 0.160325333507038
1312 28.3919163700434
1312 28.3919163700434
1312 0
1312 0.77906543442073
1312 0
1312 0
1312 1.0345236079077
1312 18.8755115600355
1312 18.8755115600355
880 418.104831492066
880 418.104831492066
880 418.104831492066
880 16.2976506140842
880 46.407466436374
880 46.407466436374
880 0.208960843373494
880 0.208960843373494
880 0.120625281164897
880 0
880 0
880 0.160325333507038
880 28.3919163700434
880 28.3919163700434
880 0
880 0.77906543442073
880 0
880 0
880 1.0345236079077
880 18.8755115600355
880 18.8755115600355
881 418.104831492066
881 418.104831492066
881 418.104831492066
881 16.2976506140842
881 46.407466436374
881 46.407466436374
881 0.208960843373494
881 0.208960843373494
881 0.120625281164897
881 0
881 0
881 0.160325333507038
881 28.3919163700434
881 28.3919163700434
881 0
881 0.77906543442073
881 0
881 0
881 1.0345236079077
881 18.8755115600355
881 18.8755115600355
1007 418.104831492066
1007 418.104831492066
1007 418.104831492066
1007 16.2976506140842
1007 46.407466436374
1007 46.407466436374
1007 0.208960843373494
1007 0.208960843373494
1007 0.120625281164897
1007 0
1007 0
1007 0.160325333507038
1007 28.3919163700434
1007 28.3919163700434
1007 0
1007 0.77906543442073
1007 0
1007 0
1007 1.0345236079077
1007 18.8755115600355
1007 18.8755115600355
1232 418.104831492066
1232 418.104831492066
1232 418.104831492066
1232 16.2976506140842
1232 46.407466436374
1232 46.407466436374
1232 0.208960843373494
1232 0.208960843373494
1232 0.120625281164897
1232 0
1232 0
1232 0.160325333507038
1232 28.3919163700434
1232 28.3919163700434
1232 0
1232 0.77906543442073
1232 0
1232 0
1232 1.0345236079077
1232 18.8755115600355
1232 18.8755115600355
935 418.104831492066
935 418.104831492066
935 418.104831492066
935 16.2976506140842
935 46.407466436374
935 46.407466436374
935 0.208960843373494
935 0.208960843373494
935 0.120625281164897
935 0
935 0
935 0.160325333507038
935 28.3919163700434
935 28.3919163700434
935 0
935 0.77906543442073
935 0
935 0
935 1.0345236079077
935 18.8755115600355
935 18.8755115600355
937 418.104831492066
937 418.104831492066
937 418.104831492066
937 16.2976506140842
937 46.407466436374
937 46.407466436374
937 0.208960843373494
937 0.208960843373494
937 0.120625281164897
937 0
937 0
937 0.160325333507038
937 28.3919163700434
937 28.3919163700434
937 0
937 0.77906543442073
937 0
937 0
937 1.0345236079077
937 18.8755115600355
937 18.8755115600355
1010 418.104831492066
1010 418.104831492066
1010 418.104831492066
1010 16.2976506140842
1010 46.407466436374
1010 46.407466436374
1010 0.208960843373494
1010 0.208960843373494
1010 0.120625281164897
1010 0
1010 0
1010 0.160325333507038
1010 28.3919163700434
1010 28.3919163700434
1010 0
1010 0.77906543442073
1010 0
1010 0
1010 1.0345236079077
1010 18.8755115600355
1010 18.8755115600355
1012 418.104831492066
1012 418.104831492066
1012 418.104831492066
1012 16.2976506140842
1012 46.407466436374
1012 46.407466436374
1012 0.208960843373494
1012 0.208960843373494
1012 0.120625281164897
1012 0
1012 0
1012 0.160325333507038
1012 28.3919163700434
1012 28.3919163700434
1012 0
1012 0.77906543442073
1012 0
1012 0
1012 1.0345236079077
1012 18.8755115600355
1012 18.8755115600355
957 418.104831492066
957 418.104831492066
957 418.104831492066
957 16.2976506140842
957 46.407466436374
957 46.407466436374
957 0.208960843373494
957 0.208960843373494
957 0.120625281164897
957 0
957 0
957 0.160325333507038
957 28.3919163700434
957 28.3919163700434
957 0
957 0.77906543442073
957 0
957 0
957 1.0345236079077
957 18.8755115600355
957 18.8755115600355
958 418.104831492066
958 418.104831492066
958 418.104831492066
958 16.2976506140842
958 46.407466436374
958 46.407466436374
958 0.208960843373494
958 0.208960843373494
958 0.120625281164897
958 0
958 0
958 0.160325333507038
958 28.3919163700434
958 28.3919163700434
958 0
958 0.77906543442073
958 0
958 0
958 1.0345236079077
958 18.8755115600355
958 18.8755115600355
959 418.104831492066
959 418.104831492066
959 418.104831492066
959 16.2976506140842
959 46.407466436374
959 46.407466436374
959 0.208960843373494
959 0.208960843373494
959 0.120625281164897
959 0
959 0
959 0.160325333507038
959 28.3919163700434
959 28.3919163700434
959 0
959 0.77906543442073
959 0
959 0
959 1.0345236079077
959 18.8755115600355
959 18.8755115600355
1029 418.104831492066
1029 418.104831492066
1029 418.104831492066
1029 16.2976506140842
1029 46.407466436374
1029 46.407466436374
1029 0.208960843373494
1029 0.208960843373494
1029 0.120625281164897
1029 0
1029 0
1029 0.160325333507038
1029 28.3919163700434
1029 28.3919163700434
1029 0
1029 0.77906543442073
1029 0
1029 0
1029 1.0345236079077
1029 18.8755115600355
1029 18.8755115600355
1030 418.104831492066
1030 418.104831492066
1030 418.104831492066
1030 16.2976506140842
1030 46.407466436374
1030 46.407466436374
1030 0.208960843373494
1030 0.208960843373494
1030 0.120625281164897
1030 0
1030 0
1030 0.160325333507038
1030 28.3919163700434
1030 28.3919163700434
1030 0
1030 0.77906543442073
1030 0
1030 0
1030 1.0345236079077
1030 18.8755115600355
1030 18.8755115600355
1031 418.104831492066
1031 418.104831492066
1031 418.104831492066
1031 16.2976506140842
1031 46.407466436374
1031 46.407466436374
1031 0.208960843373494
1031 0.208960843373494
1031 0.120625281164897
1031 0
1031 0
1031 0.160325333507038
1031 28.3919163700434
1031 28.3919163700434
1031 0
1031 0.77906543442073
1031 0
1031 0
1031 1.0345236079077
1031 18.8755115600355
1031 18.8755115600355
1042 418.104831492066
1042 418.104831492066
1042 418.104831492066
1042 16.2976506140842
1042 46.407466436374
1042 46.407466436374
1042 0.208960843373494
1042 0.208960843373494
1042 0.120625281164897
1042 0
1042 0
1042 0.160325333507038
1042 28.3919163700434
1042 28.3919163700434
1042 0
1042 0.77906543442073
1042 0
1042 0
1042 1.0345236079077
1042 18.8755115600355
1042 18.8755115600355
1043 418.104831492066
1043 418.104831492066
1043 418.104831492066
1043 16.2976506140842
1043 46.407466436374
1043 46.407466436374
1043 0.208960843373494
1043 0.208960843373494
1043 0.120625281164897
1043 0
1043 0
1043 0.160325333507038
1043 28.3919163700434
1043 28.3919163700434
1043 0
1043 0.77906543442073
1043 0
1043 0
1043 1.0345236079077
1043 18.8755115600355
1043 18.8755115600355
1101 418.104831492066
1101 418.104831492066
1101 418.104831492066
1101 16.2976506140842
1101 46.407466436374
1101 46.407466436374
1101 0.208960843373494
1101 0.208960843373494
1101 0.120625281164897
1101 0
1101 0
1101 0.160325333507038
1101 28.3919163700434
1101 28.3919163700434
1101 0
1101 0.77906543442073
1101 0
1101 0
1101 1.0345236079077
1101 18.8755115600355
1101 18.8755115600355
1102 418.104831492066
1102 418.104831492066
1102 418.104831492066
1102 16.2976506140842
1102 46.407466436374
1102 46.407466436374
1102 0.208960843373494
1102 0.208960843373494
1102 0.120625281164897
1102 0
1102 0
1102 0.160325333507038
1102 28.3919163700434
1102 28.3919163700434
1102 0
1102 0.77906543442073
1102 0
1102 0
1102 1.0345236079077
1102 18.8755115600355
1102 18.8755115600355
1396 418.104831492066
1396 418.104831492066
1396 418.104831492066
1396 16.2976506140842
1396 46.407466436374
1396 46.407466436374
1396 0.208960843373494
1396 0.208960843373494
1396 0.120625281164897
1396 0
1396 0
1396 0.160325333507038
1396 28.3919163700434
1396 28.3919163700434
1396 0
1396 0.77906543442073
1396 0
1396 0
1396 1.0345236079077
1396 18.8755115600355
1396 18.8755115600355
1397 418.104831492066
1397 418.104831492066
1397 418.104831492066
1397 16.2976506140842
1397 46.407466436374
1397 46.407466436374
1397 0.208960843373494
1397 0.208960843373494
1397 0.120625281164897
1397 0
1397 0
1397 0.160325333507038
1397 28.3919163700434
1397 28.3919163700434
1397 0
1397 0.77906543442073
1397 0
1397 0
1397 1.0345236079077
1397 18.8755115600355
1397 18.8755115600355
1111 418.104831492066
1111 418.104831492066
1111 418.104831492066
1111 16.2976506140842
1111 46.407466436374
1111 46.407466436374
1111 0.208960843373494
1111 0.208960843373494
1111 0.120625281164897
1111 0
1111 0
1111 0.160325333507038
1111 28.3919163700434
1111 28.3919163700434
1111 0
1111 0.77906543442073
1111 0
1111 0
1111 1.0345236079077
1111 18.8755115600355
1111 18.8755115600355
1113 418.104831492066
1113 418.104831492066
1113 418.104831492066
1113 16.2976506140842
1113 46.407466436374
1113 46.407466436374
1113 0.208960843373494
1113 0.208960843373494
1113 0.120625281164897
1113 0
1113 0
1113 0.160325333507038
1113 28.3919163700434
1113 28.3919163700434
1113 0
1113 0.77906543442073
1113 0
1113 0
1113 1.0345236079077
1113 18.8755115600355
1113 18.8755115600355
1114 418.104831492066
1114 418.104831492066
1114 418.104831492066
1114 16.2976506140842
1114 46.407466436374
1114 46.407466436374
1114 0.208960843373494
1114 0.208960843373494
1114 0.120625281164897
1114 0
1114 0
1114 0.160325333507038
1114 28.3919163700434
1114 28.3919163700434
1114 0
1114 0.77906543442073
1114 0
1114 0
1114 1.0345236079077
1114 18.8755115600355
1114 18.8755115600355
1115 418.104831492066
1115 418.104831492066
1115 418.104831492066
1115 16.2976506140842
1115 46.407466436374
1115 46.407466436374
1115 0.208960843373494
1115 0.208960843373494
1115 0.120625281164897
1115 0
1115 0
1115 0.160325333507038
1115 28.3919163700434
1115 28.3919163700434
1115 0
1115 0.77906543442073
1115 0
1115 0
1115 1.0345236079077
1115 18.8755115600355
1115 18.8755115600355
1116 418.104831492066
1116 418.104831492066
1116 418.104831492066
1116 16.2976506140842
1116 46.407466436374
1116 46.407466436374
1116 0.208960843373494
1116 0.208960843373494
1116 0.120625281164897
1116 0
1116 0
1116 0.160325333507038
1116 28.3919163700434
1116 28.3919163700434
1116 0
1116 0.77906543442073
1116 0
1116 0
1116 1.0345236079077
1116 18.8755115600355
1116 18.8755115600355
1125 418.104831492066
1125 418.104831492066
1125 418.104831492066
1125 16.2976506140842
1125 46.407466436374
1125 46.407466436374
1125 0.208960843373494
1125 0.208960843373494
1125 0.120625281164897
1125 0
1125 0
1125 0.160325333507038
1125 28.3919163700434
1125 28.3919163700434
1125 0
1125 0.77906543442073
1125 0
1125 0
1125 1.0345236079077
1125 18.8755115600355
1125 18.8755115600355
1185 418.104831492066
1185 418.104831492066
1185 418.104831492066
1185 16.2976506140842
1185 46.407466436374
1185 46.407466436374
1185 0.208960843373494
1185 0.208960843373494
1185 0.120625281164897
1185 0
1185 0
1185 0.160325333507038
1185 28.3919163700434
1185 28.3919163700434
1185 0
1185 0.77906543442073
1185 0
1185 0
1185 1.0345236079077
1185 18.8755115600355
1185 18.8755115600355
1255 418.104831492066
1255 418.104831492066
1255 418.104831492066
1255 16.2976506140842
1255 46.407466436374
1255 46.407466436374
1255 0.208960843373494
1255 0.208960843373494
1255 0.120625281164897
1255 0
1255 0
1255 0.160325333507038
1255 28.3919163700434
1255 28.3919163700434
1255 0
1255 0.77906543442073
1255 0
1255 0
1255 1.0345236079077
1255 18.8755115600355
1255 18.8755115600355
1200 418.104831492066
1200 418.104831492066
1200 418.104831492066
1200 16.2976506140842
1200 46.407466436374
1200 46.407466436374
1200 0.208960843373494
1200 0.208960843373494
1200 0.120625281164897
1200 0
1200 0
1200 0.160325333507038
1200 28.3919163700434
1200 28.3919163700434
1200 0
1200 0.77906543442073
1200 0
1200 0
1200 1.0345236079077
1200 18.8755115600355
1200 18.8755115600355
1207 418.104831492066
1207 418.104831492066
1207 418.104831492066
1207 16.2976506140842
1207 46.407466436374
1207 46.407466436374
1207 0.208960843373494
1207 0.208960843373494
1207 0.120625281164897
1207 0
1207 0
1207 0.160325333507038
1207 28.3919163700434
1207 28.3919163700434
1207 0
1207 0.77906543442073
1207 0
1207 0
1207 1.0345236079077
1207 18.8755115600355
1207 18.8755115600355
1209 418.104831492066
1209 418.104831492066
1209 418.104831492066
1209 16.2976506140842
1209 46.407466436374
1209 46.407466436374
1209 0.208960843373494
1209 0.208960843373494
1209 0.120625281164897
1209 0
1209 0
1209 0.160325333507038
1209 28.3919163700434
1209 28.3919163700434
1209 0
1209 0.77906543442073
1209 0
1209 0
1209 1.0345236079077
1209 18.8755115600355
1209 18.8755115600355
1211 418.104831492066
1211 418.104831492066
1211 418.104831492066
1211 16.2976506140842
1211 46.407466436374
1211 46.407466436374
1211 0.208960843373494
1211 0.208960843373494
1211 0.120625281164897
1211 0
1211 0
1211 0.160325333507038
1211 28.3919163700434
1211 28.3919163700434
1211 0
1211 0.77906543442073
1211 0
1211 0
1211 1.0345236079077
1211 18.8755115600355
1211 18.8755115600355
1266 418.104831492066
1266 418.104831492066
1266 418.104831492066
1266 16.2976506140842
1266 46.407466436374
1266 46.407466436374
1266 0.208960843373494
1266 0.208960843373494
1266 0.120625281164897
1266 0
1266 0
1266 0.160325333507038
1266 28.3919163700434
1266 28.3919163700434
1266 0
1266 0.77906543442073
1266 0
1266 0
1266 1.0345236079077
1266 18.8755115600355
1266 18.8755115600355
1332 418.104831492066
1332 418.104831492066
1332 418.104831492066
1332 16.2976506140842
1332 46.407466436374
1332 46.407466436374
1332 0.208960843373494
1332 0.208960843373494
1332 0.120625281164897
1332 0
1332 0
1332 0.160325333507038
1332 28.3919163700434
1332 28.3919163700434
1332 0
1332 0.77906543442073
1332 0
1332 0
1332 1.0345236079077
1332 18.8755115600355
1332 18.8755115600355
1268 418.104831492066
1268 418.104831492066
1268 418.104831492066
1268 16.2976506140842
1268 46.407466436374
1268 46.407466436374
1268 0.208960843373494
1268 0.208960843373494
1268 0.120625281164897
1268 0
1268 0
1268 0.160325333507038
1268 28.3919163700434
1268 28.3919163700434
1268 0
1268 0.77906543442073
1268 0
1268 0
1268 1.0345236079077
1268 18.8755115600355
1268 18.8755115600355
1338 418.104831492066
1338 418.104831492066
1338 418.104831492066
1338 16.2976506140842
1338 46.407466436374
1338 46.407466436374
1338 0.208960843373494
1338 0.208960843373494
1338 0.120625281164897
1338 0
1338 0
1338 0.160325333507038
1338 28.3919163700434
1338 28.3919163700434
1338 0
1338 0.77906543442073
1338 0
1338 0
1338 1.0345236079077
1338 18.8755115600355
1338 18.8755115600355
1284 418.104831492066
1284 418.104831492066
1284 418.104831492066
1284 16.2976506140842
1284 46.407466436374
1284 46.407466436374
1284 0.208960843373494
1284 0.208960843373494
1284 0.120625281164897
1284 0
1284 0
1284 0.160325333507038
1284 28.3919163700434
1284 28.3919163700434
1284 0
1284 0.77906543442073
1284 0
1284 0
1284 1.0345236079077
1284 18.8755115600355
1284 18.8755115600355
1288 418.104831492066
1288 418.104831492066
1288 418.104831492066
1288 16.2976506140842
1288 46.407466436374
1288 46.407466436374
1288 0.208960843373494
1288 0.208960843373494
1288 0.120625281164897
1288 0
1288 0
1288 0.160325333507038
1288 28.3919163700434
1288 28.3919163700434
1288 0
1288 0.77906543442073
1288 0
1288 0
1288 1.0345236079077
1288 18.8755115600355
1288 18.8755115600355
1292 418.104831492066
1292 418.104831492066
1292 418.104831492066
1292 16.2976506140842
1292 46.407466436374
1292 46.407466436374
1292 0.208960843373494
1292 0.208960843373494
1292 0.120625281164897
1292 0
1292 0
1292 0.160325333507038
1292 28.3919163700434
1292 28.3919163700434
1292 0
1292 0.77906543442073
1292 0
1292 0
1292 1.0345236079077
1292 18.8755115600355
1292 18.8755115600355
1293 418.104831492066
1293 418.104831492066
1293 418.104831492066
1293 16.2976506140842
1293 46.407466436374
1293 46.407466436374
1293 0.208960843373494
1293 0.208960843373494
1293 0.120625281164897
1293 0
1293 0
1293 0.160325333507038
1293 28.3919163700434
1293 28.3919163700434
1293 0
1293 0.77906543442073
1293 0
1293 0
1293 1.0345236079077
1293 18.8755115600355
1293 18.8755115600355
1592 418.104831492066
1592 418.104831492066
1592 418.104831492066
1592 16.2976506140842
1592 46.407466436374
1592 46.407466436374
1592 0.208960843373494
1592 0.208960843373494
1592 0.120625281164897
1592 0
1592 0
1592 0.160325333507038
1592 28.3919163700434
1592 28.3919163700434
1592 0
1592 0.77906543442073
1592 0
1592 0
1592 1.0345236079077
1592 18.8755115600355
1592 18.8755115600355
1408 418.104831492066
1408 418.104831492066
1408 418.104831492066
1408 16.2976506140842
1408 46.407466436374
1408 46.407466436374
1408 0.208960843373494
1408 0.208960843373494
1408 0.120625281164897
1408 0
1408 0
1408 0.160325333507038
1408 28.3919163700434
1408 28.3919163700434
1408 0
1408 0.77906543442073
1408 0
1408 0
1408 1.0345236079077
1408 18.8755115600355
1408 18.8755115600355
1371 418.104831492066
1371 418.104831492066
1371 418.104831492066
1371 16.2976506140842
1371 46.407466436374
1371 46.407466436374
1371 0.208960843373494
1371 0.208960843373494
1371 0.120625281164897
1371 0
1371 0
1371 0.160325333507038
1371 28.3919163700434
1371 28.3919163700434
1371 0
1371 0.77906543442073
1371 0
1371 0
1371 1.0345236079077
1371 18.8755115600355
1371 18.8755115600355
1438 418.104831492066
1438 418.104831492066
1438 418.104831492066
1438 16.2976506140842
1438 46.407466436374
1438 46.407466436374
1438 0.208960843373494
1438 0.208960843373494
1438 0.120625281164897
1438 0
1438 0
1438 0.160325333507038
1438 28.3919163700434
1438 28.3919163700434
1438 0
1438 0.77906543442073
1438 0
1438 0
1438 1.0345236079077
1438 18.8755115600355
1438 18.8755115600355
1440 418.104831492066
1440 418.104831492066
1440 418.104831492066
1440 16.2976506140842
1440 46.407466436374
1440 46.407466436374
1440 0.208960843373494
1440 0.208960843373494
1440 0.120625281164897
1440 0
1440 0
1440 0.160325333507038
1440 28.3919163700434
1440 28.3919163700434
1440 0
1440 0.77906543442073
1440 0
1440 0
1440 1.0345236079077
1440 18.8755115600355
1440 18.8755115600355
1441 418.104831492066
1441 418.104831492066
1441 418.104831492066
1441 16.2976506140842
1441 46.407466436374
1441 46.407466436374
1441 0.208960843373494
1441 0.208960843373494
1441 0.120625281164897
1441 0
1441 0
1441 0.160325333507038
1441 28.3919163700434
1441 28.3919163700434
1441 0
1441 0.77906543442073
1441 0
1441 0
1441 1.0345236079077
1441 18.8755115600355
1441 18.8755115600355
1487 418.104831492066
1487 418.104831492066
1487 418.104831492066
1487 16.2976506140842
1487 46.407466436374
1487 46.407466436374
1487 0.208960843373494
1487 0.208960843373494
1487 0.120625281164897
1487 0
1487 0
1487 0.160325333507038
1487 28.3919163700434
1487 28.3919163700434
1487 0
1487 0.77906543442073
1487 0
1487 0
1487 1.0345236079077
1487 18.8755115600355
1487 18.8755115600355
1506 418.104831492066
1506 418.104831492066
1506 418.104831492066
1506 16.2976506140842
1506 46.407466436374
1506 46.407466436374
1506 0.208960843373494
1506 0.208960843373494
1506 0.120625281164897
1506 0
1506 0
1506 0.160325333507038
1506 28.3919163700434
1506 28.3919163700434
1506 0
1506 0.77906543442073
1506 0
1506 0
1506 1.0345236079077
1506 18.8755115600355
1506 18.8755115600355
1607 418.104831492066
1607 418.104831492066
1607 418.104831492066
1607 16.2976506140842
1607 46.407466436374
1607 46.407466436374
1607 0.208960843373494
1607 0.208960843373494
1607 0.120625281164897
1607 0
1607 0
1607 0.160325333507038
1607 28.3919163700434
1607 28.3919163700434
1607 0
1607 0.77906543442073
1607 0
1607 0
1607 1.0345236079077
1607 18.8755115600355
1607 18.8755115600355
1618 418.104831492066
1618 418.104831492066
1618 418.104831492066
1618 16.2976506140842
1618 46.407466436374
1618 46.407466436374
1618 0.208960843373494
1618 0.208960843373494
1618 0.120625281164897
1618 0
1618 0
1618 0.160325333507038
1618 28.3919163700434
1618 28.3919163700434
1618 0
1618 0.77906543442073
1618 0
1618 0
1618 1.0345236079077
1618 18.8755115600355
1618 18.8755115600355
1629 418.104831492066
1629 418.104831492066
1629 418.104831492066
1629 16.2976506140842
1629 46.407466436374
1629 46.407466436374
1629 0.208960843373494
1629 0.208960843373494
1629 0.120625281164897
1629 0
1629 0
1629 0.160325333507038
1629 28.3919163700434
1629 28.3919163700434
1629 0
1629 0.77906543442073
1629 0
1629 0
1629 1.0345236079077
1629 18.8755115600355
1629 18.8755115600355
1698 418.104831492066
1698 418.104831492066
1698 418.104831492066
1698 16.2976506140842
1698 46.407466436374
1698 46.407466436374
1698 0.208960843373494
1698 0.208960843373494
1698 0.120625281164897
1698 0
1698 0
1698 0.160325333507038
1698 28.3919163700434
1698 28.3919163700434
1698 0
1698 0.77906543442073
1698 0
1698 0
1698 1.0345236079077
1698 18.8755115600355
1698 18.8755115600355
1864 418.104831492066
1864 418.104831492066
1864 418.104831492066
1864 16.2976506140842
1864 46.407466436374
1864 46.407466436374
1864 0.208960843373494
1864 0.208960843373494
1864 0.120625281164897
1864 0
1864 0
1864 0.160325333507038
1864 28.3919163700434
1864 28.3919163700434
1864 0
1864 0.77906543442073
1864 0
1864 0
1864 1.0345236079077
1864 18.8755115600355
1864 18.8755115600355
2288 418.104831492066
2288 418.104831492066
2288 418.104831492066
2288 16.2976506140842
2288 46.407466436374
2288 46.407466436374
2288 0.208960843373494
2288 0.208960843373494
2288 0.120625281164897
2288 0
2288 0
2288 0.160325333507038
2288 28.3919163700434
2288 28.3919163700434
2288 0
2288 0.77906543442073
2288 0
2288 0
2288 1.0345236079077
2288 18.8755115600355
2288 18.8755115600355
2386 418.104831492066
2386 418.104831492066
2386 418.104831492066
2386 16.2976506140842
2386 46.407466436374
2386 46.407466436374
2386 0.208960843373494
2386 0.208960843373494
2386 0.120625281164897
2386 0
2386 0
2386 0.160325333507038
2386 28.3919163700434
2386 28.3919163700434
2386 0
2386 0.77906543442073
2386 0
2386 0
2386 1.0345236079077
2386 18.8755115600355
2386 18.8755115600355
2396 418.104831492066
2396 418.104831492066
2396 418.104831492066
2396 16.2976506140842
2396 46.407466436374
2396 46.407466436374
2396 0.208960843373494
2396 0.208960843373494
2396 0.120625281164897
2396 0
2396 0
2396 0.160325333507038
2396 28.3919163700434
2396 28.3919163700434
2396 0
2396 0.77906543442073
2396 0
2396 0
2396 1.0345236079077
2396 18.8755115600355
2396 18.8755115600355
2748 418.104831492066
2748 418.104831492066
2748 418.104831492066
2748 16.2976506140842
2748 46.407466436374
2748 46.407466436374
2748 0.208960843373494
2748 0.208960843373494
2748 0.120625281164897
2748 0
2748 0
2748 0.160325333507038
2748 28.3919163700434
2748 28.3919163700434
2748 0
2748 0.77906543442073
2748 0
2748 0
2748 1.0345236079077
2748 18.8755115600355
2748 18.8755115600355
2798 418.104831492066
2798 418.104831492066
2798 418.104831492066
2798 16.2976506140842
2798 46.407466436374
2798 46.407466436374
2798 0.208960843373494
2798 0.208960843373494
2798 0.120625281164897
2798 0
2798 0
2798 0.160325333507038
2798 28.3919163700434
2798 28.3919163700434
2798 0
2798 0.77906543442073
2798 0
2798 0
2798 1.0345236079077
2798 18.8755115600355
2798 18.8755115600355
2800 418.104831492066
2800 418.104831492066
2800 418.104831492066
2800 16.2976506140842
2800 46.407466436374
2800 46.407466436374
2800 0.208960843373494
2800 0.208960843373494
2800 0.120625281164897
2800 0
2800 0
2800 0.160325333507038
2800 28.3919163700434
2800 28.3919163700434
2800 0
2800 0.77906543442073
2800 0
2800 0
2800 1.0345236079077
2800 18.8755115600355
2800 18.8755115600355
2853 418.104831492066
2853 418.104831492066
2853 418.104831492066
2853 16.2976506140842
2853 46.407466436374
2853 46.407466436374
2853 0.208960843373494
2853 0.208960843373494
2853 0.120625281164897
2853 0
2853 0
2853 0.160325333507038
2853 28.3919163700434
2853 28.3919163700434
2853 0
2853 0.77906543442073
2853 0
2853 0
2853 1.0345236079077
2853 18.8755115600355
2853 18.8755115600355
2854 418.104831492066
2854 418.104831492066
2854 418.104831492066
2854 16.2976506140842
2854 46.407466436374
2854 46.407466436374
2854 0.208960843373494
2854 0.208960843373494
2854 0.120625281164897
2854 0
2854 0
2854 0.160325333507038
2854 28.3919163700434
2854 28.3919163700434
2854 0
2854 0.77906543442073
2854 0
2854 0
2854 1.0345236079077
2854 18.8755115600355
2854 18.8755115600355
2909 418.104831492066
2909 418.104831492066
2909 418.104831492066
2909 16.2976506140842
2909 46.407466436374
2909 46.407466436374
2909 0.208960843373494
2909 0.208960843373494
2909 0.120625281164897
2909 0
2909 0
2909 0.160325333507038
2909 28.3919163700434
2909 28.3919163700434
2909 0
2909 0.77906543442073
2909 0
2909 0
2909 1.0345236079077
2909 18.8755115600355
2909 18.8755115600355
2965 418.104831492066
2965 418.104831492066
2965 418.104831492066
2965 16.2976506140842
2965 46.407466436374
2965 46.407466436374
2965 0.208960843373494
2965 0.208960843373494
2965 0.120625281164897
2965 0
2965 0
2965 0.160325333507038
2965 28.3919163700434
2965 28.3919163700434
2965 0
2965 0.77906543442073
2965 0
2965 0
2965 1.0345236079077
2965 18.8755115600355
2965 18.8755115600355
3017 418.104831492066
3017 418.104831492066
3017 418.104831492066
3017 16.2976506140842
3017 46.407466436374
3017 46.407466436374
3017 0.208960843373494
3017 0.208960843373494
3017 0.120625281164897
3017 0
3017 0
3017 0.160325333507038
3017 28.3919163700434
3017 28.3919163700434
3017 0
3017 0.77906543442073
3017 0
3017 0
3017 1.0345236079077
3017 18.8755115600355
3017 18.8755115600355
3018 418.104831492066
3018 418.104831492066
3018 418.104831492066
3018 16.2976506140842
3018 46.407466436374
3018 46.407466436374
3018 0.208960843373494
3018 0.208960843373494
3018 0.120625281164897
3018 0
3018 0
3018 0.160325333507038
3018 28.3919163700434
3018 28.3919163700434
3018 0
3018 0.77906543442073
3018 0
3018 0
3018 1.0345236079077
3018 18.8755115600355
3018 18.8755115600355
3073 418.104831492066
3073 418.104831492066
3073 418.104831492066
3073 16.2976506140842
3073 46.407466436374
3073 46.407466436374
3073 0.208960843373494
3073 0.208960843373494
3073 0.120625281164897
3073 0
3073 0
3073 0.160325333507038
3073 28.3919163700434
3073 28.3919163700434
3073 0
3073 0.77906543442073
3073 0
3073 0
3073 1.0345236079077
3073 18.8755115600355
3073 18.8755115600355
3123 418.104831492066
3123 418.104831492066
3123 418.104831492066
3123 16.2976506140842
3123 46.407466436374
3123 46.407466436374
3123 0.208960843373494
3123 0.208960843373494
3123 0.120625281164897
3123 0
3123 0
3123 0.160325333507038
3123 28.3919163700434
3123 28.3919163700434
3123 0
3123 0.77906543442073
3123 0
3123 0
3123 1.0345236079077
3123 18.8755115600355
3123 18.8755115600355
3180 418.104831492066
3180 418.104831492066
3180 418.104831492066
3180 16.2976506140842
3180 46.407466436374
3180 46.407466436374
3180 0.208960843373494
3180 0.208960843373494
3180 0.120625281164897
3180 0
3180 0
3180 0.160325333507038
3180 28.3919163700434
3180 28.3919163700434
3180 0
3180 0.77906543442073
3180 0
3180 0
3180 1.0345236079077
3180 18.8755115600355
3180 18.8755115600355
3184 418.104831492066
3184 418.104831492066
3184 418.104831492066
3184 16.2976506140842
3184 46.407466436374
3184 46.407466436374
3184 0.208960843373494
3184 0.208960843373494
3184 0.120625281164897
3184 0
3184 0
3184 0.160325333507038
3184 28.3919163700434
3184 28.3919163700434
3184 0
3184 0.77906543442073
3184 0
3184 0
3184 1.0345236079077
3184 18.8755115600355
3184 18.8755115600355
3236 418.104831492066
3236 418.104831492066
3236 418.104831492066
3236 16.2976506140842
3236 46.407466436374
3236 46.407466436374
3236 0.208960843373494
3236 0.208960843373494
3236 0.120625281164897
3236 0
3236 0
3236 0.160325333507038
3236 28.3919163700434
3236 28.3919163700434
3236 0
3236 0.77906543442073
3236 0
3236 0
3236 1.0345236079077
3236 18.8755115600355
3236 18.8755115600355
3290 418.104831492066
3290 418.104831492066
3290 418.104831492066
3290 16.2976506140842
3290 46.407466436374
3290 46.407466436374
3290 0.208960843373494
3290 0.208960843373494
3290 0.120625281164897
3290 0
3290 0
3290 0.160325333507038
3290 28.3919163700434
3290 28.3919163700434
3290 0
3290 0.77906543442073
3290 0
3290 0
3290 1.0345236079077
3290 18.8755115600355
3290 18.8755115600355
3292 418.104831492066
3292 418.104831492066
3292 418.104831492066
3292 16.2976506140842
3292 46.407466436374
3292 46.407466436374
3292 0.208960843373494
3292 0.208960843373494
3292 0.120625281164897
3292 0
3292 0
3292 0.160325333507038
3292 28.3919163700434
3292 28.3919163700434
3292 0
3292 0.77906543442073
3292 0
3292 0
3292 1.0345236079077
3292 18.8755115600355
3292 18.8755115600355
3350 418.104831492066
3350 418.104831492066
3350 418.104831492066
3350 16.2976506140842
3350 46.407466436374
3350 46.407466436374
3350 0.208960843373494
3350 0.208960843373494
3350 0.120625281164897
3350 0
3350 0
3350 0.160325333507038
3350 28.3919163700434
3350 28.3919163700434
3350 0
3350 0.77906543442073
3350 0
3350 0
3350 1.0345236079077
3350 18.8755115600355
3350 18.8755115600355
3352 418.104831492066
3352 418.104831492066
3352 418.104831492066
3352 16.2976506140842
3352 46.407466436374
3352 46.407466436374
3352 0.208960843373494
3352 0.208960843373494
3352 0.120625281164897
3352 0
3352 0
3352 0.160325333507038
3352 28.3919163700434
3352 28.3919163700434
3352 0
3352 0.77906543442073
3352 0
3352 0
3352 1.0345236079077
3352 18.8755115600355
3352 18.8755115600355
3480 418.104831492066
3480 418.104831492066
3480 418.104831492066
3480 16.2976506140842
3480 46.407466436374
3480 46.407466436374
3480 0.208960843373494
3480 0.208960843373494
3480 0.120625281164897
3480 0
3480 0
3480 0.160325333507038
3480 28.3919163700434
3480 28.3919163700434
3480 0
3480 0.77906543442073
3480 0
3480 0
3480 1.0345236079077
3480 18.8755115600355
3480 18.8755115600355
3483 418.104831492066
3483 418.104831492066
3483 418.104831492066
3483 16.2976506140842
3483 46.407466436374
3483 46.407466436374
3483 0.208960843373494
3483 0.208960843373494
3483 0.120625281164897
3483 0
3483 0
3483 0.160325333507038
3483 28.3919163700434
3483 28.3919163700434
3483 0
3483 0.77906543442073
3483 0
3483 0
3483 1.0345236079077
3483 18.8755115600355
3483 18.8755115600355
3484 418.104831492066
3484 418.104831492066
3484 418.104831492066
3484 16.2976506140842
3484 46.407466436374
3484 46.407466436374
3484 0.208960843373494
3484 0.208960843373494
3484 0.120625281164897
3484 0
3484 0
3484 0.160325333507038
3484 28.3919163700434
3484 28.3919163700434
3484 0
3484 0.77906543442073
3484 0
3484 0
3484 1.0345236079077
3484 18.8755115600355
3484 18.8755115600355
3485 418.104831492066
3485 418.104831492066
3485 418.104831492066
3485 16.2976506140842
3485 46.407466436374
3485 46.407466436374
3485 0.208960843373494
3485 0.208960843373494
3485 0.120625281164897
3485 0
3485 0
3485 0.160325333507038
3485 28.3919163700434
3485 28.3919163700434
3485 0
3485 0.77906543442073
3485 0
3485 0
3485 1.0345236079077
3485 18.8755115600355
3485 18.8755115600355
3548 418.104831492066
3548 418.104831492066
3548 418.104831492066
3548 16.2976506140842
3548 46.407466436374
3548 46.407466436374
3548 0.208960843373494
3548 0.208960843373494
3548 0.120625281164897
3548 0
3548 0
3548 0.160325333507038
3548 28.3919163700434
3548 28.3919163700434
3548 0
3548 0.77906543442073
3548 0
3548 0
3548 1.0345236079077
3548 18.8755115600355
3548 18.8755115600355
3550 418.104831492066
3550 418.104831492066
3550 418.104831492066
3550 16.2976506140842
3550 46.407466436374
3550 46.407466436374
3550 0.208960843373494
3550 0.208960843373494
3550 0.120625281164897
3550 0
3550 0
3550 0.160325333507038
3550 28.3919163700434
3550 28.3919163700434
3550 0
3550 0.77906543442073
3550 0
3550 0
3550 1.0345236079077
3550 18.8755115600355
3550 18.8755115600355
3619 418.104831492066
3619 418.104831492066
3619 418.104831492066
3619 16.2976506140842
3619 46.407466436374
3619 46.407466436374
3619 0.208960843373494
3619 0.208960843373494
3619 0.120625281164897
3619 0
3619 0
3619 0.160325333507038
3619 28.3919163700434
3619 28.3919163700434
3619 0
3619 0.77906543442073
3619 0
3619 0
3619 1.0345236079077
3619 18.8755115600355
3619 18.8755115600355
3621 418.104831492066
3621 418.104831492066
3621 418.104831492066
3621 16.2976506140842
3621 46.407466436374
3621 46.407466436374
3621 0.208960843373494
3621 0.208960843373494
3621 0.120625281164897
3621 0
3621 0
3621 0.160325333507038
3621 28.3919163700434
3621 28.3919163700434
3621 0
3621 0.77906543442073
3621 0
3621 0
3621 1.0345236079077
3621 18.8755115600355
3621 18.8755115600355
3692 418.104831492066
3692 418.104831492066
3692 418.104831492066
3692 16.2976506140842
3692 46.407466436374
3692 46.407466436374
3692 0.208960843373494
3692 0.208960843373494
3692 0.120625281164897
3692 0
3692 0
3692 0.160325333507038
3692 28.3919163700434
3692 28.3919163700434
3692 0
3692 0.77906543442073
3692 0
3692 0
3692 1.0345236079077
3692 18.8755115600355
3692 18.8755115600355
