pt_graph cpue_kghour
15445 0
15445 202.433936371428
15445 202.433936371428
15445 202.433936371428
15445 202.433936371428
15445 0
15445 0
15445 27.5962952471424
15445 27.5962952471424
15445 27.5962952471424
15445 27.5962952471424
15445 833.17918827746
15445 833.17918827746
15445 833.17918827746
15445 833.17918827746
15445 833.17918827746
15445 0
15445 0
15445 0
15445 0
15445 0
15445 0
15445 7.40917652370238
15445 7.40917652370238
15445 7.40917652370238
15445 0
15445 0
15445 0
15445 0
15445 217.045458330234
15445 217.045458330234
15445 217.045458330234
15445 1.10350194552529
15445 14.4066951773198
15445 14.4066951773198
15445 0
15445 0
15619 0
15619 202.433936371428
15619 202.433936371428
15619 202.433936371428
15619 202.433936371428
15619 0
15619 0
15619 27.5962952471424
15619 27.5962952471424
15619 27.5962952471424
15619 27.5962952471424
15619 833.17918827746
15619 833.17918827746
15619 833.17918827746
15619 833.17918827746
15619 833.17918827746
15619 0
15619 0
15619 0
15619 0
15619 0
15619 0
15619 7.40917652370238
15619 7.40917652370238
15619 7.40917652370238
15619 0
15619 0
15619 0
15619 0
15619 217.045458330234
15619 217.045458330234
15619 217.045458330234
15619 1.10350194552529
15619 14.4066951773198
15619 14.4066951773198
15619 0
15619 0
19626 0
19626 202.433936371428
19626 202.433936371428
19626 202.433936371428
19626 202.433936371428
19626 0
19626 0
19626 27.5962952471424
19626 27.5962952471424
19626 27.5962952471424
19626 27.5962952471424
19626 833.17918827746
19626 833.17918827746
19626 833.17918827746
19626 833.17918827746
19626 833.17918827746
19626 0
19626 0
19626 0
19626 0
19626 0
19626 0
19626 7.40917652370238
19626 7.40917652370238
19626 7.40917652370238
19626 0
19626 0
19626 0
19626 0
19626 217.045458330234
19626 217.045458330234
19626 217.045458330234
19626 1.10350194552529
19626 14.4066951773198
19626 14.4066951773198
19626 0
19626 0
15620 0
15620 202.433936371428
15620 202.433936371428
15620 202.433936371428
15620 202.433936371428
15620 0
15620 0
15620 27.5962952471424
15620 27.5962952471424
15620 27.5962952471424
15620 27.5962952471424
15620 833.17918827746
15620 833.17918827746
15620 833.17918827746
15620 833.17918827746
15620 833.17918827746
15620 0
15620 0
15620 0
15620 0
15620 0
15620 0
15620 7.40917652370238
15620 7.40917652370238
15620 7.40917652370238
15620 0
15620 0
15620 0
15620 0
15620 217.045458330234
15620 217.045458330234
15620 217.045458330234
15620 1.10350194552529
15620 14.4066951773198
15620 14.4066951773198
15620 0
15620 0
19449 0
19449 202.433936371428
19449 202.433936371428
19449 202.433936371428
19449 202.433936371428
19449 0
19449 0
19449 27.5962952471424
19449 27.5962952471424
19449 27.5962952471424
19449 27.5962952471424
19449 833.17918827746
19449 833.17918827746
19449 833.17918827746
19449 833.17918827746
19449 833.17918827746
19449 0
19449 0
19449 0
19449 0
19449 0
19449 0
19449 7.40917652370238
19449 7.40917652370238
19449 7.40917652370238
19449 0
19449 0
19449 0
19449 0
19449 217.045458330234
19449 217.045458330234
19449 217.045458330234
19449 1.10350194552529
19449 14.4066951773198
19449 14.4066951773198
19449 0
19449 0
19627 0
19627 202.433936371428
19627 202.433936371428
19627 202.433936371428
19627 202.433936371428
19627 0
19627 0
19627 27.5962952471424
19627 27.5962952471424
19627 27.5962952471424
19627 27.5962952471424
19627 833.17918827746
19627 833.17918827746
19627 833.17918827746
19627 833.17918827746
19627 833.17918827746
19627 0
19627 0
19627 0
19627 0
19627 0
19627 0
19627 7.40917652370238
19627 7.40917652370238
19627 7.40917652370238
19627 0
19627 0
19627 0
19627 0
19627 217.045458330234
19627 217.045458330234
19627 217.045458330234
19627 1.10350194552529
19627 14.4066951773198
19627 14.4066951773198
19627 0
19627 0
19800 0
19800 202.433936371428
19800 202.433936371428
19800 202.433936371428
19800 202.433936371428
19800 0
19800 0
19800 27.5962952471424
19800 27.5962952471424
19800 27.5962952471424
19800 27.5962952471424
19800 833.17918827746
19800 833.17918827746
19800 833.17918827746
19800 833.17918827746
19800 833.17918827746
19800 0
19800 0
19800 0
19800 0
19800 0
19800 0
19800 7.40917652370238
19800 7.40917652370238
19800 7.40917652370238
19800 0
19800 0
19800 0
19800 0
19800 217.045458330234
19800 217.045458330234
19800 217.045458330234
19800 1.10350194552529
19800 14.4066951773198
19800 14.4066951773198
19800 0
19800 0
16488 0
16488 202.433936371428
16488 202.433936371428
16488 202.433936371428
16488 202.433936371428
16488 0
16488 0
16488 27.5962952471424
16488 27.5962952471424
16488 27.5962952471424
16488 27.5962952471424
16488 833.17918827746
16488 833.17918827746
16488 833.17918827746
16488 833.17918827746
16488 833.17918827746
16488 0
16488 0
16488 0
16488 0
16488 0
16488 0
16488 7.40917652370238
16488 7.40917652370238
16488 7.40917652370238
16488 0
16488 0
16488 0
16488 0
16488 217.045458330234
16488 217.045458330234
16488 217.045458330234
16488 1.10350194552529
16488 14.4066951773198
16488 14.4066951773198
16488 0
16488 0
18743 0
18743 202.433936371428
18743 202.433936371428
18743 202.433936371428
18743 202.433936371428
18743 0
18743 0
18743 27.5962952471424
18743 27.5962952471424
18743 27.5962952471424
18743 27.5962952471424
18743 833.17918827746
18743 833.17918827746
18743 833.17918827746
18743 833.17918827746
18743 833.17918827746
18743 0
18743 0
18743 0
18743 0
18743 0
18743 0
18743 7.40917652370238
18743 7.40917652370238
18743 7.40917652370238
18743 0
18743 0
18743 0
18743 0
18743 217.045458330234
18743 217.045458330234
18743 217.045458330234
18743 1.10350194552529
18743 14.4066951773198
18743 14.4066951773198
18743 0
18743 0
18917 0
18917 202.433936371428
18917 202.433936371428
18917 202.433936371428
18917 202.433936371428
18917 0
18917 0
18917 27.5962952471424
18917 27.5962952471424
18917 27.5962952471424
18917 27.5962952471424
18917 833.17918827746
18917 833.17918827746
18917 833.17918827746
18917 833.17918827746
18917 833.17918827746
18917 0
18917 0
18917 0
18917 0
18917 0
18917 0
18917 7.40917652370238
18917 7.40917652370238
18917 7.40917652370238
18917 0
18917 0
18917 0
18917 0
18917 217.045458330234
18917 217.045458330234
18917 217.045458330234
18917 1.10350194552529
18917 14.4066951773198
18917 14.4066951773198
18917 0
18917 0
18744 0
18744 202.433936371428
18744 202.433936371428
18744 202.433936371428
18744 202.433936371428
18744 0
18744 0
18744 27.5962952471424
18744 27.5962952471424
18744 27.5962952471424
18744 27.5962952471424
18744 833.17918827746
18744 833.17918827746
18744 833.17918827746
18744 833.17918827746
18744 833.17918827746
18744 0
18744 0
18744 0
18744 0
18744 0
18744 0
18744 7.40917652370238
18744 7.40917652370238
18744 7.40917652370238
18744 0
18744 0
18744 0
18744 0
18744 217.045458330234
18744 217.045458330234
18744 217.045458330234
18744 1.10350194552529
18744 14.4066951773198
18744 14.4066951773198
18744 0
18744 0
18918 0
18918 202.433936371428
18918 202.433936371428
18918 202.433936371428
18918 202.433936371428
18918 0
18918 0
18918 27.5962952471424
18918 27.5962952471424
18918 27.5962952471424
18918 27.5962952471424
18918 833.17918827746
18918 833.17918827746
18918 833.17918827746
18918 833.17918827746
18918 833.17918827746
18918 0
18918 0
18918 0
18918 0
18918 0
18918 0
18918 7.40917652370238
18918 7.40917652370238
18918 7.40917652370238
18918 0
18918 0
18918 0
18918 0
18918 217.045458330234
18918 217.045458330234
18918 217.045458330234
18918 1.10350194552529
18918 14.4066951773198
18918 14.4066951773198
18918 0
18918 0
19093 0
19093 202.433936371428
19093 202.433936371428
19093 202.433936371428
19093 202.433936371428
19093 0
19093 0
19093 27.5962952471424
19093 27.5962952471424
19093 27.5962952471424
19093 27.5962952471424
19093 833.17918827746
19093 833.17918827746
19093 833.17918827746
19093 833.17918827746
19093 833.17918827746
19093 0
19093 0
19093 0
19093 0
19093 0
19093 0
19093 7.40917652370238
19093 7.40917652370238
19093 7.40917652370238
19093 0
19093 0
19093 0
19093 0
19093 217.045458330234
19093 217.045458330234
19093 217.045458330234
19093 1.10350194552529
19093 14.4066951773198
19093 14.4066951773198
19093 0
19093 0
19096 0
19096 202.433936371428
19096 202.433936371428
19096 202.433936371428
19096 202.433936371428
19096 0
19096 0
19096 27.5962952471424
19096 27.5962952471424
19096 27.5962952471424
19096 27.5962952471424
19096 833.17918827746
19096 833.17918827746
19096 833.17918827746
19096 833.17918827746
19096 833.17918827746
19096 0
19096 0
19096 0
19096 0
19096 0
19096 0
19096 7.40917652370238
19096 7.40917652370238
19096 7.40917652370238
19096 0
19096 0
19096 0
19096 0
19096 217.045458330234
19096 217.045458330234
19096 217.045458330234
19096 1.10350194552529
19096 14.4066951773198
19096 14.4066951773198
19096 0
19096 0
12441 0
12441 202.433936371428
12441 202.433936371428
12441 202.433936371428
12441 202.433936371428
12441 0
12441 0
12441 27.5962952471424
12441 27.5962952471424
12441 27.5962952471424
12441 27.5962952471424
12441 833.17918827746
12441 833.17918827746
12441 833.17918827746
12441 833.17918827746
12441 833.17918827746
12441 0
12441 0
12441 0
12441 0
12441 0
12441 0
12441 7.40917652370238
12441 7.40917652370238
12441 7.40917652370238
12441 0
12441 0
12441 0
12441 0
12441 217.045458330234
12441 217.045458330234
12441 217.045458330234
12441 1.10350194552529
12441 14.4066951773198
12441 14.4066951773198
12441 0
12441 0
14916 0
14916 202.433936371428
14916 202.433936371428
14916 202.433936371428
14916 202.433936371428
14916 0
14916 0
14916 27.5962952471424
14916 27.5962952471424
14916 27.5962952471424
14916 27.5962952471424
14916 833.17918827746
14916 833.17918827746
14916 833.17918827746
14916 833.17918827746
14916 833.17918827746
14916 0
14916 0
14916 0
14916 0
14916 0
14916 0
14916 7.40917652370238
14916 7.40917652370238
14916 7.40917652370238
14916 0
14916 0
14916 0
14916 0
14916 217.045458330234
14916 217.045458330234
14916 217.045458330234
14916 1.10350194552529
14916 14.4066951773198
14916 14.4066951773198
14916 0
14916 0
12279 0
12279 202.433936371428
12279 202.433936371428
12279 202.433936371428
12279 202.433936371428
12279 0
12279 0
12279 27.5962952471424
12279 27.5962952471424
12279 27.5962952471424
12279 27.5962952471424
12279 833.17918827746
12279 833.17918827746
12279 833.17918827746
12279 833.17918827746
12279 833.17918827746
12279 0
12279 0
12279 0
12279 0
12279 0
12279 0
12279 7.40917652370238
12279 7.40917652370238
12279 7.40917652370238
12279 0
12279 0
12279 0
12279 0
12279 217.045458330234
12279 217.045458330234
12279 217.045458330234
12279 1.10350194552529
12279 14.4066951773198
12279 14.4066951773198
12279 0
12279 0
12443 0
12443 202.433936371428
12443 202.433936371428
12443 202.433936371428
12443 202.433936371428
12443 0
12443 0
12443 27.5962952471424
12443 27.5962952471424
12443 27.5962952471424
12443 27.5962952471424
12443 833.17918827746
12443 833.17918827746
12443 833.17918827746
12443 833.17918827746
12443 833.17918827746
12443 0
12443 0
12443 0
12443 0
12443 0
12443 0
12443 7.40917652370238
12443 7.40917652370238
12443 7.40917652370238
12443 0
12443 0
12443 0
12443 0
12443 217.045458330234
12443 217.045458330234
12443 217.045458330234
12443 1.10350194552529
12443 14.4066951773198
12443 14.4066951773198
12443 0
12443 0
12444 0
12444 202.433936371428
12444 202.433936371428
12444 202.433936371428
12444 202.433936371428
12444 0
12444 0
12444 27.5962952471424
12444 27.5962952471424
12444 27.5962952471424
12444 27.5962952471424
12444 833.17918827746
12444 833.17918827746
12444 833.17918827746
12444 833.17918827746
12444 833.17918827746
12444 0
12444 0
12444 0
12444 0
12444 0
12444 0
12444 7.40917652370238
12444 7.40917652370238
12444 7.40917652370238
12444 0
12444 0
12444 0
12444 0
12444 217.045458330234
12444 217.045458330234
12444 217.045458330234
12444 1.10350194552529
12444 14.4066951773198
12444 14.4066951773198
12444 0
12444 0
12127 0
12127 202.433936371428
12127 202.433936371428
12127 202.433936371428
12127 202.433936371428
12127 0
12127 0
12127 27.5962952471424
12127 27.5962952471424
12127 27.5962952471424
12127 27.5962952471424
12127 833.17918827746
12127 833.17918827746
12127 833.17918827746
12127 833.17918827746
12127 833.17918827746
12127 0
12127 0
12127 0
12127 0
12127 0
12127 0
12127 7.40917652370238
12127 7.40917652370238
12127 7.40917652370238
12127 0
12127 0
12127 0
12127 0
12127 217.045458330234
12127 217.045458330234
12127 217.045458330234
12127 1.10350194552529
12127 14.4066951773198
12127 14.4066951773198
12127 0
12127 0
12445 0
12445 202.433936371428
12445 202.433936371428
12445 202.433936371428
12445 202.433936371428
12445 0
12445 0
12445 27.5962952471424
12445 27.5962952471424
12445 27.5962952471424
12445 27.5962952471424
12445 833.17918827746
12445 833.17918827746
12445 833.17918827746
12445 833.17918827746
12445 833.17918827746
12445 0
12445 0
12445 0
12445 0
12445 0
12445 0
12445 7.40917652370238
12445 7.40917652370238
12445 7.40917652370238
12445 0
12445 0
12445 0
12445 0
12445 217.045458330234
12445 217.045458330234
12445 217.045458330234
12445 1.10350194552529
12445 14.4066951773198
12445 14.4066951773198
12445 0
12445 0
12609 0
12609 202.433936371428
12609 202.433936371428
12609 202.433936371428
12609 202.433936371428
12609 0
12609 0
12609 27.5962952471424
12609 27.5962952471424
12609 27.5962952471424
12609 27.5962952471424
12609 833.17918827746
12609 833.17918827746
12609 833.17918827746
12609 833.17918827746
12609 833.17918827746
12609 0
12609 0
12609 0
12609 0
12609 0
12609 0
12609 7.40917652370238
12609 7.40917652370238
12609 7.40917652370238
12609 0
12609 0
12609 0
12609 0
12609 217.045458330234
12609 217.045458330234
12609 217.045458330234
12609 1.10350194552529
12609 14.4066951773198
12609 14.4066951773198
12609 0
12609 0
12779 0
12779 202.433936371428
12779 202.433936371428
12779 202.433936371428
12779 202.433936371428
12779 0
12779 0
12779 27.5962952471424
12779 27.5962952471424
12779 27.5962952471424
12779 27.5962952471424
12779 833.17918827746
12779 833.17918827746
12779 833.17918827746
12779 833.17918827746
12779 833.17918827746
12779 0
12779 0
12779 0
12779 0
12779 0
12779 0
12779 7.40917652370238
12779 7.40917652370238
12779 7.40917652370238
12779 0
12779 0
12779 0
12779 0
12779 217.045458330234
12779 217.045458330234
12779 217.045458330234
12779 1.10350194552529
12779 14.4066951773198
12779 14.4066951773198
12779 0
12779 0
12951 0
12951 202.433936371428
12951 202.433936371428
12951 202.433936371428
12951 202.433936371428
12951 0
12951 0
12951 27.5962952471424
12951 27.5962952471424
12951 27.5962952471424
12951 27.5962952471424
12951 833.17918827746
12951 833.17918827746
12951 833.17918827746
12951 833.17918827746
12951 833.17918827746
12951 0
12951 0
12951 0
12951 0
12951 0
12951 0
12951 7.40917652370238
12951 7.40917652370238
12951 7.40917652370238
12951 0
12951 0
12951 0
12951 0
12951 217.045458330234
12951 217.045458330234
12951 217.045458330234
12951 1.10350194552529
12951 14.4066951773198
12951 14.4066951773198
12951 0
12951 0
19986 0
19986 202.433936371428
19986 202.433936371428
19986 202.433936371428
19986 202.433936371428
19986 0
19986 0
19986 27.5962952471424
19986 27.5962952471424
19986 27.5962952471424
19986 27.5962952471424
19986 833.17918827746
19986 833.17918827746
19986 833.17918827746
19986 833.17918827746
19986 833.17918827746
19986 0
19986 0
19986 0
19986 0
19986 0
19986 0
19986 7.40917652370238
19986 7.40917652370238
19986 7.40917652370238
19986 0
19986 0
19986 0
19986 0
19986 217.045458330234
19986 217.045458330234
19986 217.045458330234
19986 1.10350194552529
19986 14.4066951773198
19986 14.4066951773198
19986 0
19986 0
20146 0
20146 202.433936371428
20146 202.433936371428
20146 202.433936371428
20146 202.433936371428
20146 0
20146 0
20146 27.5962952471424
20146 27.5962952471424
20146 27.5962952471424
20146 27.5962952471424
20146 833.17918827746
20146 833.17918827746
20146 833.17918827746
20146 833.17918827746
20146 833.17918827746
20146 0
20146 0
20146 0
20146 0
20146 0
20146 0
20146 7.40917652370238
20146 7.40917652370238
20146 7.40917652370238
20146 0
20146 0
20146 0
20146 0
20146 217.045458330234
20146 217.045458330234
20146 217.045458330234
20146 1.10350194552529
20146 14.4066951773198
20146 14.4066951773198
20146 0
20146 0
20305 0
20305 202.433936371428
20305 202.433936371428
20305 202.433936371428
20305 202.433936371428
20305 0
20305 0
20305 27.5962952471424
20305 27.5962952471424
20305 27.5962952471424
20305 27.5962952471424
20305 833.17918827746
20305 833.17918827746
20305 833.17918827746
20305 833.17918827746
20305 833.17918827746
20305 0
20305 0
20305 0
20305 0
20305 0
20305 0
20305 7.40917652370238
20305 7.40917652370238
20305 7.40917652370238
20305 0
20305 0
20305 0
20305 0
20305 217.045458330234
20305 217.045458330234
20305 217.045458330234
20305 1.10350194552529
20305 14.4066951773198
20305 14.4066951773198
20305 0
20305 0
20464 0
20464 202.433936371428
20464 202.433936371428
20464 202.433936371428
20464 202.433936371428
20464 0
20464 0
20464 27.5962952471424
20464 27.5962952471424
20464 27.5962952471424
20464 27.5962952471424
20464 833.17918827746
20464 833.17918827746
20464 833.17918827746
20464 833.17918827746
20464 833.17918827746
20464 0
20464 0
20464 0
20464 0
20464 0
20464 0
20464 7.40917652370238
20464 7.40917652370238
20464 7.40917652370238
20464 0
20464 0
20464 0
20464 0
20464 217.045458330234
20464 217.045458330234
20464 217.045458330234
20464 1.10350194552529
20464 14.4066951773198
20464 14.4066951773198
20464 0
20464 0
12952 0
12952 202.433936371428
12952 202.433936371428
12952 202.433936371428
12952 202.433936371428
12952 0
12952 0
12952 27.5962952471424
12952 27.5962952471424
12952 27.5962952471424
12952 27.5962952471424
12952 833.17918827746
12952 833.17918827746
12952 833.17918827746
12952 833.17918827746
12952 833.17918827746
12952 0
12952 0
12952 0
12952 0
12952 0
12952 0
12952 7.40917652370238
12952 7.40917652370238
12952 7.40917652370238
12952 0
12952 0
12952 0
12952 0
12952 217.045458330234
12952 217.045458330234
12952 217.045458330234
12952 1.10350194552529
12952 14.4066951773198
12952 14.4066951773198
12952 0
12952 0
13124 0
13124 202.433936371428
13124 202.433936371428
13124 202.433936371428
13124 202.433936371428
13124 0
13124 0
13124 27.5962952471424
13124 27.5962952471424
13124 27.5962952471424
13124 27.5962952471424
13124 833.17918827746
13124 833.17918827746
13124 833.17918827746
13124 833.17918827746
13124 833.17918827746
13124 0
13124 0
13124 0
13124 0
13124 0
13124 0
13124 7.40917652370238
13124 7.40917652370238
13124 7.40917652370238
13124 0
13124 0
13124 0
13124 0
13124 217.045458330234
13124 217.045458330234
13124 217.045458330234
13124 1.10350194552529
13124 14.4066951773198
13124 14.4066951773198
13124 0
13124 0
20465 0
20465 202.433936371428
20465 202.433936371428
20465 202.433936371428
20465 202.433936371428
20465 0
20465 0
20465 27.5962952471424
20465 27.5962952471424
20465 27.5962952471424
20465 27.5962952471424
20465 833.17918827746
20465 833.17918827746
20465 833.17918827746
20465 833.17918827746
20465 833.17918827746
20465 0
20465 0
20465 0
20465 0
20465 0
20465 0
20465 7.40917652370238
20465 7.40917652370238
20465 7.40917652370238
20465 0
20465 0
20465 0
20465 0
20465 217.045458330234
20465 217.045458330234
20465 217.045458330234
20465 1.10350194552529
20465 14.4066951773198
20465 14.4066951773198
20465 0
20465 0
13125 0
13125 202.433936371428
13125 202.433936371428
13125 202.433936371428
13125 202.433936371428
13125 0
13125 0
13125 27.5962952471424
13125 27.5962952471424
13125 27.5962952471424
13125 27.5962952471424
13125 833.17918827746
13125 833.17918827746
13125 833.17918827746
13125 833.17918827746
13125 833.17918827746
13125 0
13125 0
13125 0
13125 0
13125 0
13125 0
13125 7.40917652370238
13125 7.40917652370238
13125 7.40917652370238
13125 0
13125 0
13125 0
13125 0
13125 217.045458330234
13125 217.045458330234
13125 217.045458330234
13125 1.10350194552529
13125 14.4066951773198
13125 14.4066951773198
13125 0
13125 0
7872 0
7872 202.433936371428
7872 202.433936371428
7872 202.433936371428
7872 202.433936371428
7872 0
7872 0
7872 27.5962952471424
7872 27.5962952471424
7872 27.5962952471424
7872 27.5962952471424
7872 833.17918827746
7872 833.17918827746
7872 833.17918827746
7872 833.17918827746
7872 833.17918827746
7872 0
7872 0
7872 0
7872 0
7872 0
7872 0
7872 7.40917652370238
7872 7.40917652370238
7872 7.40917652370238
7872 0
7872 0
7872 0
7872 0
7872 217.045458330234
7872 217.045458330234
7872 217.045458330234
7872 1.10350194552529
7872 14.4066951773198
7872 14.4066951773198
7872 0
7872 0
20747 0
20747 202.433936371428
20747 202.433936371428
20747 202.433936371428
20747 202.433936371428
20747 0
20747 0
20747 27.5962952471424
20747 27.5962952471424
20747 27.5962952471424
20747 27.5962952471424
20747 833.17918827746
20747 833.17918827746
20747 833.17918827746
20747 833.17918827746
20747 833.17918827746
20747 0
20747 0
20747 0
20747 0
20747 0
20747 0
20747 7.40917652370238
20747 7.40917652370238
20747 7.40917652370238
20747 0
20747 0
20747 0
20747 0
20747 217.045458330234
20747 217.045458330234
20747 217.045458330234
20747 1.10350194552529
20747 14.4066951773198
20747 14.4066951773198
20747 0
20747 0
7801 0
7801 202.433936371428
7801 202.433936371428
7801 202.433936371428
7801 202.433936371428
7801 0
7801 0
7801 27.5962952471424
7801 27.5962952471424
7801 27.5962952471424
7801 27.5962952471424
7801 833.17918827746
7801 833.17918827746
7801 833.17918827746
7801 833.17918827746
7801 833.17918827746
7801 0
7801 0
7801 0
7801 0
7801 0
7801 0
7801 7.40917652370238
7801 7.40917652370238
7801 7.40917652370238
7801 0
7801 0
7801 0
7801 0
7801 217.045458330234
7801 217.045458330234
7801 217.045458330234
7801 1.10350194552529
7801 14.4066951773198
7801 14.4066951773198
7801 0
7801 0
7945 0
7945 202.433936371428
7945 202.433936371428
7945 202.433936371428
7945 202.433936371428
7945 0
7945 0
7945 27.5962952471424
7945 27.5962952471424
7945 27.5962952471424
7945 27.5962952471424
7945 833.17918827746
7945 833.17918827746
7945 833.17918827746
7945 833.17918827746
7945 833.17918827746
7945 0
7945 0
7945 0
7945 0
7945 0
7945 0
7945 7.40917652370238
7945 7.40917652370238
7945 7.40917652370238
7945 0
7945 0
7945 0
7945 0
7945 217.045458330234
7945 217.045458330234
7945 217.045458330234
7945 1.10350194552529
7945 14.4066951773198
7945 14.4066951773198
7945 0
7945 0
8020 0
8020 202.433936371428
8020 202.433936371428
8020 202.433936371428
8020 202.433936371428
8020 0
8020 0
8020 27.5962952471424
8020 27.5962952471424
8020 27.5962952471424
8020 27.5962952471424
8020 833.17918827746
8020 833.17918827746
8020 833.17918827746
8020 833.17918827746
8020 833.17918827746
8020 0
8020 0
8020 0
8020 0
8020 0
8020 0
8020 7.40917652370238
8020 7.40917652370238
8020 7.40917652370238
8020 0
8020 0
8020 0
8020 0
8020 217.045458330234
8020 217.045458330234
8020 217.045458330234
8020 1.10350194552529
8020 14.4066951773198
8020 14.4066951773198
8020 0
8020 0
8175 0
8175 202.433936371428
8175 202.433936371428
8175 202.433936371428
8175 202.433936371428
8175 0
8175 0
8175 27.5962952471424
8175 27.5962952471424
8175 27.5962952471424
8175 27.5962952471424
8175 833.17918827746
8175 833.17918827746
8175 833.17918827746
8175 833.17918827746
8175 833.17918827746
8175 0
8175 0
8175 0
8175 0
8175 0
8175 0
8175 7.40917652370238
8175 7.40917652370238
8175 7.40917652370238
8175 0
8175 0
8175 0
8175 0
8175 217.045458330234
8175 217.045458330234
8175 217.045458330234
8175 1.10350194552529
8175 14.4066951773198
8175 14.4066951773198
8175 0
8175 0
13650 0
13650 202.433936371428
13650 202.433936371428
13650 202.433936371428
13650 202.433936371428
13650 0
13650 0
13650 27.5962952471424
13650 27.5962952471424
13650 27.5962952471424
13650 27.5962952471424
13650 833.17918827746
13650 833.17918827746
13650 833.17918827746
13650 833.17918827746
13650 833.17918827746
13650 0
13650 0
13650 0
13650 0
13650 0
13650 0
13650 7.40917652370238
13650 7.40917652370238
13650 7.40917652370238
13650 0
13650 0
13650 0
13650 0
13650 217.045458330234
13650 217.045458330234
13650 217.045458330234
13650 1.10350194552529
13650 14.4066951773198
13650 14.4066951773198
13650 0
13650 0
20748 0
20748 202.433936371428
20748 202.433936371428
20748 202.433936371428
20748 202.433936371428
20748 0
20748 0
20748 27.5962952471424
20748 27.5962952471424
20748 27.5962952471424
20748 27.5962952471424
20748 833.17918827746
20748 833.17918827746
20748 833.17918827746
20748 833.17918827746
20748 833.17918827746
20748 0
20748 0
20748 0
20748 0
20748 0
20748 0
20748 7.40917652370238
20748 7.40917652370238
20748 7.40917652370238
20748 0
20748 0
20748 0
20748 0
20748 217.045458330234
20748 217.045458330234
20748 217.045458330234
20748 1.10350194552529
20748 14.4066951773198
20748 14.4066951773198
20748 0
20748 0
7946 0
7946 202.433936371428
7946 202.433936371428
7946 202.433936371428
7946 202.433936371428
7946 0
7946 0
7946 27.5962952471424
7946 27.5962952471424
7946 27.5962952471424
7946 27.5962952471424
7946 833.17918827746
7946 833.17918827746
7946 833.17918827746
7946 833.17918827746
7946 833.17918827746
7946 0
7946 0
7946 0
7946 0
7946 0
7946 0
7946 7.40917652370238
7946 7.40917652370238
7946 7.40917652370238
7946 0
7946 0
7946 0
7946 0
7946 217.045458330234
7946 217.045458330234
7946 217.045458330234
7946 1.10350194552529
7946 14.4066951773198
7946 14.4066951773198
7946 0
7946 0
8097 0
8097 202.433936371428
8097 202.433936371428
8097 202.433936371428
8097 202.433936371428
8097 0
8097 0
8097 27.5962952471424
8097 27.5962952471424
8097 27.5962952471424
8097 27.5962952471424
8097 833.17918827746
8097 833.17918827746
8097 833.17918827746
8097 833.17918827746
8097 833.17918827746
8097 0
8097 0
8097 0
8097 0
8097 0
8097 0
8097 7.40917652370238
8097 7.40917652370238
8097 7.40917652370238
8097 0
8097 0
8097 0
8097 0
8097 217.045458330234
8097 217.045458330234
8097 217.045458330234
8097 1.10350194552529
8097 14.4066951773198
8097 14.4066951773198
8097 0
8097 0
20749 0
20749 202.433936371428
20749 202.433936371428
20749 202.433936371428
20749 202.433936371428
20749 0
20749 0
20749 27.5962952471424
20749 27.5962952471424
20749 27.5962952471424
20749 27.5962952471424
20749 833.17918827746
20749 833.17918827746
20749 833.17918827746
20749 833.17918827746
20749 833.17918827746
20749 0
20749 0
20749 0
20749 0
20749 0
20749 0
20749 7.40917652370238
20749 7.40917652370238
20749 7.40917652370238
20749 0
20749 0
20749 0
20749 0
20749 217.045458330234
20749 217.045458330234
20749 217.045458330234
20749 1.10350194552529
20749 14.4066951773198
20749 14.4066951773198
20749 0
20749 0
20883 0
20883 202.433936371428
20883 202.433936371428
20883 202.433936371428
20883 202.433936371428
20883 0
20883 0
20883 27.5962952471424
20883 27.5962952471424
20883 27.5962952471424
20883 27.5962952471424
20883 833.17918827746
20883 833.17918827746
20883 833.17918827746
20883 833.17918827746
20883 833.17918827746
20883 0
20883 0
20883 0
20883 0
20883 0
20883 0
20883 7.40917652370238
20883 7.40917652370238
20883 7.40917652370238
20883 0
20883 0
20883 0
20883 0
20883 217.045458330234
20883 217.045458330234
20883 217.045458330234
20883 1.10350194552529
20883 14.4066951773198
20883 14.4066951773198
20883 0
20883 0
21009 0
21009 202.433936371428
21009 202.433936371428
21009 202.433936371428
21009 202.433936371428
21009 0
21009 0
21009 27.5962952471424
21009 27.5962952471424
21009 27.5962952471424
21009 27.5962952471424
21009 833.17918827746
21009 833.17918827746
21009 833.17918827746
21009 833.17918827746
21009 833.17918827746
21009 0
21009 0
21009 0
21009 0
21009 0
21009 0
21009 7.40917652370238
21009 7.40917652370238
21009 7.40917652370238
21009 0
21009 0
21009 0
21009 0
21009 217.045458330234
21009 217.045458330234
21009 217.045458330234
21009 1.10350194552529
21009 14.4066951773198
21009 14.4066951773198
21009 0
21009 0
7947 0
7947 202.433936371428
7947 202.433936371428
7947 202.433936371428
7947 202.433936371428
7947 0
7947 0
7947 27.5962952471424
7947 27.5962952471424
7947 27.5962952471424
7947 27.5962952471424
7947 833.17918827746
7947 833.17918827746
7947 833.17918827746
7947 833.17918827746
7947 833.17918827746
7947 0
7947 0
7947 0
7947 0
7947 0
7947 0
7947 7.40917652370238
7947 7.40917652370238
7947 7.40917652370238
7947 0
7947 0
7947 0
7947 0
7947 217.045458330234
7947 217.045458330234
7947 217.045458330234
7947 1.10350194552529
7947 14.4066951773198
7947 14.4066951773198
7947 0
7947 0
20750 0
20750 202.433936371428
20750 202.433936371428
20750 202.433936371428
20750 202.433936371428
20750 0
20750 0
20750 27.5962952471424
20750 27.5962952471424
20750 27.5962952471424
20750 27.5962952471424
20750 833.17918827746
20750 833.17918827746
20750 833.17918827746
20750 833.17918827746
20750 833.17918827746
20750 0
20750 0
20750 0
20750 0
20750 0
20750 0
20750 7.40917652370238
20750 7.40917652370238
20750 7.40917652370238
20750 0
20750 0
20750 0
20750 0
20750 217.045458330234
20750 217.045458330234
20750 217.045458330234
20750 1.10350194552529
20750 14.4066951773198
20750 14.4066951773198
20750 0
20750 0
20751 0
20751 202.433936371428
20751 202.433936371428
20751 202.433936371428
20751 202.433936371428
20751 0
20751 0
20751 27.5962952471424
20751 27.5962952471424
20751 27.5962952471424
20751 27.5962952471424
20751 833.17918827746
20751 833.17918827746
20751 833.17918827746
20751 833.17918827746
20751 833.17918827746
20751 0
20751 0
20751 0
20751 0
20751 0
20751 0
20751 7.40917652370238
20751 7.40917652370238
20751 7.40917652370238
20751 0
20751 0
20751 0
20751 0
20751 217.045458330234
20751 217.045458330234
20751 217.045458330234
20751 1.10350194552529
20751 14.4066951773198
20751 14.4066951773198
20751 0
20751 0
