pt_graph cpue_kghour
5441 0
5441 2851.2774355
5441 2851.2774355
5441 2851.2774355
5441 2851.2774355
5441 0
5441 66.797079752
5441 0
5441 0
5441 0
5441 0
5441 3812.2601244
5441 3812.2601244
5441 3812.2601244
5441 3812.2601244
5441 3812.2601244
5441 0
5441 76.470588233
5441 0
5441 0
5441 0
5441 0
5441 342.26535954
5441 342.26535954
5441 342.26535954
5441 0
5441 0
5441 0
5441 0
5441 0
5441 0
5441 0
5441 156.30052802
5441 0
5441 0
5441 186.98630132
5441 303.33333329
5472 0
5472 2851.2774355
5472 2851.2774355
5472 2851.2774355
5472 2851.2774355
5472 0
5472 66.797079752
5472 0
5472 0
5472 0
5472 0
5472 3812.2601244
5472 3812.2601244
5472 3812.2601244
5472 3812.2601244
5472 3812.2601244
5472 0
5472 76.470588233
5472 0
5472 0
5472 0
5472 0
5472 342.26535954
5472 342.26535954
5472 342.26535954
5472 0
5472 0
5472 0
5472 0
5472 0
5472 0
5472 0
5472 156.30052802
5472 0
5472 0
5472 186.98630132
5472 303.33333329
5503 0
5503 2851.2774355
5503 2851.2774355
5503 2851.2774355
5503 2851.2774355
5503 0
5503 66.797079752
5503 0
5503 0
5503 0
5503 0
5503 3812.2601244
5503 3812.2601244
5503 3812.2601244
5503 3812.2601244
5503 3812.2601244
5503 0
5503 76.470588233
5503 0
5503 0
5503 0
5503 0
5503 342.26535954
5503 342.26535954
5503 342.26535954
5503 0
5503 0
5503 0
5503 0
5503 0
5503 0
5503 0
5503 156.30052802
5503 0
5503 0
5503 186.98630132
5503 303.33333329
5540 0
5540 2851.2774355
5540 2851.2774355
5540 2851.2774355
5540 2851.2774355
5540 0
5540 66.797079752
5540 0
5540 0
5540 0
5540 0
5540 3812.2601244
5540 3812.2601244
5540 3812.2601244
5540 3812.2601244
5540 3812.2601244
5540 0
5540 76.470588233
5540 0
5540 0
5540 0
5540 0
5540 342.26535954
5540 342.26535954
5540 342.26535954
5540 0
5540 0
5540 0
5540 0
5540 0
5540 0
5540 0
5540 156.30052802
5540 0
5540 0
5540 186.98630132
5540 303.33333329
5577 0
5577 2851.2774355
5577 2851.2774355
5577 2851.2774355
5577 2851.2774355
5577 0
5577 66.797079752
5577 0
5577 0
5577 0
5577 0
5577 3812.2601244
5577 3812.2601244
5577 3812.2601244
5577 3812.2601244
5577 3812.2601244
5577 0
5577 76.470588233
5577 0
5577 0
5577 0
5577 0
5577 342.26535954
5577 342.26535954
5577 342.26535954
5577 0
5577 0
5577 0
5577 0
5577 0
5577 0
5577 0
5577 156.30052802
5577 0
5577 0
5577 186.98630132
5577 303.33333329
5620 0
5620 2851.2774355
5620 2851.2774355
5620 2851.2774355
5620 2851.2774355
5620 0
5620 66.797079752
5620 0
5620 0
5620 0
5620 0
5620 3812.2601244
5620 3812.2601244
5620 3812.2601244
5620 3812.2601244
5620 3812.2601244
5620 0
5620 76.470588233
5620 0
5620 0
5620 0
5620 0
5620 342.26535954
5620 342.26535954
5620 342.26535954
5620 0
5620 0
5620 0
5620 0
5620 0
5620 0
5620 0
5620 156.30052802
5620 0
5620 0
5620 186.98630132
5620 303.33333329
5664 0
5664 2851.2774355
5664 2851.2774355
5664 2851.2774355
5664 2851.2774355
5664 0
5664 66.797079752
5664 0
5664 0
5664 0
5664 0
5664 3812.2601244
5664 3812.2601244
5664 3812.2601244
5664 3812.2601244
5664 3812.2601244
5664 0
5664 76.470588233
5664 0
5664 0
5664 0
5664 0
5664 342.26535954
5664 342.26535954
5664 342.26535954
5664 0
5664 0
5664 0
5664 0
5664 0
5664 0
5664 0
5664 156.30052802
5664 0
5664 0
5664 186.98630132
5664 303.33333329
5709 0
5709 2851.2774355
5709 2851.2774355
5709 2851.2774355
5709 2851.2774355
5709 0
5709 66.797079752
5709 0
5709 0
5709 0
5709 0
5709 3812.2601244
5709 3812.2601244
5709 3812.2601244
5709 3812.2601244
5709 3812.2601244
5709 0
5709 76.470588233
5709 0
5709 0
5709 0
5709 0
5709 342.26535954
5709 342.26535954
5709 342.26535954
5709 0
5709 0
5709 0
5709 0
5709 0
5709 0
5709 0
5709 156.30052802
5709 0
5709 0
5709 186.98630132
5709 303.33333329
5755 0
5755 2851.2774355
5755 2851.2774355
5755 2851.2774355
5755 2851.2774355
5755 0
5755 66.797079752
5755 0
5755 0
5755 0
5755 0
5755 3812.2601244
5755 3812.2601244
5755 3812.2601244
5755 3812.2601244
5755 3812.2601244
5755 0
5755 76.470588233
5755 0
5755 0
5755 0
5755 0
5755 342.26535954
5755 342.26535954
5755 342.26535954
5755 0
5755 0
5755 0
5755 0
5755 0
5755 0
5755 0
5755 156.30052802
5755 0
5755 0
5755 186.98630132
5755 303.33333329
5798 0
5798 2851.2774355
5798 2851.2774355
5798 2851.2774355
5798 2851.2774355
5798 0
5798 66.797079752
5798 0
5798 0
5798 0
5798 0
5798 3812.2601244
5798 3812.2601244
5798 3812.2601244
5798 3812.2601244
5798 3812.2601244
5798 0
5798 76.470588233
5798 0
5798 0
5798 0
5798 0
5798 342.26535954
5798 342.26535954
5798 342.26535954
5798 0
5798 0
5798 0
5798 0
5798 0
5798 0
5798 0
5798 156.30052802
5798 0
5798 0
5798 186.98630132
5798 303.33333329
5382 0
5382 2851.2774355
5382 2851.2774355
5382 2851.2774355
5382 2851.2774355
5382 0
5382 66.797079752
5382 0
5382 0
5382 0
5382 0
5382 3812.2601244
5382 3812.2601244
5382 3812.2601244
5382 3812.2601244
5382 3812.2601244
5382 0
5382 76.470588233
5382 0
5382 0
5382 0
5382 0
5382 342.26535954
5382 342.26535954
5382 342.26535954
5382 0
5382 0
5382 0
5382 0
5382 0
5382 0
5382 0
5382 156.30052802
5382 0
5382 0
5382 186.98630132
5382 303.33333329
5412 0
5412 2851.2774355
5412 2851.2774355
5412 2851.2774355
5412 2851.2774355
5412 0
5412 66.797079752
5412 0
5412 0
5412 0
5412 0
5412 3812.2601244
5412 3812.2601244
5412 3812.2601244
5412 3812.2601244
5412 3812.2601244
5412 0
5412 76.470588233
5412 0
5412 0
5412 0
5412 0
5412 342.26535954
5412 342.26535954
5412 342.26535954
5412 0
5412 0
5412 0
5412 0
5412 0
5412 0
5412 0
5412 156.30052802
5412 0
5412 0
5412 186.98630132
5412 303.33333329
5442 0
5442 2851.2774355
5442 2851.2774355
5442 2851.2774355
5442 2851.2774355
5442 0
5442 66.797079752
5442 0
5442 0
5442 0
5442 0
5442 3812.2601244
5442 3812.2601244
5442 3812.2601244
5442 3812.2601244
5442 3812.2601244
5442 0
5442 76.470588233
5442 0
5442 0
5442 0
5442 0
5442 342.26535954
5442 342.26535954
5442 342.26535954
5442 0
5442 0
5442 0
5442 0
5442 0
5442 0
5442 0
5442 156.30052802
5442 0
5442 0
5442 186.98630132
5442 303.33333329
5473 0
5473 2851.2774355
5473 2851.2774355
5473 2851.2774355
5473 2851.2774355
5473 0
5473 66.797079752
5473 0
5473 0
5473 0
5473 0
5473 3812.2601244
5473 3812.2601244
5473 3812.2601244
5473 3812.2601244
5473 3812.2601244
5473 0
5473 76.470588233
5473 0
5473 0
5473 0
5473 0
5473 342.26535954
5473 342.26535954
5473 342.26535954
5473 0
5473 0
5473 0
5473 0
5473 0
5473 0
5473 0
5473 156.30052802
5473 0
5473 0
5473 186.98630132
5473 303.33333329
5504 0
5504 2851.2774355
5504 2851.2774355
5504 2851.2774355
5504 2851.2774355
5504 0
5504 66.797079752
5504 0
5504 0
5504 0
5504 0
5504 3812.2601244
5504 3812.2601244
5504 3812.2601244
5504 3812.2601244
5504 3812.2601244
5504 0
5504 76.470588233
5504 0
5504 0
5504 0
5504 0
5504 342.26535954
5504 342.26535954
5504 342.26535954
5504 0
5504 0
5504 0
5504 0
5504 0
5504 0
5504 0
5504 156.30052802
5504 0
5504 0
5504 186.98630132
5504 303.33333329
5541 0
5541 2851.2774355
5541 2851.2774355
5541 2851.2774355
5541 2851.2774355
5541 0
5541 66.797079752
5541 0
5541 0
5541 0
5541 0
5541 3812.2601244
5541 3812.2601244
5541 3812.2601244
5541 3812.2601244
5541 3812.2601244
5541 0
5541 76.470588233
5541 0
5541 0
5541 0
5541 0
5541 342.26535954
5541 342.26535954
5541 342.26535954
5541 0
5541 0
5541 0
5541 0
5541 0
5541 0
5541 0
5541 156.30052802
5541 0
5541 0
5541 186.98630132
5541 303.33333329
5578 0
5578 2851.2774355
5578 2851.2774355
5578 2851.2774355
5578 2851.2774355
5578 0
5578 66.797079752
5578 0
5578 0
5578 0
5578 0
5578 3812.2601244
5578 3812.2601244
5578 3812.2601244
5578 3812.2601244
5578 3812.2601244
5578 0
5578 76.470588233
5578 0
5578 0
5578 0
5578 0
5578 342.26535954
5578 342.26535954
5578 342.26535954
5578 0
5578 0
5578 0
5578 0
5578 0
5578 0
5578 0
5578 156.30052802
5578 0
5578 0
5578 186.98630132
5578 303.33333329
5621 0
5621 2851.2774355
5621 2851.2774355
5621 2851.2774355
5621 2851.2774355
5621 0
5621 66.797079752
5621 0
5621 0
5621 0
5621 0
5621 3812.2601244
5621 3812.2601244
5621 3812.2601244
5621 3812.2601244
5621 3812.2601244
5621 0
5621 76.470588233
5621 0
5621 0
5621 0
5621 0
5621 342.26535954
5621 342.26535954
5621 342.26535954
5621 0
5621 0
5621 0
5621 0
5621 0
5621 0
5621 0
5621 156.30052802
5621 0
5621 0
5621 186.98630132
5621 303.33333329
5665 0
5665 2851.2774355
5665 2851.2774355
5665 2851.2774355
5665 2851.2774355
5665 0
5665 66.797079752
5665 0
5665 0
5665 0
5665 0
5665 3812.2601244
5665 3812.2601244
5665 3812.2601244
5665 3812.2601244
5665 3812.2601244
5665 0
5665 76.470588233
5665 0
5665 0
5665 0
5665 0
5665 342.26535954
5665 342.26535954
5665 342.26535954
5665 0
5665 0
5665 0
5665 0
5665 0
5665 0
5665 0
5665 156.30052802
5665 0
5665 0
5665 186.98630132
5665 303.33333329
5710 0
5710 2851.2774355
5710 2851.2774355
5710 2851.2774355
5710 2851.2774355
5710 0
5710 66.797079752
5710 0
5710 0
5710 0
5710 0
5710 3812.2601244
5710 3812.2601244
5710 3812.2601244
5710 3812.2601244
5710 3812.2601244
5710 0
5710 76.470588233
5710 0
5710 0
5710 0
5710 0
5710 342.26535954
5710 342.26535954
5710 342.26535954
5710 0
5710 0
5710 0
5710 0
5710 0
5710 0
5710 0
5710 156.30052802
5710 0
5710 0
5710 186.98630132
5710 303.33333329
5756 0
5756 2851.2774355
5756 2851.2774355
5756 2851.2774355
5756 2851.2774355
5756 0
5756 66.797079752
5756 0
5756 0
5756 0
5756 0
5756 3812.2601244
5756 3812.2601244
5756 3812.2601244
5756 3812.2601244
5756 3812.2601244
5756 0
5756 76.470588233
5756 0
5756 0
5756 0
5756 0
5756 342.26535954
5756 342.26535954
5756 342.26535954
5756 0
5756 0
5756 0
5756 0
5756 0
5756 0
5756 0
5756 156.30052802
5756 0
5756 0
5756 186.98630132
5756 303.33333329
5799 0
5799 2851.2774355
5799 2851.2774355
5799 2851.2774355
5799 2851.2774355
5799 0
5799 66.797079752
5799 0
5799 0
5799 0
5799 0
5799 3812.2601244
5799 3812.2601244
5799 3812.2601244
5799 3812.2601244
5799 3812.2601244
5799 0
5799 76.470588233
5799 0
5799 0
5799 0
5799 0
5799 342.26535954
5799 342.26535954
5799 342.26535954
5799 0
5799 0
5799 0
5799 0
5799 0
5799 0
5799 0
5799 156.30052802
5799 0
5799 0
5799 186.98630132
5799 303.33333329
5841 0
5841 2851.2774355
5841 2851.2774355
5841 2851.2774355
5841 2851.2774355
5841 0
5841 66.797079752
5841 0
5841 0
5841 0
5841 0
5841 3812.2601244
5841 3812.2601244
5841 3812.2601244
5841 3812.2601244
5841 3812.2601244
5841 0
5841 76.470588233
5841 0
5841 0
5841 0
5841 0
5841 342.26535954
5841 342.26535954
5841 342.26535954
5841 0
5841 0
5841 0
5841 0
5841 0
5841 0
5841 0
5841 156.30052802
5841 0
5841 0
5841 186.98630132
5841 303.33333329
5881 0
5881 2851.2774355
5881 2851.2774355
5881 2851.2774355
5881 2851.2774355
5881 0
5881 66.797079752
5881 0
5881 0
5881 0
5881 0
5881 3812.2601244
5881 3812.2601244
5881 3812.2601244
5881 3812.2601244
5881 3812.2601244
5881 0
5881 76.470588233
5881 0
5881 0
5881 0
5881 0
5881 342.26535954
5881 342.26535954
5881 342.26535954
5881 0
5881 0
5881 0
5881 0
5881 0
5881 0
5881 0
5881 156.30052802
5881 0
5881 0
5881 186.98630132
5881 303.33333329
5542 0
5542 2851.2774355
5542 2851.2774355
5542 2851.2774355
5542 2851.2774355
5542 0
5542 66.797079752
5542 0
5542 0
5542 0
5542 0
5542 3812.2601244
5542 3812.2601244
5542 3812.2601244
5542 3812.2601244
5542 3812.2601244
5542 0
5542 76.470588233
5542 0
5542 0
5542 0
5542 0
5542 342.26535954
5542 342.26535954
5542 342.26535954
5542 0
5542 0
5542 0
5542 0
5542 0
5542 0
5542 0
5542 156.30052802
5542 0
5542 0
5542 186.98630132
5542 303.33333329
5579 0
5579 2851.2774355
5579 2851.2774355
5579 2851.2774355
5579 2851.2774355
5579 0
5579 66.797079752
5579 0
5579 0
5579 0
5579 0
5579 3812.2601244
5579 3812.2601244
5579 3812.2601244
5579 3812.2601244
5579 3812.2601244
5579 0
5579 76.470588233
5579 0
5579 0
5579 0
5579 0
5579 342.26535954
5579 342.26535954
5579 342.26535954
5579 0
5579 0
5579 0
5579 0
5579 0
5579 0
5579 0
5579 156.30052802
5579 0
5579 0
5579 186.98630132
5579 303.33333329
5622 0
5622 2851.2774355
5622 2851.2774355
5622 2851.2774355
5622 2851.2774355
5622 0
5622 66.797079752
5622 0
5622 0
5622 0
5622 0
5622 3812.2601244
5622 3812.2601244
5622 3812.2601244
5622 3812.2601244
5622 3812.2601244
5622 0
5622 76.470588233
5622 0
5622 0
5622 0
5622 0
5622 342.26535954
5622 342.26535954
5622 342.26535954
5622 0
5622 0
5622 0
5622 0
5622 0
5622 0
5622 0
5622 156.30052802
5622 0
5622 0
5622 186.98630132
5622 303.33333329
5666 0
5666 2851.2774355
5666 2851.2774355
5666 2851.2774355
5666 2851.2774355
5666 0
5666 66.797079752
5666 0
5666 0
5666 0
5666 0
5666 3812.2601244
5666 3812.2601244
5666 3812.2601244
5666 3812.2601244
5666 3812.2601244
5666 0
5666 76.470588233
5666 0
5666 0
5666 0
5666 0
5666 342.26535954
5666 342.26535954
5666 342.26535954
5666 0
5666 0
5666 0
5666 0
5666 0
5666 0
5666 0
5666 156.30052802
5666 0
5666 0
5666 186.98630132
5666 303.33333329
5711 0
5711 2851.2774355
5711 2851.2774355
5711 2851.2774355
5711 2851.2774355
5711 0
5711 66.797079752
5711 0
5711 0
5711 0
5711 0
5711 3812.2601244
5711 3812.2601244
5711 3812.2601244
5711 3812.2601244
5711 3812.2601244
5711 0
5711 76.470588233
5711 0
5711 0
5711 0
5711 0
5711 342.26535954
5711 342.26535954
5711 342.26535954
5711 0
5711 0
5711 0
5711 0
5711 0
5711 0
5711 0
5711 156.30052802
5711 0
5711 0
5711 186.98630132
5711 303.33333329
5757 0
5757 2851.2774355
5757 2851.2774355
5757 2851.2774355
5757 2851.2774355
5757 0
5757 66.797079752
5757 0
5757 0
5757 0
5757 0
5757 3812.2601244
5757 3812.2601244
5757 3812.2601244
5757 3812.2601244
5757 3812.2601244
5757 0
5757 76.470588233
5757 0
5757 0
5757 0
5757 0
5757 342.26535954
5757 342.26535954
5757 342.26535954
5757 0
5757 0
5757 0
5757 0
5757 0
5757 0
5757 0
5757 156.30052802
5757 0
5757 0
5757 186.98630132
5757 303.33333329
5800 0
5800 2851.2774355
5800 2851.2774355
5800 2851.2774355
5800 2851.2774355
5800 0
5800 66.797079752
5800 0
5800 0
5800 0
5800 0
5800 3812.2601244
5800 3812.2601244
5800 3812.2601244
5800 3812.2601244
5800 3812.2601244
5800 0
5800 76.470588233
5800 0
5800 0
5800 0
5800 0
5800 342.26535954
5800 342.26535954
5800 342.26535954
5800 0
5800 0
5800 0
5800 0
5800 0
5800 0
5800 0
5800 156.30052802
5800 0
5800 0
5800 186.98630132
5800 303.33333329
5842 0
5842 2851.2774355
5842 2851.2774355
5842 2851.2774355
5842 2851.2774355
5842 0
5842 66.797079752
5842 0
5842 0
5842 0
5842 0
5842 3812.2601244
5842 3812.2601244
5842 3812.2601244
5842 3812.2601244
5842 3812.2601244
5842 0
5842 76.470588233
5842 0
5842 0
5842 0
5842 0
5842 342.26535954
5842 342.26535954
5842 342.26535954
5842 0
5842 0
5842 0
5842 0
5842 0
5842 0
5842 0
5842 156.30052802
5842 0
5842 0
5842 186.98630132
5842 303.33333329
5882 0
5882 2851.2774355
5882 2851.2774355
5882 2851.2774355
5882 2851.2774355
5882 0
5882 66.797079752
5882 0
5882 0
5882 0
5882 0
5882 3812.2601244
5882 3812.2601244
5882 3812.2601244
5882 3812.2601244
5882 3812.2601244
5882 0
5882 76.470588233
5882 0
5882 0
5882 0
5882 0
5882 342.26535954
5882 342.26535954
5882 342.26535954
5882 0
5882 0
5882 0
5882 0
5882 0
5882 0
5882 0
5882 156.30052802
5882 0
5882 0
5882 186.98630132
5882 303.33333329
5919 0
5919 2851.2774355
5919 2851.2774355
5919 2851.2774355
5919 2851.2774355
5919 0
5919 66.797079752
5919 0
5919 0
5919 0
5919 0
5919 3812.2601244
5919 3812.2601244
5919 3812.2601244
5919 3812.2601244
5919 3812.2601244
5919 0
5919 76.470588233
5919 0
5919 0
5919 0
5919 0
5919 342.26535954
5919 342.26535954
5919 342.26535954
5919 0
5919 0
5919 0
5919 0
5919 0
5919 0
5919 0
5919 156.30052802
5919 0
5919 0
5919 186.98630132
5919 303.33333329
5580 0
5580 2851.2774355
5580 2851.2774355
5580 2851.2774355
5580 2851.2774355
5580 0
5580 66.797079752
5580 0
5580 0
5580 0
5580 0
5580 3812.2601244
5580 3812.2601244
5580 3812.2601244
5580 3812.2601244
5580 3812.2601244
5580 0
5580 76.470588233
5580 0
5580 0
5580 0
5580 0
5580 342.26535954
5580 342.26535954
5580 342.26535954
5580 0
5580 0
5580 0
5580 0
5580 0
5580 0
5580 0
5580 156.30052802
5580 0
5580 0
5580 186.98630132
5580 303.33333329
5623 0
5623 2851.2774355
5623 2851.2774355
5623 2851.2774355
5623 2851.2774355
5623 0
5623 66.797079752
5623 0
5623 0
5623 0
5623 0
5623 3812.2601244
5623 3812.2601244
5623 3812.2601244
5623 3812.2601244
5623 3812.2601244
5623 0
5623 76.470588233
5623 0
5623 0
5623 0
5623 0
5623 342.26535954
5623 342.26535954
5623 342.26535954
5623 0
5623 0
5623 0
5623 0
5623 0
5623 0
5623 0
5623 156.30052802
5623 0
5623 0
5623 186.98630132
5623 303.33333329
5667 0
5667 2851.2774355
5667 2851.2774355
5667 2851.2774355
5667 2851.2774355
5667 0
5667 66.797079752
5667 0
5667 0
5667 0
5667 0
5667 3812.2601244
5667 3812.2601244
5667 3812.2601244
5667 3812.2601244
5667 3812.2601244
5667 0
5667 76.470588233
5667 0
5667 0
5667 0
5667 0
5667 342.26535954
5667 342.26535954
5667 342.26535954
5667 0
5667 0
5667 0
5667 0
5667 0
5667 0
5667 0
5667 156.30052802
5667 0
5667 0
5667 186.98630132
5667 303.33333329
5712 0
5712 2851.2774355
5712 2851.2774355
5712 2851.2774355
5712 2851.2774355
5712 0
5712 66.797079752
5712 0
5712 0
5712 0
5712 0
5712 3812.2601244
5712 3812.2601244
5712 3812.2601244
5712 3812.2601244
5712 3812.2601244
5712 0
5712 76.470588233
5712 0
5712 0
5712 0
5712 0
5712 342.26535954
5712 342.26535954
5712 342.26535954
5712 0
5712 0
5712 0
5712 0
5712 0
5712 0
5712 0
5712 156.30052802
5712 0
5712 0
5712 186.98630132
5712 303.33333329
5758 0
5758 2851.2774355
5758 2851.2774355
5758 2851.2774355
5758 2851.2774355
5758 0
5758 66.797079752
5758 0
5758 0
5758 0
5758 0
5758 3812.2601244
5758 3812.2601244
5758 3812.2601244
5758 3812.2601244
5758 3812.2601244
5758 0
5758 76.470588233
5758 0
5758 0
5758 0
5758 0
5758 342.26535954
5758 342.26535954
5758 342.26535954
5758 0
5758 0
5758 0
5758 0
5758 0
5758 0
5758 0
5758 156.30052802
5758 0
5758 0
5758 186.98630132
5758 303.33333329
5801 0
5801 2851.2774355
5801 2851.2774355
5801 2851.2774355
5801 2851.2774355
5801 0
5801 66.797079752
5801 0
5801 0
5801 0
5801 0
5801 3812.2601244
5801 3812.2601244
5801 3812.2601244
5801 3812.2601244
5801 3812.2601244
5801 0
5801 76.470588233
5801 0
5801 0
5801 0
5801 0
5801 342.26535954
5801 342.26535954
5801 342.26535954
5801 0
5801 0
5801 0
5801 0
5801 0
5801 0
5801 0
5801 156.30052802
5801 0
5801 0
5801 186.98630132
5801 303.33333329
5843 0
5843 2851.2774355
5843 2851.2774355
5843 2851.2774355
5843 2851.2774355
5843 0
5843 66.797079752
5843 0
5843 0
5843 0
5843 0
5843 3812.2601244
5843 3812.2601244
5843 3812.2601244
5843 3812.2601244
5843 3812.2601244
5843 0
5843 76.470588233
5843 0
5843 0
5843 0
5843 0
5843 342.26535954
5843 342.26535954
5843 342.26535954
5843 0
5843 0
5843 0
5843 0
5843 0
5843 0
5843 0
5843 156.30052802
5843 0
5843 0
5843 186.98630132
5843 303.33333329
5920 0
5920 2851.2774355
5920 2851.2774355
5920 2851.2774355
5920 2851.2774355
5920 0
5920 66.797079752
5920 0
5920 0
5920 0
5920 0
5920 3812.2601244
5920 3812.2601244
5920 3812.2601244
5920 3812.2601244
5920 3812.2601244
5920 0
5920 76.470588233
5920 0
5920 0
5920 0
5920 0
5920 342.26535954
5920 342.26535954
5920 342.26535954
5920 0
5920 0
5920 0
5920 0
5920 0
5920 0
5920 0
5920 156.30052802
5920 0
5920 0
5920 186.98630132
5920 303.33333329
5958 0
5958 2851.2774355
5958 2851.2774355
5958 2851.2774355
5958 2851.2774355
5958 0
5958 66.797079752
5958 0
5958 0
5958 0
5958 0
5958 3812.2601244
5958 3812.2601244
5958 3812.2601244
5958 3812.2601244
5958 3812.2601244
5958 0
5958 76.470588233
5958 0
5958 0
5958 0
5958 0
5958 342.26535954
5958 342.26535954
5958 342.26535954
5958 0
5958 0
5958 0
5958 0
5958 0
5958 0
5958 0
5958 156.30052802
5958 0
5958 0
5958 186.98630132
5958 303.33333329
5624 0
5624 2851.2774355
5624 2851.2774355
5624 2851.2774355
5624 2851.2774355
5624 0
5624 66.797079752
5624 0
5624 0
5624 0
5624 0
5624 3812.2601244
5624 3812.2601244
5624 3812.2601244
5624 3812.2601244
5624 3812.2601244
5624 0
5624 76.470588233
5624 0
5624 0
5624 0
5624 0
5624 342.26535954
5624 342.26535954
5624 342.26535954
5624 0
5624 0
5624 0
5624 0
5624 0
5624 0
5624 0
5624 156.30052802
5624 0
5624 0
5624 186.98630132
5624 303.33333329
5668 0
5668 2851.2774355
5668 2851.2774355
5668 2851.2774355
5668 2851.2774355
5668 0
5668 66.797079752
5668 0
5668 0
5668 0
5668 0
5668 3812.2601244
5668 3812.2601244
5668 3812.2601244
5668 3812.2601244
5668 3812.2601244
5668 0
5668 76.470588233
5668 0
5668 0
5668 0
5668 0
5668 342.26535954
5668 342.26535954
5668 342.26535954
5668 0
5668 0
5668 0
5668 0
5668 0
5668 0
5668 0
5668 156.30052802
5668 0
5668 0
5668 186.98630132
5668 303.33333329
5713 0
5713 2851.2774355
5713 2851.2774355
5713 2851.2774355
5713 2851.2774355
5713 0
5713 66.797079752
5713 0
5713 0
5713 0
5713 0
5713 3812.2601244
5713 3812.2601244
5713 3812.2601244
5713 3812.2601244
5713 3812.2601244
5713 0
5713 76.470588233
5713 0
5713 0
5713 0
5713 0
5713 342.26535954
5713 342.26535954
5713 342.26535954
5713 0
5713 0
5713 0
5713 0
5713 0
5713 0
5713 0
5713 156.30052802
5713 0
5713 0
5713 186.98630132
5713 303.33333329
5759 0
5759 2851.2774355
5759 2851.2774355
5759 2851.2774355
5759 2851.2774355
5759 0
5759 66.797079752
5759 0
5759 0
5759 0
5759 0
5759 3812.2601244
5759 3812.2601244
5759 3812.2601244
5759 3812.2601244
5759 3812.2601244
5759 0
5759 76.470588233
5759 0
5759 0
5759 0
5759 0
5759 342.26535954
5759 342.26535954
5759 342.26535954
5759 0
5759 0
5759 0
5759 0
5759 0
5759 0
5759 0
5759 156.30052802
5759 0
5759 0
5759 186.98630132
5759 303.33333329
5802 0
5802 2851.2774355
5802 2851.2774355
5802 2851.2774355
5802 2851.2774355
5802 0
5802 66.797079752
5802 0
5802 0
5802 0
5802 0
5802 3812.2601244
5802 3812.2601244
5802 3812.2601244
5802 3812.2601244
5802 3812.2601244
5802 0
5802 76.470588233
5802 0
5802 0
5802 0
5802 0
5802 342.26535954
5802 342.26535954
5802 342.26535954
5802 0
5802 0
5802 0
5802 0
5802 0
5802 0
5802 0
5802 156.30052802
5802 0
5802 0
5802 186.98630132
5802 303.33333329
5844 0
5844 2851.2774355
5844 2851.2774355
5844 2851.2774355
5844 2851.2774355
5844 0
5844 66.797079752
5844 0
5844 0
5844 0
5844 0
5844 3812.2601244
5844 3812.2601244
5844 3812.2601244
5844 3812.2601244
5844 3812.2601244
5844 0
5844 76.470588233
5844 0
5844 0
5844 0
5844 0
5844 342.26535954
5844 342.26535954
5844 342.26535954
5844 0
5844 0
5844 0
5844 0
5844 0
5844 0
5844 0
5844 156.30052802
5844 0
5844 0
5844 186.98630132
5844 303.33333329
5625 0
5625 2851.2774355
5625 2851.2774355
5625 2851.2774355
5625 2851.2774355
5625 0
5625 66.797079752
5625 0
5625 0
5625 0
5625 0
5625 3812.2601244
5625 3812.2601244
5625 3812.2601244
5625 3812.2601244
5625 3812.2601244
5625 0
5625 76.470588233
5625 0
5625 0
5625 0
5625 0
5625 342.26535954
5625 342.26535954
5625 342.26535954
5625 0
5625 0
5625 0
5625 0
5625 0
5625 0
5625 0
5625 156.30052802
5625 0
5625 0
5625 186.98630132
5625 303.33333329
5669 0
5669 2851.2774355
5669 2851.2774355
5669 2851.2774355
5669 2851.2774355
5669 0
5669 66.797079752
5669 0
5669 0
5669 0
5669 0
5669 3812.2601244
5669 3812.2601244
5669 3812.2601244
5669 3812.2601244
5669 3812.2601244
5669 0
5669 76.470588233
5669 0
5669 0
5669 0
5669 0
5669 342.26535954
5669 342.26535954
5669 342.26535954
5669 0
5669 0
5669 0
5669 0
5669 0
5669 0
5669 0
5669 156.30052802
5669 0
5669 0
5669 186.98630132
5669 303.33333329
5714 0
5714 2851.2774355
5714 2851.2774355
5714 2851.2774355
5714 2851.2774355
5714 0
5714 66.797079752
5714 0
5714 0
5714 0
5714 0
5714 3812.2601244
5714 3812.2601244
5714 3812.2601244
5714 3812.2601244
5714 3812.2601244
5714 0
5714 76.470588233
5714 0
5714 0
5714 0
5714 0
5714 342.26535954
5714 342.26535954
5714 342.26535954
5714 0
5714 0
5714 0
5714 0
5714 0
5714 0
5714 0
5714 156.30052802
5714 0
5714 0
5714 186.98630132
5714 303.33333329
5760 0
5760 2851.2774355
5760 2851.2774355
5760 2851.2774355
5760 2851.2774355
5760 0
5760 66.797079752
5760 0
5760 0
5760 0
5760 0
5760 3812.2601244
5760 3812.2601244
5760 3812.2601244
5760 3812.2601244
5760 3812.2601244
5760 0
5760 76.470588233
5760 0
5760 0
5760 0
5760 0
5760 342.26535954
5760 342.26535954
5760 342.26535954
5760 0
5760 0
5760 0
5760 0
5760 0
5760 0
5760 0
5760 156.30052802
5760 0
5760 0
5760 186.98630132
5760 303.33333329
5803 0
5803 2851.2774355
5803 2851.2774355
5803 2851.2774355
5803 2851.2774355
5803 0
5803 66.797079752
5803 0
5803 0
5803 0
5803 0
5803 3812.2601244
5803 3812.2601244
5803 3812.2601244
5803 3812.2601244
5803 3812.2601244
5803 0
5803 76.470588233
5803 0
5803 0
5803 0
5803 0
5803 342.26535954
5803 342.26535954
5803 342.26535954
5803 0
5803 0
5803 0
5803 0
5803 0
5803 0
5803 0
5803 156.30052802
5803 0
5803 0
5803 186.98630132
5803 303.33333329
5845 0
5845 2851.2774355
5845 2851.2774355
5845 2851.2774355
5845 2851.2774355
5845 0
5845 66.797079752
5845 0
5845 0
5845 0
5845 0
5845 3812.2601244
5845 3812.2601244
5845 3812.2601244
5845 3812.2601244
5845 3812.2601244
5845 0
5845 76.470588233
5845 0
5845 0
5845 0
5845 0
5845 342.26535954
5845 342.26535954
5845 342.26535954
5845 0
5845 0
5845 0
5845 0
5845 0
5845 0
5845 0
5845 156.30052802
5845 0
5845 0
5845 186.98630132
5845 303.33333329
5885 0
5885 2851.2774355
5885 2851.2774355
5885 2851.2774355
5885 2851.2774355
5885 0
5885 66.797079752
5885 0
5885 0
5885 0
5885 0
5885 3812.2601244
5885 3812.2601244
5885 3812.2601244
5885 3812.2601244
5885 3812.2601244
5885 0
5885 76.470588233
5885 0
5885 0
5885 0
5885 0
5885 342.26535954
5885 342.26535954
5885 342.26535954
5885 0
5885 0
5885 0
5885 0
5885 0
5885 0
5885 0
5885 156.30052802
5885 0
5885 0
5885 186.98630132
5885 303.33333329
5581 0
5581 2851.2774355
5581 2851.2774355
5581 2851.2774355
5581 2851.2774355
5581 0
5581 66.797079752
5581 0
5581 0
5581 0
5581 0
5581 3812.2601244
5581 3812.2601244
5581 3812.2601244
5581 3812.2601244
5581 3812.2601244
5581 0
5581 76.470588233
5581 0
5581 0
5581 0
5581 0
5581 342.26535954
5581 342.26535954
5581 342.26535954
5581 0
5581 0
5581 0
5581 0
5581 0
5581 0
5581 0
5581 156.30052802
5581 0
5581 0
5581 186.98630132
5581 303.33333329
5626 0
5626 2851.2774355
5626 2851.2774355
5626 2851.2774355
5626 2851.2774355
5626 0
5626 66.797079752
5626 0
5626 0
5626 0
5626 0
5626 3812.2601244
5626 3812.2601244
5626 3812.2601244
5626 3812.2601244
5626 3812.2601244
5626 0
5626 76.470588233
5626 0
5626 0
5626 0
5626 0
5626 342.26535954
5626 342.26535954
5626 342.26535954
5626 0
5626 0
5626 0
5626 0
5626 0
5626 0
5626 0
5626 156.30052802
5626 0
5626 0
5626 186.98630132
5626 303.33333329
5670 0
5670 2851.2774355
5670 2851.2774355
5670 2851.2774355
5670 2851.2774355
5670 0
5670 66.797079752
5670 0
5670 0
5670 0
5670 0
5670 3812.2601244
5670 3812.2601244
5670 3812.2601244
5670 3812.2601244
5670 3812.2601244
5670 0
5670 76.470588233
5670 0
5670 0
5670 0
5670 0
5670 342.26535954
5670 342.26535954
5670 342.26535954
5670 0
5670 0
5670 0
5670 0
5670 0
5670 0
5670 0
5670 156.30052802
5670 0
5670 0
5670 186.98630132
5670 303.33333329
5715 0
5715 2851.2774355
5715 2851.2774355
5715 2851.2774355
5715 2851.2774355
5715 0
5715 66.797079752
5715 0
5715 0
5715 0
5715 0
5715 3812.2601244
5715 3812.2601244
5715 3812.2601244
5715 3812.2601244
5715 3812.2601244
5715 0
5715 76.470588233
5715 0
5715 0
5715 0
5715 0
5715 342.26535954
5715 342.26535954
5715 342.26535954
5715 0
5715 0
5715 0
5715 0
5715 0
5715 0
5715 0
5715 156.30052802
5715 0
5715 0
5715 186.98630132
5715 303.33333329
5761 0
5761 2851.2774355
5761 2851.2774355
5761 2851.2774355
5761 2851.2774355
5761 0
5761 66.797079752
5761 0
5761 0
5761 0
5761 0
5761 3812.2601244
5761 3812.2601244
5761 3812.2601244
5761 3812.2601244
5761 3812.2601244
5761 0
5761 76.470588233
5761 0
5761 0
5761 0
5761 0
5761 342.26535954
5761 342.26535954
5761 342.26535954
5761 0
5761 0
5761 0
5761 0
5761 0
5761 0
5761 0
5761 156.30052802
5761 0
5761 0
5761 186.98630132
5761 303.33333329
5804 0
5804 2851.2774355
5804 2851.2774355
5804 2851.2774355
5804 2851.2774355
5804 0
5804 66.797079752
5804 0
5804 0
5804 0
5804 0
5804 3812.2601244
5804 3812.2601244
5804 3812.2601244
5804 3812.2601244
5804 3812.2601244
5804 0
5804 76.470588233
5804 0
5804 0
5804 0
5804 0
5804 342.26535954
5804 342.26535954
5804 342.26535954
5804 0
5804 0
5804 0
5804 0
5804 0
5804 0
5804 0
5804 156.30052802
5804 0
5804 0
5804 186.98630132
5804 303.33333329
5846 0
5846 2851.2774355
5846 2851.2774355
5846 2851.2774355
5846 2851.2774355
5846 0
5846 66.797079752
5846 0
5846 0
5846 0
5846 0
5846 3812.2601244
5846 3812.2601244
5846 3812.2601244
5846 3812.2601244
5846 3812.2601244
5846 0
5846 76.470588233
5846 0
5846 0
5846 0
5846 0
5846 342.26535954
5846 342.26535954
5846 342.26535954
5846 0
5846 0
5846 0
5846 0
5846 0
5846 0
5846 0
5846 156.30052802
5846 0
5846 0
5846 186.98630132
5846 303.33333329
5543 0
5543 2851.2774355
5543 2851.2774355
5543 2851.2774355
5543 2851.2774355
5543 0
5543 66.797079752
5543 0
5543 0
5543 0
5543 0
5543 3812.2601244
5543 3812.2601244
5543 3812.2601244
5543 3812.2601244
5543 3812.2601244
5543 0
5543 76.470588233
5543 0
5543 0
5543 0
5543 0
5543 342.26535954
5543 342.26535954
5543 342.26535954
5543 0
5543 0
5543 0
5543 0
5543 0
5543 0
5543 0
5543 156.30052802
5543 0
5543 0
5543 186.98630132
5543 303.33333329
5582 0
5582 2851.2774355
5582 2851.2774355
5582 2851.2774355
5582 2851.2774355
5582 0
5582 66.797079752
5582 0
5582 0
5582 0
5582 0
5582 3812.2601244
5582 3812.2601244
5582 3812.2601244
5582 3812.2601244
5582 3812.2601244
5582 0
5582 76.470588233
5582 0
5582 0
5582 0
5582 0
5582 342.26535954
5582 342.26535954
5582 342.26535954
5582 0
5582 0
5582 0
5582 0
5582 0
5582 0
5582 0
5582 156.30052802
5582 0
5582 0
5582 186.98630132
5582 303.33333329
5627 0
5627 2851.2774355
5627 2851.2774355
5627 2851.2774355
5627 2851.2774355
5627 0
5627 66.797079752
5627 0
5627 0
5627 0
5627 0
5627 3812.2601244
5627 3812.2601244
5627 3812.2601244
5627 3812.2601244
5627 3812.2601244
5627 0
5627 76.470588233
5627 0
5627 0
5627 0
5627 0
5627 342.26535954
5627 342.26535954
5627 342.26535954
5627 0
5627 0
5627 0
5627 0
5627 0
5627 0
5627 0
5627 156.30052802
5627 0
5627 0
5627 186.98630132
5627 303.33333329
5671 0
5671 2851.2774355
5671 2851.2774355
5671 2851.2774355
5671 2851.2774355
5671 0
5671 66.797079752
5671 0
5671 0
5671 0
5671 0
5671 3812.2601244
5671 3812.2601244
5671 3812.2601244
5671 3812.2601244
5671 3812.2601244
5671 0
5671 76.470588233
5671 0
5671 0
5671 0
5671 0
5671 342.26535954
5671 342.26535954
5671 342.26535954
5671 0
5671 0
5671 0
5671 0
5671 0
5671 0
5671 0
5671 156.30052802
5671 0
5671 0
5671 186.98630132
5671 303.33333329
5716 0
5716 2851.2774355
5716 2851.2774355
5716 2851.2774355
5716 2851.2774355
5716 0
5716 66.797079752
5716 0
5716 0
5716 0
5716 0
5716 3812.2601244
5716 3812.2601244
5716 3812.2601244
5716 3812.2601244
5716 3812.2601244
5716 0
5716 76.470588233
5716 0
5716 0
5716 0
5716 0
5716 342.26535954
5716 342.26535954
5716 342.26535954
5716 0
5716 0
5716 0
5716 0
5716 0
5716 0
5716 0
5716 156.30052802
5716 0
5716 0
5716 186.98630132
5716 303.33333329
5762 0
5762 2851.2774355
5762 2851.2774355
5762 2851.2774355
5762 2851.2774355
5762 0
5762 66.797079752
5762 0
5762 0
5762 0
5762 0
5762 3812.2601244
5762 3812.2601244
5762 3812.2601244
5762 3812.2601244
5762 3812.2601244
5762 0
5762 76.470588233
5762 0
5762 0
5762 0
5762 0
5762 342.26535954
5762 342.26535954
5762 342.26535954
5762 0
5762 0
5762 0
5762 0
5762 0
5762 0
5762 0
5762 156.30052802
5762 0
5762 0
5762 186.98630132
5762 303.33333329
5805 0
5805 2851.2774355
5805 2851.2774355
5805 2851.2774355
5805 2851.2774355
5805 0
5805 66.797079752
5805 0
5805 0
5805 0
5805 0
5805 3812.2601244
5805 3812.2601244
5805 3812.2601244
5805 3812.2601244
5805 3812.2601244
5805 0
5805 76.470588233
5805 0
5805 0
5805 0
5805 0
5805 342.26535954
5805 342.26535954
5805 342.26535954
5805 0
5805 0
5805 0
5805 0
5805 0
5805 0
5805 0
5805 156.30052802
5805 0
5805 0
5805 186.98630132
5805 303.33333329
5505 0
5505 2851.2774355
5505 2851.2774355
5505 2851.2774355
5505 2851.2774355
5505 0
5505 66.797079752
5505 0
5505 0
5505 0
5505 0
5505 3812.2601244
5505 3812.2601244
5505 3812.2601244
5505 3812.2601244
5505 3812.2601244
5505 0
5505 76.470588233
5505 0
5505 0
5505 0
5505 0
5505 342.26535954
5505 342.26535954
5505 342.26535954
5505 0
5505 0
5505 0
5505 0
5505 0
5505 0
5505 0
5505 156.30052802
5505 0
5505 0
5505 186.98630132
5505 303.33333329
5544 0
5544 2851.2774355
5544 2851.2774355
5544 2851.2774355
5544 2851.2774355
5544 0
5544 66.797079752
5544 0
5544 0
5544 0
5544 0
5544 3812.2601244
5544 3812.2601244
5544 3812.2601244
5544 3812.2601244
5544 3812.2601244
5544 0
5544 76.470588233
5544 0
5544 0
5544 0
5544 0
5544 342.26535954
5544 342.26535954
5544 342.26535954
5544 0
5544 0
5544 0
5544 0
5544 0
5544 0
5544 0
5544 156.30052802
5544 0
5544 0
5544 186.98630132
5544 303.33333329
5583 0
5583 2851.2774355
5583 2851.2774355
5583 2851.2774355
5583 2851.2774355
5583 0
5583 66.797079752
5583 0
5583 0
5583 0
5583 0
5583 3812.2601244
5583 3812.2601244
5583 3812.2601244
5583 3812.2601244
5583 3812.2601244
5583 0
5583 76.470588233
5583 0
5583 0
5583 0
5583 0
5583 342.26535954
5583 342.26535954
5583 342.26535954
5583 0
5583 0
5583 0
5583 0
5583 0
5583 0
5583 0
5583 156.30052802
5583 0
5583 0
5583 186.98630132
5583 303.33333329
5628 0
5628 2851.2774355
5628 2851.2774355
5628 2851.2774355
5628 2851.2774355
5628 0
5628 66.797079752
5628 0
5628 0
5628 0
5628 0
5628 3812.2601244
5628 3812.2601244
5628 3812.2601244
5628 3812.2601244
5628 3812.2601244
5628 0
5628 76.470588233
5628 0
5628 0
5628 0
5628 0
5628 342.26535954
5628 342.26535954
5628 342.26535954
5628 0
5628 0
5628 0
5628 0
5628 0
5628 0
5628 0
5628 156.30052802
5628 0
5628 0
5628 186.98630132
5628 303.33333329
5672 0
5672 2851.2774355
5672 2851.2774355
5672 2851.2774355
5672 2851.2774355
5672 0
5672 66.797079752
5672 0
5672 0
5672 0
5672 0
5672 3812.2601244
5672 3812.2601244
5672 3812.2601244
5672 3812.2601244
5672 3812.2601244
5672 0
5672 76.470588233
5672 0
5672 0
5672 0
5672 0
5672 342.26535954
5672 342.26535954
5672 342.26535954
5672 0
5672 0
5672 0
5672 0
5672 0
5672 0
5672 0
5672 156.30052802
5672 0
5672 0
5672 186.98630132
5672 303.33333329
5717 0
5717 2851.2774355
5717 2851.2774355
5717 2851.2774355
5717 2851.2774355
5717 0
5717 66.797079752
5717 0
5717 0
5717 0
5717 0
5717 3812.2601244
5717 3812.2601244
5717 3812.2601244
5717 3812.2601244
5717 3812.2601244
5717 0
5717 76.470588233
5717 0
5717 0
5717 0
5717 0
5717 342.26535954
5717 342.26535954
5717 342.26535954
5717 0
5717 0
5717 0
5717 0
5717 0
5717 0
5717 0
5717 156.30052802
5717 0
5717 0
5717 186.98630132
5717 303.33333329
5763 0
5763 2851.2774355
5763 2851.2774355
5763 2851.2774355
5763 2851.2774355
5763 0
5763 66.797079752
5763 0
5763 0
5763 0
5763 0
5763 3812.2601244
5763 3812.2601244
5763 3812.2601244
5763 3812.2601244
5763 3812.2601244
5763 0
5763 76.470588233
5763 0
5763 0
5763 0
5763 0
5763 342.26535954
5763 342.26535954
5763 342.26535954
5763 0
5763 0
5763 0
5763 0
5763 0
5763 0
5763 0
5763 156.30052802
5763 0
5763 0
5763 186.98630132
5763 303.33333329
5506 0
5506 2851.2774355
5506 2851.2774355
5506 2851.2774355
5506 2851.2774355
5506 0
5506 66.797079752
5506 0
5506 0
5506 0
5506 0
5506 3812.2601244
5506 3812.2601244
5506 3812.2601244
5506 3812.2601244
5506 3812.2601244
5506 0
5506 76.470588233
5506 0
5506 0
5506 0
5506 0
5506 342.26535954
5506 342.26535954
5506 342.26535954
5506 0
5506 0
5506 0
5506 0
5506 0
5506 0
5506 0
5506 156.30052802
5506 0
5506 0
5506 186.98630132
5506 303.33333329
5545 0
5545 2851.2774355
5545 2851.2774355
5545 2851.2774355
5545 2851.2774355
5545 0
5545 66.797079752
5545 0
5545 0
5545 0
5545 0
5545 3812.2601244
5545 3812.2601244
5545 3812.2601244
5545 3812.2601244
5545 3812.2601244
5545 0
5545 76.470588233
5545 0
5545 0
5545 0
5545 0
5545 342.26535954
5545 342.26535954
5545 342.26535954
5545 0
5545 0
5545 0
5545 0
5545 0
5545 0
5545 0
5545 156.30052802
5545 0
5545 0
5545 186.98630132
5545 303.33333329
5584 0
5584 2851.2774355
5584 2851.2774355
5584 2851.2774355
5584 2851.2774355
5584 0
5584 66.797079752
5584 0
5584 0
5584 0
5584 0
5584 3812.2601244
5584 3812.2601244
5584 3812.2601244
5584 3812.2601244
5584 3812.2601244
5584 0
5584 76.470588233
5584 0
5584 0
5584 0
5584 0
5584 342.26535954
5584 342.26535954
5584 342.26535954
5584 0
5584 0
5584 0
5584 0
5584 0
5584 0
5584 0
5584 156.30052802
5584 0
5584 0
5584 186.98630132
5584 303.33333329
5629 0
5629 2851.2774355
5629 2851.2774355
5629 2851.2774355
5629 2851.2774355
5629 0
5629 66.797079752
5629 0
5629 0
5629 0
5629 0
5629 3812.2601244
5629 3812.2601244
5629 3812.2601244
5629 3812.2601244
5629 3812.2601244
5629 0
5629 76.470588233
5629 0
5629 0
5629 0
5629 0
5629 342.26535954
5629 342.26535954
5629 342.26535954
5629 0
5629 0
5629 0
5629 0
5629 0
5629 0
5629 0
5629 156.30052802
5629 0
5629 0
5629 186.98630132
5629 303.33333329
5673 0
5673 2851.2774355
5673 2851.2774355
5673 2851.2774355
5673 2851.2774355
5673 0
5673 66.797079752
5673 0
5673 0
5673 0
5673 0
5673 3812.2601244
5673 3812.2601244
5673 3812.2601244
5673 3812.2601244
5673 3812.2601244
5673 0
5673 76.470588233
5673 0
5673 0
5673 0
5673 0
5673 342.26535954
5673 342.26535954
5673 342.26535954
5673 0
5673 0
5673 0
5673 0
5673 0
5673 0
5673 0
5673 156.30052802
5673 0
5673 0
5673 186.98630132
5673 303.33333329
5718 0
5718 2851.2774355
5718 2851.2774355
5718 2851.2774355
5718 2851.2774355
5718 0
5718 66.797079752
5718 0
5718 0
5718 0
5718 0
5718 3812.2601244
5718 3812.2601244
5718 3812.2601244
5718 3812.2601244
5718 3812.2601244
5718 0
5718 76.470588233
5718 0
5718 0
5718 0
5718 0
5718 342.26535954
5718 342.26535954
5718 342.26535954
5718 0
5718 0
5718 0
5718 0
5718 0
5718 0
5718 0
5718 156.30052802
5718 0
5718 0
5718 186.98630132
5718 303.33333329
5585 0
5585 2851.2774355
5585 2851.2774355
5585 2851.2774355
5585 2851.2774355
5585 0
5585 66.797079752
5585 0
5585 0
5585 0
5585 0
5585 3812.2601244
5585 3812.2601244
5585 3812.2601244
5585 3812.2601244
5585 3812.2601244
5585 0
5585 76.470588233
5585 0
5585 0
5585 0
5585 0
5585 342.26535954
5585 342.26535954
5585 342.26535954
5585 0
5585 0
5585 0
5585 0
5585 0
5585 0
5585 0
5585 156.30052802
5585 0
5585 0
5585 186.98630132
5585 303.33333329
5630 0
5630 2851.2774355
5630 2851.2774355
5630 2851.2774355
5630 2851.2774355
5630 0
5630 66.797079752
5630 0
5630 0
5630 0
5630 0
5630 3812.2601244
5630 3812.2601244
5630 3812.2601244
5630 3812.2601244
5630 3812.2601244
5630 0
5630 76.470588233
5630 0
5630 0
5630 0
5630 0
5630 342.26535954
5630 342.26535954
5630 342.26535954
5630 0
5630 0
5630 0
5630 0
5630 0
5630 0
5630 0
5630 156.30052802
5630 0
5630 0
5630 186.98630132
5630 303.33333329
