pt_graph cpue_kghour
8285 0
8285 219.329033451439
8285 219.329033451439
8285 219.329033451439
8285 219.329033451439
8285 0
8285 5.13823690395699
8285 0
8285 0
8285 0
8285 0
8285 293.250778836186
8285 293.250778836186
8285 293.250778836186
8285 293.250778836186
8285 293.250778836186
8285 0
8285 5.88235294117647
8285 0
8285 0
8285 0
8285 0
8285 26.3281045751634
8285 26.3281045751634
8285 26.3281045751634
8285 0
8285 0
8285 0
8285 0
8285 0
8285 0
8285 0
8285 12.0231175364883
8285 0
8285 0
8285 0
8285 23.3333333333333
8373 0
8373 219.329033451439
8373 219.329033451439
8373 219.329033451439
8373 219.329033451439
8373 0
8373 5.13823690395699
8373 0
8373 0
8373 0
8373 0
8373 293.250778836186
8373 293.250778836186
8373 293.250778836186
8373 293.250778836186
8373 293.250778836186
8373 0
8373 5.88235294117647
8373 0
8373 0
8373 0
8373 0
8373 26.3281045751634
8373 26.3281045751634
8373 26.3281045751634
8373 0
8373 0
8373 0
8373 0
8373 0
8373 0
8373 0
8373 12.0231175364883
8373 0
8373 0
8373 0
8373 23.3333333333333
8466 0
8466 219.329033451439
8466 219.329033451439
8466 219.329033451439
8466 219.329033451439
8466 0
8466 5.13823690395699
8466 0
8466 0
8466 0
8466 0
8466 293.250778836186
8466 293.250778836186
8466 293.250778836186
8466 293.250778836186
8466 293.250778836186
8466 0
8466 5.88235294117647
8466 0
8466 0
8466 0
8466 0
8466 26.3281045751634
8466 26.3281045751634
8466 26.3281045751634
8466 0
8466 0
8466 0
8466 0
8466 0
8466 0
8466 0
8466 12.0231175364883
8466 0
8466 0
8466 0
8466 23.3333333333333
8562 0
8562 219.329033451439
8562 219.329033451439
8562 219.329033451439
8562 219.329033451439
8562 0
8562 5.13823690395699
8562 0
8562 0
8562 0
8562 0
8562 293.250778836186
8562 293.250778836186
8562 293.250778836186
8562 293.250778836186
8562 293.250778836186
8562 0
8562 5.88235294117647
8562 0
8562 0
8562 0
8562 0
8562 26.3281045751634
8562 26.3281045751634
8562 26.3281045751634
8562 0
8562 0
8562 0
8562 0
8562 0
8562 0
8562 0
8562 12.0231175364883
8562 0
8562 0
8562 0
8562 23.3333333333333
8662 0
8662 219.329033451439
8662 219.329033451439
8662 219.329033451439
8662 219.329033451439
8662 0
8662 5.13823690395699
8662 0
8662 0
8662 0
8662 0
8662 293.250778836186
8662 293.250778836186
8662 293.250778836186
8662 293.250778836186
8662 293.250778836186
8662 0
8662 5.88235294117647
8662 0
8662 0
8662 0
8662 0
8662 26.3281045751634
8662 26.3281045751634
8662 26.3281045751634
8662 0
8662 0
8662 0
8662 0
8662 0
8662 0
8662 0
8662 12.0231175364883
8662 0
8662 0
8662 0
8662 23.3333333333333
8768 0
8768 219.329033451439
8768 219.329033451439
8768 219.329033451439
8768 219.329033451439
8768 0
8768 5.13823690395699
8768 0
8768 0
8768 0
8768 0
8768 293.250778836186
8768 293.250778836186
8768 293.250778836186
8768 293.250778836186
8768 293.250778836186
8768 0
8768 5.88235294117647
8768 0
8768 0
8768 0
8768 0
8768 26.3281045751634
8768 26.3281045751634
8768 26.3281045751634
8768 0
8768 0
8768 0
8768 0
8768 0
8768 0
8768 0
8768 12.0231175364883
8768 0
8768 0
8768 0
8768 23.3333333333333
8467 0
8467 219.329033451439
8467 219.329033451439
8467 219.329033451439
8467 219.329033451439
8467 0
8467 5.13823690395699
8467 0
8467 0
8467 0
8467 0
8467 293.250778836186
8467 293.250778836186
8467 293.250778836186
8467 293.250778836186
8467 293.250778836186
8467 0
8467 5.88235294117647
8467 0
8467 0
8467 0
8467 0
8467 26.3281045751634
8467 26.3281045751634
8467 26.3281045751634
8467 0
8467 0
8467 0
8467 0
8467 0
8467 0
8467 0
8467 12.0231175364883
8467 0
8467 0
8467 0
8467 23.3333333333333
8563 0
8563 219.329033451439
8563 219.329033451439
8563 219.329033451439
8563 219.329033451439
8563 0
8563 5.13823690395699
8563 0
8563 0
8563 0
8563 0
8563 293.250778836186
8563 293.250778836186
8563 293.250778836186
8563 293.250778836186
8563 293.250778836186
8563 0
8563 5.88235294117647
8563 0
8563 0
8563 0
8563 0
8563 26.3281045751634
8563 26.3281045751634
8563 26.3281045751634
8563 0
8563 0
8563 0
8563 0
8563 0
8563 0
8563 0
8563 12.0231175364883
8563 0
8563 0
8563 0
8563 23.3333333333333
8663 0
8663 219.329033451439
8663 219.329033451439
8663 219.329033451439
8663 219.329033451439
8663 0
8663 5.13823690395699
8663 0
8663 0
8663 0
8663 0
8663 293.250778836186
8663 293.250778836186
8663 293.250778836186
8663 293.250778836186
8663 293.250778836186
8663 0
8663 5.88235294117647
8663 0
8663 0
8663 0
8663 0
8663 26.3281045751634
8663 26.3281045751634
8663 26.3281045751634
8663 0
8663 0
8663 0
8663 0
8663 0
8663 0
8663 0
8663 12.0231175364883
8663 0
8663 0
8663 0
8663 23.3333333333333
8769 0
8769 219.329033451439
8769 219.329033451439
8769 219.329033451439
8769 219.329033451439
8769 0
8769 5.13823690395699
8769 0
8769 0
8769 0
8769 0
8769 293.250778836186
8769 293.250778836186
8769 293.250778836186
8769 293.250778836186
8769 293.250778836186
8769 0
8769 5.88235294117647
8769 0
8769 0
8769 0
8769 0
8769 26.3281045751634
8769 26.3281045751634
8769 26.3281045751634
8769 0
8769 0
8769 0
8769 0
8769 0
8769 0
8769 0
8769 12.0231175364883
8769 0
8769 0
8769 0
8769 23.3333333333333
8877 0
8877 219.329033451439
8877 219.329033451439
8877 219.329033451439
8877 219.329033451439
8877 0
8877 5.13823690395699
8877 0
8877 0
8877 0
8877 0
8877 293.250778836186
8877 293.250778836186
8877 293.250778836186
8877 293.250778836186
8877 293.250778836186
8877 0
8877 5.88235294117647
8877 0
8877 0
8877 0
8877 0
8877 26.3281045751634
8877 26.3281045751634
8877 26.3281045751634
8877 0
8877 0
8877 0
8877 0
8877 0
8877 0
8877 0
8877 12.0231175364883
8877 0
8877 0
8877 0
8877 23.3333333333333
8989 0
8989 219.329033451439
8989 219.329033451439
8989 219.329033451439
8989 219.329033451439
8989 0
8989 5.13823690395699
8989 0
8989 0
8989 0
8989 0
8989 293.250778836186
8989 293.250778836186
8989 293.250778836186
8989 293.250778836186
8989 293.250778836186
8989 0
8989 5.88235294117647
8989 0
8989 0
8989 0
8989 0
8989 26.3281045751634
8989 26.3281045751634
8989 26.3281045751634
8989 0
8989 0
8989 0
8989 0
8989 0
8989 0
8989 0
8989 12.0231175364883
8989 0
8989 0
8989 0
8989 23.3333333333333
8374 0
8374 219.329033451439
8374 219.329033451439
8374 219.329033451439
8374 219.329033451439
8374 0
8374 5.13823690395699
8374 0
8374 0
8374 0
8374 0
8374 293.250778836186
8374 293.250778836186
8374 293.250778836186
8374 293.250778836186
8374 293.250778836186
8374 0
8374 5.88235294117647
8374 0
8374 0
8374 0
8374 0
8374 26.3281045751634
8374 26.3281045751634
8374 26.3281045751634
8374 0
8374 0
8374 0
8374 0
8374 0
8374 0
8374 0
8374 12.0231175364883
8374 0
8374 0
8374 0
8374 23.3333333333333
8468 0
8468 219.329033451439
8468 219.329033451439
8468 219.329033451439
8468 219.329033451439
8468 0
8468 5.13823690395699
8468 0
8468 0
8468 0
8468 0
8468 293.250778836186
8468 293.250778836186
8468 293.250778836186
8468 293.250778836186
8468 293.250778836186
8468 0
8468 5.88235294117647
8468 0
8468 0
8468 0
8468 0
8468 26.3281045751634
8468 26.3281045751634
8468 26.3281045751634
8468 0
8468 0
8468 0
8468 0
8468 0
8468 0
8468 0
8468 12.0231175364883
8468 0
8468 0
8468 0
8468 23.3333333333333
8564 0
8564 219.329033451439
8564 219.329033451439
8564 219.329033451439
8564 219.329033451439
8564 0
8564 5.13823690395699
8564 0
8564 0
8564 0
8564 0
8564 293.250778836186
8564 293.250778836186
8564 293.250778836186
8564 293.250778836186
8564 293.250778836186
8564 0
8564 5.88235294117647
8564 0
8564 0
8564 0
8564 0
8564 26.3281045751634
8564 26.3281045751634
8564 26.3281045751634
8564 0
8564 0
8564 0
8564 0
8564 0
8564 0
8564 0
8564 12.0231175364883
8564 0
8564 0
8564 0
8564 23.3333333333333
8664 0
8664 219.329033451439
8664 219.329033451439
8664 219.329033451439
8664 219.329033451439
8664 0
8664 5.13823690395699
8664 0
8664 0
8664 0
8664 0
8664 293.250778836186
8664 293.250778836186
8664 293.250778836186
8664 293.250778836186
8664 293.250778836186
8664 0
8664 5.88235294117647
8664 0
8664 0
8664 0
8664 0
8664 26.3281045751634
8664 26.3281045751634
8664 26.3281045751634
8664 0
8664 0
8664 0
8664 0
8664 0
8664 0
8664 0
8664 12.0231175364883
8664 0
8664 0
8664 0
8664 23.3333333333333
8770 0
8770 219.329033451439
8770 219.329033451439
8770 219.329033451439
8770 219.329033451439
8770 0
8770 5.13823690395699
8770 0
8770 0
8770 0
8770 0
8770 293.250778836186
8770 293.250778836186
8770 293.250778836186
8770 293.250778836186
8770 293.250778836186
8770 0
8770 5.88235294117647
8770 0
8770 0
8770 0
8770 0
8770 26.3281045751634
8770 26.3281045751634
8770 26.3281045751634
8770 0
8770 0
8770 0
8770 0
8770 0
8770 0
8770 0
8770 12.0231175364883
8770 0
8770 0
8770 0
8770 23.3333333333333
8878 0
8878 219.329033451439
8878 219.329033451439
8878 219.329033451439
8878 219.329033451439
8878 0
8878 5.13823690395699
8878 0
8878 0
8878 0
8878 0
8878 293.250778836186
8878 293.250778836186
8878 293.250778836186
8878 293.250778836186
8878 293.250778836186
8878 0
8878 5.88235294117647
8878 0
8878 0
8878 0
8878 0
8878 26.3281045751634
8878 26.3281045751634
8878 26.3281045751634
8878 0
8878 0
8878 0
8878 0
8878 0
8878 0
8878 0
8878 12.0231175364883
8878 0
8878 0
8878 0
8878 23.3333333333333
8990 0
8990 219.329033451439
8990 219.329033451439
8990 219.329033451439
8990 219.329033451439
8990 0
8990 5.13823690395699
8990 0
8990 0
8990 0
8990 0
8990 293.250778836186
8990 293.250778836186
8990 293.250778836186
8990 293.250778836186
8990 293.250778836186
8990 0
8990 5.88235294117647
8990 0
8990 0
8990 0
8990 0
8990 26.3281045751634
8990 26.3281045751634
8990 26.3281045751634
8990 0
8990 0
8990 0
8990 0
8990 0
8990 0
8990 0
8990 12.0231175364883
8990 0
8990 0
8990 0
8990 23.3333333333333
9106 0
9106 219.329033451439
9106 219.329033451439
9106 219.329033451439
9106 219.329033451439
9106 0
9106 5.13823690395699
9106 0
9106 0
9106 0
9106 0
9106 293.250778836186
9106 293.250778836186
9106 293.250778836186
9106 293.250778836186
9106 293.250778836186
9106 0
9106 5.88235294117647
9106 0
9106 0
9106 0
9106 0
9106 26.3281045751634
9106 26.3281045751634
9106 26.3281045751634
9106 0
9106 0
9106 0
9106 0
9106 0
9106 0
9106 0
9106 12.0231175364883
9106 0
9106 0
9106 0
9106 23.3333333333333
8375 0
8375 219.329033451439
8375 219.329033451439
8375 219.329033451439
8375 219.329033451439
8375 0
8375 5.13823690395699
8375 0
8375 0
8375 0
8375 0
8375 293.250778836186
8375 293.250778836186
8375 293.250778836186
8375 293.250778836186
8375 293.250778836186
8375 0
8375 5.88235294117647
8375 0
8375 0
8375 0
8375 0
8375 26.3281045751634
8375 26.3281045751634
8375 26.3281045751634
8375 0
8375 0
8375 0
8375 0
8375 0
8375 0
8375 0
8375 12.0231175364883
8375 0
8375 0
8375 0
8375 23.3333333333333
8469 0
8469 219.329033451439
8469 219.329033451439
8469 219.329033451439
8469 219.329033451439
8469 0
8469 5.13823690395699
8469 0
8469 0
8469 0
8469 0
8469 293.250778836186
8469 293.250778836186
8469 293.250778836186
8469 293.250778836186
8469 293.250778836186
8469 0
8469 5.88235294117647
8469 0
8469 0
8469 0
8469 0
8469 26.3281045751634
8469 26.3281045751634
8469 26.3281045751634
8469 0
8469 0
8469 0
8469 0
8469 0
8469 0
8469 0
8469 12.0231175364883
8469 0
8469 0
8469 0
8469 23.3333333333333
8565 0
8565 219.329033451439
8565 219.329033451439
8565 219.329033451439
8565 219.329033451439
8565 0
8565 5.13823690395699
8565 0
8565 0
8565 0
8565 0
8565 293.250778836186
8565 293.250778836186
8565 293.250778836186
8565 293.250778836186
8565 293.250778836186
8565 0
8565 5.88235294117647
8565 0
8565 0
8565 0
8565 0
8565 26.3281045751634
8565 26.3281045751634
8565 26.3281045751634
8565 0
8565 0
8565 0
8565 0
8565 0
8565 0
8565 0
8565 12.0231175364883
8565 0
8565 0
8565 0
8565 23.3333333333333
8665 0
8665 219.329033451439
8665 219.329033451439
8665 219.329033451439
8665 219.329033451439
8665 0
8665 5.13823690395699
8665 0
8665 0
8665 0
8665 0
8665 293.250778836186
8665 293.250778836186
8665 293.250778836186
8665 293.250778836186
8665 293.250778836186
8665 0
8665 5.88235294117647
8665 0
8665 0
8665 0
8665 0
8665 26.3281045751634
8665 26.3281045751634
8665 26.3281045751634
8665 0
8665 0
8665 0
8665 0
8665 0
8665 0
8665 0
8665 12.0231175364883
8665 0
8665 0
8665 0
8665 23.3333333333333
8771 0
8771 219.329033451439
8771 219.329033451439
8771 219.329033451439
8771 219.329033451439
8771 0
8771 5.13823690395699
8771 0
8771 0
8771 0
8771 0
8771 293.250778836186
8771 293.250778836186
8771 293.250778836186
8771 293.250778836186
8771 293.250778836186
8771 0
8771 5.88235294117647
8771 0
8771 0
8771 0
8771 0
8771 26.3281045751634
8771 26.3281045751634
8771 26.3281045751634
8771 0
8771 0
8771 0
8771 0
8771 0
8771 0
8771 0
8771 12.0231175364883
8771 0
8771 0
8771 0
8771 23.3333333333333
8879 0
8879 219.329033451439
8879 219.329033451439
8879 219.329033451439
8879 219.329033451439
8879 0
8879 5.13823690395699
8879 0
8879 0
8879 0
8879 0
8879 293.250778836186
8879 293.250778836186
8879 293.250778836186
8879 293.250778836186
8879 293.250778836186
8879 0
8879 5.88235294117647
8879 0
8879 0
8879 0
8879 0
8879 26.3281045751634
8879 26.3281045751634
8879 26.3281045751634
8879 0
8879 0
8879 0
8879 0
8879 0
8879 0
8879 0
8879 12.0231175364883
8879 0
8879 0
8879 0
8879 23.3333333333333
8991 0
8991 219.329033451439
8991 219.329033451439
8991 219.329033451439
8991 219.329033451439
8991 0
8991 5.13823690395699
8991 0
8991 0
8991 0
8991 0
8991 293.250778836186
8991 293.250778836186
8991 293.250778836186
8991 293.250778836186
8991 293.250778836186
8991 0
8991 5.88235294117647
8991 0
8991 0
8991 0
8991 0
8991 26.3281045751634
8991 26.3281045751634
8991 26.3281045751634
8991 0
8991 0
8991 0
8991 0
8991 0
8991 0
8991 0
8991 12.0231175364883
8991 0
8991 0
8991 0
8991 23.3333333333333
8286 0
8286 219.329033451439
8286 219.329033451439
8286 219.329033451439
8286 219.329033451439
8286 0
8286 5.13823690395699
8286 0
8286 0
8286 0
8286 0
8286 293.250778836186
8286 293.250778836186
8286 293.250778836186
8286 293.250778836186
8286 293.250778836186
8286 0
8286 5.88235294117647
8286 0
8286 0
8286 0
8286 0
8286 26.3281045751634
8286 26.3281045751634
8286 26.3281045751634
8286 0
8286 0
8286 0
8286 0
8286 0
8286 0
8286 0
8286 12.0231175364883
8286 0
8286 0
8286 0
8286 23.3333333333333
8376 0
8376 219.329033451439
8376 219.329033451439
8376 219.329033451439
8376 219.329033451439
8376 0
8376 5.13823690395699
8376 0
8376 0
8376 0
8376 0
8376 293.250778836186
8376 293.250778836186
8376 293.250778836186
8376 293.250778836186
8376 293.250778836186
8376 0
8376 5.88235294117647
8376 0
8376 0
8376 0
8376 0
8376 26.3281045751634
8376 26.3281045751634
8376 26.3281045751634
8376 0
8376 0
8376 0
8376 0
8376 0
8376 0
8376 0
8376 12.0231175364883
8376 0
8376 0
8376 0
8376 23.3333333333333
8470 0
8470 219.329033451439
8470 219.329033451439
8470 219.329033451439
8470 219.329033451439
8470 0
8470 5.13823690395699
8470 0
8470 0
8470 0
8470 0
8470 293.250778836186
8470 293.250778836186
8470 293.250778836186
8470 293.250778836186
8470 293.250778836186
8470 0
8470 5.88235294117647
8470 0
8470 0
8470 0
8470 0
8470 26.3281045751634
8470 26.3281045751634
8470 26.3281045751634
8470 0
8470 0
8470 0
8470 0
8470 0
8470 0
8470 0
8470 12.0231175364883
8470 0
8470 0
8470 0
8470 23.3333333333333
8566 0
8566 219.329033451439
8566 219.329033451439
8566 219.329033451439
8566 219.329033451439
8566 0
8566 5.13823690395699
8566 0
8566 0
8566 0
8566 0
8566 293.250778836186
8566 293.250778836186
8566 293.250778836186
8566 293.250778836186
8566 293.250778836186
8566 0
8566 5.88235294117647
8566 0
8566 0
8566 0
8566 0
8566 26.3281045751634
8566 26.3281045751634
8566 26.3281045751634
8566 0
8566 0
8566 0
8566 0
8566 0
8566 0
8566 0
8566 12.0231175364883
8566 0
8566 0
8566 0
8566 23.3333333333333
8666 0
8666 219.329033451439
8666 219.329033451439
8666 219.329033451439
8666 219.329033451439
8666 0
8666 5.13823690395699
8666 0
8666 0
8666 0
8666 0
8666 293.250778836186
8666 293.250778836186
8666 293.250778836186
8666 293.250778836186
8666 293.250778836186
8666 0
8666 5.88235294117647
8666 0
8666 0
8666 0
8666 0
8666 26.3281045751634
8666 26.3281045751634
8666 26.3281045751634
8666 0
8666 0
8666 0
8666 0
8666 0
8666 0
8666 0
8666 12.0231175364883
8666 0
8666 0
8666 0
8666 23.3333333333333
8772 0
8772 219.329033451439
8772 219.329033451439
8772 219.329033451439
8772 219.329033451439
8772 0
8772 5.13823690395699
8772 0
8772 0
8772 0
8772 0
8772 293.250778836186
8772 293.250778836186
8772 293.250778836186
8772 293.250778836186
8772 293.250778836186
8772 0
8772 5.88235294117647
8772 0
8772 0
8772 0
8772 0
8772 26.3281045751634
8772 26.3281045751634
8772 26.3281045751634
8772 0
8772 0
8772 0
8772 0
8772 0
8772 0
8772 0
8772 12.0231175364883
8772 0
8772 0
8772 0
8772 23.3333333333333
8880 0
8880 219.329033451439
8880 219.329033451439
8880 219.329033451439
8880 219.329033451439
8880 0
8880 5.13823690395699
8880 0
8880 0
8880 0
8880 0
8880 293.250778836186
8880 293.250778836186
8880 293.250778836186
8880 293.250778836186
8880 293.250778836186
8880 0
8880 5.88235294117647
8880 0
8880 0
8880 0
8880 0
8880 26.3281045751634
8880 26.3281045751634
8880 26.3281045751634
8880 0
8880 0
8880 0
8880 0
8880 0
8880 0
8880 0
8880 12.0231175364883
8880 0
8880 0
8880 0
8880 23.3333333333333
8992 0
8992 219.329033451439
8992 219.329033451439
8992 219.329033451439
8992 219.329033451439
8992 0
8992 5.13823690395699
8992 0
8992 0
8992 0
8992 0
8992 293.250778836186
8992 293.250778836186
8992 293.250778836186
8992 293.250778836186
8992 293.250778836186
8992 0
8992 5.88235294117647
8992 0
8992 0
8992 0
8992 0
8992 26.3281045751634
8992 26.3281045751634
8992 26.3281045751634
8992 0
8992 0
8992 0
8992 0
8992 0
8992 0
8992 0
8992 12.0231175364883
8992 0
8992 0
8992 0
8992 23.3333333333333
37602 0
37602 219.329033451439
37602 219.329033451439
37602 219.329033451439
37602 219.329033451439
37602 0
37602 5.13823690395699
37602 0
37602 0
37602 0
37602 0
37602 293.250778836186
37602 293.250778836186
37602 293.250778836186
37602 293.250778836186
37602 293.250778836186
37602 0
37602 5.88235294117647
37602 0
37602 0
37602 0
37602 0
37602 26.3281045751634
37602 26.3281045751634
37602 26.3281045751634
37602 0
37602 0
37602 0
37602 0
37602 0
37602 0
37602 0
37602 12.0231175364883
37602 0
37602 0
37602 0
37602 23.3333333333333
8377 0
8377 219.329033451439
8377 219.329033451439
8377 219.329033451439
8377 219.329033451439
8377 0
8377 5.13823690395699
8377 0
8377 0
8377 0
8377 0
8377 293.250778836186
8377 293.250778836186
8377 293.250778836186
8377 293.250778836186
8377 293.250778836186
8377 0
8377 5.88235294117647
8377 0
8377 0
8377 0
8377 0
8377 26.3281045751634
8377 26.3281045751634
8377 26.3281045751634
8377 0
8377 0
8377 0
8377 0
8377 0
8377 0
8377 0
8377 12.0231175364883
8377 0
8377 0
8377 0
8377 23.3333333333333
8471 0
8471 219.329033451439
8471 219.329033451439
8471 219.329033451439
8471 219.329033451439
8471 0
8471 5.13823690395699
8471 0
8471 0
8471 0
8471 0
8471 293.250778836186
8471 293.250778836186
8471 293.250778836186
8471 293.250778836186
8471 293.250778836186
8471 0
8471 5.88235294117647
8471 0
8471 0
8471 0
8471 0
8471 26.3281045751634
8471 26.3281045751634
8471 26.3281045751634
8471 0
8471 0
8471 0
8471 0
8471 0
8471 0
8471 0
8471 12.0231175364883
8471 0
8471 0
8471 0
8471 23.3333333333333
8567 0
8567 219.329033451439
8567 219.329033451439
8567 219.329033451439
8567 219.329033451439
8567 0
8567 5.13823690395699
8567 0
8567 0
8567 0
8567 0
8567 293.250778836186
8567 293.250778836186
8567 293.250778836186
8567 293.250778836186
8567 293.250778836186
8567 0
8567 5.88235294117647
8567 0
8567 0
8567 0
8567 0
8567 26.3281045751634
8567 26.3281045751634
8567 26.3281045751634
8567 0
8567 0
8567 0
8567 0
8567 0
8567 0
8567 0
8567 12.0231175364883
8567 0
8567 0
8567 0
8567 23.3333333333333
8667 0
8667 219.329033451439
8667 219.329033451439
8667 219.329033451439
8667 219.329033451439
8667 0
8667 5.13823690395699
8667 0
8667 0
8667 0
8667 0
8667 293.250778836186
8667 293.250778836186
8667 293.250778836186
8667 293.250778836186
8667 293.250778836186
8667 0
8667 5.88235294117647
8667 0
8667 0
8667 0
8667 0
8667 26.3281045751634
8667 26.3281045751634
8667 26.3281045751634
8667 0
8667 0
8667 0
8667 0
8667 0
8667 0
8667 0
8667 12.0231175364883
8667 0
8667 0
8667 0
8667 23.3333333333333
8773 0
8773 219.329033451439
8773 219.329033451439
8773 219.329033451439
8773 219.329033451439
8773 0
8773 5.13823690395699
8773 0
8773 0
8773 0
8773 0
8773 293.250778836186
8773 293.250778836186
8773 293.250778836186
8773 293.250778836186
8773 293.250778836186
8773 0
8773 5.88235294117647
8773 0
8773 0
8773 0
8773 0
8773 26.3281045751634
8773 26.3281045751634
8773 26.3281045751634
8773 0
8773 0
8773 0
8773 0
8773 0
8773 0
8773 0
8773 12.0231175364883
8773 0
8773 0
8773 0
8773 23.3333333333333
8881 0
8881 219.329033451439
8881 219.329033451439
8881 219.329033451439
8881 219.329033451439
8881 0
8881 5.13823690395699
8881 0
8881 0
8881 0
8881 0
8881 293.250778836186
8881 293.250778836186
8881 293.250778836186
8881 293.250778836186
8881 293.250778836186
8881 0
8881 5.88235294117647
8881 0
8881 0
8881 0
8881 0
8881 26.3281045751634
8881 26.3281045751634
8881 26.3281045751634
8881 0
8881 0
8881 0
8881 0
8881 0
8881 0
8881 0
8881 12.0231175364883
8881 0
8881 0
8881 0
8881 23.3333333333333
8993 0
8993 219.329033451439
8993 219.329033451439
8993 219.329033451439
8993 219.329033451439
8993 0
8993 5.13823690395699
8993 0
8993 0
8993 0
8993 0
8993 293.250778836186
8993 293.250778836186
8993 293.250778836186
8993 293.250778836186
8993 293.250778836186
8993 0
8993 5.88235294117647
8993 0
8993 0
8993 0
8993 0
8993 26.3281045751634
8993 26.3281045751634
8993 26.3281045751634
8993 0
8993 0
8993 0
8993 0
8993 0
8993 0
8993 0
8993 12.0231175364883
8993 0
8993 0
8993 0
8993 23.3333333333333
9109 0
9109 219.329033451439
9109 219.329033451439
9109 219.329033451439
9109 219.329033451439
9109 0
9109 5.13823690395699
9109 0
9109 0
9109 0
9109 0
9109 293.250778836186
9109 293.250778836186
9109 293.250778836186
9109 293.250778836186
9109 293.250778836186
9109 0
9109 5.88235294117647
9109 0
9109 0
9109 0
9109 0
9109 26.3281045751634
9109 26.3281045751634
9109 26.3281045751634
9109 0
9109 0
9109 0
9109 0
9109 0
9109 0
9109 0
9109 12.0231175364883
9109 0
9109 0
9109 0
9109 23.3333333333333
8287 0
8287 219.329033451439
8287 219.329033451439
8287 219.329033451439
8287 219.329033451439
8287 0
8287 5.13823690395699
8287 0
8287 0
8287 0
8287 0
8287 293.250778836186
8287 293.250778836186
8287 293.250778836186
8287 293.250778836186
8287 293.250778836186
8287 0
8287 5.88235294117647
8287 0
8287 0
8287 0
8287 0
8287 26.3281045751634
8287 26.3281045751634
8287 26.3281045751634
8287 0
8287 0
8287 0
8287 0
8287 0
8287 0
8287 0
8287 12.0231175364883
8287 0
8287 0
8287 0
8287 23.3333333333333
8378 0
8378 219.329033451439
8378 219.329033451439
8378 219.329033451439
8378 219.329033451439
8378 0
8378 5.13823690395699
8378 0
8378 0
8378 0
8378 0
8378 293.250778836186
8378 293.250778836186
8378 293.250778836186
8378 293.250778836186
8378 293.250778836186
8378 0
8378 5.88235294117647
8378 0
8378 0
8378 0
8378 0
8378 26.3281045751634
8378 26.3281045751634
8378 26.3281045751634
8378 0
8378 0
8378 0
8378 0
8378 0
8378 0
8378 0
8378 12.0231175364883
8378 0
8378 0
8378 0
8378 23.3333333333333
8472 0
8472 219.329033451439
8472 219.329033451439
8472 219.329033451439
8472 219.329033451439
8472 0
8472 5.13823690395699
8472 0
8472 0
8472 0
8472 0
8472 293.250778836186
8472 293.250778836186
8472 293.250778836186
8472 293.250778836186
8472 293.250778836186
8472 0
8472 5.88235294117647
8472 0
8472 0
8472 0
8472 0
8472 26.3281045751634
8472 26.3281045751634
8472 26.3281045751634
8472 0
8472 0
8472 0
8472 0
8472 0
8472 0
8472 0
8472 12.0231175364883
8472 0
8472 0
8472 0
8472 23.3333333333333
8568 0
8568 219.329033451439
8568 219.329033451439
8568 219.329033451439
8568 219.329033451439
8568 0
8568 5.13823690395699
8568 0
8568 0
8568 0
8568 0
8568 293.250778836186
8568 293.250778836186
8568 293.250778836186
8568 293.250778836186
8568 293.250778836186
8568 0
8568 5.88235294117647
8568 0
8568 0
8568 0
8568 0
8568 26.3281045751634
8568 26.3281045751634
8568 26.3281045751634
8568 0
8568 0
8568 0
8568 0
8568 0
8568 0
8568 0
8568 12.0231175364883
8568 0
8568 0
8568 0
8568 23.3333333333333
8668 0
8668 219.329033451439
8668 219.329033451439
8668 219.329033451439
8668 219.329033451439
8668 0
8668 5.13823690395699
8668 0
8668 0
8668 0
8668 0
8668 293.250778836186
8668 293.250778836186
8668 293.250778836186
8668 293.250778836186
8668 293.250778836186
8668 0
8668 5.88235294117647
8668 0
8668 0
8668 0
8668 0
8668 26.3281045751634
8668 26.3281045751634
8668 26.3281045751634
8668 0
8668 0
8668 0
8668 0
8668 0
8668 0
8668 0
8668 12.0231175364883
8668 0
8668 0
8668 0
8668 23.3333333333333
8774 0
8774 219.329033451439
8774 219.329033451439
8774 219.329033451439
8774 219.329033451439
8774 0
8774 5.13823690395699
8774 0
8774 0
8774 0
8774 0
8774 293.250778836186
8774 293.250778836186
8774 293.250778836186
8774 293.250778836186
8774 293.250778836186
8774 0
8774 5.88235294117647
8774 0
8774 0
8774 0
8774 0
8774 26.3281045751634
8774 26.3281045751634
8774 26.3281045751634
8774 0
8774 0
8774 0
8774 0
8774 0
8774 0
8774 0
8774 12.0231175364883
8774 0
8774 0
8774 0
8774 23.3333333333333
8882 0
8882 219.329033451439
8882 219.329033451439
8882 219.329033451439
8882 219.329033451439
8882 0
8882 5.13823690395699
8882 0
8882 0
8882 0
8882 0
8882 293.250778836186
8882 293.250778836186
8882 293.250778836186
8882 293.250778836186
8882 293.250778836186
8882 0
8882 5.88235294117647
8882 0
8882 0
8882 0
8882 0
8882 26.3281045751634
8882 26.3281045751634
8882 26.3281045751634
8882 0
8882 0
8882 0
8882 0
8882 0
8882 0
8882 0
8882 12.0231175364883
8882 0
8882 0
8882 0
8882 23.3333333333333
8994 0
8994 219.329033451439
8994 219.329033451439
8994 219.329033451439
8994 219.329033451439
8994 0
8994 5.13823690395699
8994 0
8994 0
8994 0
8994 0
8994 293.250778836186
8994 293.250778836186
8994 293.250778836186
8994 293.250778836186
8994 293.250778836186
8994 0
8994 5.88235294117647
8994 0
8994 0
8994 0
8994 0
8994 26.3281045751634
8994 26.3281045751634
8994 26.3281045751634
8994 0
8994 0
8994 0
8994 0
8994 0
8994 0
8994 0
8994 12.0231175364883
8994 0
8994 0
8994 0
8994 23.3333333333333
9110 0
9110 219.329033451439
9110 219.329033451439
9110 219.329033451439
9110 219.329033451439
9110 0
9110 5.13823690395699
9110 0
9110 0
9110 0
9110 0
9110 293.250778836186
9110 293.250778836186
9110 293.250778836186
9110 293.250778836186
9110 293.250778836186
9110 0
9110 5.88235294117647
9110 0
9110 0
9110 0
9110 0
9110 26.3281045751634
9110 26.3281045751634
9110 26.3281045751634
9110 0
9110 0
9110 0
9110 0
9110 0
9110 0
9110 0
9110 12.0231175364883
9110 0
9110 0
9110 0
9110 23.3333333333333
9232 0
9232 219.329033451439
9232 219.329033451439
9232 219.329033451439
9232 219.329033451439
9232 0
9232 5.13823690395699
9232 0
9232 0
9232 0
9232 0
9232 293.250778836186
9232 293.250778836186
9232 293.250778836186
9232 293.250778836186
9232 293.250778836186
9232 0
9232 5.88235294117647
9232 0
9232 0
9232 0
9232 0
9232 26.3281045751634
9232 26.3281045751634
9232 26.3281045751634
9232 0
9232 0
9232 0
9232 0
9232 0
9232 0
9232 0
9232 12.0231175364883
9232 0
9232 0
9232 0
9232 23.3333333333333
8379 0
8379 219.329033451439
8379 219.329033451439
8379 219.329033451439
8379 219.329033451439
8379 0
8379 5.13823690395699
8379 0
8379 0
8379 0
8379 0
8379 293.250778836186
8379 293.250778836186
8379 293.250778836186
8379 293.250778836186
8379 293.250778836186
8379 0
8379 5.88235294117647
8379 0
8379 0
8379 0
8379 0
8379 26.3281045751634
8379 26.3281045751634
8379 26.3281045751634
8379 0
8379 0
8379 0
8379 0
8379 0
8379 0
8379 0
8379 12.0231175364883
8379 0
8379 0
8379 0
8379 23.3333333333333
8473 0
8473 219.329033451439
8473 219.329033451439
8473 219.329033451439
8473 219.329033451439
8473 0
8473 5.13823690395699
8473 0
8473 0
8473 0
8473 0
8473 293.250778836186
8473 293.250778836186
8473 293.250778836186
8473 293.250778836186
8473 293.250778836186
8473 0
8473 5.88235294117647
8473 0
8473 0
8473 0
8473 0
8473 26.3281045751634
8473 26.3281045751634
8473 26.3281045751634
8473 0
8473 0
8473 0
8473 0
8473 0
8473 0
8473 0
8473 12.0231175364883
8473 0
8473 0
8473 0
8473 23.3333333333333
8569 0
8569 219.329033451439
8569 219.329033451439
8569 219.329033451439
8569 219.329033451439
8569 0
8569 5.13823690395699
8569 0
8569 0
8569 0
8569 0
8569 293.250778836186
8569 293.250778836186
8569 293.250778836186
8569 293.250778836186
8569 293.250778836186
8569 0
8569 5.88235294117647
8569 0
8569 0
8569 0
8569 0
8569 26.3281045751634
8569 26.3281045751634
8569 26.3281045751634
8569 0
8569 0
8569 0
8569 0
8569 0
8569 0
8569 0
8569 12.0231175364883
8569 0
8569 0
8569 0
8569 23.3333333333333
8669 0
8669 219.329033451439
8669 219.329033451439
8669 219.329033451439
8669 219.329033451439
8669 0
8669 5.13823690395699
8669 0
8669 0
8669 0
8669 0
8669 293.250778836186
8669 293.250778836186
8669 293.250778836186
8669 293.250778836186
8669 293.250778836186
8669 0
8669 5.88235294117647
8669 0
8669 0
8669 0
8669 0
8669 26.3281045751634
8669 26.3281045751634
8669 26.3281045751634
8669 0
8669 0
8669 0
8669 0
8669 0
8669 0
8669 0
8669 12.0231175364883
8669 0
8669 0
8669 0
8669 23.3333333333333
8775 0
8775 219.329033451439
8775 219.329033451439
8775 219.329033451439
8775 219.329033451439
8775 0
8775 5.13823690395699
8775 0
8775 0
8775 0
8775 0
8775 293.250778836186
8775 293.250778836186
8775 293.250778836186
8775 293.250778836186
8775 293.250778836186
8775 0
8775 5.88235294117647
8775 0
8775 0
8775 0
8775 0
8775 26.3281045751634
8775 26.3281045751634
8775 26.3281045751634
8775 0
8775 0
8775 0
8775 0
8775 0
8775 0
8775 0
8775 12.0231175364883
8775 0
8775 0
8775 0
8775 23.3333333333333
8883 0
8883 219.329033451439
8883 219.329033451439
8883 219.329033451439
8883 219.329033451439
8883 0
8883 5.13823690395699
8883 0
8883 0
8883 0
8883 0
8883 293.250778836186
8883 293.250778836186
8883 293.250778836186
8883 293.250778836186
8883 293.250778836186
8883 0
8883 5.88235294117647
8883 0
8883 0
8883 0
8883 0
8883 26.3281045751634
8883 26.3281045751634
8883 26.3281045751634
8883 0
8883 0
8883 0
8883 0
8883 0
8883 0
8883 0
8883 12.0231175364883
8883 0
8883 0
8883 0
8883 23.3333333333333
8995 0
8995 219.329033451439
8995 219.329033451439
8995 219.329033451439
8995 219.329033451439
8995 0
8995 5.13823690395699
8995 0
8995 0
8995 0
8995 0
8995 293.250778836186
8995 293.250778836186
8995 293.250778836186
8995 293.250778836186
8995 293.250778836186
8995 0
8995 5.88235294117647
8995 0
8995 0
8995 0
8995 0
8995 26.3281045751634
8995 26.3281045751634
8995 26.3281045751634
8995 0
8995 0
8995 0
8995 0
8995 0
8995 0
8995 0
8995 12.0231175364883
8995 0
8995 0
8995 0
8995 23.3333333333333
9111 0
9111 219.329033451439
9111 219.329033451439
9111 219.329033451439
9111 219.329033451439
9111 0
9111 5.13823690395699
9111 0
9111 0
9111 0
9111 0
9111 293.250778836186
9111 293.250778836186
9111 293.250778836186
9111 293.250778836186
9111 293.250778836186
9111 0
9111 5.88235294117647
9111 0
9111 0
9111 0
9111 0
9111 26.3281045751634
9111 26.3281045751634
9111 26.3281045751634
9111 0
9111 0
9111 0
9111 0
9111 0
9111 0
9111 0
9111 12.0231175364883
9111 0
9111 0
9111 0
9111 23.3333333333333
9233 0
9233 219.329033451439
9233 219.329033451439
9233 219.329033451439
9233 219.329033451439
9233 0
9233 5.13823690395699
9233 0
9233 0
9233 0
9233 0
9233 293.250778836186
9233 293.250778836186
9233 293.250778836186
9233 293.250778836186
9233 293.250778836186
9233 0
9233 5.88235294117647
9233 0
9233 0
9233 0
9233 0
9233 26.3281045751634
9233 26.3281045751634
9233 26.3281045751634
9233 0
9233 0
9233 0
9233 0
9233 0
9233 0
9233 0
9233 12.0231175364883
9233 0
9233 0
9233 0
9233 23.3333333333333
8201 0
8201 219.329033451439
8201 219.329033451439
8201 219.329033451439
8201 219.329033451439
8201 0
8201 5.13823690395699
8201 0
8201 0
8201 0
8201 0
8201 293.250778836186
8201 293.250778836186
8201 293.250778836186
8201 293.250778836186
8201 293.250778836186
8201 0
8201 5.88235294117647
8201 0
8201 0
8201 0
8201 0
8201 26.3281045751634
8201 26.3281045751634
8201 26.3281045751634
8201 0
8201 0
8201 0
8201 0
8201 0
8201 0
8201 0
8201 12.0231175364883
8201 0
8201 0
8201 0
8201 23.3333333333333
8288 0
8288 219.329033451439
8288 219.329033451439
8288 219.329033451439
8288 219.329033451439
8288 0
8288 5.13823690395699
8288 0
8288 0
8288 0
8288 0
8288 293.250778836186
8288 293.250778836186
8288 293.250778836186
8288 293.250778836186
8288 293.250778836186
8288 0
8288 5.88235294117647
8288 0
8288 0
8288 0
8288 0
8288 26.3281045751634
8288 26.3281045751634
8288 26.3281045751634
8288 0
8288 0
8288 0
8288 0
8288 0
8288 0
8288 0
8288 12.0231175364883
8288 0
8288 0
8288 0
8288 23.3333333333333
8380 0
8380 219.329033451439
8380 219.329033451439
8380 219.329033451439
8380 219.329033451439
8380 0
8380 5.13823690395699
8380 0
8380 0
8380 0
8380 0
8380 293.250778836186
8380 293.250778836186
8380 293.250778836186
8380 293.250778836186
8380 293.250778836186
8380 0
8380 5.88235294117647
8380 0
8380 0
8380 0
8380 0
8380 26.3281045751634
8380 26.3281045751634
8380 26.3281045751634
8380 0
8380 0
8380 0
8380 0
8380 0
8380 0
8380 0
8380 12.0231175364883
8380 0
8380 0
8380 0
8380 23.3333333333333
8474 0
8474 219.329033451439
8474 219.329033451439
8474 219.329033451439
8474 219.329033451439
8474 0
8474 5.13823690395699
8474 0
8474 0
8474 0
8474 0
8474 293.250778836186
8474 293.250778836186
8474 293.250778836186
8474 293.250778836186
8474 293.250778836186
8474 0
8474 5.88235294117647
8474 0
8474 0
8474 0
8474 0
8474 26.3281045751634
8474 26.3281045751634
8474 26.3281045751634
8474 0
8474 0
8474 0
8474 0
8474 0
8474 0
8474 0
8474 12.0231175364883
8474 0
8474 0
8474 0
8474 23.3333333333333
8570 0
8570 219.329033451439
8570 219.329033451439
8570 219.329033451439
8570 219.329033451439
8570 0
8570 5.13823690395699
8570 0
8570 0
8570 0
8570 0
8570 293.250778836186
8570 293.250778836186
8570 293.250778836186
8570 293.250778836186
8570 293.250778836186
8570 0
8570 5.88235294117647
8570 0
8570 0
8570 0
8570 0
8570 26.3281045751634
8570 26.3281045751634
8570 26.3281045751634
8570 0
8570 0
8570 0
8570 0
8570 0
8570 0
8570 0
8570 12.0231175364883
8570 0
8570 0
8570 0
8570 23.3333333333333
8670 0
8670 219.329033451439
8670 219.329033451439
8670 219.329033451439
8670 219.329033451439
8670 0
8670 5.13823690395699
8670 0
8670 0
8670 0
8670 0
8670 293.250778836186
8670 293.250778836186
8670 293.250778836186
8670 293.250778836186
8670 293.250778836186
8670 0
8670 5.88235294117647
8670 0
8670 0
8670 0
8670 0
8670 26.3281045751634
8670 26.3281045751634
8670 26.3281045751634
8670 0
8670 0
8670 0
8670 0
8670 0
8670 0
8670 0
8670 12.0231175364883
8670 0
8670 0
8670 0
8670 23.3333333333333
8776 0
8776 219.329033451439
8776 219.329033451439
8776 219.329033451439
8776 219.329033451439
8776 0
8776 5.13823690395699
8776 0
8776 0
8776 0
8776 0
8776 293.250778836186
8776 293.250778836186
8776 293.250778836186
8776 293.250778836186
8776 293.250778836186
8776 0
8776 5.88235294117647
8776 0
8776 0
8776 0
8776 0
8776 26.3281045751634
8776 26.3281045751634
8776 26.3281045751634
8776 0
8776 0
8776 0
8776 0
8776 0
8776 0
8776 0
8776 12.0231175364883
8776 0
8776 0
8776 0
8776 23.3333333333333
8884 0
8884 219.329033451439
8884 219.329033451439
8884 219.329033451439
8884 219.329033451439
8884 0
8884 5.13823690395699
8884 0
8884 0
8884 0
8884 0
8884 293.250778836186
8884 293.250778836186
8884 293.250778836186
8884 293.250778836186
8884 293.250778836186
8884 0
8884 5.88235294117647
8884 0
8884 0
8884 0
8884 0
8884 26.3281045751634
8884 26.3281045751634
8884 26.3281045751634
8884 0
8884 0
8884 0
8884 0
8884 0
8884 0
8884 0
8884 12.0231175364883
8884 0
8884 0
8884 0
8884 23.3333333333333
8996 0
8996 219.329033451439
8996 219.329033451439
8996 219.329033451439
8996 219.329033451439
8996 0
8996 5.13823690395699
8996 0
8996 0
8996 0
8996 0
8996 293.250778836186
8996 293.250778836186
8996 293.250778836186
8996 293.250778836186
8996 293.250778836186
8996 0
8996 5.88235294117647
8996 0
8996 0
8996 0
8996 0
8996 26.3281045751634
8996 26.3281045751634
8996 26.3281045751634
8996 0
8996 0
8996 0
8996 0
8996 0
8996 0
8996 0
8996 12.0231175364883
8996 0
8996 0
8996 0
8996 23.3333333333333
9112 0
9112 219.329033451439
9112 219.329033451439
9112 219.329033451439
9112 219.329033451439
9112 0
9112 5.13823690395699
9112 0
9112 0
9112 0
9112 0
9112 293.250778836186
9112 293.250778836186
9112 293.250778836186
9112 293.250778836186
9112 293.250778836186
9112 0
9112 5.88235294117647
9112 0
9112 0
9112 0
9112 0
9112 26.3281045751634
9112 26.3281045751634
9112 26.3281045751634
9112 0
9112 0
9112 0
9112 0
9112 0
9112 0
9112 0
9112 12.0231175364883
9112 0
9112 0
9112 0
9112 23.3333333333333
8381 0
8381 219.329033451439
8381 219.329033451439
8381 219.329033451439
8381 219.329033451439
8381 0
8381 5.13823690395699
8381 0
8381 0
8381 0
8381 0
8381 293.250778836186
8381 293.250778836186
8381 293.250778836186
8381 293.250778836186
8381 293.250778836186
8381 0
8381 5.88235294117647
8381 0
8381 0
8381 0
8381 0
8381 26.3281045751634
8381 26.3281045751634
8381 26.3281045751634
8381 0
8381 0
8381 0
8381 0
8381 0
8381 0
8381 0
8381 12.0231175364883
8381 0
8381 0
8381 0
8381 23.3333333333333
8475 0
8475 219.329033451439
8475 219.329033451439
8475 219.329033451439
8475 219.329033451439
8475 0
8475 5.13823690395699
8475 0
8475 0
8475 0
8475 0
8475 293.250778836186
8475 293.250778836186
8475 293.250778836186
8475 293.250778836186
8475 293.250778836186
8475 0
8475 5.88235294117647
8475 0
8475 0
8475 0
8475 0
8475 26.3281045751634
8475 26.3281045751634
8475 26.3281045751634
8475 0
8475 0
8475 0
8475 0
8475 0
8475 0
8475 0
8475 12.0231175364883
8475 0
8475 0
8475 0
8475 23.3333333333333
8571 0
8571 219.329033451439
8571 219.329033451439
8571 219.329033451439
8571 219.329033451439
8571 0
8571 5.13823690395699
8571 0
8571 0
8571 0
8571 0
8571 293.250778836186
8571 293.250778836186
8571 293.250778836186
8571 293.250778836186
8571 293.250778836186
8571 0
8571 5.88235294117647
8571 0
8571 0
8571 0
8571 0
8571 26.3281045751634
8571 26.3281045751634
8571 26.3281045751634
8571 0
8571 0
8571 0
8571 0
8571 0
8571 0
8571 0
8571 12.0231175364883
8571 0
8571 0
8571 0
8571 23.3333333333333
8671 0
8671 219.329033451439
8671 219.329033451439
8671 219.329033451439
8671 219.329033451439
8671 0
8671 5.13823690395699
8671 0
8671 0
8671 0
8671 0
8671 293.250778836186
8671 293.250778836186
8671 293.250778836186
8671 293.250778836186
8671 293.250778836186
8671 0
8671 5.88235294117647
8671 0
8671 0
8671 0
8671 0
8671 26.3281045751634
8671 26.3281045751634
8671 26.3281045751634
8671 0
8671 0
8671 0
8671 0
8671 0
8671 0
8671 0
8671 12.0231175364883
8671 0
8671 0
8671 0
8671 23.3333333333333
8777 0
8777 219.329033451439
8777 219.329033451439
8777 219.329033451439
8777 219.329033451439
8777 0
8777 5.13823690395699
8777 0
8777 0
8777 0
8777 0
8777 293.250778836186
8777 293.250778836186
8777 293.250778836186
8777 293.250778836186
8777 293.250778836186
8777 0
8777 5.88235294117647
8777 0
8777 0
8777 0
8777 0
8777 26.3281045751634
8777 26.3281045751634
8777 26.3281045751634
8777 0
8777 0
8777 0
8777 0
8777 0
8777 0
8777 0
8777 12.0231175364883
8777 0
8777 0
8777 0
8777 23.3333333333333
