pt_graph scale
6476 0
6476 877.316134
6476 877.316134
6476 877.316134
6476 877.316134
6476 0
6476 20.552947616
6476 0
6476 0
6476 0
6476 0
6476 1173.0031152
6476 1173.0031152
6476 1173.0031152
6476 1173.0031152
6476 1173.0031152
6476 0
6476 23.529411764
6476 0
6476 0
6476 0
6476 0
6476 105.31241832
6476 105.31241832
6476 105.31241832
6476 0
6476 0
6476 0
6476 0
6476 0
6476 0
6476 0
6476 48.09247016
6476 0
6476 0
6476 57.53424656
6476 93.33333332
6517 0
6517 877.316134
6517 877.316134
6517 877.316134
6517 877.316134
6517 0
6517 20.552947616
6517 0
6517 0
6517 0
6517 0
6517 1173.0031152
6517 1173.0031152
6517 1173.0031152
6517 1173.0031152
6517 1173.0031152
6517 0
6517 23.529411764
6517 0
6517 0
6517 0
6517 0
6517 105.31241832
6517 105.31241832
6517 105.31241832
6517 0
6517 0
6517 0
6517 0
6517 0
6517 0
6517 0
6517 48.09247016
6517 0
6517 0
6517 57.53424656
6517 93.33333332
6557 0
6557 877.316134
6557 877.316134
6557 877.316134
6557 877.316134
6557 0
6557 20.552947616
6557 0
6557 0
6557 0
6557 0
6557 1173.0031152
6557 1173.0031152
6557 1173.0031152
6557 1173.0031152
6557 1173.0031152
6557 0
6557 23.529411764
6557 0
6557 0
6557 0
6557 0
6557 105.31241832
6557 105.31241832
6557 105.31241832
6557 0
6557 0
6557 0
6557 0
6557 0
6557 0
6557 0
6557 48.09247016
6557 0
6557 0
6557 57.53424656
6557 93.33333332
6595 0
6595 877.316134
6595 877.316134
6595 877.316134
6595 877.316134
6595 0
6595 20.552947616
6595 0
6595 0
6595 0
6595 0
6595 1173.0031152
6595 1173.0031152
6595 1173.0031152
6595 1173.0031152
6595 1173.0031152
6595 0
6595 23.529411764
6595 0
6595 0
6595 0
6595 0
6595 105.31241832
6595 105.31241832
6595 105.31241832
6595 0
6595 0
6595 0
6595 0
6595 0
6595 0
6595 0
6595 48.09247016
6595 0
6595 0
6595 57.53424656
6595 93.33333332
6634 0
6634 877.316134
6634 877.316134
6634 877.316134
6634 877.316134
6634 0
6634 20.552947616
6634 0
6634 0
6634 0
6634 0
6634 1173.0031152
6634 1173.0031152
6634 1173.0031152
6634 1173.0031152
6634 1173.0031152
6634 0
6634 23.529411764
6634 0
6634 0
6634 0
6634 0
6634 105.31241832
6634 105.31241832
6634 105.31241832
6634 0
6634 0
6634 0
6634 0
6634 0
6634 0
6634 0
6634 48.09247016
6634 0
6634 0
6634 57.53424656
6634 93.33333332
6673 0
6673 877.316134
6673 877.316134
6673 877.316134
6673 877.316134
6673 0
6673 20.552947616
6673 0
6673 0
6673 0
6673 0
6673 1173.0031152
6673 1173.0031152
6673 1173.0031152
6673 1173.0031152
6673 1173.0031152
6673 0
6673 23.529411764
6673 0
6673 0
6673 0
6673 0
6673 105.31241832
6673 105.31241832
6673 105.31241832
6673 0
6673 0
6673 0
6673 0
6673 0
6673 0
6673 0
6673 48.09247016
6673 0
6673 0
6673 57.53424656
6673 93.33333332
6713 0
6713 877.316134
6713 877.316134
6713 877.316134
6713 877.316134
6713 0
6713 20.552947616
6713 0
6713 0
6713 0
6713 0
6713 1173.0031152
6713 1173.0031152
6713 1173.0031152
6713 1173.0031152
6713 1173.0031152
6713 0
6713 23.529411764
6713 0
6713 0
6713 0
6713 0
6713 105.31241832
6713 105.31241832
6713 105.31241832
6713 0
6713 0
6713 0
6713 0
6713 0
6713 0
6713 0
6713 48.09247016
6713 0
6713 0
6713 57.53424656
6713 93.33333332
6752 0
6752 877.316134
6752 877.316134
6752 877.316134
6752 877.316134
6752 0
6752 20.552947616
6752 0
6752 0
6752 0
6752 0
6752 1173.0031152
6752 1173.0031152
6752 1173.0031152
6752 1173.0031152
6752 1173.0031152
6752 0
6752 23.529411764
6752 0
6752 0
6752 0
6752 0
6752 105.31241832
6752 105.31241832
6752 105.31241832
6752 0
6752 0
6752 0
6752 0
6752 0
6752 0
6752 0
6752 48.09247016
6752 0
6752 0
6752 57.53424656
6752 93.33333332
6357 0
6357 877.316134
6357 877.316134
6357 877.316134
6357 877.316134
6357 0
6357 20.552947616
6357 0
6357 0
6357 0
6357 0
6357 1173.0031152
6357 1173.0031152
6357 1173.0031152
6357 1173.0031152
6357 1173.0031152
6357 0
6357 23.529411764
6357 0
6357 0
6357 0
6357 0
6357 105.31241832
6357 105.31241832
6357 105.31241832
6357 0
6357 0
6357 0
6357 0
6357 0
6357 0
6357 0
6357 48.09247016
6357 0
6357 0
6357 57.53424656
6357 93.33333332
6397 0
6397 877.316134
6397 877.316134
6397 877.316134
6397 877.316134
6397 0
6397 20.552947616
6397 0
6397 0
6397 0
6397 0
6397 1173.0031152
6397 1173.0031152
6397 1173.0031152
6397 1173.0031152
6397 1173.0031152
6397 0
6397 23.529411764
6397 0
6397 0
6397 0
6397 0
6397 105.31241832
6397 105.31241832
6397 105.31241832
6397 0
6397 0
6397 0
6397 0
6397 0
6397 0
6397 0
6397 48.09247016
6397 0
6397 0
6397 57.53424656
6397 93.33333332
6437 0
6437 877.316134
6437 877.316134
6437 877.316134
6437 877.316134
6437 0
6437 20.552947616
6437 0
6437 0
6437 0
6437 0
6437 1173.0031152
6437 1173.0031152
6437 1173.0031152
6437 1173.0031152
6437 1173.0031152
6437 0
6437 23.529411764
6437 0
6437 0
6437 0
6437 0
6437 105.31241832
6437 105.31241832
6437 105.31241832
6437 0
6437 0
6437 0
6437 0
6437 0
6437 0
6437 0
6437 48.09247016
6437 0
6437 0
6437 57.53424656
6437 93.33333332
6477 0
6477 877.316134
6477 877.316134
6477 877.316134
6477 877.316134
6477 0
6477 20.552947616
6477 0
6477 0
6477 0
6477 0
6477 1173.0031152
6477 1173.0031152
6477 1173.0031152
6477 1173.0031152
6477 1173.0031152
6477 0
6477 23.529411764
6477 0
6477 0
6477 0
6477 0
6477 105.31241832
6477 105.31241832
6477 105.31241832
6477 0
6477 0
6477 0
6477 0
6477 0
6477 0
6477 0
6477 48.09247016
6477 0
6477 0
6477 57.53424656
6477 93.33333332
6518 0
6518 877.316134
6518 877.316134
6518 877.316134
6518 877.316134
6518 0
6518 20.552947616
6518 0
6518 0
6518 0
6518 0
6518 1173.0031152
6518 1173.0031152
6518 1173.0031152
6518 1173.0031152
6518 1173.0031152
6518 0
6518 23.529411764
6518 0
6518 0
6518 0
6518 0
6518 105.31241832
6518 105.31241832
6518 105.31241832
6518 0
6518 0
6518 0
6518 0
6518 0
6518 0
6518 0
6518 48.09247016
6518 0
6518 0
6518 57.53424656
6518 93.33333332
6558 0
6558 877.316134
6558 877.316134
6558 877.316134
6558 877.316134
6558 0
6558 20.552947616
6558 0
6558 0
6558 0
6558 0
6558 1173.0031152
6558 1173.0031152
6558 1173.0031152
6558 1173.0031152
6558 1173.0031152
6558 0
6558 23.529411764
6558 0
6558 0
6558 0
6558 0
6558 105.31241832
6558 105.31241832
6558 105.31241832
6558 0
6558 0
6558 0
6558 0
6558 0
6558 0
6558 0
6558 48.09247016
6558 0
6558 0
6558 57.53424656
6558 93.33333332
6596 0
6596 877.316134
6596 877.316134
6596 877.316134
6596 877.316134
6596 0
6596 20.552947616
6596 0
6596 0
6596 0
6596 0
6596 1173.0031152
6596 1173.0031152
6596 1173.0031152
6596 1173.0031152
6596 1173.0031152
6596 0
6596 23.529411764
6596 0
6596 0
6596 0
6596 0
6596 105.31241832
6596 105.31241832
6596 105.31241832
6596 0
6596 0
6596 0
6596 0
6596 0
6596 0
6596 0
6596 48.09247016
6596 0
6596 0
6596 57.53424656
6596 93.33333332
6635 0
6635 877.316134
6635 877.316134
6635 877.316134
6635 877.316134
6635 0
6635 20.552947616
6635 0
6635 0
6635 0
6635 0
6635 1173.0031152
6635 1173.0031152
6635 1173.0031152
6635 1173.0031152
6635 1173.0031152
6635 0
6635 23.529411764
6635 0
6635 0
6635 0
6635 0
6635 105.31241832
6635 105.31241832
6635 105.31241832
6635 0
6635 0
6635 0
6635 0
6635 0
6635 0
6635 0
6635 48.09247016
6635 0
6635 0
6635 57.53424656
6635 93.33333332
6674 0
6674 877.316134
6674 877.316134
6674 877.316134
6674 877.316134
6674 0
6674 20.552947616
6674 0
6674 0
6674 0
6674 0
6674 1173.0031152
6674 1173.0031152
6674 1173.0031152
6674 1173.0031152
6674 1173.0031152
6674 0
6674 23.529411764
6674 0
6674 0
6674 0
6674 0
6674 105.31241832
6674 105.31241832
6674 105.31241832
6674 0
6674 0
6674 0
6674 0
6674 0
6674 0
6674 0
6674 48.09247016
6674 0
6674 0
6674 57.53424656
6674 93.33333332
6714 0
6714 877.316134
6714 877.316134
6714 877.316134
6714 877.316134
6714 0
6714 20.552947616
6714 0
6714 0
6714 0
6714 0
6714 1173.0031152
6714 1173.0031152
6714 1173.0031152
6714 1173.0031152
6714 1173.0031152
6714 0
6714 23.529411764
6714 0
6714 0
6714 0
6714 0
6714 105.31241832
6714 105.31241832
6714 105.31241832
6714 0
6714 0
6714 0
6714 0
6714 0
6714 0
6714 0
6714 48.09247016
6714 0
6714 0
6714 57.53424656
6714 93.33333332
6753 0
6753 877.316134
6753 877.316134
6753 877.316134
6753 877.316134
6753 0
6753 20.552947616
6753 0
6753 0
6753 0
6753 0
6753 1173.0031152
6753 1173.0031152
6753 1173.0031152
6753 1173.0031152
6753 1173.0031152
6753 0
6753 23.529411764
6753 0
6753 0
6753 0
6753 0
6753 105.31241832
6753 105.31241832
6753 105.31241832
6753 0
6753 0
6753 0
6753 0
6753 0
6753 0
6753 0
6753 48.09247016
6753 0
6753 0
6753 57.53424656
6753 93.33333332
6789 0
6789 877.316134
6789 877.316134
6789 877.316134
6789 877.316134
6789 0
6789 20.552947616
6789 0
6789 0
6789 0
6789 0
6789 1173.0031152
6789 1173.0031152
6789 1173.0031152
6789 1173.0031152
6789 1173.0031152
6789 0
6789 23.529411764
6789 0
6789 0
6789 0
6789 0
6789 105.31241832
6789 105.31241832
6789 105.31241832
6789 0
6789 0
6789 0
6789 0
6789 0
6789 0
6789 0
6789 48.09247016
6789 0
6789 0
6789 57.53424656
6789 93.33333332
6826 0
6826 877.316134
6826 877.316134
6826 877.316134
6826 877.316134
6826 0
6826 20.552947616
6826 0
6826 0
6826 0
6826 0
6826 1173.0031152
6826 1173.0031152
6826 1173.0031152
6826 1173.0031152
6826 1173.0031152
6826 0
6826 23.529411764
6826 0
6826 0
6826 0
6826 0
6826 105.31241832
6826 105.31241832
6826 105.31241832
6826 0
6826 0
6826 0
6826 0
6826 0
6826 0
6826 0
6826 48.09247016
6826 0
6826 0
6826 57.53424656
6826 93.33333332
6863 0
6863 877.316134
6863 877.316134
6863 877.316134
6863 877.316134
6863 0
6863 20.552947616
6863 0
6863 0
6863 0
6863 0
6863 1173.0031152
6863 1173.0031152
6863 1173.0031152
6863 1173.0031152
6863 1173.0031152
6863 0
6863 23.529411764
6863 0
6863 0
6863 0
6863 0
6863 105.31241832
6863 105.31241832
6863 105.31241832
6863 0
6863 0
6863 0
6863 0
6863 0
6863 0
6863 0
6863 48.09247016
6863 0
6863 0
6863 57.53424656
6863 93.33333332
6318 0
6318 877.316134
6318 877.316134
6318 877.316134
6318 877.316134
6318 0
6318 20.552947616
6318 0
6318 0
6318 0
6318 0
6318 1173.0031152
6318 1173.0031152
6318 1173.0031152
6318 1173.0031152
6318 1173.0031152
6318 0
6318 23.529411764
6318 0
6318 0
6318 0
6318 0
6318 105.31241832
6318 105.31241832
6318 105.31241832
6318 0
6318 0
6318 0
6318 0
6318 0
6318 0
6318 0
6318 48.09247016
6318 0
6318 0
6318 57.53424656
6318 93.33333332
6358 0
6358 877.316134
6358 877.316134
6358 877.316134
6358 877.316134
6358 0
6358 20.552947616
6358 0
6358 0
6358 0
6358 0
6358 1173.0031152
6358 1173.0031152
6358 1173.0031152
6358 1173.0031152
6358 1173.0031152
6358 0
6358 23.529411764
6358 0
6358 0
6358 0
6358 0
6358 105.31241832
6358 105.31241832
6358 105.31241832
6358 0
6358 0
6358 0
6358 0
6358 0
6358 0
6358 0
6358 48.09247016
6358 0
6358 0
6358 57.53424656
6358 93.33333332
6398 0
6398 877.316134
6398 877.316134
6398 877.316134
6398 877.316134
6398 0
6398 20.552947616
6398 0
6398 0
6398 0
6398 0
6398 1173.0031152
6398 1173.0031152
6398 1173.0031152
6398 1173.0031152
6398 1173.0031152
6398 0
6398 23.529411764
6398 0
6398 0
6398 0
6398 0
6398 105.31241832
6398 105.31241832
6398 105.31241832
6398 0
6398 0
6398 0
6398 0
6398 0
6398 0
6398 0
6398 48.09247016
6398 0
6398 0
6398 57.53424656
6398 93.33333332
6438 0
6438 877.316134
6438 877.316134
6438 877.316134
6438 877.316134
6438 0
6438 20.552947616
6438 0
6438 0
6438 0
6438 0
6438 1173.0031152
6438 1173.0031152
6438 1173.0031152
6438 1173.0031152
6438 1173.0031152
6438 0
6438 23.529411764
6438 0
6438 0
6438 0
6438 0
6438 105.31241832
6438 105.31241832
6438 105.31241832
6438 0
6438 0
6438 0
6438 0
6438 0
6438 0
6438 0
6438 48.09247016
6438 0
6438 0
6438 57.53424656
6438 93.33333332
6478 0
6478 877.316134
6478 877.316134
6478 877.316134
6478 877.316134
6478 0
6478 20.552947616
6478 0
6478 0
6478 0
6478 0
6478 1173.0031152
6478 1173.0031152
6478 1173.0031152
6478 1173.0031152
6478 1173.0031152
6478 0
6478 23.529411764
6478 0
6478 0
6478 0
6478 0
6478 105.31241832
6478 105.31241832
6478 105.31241832
6478 0
6478 0
6478 0
6478 0
6478 0
6478 0
6478 0
6478 48.09247016
6478 0
6478 0
6478 57.53424656
6478 93.33333332
6519 0
6519 877.316134
6519 877.316134
6519 877.316134
6519 877.316134
6519 0
6519 20.552947616
6519 0
6519 0
6519 0
6519 0
6519 1173.0031152
6519 1173.0031152
6519 1173.0031152
6519 1173.0031152
6519 1173.0031152
6519 0
6519 23.529411764
6519 0
6519 0
6519 0
6519 0
6519 105.31241832
6519 105.31241832
6519 105.31241832
6519 0
6519 0
6519 0
6519 0
6519 0
6519 0
6519 0
6519 48.09247016
6519 0
6519 0
6519 57.53424656
6519 93.33333332
6559 0
6559 877.316134
6559 877.316134
6559 877.316134
6559 877.316134
6559 0
6559 20.552947616
6559 0
6559 0
6559 0
6559 0
6559 1173.0031152
6559 1173.0031152
6559 1173.0031152
6559 1173.0031152
6559 1173.0031152
6559 0
6559 23.529411764
6559 0
6559 0
6559 0
6559 0
6559 105.31241832
6559 105.31241832
6559 105.31241832
6559 0
6559 0
6559 0
6559 0
6559 0
6559 0
6559 0
6559 48.09247016
6559 0
6559 0
6559 57.53424656
6559 93.33333332
6597 0
6597 877.316134
6597 877.316134
6597 877.316134
6597 877.316134
6597 0
6597 20.552947616
6597 0
6597 0
6597 0
6597 0
6597 1173.0031152
6597 1173.0031152
6597 1173.0031152
6597 1173.0031152
6597 1173.0031152
6597 0
6597 23.529411764
6597 0
6597 0
6597 0
6597 0
6597 105.31241832
6597 105.31241832
6597 105.31241832
6597 0
6597 0
6597 0
6597 0
6597 0
6597 0
6597 0
6597 48.09247016
6597 0
6597 0
6597 57.53424656
6597 93.33333332
6636 0
6636 877.316134
6636 877.316134
6636 877.316134
6636 877.316134
6636 0
6636 20.552947616
6636 0
6636 0
6636 0
6636 0
6636 1173.0031152
6636 1173.0031152
6636 1173.0031152
6636 1173.0031152
6636 1173.0031152
6636 0
6636 23.529411764
6636 0
6636 0
6636 0
6636 0
6636 105.31241832
6636 105.31241832
6636 105.31241832
6636 0
6636 0
6636 0
6636 0
6636 0
6636 0
6636 0
6636 48.09247016
6636 0
6636 0
6636 57.53424656
6636 93.33333332
6675 0
6675 877.316134
6675 877.316134
6675 877.316134
6675 877.316134
6675 0
6675 20.552947616
6675 0
6675 0
6675 0
6675 0
6675 1173.0031152
6675 1173.0031152
6675 1173.0031152
6675 1173.0031152
6675 1173.0031152
6675 0
6675 23.529411764
6675 0
6675 0
6675 0
6675 0
6675 105.31241832
6675 105.31241832
6675 105.31241832
6675 0
6675 0
6675 0
6675 0
6675 0
6675 0
6675 0
6675 48.09247016
6675 0
6675 0
6675 57.53424656
6675 93.33333332
6715 0
6715 877.316134
6715 877.316134
6715 877.316134
6715 877.316134
6715 0
6715 20.552947616
6715 0
6715 0
6715 0
6715 0
6715 1173.0031152
6715 1173.0031152
6715 1173.0031152
6715 1173.0031152
6715 1173.0031152
6715 0
6715 23.529411764
6715 0
6715 0
6715 0
6715 0
6715 105.31241832
6715 105.31241832
6715 105.31241832
6715 0
6715 0
6715 0
6715 0
6715 0
6715 0
6715 0
6715 48.09247016
6715 0
6715 0
6715 57.53424656
6715 93.33333332
6754 0
6754 877.316134
6754 877.316134
6754 877.316134
6754 877.316134
6754 0
6754 20.552947616
6754 0
6754 0
6754 0
6754 0
6754 1173.0031152
6754 1173.0031152
6754 1173.0031152
6754 1173.0031152
6754 1173.0031152
6754 0
6754 23.529411764
6754 0
6754 0
6754 0
6754 0
6754 105.31241832
6754 105.31241832
6754 105.31241832
6754 0
6754 0
6754 0
6754 0
6754 0
6754 0
6754 0
6754 48.09247016
6754 0
6754 0
6754 57.53424656
6754 93.33333332
6790 0
6790 877.316134
6790 877.316134
6790 877.316134
6790 877.316134
6790 0
6790 20.552947616
6790 0
6790 0
6790 0
6790 0
6790 1173.0031152
6790 1173.0031152
6790 1173.0031152
6790 1173.0031152
6790 1173.0031152
6790 0
6790 23.529411764
6790 0
6790 0
6790 0
6790 0
6790 105.31241832
6790 105.31241832
6790 105.31241832
6790 0
6790 0
6790 0
6790 0
6790 0
6790 0
6790 0
6790 48.09247016
6790 0
6790 0
6790 57.53424656
6790 93.33333332
6827 0
6827 877.316134
6827 877.316134
6827 877.316134
6827 877.316134
6827 0
6827 20.552947616
6827 0
6827 0
6827 0
6827 0
6827 1173.0031152
6827 1173.0031152
6827 1173.0031152
6827 1173.0031152
6827 1173.0031152
6827 0
6827 23.529411764
6827 0
6827 0
6827 0
6827 0
6827 105.31241832
6827 105.31241832
6827 105.31241832
6827 0
6827 0
6827 0
6827 0
6827 0
6827 0
6827 0
6827 48.09247016
6827 0
6827 0
6827 57.53424656
6827 93.33333332
6864 0
6864 877.316134
6864 877.316134
6864 877.316134
6864 877.316134
6864 0
6864 20.552947616
6864 0
6864 0
6864 0
6864 0
6864 1173.0031152
6864 1173.0031152
6864 1173.0031152
6864 1173.0031152
6864 1173.0031152
6864 0
6864 23.529411764
6864 0
6864 0
6864 0
6864 0
6864 105.31241832
6864 105.31241832
6864 105.31241832
6864 0
6864 0
6864 0
6864 0
6864 0
6864 0
6864 0
6864 48.09247016
6864 0
6864 0
6864 57.53424656
6864 93.33333332
6902 0
6902 877.316134
6902 877.316134
6902 877.316134
6902 877.316134
6902 0
6902 20.552947616
6902 0
6902 0
6902 0
6902 0
6902 1173.0031152
6902 1173.0031152
6902 1173.0031152
6902 1173.0031152
6902 1173.0031152
6902 0
6902 23.529411764
6902 0
6902 0
6902 0
6902 0
6902 105.31241832
6902 105.31241832
6902 105.31241832
6902 0
6902 0
6902 0
6902 0
6902 0
6902 0
6902 0
6902 48.09247016
6902 0
6902 0
6902 57.53424656
6902 93.33333332
6279 0
6279 877.316134
6279 877.316134
6279 877.316134
6279 877.316134
6279 0
6279 20.552947616
6279 0
6279 0
6279 0
6279 0
6279 1173.0031152
6279 1173.0031152
6279 1173.0031152
6279 1173.0031152
6279 1173.0031152
6279 0
6279 23.529411764
6279 0
6279 0
6279 0
6279 0
6279 105.31241832
6279 105.31241832
6279 105.31241832
6279 0
6279 0
6279 0
6279 0
6279 0
6279 0
6279 0
6279 48.09247016
6279 0
6279 0
6279 57.53424656
6279 93.33333332
6319 0
6319 877.316134
6319 877.316134
6319 877.316134
6319 877.316134
6319 0
6319 20.552947616
6319 0
6319 0
6319 0
6319 0
6319 1173.0031152
6319 1173.0031152
6319 1173.0031152
6319 1173.0031152
6319 1173.0031152
6319 0
6319 23.529411764
6319 0
6319 0
6319 0
6319 0
6319 105.31241832
6319 105.31241832
6319 105.31241832
6319 0
6319 0
6319 0
6319 0
6319 0
6319 0
6319 0
6319 48.09247016
6319 0
6319 0
6319 57.53424656
6319 93.33333332
6359 0
6359 877.316134
6359 877.316134
6359 877.316134
6359 877.316134
6359 0
6359 20.552947616
6359 0
6359 0
6359 0
6359 0
6359 1173.0031152
6359 1173.0031152
6359 1173.0031152
6359 1173.0031152
6359 1173.0031152
6359 0
6359 23.529411764
6359 0
6359 0
6359 0
6359 0
6359 105.31241832
6359 105.31241832
6359 105.31241832
6359 0
6359 0
6359 0
6359 0
6359 0
6359 0
6359 0
6359 48.09247016
6359 0
6359 0
6359 57.53424656
6359 93.33333332
6399 0
6399 877.316134
6399 877.316134
6399 877.316134
6399 877.316134
6399 0
6399 20.552947616
6399 0
6399 0
6399 0
6399 0
6399 1173.0031152
6399 1173.0031152
6399 1173.0031152
6399 1173.0031152
6399 1173.0031152
6399 0
6399 23.529411764
6399 0
6399 0
6399 0
6399 0
6399 105.31241832
6399 105.31241832
6399 105.31241832
6399 0
6399 0
6399 0
6399 0
6399 0
6399 0
6399 0
6399 48.09247016
6399 0
6399 0
6399 57.53424656
6399 93.33333332
6439 0
6439 877.316134
6439 877.316134
6439 877.316134
6439 877.316134
6439 0
6439 20.552947616
6439 0
6439 0
6439 0
6439 0
6439 1173.0031152
6439 1173.0031152
6439 1173.0031152
6439 1173.0031152
6439 1173.0031152
6439 0
6439 23.529411764
6439 0
6439 0
6439 0
6439 0
6439 105.31241832
6439 105.31241832
6439 105.31241832
6439 0
6439 0
6439 0
6439 0
6439 0
6439 0
6439 0
6439 48.09247016
6439 0
6439 0
6439 57.53424656
6439 93.33333332
6479 0
6479 877.316134
6479 877.316134
6479 877.316134
6479 877.316134
6479 0
6479 20.552947616
6479 0
6479 0
6479 0
6479 0
6479 1173.0031152
6479 1173.0031152
6479 1173.0031152
6479 1173.0031152
6479 1173.0031152
6479 0
6479 23.529411764
6479 0
6479 0
6479 0
6479 0
6479 105.31241832
6479 105.31241832
6479 105.31241832
6479 0
6479 0
6479 0
6479 0
6479 0
6479 0
6479 0
6479 48.09247016
6479 0
6479 0
6479 57.53424656
6479 93.33333332
6520 0
6520 877.316134
6520 877.316134
6520 877.316134
6520 877.316134
6520 0
6520 20.552947616
6520 0
6520 0
6520 0
6520 0
6520 1173.0031152
6520 1173.0031152
6520 1173.0031152
6520 1173.0031152
6520 1173.0031152
6520 0
6520 23.529411764
6520 0
6520 0
6520 0
6520 0
6520 105.31241832
6520 105.31241832
6520 105.31241832
6520 0
6520 0
6520 0
6520 0
6520 0
6520 0
6520 0
6520 48.09247016
6520 0
6520 0
6520 57.53424656
6520 93.33333332
6560 0
6560 877.316134
6560 877.316134
6560 877.316134
6560 877.316134
6560 0
6560 20.552947616
6560 0
6560 0
6560 0
6560 0
6560 1173.0031152
6560 1173.0031152
6560 1173.0031152
6560 1173.0031152
6560 1173.0031152
6560 0
6560 23.529411764
6560 0
6560 0
6560 0
6560 0
6560 105.31241832
6560 105.31241832
6560 105.31241832
6560 0
6560 0
6560 0
6560 0
6560 0
6560 0
6560 0
6560 48.09247016
6560 0
6560 0
6560 57.53424656
6560 93.33333332
6598 0
6598 877.316134
6598 877.316134
6598 877.316134
6598 877.316134
6598 0
6598 20.552947616
6598 0
6598 0
6598 0
6598 0
6598 1173.0031152
6598 1173.0031152
6598 1173.0031152
6598 1173.0031152
6598 1173.0031152
6598 0
6598 23.529411764
6598 0
6598 0
6598 0
6598 0
6598 105.31241832
6598 105.31241832
6598 105.31241832
6598 0
6598 0
6598 0
6598 0
6598 0
6598 0
6598 0
6598 48.09247016
6598 0
6598 0
6598 57.53424656
6598 93.33333332
6637 0
6637 877.316134
6637 877.316134
6637 877.316134
6637 877.316134
6637 0
6637 20.552947616
6637 0
6637 0
6637 0
6637 0
6637 1173.0031152
6637 1173.0031152
6637 1173.0031152
6637 1173.0031152
6637 1173.0031152
6637 0
6637 23.529411764
6637 0
6637 0
6637 0
6637 0
6637 105.31241832
6637 105.31241832
6637 105.31241832
6637 0
6637 0
6637 0
6637 0
6637 0
6637 0
6637 0
6637 48.09247016
6637 0
6637 0
6637 57.53424656
6637 93.33333332
6716 0
6716 877.316134
6716 877.316134
6716 877.316134
6716 877.316134
6716 0
6716 20.552947616
6716 0
6716 0
6716 0
6716 0
6716 1173.0031152
6716 1173.0031152
6716 1173.0031152
6716 1173.0031152
6716 1173.0031152
6716 0
6716 23.529411764
6716 0
6716 0
6716 0
6716 0
6716 105.31241832
6716 105.31241832
6716 105.31241832
6716 0
6716 0
6716 0
6716 0
6716 0
6716 0
6716 0
6716 48.09247016
6716 0
6716 0
6716 57.53424656
6716 93.33333332
6791 0
6791 877.316134
6791 877.316134
6791 877.316134
6791 877.316134
6791 0
6791 20.552947616
6791 0
6791 0
6791 0
6791 0
6791 1173.0031152
6791 1173.0031152
6791 1173.0031152
6791 1173.0031152
6791 1173.0031152
6791 0
6791 23.529411764
6791 0
6791 0
6791 0
6791 0
6791 105.31241832
6791 105.31241832
6791 105.31241832
6791 0
6791 0
6791 0
6791 0
6791 0
6791 0
6791 0
6791 48.09247016
6791 0
6791 0
6791 57.53424656
6791 93.33333332
6828 0
6828 877.316134
6828 877.316134
6828 877.316134
6828 877.316134
6828 0
6828 20.552947616
6828 0
6828 0
6828 0
6828 0
6828 1173.0031152
6828 1173.0031152
6828 1173.0031152
6828 1173.0031152
6828 1173.0031152
6828 0
6828 23.529411764
6828 0
6828 0
6828 0
6828 0
6828 105.31241832
6828 105.31241832
6828 105.31241832
6828 0
6828 0
6828 0
6828 0
6828 0
6828 0
6828 0
6828 48.09247016
6828 0
6828 0
6828 57.53424656
6828 93.33333332
6865 0
6865 877.316134
6865 877.316134
6865 877.316134
6865 877.316134
6865 0
6865 20.552947616
6865 0
6865 0
6865 0
6865 0
6865 1173.0031152
6865 1173.0031152
6865 1173.0031152
6865 1173.0031152
6865 1173.0031152
6865 0
6865 23.529411764
6865 0
6865 0
6865 0
6865 0
6865 105.31241832
6865 105.31241832
6865 105.31241832
6865 0
6865 0
6865 0
6865 0
6865 0
6865 0
6865 0
6865 48.09247016
6865 0
6865 0
6865 57.53424656
6865 93.33333332
6903 0
6903 877.316134
6903 877.316134
6903 877.316134
6903 877.316134
6903 0
6903 20.552947616
6903 0
6903 0
6903 0
6903 0
6903 1173.0031152
6903 1173.0031152
6903 1173.0031152
6903 1173.0031152
6903 1173.0031152
6903 0
6903 23.529411764
6903 0
6903 0
6903 0
6903 0
6903 105.31241832
6903 105.31241832
6903 105.31241832
6903 0
6903 0
6903 0
6903 0
6903 0
6903 0
6903 0
6903 48.09247016
6903 0
6903 0
6903 57.53424656
6903 93.33333332
6942 0
6942 877.316134
6942 877.316134
6942 877.316134
6942 877.316134
6942 0
6942 20.552947616
6942 0
6942 0
6942 0
6942 0
6942 1173.0031152
6942 1173.0031152
6942 1173.0031152
6942 1173.0031152
6942 1173.0031152
6942 0
6942 23.529411764
6942 0
6942 0
6942 0
6942 0
6942 105.31241832
6942 105.31241832
6942 105.31241832
6942 0
6942 0
6942 0
6942 0
6942 0
6942 0
6942 0
6942 48.09247016
6942 0
6942 0
6942 57.53424656
6942 93.33333332
6239 0
6239 877.316134
6239 877.316134
6239 877.316134
6239 877.316134
6239 0
6239 20.552947616
6239 0
6239 0
6239 0
6239 0
6239 1173.0031152
6239 1173.0031152
6239 1173.0031152
6239 1173.0031152
6239 1173.0031152
6239 0
6239 23.529411764
6239 0
6239 0
6239 0
6239 0
6239 105.31241832
6239 105.31241832
6239 105.31241832
6239 0
6239 0
6239 0
6239 0
6239 0
6239 0
6239 0
6239 48.09247016
6239 0
6239 0
6239 57.53424656
6239 93.33333332
6280 0
6280 877.316134
6280 877.316134
6280 877.316134
6280 877.316134
6280 0
6280 20.552947616
6280 0
6280 0
6280 0
6280 0
6280 1173.0031152
6280 1173.0031152
6280 1173.0031152
6280 1173.0031152
6280 1173.0031152
6280 0
6280 23.529411764
6280 0
6280 0
6280 0
6280 0
6280 105.31241832
6280 105.31241832
6280 105.31241832
6280 0
6280 0
6280 0
6280 0
6280 0
6280 0
6280 0
6280 48.09247016
6280 0
6280 0
6280 57.53424656
6280 93.33333332
6320 0
6320 877.316134
6320 877.316134
6320 877.316134
6320 877.316134
6320 0
6320 20.552947616
6320 0
6320 0
6320 0
6320 0
6320 1173.0031152
6320 1173.0031152
6320 1173.0031152
6320 1173.0031152
6320 1173.0031152
6320 0
6320 23.529411764
6320 0
6320 0
6320 0
6320 0
6320 105.31241832
6320 105.31241832
6320 105.31241832
6320 0
6320 0
6320 0
6320 0
6320 0
6320 0
6320 0
6320 48.09247016
6320 0
6320 0
6320 57.53424656
6320 93.33333332
6360 0
6360 877.316134
6360 877.316134
6360 877.316134
6360 877.316134
6360 0
6360 20.552947616
6360 0
6360 0
6360 0
6360 0
6360 1173.0031152
6360 1173.0031152
6360 1173.0031152
6360 1173.0031152
6360 1173.0031152
6360 0
6360 23.529411764
6360 0
6360 0
6360 0
6360 0
6360 105.31241832
6360 105.31241832
6360 105.31241832
6360 0
6360 0
6360 0
6360 0
6360 0
6360 0
6360 0
6360 48.09247016
6360 0
6360 0
6360 57.53424656
6360 93.33333332
6400 0
6400 877.316134
6400 877.316134
6400 877.316134
6400 877.316134
6400 0
6400 20.552947616
6400 0
6400 0
6400 0
6400 0
6400 1173.0031152
6400 1173.0031152
6400 1173.0031152
6400 1173.0031152
6400 1173.0031152
6400 0
6400 23.529411764
6400 0
6400 0
6400 0
6400 0
6400 105.31241832
6400 105.31241832
6400 105.31241832
6400 0
6400 0
6400 0
6400 0
6400 0
6400 0
6400 0
6400 48.09247016
6400 0
6400 0
6400 57.53424656
6400 93.33333332
6440 0
6440 877.316134
6440 877.316134
6440 877.316134
6440 877.316134
6440 0
6440 20.552947616
6440 0
6440 0
6440 0
6440 0
6440 1173.0031152
6440 1173.0031152
6440 1173.0031152
6440 1173.0031152
6440 1173.0031152
6440 0
6440 23.529411764
6440 0
6440 0
6440 0
6440 0
6440 105.31241832
6440 105.31241832
6440 105.31241832
6440 0
6440 0
6440 0
6440 0
6440 0
6440 0
6440 0
6440 48.09247016
6440 0
6440 0
6440 57.53424656
6440 93.33333332
6480 0
6480 877.316134
6480 877.316134
6480 877.316134
6480 877.316134
6480 0
6480 20.552947616
6480 0
6480 0
6480 0
6480 0
6480 1173.0031152
6480 1173.0031152
6480 1173.0031152
6480 1173.0031152
6480 1173.0031152
6480 0
6480 23.529411764
6480 0
6480 0
6480 0
6480 0
6480 105.31241832
6480 105.31241832
6480 105.31241832
6480 0
6480 0
6480 0
6480 0
6480 0
6480 0
6480 0
6480 48.09247016
6480 0
6480 0
6480 57.53424656
6480 93.33333332
6521 0
6521 877.316134
6521 877.316134
6521 877.316134
6521 877.316134
6521 0
6521 20.552947616
6521 0
6521 0
6521 0
6521 0
6521 1173.0031152
6521 1173.0031152
6521 1173.0031152
6521 1173.0031152
6521 1173.0031152
6521 0
6521 23.529411764
6521 0
6521 0
6521 0
6521 0
6521 105.31241832
6521 105.31241832
6521 105.31241832
6521 0
6521 0
6521 0
6521 0
6521 0
6521 0
6521 0
6521 48.09247016
6521 0
6521 0
6521 57.53424656
6521 93.33333332
6599 0
6599 877.316134
6599 877.316134
6599 877.316134
6599 877.316134
6599 0
6599 20.552947616
6599 0
6599 0
6599 0
6599 0
6599 1173.0031152
6599 1173.0031152
6599 1173.0031152
6599 1173.0031152
6599 1173.0031152
6599 0
6599 23.529411764
6599 0
6599 0
6599 0
6599 0
6599 105.31241832
6599 105.31241832
6599 105.31241832
6599 0
6599 0
6599 0
6599 0
6599 0
6599 0
6599 0
6599 48.09247016
6599 0
6599 0
6599 57.53424656
6599 93.33333332
6677 0
6677 877.316134
6677 877.316134
6677 877.316134
6677 877.316134
6677 0
6677 20.552947616
6677 0
6677 0
6677 0
6677 0
6677 1173.0031152
6677 1173.0031152
6677 1173.0031152
6677 1173.0031152
6677 1173.0031152
6677 0
6677 23.529411764
6677 0
6677 0
6677 0
6677 0
6677 105.31241832
6677 105.31241832
6677 105.31241832
6677 0
6677 0
6677 0
6677 0
6677 0
6677 0
6677 0
6677 48.09247016
6677 0
6677 0
6677 57.53424656
6677 93.33333332
6866 0
6866 877.316134
6866 877.316134
6866 877.316134
6866 877.316134
6866 0
6866 20.552947616
6866 0
6866 0
6866 0
6866 0
6866 1173.0031152
6866 1173.0031152
6866 1173.0031152
6866 1173.0031152
6866 1173.0031152
6866 0
6866 23.529411764
6866 0
6866 0
6866 0
6866 0
6866 105.31241832
6866 105.31241832
6866 105.31241832
6866 0
6866 0
6866 0
6866 0
6866 0
6866 0
6866 0
6866 48.09247016
6866 0
6866 0
6866 57.53424656
6866 93.33333332
6904 0
6904 877.316134
6904 877.316134
6904 877.316134
6904 877.316134
6904 0
6904 20.552947616
6904 0
6904 0
6904 0
6904 0
6904 1173.0031152
6904 1173.0031152
6904 1173.0031152
6904 1173.0031152
6904 1173.0031152
6904 0
6904 23.529411764
6904 0
6904 0
6904 0
6904 0
6904 105.31241832
6904 105.31241832
6904 105.31241832
6904 0
6904 0
6904 0
6904 0
6904 0
6904 0
6904 0
6904 48.09247016
6904 0
6904 0
6904 57.53424656
6904 93.33333332
6943 0
6943 877.316134
6943 877.316134
6943 877.316134
6943 877.316134
6943 0
6943 20.552947616
6943 0
6943 0
6943 0
6943 0
6943 1173.0031152
6943 1173.0031152
6943 1173.0031152
6943 1173.0031152
6943 1173.0031152
6943 0
6943 23.529411764
6943 0
6943 0
6943 0
6943 0
6943 105.31241832
6943 105.31241832
6943 105.31241832
6943 0
6943 0
6943 0
6943 0
6943 0
6943 0
6943 0
6943 48.09247016
6943 0
6943 0
6943 57.53424656
6943 93.33333332
6481 0
6481 877.316134
6481 877.316134
6481 877.316134
6481 877.316134
6481 0
6481 20.552947616
6481 0
6481 0
6481 0
6481 0
6481 1173.0031152
6481 1173.0031152
6481 1173.0031152
6481 1173.0031152
6481 1173.0031152
6481 0
6481 23.529411764
6481 0
6481 0
6481 0
6481 0
6481 105.31241832
6481 105.31241832
6481 105.31241832
6481 0
6481 0
6481 0
6481 0
6481 0
6481 0
6481 0
6481 48.09247016
6481 0
6481 0
6481 57.53424656
6481 93.33333332
6638 0
6638 877.316134
6638 877.316134
6638 877.316134
6638 877.316134
6638 0
6638 20.552947616
6638 0
6638 0
6638 0
6638 0
6638 1173.0031152
6638 1173.0031152
6638 1173.0031152
6638 1173.0031152
6638 1173.0031152
6638 0
6638 23.529411764
6638 0
6638 0
6638 0
6638 0
6638 105.31241832
6638 105.31241832
6638 105.31241832
6638 0
6638 0
6638 0
6638 0
6638 0
6638 0
6638 0
6638 48.09247016
6638 0
6638 0
6638 57.53424656
6638 93.33333332
6678 0
6678 877.316134
6678 877.316134
6678 877.316134
6678 877.316134
6678 0
6678 20.552947616
6678 0
6678 0
6678 0
6678 0
6678 1173.0031152
6678 1173.0031152
6678 1173.0031152
6678 1173.0031152
6678 1173.0031152
6678 0
6678 23.529411764
6678 0
6678 0
6678 0
6678 0
6678 105.31241832
6678 105.31241832
6678 105.31241832
6678 0
6678 0
6678 0
6678 0
6678 0
6678 0
6678 0
6678 48.09247016
6678 0
6678 0
6678 57.53424656
6678 93.33333332
6905 0
6905 877.316134
6905 877.316134
6905 877.316134
6905 877.316134
6905 0
6905 20.552947616
6905 0
6905 0
6905 0
6905 0
6905 1173.0031152
6905 1173.0031152
6905 1173.0031152
6905 1173.0031152
6905 1173.0031152
6905 0
6905 23.529411764
6905 0
6905 0
6905 0
6905 0
6905 105.31241832
6905 105.31241832
6905 105.31241832
6905 0
6905 0
6905 0
6905 0
6905 0
6905 0
6905 0
6905 48.09247016
6905 0
6905 0
6905 57.53424656
6905 93.33333332
6944 0
6944 877.316134
6944 877.316134
6944 877.316134
6944 877.316134
6944 0
6944 20.552947616
6944 0
6944 0
6944 0
6944 0
6944 1173.0031152
6944 1173.0031152
6944 1173.0031152
6944 1173.0031152
6944 1173.0031152
6944 0
6944 23.529411764
6944 0
6944 0
6944 0
6944 0
6944 105.31241832
6944 105.31241832
6944 105.31241832
6944 0
6944 0
6944 0
6944 0
6944 0
6944 0
6944 0
6944 48.09247016
6944 0
6944 0
6944 57.53424656
6944 93.33333332
6945 0
6945 877.316134
6945 877.316134
6945 877.316134
6945 877.316134
6945 0
6945 20.552947616
6945 0
6945 0
6945 0
6945 0
6945 1173.0031152
6945 1173.0031152
6945 1173.0031152
6945 1173.0031152
6945 1173.0031152
6945 0
6945 23.529411764
6945 0
6945 0
6945 0
6945 0
6945 105.31241832
6945 105.31241832
6945 105.31241832
6945 0
6945 0
6945 0
6945 0
6945 0
6945 0
6945 0
6945 48.09247016
6945 0
6945 0
6945 57.53424656
6945 93.33333332
