1 0 0 0 0 0 0 0 0 0 0
1 0 0 0 0 0 0 0 0 0 0
0.9974882 0.0025118 0 0 0 0 0 0 0 0 0
0.8005986 0.1994014 0 0 0 0 0 0 0 0 0
0.1086655 0.8913345 0 0 0 0 0 0 0 0 0
0 0.9996206 0.0003794 0 0 0 0 0 0 0 0
0 0.9625112 0.0374888 0 0 0 0 0 0 0 0
0 0.5867256 0.4132744 0 0 0 0 0 0 0 0
0 0.0703176 0.9293584 0.000324 0 0 0 0 0 0 0
0 0.0008331 0.9657679 0.033399 0 0 0 0 0 0 0
0 0 0.6330848 0.3669152 0 0 0 0 0 0 0
0 0 0.1095863 0.8869327 0.0034811 0 0 0 0 0 0
0 0 0.0015605 0.8882022 0.1101748 0.0000624 0 0 0 0 0.0000001
0 0 0 0.0283917 0.1557587 0.1631667 0.1631707 0.1631707 0.1631707 0.1631707 0.0000001
